5858
62
25
2387
1490
396
46
1
4
7
2618
8
1
360
60
5
1552
314
280
3
8
4
9
8
68
10439
2083
4511
5
207
2561
26
141
8159
533
5
251
24
7
66
1980
6430
1159
5
224
3859
47
49
20
11
4
7352
7
2
2285
1849
135
363
185
9
3
2
2012
1470
14492
2851
17815
38
456
872
9386
4609
85
3589
4913
7474
781
15666
1795
303
10
7
49
12305
7
4160
259
3247
1083
664
108
7
101
3134
15
26
701
318
433
12
3632
2020
12
31
5782
15
1691
8
3446
1436
1
31
2658
1005
561
2371
5
279
41
5741
1934
15233
1
870
3
3
20209
50
390
1495
4
62
717
113
48
50
6526
257
7
39
8860
1
107
9108
18
14
351
157
46
179
12
24
16
11276
1223
37
33
10
1
290
181
11980
210
1
1787
159
3969
17999
378
8
68
26
324
13
34
5154
167
12
4736
10
277
13495
974
43
3
7
109
581
2143
1840
10252
99
7
173
4050
808
581
19
1160
6
3099
3
3598
66
265
14
86
195
192
29
4
5
3824
263
15
210
90
6
2
7
765
10
5
526
35
20
3
1476
2795
34
1344
13878
266
20
206
7772
523
4
4
439
649
3188
219
49
1973
38
1867
5
5135
2281
2494
9960
10
100
2
2
17358
57
39
49
79
3
30
8224
183
2113
186
624
23
554
6832
4
1311
2
4
353
18
12
6
48
347
541
1415
149
8
2
7
99
3993
69
1135
199
8626
578
4205
579
5173
251
18321
7
74
2
849
13
18
13
1013
16331
9969
6695
643
2
54
2
59
477
4
11
148
2
56
3910
40
6
1000
9
8
847
13680
13
21936
2292
25
395
935
109
98
1161
13
14
81
1276
4035
5379
96
7148
487
42
42
762
6
49
8
13584
2083
8
407
121
731
47
74
87
3
718
2162
19
16
2854
835
34
18186
1386
2
492
9665
22
87
14
5
3238
4
2
30
18
13736
7
1
1117
3171
618
13500
123
25
7846
2962
16
985
10
27
3
6
5
5291
188
3510
4
71
1931
316
108
2064
4100
8701
6572
136
5476
17
5377
620
479
2
5878
11
5
20
3866
2122
2
9578
3077
77
82
1
318
7708
7683
47
2227
8846
4
3845
1099
76
1
6567
4090
5844
361
533
11050
16064
2
2
9
16
66
968
7636
8
84
2207
9673
103
494
594
7
31
1
4549
9437
289
3004
3033
6502
57
4
164
793
10483
12
38
8901
45
8
2
2
86
11392
2
17
19
2
1816
2
9
6
4
7
9
8
1890
58
4843
35
208
228
9
7064
11
5521
492
6247
1
15
4
83
1
172
15763
1258
260
9371
94
5128
21
12597
21542
47
3
4701
3746
66
4
14057
3440
237
376
2482
4374
13
86
11
6409
2260
8
328
346
1356
8864
365
11105
7151
382
1579
3944
3
7
140
5
40
48
4
2466
1153
70
17625
639
11970
82
2624
37
42
3436
1
7911
1354
3
1
940
258
711
2804
1050
87
240
16
4
2
86
10
15
116
10014
124
33
29
2
146
3
5399
2
28
2
1
417
1311
4598
8762
163
14654
36
5
8755
46
73
241
51
1
41
9
116
1
2693
65
3
9781
82
400
3274
40
2177
1
1
1
1864
3956
1086
2
559
97
22
191
139
15672
603
2353
19903
424
11262
13
391
3
14
733
33
869
25
8271
3271
4
976
13
10587
1
234
51
11
951
5507
3370
4
367
4
3
2
4
7508
3
21702
10565
12613
29
21
15
25
16
6276
269
1111
2
17
183
10303
10214
37
405
19401
1
345
1
2134
80
519
8813
8254
59
6
1
1
1995
201
102
88
5296
2
156
83
2
336
283
1043
47
1487
3394
4021
2772
15
126
4139
58
85
20
36
275
2
1251
8
5846
1
7355
2
1289
426
9977
75
19
10
1127
14
4
214
1
5
4665
2636
69
3619
3891
169
89
8
851
7
895
6971
903
613
38
1768
7008
19
3
5
5
5
8
268
2644
181
4
3011
16117
94
8
9082
5640
1908
29
7119
2
2
77
49
2791
3
189
1734
1
1007
19353
308
3
2
3
10879
3858
12
61
18959
67
23
12520
213
289
1724
6
209
11304
21
463
4
147
123
5
9011
15815
36
32
571
4
3972
9252
2
83
24
5
19546
1798
2009
3628
51
6364
392
19651
260
11692
2
20418
15
27
160
3
5
11
7122
1982
1563
5803
110
18764
10
15
3416
103
15776
12
3662
250
3326
4754
2063
39
14
134
24
26
4
23
5
1
46
4
49
154
3
732
2
11
9919
37
11
7
2
35
15
260
278
5555
6
1
1343
1891
134
26
73
1
14
3
3328
7
8
1
217
2
8637
31
3
6322
2
13930
3
448
2688
1174
180
32
3
13663
674
280
2289
489
3144
300
1052
8831
9180
60
334
4
16
2432
2
4201
33
208
1
46
1919
10613
1
721
30
1
6
14391
339
153
1366
8062
43
148
4
2
2
2
13
141
34
3
9302
13
256
127
36
1511
12993
9
445
1397
3753
8908
2710
101
340
45
20
2050
1747
652
2
1062
1102
389
58
13959
681
906
53
1923
5
3080
45
3
121
4088
8468
237
5082
9689
64
135
6211
300
10
1079
89
50
156
83
58
610
3
13
2956
252
214
91
4
7107
35
1315
1853
77
25
150
7779
14
1429
170
77
64
5
560
688
8
2395
70
7
6745
101
98
25
30
567
1
6
2246
648
28
38
10776
40
5
597
9120
180
1930
3
228
1961
2232
502
118
4253
278
1431
2
3
2
802
16473
1147
16514
1488
25
1612
51
31
13
2
2
3
1
17
2283
741
151
3198
326
5904
1301
8
3835
4634
2
511
2
68
2072
1
81
499
54
32
5805
920
993
740
57
189
6
9
19202
1100
413
33
2638
52
6375
10
48
1395
5042
82
1576
505
3
1795
11
96
13907
17888
76
3
5
2
1923
27
22
35
5
2944
1476
12366
6588
1213
14
531
8
8069
7
444
2
29
9195
9
1354
22
2529
14
1937
4
3902
161
5
2357
94
4
14
15
998
273
31
10
391
83
27
2
3
13
115
19297
372
32
1
12473
68
8
2
19
1225
67
3
479
6271
7658
6356
2
9
17188
29
18
8766
11663
4
3
5
2
48
6
2
2
3
13
259
3600
78
6
399
619
11
99
2328
20
6
1697
1092
8
14
12443
49
489
20
28
263
11
19
96
14702
4560
94
10
13445
1
12939
124
7
21846
143
4
11
88
466
76
32
2
1233
6
12129
6
10
30
611
86
1
20647
50
35
1071
12807
27
18
45
275
566
10
189
452
6
15
233
13111
9531
530
1723
20895
608
70
67
13
2866
5453
1141
348
1914
6957
50
137
31
82
1070
12
64
4
26
107
32
9
1
9
1
5375
15046
3736
133
4399
51
8
1057
10341
7
848
1203
9414
21990
11945
11891
2
98
9
999
5827
1868
105
1
2226
2
5137
524
245
21
12
1831
1510
7775
17992
696
79
2
14
104
9
13
1
12
6
22
163
23
21
12918
27
2
9037
37
6055
1401
4668
32
2
13
257
7367
6333
13
12923
718
1704
12
61
4092
175
449
3459
3
1
13079
1051
641
12
1936
10076
9214
1130
10657
15717
30
873
9507
49
621
12044
7
986
10
669
213
16
9
155
184
4583
1
5047
794
641
2
1
7
2
601
2296
188
550
242
7921
3
38
486
26
648
23
8
14022
2267
4
773
623
4301
8
34
17
263
21819
1703
14138
34
6
9
2141
39
1872
15
564
20326
143
17
1142
5
21
11867
9802
1109
16
8309
7000
335
691
17
37
113
81
144
174
3
1066
114
18
33
202
679
9260
206
1659
3
13489
2265
151
2112
94
147
14781
5
76
2021
1
2
2
844
5739
1
71
7373
81
15
116
4432
12
27
3
45
1
6670
162
646
8934
362
1661
2
11355
3
21
14
88
221
16507
303
4
214
8
1
8548
7
2175
46
12
478
125
77
43
6518
4
1391
208
2
18351
56
1614
21666
720
63
1307
3123
6902
13406
7
449
3
1560
46
15659
53
9997
273
3
42
839
3
23
7
5
3
541
17
65
238
303
1938
12
72
165
5948
4723
371
14733
446
118
256
15
3
9
1372
157
31
1128
269
26
9
23
222
5
5
184
1686
1511
948
16
54
1
1622
209
423
787
6
488
19
203
11
1
18
1
6
6065
23
462
972
640
29
8461
71
3126
10218
676
21
2185
6
4791
15270
26
18
203
5
1389
169
12
17
11
1987
4569
2
69
2521
1238
504
6075
406
4095
636
4423
333
2412
27
2
19
115
40
5
2
6720
13
601
9
300
2
15239
4
85
38
4
61
939
217
1599
3679
2
5657
97
1
890
114
67
167
3107
57
104
12
52
110
12159
161
83
6
682
491
2
61
1994
30
4
14498
2796
4
3266
2
17
33
1
152
705
41
1493
11496
1613
23
189
2905
111
65
4944
663
1023
2089
15346
3604
6
6739
16291
2
6222
1517
2
15
7931
8499
69
4168
155
14
23
227
2
342
9425
1456
2467
2478
10
262
1
1852
67
4
387
8
1906
306
1147
2
10265
580
78
1722
86
5767
107
7
1999
3907
135
2
167
11
3779
45
7
1825
101
11
4429
9610
6242
778
12376
2691
1
23
201
3
51
8
122
2014
110
44
105
5832
3
5030
20818
7
34
2488
3464
4966
1072
17567
2977
1965
2389
4336
967
15
1422
2
418
6914
916
64
24
277
8996
463
33
7
8
34
1037
615
1
715
9818
194
2557
719
68
14818
30
74
8036
5
2376
851
10
21837
1574
1110
79
316
7589
1471
207
168
47
20351
119
1384
4
2545
12
12509
13302
168
706
2
384
60
1627
34
9433
37
8
44
11
4
21453
478
1064
1731
7346
20
140
191
3
8
8
21
2216
2555
11
7
399
1155
4
2500
153
180
14
19
384
9
241
56
30
11
29
4
19
702
1
1776
3
1
371
17
39
11644
19
8
47
16
62
6770
147
3
17771
271
3254
1799
8806
3330
1976
15
50
3234
1
9
8129
4873
6
144
2
9
14232
6
19100
98
1
2410
18171
1023
40
146
1
8
16651
1
28
79
514
3
4
73
19
4
588
6812
6
666
2
160
338
52
9
29
1
16
1255
11808
546
40
86
983
3
1
86
2
8
2151
7570
35
9
4280
122
6193
1368
569
3560
10946
3
464
4
2120
1078
4773
3
2104
18231
632
2
1589
342
17216
3623
1
4498
15
911
173
9887
94
1374
2211
3
6
18974
6494
133
42
1
92
114
454
13412
256
20
7
2
278
37
16426
2
468
4573
1
4
2031
64
1078
3218
8119
18329
8336
528
226
3
17
478
5166
176
13
279
101
668
670
564
12039
26
3
40
13
29
39
2
7607
14
7
32
16
9
3048
11862
83
104
31
18496
15
15919
33
123
57
942
21
10
32
50
390
100
2
13269
9
6
1679
5059
8340
5
1
3
7137
3474
20
7
462
5471
86
2022
8612
877
110
7208
3850
679
18306
4114
14
1
8409
261
361
99
23
18
5722
14
852
2392
730
5244
12094
558
6294
9004
16
45
82
1
3259
9
153
2476
8665
9862
5
10113
23
2767
1846
13
295
6
699
301
555
17166
21
178
1
6599
763
2158
8
721
8
10
77
4
11
1
9
1475
2
15
13657
2790
78
60
4
525
19
669
220
1007
1211
4
2152
2
2
709
343
1032
1
1771
6
6
6
746
9
2411
3211
5
64
16
56
4
15
6299
1677
447
6010
1
3601
272
1
3
1520
12
5
122
2
380
57
7753
367
9985
19369
388
34
425
206
1375
13
8
12489
18465
136
3
232
1434
1155
2
4566
32
21
4
162
106
6
1917
4948
17
16
9283
15
4236
1191
273
86
540
2
1911
1988
102
2806
2
1
4
3
2
257
269
12
1018
4
1028
3242
2
11
245
2
10
1
424
250
2
3936
8534
2909
1199
49
6209
6459
10205
46
187
3074
8923
93
30
248
176
1
2
81
27
17
7567
24
1
169
604
53
131
4320
31
11
504
7895
1274
5
852
19155
1043
15
821
25
15
3
7
20
1
1793
4194
12675
36
4
9
6
2
2
15077
15588
687
3
2
15550
1
4
2085
78
16358
13861
45
1040
393
1217
2
99
18
6640
304
535
229
13895
216
57
15
5
10670
711
9
234
15874
72
67
15378
1610
886
195
1245
2
474
21436
4799
59
10
114
2044
10
1021
214
283
388
227
473
3832
4248
1866
3
179
15
6
12566
486
2003
782
78
21
33
278
173
4964
26
83
1763
1245
147
8
44
195
476
744
43
14414
242
71
10928
572
2
17874
191
24
2
7
16244
349
955
7
39
2
5
512
758
108
39
16
15608
10
5720
245
1
710
6
2518
1
159
1034
12
58
2979
951
2
12009
14179
926
23
57
5222
7
18
37
103
1
31
3
91
1682
4
9
41
70
5
675
61
16071
29
2
5
108
14
4
748
1
3381
2779
84
2
36
691
27
588
21146
5
5868
3
10569
19
1424
2
195
67
1004
65
32
16157
206
6489
44
5
5
7
3
870
216
98
2717
12
1
519
9
2
242
275
4445
1
1114
281
20076
119
20
2262
13
6
2049
137
4
9165
7321
15
15
4
18626
3137
44
21
47
25
356
623
1136
3456
48
93
6
406
4
23
10609
3
940
1143
13
10732
8569
697
6201
2293
807
1352
428
38
1374
2026
1542
15208
4
1
1
54
15021
686
135
2
1744
20511
11041
375
3281
1
25
413
1578
13192
3
23
14528
1515
66
1068
3
6020
12164
1997
4
1074
211
19147
3
4
8651
54
490
28
348
3
8089
45
28
644
1981
7
21
6
2
675
2
2240
56
158
3
1505
6701
7403
679
53
40
427
1
2
4
568
1
493
368
1
2569
2046
3
61
4
10
3
18
2
512
17
31
2
7
2
9
18
5017
128
1802
5
75
762
348
1954
22
1388
19
12
2968
1754
1877
2
2368
9
5366
10328
60
63
15750
552
163
13
1338
2025
156
4
3
3
41
43
52
8326
19
10
5699
8261
3
1
778
157
924
20
1207
630
7
2
5973
95
94
48
858
1829
196
2136
1855
746
196
322
14984
20051
343
203
1
68
9
1
2013
5
2061
15
239
252
103
25
9
96
866
4
863
13
674
15
37
3784
36
18
3084
1
4
78
1
176
2
19
6
150
29
6
28
2
2
20938
1
207
2
13867
47
13390
1
3000
14678
7
542
3
1389
2853
17
18
810
7498
1
4
90
2
135
5
1057
301
4409
43
6465
205
134
8708
1608
825
1
3
6
6022
3
8879
12618
9
930
67
847
67
4
103
272
21
3
14934
70
11901
3176
528
1060
204
3776
49
8577
1319
571
5
17089
919
10026
175
13
16589
1411
2
12649
569
10
3
1701
4
17
2
9
2
6
15214
6
163
67
487
1
1464
6178
2
1
6296
38
752
10
4
9830
591
10
2335
2318
4
35
3315
52
820
95
2408
16795
7116
240
33
27
398
7879
3
874
538
155
916
2
4
3877
286
2
1711
403
50
9633
14867
9
4
1524
645
1103
819
7677
302
349
1
302
31
17
209
9
188
314
12
205
1303
3096
8871
85
1176
107
6
10
125
1813
1232
2
128
5
34
6
15
94
5998
400
4129
1
5
19789
63
3
14
272
857
5
13
2362
49
1
6
243
28
6
14
14
546
318
10
27
4070
28
3
1920
2187
257
2
62
7814
1768
110
9
1
56
373
202
5
484
5
45
8139
175
55
3209
6
199
5
2517
168
115
83
10
5573
1897
7
4
2
1
355
8
2363
91
5
4
166
5
12655
327
1
754
141
10
4
239
4158
1705
4819
4259
2
19
6
1
6
2237
169
9
10888
18382
57
12
618
112
68
1
262
436
3
16630
443
13
52
16528
1
101
725
3019
766
6
192
4
331
140
231
126
13539
1
4
41
449
13
2115
4
703
2455
1
103
788
40
22
87
1671
1760
2448
2
1
196
193
8
58
3592
2407
4993
117
7747
17582
41
10
22
2867
18420
22
169
16
14337
470
2
67
151
157
1853
4
76
193
1
6
3
654
411
6762
26
2
321
634
653
2
2652
1
1
44
162
158
1
1528
16
9883
177
21
40
147
1189
10
1984
164
56
39
5
16603
4
6
452
14708
9
52
13
19
2
2536
7
2
43
16191
102
44
125
14576
488
2684
38
6
2
26
18641
34
4
1
13517
2
235
6776
5645
1649
9067
16500
1
48
10
20903
2580
72
1
1
22
5324
2
18
1
6
2258
810
120
24
2
5371
44
65
9785
16644
9199
1670
4684
60
1091
1
788
2606
2708
1237
75
704
20852
237
1
207
375
4
257
4809
13106
9773
42
1440
6219
38
593
24
5364
9
35
5272
13149
11
68
13
69
24
1
1
8882
4338
189
311
8322
11
19756
812
3625
56
155
2245
99
55
4077
695
2456
7333
14
159
8780
8
12285
395
326
1
3
15058
27
1
111
84
10745
184
4
340
1804
1
7
92
73
843
6
4
974
4805
341
3
15
1954
320
152
2675
3
151
103
5473
9677
19037
369
7
915
1616
891
714
18096
210
245
4
1
3061
19385
63
5661
8
1233
132
771
2729
12
4
729
10
71
146
5
13
242
41
253
3
15
2
11374
1
14
8
10683
4
5231
10652
4
10243
52
23
17
1508
224
338
20469
1291
2
118
494
1
292
359
9
13122
1525
866
237
2066
10679
71
220
295
27
1
7297
1413
99
29
153
156
339
3341
2273
2864
7
207
4789
3582
854
1
12639
404
540
73
42
2607
2
874
11
2
2
37
7517
16271
103
17
5
12432
111
1
4473
11454
7489
5294
7
17
16768
10260
104
3
1929
1
111
1860
1347
1
1
6398
3
520
11
9
1908
7
30
1225
5
609
12
114
32
27
346
1076
6994
72
2149
16
11
502
534
3
2
4
81
357
4
7
234
1
18
7
181
6153
8
3951
15416
6003
255
3222
94
271
9661
7554
51
11
2
2
21497
1282
16
13941
6826
12681
3912
6
8
732
47
36
297
8
10
1477
7219
20
4
883
85
5729
53
3
7970
5
1
1
7712
591
2454
1163
6698
154
61
90
628
4
3
3699
10591
3
5
19838
40
7
2167
4
16927
1900
612
1053
22
2233
3
4
1646
6499
4
2
7
1259
271
17749
12
60
11220
76
3
322
15151
37
18966
452
4
13450
6748
17
4371
105
921
2154
2017
36
34
15114
465
6
781
597
994
1682
39
6
2613
274
127
5820
5777
60
2745
5254
142
97
30
3
25
6
1
142
2
1065
5078
3
7288
18
6
6505
749
1
9797
10193
13
95
12
161
3375
15841
2
37
3
46
960
118
367
16372
475
914
326
1285
2
105
428
283
46
2701
119
70
31
6
48
11
6163
3300
218
24
370
16211
110
118
22
6515
2
3703
132
2
4833
75
69
1
1094
234
2
22
10
7934
144
9210
8
193
6646
231
1
1378
1
777
20
599
1884
171
47
117
59
2
60
2
178
3610
12686
819
2
323
15083
77
1
245
1
32
18
51
3658
44
61
3716
15
165
22
727
19618
5546
1901
4
2
18
542
9
1
18
247
237
1
7
184
2405
1193
928
75
313
594
7
7382
4931
10118
1
25
2957
3
8
1
9468
283
77
2
8112
671
18726
8447
46
1924
370
155
2785
3129
11439
1433
250
739
632
2
2
17
15
2
3
31
8510
265
34
25
10
482
3649
5
11803
907
2338
1317
2
363
112
14965
705
912
12770
18
1879
233
32
22
939
889
492
10951
2337
2
20134
3
4
138
64
16637
2054
21
10630
13
979
8
17480
70
7
2056
2
23
1119
20
668
2
18557
14879
12833
70
219
13651
26
9846
11
1221
148
2969
332
2921
17
15
3120
10622
3323
1642
4
3
7128
10
22
576
3848
46
229
9641
3
3
12109
4590
249
36
1205
481
4619
12
2
92
25
65
324
34
55
35
308
434
11397
36
5
14
3181
446
20
3641
12
86
4078
8
57
408
1
8520
3
622
3410
13
305
3896
53
20
33
6
1634
85
2
6
3
12174
85
43
2
18
47
27
19179
19594
3230
79
24
3
2
10
199
200
19
210
72
88
68
2
1
3483
153
171
975
42
11
3
2950
5313
7
13
4
1400
3
12
2
4
3
56
532
101
6
4571
105
1774
16
10448
1
44
426
446
2
5302
187
42
1334
5
4394
21792
66
1577
48
2
22
8
4
1077
6
7
2
1363
196
1
5
15
3
16144
32
145
4
885
178
9
3
65
1
40
2
3
4526
8
574
135
118
414
1859
2346
3444
15
150
10
2
4213
572
96
3058
14836
6556
2
9973
2600
17053
9
9
2
5
7
142
1
1335
33
112
20
1218
55
1600
14
2067
1700
13138
3
2080
2
1094
22
1017
21103
43
75
35
5
83
899
54
11
1262
32
1996
14
8680
3413
1167
1307
52
42
5
6
1460
4
3
3688
79
761
7
2287
2
2142
2326
41
2198
6035
29
20
8
61
13827
99
116
29
127
12759
6
2
8443
5
564
48
1541
3
13
4978
5426
1951
47
6980
26
2121
22
373
3
2
5779
5528
45
142
2130
437
5512
126
28
12229
8193
2
318
3
8
7
9
103
333
1010
3
4651
374
296
25
4
3713
32
226
14
3363
479
101
442
2836
11458
1
1772
5
95
1048
1236
233
19
55
8395
284
1657
4
1272
3655
7
2
204
170
938
198
2
107
7
1
44
3
111
1
1533
54
1443
15
2401
993
17011
369
3
17004
7492
4
388
2
199
267
2872
3471
3197
10294
3150
2276
103
70
6
8
5909
774
669
54
2
35
32
1752
1
4
23
17
494
15
1508
16
9169
3
192
44
36
16
18
4220
3
12
5382
19707
15095
5
1968
2309
119
5080
1
56
9705
1
60
62
11225
5934
154
1
976
3742
395
150
247
3886
481
118
176
241
1138
6709
8288
3
875
8
165
2339
1
85
700
12437
9
434
3396
2
19
1604
343
3029
70
2
609
464
4
4
242
23
436
6027
972
1
9566
170
68
157
3025
9075
11510
1549
111
5
9
12468
5099
2750
76
4
7
97
2
12
40
550
13
6
2095
2
40
2
6115
8006
2272
503
486
50
1
9
8963
598
2903
7856
19
95
5283
747
1
26
14971
18
2165
65
2
70
7184
4726
27
8305
4
1370
1
1
10539
880
733
308
16
18
9
26
16858
14739
81
336
22
154
3634
161
10
3
3
18
3
24
3673
17
946
2
1388
7
101
3743
6654
1572
5
7011
18
21391
3
827
4630
5926
837
11813
312
16258
1
14
1479
1606
36
9
515
17
3223
1762
1
3
8
2
1305
1
3206
3
1861
40
12214
1634
299
13
2
21
21
906
120
108
94
479
18412
5
212
4
3
11930
691
68
69
23
6
162
5169
49
89
3
158
1
174
697
5413
17452
1
5
230
476
99
393
1099
15769
6
3151
10180
1
3
477
2329
31
1725
5309
5514
57
16
105
4465
59
4163
7214
112
3466
2711
3
1177
320
14
29
4
16
11
10
2
381
423
1
1137
2850
3304
7626
1
2092
7
602
4
18672
2
349
16204
116
4
16
17323
3117
59
35
3893
212
10
784
3987
11
2
313
2
79
23
281
4
72
2
8
4657
4443
2435
19805
11280
5557
7
3583
9
8464
293
2681
3098
2775
2
49
27
22
47
48
4
14
3
5126
2
26
10324
10
112
12
16
40
24
4273
8937
56
2783
1
3124
114
503
3
7601
124
307
90
2
9
3548
856
1
20
21
2935
173
2
15834
27
6632
20494
10987
10
2584
358
45
278
74
14
1743
45
3
3319
54
14115
112
4412
14
14132
54
3
2947
3
153
1
2220
121
1569
364
129
1224
55
58
4
108
3005
188
24
5152
111
881
3
51
16
57
12290
11
16
225
65
3928
1859
294
625
146
605
4124
664
1
43
561
5887
7
3
8227
99
4859
26
18
2
2
5
3
19578
11
219
2955
1790
5
2184
2656
28
31
9
1
17
2
11731
3
2
23
94
5192
4
1
15
113
1
5065
3
2874
7724
8
30
1798
53
1488
7181
2
3790
336
4
6
31
1
36
9733
47
30
116
12891
157
5005
356
64
464
1283
93
5919
1578
13844
42
288
18656
1
832
343
154
2117
1561
545
10307
77
1934
407
18473
1
44
3374
521
104
1264
17502
9
807
172
1169
374
9
1426
1
858
4
262
6165
11096
15
979
12351
274
21801
9244
55
62
3
292
336
150
55
1
2
7
81
21622
5633
3528
2
113
28
12765
12209
7551
14
7
8357
2
7
5
6
29
22
39
57
4467
9449
666
57
2030
27
3
125
121
471
2468
1140
5455
1
427
2
136
1589
3875
8207
3
5160
1227
1
2235
119
7
104
1164
3
19
4678
142
55
1889
284
1565
24
3728
109
4976
15906
5
1085
14191
13534
220
2
13623
1536
1421
7303
234
3785
865
24
3199
6
22
1284
4177
2
727
3364
6
74
14
5617
2
3
3659
17
3
256
10901
919
590
231
673
910
2527
17
112
103
44
1
15724
39
2541
11
250
408
221
15
2949
4
4
6
2
2
26
831
92
2
1866
5610
6712
3
12356
121
4243
2
49
50
685
14
4
328
20359
49
806
1718
1339
9
11711
59
81
5931
4474
4367
2
8122
22
1
34
1383
1950
61
5
18291
3
22
11
6
1194
51
4
289
3
3424
5
2777
17
2
130
2939
19634
105
23
353
3
497
3
4508
4
5966
2
19
1545
208
1971
509
1
4175
5
64
25
1651
55
3
6
9550
82
11369
1337
2406
99
11
1138
47
2222
20
23
12
568
87
11960
5
167
10561
243
420
607
4312
95
54
100
1506
11506
1
33
16480
712
331
7
5
24
4082
1347
39
6
15
129
63
1729
116
11299
10418
50
5
65
1553
2
2
2320
660
22
1
120
281
14320
10
170
289
36
133
50
6335
1011
5
27
16562
5
10749
2
75
86
164
83
93
14922
11087
3
13884
2
42
10
19
616
109
9
2
5181
652
3
1025
64
5727
2
121
2420
6
10
64
145
27
3576
211
12592
13
2578
1
59
243
4
137
2
14552
10
15913
8959
49
2
1
16
2394
15252
6
6668
21
10
27
29
589
2830
172
8
1146
723
9
4065
8
11755
53
15164
119
1
1312
13
3
3030
7520
17301
1
121
25
6
4
3
699
3
6524
2
49
1
55
14763
61
81
664
45
6
20758
84
14684
4
1165
36
2
2475
58
69
1
6
8
346
21
1358
202
109
14444
1624
16494
160
3366
1179
4
197
14409
3
6396
20317
19952
2171
4023
3088
29
63
1
15015
1105
1
85
63
5
4
16005
50
179
52
2
8978
17495
1150
638
16
17705
1034
547
3
21586
11
7924
71
290
3292
14
2124
4313
34
2487
3
3749
2
4
17589
2
51
6
11
7
167
704
18904
9153
71
16616
204
575
3362
5701
868
5209
96
1
537
3014
42
2
1001
3403
497
244
3696
10
2640
936
4
249
211
7
5525
184
26
132
12
97
16284
6
7950
3
3382
13833
148
176
45
168
11649
21
238
21
1069
58
262
5
16
56
130
1438
2649
14284
56
23
8274
8
218
1
21
1893
10
294
1
48
980
2
42
174
4709
182
1
1
3
96
19060
43
152
2
371
1181
7859
132
20343
300
5
12
4744
368
5
10
12
255
74
1330
12059
62
875
926
2
1216
2
3714
25
1885
26
34
34
10
21286
215
962
5706
21
2998
8329
2803
7
70
1618
36
1
17103
451
11926
324
4
863
7993
302
259
901
6140
9625
20
197
2033
66
15679
18757
2
2
1720
5
9480
18920
269
78
49
343
11
4055
438
2332
282
3346
165
2
5
73
2
276
2543
25
129
11
1081
30
687
4
253
124
8
155
147
325
2904
7
8166
1547
998
8506
800
91
14978
11654
1918
345
90
115
1
354
8
162
13009
10718
2
7882
32
15756
4
123
46
3
8
5
2
151
689
8791
486
22
1
7437
106
1
150
1181
20334
987
19005
17933
4
1407
14
127
5694
14
10
1
3
157
88
6341
6965
12
122
19
41
18
437
1
790
1814
390
13
1070
41
1100
4642
5
35
3496
9
7
6
3
64
275
1
89
130
256
66
255
11
4447
282
5
246
25
152
2
16941
13
14
9248
9
2926
3189
798
12966
17
529
837
1
5851
8
510
882
158
1042
75
9
18534
4839
1
2
56
34
2074
23
5
579
7986
196
4721
1380
6
35
19
10543
5
27
54
2
90
11
4730
10
1
493
128
51
8333
68
220
1581
14916
11985
3
16920
5
21339
13
6
578
8049
253
87
10
11
31
474
4045
29
394
9693
1046
1730
110
7169
93
3545
1458
1818
2464
2331
144
11
11
137
38
86
1739
5340
1048
754
62
86
7
21756
47
923
20
34
47
7
4
23
3
5494
126
9725
3348
140
19
202
7
6
1822
2
435
13203
20
276
414
4
9
2489
10
4
511
21
11174
836
314
2100
9
13
206
21882
32
889
4
3
116
102
1
6
6
8769
10
29
4048
1
1003
37
1
1273
194
7901
19961
1114
17596
14510
9
4000
15505
4
3
13
2733
1106
398
202
25
1080
2
352
84
233
4
135
17401
16
423
29
2
7040
288
2239
132
19
25
50
1
12
1
15743
73
4
174
10
4153
7
943
12
2
110
11615
698
255
17
1056
7400
1499
4
47
191
3
14
12
2
1854
5
7
355
2
9
438
14403
261
388
1519
8405
371
123
3
344
16025
2143
2
41
1858
7611
50
166
85
239
695
310
386
2999
946
1
482
877
15802
6
1
467
8
1
207
3
4306
162
1570
1207
181
1444
8591
418
948
97
21
3156
43
188
64
277
178
1122
838
2786
1
2
180
8
45
14
10055
2
3760
59
62
6942
15
5
2
227
7
30
2
45
14296
11169
2
11553
95
11
420
16
3
668
299
2
627
7
3
74
547
69
16
1
1158
2
12
2
2
68
1955
586
41
2
51
8029
8730
22
5386
2650
2749
17
2
3450
10
416
1425
27
2
9
2797
17387
3013
38
8
15
5242
1
593
3294
3
2
2741
1
11
177
106
3
103
9
154
10
8
2051
120
2
9097
9
1990
2
2
7785
1
3
7
828
1808
72
12269
5
7306
1
4
248
9359
48
182
190
246
337
24
559
32
9
6
1
4847
5
3415
69
2726
1195
15685
2462
2311
25
3
8
3805
30
20
174
31
13
6
17
1331
1376
8
1220
1
2
18066
6818
11082
28
3
44
1083
3035
173
13793
6846
268
12
1161
8993
5431
1421
5329
7505
12259
15893
5
1
12
43
3040
120
4
454
65
1008
19481
78
366
1942
1333
38
16392
86
3
455
42
119
203
1165
10794
51
33
18718
95
33
1
166
13
16
2336
3253
39
491
10
2
527
10674
15
3128
2
33
17676
32
117
483
107
4954
1
18
2832
215
1856
57
11
933
3
15
13285
4
613
3827
61
1590
2
218
5001
40
2
55
1
341
1
219
647
13
214
1
6880
7
2978
3
455
7
528
588
564
6
1943
1058
2
2060
18283
1
2
18
5
92
51
2
12484
231
2
433
21524
247
12154
7645
509
73
28
630
7502
1
40
65
183
1530
13
691
3
2533
414
1588
2
2
2
1675
53
13821
5
80
2655
32
13764
8
1
273
16610
1
897
3385
370
1
78
580
129
2
17
3
4
14097
14
3
1080
1201
52
3691
3676
10883
2
4
73
430
153
3143
1039
3
3
1
328
5929
132
675
23
2
1027
9903
4097
4740
14
4
14243
27
3
3
2
3
258
856
28
44
1
11188
16969
30
9602
5
489
14332
10
5250
11155
29
4504
384
161
12
854
4
54
22
327
19675
154
19
6095
5647
1459
31
6
5368
477
7
3345
631
196
1009
853
2221
693
455
2550
20
3640
54
120
5
2
3
36
2
1
359
3
599
28
35
783
5
19
10
3146
117
1662
2
138
2
11716
3
1881
48
443
6
9709
186
6
4
5
12780
2963
80
1
435
254
1089
1
3756
128
4
81
49
944
15640
5
2
6012
2
4238
16
340
174
17259
96
15
568
4170
206
620
3112
54
303
9
13154
16
95
91
9101
355
60
830
5101
3794
11
908
54
16
4
16
2736
83
295
7954
20217
44
553
16900
39
3
1025
8828
3
1728
502
32
27
7029
3467
424
113
3502
2811
7585
31
42
10905
1540
2105
93
38
544
12
2564
13
3
77
17
1
13770
5
1053
648
14787
1
11673
41
1
3
1275
748
47
6
12902
163
563
13
216
6
28
2992
6
111
5124
294
1
18
1
1586
11
3399
10714
5388
1267
365
12582
29
3353
4929
220
37
1065
381
9264
1
32
3075
144
12
2506
61
262
79
1745
7514
29
117
22
5233
46
284
14086
25
8003
190
5
186
708
4
34
1580
6602
3489
3588
1449
6897
5592
10
58
17
5198
2
1932
5467
3
952
71
875
3
1933
43
5
10
11760
25
7598
5088
1529
16
21
3
6
2
62
8690
825
83
1204
1735
19
1
7869
5772
66
19977
5
6
10825
241
2
18912
45
5226
5
4
14
16091
6
25
495
1399
9
454
227
91
14
256
500
7
1056
1
1
87
10
894
112
112
45
877
21
18664
31
1446
72
20
13
101
28
2
4487
92
54
2
230
212
7
12427
1085
19879
1
8687
31
4098
7
5941
16
603
19
492
8
22
2
141
4905
5737
119
216
3614
9
2879
13
271
24
455
2
4
6888
287
1110
79
7
12407
99
23
17488
353
3255
850
507
23
10320
1224
3
2102
25
2465
127
2639
1263
10197
72
25
2
6767
6607
1960
1156
264
2
26
383
2
6
2
2590
1
2
7315
20
2223
244
2367
1
2571
16
3777
732
195
2
41
20
16
2
41
87
131
23
1344
754
1
13640
5744
505
78
1159
5643
41
3839
38
338
185
1437
5794
17
13
14
259
8890
93
7276
1780
41
13618
1
308
1944
9598
7960
188
2
2
4
13
78
5
11
245
2
29
237
19
4
11
90
327
3
257
3
8
2705
38
21480
2
10
812
21198
469
3093
9456
30
1
12
1254
189
7093
72
7
220
12660
3869
260
4075
89
414
17
5587
14016
173
37
15
5485
2361
1
541
286
102
3964
62
60
160
27
6
2916
517
55
16837
1353
2418
7595
126
55
9681
6742
9769
65
2279
32
139
144
1941
21
2
45
4
15
10870
649
92
3
5044
2
236
3798
1862
4
1
11472
7052
1
8257
3920
1107
7199
10
1523
3
11940
3725
1178
10
2373
195
7
33
7980
32
63
2
12054
2
4715
2400
7
6040
64
9290
3
1
10051
1778
269
4
1
8
707
5
11009
1371
9891
2209
2
4746
5
287
84
51
25
10006
395
7
81
1378
1
271
5
17
1
12
4911
4
693
2
1587
8
8559
88
3
1
29
153
537
2
1714
58
40
17
570
6
6
5673
80
2
2106
32
8777
2
7705
4
1
13478
2
345
20084
2
3
88
23
132
526
151
2248
323
295
16962
35
8186
2
287
1
30
1261
403
442
24
1329
5
9112
90
906
95
1420
2
2583
20
36
13095
37
496
22
1151
53
3
4
2351
1
5
66
6
341
26
34
1
20060
14480
211
3873
20
12897
1008
578
29
1103
9241
610
212
4041
107
4
6155
2402
806
34
481
7
654
70
110
1
61
65
9
56
2562
11668
3
34
472
15
3
8802
32
9056
14721
1
3267
10
342
2559
103
25
2
2277
5
807
63
108
3
20
984
1
2
7536
1651
515
3
818
13
55
3
22
6
115
737
5451
14
37
3
904
10088
5594
8
92
12
18
23
8773
298
36
5784
4
205
111
22
6414
1241
1108
2099
5
99
38
89
20385
7
2116
27
9476
1206
252
59
4
18
203
5149
5
4521
10405
3
64
1469
543
10022
14504
18
26
1383
482
9
8
6
4
4
124
21
9176
149
150
1719
315
46
147
1
2
843
1010
4
1
165
1414
7211
1
139
1977
3313
17
205
3367
175
6349
49
7425
1796
21
263
8109
21
33
43
4
8658
107
907
17075
82
640
107
52
1765
65
641
20638
13
93
2
354
1
97
272
187
2
11
4
638
3853
1759
3279
2
69
1
17911
11
331
31
2845
90
94
3
2822
321
3
32
27
15
15563
402
3
2
3125
72
13595
252
106
10552
1550
14
72
92
18081
2
1
11
10
959
2250
923
9445
872
11702
333
3
215
10504
26
7853
17
2
16
73
38
1
15
79
4875
3939
5
3
1310
129
25
171
4901
3
2
126
3071
194
125
243
335
17
2
2815
7
6
4
720
325
2
5
24
75
6
131
51
174
1
29
42
2484
9052
617
2748
276
79
17131
26
5603
67
7769
451
37
156
4768
10491
6367
325
35
11064
253
442
377
7279
620
78
216
3532
2
30
16830
95
15959
76
18
20460
1
690
114
24
80
57
4
45
5
2
2166
17
1666
2
12796
3810
1
152
19797
28
6
1707
2
67
7
20
4222
26
2
1
11625
2018
2
5601
101
66
40
1
12623
136
5666
202
14861
7
258
2844
36
6
741
171
4419
18
681
7648
143
2068
12
7069
15992
10
2366
1
4
354
1
1640
8
18246
17970
10648
142
16446
1049
377
211
80
392
64
9
4
2
802
13084
2150
544
5
406
14
592
4356
9
11
2
41
889
18850
3
166
9535
13759
5
16
5
2
12
1281
26
136
1139
2732
2075
8
346
3
3
235
26
332
74
1604
2235
134
6
3
5725
2
350
4
421
7927
278
17159
4
158
12
4
642
5
2
9
462
6
56
3948
3
1
31
10617
685
5914
1070
3357
22
6
62
372
2
18
1031
2
386
3
266
562
849
4
20528
16487
4
21
149
1552
727
135
28
9749
18
27
3
15614
47
54
1
112
3094
14
1
12
1308
7
7
12
9713
94
60
1005
17473
767
144
4
7
338
200
55
3
2312
8402
18
1
357
5596
3337
1292
13
138
1075
2827
5105
12
98
53
1
15
2212
2886
4
1313
2
9
1638
91
60
4
7419
140
16
57
268
140
17209
59
1
16809
98
183
8492
4
10829
9
102
4
5983
12
3
4956
3073
103
735
15
21260
2
14
2
498
3580
762
10
461
62
11
10
6
2
5
2022
10269
9233
2144
8705
2
99
4
3318
36
1
2
22
3
164
76
170
8971
1690
3557
11
6
4
989
58
12828
10461
4
14450
156
18
537
92
797
15
19
190
1
14028
18022
12961
3529
9127
274
29
2
19
4647
10
919
12224
1632
112
194
20
3967
80
1893
759
73
21810
16893
19092
82
383
10
2678
29
24
364
2
118
12386
5239
8
1227
3816
64
294
3286
20101
8450
17640
470
34
3638
645
116
12733
80
318
8143
5
17
623
2
1457
33
47
4061
523
32
13
3
32
29
8619
254
15
314
1
1306
59
88
2
3
3
713
345
64
15403
2492
18
6045
766
1274
19115
4
3430
213
42
66
93
22
5261
2
33
3
17173
281
3
1
1531
167
311
2
89
21471
1115
249
162
8213
7309
70
27
1
137
536
6
3
4602
132
648
1740
1
5
1609
284
5
5496
57
497
22
1
3
6380
2
56
1566
961
2
2
14474
2
3
21
8868
1964
90
531
3
117
43
12817
12320
378
47
465
7
32
2
33
84
187
3
13
2
8173
2
871
609
817
18
1299
4
1
20
335
7655
4227
7
13
78
4115
173
3
2
11364
68
131
15
1
1
789
2
51
2
13629
24
2
45
230
8
228
1895
745
7
6908
38
3
29
14
1647
309
36
462
4605
2
20
452
12844
1035
4855
6
19
36
160
2
768
152
1055
19
2
3352
356
12402
18314
15492
4
12
19683
148
5
3
20010
2634
15782
2
674
13924
1803
30
1
9
145
242
12
893
5
4
4825
14
50
1242
42
3432
1
5
242
23
13384
945
7
2
32
14255
4903
1
278
5
17082
41
16460
10047
7
1154
5
2967
6948
4
104
2379
9
6937
777
760
124
1
2
1
3164
13
4
1
24
444
4471
252
2
142
8
958
19
36
1
1509
432
1514
9
3788
3
176
234
3
1839
179
2513
405
2
2898
1465
635
9000
8
450
307
396
10
60
2
3
5
2199
2
4
100
1214
111
681
120
2471
1202
24
1390
2
27
131
13
8
49
413
273
4
4456
678
4421
130
223
379
4
13804
3405
141
4369
2
2
8545
25
85
7
2943
7996
271
6806
59
18
1
12535
458
4777
9
3536
5480
3
3417
2861
1063
3
419
2303
6
10
13
130
407
188
19108
3497
134
742
21
11877
9
4495
10138
2
220
1
7
619
236
2
7446
29
70
3
7131
3169
24
2460
2
191
1357
1717
189
17
11406
1781
55
5287
1
14
2735
850
112
3
79
534
46
14
564
174
11630
19
7
79
90
6
339
5569
13702
40
117
4360
1535
24
5
26
19586
367
167
8698
11
21242
1300
131
9737
32
9
23
596
1
9944
386
3
2
336
4335
1265
181
4577
23
151
954
235
14
9394
46
4497
383
105
59
10847
362
2
1495
77
80
15
9
3441
187
7843
8
9
74
1
533
1
307
5
149
14
6102
12019
8669
9701
7034
3523
864
765
235
35
366
2534
746
930
3064
2
105
18
11823
5
1
138
9777
39
11950
427
13
2
69
19
4
4
4742
128
231
1321
1
177
937
2
573
576
2
15
107
9146
3439
84
1278
9685
7833
3542
8
21
3427
734
4697
4829
3
93
1
1064
178
60
2
25
1
929
2
16
2
6849
6781
7495
57
7888
2
1474
53
3322
12
4018
1089
1
9810
2
2480
468
391
9
61
1467
126
195
561
1940
2
6391
15
91
9546
13567
13144
5
4
753
9
4
19
2982
35
71
68
12
672
997
83
26
96
16298
8
18
555
111
36
856
2
42
12
8
19
2497
56
33
13
34
8694
6404
6
1
751
3
413
33
18
32
33
21684
277
911
39
251
186
703
80
10937
6985
17459
2
10
6
74
135
41
21374
15473
1
20
1
2
81
221
9348
6
8316
11
84
21
2
7
4653
18
21891
4
12114
164
67
12838
3
2065
3
70
28
2
562
1
2153
9325
255
13
2
3
9123
3577
2
109
3
18811
385
2087
1235
368
50
201
16692
2176
89
9336
290
46
25
1055
55
1261
1
5
8
2306
19732
36
64
15880
68
13
143
1989
8
5
5
6662
173
2157
7
51
11
3
6
223
206
2
3909
4199
49
58
1077
1
66
249
15283
2645
2
2
4946
39
98
1
10701
24
3053
723
3
1
1
261
1
2
1
33
5220
214
5
4122
4141
190
11290
195
1
1
74
43
871
13
2
2
175
2
2
10155
2291
2
11
30
4
112
225
20
934
512
34
3
673
47
1
1325
12024
580
1481
1175
2
1649
4
5194
6626
13725
14564
51
8
4760
603
4
8
32
9
1
6110
13423
14745
16
42
31
4960
757
10379
12561
2709
602
487
51
14769
2
3837
2440
260
20
1
7409
748
4246
2563
10189
10
2707
27
5576
1558
392
464
210
2
418
143
8
157
3
124
15277
5
453
13
18
1
22
230
695
431
8066
449
6
19813
1
5791
6610
105
8319
4585
3297
3
2
114
419
79
20435
5975
30
279
94
615
91
4
60
13
6229
2
878
1
683
3
141
2109
1322
947
1
42
1
20706
15
4326
1073
2127
3338
26
5
5671
250
32
12139
21
46
495
1513
519
2659
1
5692
3922
3
4315
37
10030
3
505
8009
211
19
14
119
11
320
14426
48
81
1
108
14
796
1318
5
379
55
4528
22
367
4211
11
999
831
530
11577
8
1805
588
10727
1166
3
133
2737
352
80
21277
66
702
31
137
83
7
14806
11491
5
47
3172
10068
598
114
46
6092
5026
551
1
2
1
2
5
5
182
78
23
6829
8
1557
2739
2966
17046
225
28
19
4972
12
8
19
13
10
1
1
233
14
4982
5
12119
24
1
6
26
146
3477
229
530
3
19
44
5532
19226
3
2744
12
366
59
5
151
9
1
7
5057
792
8156
5335
21
9206
18
3453
4
3
2
1266
22
18
14
114
1281
5
2342
1
3854
13214
11872
17152
3
4
433
11
52
3
19
4
886
694
4
72
7
27
104
7294
534
2
1
1000
16264
21365
1
6
549
22
8367
343
4
361
1145
19781
11563
4017
369
20
9
1887
362
2
568
30
160
197
141
33
37
3484
539
208
1
9
7
1878
5177
12
10820
5503
217
57
18633
1756
4028
32
17
1148
27
339
423
10
52
7
1
2
16
879
95
4
10914
2
4
339
17852
2
6
5
5758
268
3782
20
121
41
20596
6
3
8
2377
46
1172
2
1
11
5402
1
6443
5
1
3
8
11586
1074
138
40
3
18029
8
3045
2161
113
2053
4
2582
54
4271
36
122
3
20192
5179
3
2
73
93
603
2765
317
286
25
108
11
10600
14666
1396
15089
8
2
307
755
14
2841
24
55
12577
1939
2
195
132
585
2007
89
692
53
501
928
5995
169
87
8
3
60
15460
3
2620
4
22
62
16
5
2766
862
528
6425
10059
17
4
73
11271
98
1398
243
14696
215
522
8
1766
5813
296
3021
2
1028
1741
39
10
1249
2
690
68
6
8033
137
47
39
15887
1131
14
247
3
411
6025
457
595
3
12
499
1
2
52
4803
13674
7
882
38
3943
1
10
2
6
106
4
9
1437
6007
2027
1
17
219
168
34
855
3
85
24
4558
730
3239
684
17
6
398
15511
133
3
8412
4
19131
389
2575
2
19
17
5
1863
645
2
20477
40
7
89
21560
11
10
25
2
4
43
18
780
11
522
3202
161
526
2
156
49
9
923
14751
1450
1
104
10
177
61
183
628
14800
32
1428
1
30
4750
2
8672
396
574
14
4
4
2
21
163
701
2300
70
7
4
5530
2309
3480
49
12
9923
981
980
1463
1567
6
715
1188
49
67
31
6
2808
5
12
1095
39
11
5
107
32
121
21693
78
145
115
77
25
4756
688
7
1727
45
587
2761
6
701
7
75
650
2
14594
6
417
1222
4775
12
3771
778
1
1104
3184
15854
5
13
2
286
11606
3468
1360
33
494
9344
2548
3
8
1123
9511
49
1342
3132
14
726
2151
22
3
90
939
117
129
60
2539
43
4333
18
82
31
8926
10
60
6135
522
13236
1
7
2
3275
3
126
9
17727
112
237
2666
19377
44
4260
387
4
606
6467
6877
53
646
394
536
166
243
535
7
1542
2610
457
68
2
6
12315
176
8482
903
12
227
291
1531
11
524
19821
62
53
4815
8
1926
3941
19186
3089
10843
2
2493
393
63
36
28
4
14
21
2
354
85
64
3674
3227
8251
8
7343
21
4532
1067
2611
1023
21613
11
1870
2
594
25
665
2
13
2065
18710
8485
1
12
12
857
6
1788
896
2
32
107
1
161
34
4
2
1819
207
1624
5305
10
16
8
3
2
730
8985
410
3270
52
16
11794
134
1
8
3
302
10
5362
950
230
1
14
2
422
2
6
320
2
163
16
1694
11477
4
2
16740
2769
82
192
1556
179
606
26
22
666
7
3373
145
3
804
4013
546
5415
10159
1899
5
2
4
3
4
3
1
10
142
58
21
17337
20
109
7811
18
5337
11
3
1579
92
1582
3
210
42
39
1896
126
20126
2
4203
6302
634
49
692
14
109
41
10
2
93
90
19
13
102
1970
775
328
818
9
638
497
8
113
6
27
263
2
5613
1331
577
1966
1
9383
33
19163
478
161
16
257
4813
155
1330
7
10
12
66
6204
17683
8644
693
1534
4
570
2
24
53
94
298
1
19
6
2
206
1129
18
11
287
25
89
258
7
499
131
140
155
2
5
18193
263
73
18103
3525
411
33
2254
63
18541
1
2
11
34
6077
5357
30
6863
509
1149
44
200
2
708
3135
2
7639
2
3
2
1265
16031
360
125
58
12494
315
653
7
413
40
1053
770
1
1079
13668
4909
9340
23
6130
14582
1
902
52
7908
1151
79
80
1607
100
58
37
255
450
799
8
6
544
22
321
28
4
133
4933
7686
327
3914
97
2184
2670
206
14
316
859
7471
159
2
2
6
3
21918
581
267
2
19
779
13646
1385
291
140
401
146
61
28
31
87
12249
666
1300
2194
3
17
6
1
991
11114
1633
7
493
1
15946
2
1231
2
105
9
1
1293
390
12275
120
63
2929
647
1617
3
961
2
553
19928
75
261
3
744
6651
452
13970
3409
44
1178
19
11463
1
201
6377
8
100
10
23
1
1
14
21
247
9
6764
2
74
9574
2
5963
17
2180
63
5390
144
89
50
698
16078
20
4899
204
65
97
3043
79
8
165
1
4
442
934
560
677
1
21
290
2415
131
4
2
11857
4
2715
2538
3
25
129
13578
23
11548
24
7702
6
41
4921
39
2
5
43
750
361
137
2317
2369
575
15
6097
2
37
154
92
2
2390
214
2
2
718
2
11285
18
156
19
11
117
2070
5216
3690
11965
11023
150
5748
101
88
1474
2
98
20587
4877
21
9761
19
4887
2274
6798
157
274
212
8
498
330
8
5946
12
1427
1285
1357
4
20
977
177
95
280
13
44
389
15
50
2911
3139
2
9
594
1019
49
2192
189
261
11682
2421
21
188
89
7
24
590
554
5
1326
2
9
4
8904
10345
3001
2
9669
2
3
122
74
21577
1313
8
349
26
556
12886
5
3
2
11
3997
6273
40
5
57
12
10
8
118
15646
34
100
8
20018
3
4
8
134
348
258
1506
956
1
7804
19076
5
31
24
8
44
3
175
14
151
3
318
24
14273
487
445
17647
15353
28
11402
10856
11341
39
1348
4387
21
530
63
22
539
131
2
622
176
1121
6
5462
1013
2
2145
43
2892
147
24
3
23
215
84
4853
2
28
3
17881
2723
179
4484
65
15
8
326
6
3068
10
7
54
1002
3949
685
368
2257
10892
18133
11
11
548
2001
288
4267
7
11
100
89
1269
2
10932
535
139
2
54
4
12014
2
5958
56
463
1
11197
10861
12
3
24
4072
1837
139
50
3
860
2
3
1706
11
859
17603
19944
3935
4
92
3
1
18
567
300
14
2
18
412
5
29
6537
38
3823
246
8374
20251
32
1097
2995
4
2895
1619
1
200
1581
5732
10
5122
1212
1266
2
5801
416
2
1919
17423
726
21094
3883
3258
16
4
512
1132
296
65
172
563
6883
2156
6613
33
379
558
2
21
46
1575
3
5626
2
2374
5
88
176
94
51
3516
19337
8
1644
639
2920
15170
293
148
139
17545
1708
2
23
4
271
846
4655
1035
972
52
66
5
1648
1145
7187
337
29
4349
6
27
17661
2
632
743
1242
3269
1
77
3538
6
63
953
5
40
1876
21
24
4
2787
18951
128
4063
1496
8
2399
35
314
8457
6032
261
9
5103
6834
133
17
5
1
14546
12381
8
162
1174
86
67
466
9
15653
3697
4
380
12
1040
165
1640
357
14
3327
66
6
126
2906
1
459
6559
22
769
2
7
10
587
5190
16
20
18
2
161
404
191
1021
151
124
232
2
1
24
34
2214
461
111
413
285
230
70
16
408
33
226
15
78
5815
7623
1791
2524
4
2
79
1
9093
3821
87
21
40
29
1695
885
1121
9045
20
117
91
1063
76
406
412
206
102
2
19497
562
3
173
194
4
9899
3962
656
5428
8
255
23
183
6
2
20043
9
9
16045
983
312
4358
38
793
1
18
39
43
8555
21
3097
2
9150
36
3842
1003
1098
71
771
502
5
2322
1
248
2
33
8102
2653
10
11137
49
21
124
3
12
515
102
9
1
1277
4
2236
18374
4752
1989
16338
682
1
11
19
14438
2
441
591
4148
4524
50
9649
2753
3
7394
3
857
3
724
2
12254
20
23
869
35
776
1
85
1
7258
14947
473
238
3796
17273
13
795
6
1339
2
49
576
41
19457
990
159
9
4
6673
1198
1173
10273
2115
27
20
9
58
192
659
21
269
965
15
7
201
8371
2802
9850
7110
2871
132
8
2984
4
671
16217
2
4
17
4688
37
3552
7592
147
2
679
19
477
17
6
16352
114
2
579
329
17
277
3217
23
8
5
5
15737
8676
72
3933
20766
239
17
19740
10
1
95
23
6
133
4
5
7
618
4575
47
14121
2789
201
20
674
4523
3463
7264
47
26
74
14757
10772
5270
514
52
2
358
1143
40
21533
41
7058
8
1014
54
14855
23
123
829
12
2
2
9
3
1074
703
6
2040
639
14034
234
25
6734
297
4
4347
772
3
547
61
7
259
26
4185
113
19691
484
868
73
18208
3
2
744
38
4
373
5796
8
359
1032
8
1198
372
3
1
4319
2651
28
2859
11
4161
58
199
609
2680
444
6
7049
3
178
192
1837
57
1610
3
96
6183
10
1
35
87
3
5373
165
31
6
3
16278
2
265
21
1
3
1151
130
20
743
3731
7629
191
168
6
11852
876
11
5834
2504
70
2017
31
27
5285
19
122
1979
161
9
3
21427
164
217
1
1729
35
43
5753
245
2
1991
94
447
80
2531
26
1416
6
37
228
6
22
9491
16
1244
2242
5
3454
267
6
21
194
69
52
470
20579
5798
459
189
3567
9915
4
10626
8200
4950
18389
165
2
5
4613
1349
7564
6703
2037
2224
21864
13
7
4046
21489
12540
9
2
11
26
5841
11
501
1439
6372
3549
7
13
818
29
2
2595
3
429
16051
20972
13
24
11921
25
8
8
10
137
31
4
2055
27
50
17351
14636
18
13165
3831
3
39
2910
54
1346
28
8
16
10
3984
26
10
3957
3
187
229
409
2
30
144
10530
98
4883
1292
797
14
3046
2
288
12
428
17380
1092
253
2
56
20
3148
53
117
16955
7
105
75
27
2
1073
1591
10039
15
5276
3
4
5069
18
1
10
97
51
4363
17
3787
1144
17
1
10578
5
22
3
15
55
8982
2
37
78
4534
10
13127
10
235
56
2
3
265
1612
9008
21462
158
18488
92
1739
1249
182
8281
236
2
3
12525
2972
129
11
20809
200
153
2
11789
331
4
5
29
88
30
2
2612
9
91
30
4012
87
446
551
1417
12629
2818
35
824
311
4
93
7146
13
4
166
2965
47
3
108
1222
6
107
7689
22
2036
327
607
5990
4127
122
171
9515
60
10
16
26
10
3339
17
9172
1258
2
50
4303
341
3
7
207
48
83
13691
14355
103
1
146
6422
1
70
8
4
949
92
35
10
12
41
3734
7
83
146
465
655
4
17553
25
8136
1
5
229
3
1185
5404
29
7
1537
8733
33
362
9
74
9879
18
1
557
1915
491
8
396
19068
1248
1909
26
3
238
35
17
2839
43
221
882
6125
4
3006
9
2
16816
65
2
6
9594
11721
173
151
3
74
85
16
12
19234
68
947
50
1
13
8
8
974
5214
4923
1041
120
23
48
35
1290
1235
4
5
104
11837
328
3
2
830
3
2724
835
918
5953
4
36
4110
34
90
532
4
3
918
2825
13
2
7
809
17416
37
1
192
9523
2
10
17
1
2310
1
8
2
20486
3
7
2
9
2429
158
2553
3
119
8737
1024
55
2
3
6917
19045
2516
1959
567
1702
100
17
273
7743
1618
7
2291
466
14
14
6120
9
513
366
531
10767
310
50
3
150
650
1
9
4
1678
3207
10
3
582
44
17720
6951
299
364
94
785
6030
982
38
46
51
461
154
339
45
13
406
334
127
4690
3
10
1
1846
265
1
7
66
170
36
64
1069
92
6291
294
246
10470
10222
6268
49
3765
88
8
2
465
2
665
6060
1208
117
438
717
12
26
204
361
23
317
24
11634
1381
6
21515
33
11449
15
14928
35
325
239
5
169
4
764
4362
2
5
1
688
5553
2727
43
2
21909
105
2348
2
20
3079
30
1886
3
548
1
5
59
14516
1256
1764
4
7734
11
1857
128
6
1
56
11745
4693
3
331
26
3917
2672
3
6420
189
130
520
3
10388
8234
15397
3975
1156
2994
5
81
73
29
6
15537
456
10
2
2446
13484
199
21
3
618
3
8
157
7
224
663
13
319
89
65
9822
2038
20
6542
3
9895
6383
182
627
1158
11
2515
129
2915
1
10371
268
223
4
2
6
2028
17
194
17408
1137
13373
161
385
592
531
20536
6801
18
20393
9
32
496
13252
16
151
75
1445
3
3
304
14
122
1532
8817
5
128
3402
5885
1710
6133
4
10
635
1
602
1600
11995
4970
135
1
5446
2
42
11
19521
649
3804
19505
7
16171
21
11
1
311
261
32
2469
4
6
132
97
3
673
30
1020
1
10
185
4043
1843
5810
27
1087
53
1671
2
1
16124
12
3
115
113
5892
1773
2
1762
4
25
2682
1626
90
25
4407
1892
3668
21216
15926
9
181
20
1171
3
505
50
3
71
4390
16
20
356
5578
1
47
4
24
1528
1562
54
210
22
4427
8
422
3015
2
13506
19
4
9390
3
7339
427
5
1521
621
187
3
34
8
39
20
13612
67
3
397
9
15
110
16
2029
1402
608
4
1492
673
5022
10513
12
18
658
8126
159
2
4985
5
38
18803
5487
6
5
41
358
4857
12
8
21765
108
604
129
5331
787
2616
2084
40
1256
7312
6
205
6
443
10
1168
13334
41
46
4144
137
24
6281
205
11
6
196
8
31
202
35
181
7391
75
697
9
15327
55
2
2261
933
3
4430
1260
28
12179
1483
1
1845
12
27
25
15
1844
20
4255
2215
6931
61
8343
5
37
418
284
137
2
200
15
6868
1
3
16851
5007
123
8
12
3
225
26
6325
20723
342
2
1
432
48
25
98
2
48
143
614
12
735
1082
3889
120
3
21190
7533
475
1246
838
13428
11
642
13964
16
8244
13
21
7
1139
1
2
4
2794
2
4245
13
9184
1366
4
1631
43
1454
2
8353
254
158
57
1
12
2270
2
3
577
204
65
19887
253
4342
19
3
4299
3024
55
13
8092
7
216
631
613
17244
130
1293
2253
932
707
53
3243
243
1
9834
3759
39
14
15
1
5
2960
627
932
437
2
6385
17
8433
516
5
11027
14941
3643
937
5
18442
9
8454
14144
7397
3
8
4
301
8
21
88
86
89
14261
1521
47
80
2
38
5
1196
23
1200
286
2393
7840
15
1410
1201
11
13
28
22
2754
2
14
164
217
241
216
3605
69
4
8
101
13815
7557
4530
109
261
1
11215
134
61
1223
3
11383
178
9
7
20
10332
9562
5822
3
82
6346
1539
249
14
20
1111
11818
4
7791
113
39
39
45
165
27
9313
378
6
18007
31
12696
10
66
55
9
1
2
4
13528
1272
13708
5020
4
968
21
811
16733
11
339
2865
21
5205
178
525
10105
27
10210
1
460
14155
7178
26
11
13523
4
12034
28
35
1742
20519
20
1
28
2
4
121
226
16
266
151
8
65
738
846
1105
184
2
103
9063
1034
53
211
18780
2619
633
1
40
3473
83
2
7
34
11257
4
241
1
81
4262
6
7
3533
8824
12
40
7582
54
5774
364
12955
19
1962
750
4
357
185
305
5
23
4285
848
409
15448
41
5
2667
4
223
14
8
19
58
76
15033
15
1177
30
329
34
1
1
55
15
12
51
75
28
6
16
1038
363
2
8
5
112
96
4611
3
42
629
1797
4
256
9
590
67
1
5
395
1123
3
2
222
527
1652
77
12089
121
3
2
2
6621
405
1195
6
204
2
6
3
11
433
52
28
5550
328
862
1832
31
471
105
6
267
19329
19441
2
1408
2414
20151
4628
54
3
266
32
11
9
1
13
149
7125
280
5902
4500
42
9866
1430
1
364
4080
125
16
11183
2
18141
75
18276
12
981
1
386
851
9135
9
4958
28
3
1597
5
1757
1623
2443
416
27
3745
3
58
103
4191
510
22
101
270
10
11350
2
1152
1
8
23
14
286
14
374
11
16575
720
165
957
10
15258
1450
3
659
775
1497
3110
4085
4845
208
4811
13
148
11
1
2
3
4485
3
16
34
56
2
1179
270
141
222
5
490
28
772
1
2762
1033
2
14996
5
2
48
4
1459
7
10043
168
7477
5
51
11
2
23
66
8683
1213
12412
1
140
1
20
32
335
19021
13
12
10018
172
16
21720
68
18549
8
125
2
169
20672
30
3
2
2633
1
1
1
84
4680
2
44
2829
38
637
21
113
13
1927
10982
2
28
50
2581
99
6
110
3923
63
8163
25
1
884
20
7
11601
495
13
3174
9
403
10763
28
19748
1994
6911
13367
1
19554
441
8
50
231
2508
2
1645
124
1
11
297
36
3
668
72
13
221
1
1608
11
4674
54
60
2413
52
10080
25
12
4
61
907
9256
414
314
8019
6
1563
14308
80
456
723
2
44
5482
1161
3
20570
8875
12
17
2438
304
1485
7
76
181
15359
1
277
213
382
5320
3193
6521
4269
2430
5746
182
5
1
950
185
23
83
111
5
689
7
29
52
13030
322
612
469
21999
21
49
11
16
2
28
50
6
1375
16
9452
2
49
5
156
51
3116
6
26
11
23
543
125
4
32
1
122
53
26
11206
10427
36
7246
19764
9645
56
3946
2
6843
1559
50
415
7193
225
299
197
518
5
5
26
6
13291
100
767
314
4180
19610
9019
29
626
1
7830
11
12738
12079
143
203
6
5145
669
36
149
3
5351
21
139
4
10
2
738
400
3
1208
21321
126
7
2546
13
2923
62
163
4
5
432
44
1657
35
6
1894
3
87
1
1
143
5
270
649
763
301
35
1584
2
1512
2
38
118
16
194
101
62
5
438
7324
3401
19562
13
1024
1927
5786
3389
12
498
2
23
40
78
1
431
9757
1
659
70
6
20
21
1230
2
178
3
15595
1744
1
13798
97
3
30
17
4807
53
44
8
59
1216
2
176
5184
4927
2255
127
785
11
2
3
12
1
12
177
10736
1
2
44
15
18795
20775
1044
2138
9
5620
2193
8
10803
18148
76
736
375
109
21
373
48
2
25
796
764
7084
13
1464
14
941
3055
14898
2
645
19
7
1
5
51
5968
29
37
1
506
1
1
10
16
11014
6
5289
599
5
2297
11558
2
791
10740
5229
448
4383
9
5
4
5107
813
12571
3
11
10
710
137
5038
43
14208
4120
245
102
1362
12
700
1974
1
628
4469
15
208
2
127
1972
633
1571
737
2
293
1400
13573
7
4
2597
8
1238
18
132
310
6
9
788
7
6085
49
134
9
73
5
2
158
17618
3
255
13068
359
2
1
45
1047
7905
253
570
937
1
814
10
174
2
1
24
12
20
1778
100
6988
910
312
2542
4705
196
1
9952
7
2
163
2899
916
416
266
54
2511
23
27
1128
28
1332
1
32
32
686
74
6080
5
3395
4
5
10349
22
1288
3
44
1986
2523
19321
8
145
25
747
312
7455
11
60
24
6
476
31
76
20
2417
4
600
2275
436
49
4151
21551
2
3807
10991
3702
28
81
1922
32
206
5
3
123
1251
34
20267
2
224
15867
93
98
54
10452
749
1126
3
1243
3
19210
28
865
2
1848
2
1168
3070
2041
23
37
12463
2
186
721
4568
18
47
2
996
761
561
19
52
14648
18
3
2343
8
2
109
91
38
2324
212
13
752
45
315
27
3235
26
14
8
1
46
1687
418
18044
6928
8
1067
2628
2
791
781
652
104
4
14715
149
3
5419
3
2259
1015
2
1
293
9
2
4
3335
9
11
8
3491
211
45
3
680
3
964
2027
6
4290
233
14109
7134
90
3
3579
6
793
8
50
3
119
799
1
17138
3
164
17
5
2
477
10130
4879
7
52
180
6
10
82
9717
4
12417
2824
20562
1841
91
2
81
1
17
1568
4
1
307
114
2509
3190
385
10973
455
8
23
12608
2
41
424
3
17712
2
8
2840
322
4989
17
163
177
102
1180
6
9806
1673
12184
77
111
1172
7
3656
599
10812
4317
171
57
138
3
1865
2122
13918
16197
197
14
5
5164
3
4
7
48
115
1112
14
56
35
502
285
4
788
146
2383
854
5133
6
1653
404
6
7483
4
982
15
23
39
28
259
1280
305
11
26
147
449
13993
17
20309
60
16
1288
2123
140
18
131
2
7
187
5505
234
865
2
291
7
5636
251
7336
2
783
289
63
290
85
2298
12
1
204
7172
3026
5
238
405
13274
5201
1
11
1194
64
1001
5
4865
4661
62
91
5218
41
89
1
73
713
24
5
604
9191
28
7
69
2793
12786
1
21963
7003
62
9
37
10834
241
79
271
44
1
839
11
4136
508
8566
13
558
7807
32
1
4797
53
14660
7944
12084
1
9993
33
1957
1
7
5
47
1722
2
30
2934
311
3
1873
80
16997
7
114
5
6312
406
614
2
71
67
511
10
1
6
19936
5
62
69
4
289
3
973
133
5
2
17524
21
22
15
3
3
3
1253
11482
41
24
17
2
789
394
2189
18695
7225
94
15315
43
12
2
6
9
8183
3504
514
2404
34
2
424
20545
1295
305
1823
123
767
2
324
9484
170
19
10
5
1
3
6
1170
6
3
2631
6
7388
20
1
7468
2
42
9329
8655
2
7452
339
34
16
12
270
72
15334
500
138
7
92
376
2206
2263
6255
29
3763
18
9
325
12422
4632
8292
3
817
537
63
11318
4
34
91
12929
91
3
3531
133
149
1
304
1441
901
5837
10
131
434
14904
182
1387
43
13
35
1
6
2
219
177
2
5
393
76
6090
3693
125
13182
371
629
5
4
103
1518
756
33
15789
104
14486
61
2
1761
448
5322
8
2008
9745
9488
2738
2890
7
5939
9
18888
1669
16
552
11
194
1519
329
4345
128
6
1
7947
10
3
4351
1243
3460
702
8240
714
17
7
1
8116
230
5
141
6072
4
26
248
96
9041
251
7
130
233
14249
41
3
32
6787
92
9
1
4
4182
2
135
435
6
17
9
16
61
107
1985
1033
16
9026
291
79
8
8
4
7983
33
3
2
218
51
14910
1084
193
113
43
1
427
14
11
41
574
18787
11
287
20869
92
62
9
2
7228
3368
5
18943
8180
24
549
155
9
1734
68
5765
4
5
6401
36
6
22
2
46
1
25
644
92
11911
3
18
167
1851
360
625
1719
13850
4
644
5
11430
925
2305
15302
3554
20
118
4
222
10
186
24
3003
37
5
6
40
70
10
15704
38
26
1736
29
9
4
4793
98
431
590
5
4438
21
1907
1116
152
9
21729
46
470
20
725
20
39
5817
24
12391
14794
9321
1998
10
1287
97
125
1277
2
199
18
4703
200
86
98
2532
4
100
76
13
41
15
1182
3
78
322
1737
2
33
6
997
30
2
1
82
1106
6393
15052
488
111
37
6
14
1963
231
434
2
1322
57
17
195
48
3661
2
6260
1
19417
6
16345
1026
9
12
17
2
18059
69
91
351
43
6451
6
11
374
2758
1314
15120
1
101
6529
36
40
1
140
3
3
101
1263
105
100
24
934
67
56
2
16
37
3737
3513
24
16699
6
817
3815
132
2609
2576
33
28
12
370
28
601
3
2
4398
44
64
3
4
6
2449
812
5
180
969
3
1003
2
12204
3
114
771
7539
73
3979
1949
10
1
5
468
95
351
2
1
3
66
7066
164
35
2
27
1834
68
439
25
794
3
285
1182
101
447
78
2139
10
11
5
6726
825
3237
6
3
5460
4938
31
19
57
21
2
16365
11
2591
306
22
3392
35
543
203
11935
2764
27
7
52
10
2
6
5
1131
15
209
3
3499
37
604
3
4093
20981
2
298
69
1468
11582
18
85
1
1601
7
7
10
662
232
24
2483
1953
287
6
2
900
8
135
3
71
65
2
17
12
2
1747
9
14
3
1
10780
6
266
742
17025
600
3
41
400
4
1
9789
41
3
4615
4425
50
13
8099
7243
10
5
14
67
9
249
3
2
197
15
622
10
30
436
16
801
15
12644
436
4
1
290
74
30
1
706
123
1
2
389
4991
3
2
192
70
12189
5
4056
4
199
83
3
31
696
152
492
88
61
898
101
2
981
43
20912
6143
315
6
14068
96
103
320
6753
48
1
8169
8
5235
8930
367
1
7651
756
518
715
15
8
14
551
2
2
905
20860
410
2
36
208
3626
500
17
2
12945
17
20
3
145
631
4
503
7620
66
21
2
9
4
2
131
1218
6168
459
23
2159
8
18
21945
517
46
171
2
16865
51
243
365
545
555
109
745
4109
37
605
2
12
1
11
215
24
7026
2039
72
2
13456
9286
164
1328
6583
4
6
17962
40
255
4
13241
15965
2
2
136
1673
1252
10084
108
13
2
8
3930
867
118
48
5259
11906
18
3647
2
21981
17117
7
6
3307
4682
9
995
1674
261
6
9
10122
177
42
6435
7
1882
3
1320
1
21855
21506
171
1
15195
48
8
4
2
6307
1241
59
332
38
116
738
8278
24
31
31
21059
1008
21
40
76
9
7113
4458
4460
13198
14612
12310
16548
2
3966
34
1477
714
22
321
234
6
2
148
2848
8531
6475
9765
168
1
48
22
497
205
166
3
582
1752
2677
295
3
58
10
10838
2256
386
2730
4
10941
566
10
3
88
13
7
214
4
3
690
1491
2668
128
299
101
20368
25
583
103
126
904
354
529
988
26
46
13
1133
798
106
1684
4
35
1054
38
114
426
424
3044
51
18564
191
5
7376
8615
20
2
5
47
7
220
4
16569
3085
2
11
897
1054
11
42
5300
1547
1362
6
3342
72
228
496
27
4
390
5
3165
289
2703
1
4478
3
11037
114
1699
773
10358
72
17
7270
115
20234
130
2883
5
18990
10547
32
5921
139
97
168
5
43
55
361
1247
3106
5
7
8153
677
1
11
14290
187
1733
3
7
28
193
5
503
12
28
23
104
5629
11990
83
1380
15
9229
10
1337
11
34
9
1015
76
6564
45
90
293
214
7782
158
1424
1067
11
226
118
319
8
1173
2
1824
8
8784
1655
2358
74
177
16
541
44
19
584
157
12029
565
84
7542
11
19473
1
408
34
8584
608
17
1259
11
7443
596
565
8
69
9
7673
687
168
47
519
8
116
1715
3650
65
285
11572
22027
86
232
53
22
1
12
443
31
2
5092
19029
1
868
2
2
238
7
14
471
90
13545
546
805
2
2503
3
1789
41
3147
6561
171
24
5652
2485
27
7285
2
3050
74
1193
1462
769
7
513
52
10109
84
1
14397
1
1
3
6171
15531
19
6
270
4
56
26
1
7
16137
837
467
3278
4
463
14
19250
4
55
17
365
341
10
10143
9
4331
9
978
5
1
353
91
39
779
6062
10
223
18
5606
517
1593
2451
2
543
3861
7
2780
17294
20276
84
2884
8503
11750
334
123
10
707
6
1215
1420
10
385
55
132
7
175
4007
9363
3
8079
366
1998
170
9218
535
69
14302
57
17
472
15
5444
961
3
292
7604
30
21024
193
6
1
6
2
5539
1
6283
11
425
6320
2
2
3293
83
16983
1394
5
4297
466
4
46
23
2
346
12199
523
161
36
4
926
12775
441
20732
4328
21007
16844
3226
1
88
302
8886
1
348
26
17
14618
893
488
352
6548
4
3034
3
12
824
88
584
953
9948
10
118
298
186
1
6338
4
10
2728
1
7
20
9472
292
13116
191
1
15
1367
1
888
222
11
966
8
40
5
74
9
2
5
12717
233
2
1456
20
3
1032
2
1807
4
468
8
2058
312
7
9
275
7763
4143
3065
792
454
19266
1947
41
1052
7
3
1160
7157
1412
539
13057
4827
111
328
7
1017
92
25
115
222
2679
1385
1044
583
6105
1897
466
23
11119
3420
1
801
3
10277
104
2873
1
245
91
16
1596
97
107
6343
280
1444
5
13323
73
20800
3653
170
15
1411
525
3517
112
80
1
4643
2
1029
8838
1051
8
4695
16706
43
758
21312
17742
12099
8086
19
22
11520
259
11534
136
10595
3
140
1912
60
1
670
4
7617
1141
15
136
16582
30
18618
7
3121
874
3867
21
7756
336
10422
10168
101
1
680
786
46
1
5
9
401
18
33
30
806
4
10
71
3103
14522
25
6
27
15
20749
2
1
15
18
16
8052
4389
159
32
2
13
1
14
2
10
7
15133
2
1821
1309
1193
7
3
86
586
12280
185
25
19313
67
27
5
6
39
2505
7349
10315
1451
3380
6925
5
194
171
1447
7440
249
4
363
9298
115
47
3406
8
52
38
159
198
19
62
665
4851
16
13719
4787
26
8381
2
81
4764
5936
350
1234
1455
3
14
5760
39
5
94
2860
3009
145
42
3091
72
5
139
244
262
1
11
6
5
112
485
4274
1
1692
1
5
1822
226
110
6412
1
36
3
2552
11
784
27
235
83
598
5188
256
15
66
611
2
373
2
4
7
1903
19
539
12634
506
86
3
108
1
17
3555
8
368
138
230
2129
3
4173
3168
5
46
5
2
36
116
36
2
898
9142
773
8598
2
29
1969
13999
17223
597
65
1
42
264
12749
15
7
277
442
19290
14
15900
5
16
3
1835
169
382
197
5
99
2321
123
5
78
1062
2
3056
91
145
5196
6
277
1
6
12801
8
2
1675
2
53
383
507
2
813
6117
127
4897
13
64
5
2169
209
7
13307
20
31
444
3
855
32
1361
106
6227
7
2243
1
897
1921
803
56
100
120
3344
13296
15245
438
11
612
31
3426
6100
12
36
13
382
1418
2
15183
3069
1118
193
2
20
11
157
9367
4
46
16
1
119
3
166
142
9
924
3
612
46
40
1
89
4
1945
32
952
10
1840
17
14074
8043
15998
14
1
6067
8751
15027
963
2278
1240
3607
3
3378
19
160
1856
289
724
39
2
96
76
45
36
13133
3631
17430
6578
1453
6594
1
4
4
3
574
75
1779
16
1
2522
279
23
2
19013
12244
6449
903
3
14226
335
6181
15
285
10
10248
38
22
10
1282
5111
2
1
2
25
5685
8176
372
635
1
31
1
10
175
7
114
2
2071
10
59
83
6
1026
8
504
56
34
15
1036
51
140
13
20553
225
5
15
1087
5
2931
1229
101
323
1240
480
35
550
4452
145
8
4564
3
2
2941
5
2
4187
2200
14039
6
19
915
251
3130
5
7006
53
1709
88
7
155
82
8
1295
2
667
265
21
33
17
2878
3990
84
19
36
30
248
2078
4556
21347
4
14367
10
15108
5051
2876
1406
8
14540
3780
11
409
17531
85
29
4
3840
1
16
19
2
1012
202
73
13263
304
813
375
1
210
2989
5
16
20
73
4
10298
20664
64
12728
3115
42
1
1753
36
10
58
4
6
920
11
11091
532
59
274
3
1
3952
2
2
1171
7
430
717
27
305
5
4
3563
2
281
2800
591
357
9
5
1088
2
20242
1363
6997
178
804
13417
54
13089
6618
259
172
17061
764
17
10639
84
182
14279
4
21
13
44
268
5265
6
2
18
29
11068
15422
6
1810
2043
10
4795
109
209
3
1831
67
18649
28
1826
694
282
73
5
2
13
52
45
5907
453
107
460
3
11
7
6934
21120
2
13014
21
808
22
24
190
1500
10874
17793
6
2
2345
19895
589
2
309
2008
80
70
14
1319
82
734
88
5638
5
262
9203
7862
770
37
19465
2
606
20401
6790
530
14
15
10201
18526
4462
419
1381
71
3
15
850
270
16775
403
1595
23
1299
270
9621
6778
288
7
472
83
6
274
3864
1
4241
213
2
60
1
2502
435
383
3
35
265
95
4
611
5
968
4539
31
22
1186
61
419
2
102
970
59
17
8952
188
458
88
16
1162
1
2
6
2264
36
7
9527
3
266
7
3186
57
8956
305
1
1556
1262
5
454
48
35
7
20
5704
10
241
58
4
17
2081
295
10235
124
429
136
876
2
23
44
93
1
1
448
729
684
921
21409
537
16
15
5
1679
798
112
1872
13753
32
10495
3918
81
22
16
766
2
2
5583
2108
32
393
3829
5
96
71
2218
138
962
26
53
1695
4491
3
1
898
7081
8633
985
2288
127
412
2
17560
1
24
5
9503
2617
6
24
30
800
39
4
10
19449
158
11000
1
28
13
347
12479
5
36
8524
680
2
4365
63
6473
145
4
392
2
18603
2261
2224
18
350
152
8
17691
317
18
2473
4
1
116
7664
879
76
1
507
17808
1538
128
2015
426
12
2
17
84
277
21268
402
12
18842
21
20
8217
7
88
1
21251
909
301
1993
437
29
489
12
1
479
3049
15070
2877
202
1306
6
232
16934
1478
2
2
144
34
145
460
1504
959
350
548
10556
305
27
48
2452
11
220
62
881
1
411
1
225
143
13100
45
8146
1417
8989
52
79
328
363
7090
2
1
4
3461
2093
4
260
4
338
7
62
82
224
39
10396
1059
1404
2
6
4401
562
155
11332
135
211
61
616
4987
1817
3985
5028
131
3846
5
2159
2
24
2
215
4
6015
3
286
7
71
130
49
3
224
12
39
1677
4
1992
17940
20
951
1549
19425
11146
1323
11
46
1351
75
809
3931
5
399
4
2
1
6
14150
82
8712
1
17
165
340
93
2
2146
3
7
2823
10474
128
368
4266
4
4
2528
59
3
27
4
439
5
69
2
14314
580
26
1
244
1127
4
29
1473
1394
323
39
6
143
557
16012
198
1
11
2069
5956
91
9060
33
17
2641
1
805
1157
11142
2596
3
751
1169
634
2927
7937
13
640
29
63
272
53
5
484
13953
58
960
22
9
172
116
2714
778
1815
3487
1
39
3522
17837
68
1038
11706
106
219
6
407
8264
563
6
451
1
6265
1020
308
202
1
630
2197
1767
11567
2423
512
14
47
38
210
17844
375
20118
16
124
2280
19920
5856
5
115
3
358
315
7
938
1684
1
21738
1154
9105
55
2125
3305
14161
25
1605
36
24
663
18881
4
173
1
6
68
2174
6759
26
21
138
2190
218
440
676
7670
1630
705
55
2692
42
209
2
1611
2094
2457
1
1166
1
662
1792
14
195
1015
6
2
18
431
8190
10
20
2870
4184
40
2891
8
536
861
13976
8230
617
17925
2
27
6507
28
16948
6
1414
18
1276
422
2
16
1407
2990
6
1125
2
2
3709
3
1518
2409
15569
1
183
12
157
9826
299
8295
4
19
456
20
197
1
4915
74
651
226
8
488
16
70
10
38
32
22
402
63
156
1220
1490
3108
43
30
1544
7
179
8
97
3490
48
15
1
3010
292
1192
4066
3008
17
16
144
21
1324
2
756
304
2077
4276
10435
4105
2
1
1019
13
82
40
2384
194
4980
3
10101
30
5
4734
5
2
1297
1365
1983
159
542
6784
331
196
8594
1294
6
2315
16726
659
467
3251
50
4547
109
527
87
257
7300
2742
102
10
1
1975
1
6
9
1291
9
168
313
1925
753
246
4156
4
2355
7202
496
2
263
13901
577
4
7075
8
209
97
524
12
1101
59
1630
315
16
2635
134
10
60
485
8
2914
1
2
17
4
120
3246
5993
21155
2
21
5866
1010
218
646
841
10465
3
87
28
485
9225
229
2
8285
9
38
63
7061
5298
12300
508
90
18572
18336
7
136
13556
1
303
15365
48
1967
62
11784
33
2946
134
11
2
9131
548
4294
7
2579
63
22
1561
4510
3388
2
2813
8
283
94
188
11639
2062
127
1
709
200
3355
128
66
319
12
1632
9030
6263
478
11
10
3
270
11313
6457
736
4
319
3
116
226
13
19
16
14
1535
42
193
7
37
14959
99
751
3
146
6
6
4
224
7801
789
6
8
1402
38
13171
14
1809
18
36
1
3301
11
1850
184
13258
2
387
76
12004
186
19
351
14
3685
3751
2
25
200
7160
1316
11501
27
57
7163
636
86
2
2
153
21
1290
2
2164
3
8
1643
129
11515
9
2
1
3974
4541
559
2213
653
1
2
979
6050
11
7
1
509
2
8
942
3
13
2643
28
650
523
16
96
17
4
16747
2
1046
1237
288
5
127
11239
133
1
834
1888
5
67
2
3
8
12
20681
5
4885
23
80
6891
1559
331
943
7037
1513
19194
6150
5
16
1133
3
263
814
67
218
1230
14849
1115
9
117
15
2
18366
12
49
53
121
2
2
4
281
4025
2
4871
120
9
25
5
1
21
896
209
1
17
13
164
10
684
1828
11248
3603
3564
2
292
82
15
17
3
2
7020
2
2
4962
8
145
2646
12
21042
1
4
118
25
2857
128
22
6478
20226
326
9741
268
297
9
10147
3
15158
102
2445
129
320
4131
2453
1340
5829
2275
3350
5680
100
3433
186
7
3
70
69
3617
20
12744
12
31
14
1702
126
1338
2436
30
528
1
15
395
13
2463
2
5478
1255
15
2673
351
697
2
2
47
8
152
3
13685
89
3881
48
3
38
1391
1880
10401
2
151
992
2
56
6
16789
8857
7017
291
347
1676
12551
7
34
35
313
3
30
5114
18051
44
1928
12325
9554
4
6
61
3
5951
19
822
2
19433
5
270
9
2565
7465
11
3
3
11
1236
7
5175
2
37
1144
10
329
11
7
15828
2648
15711
9874
1219
5631
529
6676
228
18
11610
402
316
9
39
15220
490
54
823
3
4670
4
240
110
654
626
22
12
1869
2244
411
1286
10
16399
218
1526
137
234
605
20
4
640
45
276
172
8
429
1
149
40
447
15
1435
4060
1502
391
20
5
3
293
11
474
4893
252
134
54
10001
2
26
6
155
12499
964
90
180
432
9657
1668
5009
5696
35
12
1724
330
520
13020
10072
12169
123
5
853
463
28
3
130
298
12
7721
3
8
30
601
936
7
8
563
4040
3
2396
1
1
1150
2
74
36
3
4891
200
3
141
238
275
7282
5
2
2107
97
496
1587
16111
2519
1214
15601
2101
3547
42
16224
258
37
515
198
166
12
20
1
440
6
297
15
2
2
212
13982
2365
9629
1
210
1355
5346
465
862
177
6258
1146
3105
129
14
4179
17
2
6534
190
3
19
167
44
900
811
5
282
6
1
21330
1484
1898
4
20035
722
403
31
2
2
1
38
74
2182
21
828
1279
16623
52
110
10
3
17251
2
826
1910
14891
600
2755
344
39
5024
2349
14570
913
4
5
39
3719
8
6388
346
2
178
1186
5580
14326
303
11
2
3036
30
4308
7795
526
46
1205
19361
325
6317
125
23
331
75
62
20452
830
1
14
113
11
1399
34
508
23
3
236
1902
2
4748
2
14
5715
133
12707
24
9441
1806
1320
1
6665
2831
49
3
685
376
650
18982
35
2
4636
1252
1022
119
4
44
214
108
894
320
5535
4713
4692
3
1784
2
114
179
1489
9
14
1
7
298
324
1
1
176
121
1714
3
2805
47
38
11
6728
1938
1458
4
148
1900
1667
2086
50
1683
78
126
15126
19642
6224
4
2019
18036
1
50
1318
8
2589
1658
67
3
149
12
977
179
3
74
4
1
159
5523
39
14
29
6138
5
201
370
184
134
5
8623
3
16
4
2033
853
462
8587
77
4
18458
2
64
671
313
3
76
3
2
11
6
336
144
9
8
274
2847
1
1203
25
10
440
4381
317
1
58
7140
2183
185
8415
166
5
3
4952
152
2
417
8
20
2902
2996
970
17
6
842
606
9
2837
143
434
181
29
5
514
34
54
17
15
12340
316
6960
19053
8
1364
6900
2
1
3
298
317
184
5890
1273
38
1751
2
5090
79
119
133
5
29
12
147
5
27
19
7
16
1002
1406
11
4
7231
152
2
80
152
984
6
1
14642
1
12295
486
3
5449
207
136
30
45
4
11539
2282
6
931
24
25
11828
54
1031
12
7
348
364
5
26
2525
35
2
2
4208
21085
11
3213
17786
3
19862
4
1654
97
2587
153
15
4
10311
1
19258
26
4229
15
11
12219
2
1468
6591
14
239
1403
16
74
654
43
1403
1396
2
5
28
2713
16
2294
1
335
11178
51
45
11591
2
4592
1
2188
27
1942
8630
11046
1068
1738
11234
11
581
4766
9
190
3443
7
24
14103
11
40
10093
2937
1593
31
44
121
209
87
827
1
527
1365
290
5274
1662
1842
867
5
1050
1
1211
3334
2372
288
15
617
182
20159
1
17574
1950
735
75
1680
155
23
93
2111
3
148
290
20
436
1
18
73
3915
2301
884
6545
16
1
3
31
3324
6
253
712
5548
11
34
16761
678
2897
10635
5875
12870
319
60
207
3288
6
2
2252
2
21
2219
5978
5
225
910
44
4
7990
2
66
6
3
21
2
1
3
5970
28
1061
3878
3706
909
3
2
6
572
96
111
11779
119
1717
102
65
12346
3
7385
3
2
8
150
34
5
305
108
62
367
110
3
821
13
1345
3
300
8
2319
5
19
31
667
61
2073
1
61
1862
2005
1
892
4
14672
52
421
1305
6905
67
14690
9936
4617
4
133
368
3359
136
53
99
569
15691
251
5
13
9
345
1565
1626
381
1650
644
135
11
3
285
5307
21137
1
17632
3711
1686
1
40
1098
4107
571
3
10
5519
3
483
8
149
667
2
4134
107
346
47
2530
6857
226
760
24
88
1231
2
79
1
4033
22
433
3447
24
57
2
7240
6540
12754
4
38
18404
6427
759
3377
954
400
885
31
15795
3773
809
18998
37
3
6684
127
35
10281
236
21783
284
29
3
3138
296
15
120
17
476
777
332
148
3159
32
33
3051
127
10508
7
15
745
180
6
11
799
10969
931
878
6441
11
57
7692
4441
6
35
9697
2798
53
70
13340
624
352
4
2
326
85
1
235
369
2
332
1
96
12
1641
1232
566
42
12124
82
3899
1540
9
1016
4165
13225
275
4
7892
924
6991
3
472
8
7
16555
2
1449
148
33
3611
22
13052
438
826
14373
187
16385
19538
1001
11
3
1
844
51
7
10
3185
5237
37
6
1
4707
27
1700
15296
324
8
37
1
2928
3
8
4493
2700
2045
10754
142
8475
18
1148
66
122
1
516
3063
163
1538
134
76
156
45
16
154
17437
6737
3
30
1655
156
71
1135
6186
374
14349
14
26
4
1
24
252
4
658
3726
3
19
88
9
54
32
14
2558
34
2
3066
658
5
6
2
747
5498
22
39
140
20990
40
3509
521
208
6
324
12812
13036
629
20
72
14091
111
1452
143
40
347
699
641
9
11
16678
2592
1367
2
2932
38
782
40
8016
7
833
41
26
60
7
941
1095
3729
24
9071
28
280
30
2507
22
122
69
13551
9356
6082
2512
4392
2
978
9
5
3
13046
348
5
113
2
75
10126
53
3888
8912
739
2712
18
170
480
5687
3
33
1102
192
2
380
840
25
783
295
539
717
401
8
1096
15518
3812
873
228
369
20947
1314
4
59
87
176
2
2
6
4
36
63
733
2059
2
162
1
17
72
21
3
5489
14
22
314
1356
637
5491
1297
49
1963
21927
1270
66
10
80
75
2687
2
18298
4545
12
3257
2763
222
2
31
4068
116
213
69
2
3
2881
5
2
5599
67
6
1093
14343
11229
3
95
888
2605
16664
22
1484
3
824
17764
12
13
10789
21
402
15
86
4622
3249
120
18
1904
313
318
6687
863
265
202
2052
4
2
224
815
36
1
2
859
6
16
63
188
3
8
743
10
19
20410
60
11
14
1471
5
642
1958
13
282
1
8
100
76
11202
353
452
3
3
10
4513
337
133
4
22
1
9
58
957
158
43
5203
3
3
21604
96
6
5
359
2090
18595
6962
28
79
22
66
2
3
244
2
17202
925
3
2604
10354
387
13063
2
164
1
8426
1
6954
2119
6
7
5624
196
3
14045
16325
816
64
5
3
38
891
1342
1441
5883
4
1095
1
12
7820
515
19
79
82
15
5
10
1
6052
62
10151
12
2
8
310
7
2704
1
2588
12791
6871
120
11
54
6483
6751
6481
1
38
2
4038
967
119
21016
1498
904
276
4
1120
143
5560
1260
13713
18261
220
33
3
2938
166
816
230
16872
2247
3219
9
13787
148
9279
15002
9
8346
204
10
9
8
722
7217
7
2419
31
9034
1215
53
90
13
27
1415
12
9793
5562
10290
58
123
6624
639
681
65
4
21
5
33
439
80
1
2
3
5
2360
8
26
2
13176
7190
1
9086
1120
16318
4785
26
4
1121
662
19
8
3
4
8
217
986
301
17315
8
5
2
2
2809
71
219
5
2
359
7
39
1
2567
24
14
3
16
5900
2
1985
4719
89
243
11100
2510
136
2
12448
9911
24
1350
1
7
1583
55
66
281
2781
420
7
5
440
44
13401
2740
246
13
50
5
216
4418
2
33
554
95
8
827
2
2
34
249
10457
8
843
8573
1
15
2
50
1
4
110
19985
9267
387
28
2889
28
456
448
1029
2
21225
445
4264
1807
18074
17
7458
30
3154
7
2885
47
4
1
8849
1
8820
297
135
17145
2
2
2
3
2
89
283
15
5063
3205
13
1904
18111
3
1427
887
377
1170
13
5147
1250
9078
18
1647
2
54
10923
5036
2630
191
16886
221
5
419
236
1503
796
4376
1
60
2354
6497
3
10807
4172
23
404
11128
42
7480
4554
7
3
25
5
2
22
128
2
662
12
4640
5130
5417
131
3
1643
10517
6
100
5067
11687
2
46
1
4
14
110
3
55
6
14
453
335
84
155
25
35
1
7205
274
2217
71
63
247
381
2721
51
33
232
7
21
7
2
12
104
118
5
2350
107
21
2126
3476
1685
1
513
327
7486
1466
3
27
839
71
13601
768
26
6
8
59
722
61
10
4
4997
1819
508
1
55
548
184
22
1
2
4026
1
430
971
3694
33
342
2699
1781
3
248
9586
258
625
4
4020
132
2719
3
4849
35
21
5980
2247
3813
15
378
3
23
7422
52
2076
6629
11678
643
475
1
1816
6
527
14432
11847
165
3
3114
271
5
2
66
2148
5318
17509
196
2
12
6553
10
8
12
3
2782
15480
22
30
120
4
7428
6250
32
1
19
358
144
922
2
3754
3
13041
1377
3539
58
99
5
473
421
139
555
12
2945
13
6
573
569
56
193
5
19
28
7318
12
2
1359
1022
25
1
77
2398
31
677
4801
4553
9
5257
2971
1438
132
20886
17
8220
85
93
82
13
4008
1
4
2
1
45
446
3
6
55
1029
61
68
2032
48
8919
2
4
8580
106
103
78
1016
15
3289
2820
135
6369
1370
4
11764
1
101
5615
2
595
12134
18
5141
302
64
416
995
1440
5
3
1
4
252
1557
49
8
2698
1836
19
36
12453
2
390
4881
50
6245
3
404
535
2759
554
85
597
12546
15808
16802
115
1229
505
182
15
11
264
67
3
1
21303
10
5
29
4
40
37
22
3
384
10526
2
5156
15145
8
845
735
4869
1113
17611
2004
1
10176
25
2
10063
6597
584
22
7046
3
2
11
74
6240
23
105
2038
1
20027
7766
40
43
26
2
21
726
728
959
45
291
5675
2000
4
1
1309
2
4463
5500
8835
48
1681
34
21
2
10
7
1075
12
41
9
5
40
550
306
147
170
7727
4999
6
741
191
7
14462
17330
110
99
12104
4146
4
39
7
4232
5
11327
1527
12
64
1915
728
5
6122
5
62
3629
122
43
1209
3
72
5
5359
2499
85
297
137
1
538
21747
6
698
16541
1
30
1479
8
772
207
35
1
9558
1705
1
2952
417
1
302
13473
1568
2720
3
2403
5873
6
5
37
3
19829
44
12587
12264
8897
522
11
7
1465
1
3486
1959
15
797
37
42
19
394
2447
99
918
73
18857
356
154
4624
38
2
1191
7885
158
3016
123
216
20
34
621
1
1784
31
2231
2954
17
75
5
7
109
293
14
22
13
224
1
576
317
2
17830
1
117
20
15979
11
6
281
2359
707
1284
4649
2
2057
26
852
29
162
1027
223
8
334
171
235
31
2819
2608
16
2441
4449
4
3
8527
5608
26
10
6160
16
14
13635
29
99
253
5
3820
238
12
366
231
87
5585
372
47
49
308
18178
2
88
144
286
8
1082
77
728
17
43
172
29
6
2491
5849
13230
5
58
774
692
274
14
6278
33
3157
279
487
700
2
1
10
2
423
485
159
1246
709
7573
11435
770
6
5590
3
23
8
77
7175
2
4
10231
2
1228
16231
483
10184
2
257
146
14
2
1280
409
914
32
24
5664
17287
5
4536
236
724
23
25
130
72
2
991
35
134
14
22
184
461
3980
354
143
1481
53
2
179
2
8719
36
25
8
893
11078
846
7
50
115
1128
4378
596
475
35
4
1606
2816
7023
1879
22
124
14775
24
340
1804
63
5
1189
1
5
2
16
19
1
25
185
11
4
8
7
1
190
118
14010
2
15008
2327
3561
12
3
945
3059
46
4
1526
1239
7032
14
141
4725
8096
105
52
544
11975
2088
46
1018
33
4758
4
2893
98
3
1
2325
2
5825
1
716
1
12
209
1620
230
7
15064
3434
51
2602
55
9379
6820
3
20655
181
7
833
5171
14468
62
13
1
10
369
921
81
2
377
4
318
64
2685
3419
4
469
4
23
3681
8853
48
7
26
142
2495
4
9417
279
1175
861
17896
3
10534
62
24
7526
150
6
480
3
21233
5770
761
1
584
18703
3398
2
2
45
12
1
3
3
957
25
4562
116
2586
14
4
3
11160
3
9
13
2
19870
7
122
1980
22
2
58
572
10
70
689
8
510
4
2
12977
2
540
89
2
1636
45
2
10
227
4
11336
3290
3
14420
154
11
2
14
723
107
2834
3054
2
5
84
5
2
6070
1353
4626
125
6188
15543
3506
7824
53
13379
457
5158
98
14630
3360
35
108
7548
619
4206
4102
1
9
2551
513
20
67
30
18
258
900
15861
323
102
9907
1
35
1813
260
760
48
2203
2
1543
167
6657
9
11
2
354
224
4588
44
222
12
279
16
189
23
1
51
4
21658
8478
1585
634
87
47
2623
17344
12330
409
7731
10
4823
2095
795
2
17
838
15
5961
3494
8795
230
1
391
61
11
2537
10337
73
586
786
6351
3515
1
4
8
199
6
7
7
8210
891
59
2201
3182
1
8059
987
5326
310
3155
17373
138
2
5
144
3
7
3221
11726
3
22
8744
42
3570
329
5
1
7967
5
565
1769
4
22
8422
518
307
4
731
68
47
2958
181
27
3
8647
521
4551
8662
5
2042
11
136
2427
3225
459
22
1616
1442
1
4
8
11697
24
1371
2
168
60
5011
14
219
8268
3802
136
1076
2702
468
241
1869
6173
485
8
7014
14062
6127
2334
7
380
25
46
3229
21033
228
54
18126
2812
1
110
215
4
11886
9
49
1004
125
59
46
4482
14885
23
8247
5
93
4
322
4410
13
6939
95
4250
329
2
7
166
2
178
3
33
732
2
2
4
3284
22017
2425
7
282
2520
3
566
2
955
12
78
21383
2
8
1312
8436
11
489
421
5034
4
28
75
1248
422
147
9
2901
385
6532
107
81
133
5
7849
6894
17180
3
2
28
25
15633
5
8948
142
31
5116
3
1833
56
20
11735
75
511
1783
246
257
9753
106
1554
19724
2302
10
24
10
6
12
16
4
19
365
834
5678
2
59
10172
61
12234
5162
7
2980
120
2
2
1104
2
7737
105
4
17
4
694
46
21
17
118
1
5
1379
59
6919
7
3762
125
987
5458
59
13511
53
38
156
23
3408
26
126
167
13
9
53
223
42
2
1
3834
3092
7
268
140
35
2
482
1
81
1594
262
1
340
8
9
1
1530
6237
9
253
6
124
251
815
1946
18772
1100
192
203
25
360
4
10
228
6
11055
1184
24
1
551
162
2
1086
182
3
313
2
21711
309
1
12
4
4
2002
5186
163
5
240
4
1603
73
3
11322
139
742
18
14
499
833
104
63
104
81
30
11
7
5654
18865
5
31
1615
4
20301
9
2
13209
144
19393
22
35
1434
63
9542
375
11
2
2
119
1
5
8
3215
361
6840
181
321
100
139
8
12
5
1
9838
135
7
119
525
1645
157
16151
4
3
146
95
220
710
282
425
2
10
104
8715
126
1419
5
14
12
2472
139
1190
10644
913
646
398
13461
7
42
1132
11151
1392
2
558
5
1
16164
123
829
11
13280
8419
186
11
17
3
459
5
9306
3
301
671
200
7
119
74
17308
176
20
5422
20
162
7
11
955
2
2
337
112
240
1302
18834
280
10604
2664
13
19
5567
4385
105
749
186
21774
8517
21129
10
43
2
9570
5
63
2160
387
17
6
20621
6637
3954
7
73
237
45
244
12865
93
6406
21076
16177
16
281
3
474
74
4217
16
18896
11005
17
5
16907
2140
27
11740
45
6
16
1
20176
60
4
36
6232
332
6
6
141
180
7
104
1688
74
9
18
193
1
161
13
2
40
51
124
33
2801
381
2
9
1453
71
170
415
2560
87
12
71
1268
13987
26
18935
68
127
1716
175
950
11444
4711
1042
1
15264
2603
689
2
296
8391
12074
13
4189
2
377
310
9
410
841
338
5516
3
1
8
20
4
254
2
9
11
5
316
998
1
14196
637
19218
247
610
3
355
428
1660
20
213
913
93
2
65
24
757
296
20783
87
9614
1
291
407
13187
122
381
4
141
4288
4
8
285
1
7759
4051
7918
11
2
129
4192
288
2852
4889
309
5
1639
7
6
9617
3
10444
7415
18
1820
18518
4002
764
62
26
2
41
1
5263
9429
20955
15576
31
4
4863
4
985
50
21595
5
41
10692
9237
4
6206
1
19
405
1838
18
3766
25
14990
163
47
1
3387
107
278
17985
1
139
1410
676
2
231
2
10
10414
10
13936
3
2
7
5
28
483
6000
1050
4155
2
2380
1117
23
17
13781
1174
1
12998
6
386
1916
15
78
2
67
58
7
15
965
2
30
23
5537
12397
1060
78
43
941
836
4087
5049
20835
108
5
3
5
432
21
18
2
2572
160
3
3
117
309
46
3
4676
50
15435
7
26
1140
24
17124
4
3
6
342
1
113
4340
12458
1343
11252
14
24
3
412
4
6057
2181
3
2
2
185
4
2003
10478
5
2016
2
2
3333
10
4283
7696
2323
517
17237
59
209
30
128
9187
15821
12823
592
197
4
1
3111
138
28
213
174
21172
2
49
21828
19084
3161
68
2
109
990
1736
994
2
201
162
11
6
3423
7788
2
399
251
109
1332
25
103
66
678
83
3652
30
5
12530
3
2437
235
2535
7
795
4
1423
1163
500
971
4278
2
3
3152
36
4543
14080
2
1
869
6
1
85
17
23
3
936
3
38
20
83
90
17948
19
6945
8
8
91
18435
21
29
108
5
10
7
1583
69
42
11
30
423
43
250
30
4
879
2
2344
7661
292
18
7
37
397
1
30
16990
583
18
28
29
1199
13
4031
79
344
14
34
3700
2
310
94
577
282
540
14167
155
3
20
1059
194
341
384
9
382
27
8
1485
5315
8056
2
10
4167
4
75
79
1628
1302
729
8440
534
8
3862
6
40
303
1777
365
45
4
22
269
150
4
25
1
3083
17
2
160
115
52
7087
1461
18
624
5013
114
34
7
117
776
2826
4225
421
93
1635
426
244
2470
655
6
5384
3739
2
22
60
1
2
3
87
2
1
615
538
227
119
1217
1
8
5
221
3982
1268
275
12
211
9317
16
3214
205
1060
553
249
1
174
378
6047
573
28
2490
66
19
2
28
85
6486
13
31
4
802
22
84
143
7
20
215
3684
1221
71
5870
498
4917
3
9090
840
85
1696
6
917
759
28
1967
3
2385
184
1130
26
7560
847
9
22
21
198
42
2
2
20
3263
65
3507
4968
43
229
190
72
59
6
4058
1
105
15
245
15499
4
2
315
107
1184
57
14
2
23
206
62
105
153
20
9352
481
156
69
374
803
19123
10
6
212
26
570
32
472
18
1748
4
3
215
3233
8312
1
5
17366
7222
14588
6
28
471
20
27
3245
94
10164
17516
1
13838
20964
307
3
4
1270
416
15429
506
1514
1105
3349
5
131
643
1333
151
272
589
10
1405
3262
299
7364
1663
1192
309
3194
3
11
435
205
371
50
2896
4
34
6
1602
713
211
1713
2514
4
4
34
344
3312
4
4
782
5397
56
84
362
127
183
327
2011
385
20
13
4117
3906
2091
159
8
323
3298
98
217
567
12
1
579
2
43
372
246
15
14
39
2922
396
4
10097
1257
867
3
10
11
14
11
49
95
88
10696
5
1030
372
3961
5
1503
3
1782
30
4
41
3
25
9294
2071
1570
173
12
12
223
19513
13
909
85
4
22
1
2
19274
7055
5464
35
593
2
5333
10661
2
12
96
2103
682
56
8196
1834
37
12876
353
351
929
17918
18
333
23
905
13
582
2961
699
246
13696
6
403
201
18610
1358
24
2722
23
1361
20
383
10367
6
1507
3705
73
6580
5880
1334
7
13439
2
16754
3195
1693
483
58
306
7836
3
4
13356
614
126
8388
4210
1210
12
86
17734
1327
193
2
130
9
138
117
425
29
223
51
9
532
864
1689
408
56
8082
321
8562
5863
76
19
16
3635
737
469
16521
4517
4519
54
32
13
927
17
1
10
4
17698
1269
75
1775
34
2
2774
2
5
1188
844
153
15
34
1271
759
3
260
202
7
14
3998
678
1
7
5
1596
4396
4
763
9022
17
18238
3
475
1045
3
43
129
1516
4104
166
275
172
10785
288
1473
3
79
8000
233
10
283
12913
3177
18
2887
1430
1
6
334
12371
6
834
221
29
2918
14
9956
5
2
1
2
20002
254
2035
7
3925
33
6854
216
380
24
24
6
18818
33
7798
1
6756
5061
7434
14
3449
411
96
9
12982
1876
18679
2
14727
1487
6
2364
2
3296
510
437
9
1
1810
15621
2024
7
11
595
8
228
18503
170
9
1462
189
15486
248
13
81
2
232
6
154
197
1875
4
12
556
578
29
9842
122
17195
686
239
431
227
976
7817
2168
17
62
5
5
441
3
3
24
5118
6309
631
12907
1
5
6
2
61
586
501
15
547
304
2
3
106
1
3429
59
4
6145
2627
62
2
54
2314
80
6
740
10919
4
6968
74
264
808
37
5
2599
14
102
4
9
18
2
4
17
26
1482
98
2284
71
10
1
374
157
12
1
15
3
173
1
347
307
237
21295
1
2
68
337
134
989
523
3457
19
124
76
74
180
97
103
392
3748
13947
9
326
59
4821
25
7740
883
14
611
27
31
6851
64
4
267
470
10
39
2
21
38
1
3308
561
13
7
5
4
1800
2
47
15467
135
146
4
2
484
71
10
20
287
7261
4
14185
23
64
18826
3371
198
449
2
1
250
70
2683
2
6330
106
106
185
201
542
6
118
10996
1
21068
3544
15933
5
2098
14361
4
18
20
35
5437
11842
108
65
175
2
4
105
92
828
11798
273
3
16
12515
2855
1
1197
3391
1
122
235
11421
2577
188
18014
6315
3
330
11
5895
1435
11388
21400
5
9
4036
41
1011
1336
28
1
8608
14824
1946
15847
27
3
1
484
19282
1
4
556
2
4
82
392
4
636
6586
2933
23
18
31
27
3
401
56
5
3384
24
2
2
5854
15730
7273
10
1
81
5
2
7370
3
1047
197
9
1
1392
23
5
89
2
14
3637
71
460
29
239
6823
20
1
5
34
11
683
3613
2
268
1
1522
3
199
35
51
1
656
3
16433
323
114
1072
12854
701
296
10710
1045
55
2
3
2048
3
2632
2621
3141
13
3519
27
3
2868
37
6107
38
716
29
6087
503
2
9
38
3
12
7511
4
820
187
15
98
10409
5281
2
16
1505
17
73
7875
4837
13
48
3167
1257
20630
6692
4287
109
16823
88
5985
33
106
156
10
10
11620
51
2574
2163
24
120
398
6359
18089
4
5
5
84
1316
9275
1202
3
549
1886
19
2661
1637
14
5
3481
44
6112
7718
63
2238
319
16
216
73
18
1039
832
45
4515
694
217
215
70
8605
3
36
9157
3
7545
6
661
173
10
1
12
66
1107
482
16
53
1574
10
343
13220
39
9
1152
2
1328
178
267
309
9
96
13
18253
599
16
21900
8945
6714
2
1492
20503
2
1770
121
66
9858
3851
13
3
93
2101
815
421
13
412
9048
31
13362
316
90
7
2
5353
444
19570
12
2757
41
2
4
31
222
1264
6
13
264
4717
624
330
593
100
8538
4907
994
451
2
1431
4831
3
4
116
165
2
25
267
19
142
15
38
4296
8106
110
42
6635
7
65
6
2
1638
15
356
20843
121
2
1014
31
70
803
19
529
2
1404
168
51
199
7
94
2195
1
2
915
184
5097
10582
30
13855
1
2131
3574
1689
2
29
81
1325
3
2234
1372
13313
5246
15
1250
3512
18687
18
69
39
18223
50
27
1
9
1
160
8
2695
1
186
11
479
7
17822
16
33
34
8809
80
22
1754
1
6354
21568
742
892
5
18344
4
12950
420
2
715
896
6470
19994
1
6
2176
2
15321
1090
84
169
1041
265
401
2
26
4
27
585
4451
63
9989
18
4596
3
3
3163
267
7
15
37
672
870
4
4600
2
4732
113
2
27
13160
177
30
5469
1
1629
56
3569
5348
5
7
1825
89
1135
215
9410
2
7237
8723
116
3493
11
394
200
4
2625
6659
2
490
3
2614
14173
42
1787
240
20698
77
5509
4
22
21631
1750
46
3977
6252
3768
2
1664
26
878
66
629
457
3078
8
10574
23
2422
2
5
2
1467
5
2788
246
4149
19
2
18
657
4215
3678
46
430
7
3
3558
706
3717
450
800
23
172
948
68
6922
2880
177
29
102
1592
26
1948
912
21356
64
61
57
2431
2
45
89
2626
3687
134
5224
2054
58
2838
37
6
13
1398
3119
43
12
49
4861
6731
2547
2
75
146
983
1890
5252
1197
378
5
8350
18741
378
1
19
4
217
5808
1
2637
59
4
858
391
2378
419
1546
6
85
2228
2356
5
4
546
32
3
1
137
16131
16
168
20259
16251
769
231
31
3
44
317
3210
4003
2
13434
587
241
280
16412
719
1336
949
166
146
51
1036
149
21
24
826
128
13247
244
1
11
398
10960
80
7699
11955
2474
3
494
5015
2382
11896
453
43
147
18359
49
8
1
51
9
3
8
105
28
254
4372
7
3843
13
56
52
440
87
131
12
1359
33
83
560
1727
379
2
106
2352
3142
1712
3
27
498
59
203
705
18
273
7
2554
21
12
1423
13
11360
221
1
2
890
87
1043
6
1204
19
138
62
6983
15
1153
212
2110
83
660
34
13
14600
39
3231
19
1091
25
2
2333
1387
407
2023
7
58
291
8541
1296
19
461
621
4942
86
2006
3
458
2594
10910
3
3470
3
4
77
90
3282
5
113
392
43
9
12
12971
72
11
15139
1731
5
9
10964
14
4324
11018
4354
276
1721
4
1164
78
481
330
441
6017
1572
138
1244
67
30
16084
4310
42
21050
7957
84
5
6977
347
94
6
13
16671
1298
10978
35
3
4686
2347
2290
2
266
17
42
155
153
5
16596
74
19242
29
3178
35
775
37
221
203
2
98
1
1187
22
1
16713
12049
3826
190
10666
2540
4621
443
3331
376
136
6005
10
10
6605
1792
1304
1
14
17068
80
28
3
2694
29
2
21954
8
3
18
370
8149
2
18
24
5988
72
150
899
10
19
4
25
2756
655
9539
125
20
473
20376
326
922
18733
5344
334
768
16
13
711
212
111
19305
470
46
183
2696
16
17
8
128
660
4257
25
44
9
2
1
21
5763
3201
4436
3
175
4
86
1598
41
2810
142
169
171
1691
2
14
5
1
48
130
98
16
52
780
15371
7
78
2459
28
8
2486
193
11032
106
2077
10
276
260
1811
734
11110
256
152
12
8046
3500
881
5
2229
8
8
6837
7
11529
62
18268
4
557
5
50
2439
5
352
3
6
5406
1498
1
4
396
1672
54
6
13
121
52
20929
16
2746
11833
3551
51
8
13
25
9
4
1
2
8364
1801
5109
1576
1448
1849
8798
64
9
25
21181
3311
1122
23
2
40
7358
23
6234
9870
996
5861
255
1212
11
757
401
517
499
24
149
4304
349
864
82
1591
2479
1828
3
248
13073
657
1
4
3
5
33
309
10688
43
60
4
2426
358
167
9
2202
5342
2671
754
6795
1005
7379
176
18
4
4196
1091
76
1
12
79
13606
19
1
39
9
194
1470
2
595
64
1
88
22
9
180
21873
140
31
5248
145
3
133
93
1760
325
4
1
267
76
14220
430
3
508
2
1
5711
8
8076
11881
2
15384
7101
6
447
57
2
1911
7
2
755
75
198
11
17096
4322
20292
536
306
226
95
3160
145
7
12
15176
1088
3
1071
24
7
457
1183
18216
963
146
14
5713
1666
4699
444
1
6860
5143
19772
2544
85
23
5
57
2
10035
1
5571
26
2
306
283
4738
2
8384
250
6286
20921
516
16
142
1
21675
39
26
2
187
3646
10705
37
1
27
656
2034
4
71
10487
11059
2
11123
2
1
42
3
5564
13873
138
774
712
312
186
181
30
198
1883
221
992
5
1126
2
3
402
2
453
420
560
2
24
2108
1978
4
201
150
72
7
5
2135
1
422
54
1315
2
324
9460
54
4405
102
5003
2
880
4
3671
3479
1573
12
124
113
1625
140
52
92
4
1418
3
3526
3191
5
269
5
104
91
6191
15
63
20184
2
1
1006
7
44
3995
14
19699
30
996
660
1905
2
1447
6
890
9495
58
3
97
1082
3060
739
12
20689
111
16
3451
4
6510
247
17903
69
179
9
1134
198
4
30
500
3
842
4
17538
3303
16720
6
197
61
7249
26
233
9
2
6
2249
17
213
3
2570
11
351
42
113
17
1
19911
5
10852
98
6
10256
11774
6
11769
130
337
19345
11346
1500
565
99
14
3774
3595
835
583
4
232
28
1101
9
1009
18873
5
75
138
240
2647
143
1
9
1461
2
110
2196
6885
4
2
201
14
2
3
4
1
2689
2
5207
293
607
33
8072
2
6
48
2097
11
102
20878
6
4919
7
6
123
6
95
2
1
3
116
5
23
55
5
15201
190
5
37
70
14126
264
4
2203
1
5668
6
77
11
208
1409
3020
491
23
2
10362
212
12
1
14
16453
3
365
300
5
5541
4
70
2
52
50
12
222
4594
55
195
1
64
103
21111
22
410
1124
5751
3
5
7449
4
5040
2381
28
1
1
6
3
12603
1
2
42
1
12194
17
1555
3
9
2461
1341
3
651
33
42
3
860
6717
647
966
13
651
2
2
2230
507
97
3250
21
3
4
2973
1543
342
70
3356
45
811
44
15227
127
1108
410
415
12064
42
2359
1
121
9
1742
1785
138
19846
703
21640
22
6216
108
552
3
4925
16535
471
218
36
4728
89
1
1
40
45
228
3437
15
5912
14
98
28
4771
17654
3422
2773
1
203
3
300
894
30
50
23
2663
946
5
8203
1
46
158
6773
1037
8
10239
2
5789
45
2
9402
9
6
2
364
2
315
14
150
1
24
148
2
533
1
627
329
1614
1327
21444
3
20
6
9
7
635
1
15
341
33
11
3
79
816
59
2299
11
2
1
13
1409
7914
48
2925
6
33
37
77
166
29
4867
229
38
582
7
1432
9406
1501
24
4
445
205
232
1533
6
2
1289
1
3
172
4015
9
32
17756
953
417
123
11
28
520
4
1
2210
8842
15
7
389
22
2
5211
2598
1
249
41
5
7
4
27
40
55
31
1086
2
4
12881
94
25
2
232
77
69
4586
1
3885
12987
76
4
44
43
1348
59
2
10798
415
598
5718
129
1
2179
180
1346
1
7412
1726
3
2129
1712
26
2
1129
11416
198
6679
1376
279
738
8941
3
2132
4506
13
572
389
9653
48
6809
7099
38
19626
3316
242
632
77
104
823
2
25
7096
7072
1116
179
1239
210
7
10375
16038
4073
18156
100
64
7
3
7
12
63
252
55
12
1509
397
9
18
6
90
589
16467
1493
2
823
264
97
4112
32
260
4
1157
66
9138
2477
17280
873
822
848
5053
1226
2
71
716
3
1046
429
7
8967
4
96
3904
3
182
2268
40
4
3
4344
493
73
1749
9606
1656
15985
4
45
190
357
963
56
1142
11
41
18
14
13776
1
2
822
60
227
2817
4
917
3261
21972
19
784
5086
10897
1
1551
19667
1149
9116
9309
2
1180
630
3818
8601
56
665
10
169
113
1
9421
61
30
154
2566
450
431
12934
447
95
3
22
20167
4403
1308
397
3
8
1
1
1770
3265
6
109
97
3
4198
3793
7
13
5
9
3
1668
161
16
2269
1
37
264
7
1352
49
115
1
3894
2
3241
350
13467
6
3
169
333
1084
6575
27
38
10
6176
17
2170
2
5433
1455
26
476
728
48
1026
6
48
1013
177
1
5355
1
4672
22
4
2191
10723
344
2
1564
1707
18587
34
1066
4895
3
72
13
927
287
4
64
100
4
2
240
15
2
3
24
32
1
493
2
15
18
7196
18
3
2
622
35
704
17230
3597
895
12
10865
55
8
18511
3880
117
420
15308
1030
1018
25
445
832
4434
5943
308
9
1452
16
41
48
6199
15391
1253
6792
62
5
3
58
5
21
404
4380
616
2
23
1109
14
1913
12504
82
131
30
2
19139
160
13
708
3
6974
20604
5
5
1
83
731
18927
8237
7361
552
3723
415
958
6706
467
21418
115
3
130
91
2778
27
295
303
15
3
1
3
1210
397
8496
347
4252
136
2993
1
9
11
6
4
35
18450
319
821
330
107
3
17
57
15
14214
353
820
28
51
12849
9499
901
379
36
1660
1
1956
7406
1090
113
2
15
298
5139
20
872
3082
2136
78
1271
9
3
17
2556
311
1279
5395
1058
2
1294
78
9
1
3
38
3
2
13345
7
6
23
840
1
11
333
1653
14
47
550
5
1136
10
169
152
495
16439
225
3566
1
12
53
214
20284
2
36
8
3
17977
11425
725
10286
3
126
4502
125
13
118
84
13
143
4480
13395
183
534
3
40
1012
5074
19
2
263
657
59
12670
3
5278
81
13
11073
5
9932
8
2718
236
18
2
1595
5897
516
172
16
25
2
46
78
1536
5055
5442
322
1
507
7078
12
480
1183
32
37
3031
1037
278
4083
425
171
14
2
1
5
2
5
238
53
2657
605
2213
15
360
1
218
57
18
473
36
553
11294
10955
10
14
2
2388
399
84
21
168
108
55
6328
1209
19
656
1622
1971
13
243
509
810
3023
308
17110
3180
87
5
11411
1732
16658
3273
12
258
45
7255
57
15
458
34
44
147
1749
217
2295
3
63
9332
119
1
36
134
887
340
25
1425
19
16
610
9
20
929
13
5393
247
154
9964
37
1554
8
1413
8
108
294
41
35
2987
5
3
6
27
991
12361
3
28
3038
10431
1
6
72
16058
4
35
2271
11211
137
3
21
53
1
525
263
1
3
516
3541
3644
1382
15
7
6
182
1
172
545
344
338
9940
1
1
29
10
160
9015
1
3
53
279
23
60
148
5
164
2
2
25
3
1063
4
294
2
3
845
1545
3988
292
15
712
90
12
27
661
18163
21
121
1
5544
428
4414
720
7
242
3
1847
2
68
2
4353
5
11
1
429
663
1142
779
2
3901
7
19529
13318
4835
11
47
9
15
358
3
3809
14202
7579
229
7529
87
98
129
450
2370
1935
4817
623
46
2241
6491
9854
132
6643
4454
58
14237
1524
524
15556
2
65
557
68
32
399
240
3
20826
1620
3801
22
218
311
19
12
114
1794
2
18
173
56
77
120
819
51
24
3102
1
14534
1
3
2
2
4603
3
2747
377
2
54
480
790
1801
58
4
184
45
15189
2
4
10227
1
10
159
1
1
8
1
26
1446
3870
16
14
9
7632
1496
48
387
8
1167
1
3
2
5424
3732
30
17018
2
8
167
296
1
7327
30
27
541
20792
4
16419
3
59
1118
205
765
11192
2375
2
7973
376
13
9
8302
2
122
4
373
150
115
124
1
1746
159
2
6037
181
29
312
1
1443
791
886
344
3
692
3664
37
1125
56
115
1
6
956
12
345
162
4
2
696
33
1773
2
6
15039
79
518
740
42
47
3608
22
14
333
20
2
1
6723
1321
310
2137
7
5410
3992
17
2010
6
585
1776
1516
6
1021
200
204
77
10
299
50
1871
174
2
21163
5
6874
32
2341
207
1
2082
21649
379
3
7
6
188
334
32
8133
4
408
18
115
29
8
4
54
34
908
1628
1548
15627
592
6
2988
205
20
6362
1081
2593
573
4
19
4132
6
5
8
10
520
596
6462
3
63
2048
14
157
16311
2
2
7
9222
3
7043
294
1
86
141
9
3571
81
794
7
203
6
8471
6
112
4
28
4645
3
17266
18
48
4
405
130
2
18
2669
16018
61
6433
1
15454
9
23
6
464
67
7866
38
3
1698
160
3
15
321
137
44
9582
31
19
7940
5
2450
96
10521
750
1162
2833
36
100
152
27
2
792
538
2266
4030
1369
124
20109
3039
2
4
219
5917
20740
12
125
7252
376
254
229
68
8552
48
2
27
20
13
36
7
2186
92
549
16
1
9375
52
109
227
28
6042
95
80
139
7
5650
31
16
3
8748
4
4
70
14953
11
5
2251
269
19
61
71
5
543
65
3616
1486
3133
312
17
2940
4
2863
746
128
14812
4218
161
121
254
34
75
4
3
7
132
4
14051
7642
297
31
159
19
1
12860
1494
2
4666
588
3173
2
15
8915
77
2
469
334
3
13
1395
2951
13
613
21
1
15410
110
236
19489
710
3520
11487
495
1
29
183
84
428
77
1
174
71
636
12149
1602
5
6
2
454
532
4638
237
76
363
29
1
19659
7461
394
1598
65
5
43
1636
29
32
1
1
3
82
21207
1480
242
4292
2
16879
82
585
14558
8974
8893
2
2
330
160
1
2096
17955
15972
16184
14267
67
2147
8
8726
2
9590
259
1
1
4
131
2
198
5
4
42
140
4
3
13
555
17859
912
1119
3791
16976
302
282
16
1304
60
262
11468
11
219
1
170
6417
225
2660
19
3503
97
4
20
12691
617
41
35
12
1
67
6804
21
2416
5076
3898
1693
18480
661
2
18
1061
17866
332
12239
5
39
185
790
106
1930
167
9
465
3
18118
18580
39
5
17444
13
7104
3018
504
7827
2
69
10
13747
9729
355
3309
5734
5120
2
117
12069
6
8
1
1621
829
4770
399
53
14
322
1326
1
3959
10
34
10
6
5622
3708
2
490
240
13025
5924
427
1
2079
414
7
3
1
28
58
4
187
6690
2
10
8489
14456
72
2
15524
4607
37
13
306
2
1113
14
28
786
7667
6158
14
19
3
90
4126
15289
25
31
5682
2
52
30
2205
80
6
1
12
317
179
17
3585
92
1
16
30
1
116
3
3
568
189
558
1
969
4974
18749
2
5
52
1384
17394
19854
69
14
39
44
942
23
676
2444
8
4
5659
780
7523
388
3203
5267
4137
16
6148
633
2
273
1790
14
163
117
217
2
8
16237
2
61
637
4783
4224
50
3620
10
6
60
45
13
112
6304
5084
2662
199
5
2167
77
2047
3
513
13742
161
20613
1
20093
4
1
3573
2
311
5095
2013
2
587
11999
6
461
191
12
7
2498
6
3740
4010
147
801
2
3
2983
41
3087
2286
2
15
20427
501
350
932
19602
1
2
2
11596
34
301
13
600
2133
3586
3
2
208
57
1585
8759
1
9
16406
8
1
33
1351
21
12335
683
7431
1
129
22
388
6
845
5
16
20
19
2208
252
1
2751
3770
44
144
1665
16914
6446
123
3970
52
10
2308
2
175
93
145
2974
439
8
250
11
123
4119
19
2976
10
147
6
9161
234
8
3
1283
8023
91
8
836
39
2172
397
23
6
13
3
43
36
687
244
4329
9
68
35
2128
213
117
5
1
106
3
2
53
32
16
33
69
7977
18
726
17
10
9464
9637
191
2
11378
1
30
222
927
964
10392
41
614
104
1298
17
3
6
1
384
430
474
57
3277
1
22
1040
2731
1
8
1
20142
111
3938
77
8
4
451
607
33
362
1482
5
2
72
162
28
79
2330
4935
18
1112
29
1
6
628
5
2178
86
175
20998
28
2
9519
12
41
902
9981
38
359
125
4659
1
1301
58
973
7
171
9
2
4781
2
2690
238
3
5
20
139
3
460
38
1428
2
44
100
266
1
30
7680
1827
7166
4
352
14
6
5
10
21
4
752
15582
5
14379
3667
11
5440
39
37
415
2313
6513
2
2
2
16304
2
360
12144
1
213
3
356
2770
842
521
2
1185
4416
2
966
115
227
1
247
4
4234
349
11165
2114
1
179
935
131
44
8013
41
1
4
2330
15
4476
43
42
1226
6214
89
6
82
272
126
1
4
1523
58
683
8398
18
1
1
92
3041
11
20201
16
6
47
59
16685
38
625
142
2
4
3
3101
349
29
7
4
1
384
418
7
80
15340
3
24
31
1812
2
148
8
75
27
1134
6
467
3591
1190
1830
393
642
9271
20068
12665
545
10010
122
36
13730
2434
158
57
210
7267
14624
286
24
11
6
37
198
23
239
185
770
575
7
2204
17
73
16782
12
7
3320
12723
750
1
1324
20
149
153
3285
9
35
3
8513
88
4
4762
8
2
12
1
76
7
285
4581
4940
1
9721
225
1275
29
84
1187
14606
400
5072
1006
3
380
17
24
5311
6550
2
2
9
3535
8
350
3
69
1
11
47
860
30
2340
2424
2501
433
6
1433
8
38
7
2433
1
3
223
15
3927
2194
13329
670
5689
9928
435
814
6438
3
154
1
1200
616
1952
425
3028
2846
2
5
1247
21
33
2
1341
141
602
196
320
122
8360
12702
15
19
11
18
40
33
4
13562
8640
29
180
2
6
7
975
1
1
2
16
39
14005
804
60
2225
16
1
13
20715
1472
6616
12712
20443
1874
571
40
6
1501
1
2985
18
19
113
1
16
8
26
3
8
5
2
11308
46
65
758
16098
1049
5708
11266
19
8
1
1976
5
2391
13590
141
151
4841
1550
15698
106
10384
2428
6196
69
10
38
6
5
13351
381
7614
6681
13003
71
1
2173
14873
109
3
2908
1206
3412
48
7
42
6
6
4
106
2
1
3
2843
4
1
125
1093
20
11
2
60
8
944
2
42
19171
4
4
2155
755
106
112
4
3
3
1786
2
2
7715
522
56
57
17778
581
11916
8
4579
4
101
14
776
12
43
17
9
164
1393
17
204
41
8
29
31
15
65
65
9
127
192
1
239
4239
196
13
719
619
6569
4005
6
49
2442
2622
134
10134
8039
1755
8298
4
1
183
102
12
9398
8
5
1368
62
19715
63
7291
2
657
12
1
1
55
175
355
104
1
18201
6
2
2573
17032
440
4053
250
2118
1
77
2858
1710
15939
8
232
63
5755
9
6815
8
272
5
26
9
15441
4
8429
345
276
72
805
52
7330
2481
26
69
224
4
2
7
7234
3670
457
68
19969
13
2
3
8026
1
553
1
626
2043
1883
6289
7
2
16104
1
1373
1664
46
11
6
2
3594
1124
4440
370
3
1
18
9
9
284
1176
2089
8
45
301
76
52
11544
458
23
84
9
14830
510
9
304
1
5032
382
931
504
2771
1843
1228
3
37
91
146
19
40
14
4663
2
787
3622
12
6648
8741
376
10
1
284
264
5435
19409
102
16379
31
2
2397
51
4
409
46
4231
2386
5
556
68
35
254
3722
785
1
14385
1757
4
106
7
12
9814
4
1110
21
80
1
248
1078
652
192
3682
11133
17669
7963
25
1
6
67
284
12
753
2674
212
18397
736
223
139
18
4995
5
970
66
141
1286
1196
3
4489
21
3856
9
3799
2912
5
9
291
99
149
3665
7
2
5
1096
887
10
33
2
6
3757
5
34
40
29
46
10
11525
7154
7872
3
238
127
2
519
9
18
559
5
17800
10816
26
357
93
989
8788
72
3
506
5839
2
653
9
133
15
4779
42
1056
2059
6454
1349
1
608
2917
10
576
3
91
81
10
944
7750
3872
3720
337
2
14842
13810
4
11658
3
45
17039
7
2
5
14
10
13
39
2
11
102
2
58
1
5
17466
100
1097
15102
15
160
2304
53
7
575
1
1
10
5
109
19
7898
165
352
1
6
37
12556
15952
129
56
2
149
153
7
3
272
183
1758
3
4538
106
87
22008
2
1379
244
71
4
294
95
24
883
2
10758
3
185
5408
142
3
13913
14
109
3
1
3
49
3
4281
96
2
11243
13890
7
10
672
52
3
1567
620
8
7143
1698
1765
48
1116
192
3
1
27
3
43
412
7576
2
8377
6866
2458
2307
442
988
27
164
5
10500
2316
102
15
5
137
5
236
6
17
16
18427
47
1219
41
362
37
