453
2
2
13
10
13
11541
137
109
5581
2
307
2111
17789
13
235
4
230
2145
564
19
11
8199
7
259
870
18368
1500
13190
695
3
44
28
1
2862
31
3
7
11479
7
55
6482
147
21
1
10427
85
13331
25
19901
47
3
9271
1
8836
11853
1
1021
6
8466
888
3
18
1705
605
6948
2227
8
279
468
5702
182
288
168
115
9320
9991
19
1917
197
4755
47
1026
5
3
16332
13474
42
2
157
5
17320
397
7
2
7098
228
10
6837
2
25
2
3
122
430
9
5
206
15400
343
27
2
9
6378
218
16
6
4
5
14063
2531
631
586
583
18665
439
21
1
6
6
416
2656
211
11
10
76
43
20
256
155
25
434
641
223
2
126
2287
3118
1
296
334
18967
9172
23
1
69
2
17
549
54
22
10371
847
1348
9832
105
114
2
1054
38
14366
340
9
113
2
3
51
72
73
286
2122
11
2
15
11917
332
10
5124
2400
6
81
2505
19
3799
15986
21
283
10
173
3
714
94
6
17045
8069
99
1476
15155
18467
14994
446
64
451
1
2299
364
1625
201
231
4857
13692
2100
1452
12
3
3
1770
4
82
5825
30
30
2
963
3469
1
1100
19584
15
635
5
4679
1
1
15565
366
2
8930
14
2642
7
16
1
5
29
264
1198
14914
1582
6
803
922
1341
299
1
51
30
3507
133
178
458
10
37
7
3019
3271
15482
659
1565
1590
370
10
5069
1
277
1779
131
195
3
8883
107
9
64
580
35
71
917
2
60
45
2
13
3
2
95
570
3
1
91
3563
989
2
4
305
4160
10
20
136
10
159
12
280
2012
5291
6
4
1264
782
1291
3
62
4
43
17
879
390
3
2
2
860
37
13
4
16158
73
10
56
217
456
239
27
2
507
56
146
13
20439
59
41
1484
3
16954
463
97
362
441
394
251
5887
2817
62
10999
927
219
36
8
1696
1
2628
234
7898
418
30
208
1
1789
186
4780
14
558
96
2
2374
1
45
913
1407
347
486
14834
3306
123
376
78
12774
3
2426
3
2
4072
28
4
23
3739
67
8557
18
4389
2
9
18173
260
24
5
5
12174
28
35
13
3
15
13
628
1460
9522
3
69
8
3
2
388
36
3819
17
11
2
11
11
104
5
89
16684
109
27
645
32
20881
20659
7
1
7
191
1948
153
5856
16
1392
1
17136
6
7251
18
20
196
56
28
1
93
4138
1660
11
7487
3
1422
5
3
2349
200
6
111
8
2157
2452
15
114
353
555
5151
1
103
7
1907
1669
24
82
1
15318
2878
1
7
16
18
13403
4
932
4910
2987
1167
4094
7983
1540
209
1938
745
1142
215
1634
26
2
12
10766
680
16072
4
106
1
315
17413
3219
46
5097
12
12911
6
1
3881
47
423
51
1616
5
2971
16864
10595
25
4580
5551
34
26
3432
7
7649
2847
378
75
1326
188
145
515
471
1251
58
2
138
84
8421
8978
23
18566
3202
63
180
20
481
6079
52
2
324
4
141
5
8
12109
7
2924
27
14
4883
14
2956
14
184
22
56
5671
3289
2055
8
21676
483
4
1106
12
1370
4
22
7136
14
24
5
9573
669
41
7
12437
5794
7
11117
407
21
2
53
253
1
4
4
160
11
1205
31
15
384
684
2
14521
32
102
8
7
82
2
1867
499
6
142
1384
3036
282
122
15
2
5179
1429
22027
52
2089
140
13765
190
16595
34
11727
6911
6
535
18270
461
4605
1319
638
14599
50
973
24
110
10824
2001
874
2
4654
14290
7731
999
89
145
2
7
175
9675
11980
16
2
561
1186
11790
6
13
43
285
510
68
165
5207
48
19480
1
26
3679
3488
368
3
405
2
1524
356
304
61
14677
2940
25
245
3
4
3
8026
58
17
4
11
1032
2
8
11603
102
6210
21
5434
21
5016
807
7212
392
1508
1468
4
884
13
58
602
115
3
2743
3
3
71
12
8
222
529
7290
9
3
1
2387
1
100
2
19
2168
54
14
5
7
79
9
14
117
203
26
207
1714
4936
274
37
49
9779
60
17980
163
1
1112
32
3660
9
143
8
1
183
5319
5
189
229
94
212
139
292
2802
4
2
1037
952
598
1742
33
9
1642
44
12045
19376
3134
171
1
1
1231
247
27
3525
733
23
648
37
18
1
811
10
7568
8
546
1
7814
11418
236
8
5
6344
17600
2
589
355
29
6014
294
18
6
14
17
2
21
1088
40
50
276
1124
4
1136
14138
26
957
60
983
10882
4
1
513
1827
1094
32
1
1
11
1218
3342
5732
3
5
78
893
3
3396
4412
2
1678
16774
2
1
25
2
6
202
2
4342
86
3
1651
786
2600
1015
7608
8
3185
11
2337
5
127
14755
39
2832
263
1
576
44
27
14443
41
410
148
42
3168
130
12
5763
399
1
8331
117
213
898
55
5
8
38
5
104
40
255
753
325
8742
21
9221
5263
688
32
95
6311
526
29
17884
3254
5
88
1437
2
1
3
9
24
128
5
11665
8
2
4
4483
1687
28
1
2180
618
1
1192
1549
144
538
2559
3
1
721
10940
5
12
6
1897
5
790
5463
300
595
29
4729
1516
1
66
2
9
13913
3
6
1
10539
12371
18
4831
2
98
865
6551
1312
185
49
1414
3
17
2
9937
177
2
552
655
20
33
107
6
6
36
20007
49
2
12842
65
21
412
6765
84
68
2251
4
2203
1
2
14214
116
20114
12638
53
81
908
18
329
85
6177
12
257
28
2
10098
24
6693
1760
248
2034
1887
3101
20
10261
3986
17
5
2
1
310
478
4365
6985
12570
341
3003
3
237
2491
937
3544
5
3
108
11177
8
401
1
5611
729
124
289
5522
162
19
2699
1
524
34
121
6144
2787
615
6
7368
39
761
5641
7690
19795
4
15236
521
5235
21792
3582
9075
21105
67
3
7
1377
4250
1
2614
5
43
16419
2
666
7772
131
3759
1
541
2
4
12706
448
33
128
187
3
2893
18865
4116
737
6413
2
4
61
2066
9370
5
4962
765
1980
7856
6
798
3
1244
2478
9471
1991
11
1599
2
13839
5982
12239
2275
2
1492
9884
699
80
3923
9
4029
9420
174
3
20
842
4
9026
14
269
26
4989
968
1
4629
10206
3
13988
199
10
46
947
777
2572
7
112
2191
12305
1969
71
403
119
93
691
45
427
838
1
7
198
19273
3151
16
567
1049
2518
7
6516
9
31
2
1065
241
1
2
2
8603
1355
9
2
9624
77
35
87
19068
13
60
7
380
48
21446
61
52
92
2757
10044
252
1847
994
23
942
4
50
14
39
3902
3699
126
16
261
3965
8
4459
2
5951
24
4296
124
9
2
1
327
21561
5
9
15
319
96
125
3
8243
20222
2362
824
12
34
432
4051
6277
2
29
7060
167
39
15
47
6447
15
4
46
5
5
66
382
17
7022
13
7
57
59
829
2439
86
21218
3
3
73
33
63
13547
83
11
1161
45
3451
4183
6
152
504
309
54
22
1751
421
20549
2772
466
2044
19
23
4
29
2
220
48
2
1
204
6801
41
4
2215
63
8287
3
2
33
65
249
1278
5
2
2
5348
20993
12980
8
11237
2077
10
135
31
149
12
6
46
2324
1857
18
34
24
6622
194
702
13619
4273
816
76
3052
338
27
6
4507
302
66
99
1305
148
90
1798
386
6728
833
21909
7329
718
2
87
3779
15648
33
9123
7408
138
16
5
17
1071
3
161
3
176
4
118
8788
2
243
225
3601
2
573
9727
141
97
20
3
1005
1574
1298
154
1723
119
80
320
36
4
1043
79
673
8511
2
1
351
50
312
2685
70
1928
425
193
28
19689
13119
317
3
4
77
5376
4319
15
92
192
3068
77
87
10
49
414
8
19
70
9
502
2
5492
476
6657
4
2
4
20770
1237
1271
30
6586
43
54
88
8155
8695
2
749
170
3
1060
2909
532
244
662
5
15
55
757
611
3944
625
374
65
621
9
2728
3
79
6047
3085
3237
21332
150
2713
4
741
297
2
52
39
57
1154
856
11
1877
15
57
652
136
1399
10152
266
349
13
171
181
6
3
240
17694
6244
7
6
4806
2263
18
773
1
1
3
2
5919
1083
3
769
157
156
1732
15732
2670
10652
30
1362
3324
1
11
437
2
3378
518
74
11297
544
1
1
91
4
345
14
3719
6112
12
1130
13
5
152
53
3840
17228
3621
7
35
16
3414
75
111
13
4531
8649
36
41
105
322
725
496
11357
2023
129
706
169
4
8
710
267
2
98
2586
3
2134
3
19
9
18765
1445
13049
18
444
820
42
10
224
1818
4
164
3860
3
6
1284
100
2
3
83
1
494
2465
1257
6
2
38
108
6874
25
2
1808
70
10316
2
1010
4
48
20
133
40
163
608
7447
10483
4227
2
9
132
16
74
67
270
4
336
121
4704
62
9
2
4436
25
226
1
271
120
16507
4
4008
12
19
40
11058
2413
37
6
8
179
360
1
22
112
592
4556
1
16
314
19
1
491
14
15074
22
5405
210
1077
17506
103
5042
7527
8376
8112
10
59
4205
151
4
677
26
978
473
1
72
1
19170
10
358
134
42
18076
35
4
20330
2
3
1333
7
31
7940
13260
3360
22
38
75
11
4
44
2
2312
2239
1
8
10
1608
2
12
23
1118
216
5
17
17
68
15901
4
90
11
2545
172
7
15816
2
3
794
1532
15
5
1557
331
12
6
101
7174
372
1148
488
291
903
2
1837
12504
23
35
1179
32
166
8
232
1
158
1173
10709
851
1959
10
16245
38
1
3640
1211
22
31
273
5
1224
