36
2194
13
12007
2
379
2513
5
2106
122
595
417
628
136
670
342
1
1378
2
6
1
74
1
93
103
3052
119
47
556
896
7024
9
639
1
11056
9885
4
3
7473
48
65
9
13
50
399
94
8
38
3
34
18513
273
150
1654
4
2169
1461
17
1048
7
5
52
15
219
740
32
2550
5615
1861
4720
45
156
5006
1
43
613
4257
1218
10
232
81
10
26
14
8333
6942
11
72
1
9486
1573
339
43
25
5420
5
11253
6881
11590
253
136
2528
2
2
2033
6
40
6922
2
1
187
64
1
7606
173
61
188
1038
13994
9076
17
3199
929
5835
3
3
473
2
1749
792
17249
344
7833
193
3
49
5051
17975
20584
1754
345
18
682
2
81
115
7066
145
7
17098
3631
9
3
4195
3505
240
3
25
1
1
2920
121
4
9
15837
4
5
14
310
10
84
2937
3344
4
1423
2903
1962
2
150
76
558
2
12257
3
1
39
1
721
211
518
16
7
1
1698
327
5
3547
381
206
276
78
20
210
12886
4346
654
12
9
14412
10516
7385
10211
6
6
220
6
3642
67
10863
99
9
15514
1002
3979
180
29
12
6
6
3
308
2
5279
235
293
46
28
53
133
1823
405
323
8187
1664
5
15
637
141
1342
61
21
75
8115
375
2
16215
4
60
11
238
1
3840
259
18
90
28
102
9655
1082
5
280
28
30
9514
3444
3
93
1
120
178
8
2
585
47
71
923
926
20
30
3276
12735
329
2
374
124
7
5
12
2
13
55
7973
16455
72
12
5956
6
12042
1713
1273
875
15
4
937
59
11122
23
24
2
564
371
19869
12
6
11320
412
9
26
21
335
4
4
38
14540
3
378
13
1
3
15
19
147
17
3
5201
142
1326
3454
217
16749
776
12
18
11
19
1288
535
13709
22
6901
6
359
2
223
16
438
9103
34
12
1922
33
12329
53
32
823
2
6045
230
212
5436
9627
5991
442
16947
10
4372
27
11693
1
3990
6841
3
4014
2
21704
87
3536
288
7810
9
137
4623
7
46
19
16
2681
174
5974
269
785
4
515
2009
88
57
1
6
70
260
11
9
3
61
44
7787
247
7
303
2
245
41
2
85
22
12623
2
8
860
51
124
9
4
10
3007
982
9
2
3762
20
20403
1161
2
6760
8
1186
4569
1532
42
263
778
5248
105
47
7192
153
7539
39
6
76
10
265
7
1
13
201
11866
561
9
886
976
4904
811
1
15
1
65
2
20705
430
15
406
1407
215
5
12
2069
31
35
44
60
60
9542
282
1550
1578
2753
1708
2462
845
1179
5
6
48
1200
2039
14286
4
64
14669
881
11831
2
4359
2404
2
1
2
118
2314
3
6374
82
84
3
19010
88
20951
3190
3434
286
1
597
19636
2118
17
2362
96
8813
11624
1151
1394
5
10
70
12698
2
5
6116
3674
206
408
1134
101
2
719
11936
10
35
49
321
11287
13
86
948
33
161
5921
21
25
20283
3
8
1649
548
18
538
30
7696
254
1899
606
32
10302
5
1
91
402
50
2
16699
4
74
21
7
7
14
1
2081
256
5
573
419
107
8684
13001
3
21013
4026
84
242
27
98
4
10
1
588
439
2
34
27
234
3
48
28
1
7926
4308
7
7234
1770
12
4424
21
1644
87
17351
16025
23
4437
37
945
2
2
69
16
235
2175
6
8735
68
4
1
6098
30
1115
143
39
14244
2
1108
3
474
1295
231
4
7
5
3
17148
13830
7
6821
1615
4
5171
13194
3578
10991
13078
401
66
59
555
4038
40
93
1314
15468
48
700
10032
3909
6
7628
1
11
16
17402
1928
186
1
13508
22
6
3305
3589
4385
116
3599
2
7
1402
29
1
4
296
29
1
14328
1
19463
14160
7
749
38
14
62
352
3
31
38
62
1546
11
1678
1
46
1
14
41
3
10
6
1005
2
3
1415
6393
20
2761
1193
684
912
65
14800
1
8
2321
2
4
716
181
10271
11488
4
55
3
1872
83
360
15744
1008
14583
472
2
2
17
6
26
8139
8865
158
148
251
489
1020
1
4146
4
6
7
5326
21
94
679
354
9570
5
8
968
12113
11
2
53
110
128
23
1042
172
50
5156
155
1883
2
163
26
118
5
1350
3807
2087
7
23
5
760
21
363
32
692
21
462
12
29
2565
891
1449
5
2253
28
4245
55
617
326
38
51
469
5
291
13389
62
318
24
113
6
10455
2
44
2
247
19
3
89
13429
1432
8044
5341
3034
66
13155
10003
3
14756
6449
162
129
4818
1596
2454
16
16262
744
3106
328
5125
11556
8658
3
1362
135
4542
20523
69
2
10
57
1
18296
4
1076
5
2573
532
25
1
3495
3134
626
56
4097
1
2
2
9
3354
3751
5
103
4
16
537
4832
197
47
19
4
400
4450
18
171
1182
22
309
2328
4061
7651
36
140
459
441
2
4748
2
863
635
3
39
20164
20223
15
6681
1985
1236
56
59
3
9
69
2
13
271
8
2
1
843
80
1398
2
204
2
268
53
2535
4110
3610
38
80
19
729
12549
825
15790
4502
13311
2619
5294
9
131
10
123
529
392
3
7451
4208
979
1905
13116
213
103
6062
17
1765
100
2201
1866
8
631
497
4
11796
1703
6281
706
12
580
1559
3
11762
620
33
3218
1
447
2
132
174
17
198
149
167
10
57
8
14035
67
1440
6
14
5
19
183
17609
1258
1582
11
6
835
100
940
14887
1
2
2
24
13749
126
2543
5
449
437
8
4
1951
311
1639
34
19
2063
6355
2027
2
1956
1527
6
274
90
28
7
322
1
14843
6741
120
6
4220
794
2
369
833
3
583
1
362
4
622
1744
16997
771
10
5405
22
27
1780
6336
22
1029
5080
1095
5869
16
151
641
1203
4933
30
23
714
33
26
5
16
47
511
3403
22
5749
2611
7
2
1419
8211
11
49
123
2162
18242
828
25
22
4991
11154
774
6
9
37
1
10485
10424
12
23
8
314
13
1519
36
543
138
190
1175
2
12
5
2
4
16848
568
89
664
225
7741
1098
1
9
18
9915
15652
600
30
5
15153
62
11
245
3
32
434
133
1026
364
159
217
78
14370
197
753
736
1839
127
962
7
956
19066
101
20
3920
7
258
2
4
166
3424
5
5
2
1079
18
3
109
994
486
10578
8
1734
135
356
553
586
3228
2
2
7150
150
487
6
1299
1592
2
119
4
508
2946
99
29
3
34
12512
3
152
953
114
7213
71
346
168
2
2
66
1
16359
227
4
1066
34
1
1
112
747
18
2341
2294
1
61
490
301
8
332
5533
3247
1620
9770
45
1523
1261
11
176
2
2
110
113
10
86
14
4
262
139
4
20
29
13232
5
16552
33
16
727
179
1124
8091
95
870
376
54
904
915
45
11
40
712
19752
820
20889
49
15
198
8
249
39
79
8557
2
373
76
526
934
1601
734
40
1390
3143
55
2
31
6
5566
1011
6
4962
5
818
633
3374
1945
2
3
1606
3874
806
704
21450
2
2981
63
2
2
1073
483
56
52
629
53
5373
41
4
270
34
167
5
37
590
2
237
7
7
282
1611
2
42
8
6
261
149
985
3955
7
6
32
14
1683
5716
96
98
272
7
4651
18188
12221
3897
751
207
3707
9
243
3414
2
3
15
2
2267
4
5
35
4
1
2
65
15
3
2
4776
1483
14118
64
1933
9184
7
3
304
762
10393
9458
15423
189
2280
5
1939
52
134
5
3
1510
3967
1374
502
17505
20
1118
21
813
1250
5
4
141
129
6
71
5783
5852
121
3079
46
1
18
4122
801
25
8163
3
56
16
11
16
126
6
1
6299
694
169
96
129
4
266
31
3
14713
3485
3
1101
2689
830
15
13
186
44
3043
13
7561
302
29
2
384
22
10895
650
14455
9293
5
1796
2
91
41
393
10704
35
160
11658
2
133
12586
50
24
19
4875
1
2
27
11
8
41
15
931
15560
36
25
283
21833
3153
386
1063
3
85
10
3
1370
10062
2075
8382
160
16407
9347
30
66
2433
1688
12
14
8
17047
3
88
10
4134
1911
4476
44
403
142
6526
19292
1155
7
6189
182
10
5818
9827
266
46
15197
2955
4
11
26
38
18843
1630
221
2
4
3718
569
3237
1444
2051
17
5
3
6207
97
52
3
6
2
3
21
461
2
13871
63
1888
20828
6
4
63
8891
158
429
16
1
194
563
2
15242
13
3
16
214
6027
1
5
7
4295
55
113
20045
2
965
21387
91
2220
11
658
3
20
8943
5
6
767
18567
17
8
75
8
14077
4
17
576
35
3
2
31
769
8
143
11971
99
1158
53
2
107
764
9
106
4
18
25
2
2
409
477
3
20
3
9320
1659
3
22
1
68
107
2
13628
2
5
920
8457
8407
2963
221
2
2634
1128
2603
300
593
104
152
398
3364
2
6
411
4
82
19
95
5550
3886
2
1479
6564
3393
4
33
56
804
1225
343
231
6545
2440
140
3256
799
17870
22
15287
177
59
281
22
279
188
1254
4610
21962
5665
5
3
604
10
878
1
3
2737
6800
19
101
51
1635
92
6
1210
391
3
168
425
10
256
758
396
2
26
12402
5766
1358
162
2273
10610
54
87
1
60
2
23
27
2469
10831
43
4762
1729
20766
218
2
73
7
5501
13
7108
13468
394
13
6701
1
5389
21324
2
377
883
1172
2
2
3516
457
481
2886
58
12
13
41
81
8
40
4516
1311
112
6009
159
16
15931
1
1
50
1
4664
3
118
413
114
8532
14
3
306
80
20
1346
313
2912
8432
13039
49
11353
301
84
2
1850
7045
8309
208
10
1303
5310
2869
48
57
2
15
7320
660
380
4
132
275
23
1338
70
6225
7
47
16072
1979
100
29
1
2861
991
205
11387
1
6
17765
290
8
2
248
3795
71
41
988
74
1189
9
94
7
111
1457
2
2021
4
3334
2
39
193
4
493
13
8
1474
130
63
550
466
2057
11
21
36
2376
341
690
21262
106
5217
3
1
27
4846
242
121
3116
615
170
17557
520
2999
6
85
288
20104
90
652
3
1492
24
1
222
5
116
26
2383
26
8633
10
783
21769
40
25
11
58
2
873
3070
16167
1014
8
163
18
37
1
20
52
3
1759
13668
259
116
60
3
11727
334
1564
29
65
37
19810
9599
1
725
5
19235
5
355
22
14
30
16897
1054
31
108
4
7949
191
7
3
3
90
13
20
4002
175
5
1322
21075
20
1453
9684
1070
18677
3
574
2227
1045
175
467
50
1
6584
134
28
2188
2580
6
105
5
38
1
5
4
67
3
423
11
51
4977
5583
18622
22027
3025
20
23
4734
33
1411
1
3209
13
514
15108
3295
5939
850
1307
25
686
21199
7
2397
241
337
3
7495
2745
189
1035
1
233
1023
215
2
2713
7342
10767
2
107
3696
463
4
5699
7856
19
27
11
15698
185
787
21
13
5095
44
2
816
315
902
68
2
33
2596
838
688
19
3
292
145
8
104
422
9
18
899
4183
78
17
307
75
18028
546
847
1569
201
33
1436
668
8709
86
203
1817
228
5469
1
11420
2348
3
1555
656
15
578
156
1
4583
1105
13
177
7087
367
2
11
338
72
30
1
54
624
11
2
3621
5
4
209
4918
3
15
2156
239
480
203
1
11
77
29
2
4
14
11
648
23
2673
26
790
64
4
32
82
331
28
2240
3
165
12
14
2182
31
17713
16
11220
12149
8917
219
455
17199
2
24
7
11901
8284
2
4
509
199
1844
3
24
2
148
12
2990
1505
503
865
6983
43
7719
388
808
7
1
1265
1
22
128
4
54
4
33
6
13548
61
85
1501
2
852
1
2447
2124
10
8996
2
678
278
10091
7299
4890
14
797
8
228
523
1
16650
2810
72
545
4
108
2300
30
2
450
451
9130
3088
11
418
484
973
226
3266
1855
171
21577
7363
210
23
176
3557
42
476
34
106
13953
2794
240
255
204
17661
12
2
858
1
43
61
1693
9157
4
30
120
2769
131
2131
20463
5
4321
19521
18
5599
2
25
1997
73
267
278
5
8482
1
1
2505
17454
5110
3
383
6244
1247
11
59
1
11
4
50
4085
4
415
1196
365
9430
19349
1
3162
1
7
2657
18404
3474
8
20
63
170
10
12
2260
1060
2234
2
5021
3
6262
157
445
951
21
10
27
37
3
7
192
12293
348
9741
4
454
1739
2
14
1
8260
3
6623
2
19
1786
264
81
74
6
1354
207
4
4678
1144
74
97
3314
10363
9
2
1427
723
1382
6721
233
1
2498
33
11522
1214
16504
138
6
91
83
756
23
2558
4
98
9712
3
1466
2207
39
5
534
5
77
13588
470
1
2
4
17
6080
78
4333
5682
18898
618
1625
1
7
257
131
52
1276
250
959
24
2852
173
4283
11454
433
2
5
4804
2045
4
8
32
3
200
12
2
3568
146
9856
36
3181
12
12
97
37
731
1138
10
855
178
350
4
16119
11
4411
7
298
11
840
64
1239
1791
20
9973
75
2150
8
10241
17
1894
3
19694
1
20343
122
5
2
1
3773
128
2
11
5
12
2093
1470
10151
273
351
15
58
72
2
115
2877
7
5
7583
3
2
45
4
6
141
6
2827
77
24
6171
1916
112
32
1
1366
12
3
1
19179
1488
10927
7673
15606
414
15
1
39
9
154
407
2
209
62
1
2
1801
2
56
4
370
608
1
41
9375
94
10
7879
36
4
3061
1
366
1877
1
2588
1111
6318
214
1
80
43
53
14
30
12924
9265
6507
424
2
194
2247
3
7277
5
1587
702
36
5732
2100
6
216
16
246
395
358
31
57
3
43
2729
17
83
319
2835
9211
12185
18082
67
2
674
28
324
1
1
5
5904
68
42
3171
349
3
385
252
2369
8
4
1
51
5141
3653
2
4
44
47
104
153
3
5
35
81
1
581
105
1089
15884
5
1
2
4
16
4556
4947
3664
340
6
1141
3
172
12475
2802
250
458
1
34
79
361
3740
164
6603
7
21641
184
7
10
305
8
4
10332
7407
9799
1
1
14626
2355
125
2
1269
18
1284
93
2411
8
31
1
2929
592
1057
3526
21514
1514
7129
31
138
4692
23
320
122
1
15
92
45
3
48
13
20
2214
531
7764
453
942
1232
66
2426
15332
160
1092
14
35
51
1207
19406
18954
1
15064
708
3097
1541
2
517
24
9
2143
5
2003
8761
14
3
1017
22
696
24
14
11089
4790
3
499
2
143
387
179
6468
17
27
36
147
3383
1121
3
13272
16
4
9944
6642
1807
2
7
6
427
5453
742
312
323
15
79
19578
1669
27
19
26
2
10
353
9
13
7
4170
8
12078
1812
24
103
7
2137
17923
71
15978
2015
1
12962
17
9
8
17
16601
15
169
2
2
9
2
8358
6
1148
2
19
5036
73
16798
2650
14931
100
136
10672
134
253
23
5485
1
285
9
25
2778
18
123
1968
3
6134
5357
1834
37
154
2
79
54
7
2
7517
13
14
2112
39
910
566
8
69
2972
4
96
144
1496
13
1
139
571
8607
4158
42
6
542
6
284
1334
1
38
1991
316
2334
13912
42
6662
3016
294
14
738
1
16310
67
6
87
2
125
3
224
4
2
299
18
19122
1243
6963
295
2
7429
58
3
70
89
289
3
77
1
389
7
58
28
330
181
58
2
21137
24
4049
3
202
2819
3
20644
3125
13350
5263
5186
644
19
347
2390
40
25
3
54
3464
83
317
506
4
4
130
10
888
4637
1032
2
18
491
2483
2721
9
22
602
75
999
1674
1
4398
70
9023
111
9
1
25
19986
6780
269
35
1131
164
1386
82
5232
18
780
3
1168
1
92
17
5
8
2
6
244
237
21897
8582
1
3685
4861
8
7903
9
9
183
10121
9
1280
14202
1
894
2844
443
155
2705
368
3729
12
14
2
117
34
161
2
16
40
45
500
19927
3932
3324
336
11024
2
2476
10
3784
9
154
698
10
333
10
8970
3
3
609
676
666
496
8
26
127
7
1828
432
2
12
7256
35
3
5886
17817
109
46
2626
1
551
1
27
428
10547
3
4
3
190
1
14
185
195
226
3
8839
117
2
115
13
643
1330
4
2418
86
42
157
5
611
3829
4073
165
505
1291
111
4463
1
59
15
4529
110
918
125
36
5
13
2
98
144
2697
672
868
27
7996
1
12811
3944
646
195
997
5649
512
1
19
8787
78
95
16
102
8
1
11187
4706
184
907
196
200
46
18458
229
309
21
1
1221
8020
8
51
12439
325
166
126
1085
4489
5800
29
1775
14498
436
114
24
10641
17
49
6
6861
446
8235
37
109
73
5065
67
12848
11
223
479
1
4232
3852
12
420
4
3
3
1537
465
57
15377
137
559
55
4
710
12661
4596
2
521
662
5
10735
18732
2
48
10799
5
1318
970
1
2
2491
3
9049
4270
1
182
1165
297
21
12773
524
31
44
494
8
32
6411
236
9
540
13790
5632
42
15019
18350
2665
45
89
12366
6152
17300
1051
3818
8507
2786
146
18787
6487
9403
2
18135
4
43
9
18
5517
191
10
8067
12
2642
6
49
1228
68
6430
9
2
14
2287
2520
294
146
3
2894
527
45
76
10181
6
9
5
224
9238
277
212
6
1
1974
287
15
1724
10959
3
599
108
7004
28
7
13
1718
7171
63
7
17
21
26
262
14975
102
2
28
4
2
117
151
3285
1
2307
3863
15
