50
11113
1503
2094
2
368
1697
9
100
7
675
11
14
8
26
234
5906
932
33
1584
153
3
9285
3285
84
4535
89
13
17
1433
11
36
18
4
10
2
17739
1
1682
25
260
3
1
71
8
1
16
873
916
13416
6
73
150
1
2
1
5381
20911
1105
2
2
27
217
9067
5346
1144
3
463
19
323
394
129
918
20112
9
1587
120
7979
161
294
7223
4
1
59
1839
942
1
238
6
13859
5583
2
2605
16
223
8101
56
151
17
8136
4
4
12
44
12
25
1320
1096
170
124
4
54
1
371
102
196
9759
495
9738
7691
2786
2
4506
12
79
476
1
5880
6977
3535
12
4428
5
175
9
15782
338
13
122
13621
11283
246
39
327
4
7
21555
13
5277
3
1113
13680
2205
40
11630
883
9951
2
74
18
8
5499
660
20463
1
3781
33
13
576
206
392
611
5996
582
10
5209
387
46
87
867
8815
4
3
3
59
20552
5475
5
21
164
11833
17396
26
18088
1
16302
14
58
2140
134
57
27
25
5463
10
12518
11
5198
1988
5619
24
7842
4565
453
178
48
269
8
627
591
6
650
1530
331
43
3
1
62
2405
320
4
6
2
546
2
13
20686
11
2
3
4
11
14
2
107
3
2215
1190
49
758
17
3356
24
7239
26
2
265
6
182
2
10
806
63
564
14132
66
3520
1235
129
7
15612
2149
2
23
34
5
699
19
20
50
567
1443
196
729
3864
334
598
6
21
37
244
3085
2116
2273
2
19094
123
15
158
8423
5792
4525
3
5
5
34
13
1
503
2353
11
3
8
63
454
8
672
10
1704
2027
23
6
6
132
205
15
7429
13
1
278
8014
10852
21
4
5817
472
145
1159
4324
585
16
5
5254
7
126
21
4
166
5
400
150
4017
17
55
15
1
205
237
2
85
1309
38
1
3822
8552
17135
4079
6
78
10213
8315
4515
1275
8
7
4
15850
55
7592
2258
366
10735
5804
6
291
81
120
2328
7
253
86
12
11
201
198
40
231
14
13
378
4
2703
3
3668
90
1323
41
2
3193
2468
112
318
3
1
4409
16
9717
2
2916
19
12171
3386
5
1361
926
4675
45
613
4808
4
146
1
15544
18
76
13651
185
3263
17472
97
57
137
2
9994
76
1556
6141
251
55
7
199
3880
48
306
17
9633
8
2
8
161
3
50
1
19427
468
60
6
7
9
59
14
4287
13
11962
13
193
7023
643
5919
8
5
584
906
2
553
2415
5855
179
10437
1474
8
4685
14
3
17
16
23
7
691
333
91
1941
26
5668
12
1811
1229
412
23
1079
3
18564
16516
126
1983
1259
25
47
15
2
3
1358
2
6181
7
299
9
1
3708
10191
4
656
1370
17
264
16
17
84
4967
340
2484
14662
5021
71
5
34
5428
2634
516
6
6
5075
422
858
8701
141
4
1120
529
762
66
7
5
1867
4
10
5
2
8497
1154
7
1045
2589
1
35
170
10781
384
448
15048
22
4594
7
216
1127
6553
851
13
520
877
12765
52
37
10103
45
755
133
84
1458
35
792
19
8
94
45
465
9
16841
17434
286
411
3
221
133
38
20
670
6
21
1
18245
21931
385
4
1409
1
5
419
18
242
6667
525
7
98
44
2
30
638
43
12014
12
116
92
1
16
30
6
51
2686
4
21884
2
1954
34
2651
2
3125
112
10
1164
2
1
8478
1086
3
13
4913
18
24
824
35
2
5868
390
938
509
6
11
176
3
5
2
1843
1727
4362
4
23
88
4000
169
116
2
257
20641
7
5393
4268
52
1933
1
2
1415
4
3
1306
749
28
7445
47
2
24
17209
4545
4
1172
3
66
13044
13301
2
83
105
12
2283
66
446
3724
3652
10
7
35
31
79
2098
5893
12040
1
8
7270
7725
12
3306
5
2550
1510
4
12303
5
57
204
2
2872
4
380
10
904
11017
90
11
8405
19681
13
5
2522
1753
18
408
31
40
7
1966
3
12820
2
102
2014
7
2
42
155
193
277
14789
1
12
2
2
4850
3270
1625
8834
2
3
28
57
34
1
53
53
19639
4277
5042
11988
13358
53
12709
53
135
9823
22
676
39
6454
220
11137
6412
1
283
8
3
3
1
1149
2622
16
2
4892
376
4
6022
27
287
5
64
32
9126
21093
9675
7962
2220
1891
101
679
684
6
34
17
7
47
12655
2910
116
18
2680
11
2
30
481
2
27
384
13
4
78
76
226
14286
182
7
3006
2617
20419
1270
1650
8
930
1597
1
207
9366
4241
15146
51
434
10125
11332
24
70
25
318
545
32
7
4
151
4
254
8084
2
6798
207
322
4644
3
19
34
3
7254
2762
1343
1005
72
26
9
86
2463
3
13562
820
61
2
338
68
4
3613
145
18324
7007
1200
1693
45
13
3
954
1192
1177
7
13
4204
4159
190
3830
9
1
160
275
1427
515
3378
7286
908
555
53
7809
8758
29
599
89
275
1979
89
2
21
189
35
51
4150
6
975
136
15988
56
181
42
3931
20
6711
102
130
2
1
10258
21
19554
2
191
248
35
1
3
3
73
93
4026
23
1
138
2005
2829
19
17024
2
1
108
3
6061
37
14
610
1
6
3
460
144
2
1
39
1
3393
2
355
236
59
3
237
10
17
7
4654
653
22
58
423
3
296
952
11234
1851
75
2738
14983
119
40
2
339
20
17
1618
140
25
950
1883
58
12
56
87
1379
797
178
7
5
15
18685
33
267
2
25
11530
6
708
3
869
2539
57
7
2229
31
40
5097
4486
1795
16444
1500
1563
1352
2878
19
1
113
8570
109
3914
543
836
1611
2
15
5
209
4
1
2
2
4574
49
94
1084
125
6482
7
5
11307
3
18
95
1749
1827
19177
15477
130
586
7894
34
10875
3475
612
114
7
6
3214
5266
10482
2866
9346
8
1738
1137
373
240
290
1494
1
10
247
80
217
825
2
266
2
15
8
5
15444
29
127
129
7114
4725
715
4343
10169
3676
2
2
2112
1
69
3
31
123
2732
4
719
1465
12
2
6316
5830
20243
359
6
30
5
3
6
44
570
228
154
256
3
5546
3
27
183
24
111
1397
3
1
29
67
1
547
967
139
184
2
68
1047
7084
12600
694
829
1180
222
14
16
31
2457
1835
2196
1103
4
108
121
20
9696
1
6
3256
4934
14567
20
50
52
17586
3847
369
270
353
5164
8
115
9
29
1
225
4977
4
112
703
1
1
3460
291
21323
154
132
5
969
113
211
2191
118
10
8
6
626
3957
1264
5
153
8873
10459
3
176
1
875
2
2062
227
21789
22
6
377
469
11757
4
413
477
39
106
5
10
4
22
1887
17172
100
4
71
46
284
241
5534
3342
10
33
5
12330
404
1
5369
1
717
410
3
514
281
1570
239
690
2
18166
4860
35
17971
2
4
687
1
241
38
4296
44
1462
3
1
551
6
4168
121
17893
482
6343
1
1490
14
4
332
4222
563
2163
31
206
14410
7038
75
165
45
46
50
50
1117
1
292
5656
741
2186
19
8
402
14
5
1668
22
33
260
8
124
1
1040
2384
5767
2
30
621
15244
804
2040
5
1746
5631
2
177
7
3
1182
173
40
140
13
181
574
884
14886
21002
15377
296
396
1284
147
10
2
443
8
36
2768
2847
6
11356
114
21231
215
802
1
54
30
3051
36
157
3467
48
731
3
435
4
2442
41
113
124
3
164
35
3597
827
450
6872
11
103
9447
6
2
38
52
1
6194
4
1924
7
840
648
323
313
6769
31
860
7575
273
15
1730
170
3872
58
723
3
20
17
23
10711
90
29
3789
1
11
3249
288
110
14255
2645
55
6
87
3
91
1
928
6624
21
1
7
9550
28
325
214
131
77
3497
4087
13101
84
85
4
12
1481
54
232
4
4871
18364
1719
289
7
8
595
2379
5
1
60
9
760
19
68
14
1335
1937
15277
1
324
3019
13740
2
15
303
3
1025
2
1516
20
17
9106
725
8
394
22
440
728
11258
15
183
13329
144
1
948
475
28
2
11
9427
2
6167
2
2
2
8
9571
41
83
1
5153
128
36
14224
1526
3
117
218
12
167
8369
67
98
1147
56
3716
497
40
374
78
106
2
2
72
50
7859
122
10
6992
21979
18
21277
1122
4
1
12573
1
960
300
7053
95
528
3
2
363
82
4777
1920
4
393
856
569
155
360
46
7
4555
10060
15
20
4250
1799
141
7
3
68
2798
3
958
1240
317
4043
2
214
2
16
7413
12197
1
6
14193
2410
171
1
26
1855
389
17548
5
330
27
510
12464
17098
20069
5
17816
13710
2210
2182
14
5
415
444
1
3
3797
21
13
1723
11185
284
1
51
21
18206
28
1
19218
986
971
33
1543
196
5
32
316
2594
1
3408
16950
17246
3748
14
16
105
10081
357
9
6754
18
2668
194
15
2
431
99
30
3180
54
8261
1014
349
1
1
1139
4
12
5232
11
6
8154
784
20
16
5
1373
1
9
3
1
199
4008
2
6
665
4
3
198
2
3
13889
9592
22
8207
2
14
1098
26
688
8031
3
16092
6
41
7
42
5
1780
4052
9
92
90
2810
229
49
2
199
5
1262
16659
7
267
1295
21
6468
83
1167
116
14
1
41
24
1
7
507
1
10147
4
1038
620
59
914
89
3364
4664
6
70
1912
174
2
9802
32
121
56
2
11210
662
1573
8
163
1
109
2
6784
2
277
3482
3423
62
2
9086
54
636
208
2144
11
2500
103
135
19512
51
7349
522
74
2
23
14040
36
29
9
3
18
185
668
1059
3
32
43
565
5
272
99
12876
496
9
53
1
9205
988
10369
76
7775
910
2
312
1949
183
294
3221
93
123
700
304
25
19260
9
17
3
9887
65
11
24
8
789
23
352
12410
13016
2
2
1708
3228
27
47
234
6725
17932
5842
617
17061
15
58
16409
1803
29
2611
3
2
1224
9
1
1
123
2
19
702
1412
18444
2153
2691
43
364
7068
7741
27
1385
4
5
46
5
549
366
2107
7
12
559
102
1452
2343
3
1421
3
18970
5
1
9
5
1819
255
12
6248
2103
3660
23
4829
104
1629
80
388
452
5
3574
13186
2
2085
635
5032
513
2436
10
3605
2555
17
45
69
630
1686
3
7510
247
5
3
314
5
3112
189
3551
53
4
235
2
2364
21369
21
2
39
18929
9
920
4839
6398
3
6524
8
47
104
92
5
21
44
7543
197
304
43
1
213
107
2
8
8279
8950
14757
3839
15310
16
19596
854
6
23
536
20597
20
192
5931
362
21742
2
2
11
11
401
12627
67
3
2234
342
344
1349
86
16914
29
2600
5
15816
5053
3
9
184
29
3065
8
1580
16768
6
2
538
47
409
9
14630
604
1863
64
10
11
14950
35
1958
6
3
69
3032
217
842
3490
714
6009
10550
2780
61
281
3
15080
12
140
3644
19
54
7302
301
16373
32
25
5010
480
5
722
11655
162
243
2308
15178
1256
155
5175
159
1
2511
39
264
657
5
31
5
3
36
3
7
3
6
428
91
2533
2
1063
10
4
517
4
26
7
29
2
437
5
492
32
2130
265
1424
4
13215
1
46
8
1346
15
1108
5
1020
580
124
11455
19
415
5064
2
2986
359
3173
3
4746
2
335
202
16551
11
27
46
6
2922
9265
871
2400
365
403
10235
3313
1391
787
3
8
6595
346
5
50
51
42
1654
5
6610
2
18
13
20156
17
65
69
263
3897
1471
666
363
75
227
27
65
11
41
21695
10970
2
1
1001
20
2628
21462
2
11
2076
306
4259
4390
28
886
11
128
12
14693
30
8
50
15713
7462
211
4
132
40
7
1292
1639
3528
240
471
2473
1
11
14
750
3
1446
1
9612
63
22
7
33
1716
2
4195
45
4177
10392
7130
152
1243
15
25
31
166
566
1
14162
28
7161
4
2
17
60
2369
21
4352
381
2
143
4467
44
3
46
61
49
16
64
10
3
1604
14
11505
271
7997
685
71
83
101
451
40
6682
8
136
16
16
1879
2639
383
17359
4
33
1
4
4
156
6048
7
1187
6
38
62
60
3
16232
141
2
269
117
2001
1
88
4315
441
2
343
20375
187
16
6740
587
14379
9
1007
1
24
23
1
4
375
96
8066
13919
107
6
1
2
14
10
81
466
7192
39
14348
257
210
3
8
541
9407
4
2009
200
1
73
6
21048
7365
5334
10828
752
302
1632
261
78
2960
125
1
785
1
539
61
77
14725
48
137
246
3
3505
1992
119
12250
3038
73
1
6127
57
10758
442
4
2
172
3
3
3773
7911
790
15113
1066
2318
11
69
3855
1
10038
1298
21415
902
70
8225
3
6
16162
5
2941
17700
5
65
12145
9
40
3
81
3
881
1130
386
6302
223
63
57
30
2853
3430
271
430
632
3
990
250
3948
17
235
159
95
2
10
663
3012
4
259
4756
2
167
13
70
13
320
3
18010
21648
95
142
340
5
2
5970
2993
44
176
10016
3025
673
208
831
5131
16
399
1
38
1622
24
1326
3
1075
1
69
2
24
25
20
809
35
467
6
11859
652
3
125
179
6330
22
9509
3
88
1
18
34
15511
9488
983
1329
5
16
1608
706
1169
140
20
2
2249
28
1
15
479
52
5
3
697
38
142
312
9
6
1068
161
5311
1903
416
1
398
5558
2
1
552
1
46
17
6
279
59
14598
15
747
1089
532
8
2394
14
1566
53
6
8892
189
1
7
2884
11555
575
23
23
12931
2
14472
274
535
48
1560
1070
3
19011
2750
63
9
9973
316
56
5439
129
1
4105
4438
350
506
4
493
1
2
138
11406
2
18049
557
6
1
992
7
4231
6261
1899
3
2167
1023
137
22
5142
4988
48
898
6962
7
72
6101
10
2
1928
74
83
42
962
10
13
24
461
34
103
28
400
7
4999
2792
3152
3071
2
41
4419
524
6
3242
300
12545
11910
801
681
2031
1
996
100
244
114
1
12
12
16695
4
16987
4123
10
678
2
1034
27
5730
934
65
22
705
101
74
5717
3
156
12
2
11580
47
20957
7826
268
1
25
67
5
25
91
6
432
38
843
2
65
3299
2071
62
12
2
228
21
2
167
1029
252
18
3684
10
16877
682
3732
2022
9185
26
3
250
1272
1664
39
2
1440
16
1237
9
4
4787
186
30
1027
302
118
39
711
379
160
2948
2528
13
118
159
11
9
11
2
40
11
104
2
293
4
67
62
11884
499
8
38
1757
10946
1
3118
2721
20025
2293
2313
11041
519
6
37
9
8
2
51
726
4
139
12384
5086
2
1281
7559
2
4705
186
3159
7318
486
8049
979
17
194
1232
4371
659
197
336
1203
22
1406
24
28
201
642
1
1213
367
146
11
2303
1251
14821
4
39
4
236
1110
13387
11
3371
4
46
95
1916
2
8
9
18766
24
30
2804
6
1195
20776
32
634
571
5
4
739
79
13
853
1540
33
5643
1546
4
5
10302
912
20
315
42
4
349
4
2
6114
97
2
49
19
335
4
594
17
158
184
3132
370
115
118
274
6696
765
534
370
9
25
276
3335
75
149
96
16
286
148
1
3328
1
17
44
773
96
1823
1009
78
7
20
6653
113
2
1
1012
115
7658
1376
6
2244
1
1
2
1784
3
13980
2348
72
9654
10993
82
2
11
5
18
1
14
5
17
7792
6581
168
5
35
36
4213
18
502
4
2
61
15
14071
26
1
177
2
7176
14
108
9165
19
2490
407
1
742
816
4400
310
6496
13
143
181
4715
3292
19343
16480
145
10922
12
14
2
29
7
109
1
4
558
5595
13
9028
21185
4
110
82
890
51
14
90
351
7
26
2058
1
3445
1
2980
79
754
3566
498
3
1701
61
5
26
2
1
111
356
36
1101
4
11706
20731
8
1289
1507
2
36
1340
5
606
32
2044
1082
16
4604
132
239
49
215
329
18
15410
43
2973
31
13
5
490
628
42
19
2
28
577
1
4
1646
2495
4
149
4614
3
44
478
19896
16197
14
458
8
330
6289
68
10688
1367
13
11731
20
151
4114
10619
4
1
74
2
9
838
5323
15
7608
12118
148
1253
5358
13
23
8
757
1205
1003
4333
2
52
84
107
327
15
101
9
5288
956
6
2
5
4
49
8
58
2662
1
242
31
82
3200
1
1043
2049
4096
10805
211
2
213
9386
9245
894
2697
41
940
4
3806
1
767
6947
6828
25
12
1394
7
946
1
1
22
177
5
6567
3
62
17510
28
24
2
17
3
2
372
9305
268
230
2
6857
7877
85
3078
1675
2
25
248
10324
190
34
85
6207
6
39
1487
166
5
10347
10
18888
12277
188
71
2817
7675
1198
48
624
14918
2
2135
5119
352
67
168
3
28
6
130
5108
2577
7
1
1
19810
82
1248
1594
2
15679
8682
9930
9
3740
8911
405
15
2
649
3
14
21
4818
2823
1590
8796
24
68
59
6
258
8989
1142
44
5
511
81
2
548
389
17
900
3621
356
1
157
6
1
22
11480
4
8777
483
139
3
14535
7145
37
737
1135
7
35
2
18285
5
27
38
3
8442
533
12
27
173
1388
818
19
4
1533
455
11065
156
1
96
8
121
18807
22
2018
1382
12
4
249
9780
10
2
3
293
16
6538
22027
1337
34
3
4
16587
6932
847
3437
1
9
42
5983
226
10
2338
406
26
745
1077
2
504
8
2177
1807
10
10
59
1661
15747
19
579
9468
3
2239
11
4903
3277
298
18847
17321
457
2036
4
9
19
1418
19852
16
18
7
4
8119
2
2
7
147
34
4
4
397
1875
19469
12960
21508
30
21601
5
25
7
1157
3889
93
37
2323
135
6035
1312
22
4061
15
175
2506
14
2657
464
21
20287
7708
5
9
4
6510
1
470
2358
18725
19
12224
37
4584
1871
1615
7
18604
168
64
2
9
603
4
37
5571
206
849
1996
8720
8515
16
1162
429
97
2
4695
19767
4
3
4
8
1152
1553
436
8
56
10
1317
1315
3
122
23
4305
10665
382
3207
2715
19724
45
3765
3
2
2999
343
1
427
17
10528
1657
2744
879
92
13475
4
1536
734
2
693
896
449
47
1208
29
18484
2333
439
1185
171
37
1
1211
27
936
2126
5
1768
7
7
13
9225
1
10
20
14
5
864
17854
2431
20
31
2
147
1712
127
438
3
72
74
1971
172
5186
9
10
96
14
9908
8664
1018
5511
5
1267
15
74
45
1895
9
7
5
981
10
2
1
1478
1
10
9
23
85
21837
3452
1403
12682
93
615
158
47
1036
3
8645
20
1679
2
5
9
43
13592
328
89
1364
5
144
160
596
2
2
12
3
1072
3105
94
1776
36
1
426
263
696
126
39
922
1
1054
18
14441
100
1847
799
13
10
8387
1772
61
310
4035
101
1
66
87
4
1049
775
4
49
22
10
8
3589
26
163
9530
3923
1430
14504
14
55
425
17
7397
230
134
3629
6638
70
7478
4
4945
6426
81
8
5754
8853
38
15919
5451
602
418
5
67
1091
18
2201
6
33
1061
20
1125
5779
103
5220
488
1455
110
245
30
106
5680
641
82
125
7381
7928
2566
2
73
1
2756
86
15
28
174
3991
619
1278
1
13799
407
21
1550
10
6
778
262
623
8
106
219
2263
2
2
1945
18524
64
7494
60
2
1
3
1
3
10
709
16
2
2
63
255
414
14101
720
2
32
6
3
111
13272
150
1643
16057
18
4
2727
7625
3
297
81
616
2
518
768
14
31
3
62
2
31
12
11430
27
2
5300
253
19302
15
30
12
2544
3
332
16338
22
280
6
219
100
527
174
30
3
220
64
4
1216
1245
106
12357
1765
1734
3906
202
58
280
374
48
12
2
54
225
8969
55
744
109
811
1
86
9
1468
494
212
13
1355
28
554
12
117
1513
1636
526
221
307
19
4496
3940
1761
5742
1
4476
117
18
203
128
7207
26
13157
8351
2
3
12848
19052
944
19
10
2
1286
6385
15015
3045
70
12792
3
19982
8460
2860
1
2561
21
8297
53
24
4
9
1815
10596
36
2
153
924
6813
49
459
3
224
131
487
105
348
60
2
88
180
10414
13504
13949
361
71
3543
15211
6
6
210
2
256
4634
892
13
5522
772
440
6234
733
8190
1
84
9844
32
3400
1
2
2
1031
1
3139
4924
3
4798
80
254
6088
7
6
3
231
3
127
110
19
1
10899
11
4
3
8333
5
202
2
4766
5692
43
144
3145
11
41
5
346
462
12
1690
15
146
20508
2674
11
2
105
1788
19
195
794
163
6
4
337
8
2891
17624
3
795
13072
4457
11808
395
12066
78
1219
780
232
3058
560
2
2121
119
288
2517
2
195
2835
2
808
18
1332
55
42
2954
4
43
12
10
424
15578
2583
204
2
421
5416
283
13769
41
29
20199
4956
2
120
11
6902
2
6
2
2
2
18
289
542
44
2298
3
1132
18404
6
2709
2479
832
13533
25
3
29
192
21
90
11
581
86
3
5
79
186
20821
6275
13129
8
79
21
485
2
2172
2
14
111
1
2841
3
14
115
1484
8172
5607
834
11605
28
6
3
55
165
1
249
15884
354
2
669
75
6
10
57
2
589
1
109
9
2447
259
1791
58
32
34
4
5
2426
224
13445
2
607
1
134
35
712
93
7
16
2278
1497
17777
5
1975
13829
152
12
233
37
341
179
33
2
10642
2
6440
501
2897
32
600
16023
2053
2254
7
1
76
1400
23
326
37
162
173
47
308
20331
19
8589
1
2288
2
31
11161
1
1
187
4
531
782
10
1016
77
143
10280
24
631
73
7945
282
11782
815
1
473
3692
193
2
4736
5705
148
3
149
1
13
77
60
2
24
456
4132
3235
311
8
2
243
305
1
2421
345
80
33
3965
272
3
8608
12092
233
92
1859
1
99
994
26
77
1
417
7
26
72
1
19385
133
20
845
2089
12988
433
3098
2389
13243
9
17
1523
7099
97
108
1520
1577
4881
45
888
445
8739
14853
3
98
8
1300
645
9
4624
80
295
13
2
43
68
2
2
3513
3
3415
7
1
2452
66
321
3
188
319
169
8
97
131
1056
12437
4
8533
16
11
11
822
16732
37
18127
278
16804
358
3320
572
7
6
325
33
112
6
12491
91
229
2
2
2
2774
2
6357
2
4
14
1094
11936
134
209
15645
66
3
3756
28
37
862
3700
12
1
63
639
138
2967
308
88
87
6
22
3559
42
2
3983
7333
17284
114
2
7641
14010
3814
15344
1601
2374
2903
11
27
16127
41
94
21
309
379
489
29
3187
3
8243
1175
8626
36
6
6887
9
52
6154
3
2929
75
1962
2158
5
19
11680
20
15
505
1303
5
10
4447
9865
16623
6371
203
2
191
6221
8
9
6843
1437
2268
9
7526
137
474
540
22
7758
20866
142
8
3
17662
973
19135
32
655
180
3
71
64
561
10573
9047
5
1908
4381
1
48
391
1
152
608
298
6074
8
5
2
15
104
4
16267
285
4
4
3636
2225
21139
15
212
12737
2067
1
18644
42
2
9325
3166
43
164
3
18
491
3
251
1052
54
77
23
646
162
3974
130
4
9146
4
8930
119
62
763
2080
49
1449
9
770
2
98
15953
866
19939
1831
4070
6
4186
11381
590
3
6
171
16
10505
11089
1742
6917
154
3091
4
23
2935
33
11
52
2
593
1227
65
965
4141
69
14317
508
55
5957
10
314
238
103
38
2
5404
261
222
3
1672
98
127
200
2572
120
425
29
1221
191
5243
12904
736
777
5
347
151
5
52
51
9008
447
3
10
999
5944
12
2
1115
76
60
523
218
1
3
27
216
3
9
99
12
26
1
4
5487
3582
977
15
36
1
813
136
420
3349
56
7
11
13
