763
1
67
56
1
4061
3814
63
43
479
13
3
8
9
95
46
1449
2733
1254
385
699
135
1728
9608
2
6
9852
179
739
370
4548
1458
6345
2599
1
1302
3259
15786
1262
3
25
327
5423
5457
27
1352
190
301
1006
3
126
88
624
12589
1038
6266
33
24
20815
2047
10895
9
154
854
170
36
2
802
20
773
31
233
32
9
11385
9
127
2632
533
87
272
37
5
708
12277
24
361
18
1
162
175
2264
11172
6
1851
5
57
605
160
1533
76
4576
636
23
2682
4325
13239
9
12991
189
225
2
1386
1278
4
37
78
5997
6886
8420
1170
1523
11
782
74
15491
203
1
297
57
2
1514
575
8
15589
6149
10
28
90
1
204
191
18588
13156
550
303
2
933
1192
96
4
2
15394
57
44
4491
3886
1
17677
6466
35
23
36
380
19425
1749
12510
1
2
2
3178
2
205
13
17023
80
166
29
10296
1
2665
19
28
107
339
730
53
373
17456
91
1141
92
1
20
7907
8
12669
1335
260
12
50
3
1
4
3838
98
8057
8
677
6
3936
3
115
17901
25
20
124
139
754
1653
101
18
2249
1
4217
2336
3537
18
17
8689
1065
14
1360
7711
514
144
9488
586
72
9668
564
2456
1
2221
15
7
1378
632
1071
1486
210
24
823
13
4352
67
5
3
43
15
221
5061
82
4873
420
9
4
6973
1431
18
382
6548
2
453
2
55
2126
9
7
237
2073
6
8
106
8526
357
14097
47
2
84
4519
1
703
12749
871
105
36
199
10
59
276
10
1045
969
6631
6757
94
54
2
1
507
3471
1058
14
114
482
18241
2321
8007
270
488
55
7425
34
1760
4
81
9
726
9
9311
97
9
1632
22
2803
2112
1092
2
3
6929
35
16290
125
20298
54
2
20426
288
3
17
20
8743
5157
2
1000
14
3
19
16810
16
4
1
2380
1
1099
252
1327
3
20045
1
1
1
7286
5
32
1971
16
13491
1
612
14
16
16
14
42
176
122
14366
2
787
433
68
9
3
4
899
45
19919
2
14009
5
2278
9428
4
3
686
3449
3342
17
187
3
1910
262
51
34
11
4139
8108
2
4407
1
597
24
21615
2
35
352
30
2874
63
758
439
8799
1922
8
1
6
3719
29
1
7
6426
1163
5
14
7
945
13
15
1207
2
3004
4812
91
13
346
11748
18
1113
2
22027
46
109
30
8580
1840
652
116
19547
55
2021
2947
40
34
66
74
11
8159
640
665
16188
9
6
11
28
523
4
2
1
259
1223
8
19
5
3
14639
412
16
242
11
132
39
2086
50
45
17
2821
108
9915
10
12
100
5
13406
66
37
590
341
11
3
21
249
3
30
4693
8
5526
172
1996
1706
1
38
22
16
1
3
768
4
41
660
2
1078
41
1413
5
15
13834
39
31
5
3158
5029
167
30
17
5255
311
2
21
951
6
5848
5
504
2551
143
19303
501
9
149
3
389
3119
48
7
1
1422
130
4
43
363
3
3
317
29
392
2
6
3627
17566
397
6
8966
5189
1343
10
2
2
4
10
19062
6
54
1543
7472
41
1
23
14186
4
184
9023
11102
220
1215
366
428
22
1622
1
5
12
10
1
609
21480
6
404
2535
1863
5959
23
294
2365
18
195
12123
22
25
547
52
3022
476
6
601
19
13661
165
15886
3515
13
325
114
264
7
4
27
58
50
807
7
2
1828
286
173
3198
20
7
387
11897
2966
1504
10
5092
442
100
1
10103
2
916
1
3604
85
963
359
7567
15012
11
281
887
6188
256
25
517
5667
839
3139
27
15
2716
9194
2
15
833
335
2472
19
24
17238
2
1
13
527
23
350
33
20171
2060
3385
4298
11
1
321
4010
3
10964
1
540
2
58
22
1664
47
368
4
5
12
2487
1
3493
21
4634
7
3696
6
16496
8367
3
14547
2
1805
230
7106
34
59
1134
18706
4
63
444
10
7
11
7195
5
470
248
2
3
21
10
4036
1286
4165
975
6227
59
68
196
26
159
1270
1875
7
473
4087
876
223
113
201
133
669
1120
12047
3
21211
3581
2153
5561
4
456
142
150
2
38
1685
7
60
86
2838
849
331
1
1395
7
987
423
14
158
277
3960
1177
200
1
2194
58
5355
10
12
1230
5702
25
927
648
4
5
9977
32
11
6
43
47
5
6
2519
49
6
283
4
188
18356
182
15202
8
13747
818
246
4
5322
1
17
33
6072
103
495
7
3
4
26
5
15
48
39
15986
8910
6
168
11
4
313
1476
128
11529
141
315
45
844
1
27
4
1695
117
112
3280
109
828
4
4
3061
1
2699
51
171
86
7
2
3
3673
2
305
12
7
18
140
48
2166
1127
3
1
5738
459
134
5
3
2
4935
42
11
2985
1
3
121
7808
28
9548
21751
778
6
2583
18
62
3
2751
1947
5
56
157
104
1246
7614
14276
180
2
14731
1
12354
135
7
9791
1155
1
148
64
4
131
792
12432
10
231
4
47
3
5491
616
4379
425
12
5884
485
12
70
7
12910
14456
3
20555
2
4904
1032
1310
20946
130
2
174
1582
18942
87
37
5
245
19794
7
62
6673
234
64
118
21
3
2235
3080
110
295
8
72
957
865
319
198
2
136
28
65
4
2
1886
1
9137
8263
3
23
2567
579
10827
12
267
436
51
21889
9079
939
1717
11602
17
520
9369
2395
2
1019
1
4
2307
76
1794
557
561
12829
236
32
4
212
70
5
53
4
4
498
3911
38
23
1148
80
694
15
1
2
450
10
17130
95
265
2
3
79
6800
4
5
14824
22
25
2
4
16916
2
2207
8
81
11033
5
94
1
1467
218
543
1771
93
4191
40
3
13
1404
4843
717
2
2426
82
644
2292
69
1025
2
31
152
3743
21
3862
2
2
9
19
3363
15687
2009
2
3
155
1185
129
51
6843
4113
147
24
6
337
11314
17
2
6715
101
2856
40
99
178
1
228
26
402
8
377
11675
2139
2785
2410
2
2649
6
329
183
8854
4463
4752
4
42
3
111
119
309
628
21
107
16705
102
1934
2
2
11972
981
8
1200
1440
3790
1369
410
7017
5288
3
1592
467
7
2
3219
251
20
217
893
7061
8315
5922
11457
1
52
2
10361
882
29
227
3
153
193
5
904
3766
3427
11
14
257
2
5
181
673
4605
2
7759
1572
10231
3
8634
5811
7
194
75
1562
7332
13322
9252
120
13576
681
690
209
12
169
69
568
13073
2
35
17788
161
61
5
2180
103
1612
21
3
10759
44
137
333
582
1674
5631
7
117
42
6
3042
7857
46
712
27
11
53
3321
14
84
3985
3
8
45
2
20685
8
274
239
7957
29
65
34
7379
656
8
4722
1898
1
85
38
307
1
41
375
156
860
1238
2
70
279
354
4
13
19182
16393
13921
2034
2
3
744
126
76
49
61
4
5
12
2
1
216
2768
4782
79
6
10040
19
348
5
21078
9
243
77
1
52
224
593
299
9729
14918
10492
60
1959
6386
3
2503
9
1
138
5
111
3239
1643
2
8
9
142
921
186
119
2
5
15
1
164
491
123
1
1318
16
3
12
36
26
5389
7150
2441
1817
7662
3406
208
1
77
16
96
31
20
10
415
18013
530
26
22
11822
254
10
292
14
510
2
33
6
15107
21345
910
17
19670
3099
9
4271
1738
163
61
6034
284
2
3300
10
8
98
15
213
1051
16
92
49
8211
797
20
75
2911
88
2
4244
2
11243
6507
343
462
27
6
123
10691
269
2
3
10426
2
554
6589
6111
2
16
1
407
19
13
71
6
1085
8473
394
4
12
2099
735
2
1602
464
4997
18127
15
8
721
10624
4663
417
7519
31
73
16086
7241
83
14
399
2616
73
3
12200
16600
4435
44
26
5775
67
4966
2929
5222
8
749
4
71
431
2351
29
25
1013
65
1552
323
13
2
32
39
18824
1495
1294
2
13
1783
5125
1
89
4
17347
1984
3
30
994
206
13
145
5596
2892
240
1
214
537
620
2
3
447
105
6
78
3
6306
3
1106
18472
18
3559
151
1
2
10558
3
7
36
146
15298
290
89
5
40
3650
3
5
33
571
813
10167
