33349
32644
33580
31711
32867
32755
33796
32310
33551
32015
32551
31624
33111
31951
32242
32052
31883
31779
33773
32989
33172
33090
32201
33102
33734
33139
31873
33129
33018
32211
33475
32001
32148
32254
32340
32748
33107
31946
33103
33206
32158
32798
33326
33185
33157
33014
33155
33705
32156
32300
31671
32749
32684
32136
32164
32946
32680
33521
33191
32191
32464
32729
32935
31775
32223
33611
32285
33269
31708
32155
31786
32156
33710
32877
32891
32244
32513
32779
33535
32146
32500
33768
31807
32335
31936
33055
33390
32798
33246
32938
32230
33702
32258
33319
32303
32432
33300
32666
31927
32773
33224
33049
33700
33216
33607
33262
31701
32315
33748
33474
32639
33492
32727
33812
32766
31908
32924
32333
33290
33596
33060
32956
31875
31812
32062
33319
32475
33346
33017
32498
31947
33038
33087
33632
33077
33809
32102
32600
31754
32168
32207
33482
32672
32843
33453
31682
32519
33446
32981
33421
32298
33519
32098
32578
33394
32761
32343
32426
32001
31851
32335
32329
32598
33423
32126
33417
32432
33200
32008
33185
31659
32461
32947
31797
32159
32838
32812
32984
33439
32677
31853
32026
32120
33436
31899
32228
33068
33739
33805
31684
32339
33467
32055
31988
31980
32526
33611
33444
32293
31731
33155
32050
33287
33489
32135
33065
33031
32645
31729
32688
32896
32586
32369
33437
33186
32932
32064
32285
32182
32966
33558
32287
32794
32889
33141
32724
33413
32850
32166
31890
33350
32952
32161
32250
31896
32238
32941
32607
33730
32986
32225
32213
33055
33508
32780
33121
33020
33449
33323
32064
31748
33651
32245
33765
31636
33365
32830
32269
32477
31702
32646
33641
32690
31845
32196
32481
31690
33354
32163
32345
31937
32781
32720
32722
33691
32374
31704
32507
32405
32828
33051
33394
32111
33795
32839
33056
31808
32728
32703
31858
32722
32586
32466
31778
33471
31850
32515
31956
32716
33535
32519
33393
32884
32379
33761
32851
33789
33742
31722
31859
31856
33348
32523
33545
32272
33606
31882
33177
33754
32372
32150
33527
33579
33454
32107
31908
31659
32864
31957
32433
32430
31693
32033
31698
32274
33121
32941
33008
32299
32865
31868
33589
32310
33781
33246
33598
33042
32012
32069
32019
32229
33205
33411
32557
32068
31750
31938
32594
33437
33698
33035
32739
31695
32108
32245
32463
31700
33070
31865
33774
32211
32729
32569
33447
32722
33274
32936
32830
33357
32800
32631
33503
32314
32126
33379
33773
33731
32446
33366
32681
32101
33284
32967
32076
32747
32566
32318
33464
32412
32324
32232
33798
32273
32652
33366
33483
33172
31716
32054
32746
33382
32966
32153
33281
31616
32549
31965
32219
33662
31620
31885
32795
31848
32970
33658
32015
33436
32741
33527
32093
33402
31703
31881
33263
32443
33239
32944
33498
31758
32126
32596
32533
33443
32019
33020
31658
32955
31890
32486
32524
33364
33704
33515
32103
31655
32992
33291
32989
31901
33622
33785
32917
31937
33127
33345
33784
32456
32261
32294
33083
31811
31973
33004
33114
32569
31943
33644
32812
32272
31638
32246
33491
31798
32080
33764
32247
32856
32458
32495
31750
31957
31859
33283
31760
33597
31731
31738
32124
33497
33271
32434
33695
33101
32047
31916
33138
33377
32762
32031
33563
33121
33761
33102
33588
31790
32849
32763
32592
33074
32016
31979
33219
33402
33587
31769
31778
32095
31703
33494
32726
33181
32369
32028
32021
33008
31756
31843
33318
33752
33610
31655
31849
32755
33539
33110
32165
31623
33141
32355
32917
32075
32519
31896
33503
33641
32888
33709
32508
31671
31980
33617
33185
32883
31766
32420
33666
33132
32399
32136
32729
32047
32548
33244
32207
31795
31726
33413
33564
33171
31922
31844
33530
32068
32848
32100
33090
32471
32853
33540
31908
33031
33715
32281
32387
32823
31805
32287
32990
32250
31794
32916
33529
32145
31910
32407
31949
32389
32955
32755
31950
32672
33043
33353
32167
32881
32507
32862
32355
33267
33385
33754
32390
32417
33079
32274
32716
32805
33348
33154
32054
32908
32979
32097
33053
33131
32873
32621
33602
31812
31758
31808
32067
33015
33002
33605
32816
31875
33556
33279
33011
33050
32022
33009
32034
33231
31927
32320
33689
32933
32771
33655
33045
33353
33364
32418
32686
33369
31975
33794
31793
33154
32044
32953
31694
33575
31613
32653
32520
31930
32302
32675
32745
32520
31675
32905
32464
33585
32094
32592
32690
32143
33748
33053
32467
32876
32857
32155
32751
31642
33315
31837
32130
32671
32222
32998
33512
33369
31988
33226
33085
33796
32537
32788
33724
33689
32386
33808
31802
32966
33308
33064
32392
32687
32007
33281
32823
32669
31877
32587
32040
32656
32026
32695
32177
32929
32185
32932
33411
33396
31913
33308
33648
33295
31633
32566
33166
32257
32596
31736
31680
32215
32021
32645
33497
32390
31637
31959
32478
32412
33612
31940
32131
31617
33402
31786
33379
32039
32048
32540
32249
32305
32533
31684
31982
31917
33352
33159
32642
32317
33189
32883
32950
33177
32344
32518
32173
33302
32598
31687
32165
32328
33461
32772
32754
31997
32397
32416
32473
32576
32789
32039
33730
32754
32613
32627
32898
32256
32555
33774
32676
33281
32465
31821
33639
32895
32601
33007
32356
32050
31708
33170
32669
31839
32173
32361
32964
33447
32701
32200
32689
32357
33358
32222
32724
32872
33633
32765
33772
33646
32196
32055
32177
31682
33444
33274
33790
31810
33223
32059
31745
33330
31889
33245
33016
31726
33310
33741
32798
32270
33009
33090
31721
33090
32101
33047
32156
31628
31689
33232
32533
31975
31745
33453
31733
32124
32038
33426
31720
33017
32855
32535
33762
33322
33225
33580
33482
33276
31769
33428
33615
31727
33408
32312
31617
32768
32094
32662
31823
32211
32749
31729
31758
31813
32915
32437
33240
32771
33484
33152
31982
32287
32597
33315
31703
31874
31782
31984
33422
33623
32500
31812
33029
31616
33288
32220
31750
31808
33728
33242
32429
33211
32498
33510
32620
33698
31987
32951
31931
32341
33749
33289
33794
33312
32235
33425
33587
33492
32706
32858
33481
33340
32110
33052
33492
33074
32262
32461
32656
31656
31957
31716
32838
32653
31983
32775
32861
33285
32595
31993
33382
33203
31899
33636
32390
32799
32408
33588
32510
31817
32121
32243
32316
33763
33583
33140
33468
32125
33691
32732
32032
32800
32226
33799
31692
32213
32837
32090
33335
33240
33740
32116
33061
32425
33290
32088
32781
32497
33487
33617
33758
33578
32942
32540
32222
33771
33447
33502
32358
33296
33574
32556
31650
33007
31959
32310
33221
32411
32402
32170
31874
32700
32091
32236
32543
31685
31766
32997
32699
33619
33633
31744
32196
33244
32427
33760
32381
33485
32741
33522
33046
32901
32469
33740
32695
33212
32131
31860
31652
32536
32587
33577
32555
33657
32432
33020
32189
32125
32139
32288
32573
33294
32515
33046
32749
33176
32756
32015
32339
33412
31645
31859
33090
32230
33674
31808
33083
32790
33665
32009
32330
32283
33300
31841
33192
33147
32169
32871
32915
32214
32625
33428
32199
33137
31620
32457
32590
32170
33216
32639
32452
32867
32322
32409
31768
31839
31877
33094
32740
32092
33804
32541
33447
33645
32343
31928
31902
33118
33051
33534
33613
32342
32256
32471
33628
32536
33112
32258
32482
33151
32747
33245
31730
33083
31756
32711
33282
33387
31785
33137
33537
33019
31628
32393
32720
33445
32848
31876
32692
32997
33027
33078
32759
31909
31759
32493
33288
32700
32129
31959
32119
32993
33345
32631
32078
31886
33540
32198
32964
33217
32963
32527
32173
32888
32194
33671
32311
31975
33528
32265
31650
32579
33115
33211
31622
32962
32713
33097
31749
32565
32160
33063
32587
33586
33671
33148
33030
32958
31886
31778
32432
32510
33422
33726
32682
32106
33578
33162
32794
33100
32521
33489
33573
32150
31920
33332
31791
32754
33669
32082
32387
32250
32637
31816
32000
33634
33501
32569
31832
33800
32794
32847
33031
32511
31808
32758
33251
33590
33301
31739
32783
33623
31821
32052
33785
33745
33008
32015
32837
32058
33223
32387
32539
32126
32054
32762
31997
33802
33049
32805
33711
32702
32493
33495
32487
33302
32548
32140
32600
33584
33305
32747
33471
31885
33708
33090
32334
32694
33671
32942
32265
32247
32355
32261
32273
31638
33393
33477
33016
33640
31727
32538
32267
32194
31759
31926
33351
33684
32912
32208
33302
32856
32635
32107
33573
31809
33060
33042
33266
33731
32117
33257
32884
31669
33013
32216
33112
32735
32885
33020
33238
32524
33661
32561
33492
33340
31795
31668
32703
33005
33620
32675
32389
32762
32327
33518
32039
33741
32737
31898
33393
32779
32287
33601
32878
31780
33799
32128
33550
32468
32322
31997
33634
31798
32864
32680
31693
32581
32652
33238
33440
32524
33379
32932
33209
33559
32173
32233
32164
32533
32519
32587
33448
33563
31817
32538
32317
33298
31906
32416
33732
31803
33402
33187
33271
33384
32018
31805
33701
33536
32582
31869
33585
31970
33725
32801
33655
32607
32889
32125
31696
31707
31994
31953
31808
33311
32208
32240
32078
33633
33183
31985
33003
31676
33406
33806
31943
33259
33683
31718
33423
32042
33289
33715
32242
32376
33592
33610
32321
32489
32214
31805
31726
33082
31774
32531
32280
31623
33373
31835
33345
33409
32119
31959
33230
33609
33109
31620
33087
32543
33625
32180
32220
31844
31695
32782
33371
33300
33460
31852
32688
32366
31626
33699
33769
32173
31976
32701
32278
33647
31808
31745
33469
31866
32075
33565
33443
32126
32033
32769
33520
33562
31620
33264
32710
33336
32696
33438
33018
33739
32204
33331
32162
33143
32353
31875
32769
33192
32883
32475
33106
32024
33273
32592
32782
31762
31643
32754
31838
31746
32650
31816
33665
33738
32697
32581
33686
33231
32962
32421
33693
31912
31983
31911
33037
32951
33204
31830
33583
33147
33075
32300
32194
31808
33409
32033
32986
33749
33302
31978
31668
32430
33123
32986
33661
32500
31911
32712
32126
31739
33034
32372
32577
31732
31909
33210
32313
32530
32799
33444
33105
33584
32796
32569
33320
33506
32954
33369
32062
32755
32413
31695
33080
32464
32775
32510
32265
32597
32815
32217
33450
32291
32463
32954
32122
32816
32086
33477
32821
33793
32059
33301
32391
32230
33358
32805
32435
31910
32738
33759
32715
32217
33612
33514
31903
33489
32052
32932
32523
31747
31863
31656
33408
32090
32843
32758
33675
32954
31942
32196
31739
33186
33541
33147
32376
33285
32817
33589
33323
33388
33660
33222
33046
33659
33638
31900
33598
32418
33774
33218
32417
32607
32308
31781
32766
32363
31855
33235
32825
32911
31909
33159
31894
32892
32673
33514
33026
32580
32300
33750
33307
33314
33474
33448
33066
33495
32494
33239
32270
32920
32108
33361
32521
32833
31834
32149
32122
33288
32897
32254
31640
31767
33642
31727
32019
33256
32415
33546
32307
33648
32806
33468
31766
31991
31953
33508
32478
33161
32969
32290
31821
31989
32228
31999
31935
33745
33145
32534
31948
33595
32716
33497
32116
32366
31918
32276
32422
32843
33593
32626
31887
32871
32220
32283
33779
32735
33192
32406
33465
31901
32323
31735
32429
33553
32119
31757
33222
31945
31801
32657
31945
33457
33501
33525
32371
32086
31987
33616
32358
32079
33437
31937
32492
32155
32434
32547
32403
33595
32713
33048
32361
33250
31976
33724
32730
33483
32052
32818
32438
32649
31799
33755
32675
32291
33349
33331
32950
32606
31811
33646
33498
32412
32358
33269
33482
33596
32326
33611
33512
31669
31770
32954
33367
32254
32727
32932
31766
33113
33642
31651
33614
33811
32311
31965
32877
33413
33210
31730
32372
33115
31941
32769
32327
32567
32867
31927
32750
31708
33705
33225
32998
33461
32662
32619
32010
32920
33228
32841
32965
32227
33413
32908
32357
32383
33531
32838
31623
33752
33507
32337
31681
32992
33712
31716
31965
32966
31783
33406
32626
32842
33594
32826
32299
32582
32743
33311
33410
31895
32915
32137
33651
32112
31822
32181
33168
32480
32949
32607
32001
32233
33325
33488
32060
33690
31932
32905
32723
31843
32904
33549
32640
32680
32902
33356
31624
33258
33519
32402
32265
31838
32332
32812
32857
33496
32788
32530
33134
32688
33534
32479
31738
33176
33527
32807
33232
31839
33732
33375
32519
32898
32156
33498
33362
32350
33585
32854
33205
32696
32969
31996
33776
32312
33082
33530
32587
32535
33389
32129
33271
31645
33310
31786
31769
33581
33619
32647
33551
33578
32058
33128
33203
32113
33106
32314
32357
33235
32762
33234
32332
32486
32980
33017
33784
32206
32496
32638
32008
31841
32118
31995
31618
33762
33240
32582
33423
31862
32516
31686
33133
33618
33108
32815
31968
33676
32840
32587
32832
31704
32612
31957
33694
31701
33031
32207
32784
31926
33075
33449
32410
31956
31834
32991
32055
32997
32756
32885
32162
32471
32678
33150
32206
31722
32335
32346
31649
33692
31786
33459
33235
33030
32137
32251
31797
32956
31727
33196
32711
31651
33345
32445
32968
33478
33779
32401
32036
32480
33095
33262
32663
32550
33211
31999
32828
33198
33364
32666
32095
32593
32284
31702
31987
33143
32827
32068
32870
31918
32091
32108
33667
33381
32458
32198
32376
32041
33743
33802
33019
33795
32893
32540
33334
33185
33472
33153
33174
32613
32969
33169
31637
32039
33723
33323
31896
32397
32175
33259
32993
32792
33057
33489
33697
31770
32192
31963
32912
32082
31659
33226
33285
32023
32168
33063
32915
32384
33060
33754
32099
33761
32527
32100
31959
32058
32529
33569
33263
32984
31653
32411
31868
33476
32634
33466
32380
33173
32751
32390
33257
33459
32545
32899
31863
33495
32327
32018
31793
32340
32637
32411
32627
31765
32389
31756
31858
32750
32696
32911
32937
32166
31838
32428
32282
33306
33548
32605
33806
31619
31929
32758
31798
32821
32140
33306
31829
32857
32187
32918
33341
32710
31761
33544
33588
33314
32962
32032
32927
32010
31752
32344
33749
32968
33214
33551
32932
33092
33594
32184
33059
32587
32266
33619
31855
32768
31800
31662
33783
32644
33368
32870
31981
33329
33052
