37461
38139
38388
37670
37436
38272
37400
38007
37644
37118
38374
38454
38069
37119
38448
37813
37952
38065
38006
37300
38150
37316
37458
37796
37192
37514
38285
37420
38137
37198
38171
37758
37845
37611
37561
38125
37209
37943
37627
38291
38396
37440
37374
37470
38285
37508
38096
37915
37283
37782
37525
37927
38414
37551
38451
37142
38184
37589
37837
37826
38277
37381
37742
37926
37156
38007
37246
38230
37984
37503
37804
37779
37312
37902
37456
38134
37717
37951
37945
38268
37338
37465
37478
37854
37991
38199
38182
38399
37519
37110
37900
38175
37968
37116
37745
37759
37232
37639
38158
37787
38120
37691
37845
38417
37343
38114
37105
37292
38430
38060
38088
38353
37772
37303
37433
38347
37418
37829
37175
37826
37286
38144
38244
37515
37685
37808
38221
38060
38285
37800
37614
38388
37340
37565
37329
37845
37300
37250
37459
38273
37271
37467
37926
37963
37405
37422
38318
38083
37298
37216
37377
37525
37180
38425
37103
37982
38202
37542
38066
38119
38178
37333
38414
37521
37368
37181
37427
37842
37189
37810
38356
38189
38400
37869
37410
37422
37395
37949
37745
37738
38204
37363
37858
37632
37475
37458
37475
37131
38442
37781
37265
37160
38213
38091
38274
37816
37982
37933
38434
37483
38399
37703
37542
37733
38094
37973
38319
37924
37689
37732
37769
37969
38341
37548
38176
38374
37911
37756
37375
37270
38367
37187
38323
37777
38168
37969
38232
38196
37526
37125
37568
37578
37844
37748
37454
38259
37523
37500
37430
38347
37871
37611
37526
37493
38450
37264
37937
37214
37840
37951
38006
38372
37283
37397
37609
38090
38350
37847
37511
37385
37499
38378
37343
38051
38135
37217
37967
38446
37101
37593
37331
37689
37660
37853
37459
38118
38031
37901
38054
38278
38302
38436
37907
38336
37999
37780
37367
38451
37919
37250
38351
37976
37599
37427
38053
38382
37803
38334
37206
37726
38089
37315
37484
37434
38252
37959
37128
38225
38091
37845
37747
37113
37401
38286
37984
37193
38320
38427
38046
37219
37934
37313
38332
37576
37544
38044
37966
38352
37505
37433
37904
37692
37366
38185
37620
37469
38155
38234
38068
37492
37641
37391
37091
37607
37938
37842
37699
37990
38385
37744
38070
37572
37111
37907
37902
37610
38369
37795
38020
37485
37341
37506
38349
37866
37106
38230
37358
38215
38001
37811
37733
38015
37594
37368
37955
37418
37395
37236
37578
37960
37525
37819
38260
38313
38074
37828
37304
37991
38147
37947
37692
37392
38192
38302
37571
37884
38256
37638
37733
37204
37232
37245
37291
37169
37755
38160
38194
38242
37694
38022
38255
37939
37122
37495
38010
37857
38206
37513
37150
38349
38171
37736
37751
37408
38145
37414
38215
38090
37457
37961
37778
38265
38084
37746
37872
37264
37808
37978
37961
37807
37463
38136
37539
37346
38114
37413
37991
37725
37898
37720
37956
37354
37337
37764
38182
37890
37231
37651
37564
37309
37457
37324
37981
37481
38332
37553
37302
37206
38262
38165
37697
38379
38237
37772
37590
38388
37095
37252
37638
37544
37318
37798
37571
37812
37880
37844
37523
37319
37106
37313
37792
38042
38133
38064
37142
37524
37914
37145
37969
37467
37708
37991
38008
37667
37473
37336
37751
38057
37903
37366
37296
37106
38184
37885
38168
38234
37398
37528
37718
37266
37820
37663
37181
37371
37447
37938
38202
37685
37589
38002
37860
38245
38137
37291
38148
38254
37975
37350
37292
38333
38270
38175
38331
37432
38377
37655
38040
38028
38267
38283
38156
37700
37519
37421
38120
37452
37814
38397
37498
37329
37133
38273
37397
38369
37366
37862
37595
37880
37795
38224
37933
37214
38190
37237
37533
37125
37191
37134
38086
38316
37239
37647
37330
38127
37768
37092
37930
38181
37622
37413
37498
38324
38128
37516
37893
37818
37505
37285
37988
37139
38254
37594
38300
37467
38201
37417
37388
37411
38129
37460
38168
38153
37112
37457
38124
37783
37564
38143
38017
38372
38155
37488
37288
37666
37987
37379
38128
37312
37798
37443
37872
37292
37459
37160
37715
38422
37156
38262
37407
37918
37862
38174
37110
37328
37301
38355
37516
38157
37851
37222
38131
37372
37524
37682
37853
37680
38105
37556
37982
37984
37772
37728
37101
37100
37594
38451
37655
37943
38107
38279
37622
38259
37239
37244
38271
37859
38198
37096
37906
38148
37248
38212
38332
37802
38241
37508
38456
38058
37954
38410
37338
37888
37844
38270
37379
37972
38285
37564
37496
37373
37835
37404
37682
38035
37231
38214
37441
38026
37225
37196
38055
37336
37909
38060
37825
37186
38341
38378
37942
38322
37913
38041
37514
37704
37709
38308
38225
38321
38400
37414
37204
38065
37543
37859
37622
37283
37871
38406
37527
38409
37659
38365
37836
37774
37669
38109
37716
37824
37091
37306
37099
38038
38365
38242
37677
38212
37660
38306
37128
38289
38151
37549
38046
37680
38349
38119
38043
38102
37185
38057
37469
37622
37619
37597
38226
37772
38151
38313
37463
38246
37520
38148
37638
38048
37180
37461
38387
37667
38125
37286
37622
38281
37633
37161
37849
37224
37667
38138
37573
37562
37419
37337
38211
37299
38082
37792
37336
37421
38052
37452
37383
37123
37760
37207
38408
37663
37808
37405
38155
38383
37747
37238
38381
37669
38157
38023
37976
38074
37315
37418
38379
37969
38208
38135
37112
37108
38159
38011
37701
37815
38422
37920
38270
37917
37949
38154
37919
37198
37753
38133
37477
38003
38265
37178
38130
37377
37194
37663
37253
37325
37094
38208
37495
37367
37093
38018
37495
37987
37880
37920
38411
37501
38200
38072
37867
37900
37206
37277
38250
37803
37400
37716
38022
37743
37743
38369
37965
38432
38050
37911
38019
38403
37846
38224
38109
37691
37128
37144
38362
37692
37623
37153
37355
38029
37088
38182
37950
37821
37215
37205
37462
37876
38430
37536
37278
37593
38350
37673
38123
37320
38374
37674
38051
37835
37120
38264
37340
37921
38006
37369
37686
37561
37619
37264
38455
38266
38049
37865
38379
38239
38379
37793
38075
37845
37235
37843
38359
37185
38417
37554
38210
38043
37673
38245
37406
37896
37130
37567
38096
38445
37456
38003
37539
37351
38294
37323
37212
37464
37105
37248
37764
38057
38284
37926
37956
38415
37856
37640
38246
37221
37109
37477
37498
37884
38355
37701
38367
37270
37397
37671
37870
38226
37282
38159
38111
37722
37416
37129
38319
37734
37156
37808
37732
38419
38069
37453
38037
38425
37891
38350
38005
37900
37965
37291
38165
38213
38400
38069
37372
37362
37380
37790
37315
38124
37715
37956
37851
37332
37695
37666
37184
37819
37868
37653
38372
37968
37137
38011
38119
37548
37939
37498
37118
37797
37813
37800
38032
37229
37862
38175
38058
37718
37404
38246
37389
37360
38002
38122
38204
37899
37461
37681
37986
37981
37465
38282
37123
38402
37636
37861
37442
37170
37813
37454
37397
38113
38258
38022
38216
38139
38184
37768
37180
38433
37384
38203
37998
38305
37239
37240
37804
37487
37812
37163
37926
37999
37221
37932
38303
37178
37308
38225
37480
37331
37644
37565
37492
37207
37354
37493
37931
37346
37649
37371
37518
37781
37486
37750
37106
37580
38290
37140
37604
38051
37781
37287
37174
37808
38454
38055
38024
37681
37132
38151
37500
37583
37613
38401
37731
38115
37158
37524
37937
37860
38021
37099
37685
37344
37942
37788
38316
37640
37739
37092
37405
37400
37128
38254
38076
38453
38347
37959
37505
37914
37678
37244
38130
38446
37661
37198
38115
38045
37832
37799
37638
38225
37119
38103
37559
37442
38214
37808
38094
37211
37878
38160
38304
38416
38011
37930
37440
37256
37827
38230
37650
37373
38094
38259
37845
37913
37754
38179
37558
38402
37280
38166
37276
37118
37316
38295
37751
37616
37480
38446
37836
37414
37200
38216
37835
37131
37178
38348
38162
37404
38407
38102
37522
38080
38022
37217
38022
37972
37837
38016
37818
37492
37710
38309
37896
37911
37776
37244
37172
37840
37379
37183
37274
37395
37311
37338
37616
37411
38101
38261
37621
37643
38034
37887
37959
37326
38297
38188
37686
38019
37601
37882
37237
37856
37839
38431
37436
37765
38164
38217
38307
38314
37317
38265
37641
37467
38037
38382
37209
37801
38335
37118
37500
37197
37791
38449
37473
38418
37943
38139
37534
37428
38203
37897
37217
37688
37283
37537
37242
37517
37180
38367
37867
37650
37296
37254
37163
37949
37344
37635
37257
37768
37259
37210
37871
38205
38089
38416
37957
38241
38180
37953
37758
37609
37616
38396
37281
38376
38188
37709
38430
37382
37815
37729
38115
38330
38228
37456
37550
38095
37642
37751
38361
38393
37172
38188
38068
37632
37510
38061
37222
38426
38360
38154
37273
37575
37279
37341
37650
37897
37330
37220
37480
37519
37560
37404
