3936
19962
12448
142
56
819
705
8
1071
8113
2649
15
8336
2
95
91
47
13533
9
15118
11879
14463
3
424
3841
120
54
2360
18725
31
1
26
1453
100
1497
2
1
221
162
182
167
63
823
2
4
107
3281
14
3665
1109
522
81
388
3720
746
11
725
2
159
681
15880
8
65
6680
15763
23
1557
42
464
4064
242
14
225
37
3
116
3147
1357
1
264
14181
39
1
65
3
1087
882
2
6897
8864
101
2559
5460
58
7
861
947
2708
3
23
1588
186
179
213
750
55
11
41
376
567
16
21
1501
28
2
108
58
231
18
14
2021
36
4343
4997
3879
151
2112
1162
85
16
224
2
138
8295
8
4
670
422
594
547
5327
2454
122
19
4781
3
9107
200
50
3
2
13075
4973
434
5
5749
4
396
95
3757
20918
5134
3
89
658
13
1418
2909
1
20309
2
5892
206
8
19864
1257
73
14
2
876
2
2424
10
10
24
188
497
4804
90
4165
4
7
210
67
47
9085
311
351
2
10
1
10926
1580
2448
16804
47
318
5433
31
9
1120
782
16276
276
5
943
13205
20
36
121
500
1705
18406
2
5
9
6
205
423
324
1464
44
353
2
198
11116
792
164
439
234
15
100
7425
4
141
6
1295
3
2274
2937
14498
12145
35
156
4852
2011
12
58
92
5109
9
336
27
15
4419
4
248
11
1
2
17
2
13735
143
739
3404
46
1
8
650
644
8564
2553
3638
315
15
120
9
71
19334
636
3233
1
1504
542
1053
610
4333
3869
165
48
17
29
40
58
18
1227
224
5665
9
1
2
69
11
4354
1
620
1
2001
45
171
3
151
1032
30
2
1191
20
6
10
83
3738
9926
599
185
2
6
3
208
1685
482
3209
4
7935
13
9805
2097
931
1436
2
143
98
526
5
4084
312
97
3
516
10274
28
4876
26
5236
2
2
18136
1
4
53
985
8213
2966
10
40
9
5
6534
48
2
57
1125
18270
7209
13
6
53
18
51
4
35
17
300
3
1787
16
4248
65
6
2
24
38
368
116
2485
5679
4
15609
9
2
2
2252
4960
2629
3
16
3
10325
685
2
827
397
7121
265
2
277
19429
1
7174
5
4888
2123
2087
3265
5
865
16
4630
34
3055
7
66
1
27
74
7
6
4311
8
179
147
735
24
222
19004
2430
145
23
28
110
310
886
2
50
592
192
136
6144
191
770
7573
2461
5340
355
4
3330
4
11143
3
2
9
2655
398
761
82
460
3
8821
129
384
12633
2
2
280
12
2214
14
4
390
15305
3
242
4
3
795
524
945
134
20
20
1542
12326
848
16477
29
4301
1043
16
195
158
75
10792
192
1
1859
398
1
1343
3629
108
57
1
940
10249
5995
2413
5
3048
1
10
5249
1
8
14
34
3249
168
7227
10
16356
3
54
1
2
73
36
2
863
9
131
3
9
7
13
20764
1
101
1
119
101
1739
2810
104
1082
288
19
2
349
72
59
4
6159
11
3907
2
2176
15267
9
185
51
3
17959
1
9
909
372
34
2516
660
5
30
695
84
988
730
383
4034
92
16
1668
34
5393
5
14216
538
244
1
12
6
11967
354
4
5046
3
27
642
52
298
30
108
35
13
6
2
1
20
6
1800
154
1
419
856
3
184
103
4912
14678
19
12
329
893
1
54
3
1592
10
1045
11
3585
3
22
5555
11253
221
2789
3
166
638
2
1
41
1656
486
35
5651
3
1841
350
77
471
5527
6
8
6
971
12
87
21
5
3
1
4176
6566
16
8418
19051
3
13
110
1
363
1020
1
8585
11763
204
80
247
22
1027
12
22
10
26
7
17
11505
334
40
11676
1106
15919
4
4
1066
128
5
18451
5582
16196
16929
2
2
4
37
2
8908
57
2342
3
4936
16
3946
1168
53
495
454
10980
6
76
1324
12
11
4
183
3647
4864
39
8501
1030
14111
4
2762
402
1131
1
39
32
284
425
50
2
223
127
7104
1933
12
2
10000
2
28
7086
21124
3
1
3
4
3
36
554
36
9567
5446
177
6
20713
3
294
24
7762
3
63
1136
2036
2728
4574
1098
183
15686
60
3379
16640
1000
10660
797
6010
2522
6
710
3
5
7
2497
7
126
2395
294
123
2
15
38
19192
2
112
89
39
7
3
7263
17308
14
1
494
5288
3273
117
717
12085
28
5
14
1
1982
15532
369
450
2
174
4
100
48
124
71
34
2
1
88
50
12
503
28
22
4
846
11421
3
14
498
15342
6813
11281
9
29
32
630
3683
341
10174
2
929
15
1877
36
709
2
2
8
391
5
2071
8692
407
1900
14750
2617
3
12947
6
20866
77
11562
18
33
80
245
72
26
1943
360
8
52
3692
47
4816
4
271
20
1370
2585
76
6375
1
33
3355
12509
794
6438
117
11997
6
327
15
1
65
414
214
2285
121
3
11
127
52
37
32
1298
22
10
2
17
408
2
518
990
54
2
17096
3674
9450
27
5
3338
49
23
6
15494
2006
565
146
902
7896
19913
10478
3
1
821
332
5
521
6
268
1
14
1288
1
456
73
4507
148
2046
12478
10099
7667
20
3
1
74
1523
29
102
14970
180
56
586
13401
2383
2
258
1
1
14
1471
19
585
235
5693
2669
214
3010
249
230
582
2
1
1188
47
813
30
41
19
10953
3860
17
3085
5610
9590
920
14860
88
436
8
2952
258
202
17
43
175
24
205
13434
2
23
18
23
7
142
1025
1330
4441
2128
164
8254
3
1035
66
790
6039
1457
1077
6251
17739
56
76
1
7245
18361
23
10
2
19573
649
2
141
15841
1
78
8
1948
282
132
9243
3
1
2
578
109
27
488
266
5353
2197
1002
375
8133
28
617
18
3
8315
8
69
9
15571
9175
50
3363
1
2407
7
17
7
2144
42
1752
15
25
4365
12
4
9266
466
74
33
1914
14
2
3
24
21
3
9357
12
2
16
139
5
9
3
32
20
13
48
1142
927
41
412
405
161
11
30
428
3201
23
5
30
21
3917
1233
138
4
2165
433
6
2
11034
3
45
7
2
83
535
7
15
3766
94
4
32
7819
165
2662
9975
19718
3
3
6
43
279
7
17
2
2
17138
3
394
7916
8
1
26
2838
6359
97
20
21
1074
276
588
315
389
2
1415
1
2
788
7648
2923
1
904
41
952
20359
506
18
14823
12
2
9380
12
9638
502
12
721
68
1910
52
1
114
250
1
3
1761
287
9951
37
1
2
2139
1
895
38
11850
15
335
3
13667
3481
20
21704
1218
2
2845
2056
5623
5
3850
42
197
239
27
46
1
3
7
307
137
4
7
8073
18
393
3612
3822
1
3541
380
337
3
155
1
46
8034
88
3
49
2503
3
4
3747
2401
2715
463
3025
13140
1770
2354
1479
147
4
562
1648
12056
155
3003
12
152
217
78
2945
148
206
512
22
79
14
24
70
445
110
15
3
7
10530
15
62
53
96
1886
49
1
72
2337
3413
2102
507
9
59
1017
8734
203
6
9427
1380
9
20
12
6
1254
275
45
41
23
2442
4397
553
43
757
14
22
64
4044
9
48
49
1432
201
18
15
12
2
1311
13
1304
6235
2
1953
5367
4540
754
2
313
72
94
60
118
30
328
30
5
8843
2
352
850
216
5314
13302
431
29
21
119
150
624
21811
4699
1672
16437
776
9902
109
46
280
11908
3831
5
5
2749
20969
74
2
44
92
52
429
3170
1
20459
1
950
84
9878
5878
3
191
2755
3
5
2
108
68
5
13836
1
3
77
473
491
87
6084
9
102
2235
8093
616
27
2
4
190
1
1493
3985
3
1363
292
143
1
3
3
6
189
2051
4
483
10713
598
144
14357
46
1
19
12852
1015
342
2
64
11309
299
92
29
2
457
5071
171
8
379
767
18
4
714
6
668
765
11
16396
1079
5
541
188
441
655
772
2
1
12
19
3489
104
8
8
26
3
26
14251
19
67
1
2314
1401
817
7281
18
3346
543
3257
127
2
7
2118
5735
529
6863
7536
3594
6114
12
2
11
335
3515
16037
2
23
21438
1
2
84
15043
2
6
11821
128
64
16236
3
9853
3559
11365
469
11088
453
306
125
7
18
2208
5185
3018
3603
344
4900
11449
2
18772
136
1
10
5034
131
409
5
11
11
3
20611
3472
9
9018
15
4
2
254
93
7
8
1282
8193
98
38
8274
260
10453
5637
106
12695
1
2
31
40
7
631
2
2796
663
1624
77
31
1
118
838
786
1069
2348
4
39
2610
346
10
6713
13
10124
2
19
146
5
1836
2702
129
181
3
75
14534
241
4451
123
3
17351
1512
4
222
126
5
9
166
2
4014
12
17870
1
4
575
20662
3225
479
135
63
67
3289
97
3
43
1468
5849
319
1
2371
7
690
260
236
267
653
3
42
7
9063
4238
732
4
272
7877
73
6
2
1604
149
4
210
14042
4792
1
378
5172
12540
17609
6344
5159
93
4
13634
7
176
1145
63
2
114
16
14
576
5
8
11171
17
233
15
891
211
118
6
302
17393
123
7517
1194
568
83
24
1873
2540
6069
226
14
16887
10025
40
2224
1628
98
2
723
4
2
4
978
1
5
340
17914
10
3
1832
21
7
2
14
1171
24
6
6697
1200
5707
7
1242
333
74
811
1486
3
19
9
15
2776
4
840
2
3
6763
20110
15
1
20
41
763
1
8522
2
366
842
21650
3
6
100
52
32
172
269
172
1919
135
14787
3241
2
69
511
743
484
113
1377
4125
19239
7
6
263
14321
2041
9
30
209
911
815
591
5936
1337
17223
113
1005
8628
9
69
40
124
17054
182
2695
6582
15998
17012
7389
8460
513
1236
4
4094
2
87
4484
304
204
59
63
37
20510
2
411
54
9
2
316
6730
744
6
1508
26
755
19767
31
24
285
178
9
6
2
1387
173
4
187
67
510
1063
4
14
6
12
4
3
10
72
625
462
10556
23
9
15
10634
3965
365
52
5
174
4280
10846
8886
801
5487
2
17479
8
844
42
1384
9
296
1209
78
884
176
4
55
7
54
2
6422
232
312
6615
17522
13
19
286
1
4
2
2
2
1
4551
8
8996
5
2
74
11
30
2
76
2623
207
2246
4217
531
289
5
1411
1022
69
2
3101
198
45
16599
15802
1
3
2
257
1347
1
2
14
3
10
5262
4607
2
189
9
9543
7
9
88
134
3078
13701
16
1850
14008
5864
11
1814
1693
347
144
49
1
5
5
111
8
3
1
327
42
22
10
5
103
4
1239
78
2930
9
3040
11
15
4227
440
29
4
44
8377
62
8
12
639
16722
13769
32
126
28
1
1778
20
6454
3070
31
68
3794
2291
1301
2
572
3
1572
34
167
1
452
7
19622
65
6779
2682
3116
326
657
10300
1056
3063
16763
859
89
177
1
80
2
442
139
5907
6266
25
2
33
9614
105
4
33
1
13
12
6
712
121
208
1220
1
10687
6313
2076
1549
46
571
18315
54
196
2572
496
1
3
291
1757
2
13600
3729
6
2
1722
1475
15380
49
12235
2026
4
20
17
480
17
10819
19
2528
10766
3396
78
4386
84
11619
6983
22
1718
1527
157
581
6931
5
726
115
130
4840
269
10
4
125
378
51
5778
5
1
4
252
1
220
1561
43
574
12175
4
2325
13368
8
22
21544
1276
2331
53
3
702
6
11
455
173
15
2831
14606
3
10
5223
8
9733
130
1
1182
707
2604
21
47
1845
30
6282
17
29
129
295
32
1
7
209
614
20409
12
231
32
339
32
8234
199
16077
3532
12205
2
2
13905
1774
51
1
525
5301
1461
2996
2
7
16681
1596
1139
22
55
11337
8
4
7
2308
1731
2192
1
961
51
155
515
21
156
869
1
25
5514
16316
7994
4
608
21972
3
34
4745
4
1285
98
2061
33
282
66
2
1156
647
6
49
583
11
2203
23
150
1
139
162
36
2688
85
27
4
14
12
9220
2
8649
700
1230
387
10
7499
308
878
240
7
446
128
922
17
477
6190
1689
21386
55
23
162
4
2
2133
5
6830
3
47
14
1727
3
2181
3711
166
1
5
832
4462
825
1
140
18
102
8756
35
6
6
154
338
12
197
28
132
1317
15081
6846
2
465
1117
194
2066
1
607
2981
4
9829
25
564
11648
1245
9
42
34
18
6796
300
2769
2
14896
1
255
3524
1224
18634
39
16
67
212
6
32
2
160
2
7838
3
91
31
10
36
3
2170
973
22
1112
24
9
4155
6024
938
18
3124
211
12571
7
145
133
448
11
2467
168
4104
550
1538
697
468
105
281
59
22
86
10
7
1334
3
2
30
6647
100
20061
8778
2297
2
3
1
171
17
60
12
80
906
345
954
61
79
71
16
676
20011
3
4074
597
6
2642
18003
7592
915
57
13172
21918
2377
45
38
256
3131
1854
1977
27
82
25
2
1360
319
716
229
2031
2
48
7480
6
20815
5406
6502
1159
2
12789
381
178
81
168
10739
9
21229
22
370
7139
56
1
17
30
21
9
4
5541
5721
114
4
283
148
38
12356
698
1
3576
2534
2
20209
199
187
8974
413
2
645
3322
2591
2
4
12
15
75
13
21333
111
5
3
38
1394
1967
13
14
8952
21
107
4186
7
558
218
1701
82
386
458
1
38
611
25
225
195
1
5
995
3
2186
2
113
6
2894
628
2
444
43
604
12
153
10199
373
2722
234
1
36
4
57
1248
501
16971
44
13011
3
4
19287
4408
3
8
451
18181
4135
41
6328
1128
1791
62
1173
9152
836
688
4
11534
27
86
17
404
2
7
1664
1735
11
95
14
1320
427
3784
18542
130
3
88
99
7
367
59
253
873
215
7353
1
19525
18957
5951
2
2154
8799
71
1
90
4
1
5
2
900
3
20
164
18092
1
149
1
358
133
169
207
34
45
1616
37
1
1263
27
4
12
111
748
1996
28
150
177
2
5
9198
1
11
104
21176
14933
4430
10376
8356
2547
527
675
61
959
6
20
6
1010
1
2107
96
6054
31
12265
6
4711
2
3888
7800
4676
3
17
8930
158
1
44
44
174
35
21491
87
28
3
297
48
153
9
212
778
31
69
7
12820
5965
19
19
24
149
17
6
3
8543
23
112
10049
262
475
4145
1353
1
1007
19
358
1373
26
3421
1710
417
113
32
50
443
93
13
1429
10224
90
889
18226
11705
3139
9496
472
19
5
7000
1215
99
703
1090
79
134
8
2366
4642
2509
1148
2852
3
2
5
5380
1576
13335
8
40
2873
13
31
8
3
1327
12979
31
14
4054
1061
19
7705
70
99
235
10401
107
3
7299
13939
641
15007
8
10
7686
46
13
322
35
41
6
2
13870
3093
6
203
1269
140
10
15
7858
138
243
19670
4
5
21281
489
36
21
9
163
933
1134
12602
361
50
356
2491
3
106
114
5420
156
1
374
19816
20259
16
478
5473
244
661
64
1114
158
964
115
12915
3
14714
11
406
63
2016
6
18497
2
5
2824
561
3
7192
3
508
237
121
533
4
21
4
55
245
5500
1
21021
228
4734
116
5820
287
9334
2
28
27
119
11
45
11
16518
589
47
93
35
66
3898
1896
131
5
115
1
9311
5
15725
14286
90
691
101
15456
11
8
5210
7
362
58
7975
867
25
1404
14
2
37
18911
3
303
18
38
6550
85
2
5275
3
5
227
1197
7407
35
14
2
10
4
3033
61
79
3927
998
395
152
1292
129
1185
897
2
421
1
8053
51
5596
83
799
1608
7
4
325
278
10
4
20
1050
52
53
12884
9
218
5
106
3388
5
8
10427
2
193
3
8713
4562
20
447
40
3
6220
321
5806
21865
107
1827
14392
741
8606
6
314
3567
4948
238
152
16
666
6746
1640
9
13567
3
26
331
2
1
8
30
71
274
1425
3975
7034
1
8
3656
47
966
17652
7
18
61
1
633
24
5022
15
2
91
20160
5
1
13467
4473
854
2436
29
1636
8
4653
4495
1530
5
1823
1123
1
1796
217
403
416
6
13
33
13270
15958
20
1519
537
6598
3430
17265
834
10
4518
4
289
7317
81
15155
2
5009
936
15
62
157
14
1
23
5835
340
2578
1
2
4
733
17565
4
4375
4
257
4664
1203
2389
9473
1179
530
2280
1273
140
239
1
622
3108
1515
2
33
3995
290
426
4529
8670
7
1
2219
601
7
6
3
549
1584
186
7
230
7724
5198
22
175
8
2959
505
55
26
25
86
2566
3
1
14642
8
461
68
297
19477
2269
202
65
13
1620
247
1443
852
2
3178
3775
7610
1
6
769
438
35
2
7
10899
8153
1397
1165
1
3
106
270
17826
22027
37
112
678
16156
163
1
264
10
19
44
190
60
7156
19382
11
3438
1482
432
4
60
4
23
18047
25
7
11
1093
8
4
1744
2230
1714
981
43
5980
2636
371
29
193
4
330
4
64
51
80
13
3
11477
2
1103
5
2
4322
2
17783
976
9403
15
680
57
595
1
759
12386
11
4924
16
13802
185
1
4114
6880
10608
2
161
1212
11
546
7444
2675
2
5
1660
21
359
5
1644
3305
16
2
2319
2
1
1
170
13
261
1612
13
7
18
70
11393
9757
25
2
1805
5
2
1260
774
12
634
18588
4
5
957
367
5
6
1490
1422
5147
671
61
2
6
7
6948
317
7
9
215
7
8439
18
331
2803
1367
5
227
3
2597
255
42
18
784
293
6407
16
3
15
4
67
5122
10
1863
11198
8397
26
27
4585
2866
32
5568
924
2
14
14427
117
1676
84
94
12664
1783
6631
133
5
420
2901
1058
25
13
2
10
1600
3
1534
6391
120
1891
116
77
3
1
21072
160
665
7335
10504
17
1938
1809
11226
110
752
251
226
21
8
5
1
62
4
55
17436
56
2160
136
9
2418
6965
2735
18
39
7371
16558
7017
97
248
92
137
5
4
1
5
10
3
2
470
95
1340
2
2
2916
399
11938
2
132
1680
4
917
3
11
1
1408
686
2
2
401
181
2263
4
13
153
5
13973
5
241
352
4
11061
11590
53
1048
1040
605
39
6
400
3
5
13
7
16
40
2
1652
16
6914
2
385
42
805
13
19145
2
2859
12417
201
4
35
70
9661
2
9130
4757
2081
3297
11
10582
20560
3447
6486
5
233
4196
21
2
11007
73
96
61
1697
1818
6
29
180
146
26
4687
2
2
51
2479
11
309
2258
323
16116
551
33
490
5059
7781
11
2
871
262
2887
37
719
34
13500
45
1
8
7
10
627
1
5084
4619
2
122
102
68
9
8014
7
34
693
3
1176
184
24
2
1279
683
21
18818
8480
1450
602
11792
57
3162
39
8
284
122
38
86
1206
3
993
346
7554
983
105
728
33
125
15
23
33
273
6099
19
2302
24
14
7052
63
10
237
37
539
15647
76
2
1905
807
59
1868
1151
348
82
1095
76
3
21
61
1546
26
6
2241
14077
65
253
10149
1972
46
392
1986
17
118
27
6518
64
23
569
5
6
7629
1882
17
103
6
17181
2783
4
2974
50
31
1
60
60
45
10
12026
3550
5792
11
6470
1153
17
1957
16
10
12
780
2
11
2
8
1569
7
1962
4722
137
25
829
2
49
58
6
54
1085
9
75
3
10
5922
2
8
2
19
14146
16
1
238
3
13
29
274
809
7462
306
1101
8
29
1924
4
9288
2
82
579
3
4
85
2
12726
124
169
180
220
2
44
9
5
252
10350
2742
6664
42
26
196
19
33
1
6
39
1991
5
476
2
12758
68
4
278
3701
18
430
1
1565
5
2817
4
320
12295
880
3
1308
1390
219
48
22
1314
1
94
1
21757
492
6
410
4
3186
5
4024
545
81
534
111
14
364
3154
16
191
200
56
8
13237
44
1
2988
3498
2
13
3217
9709
6
12115
28
520
11734
377
20
15418
3956
219
14570
6
13
18
517
11
1439
7743
6174
246
145
3194
4269
4596
31
49
36
1446
16
62
213
6129
4769
25
7
3455
135
8
66
13043
3620
2
560
5
9781
1553
555
9041
418
57
303
11
266
268
109
5
3
3812
2092
2880
5
323
15192
1251
6205
2
913
3
104
3371
613
22
1350
21
292
43
99
2149
41
21
1266
271
90
24
3
4985
81
16846
37
26
12
1
10
6297
25
619
1765
9685
29
3506
19098
2
3
66
1
1012
3314
43
2
305
737
85
1
3464
27
1
71
557
301
96
159
4207
2
15230
4828
10
46
1632
1929
75
435
343
259
2
35
89
4290
9
105
18679
70
7069
382
8
8
1
9520
56
25
1748
13
86
2
39
8173
17695
91
144
72
3
7955
229
83
1
170
141
1
12
34
7
17
1
1
58
5096
3
2473
194
79
3803
28
4259
21597
485
5
357
969
8
10
5763
160
13
1038
10074
18864
4
124
652
1
2
4
22
24
6
803
25
10
40
1
309
94
4005
13107
13
10872
5
673
250
