374
1737
2642
7
802
6264
91
4
9
16409
68
14
32
395
19
173
10
557
4119
1320
251
8
1374
2695
2
8039
5
4058
3
2
15
2749
782
19
3
357
3582
2
472
1678
26
32
88
312
345
98
59
2297
80
295
89
7880
194
12347
8242
4881
13
1755
14
148
1526
11230
52
14777
12
10630
1029
574
3
219
4
53
701
127
1409
430
1466
7
5
10012
5
3728
31
25
8
9061
103
20
6
458
6
92
15
18
4351
8450
5
218
4713
21270
1060
366
10
6
370
11629
2263
1
6584
201
50
6
2
14
1
20540
20
60
3765
15
304
14
1
145
17
9
66
120
2948
59
4737
62
13
20
97
1534
69
181
445
5
17951
847
7312
11983
23
122
565
12
51
3340
17
6486
274
146
23
383
14557
798
7
16
51
9
4287
17
580
3
29
2501
186
9198
2993
94
7459
2230
1294
2
336
1
7
71
1
283
2
5
195
199
15688
30
640
1008
913
228
4
178
2196
16085
2
3
163
2
83
9
323
159
2
7841
27
554
21165
3
12979
128
1244
1
311
21
5501
176
1474
834
4484
18
7
2
2
121
1231
13240
350
694
13
1
3193
12
9669
10953
603
9766
35
644
7
1
42
9
45
6
91
241
102
1854
7
18776
65
11
155
3
1154
124
5
76
2111
20
22
42
14999
886
24
3860
6
93
417
1065
19
16327
1988
1334
637
19346
1
6
890
5130
1
690
30
3407
4
3
806
140
3546
23
17249
3
182
17
711
303
2
438
33
106
830
650
1939
6
138
136
62
114
1572
1
21699
1114
26
1160
20850
104
12409
2
25
18964
28
1949
1
2
740
32
1645
1
1
102
13307
191
179
615
9107
14
4
320
127
4930
54
141
160
4
17
4140
1
2919
1219
4808
1541
64
4
135
8
494
13
2526
1013
6079
19
1
7
465
2
8
248
7999
28
18682
2709
10420
8
184
14485
6
164
1
12
436
2
3
66
2
5234
66
6
29
3
4395
10
2
6683
3
12914
44
6750
5004
90
37
1
31
3
2090
1763
242
212
53
6
11
1195
348
3511
5
39
38
13
18131
331
3
41
117
1920
96
855
273
2
25
1
3
3880
4
922
1929
1098
58
15
343
28
82
10
2
2
372
126
5989
35
4551
7647
9621
1256
397
28
2
254
47
213
3709
11687
10
64
452
1
2
151
50
5
3
116
3841
945
1978
42
763
8
11514
895
1481
6
5313
7609
10163
9
15
2763
29
5
49
47
166
1557
1388
57
154
2
5156
463
2
9478
2
8882
249
21
3
84
162
3
16824
3958
2
1
35
1
6171
1269
21
461
31
1125
4
70
2722
512
6
10113
12
30
16
12
29
267
139
2355
7534
7724
470
5529
955
21808
11
4
6784
270
1177
33
12596
926
499
284
969
21917
2833
54
5
10
5029
5
72
38
2
263
14198
1301
43
4308
197
1612
600
3178
6390
484
4244
736
285
725
338
482
2551
16
13987
48
666
2379
6
10
851
7275
4954
65
11399
401
3
43
2963
2
8
183
3391
14
18
2978
432
9573
2876
13
15846
7496
415
1275
5079
1
9
3
774
154
34
609
97
4
26
19
335
3
9337
308
246
19250
18313
26
86
56
8838
78
522
2
151
19638
3
708
80
8
101
39
1
58
171
677
38
5
5812
2
6
6232
17862
1
47
22
2
2175
2121
1
359
1
16740
44
10
663
21
5
733
16992
14851
5
8
208
1
25
2100
132
98
1
7
161
45
2
5669
125
18589
12
314
7763
2
15767
22
179
2
5640
4
8535
6
3
653
1416
81
29
1
145
318
16
261
147
39
407
519
130
23
7
230
38
1
1213
61
3008
3324
8
22
134
4979
409
11571
5
13044
75
8927
82
132
618
3
3
330
13711
560
3
1711
1518
2
1
3291
49
8620
5900
8794
1
917
229
143
7
3672
15455
6852
76
10899
309
3
36
46
10
1
4
10
271
35
12
631
288
814
280
48
18
4
5870
2905
434
10
4784
2038
19
2791
1
860
36
14630
78
1790
1844
5105
364
222
8
11008
722
3
1564
2655
5
959
2
54
1165
19736
79
3636
27
1430
9
3
6295
1039
287
15378
530
683
3
487
989
3
340
74
15
4
99
36
826
243
269
226
14128
3459
7131
18497
20954
18
838
4160
9
27
7025
6
2
2
72
17
260
355
4
1
810
24
2
4098
786
65
35
5
13643
5557
8971
79
3226
33
4
4
20643
1
4
29
13848
13
9913
1628
1
3
10
5
4202
46
6519
138
551
1
1024
20
2736
100
165
123
1003
137
8160
3068
86
10683
1307
68
294
20
2132
3
1402
582
7
96
6049
1636
2
1
2
1459
29
28
1201
1354
2
114
6019
1
790
61
1891
347
23
3803
2320
4
1
30
43
1092
377
12
385
864
1826
22
196
131
24
2
8
27
7802
1
210
2415
715
4
5
2
190
4
2603
387
6551
8
2
59
231
4
2164
37
5754
34
94
2564
297
514
10
1034
622
1055
1
7571
11063
220
4
3
454
91
2
4373
50
31
1
2
729
3130
748
4905
17
3
6717
24
1019
8119
33
4
100
6
1549
16005
2
67
2476
11
718
205
7
2777
9
1694
46
10
3
2252
125
11456
5
1580
4
18041
19
1
32
440
1
17
9152
1910
3
92
7
16
106
33
130
25
843
11
1
931
2
84
10
39
1
1071
822
15
112
252
950
19
22
2059
363
12285
1661
322
142
2538
405
9430
1
46
6921
108
17
14
71
2
680
85
21059
2
1901
7
18405
18
44
2439
9864
56
300
908
7
12043
12
14
5054
13575
6
37
2847
16246
4
11
10
6201
21
1347
1
1103
3
37
2
291
5260
5
120
10845
393
204
1968
278
1
2
42
8
5
1
51
55
1
1381
1189
5
9
7
3357
497
73
150
11
20
2048
1109
11746
84
8707
12471
9
81
12
18
13
2
2
3
538
1
52
15
72
8663
2275
3
2590
755
1
4017
873
5
99
13507
53
5
6650
3084
16
50
54
13373
540
55
2079
20336
6
5612
9
237
1
20
3374
75
11343
73
979
8
157
6
2
3476
24
7
413
571
9963
1
14
203
759
5783
899
7203
4
116
1183
290
597
1237
543
1250
52
19443
64
41
18
4
411
156
27
63
2
2
492
1596
21
34
2
23
18
43
3053
23
1142
13440
2488
1882
1
3
12
11286
2
16165
233
7
16
17596
7061
5
244
227
1
3
8
57
10737
1262
143
7919
647
16
3
1050
12659
129
479
22
10472
253
6
3618
2
477
27
17773
57
4
517
7385
4330
172
9
5
577
333
5
7167
180
202
1225
34
75
2
425
48
660
24
5697
594
704
5
13
5929
1452
3691
60
1367
110
1
281
119
6
40
13
26
40
3
10368
12533
3494
6109
170
12786
1
974
20034
235
69
28
20134
301
16657
2
12
1327
17684
19059
63
115
562
8
368
8079
20438
15925
153
1604
12
1835
7096
3784
107
3242
32
31
7348
25
8283
13
5584
509
207
2219
468
12722
11923
13
101
15226
1207
4620
625
2367
11
6
3209
3258
315
3162
4417
13
85
21591
2
6887
4
317
67
118
2069
1
265
2616
1620
1081
456
423
2
15
60
16908
341
217
257
7
15610
1799
1746
507
4
82
19934
3
25
3
33
7
2
77
14
56
193
107
2028
3
12224
78
3600
4
123
6358
10791
1076
940
49
190
8
148
41
6
1
12850
2
4038
11805
2805
37
381
112
2142
489
27
9016
68
209
88
657
188
7
20
8750
19154
22
5182
40
21
3918
546
9383
14341
2
4
1120
9815
1808
10577
31
10265
2
2018
361
225
87
111
11
166
2
1314
6
2
628
328
3997
2513
24
45
527
4760
2
1503
1137
5
60
34
3
6
2890
2332
9244
687
216
40
2668
3099
7
5
58
140
15
8408
62
11
119
375
10525
1703
352
1653
1423
87
5420
1
19
2
14269
1281
8324
591
2
8
3564
354
133
3
4461
2008
58
16
964
1729
18
3
3
4
10214
19
8577
3
4
1
3307
20235
149
427
162
11
535
17335
3529
262
18870
25
766
1488
6422
16
1340
5
8
5208
40
1817
221
877
3
4
9717
10317
105
8201
8
1
7959
67
4
43
6
20
187
12
3274
306
168
2
11
904
15
20746
45
4
7239
7422
2
5
30
3
6
504
15302
113
37
13174
258
13
1087
11
38
17422
3
21484
3
177
238
2
93
568
2
15
11
175
325
673
4
3
6
744
28
73
2
391
4
70
95
11864
3938
214
223
2
12163
117
167
11
5
113
12
103
8366
5
4832
83
55
234
9290
35
1496
2682
1437
6
45
23
109
2391
2153
198
8
189
1288
447
4
10
247
4
7
4506
11
7686
13780
4574
32
8492
2
5286
449
16491
2
10
419
17163
4690
8
2
240
7
3
670
1
2
2
612
6
1
1669
2
3
11
549
2
14
108
111
585
185
3038
1131
11174
71
2
5366
6990
1511
136
1
4181
14
4
16574
9525
5474
868
13109
770
4856
4643
14925
4439
8
6326
9
49
27
443
128
293
19835
5
5393
10
63
1
7
74
2309
1588
501
9
134
1148
3146
1044
89
4
634
11119
3
1686
104
2451
751
18222
3822
1863
14703
36
42
90
2207
3115
2
2186
532
475
6617
5447
13
158
4
3
6
3
17
3442
158
2
588
80
3
298
4
14057
1
6818
21
15150
31
403
2
2344
14
1872
379
5
3654
2
76
12103
1
2577
206
3746
1720
277
122
1395
22
998
421
818
1781
48
14413
6
1
15
993
2403
697
5
7
17
39
53
144
19540
4
2819
3
26
13918
389
172
525
1
169
22027
276
215
12
1958
794
2861
3
77
5726
9
6454
3978
192
21377
15075
15533
1998
984
3023
4
7
9
6140
778
4
2
174
4529
24
19
3425
2
4597
23
8
2629
95
16
10063
56
41
3
6956
5959
256
16
18
2
34
5339
2934
2427
606
3899
9
51
1
4223
30
10
266
936
21
9
1
2
26
5841
44
15
1444
47
236
2286
2
65
2
4265
2241
881
61
24
399
17509
9
9
36
17077
105
52
11
1
1
3
4666
1772
2
70
152
1
3
1360
2
2464
326
14
1
200
87
2
41
5
1171
4078
109
9
17
