4478
11
87
1006
6989
8271
4
10
85
10
2
10271
9
1398
57
1002
11
93
49
3246
254
168
1704
4
4
8
944
3020
555
14
461
2922
48
8
4
5484
233
22
1
28
6851
1058
2936
20803
15
4
3044
9199
7
2
15
886
2
4524
42
15477
13750
71
8
13410
87
287
3137
1637
5
185
1067
8
1
796
24
125
209
458
18970
6
15
13
27
57
1980
1
32
1
194
1046
446
242
506
362
109
64
117
23
4
3632
6123
2544
8855
541
16338
8749
217
3230
16820
200
81
8
4555
11
26
1
1023
1376
1397
38
3272
437
5122
15
136
7393
12961
456
2216
1
10007
8
1
1802
112
68
1
73
2861
222
7906
5
5662
15
38
2
24
472
79
166
59
21
52
4333
701
26
4
3396
1219
67
23
5
165
5279
151
14618
2
4
438
84
10458
25
3041
86
3
1
28
261
4
121
90
105
1
15
1369
70
12793
121
20950
19786
938
5006
461
89
1964
20
268
270
431
9
5001
1
11
3
8
57
5500
27
410
109
2105
3
84
290
6490
1400
303
612
15617
3
3625
60
11434
1
330
2832
21698
5
5
3546
11411
664
1411
2143
3475
7
484
18
2
298
6
6
13
226
5
1
280
10
6
261
3553
2
2386
29
58
712
26
6
8075
20086
3
4648
273
2
18115
2
4
70
138
19
22
12
363
1186
1
8567
1260
155
21182
116
411
146
2457
7181
1526
3
29
35
2724
728
3
61
9897
1
259
2
778
283
5429
14
2
7
802
1
19
3
23
277
4
714
4
1
9
246
2
18007
2
10
2
14
3
153
64
1733
6406
12691
9867
11
40
647
2
3
2
13
6933
7341
971
13
3063
19
8
63
9
11140
66
1902
787
27
8
4
26
4
1527
439
2410
203
36
1
3635
3
37
15775
294
3479
4761
13464
136
618
3420
9
3
6
3
25
1
1350
42
153
19
25
3262
2
10521
36
274
139
3
11
30
7371
15
22
3679
4
3
14884
2519
3
1
2
107
16094
1
3447
18668
64
464
4
420
2163
607
5539
21938
32
10385
793
3731
308
4770
215
3
4
1731
263
13
2
2055
2
2
6
185
2466
58
11
7851
9
30
19
1365
2
1346
5
7711
146
5
17
61
46
832
3935
365
8962
13889
3542
38
343
7
2
46
2
6
13903
73
5
13343
1
794
9977
19589
94
8
409
195
19866
232
954
287
1082
354
1726
12
7088
1140
17
9107
1663
82
303
80
259
19
2097
1036
121
1939
111
3
446
64
3503
1
4192
2
3
86
20
5
3454
17
14
602
8059
8610
34
4
1806
543
1
10
39
2437
16
17899
1444
27
6688
2878
1
1318
7
49
1437
6
12
63
948
1106
3302
37
115
18
1788
2
9
4492
13
63
16078
18
57
6
72
49
17473
3
6278
147
64
488
376
8
1440
132
461
1768
1962
6
10553
45
2
21
4728
132
8002
1996
46
2
138
1
20
11795
1109
21118
9
3
136
20
921
4
12754
11
2640
18408
592
25
2710
2295
5
632
23
8
249
13695
16453
1226
22
558
9759
2
2699
339
107
2
73
9546
8775
1041
5
11207
150
775
17
14530
1034
16
8
11
30
5
3
13586
5794
3147
5517
4350
124
12
1945
718
133
23
1052
466
1524
1
21
8
3112
4425
36
24
52
57
3
33
7067
9
1056
11
1992
2018
8042
1
12
3
250
63
7224
1488
3
67
3
10
5
2901
1
1217
7423
11
187
345
62
295
585
6
305
287
16387
30
475
14632
10853
901
2084
9
737
209
2
1
782
485
742
4015
271
1117
3282
304
11320
2377
690
557
180
37
3
12
976
4225
45
24
106
18482
101
1
3315
12
32
1125
6
2987
31
2198
103
2
17
18
360
142
4
2
5353
65
3
9
1
38
6
5
3599
85
14313
294
75
917
1342
3
8
552
5148
1
22
13764
2
133
2274
66
3560
29
14
1
2
2
19296
218
109
2521
5737
9385
14
760
88
20
4
11666
2619
16
356
393
14
6
58
219
12364
11
20
1
13
85
2
798
1357
3
576
42
407
9
50
14544
7
14057
10843
27
1
1133
6
716
1
1
2
3754
1728
197
104
51
1333
934
2270
8473
5
5247
2242
827
7334
6285
7
275
1
19219
1192
2960
114
491
2464
645
3720
139
192
7239
40
17421
14691
17
30
201
5
6
1055
3
31
708
1990
1
18
1213
83
3458
16
4011
83
96
1
1338
32
9
2
13276
597
21
324
48
4
3
109
3
28
3705
15
7
3
8
1
3
7
823
209
24
633
320
9887
19047
3
455
99
2931
2509
685
107
53
4666
135
9016
6178
136
6209
8819
3482
368
8
2
164
8
1305
857
1
1249
964
19
2
588
7283
5
1
17579
5824
172
637
2596
6013
986
81
4346
299
107
20106
1
2
19569
3
31
12046
21076
3
2
13
9
11230
163
5
247
2
2
7437
30
16619
2672
28
25
27
68
20
5
38
773
3796
234
18725
9
101
1393
8
4372
1653
794
10027
11783
2309
10
431
1
193
1102
11286
236
4551
13820
90
5
1
153
9
889
11
1662
250
26
7527
116
2549
2537
5
12
375
485
3563
9
37
803
3
1697
156
221
3178
325
175
1795
23
61
837
17863
2
14457
45
2
1150
590
6674
12451
3468
7558
3
11018
5
2686
40
1
6
26
60
29
11
1815
6641
2
134
15696
7
2
5
41
137
234
3125
7124
7899
151
197
63
13
341
306
100
1467
941
23
477
51
24
8355
658
3
3803
150
1695
172
370
15
12216
11
7312
585
36
5
41
13973
9
27
1
157
6393
462
634
59
2
378
33
1918
142
7891
564
7
8
9
426
41
198
1047
4359
16786
11866
1752
2
15307
12414
11
311
6
20
15
26
4
1712
190
224
3923
7003
5948
2732
643
49
8
991
3672
241
10
199
2
1
6
2
2707
4921
15602
1475
42
34
4
1003
164
334
121
333
3185
3514
2
80
240
2434
3661
55
7
171
828
65
21546
22
23
161
6
1624
2334
3
2
31
11
6742
99
2765
13
6216
15791
813
2
17007
134
2148
3269
10
940
50
3
5
3
339
2881
1
6
56
3
5026
46
646
10406
59
6496
2
493
1231
428
17
89
13792
3556
256
75
17
181
19
51
15870
5445
390
10756
20005
1655
5
3
39
2279
53
16
544
228
130
457
314
14
13210
127
44
2
221
1
418
163
6431
10
11
62
5
230
8363
6
1614
300
15982
1241
2835
1168
2729
2156
172
7
15
21
1
5
10
73
4154
931
2
2954
966
594
508
1878
6885
4179
3
5894
69
376
10767
7
479
2
2292
132
843
332
2534
23
83
1
132
2379
108
2
9
115
1
425
5
8679
44
153
3
726
27
20309
86
67
6135
5
3
70
15049
8010
5
638
450
5882
992
669
9
1142
1
85
1
11051
226
784
2588
6803
10
7445
17144
1274
543
18298
7
78
3617
3
200
4
31
191
13370
18335
13613
35
2070
125
6
15
16
12640
273
13
154
8
56
2
520
662
2072
637
140
446
10606
9
3621
50
198
40
16
36
17
86
11
69
3489
3
42
13118
125
10
589
102
1
1
5640
154
36
10448
1
677
30
2211
956
725
13
77
1
2413
13806
3
2
5311
14428
98
26
4
20452
1714
379
16
35
1088
145
2975
68
5
42
13
16420
232
4882
14
8
21
425
438
12426
34
2884
16
6522
4337
2
20227
493
3880
1
5
1625
1629
4
21982
66
22
31
4
9
94
3
14
126
196
7
625
5478
2
12
6
9
1
225
10
19
15064
6222
4685
1295
5189
2150
19374
358
132
858
538
1066
537
14486
93
22
587
7
345
19258
34
263
4
2263
361
3
2
20370
37
67
19
30
56
3
2
687
2
1579
10941
43
62
101
7102
3
253
99
5
3
10574
680
7
1435
7
158
19142
1391
390
495
1929
453
442
681
1974
2670
4
11772
2
169
1588
147
11062
225
87
12
899
665
5424
1561
158
21
20
4
3
19
232
1
22
11
62
379
6
11
4133
189
3166
228
429
3
2501
10
5634
5
62
2
1
29
7
1
8050
11480
64
10
42
720
2
16837
12439
12
138
550
482
8558
564
7970
12241
1195
79
5
980
47
2643
15539
55
82
5359
1208
411
34
3227
1
73
1
399
644
102
2
3259
108
3606
18
1
10
1
4
5
549
791
86
103
684
14
18
7
973
1
1779
31
29
53
12
24
7914
2322
13
6
155
452
5369
78
32
14899
972
8
7
6
8164
348
16
6
10
155
499
9
663
4
114
24
21
112
11354
8714
14
127
10
4
1
892
1690
144
527
138
2
2
2
2
1095
114
2
2
7
5305
605
113
834
7
6
1
12
20
63
9480
19985
158
239
5066
493
25
17
36
581
11492
8
5
1
17809
4732
2
721
4385
1824
3066
5
6
326
2
21395
44
1
58
18
2
1
2
535
4315
5595
1622
17456
219
18913
65
8731
10963
2
1920
3
179
1490
99
136
1601
8
52
1179
2
1110
2838
177
4775
386
5
11
20
92
267
801
17438
4
66
71
6
88
32
2762
2276
5930
15384
13
3799
3
5725
1
1
14
2
3
2
26
6628
1982
114
270
2890
23
2200
10
10
1554
4
1
36
24
49
152
1
17351
77
56
67
24
167
4
673
3
312
37
1612
5
797
2
27
6701
391
12
10745
8584
6
11
21
1700
2
20
35
15185
6007
56
13330
4412
5221
123
3
76
265
6418
18427
5651
2
6
6
12
9
3
10281
906
2
1
7
8
5959
97
21
33
1
222
5158
1008
559
10
8
276
2
41
158
5623
2
21
2
1
4
2369
6
4443
5
21353
4
416
42
599
57
7167
48
590
8490
1
12
4
3
2
8971
17
1084
20349
3
6185
198
15
26
15918
14
2849
2
588
2
177
13236
4
3017
3967
98
86
55
29
16702
5583
2
2059
693
2
3
2
75
1
1356
247
16736
7
13
2
9
64
1899
92
963
4723
2
11
2012
999
18061
161
262
2
306
383
4
36
1
766
1619
8422
4019
36
347
3253
9672
909
8
2120
18631
15
104
16
783
12
6899
28
2
14184
5
3382
2782
20329
478
15140
969
5
29
22
22
2
317
2080
68
3
12627
1322
20866
3650
30
19
33
52
7
377
8
490
8
43
52
2542
4
717
8670
396
2
1916
9
275
7626
16
249
17561
56
88
12022
11642
8
20887
416
114
2193
292
15034
8
13039
59
26
73
2
530
1497
1
163
3
68
5
759
1
1000
2
4121
2683
3
15
13
202
2818
310
3
225
34
189
480
4368
1
195
3
22
9
4995
61
16470
147
3
10210
67
313
1
14647
1
2236
507
250
2189
4
7
731
194
46
12
4
30
16
17
74
1059
21763
205
13
16
127
15
11878
34
9
8908
38
18650
2
1
1
4354
33
3144
1348
754
395
60
13
170
936
212
17508
738
3087
118
19846
5
44
2934
55
23
3
2061
1
1300
243
3
11
16
8935
2
1924
9858
43
7
10128
4
4196
105
2555
9
52
168
293
7290
108
4
4
5
8
2
65
77
6694
85
10
2593
407
47
346
8
1
88
9162
65
1
1799
8
4514
28
13
7
36
1103
14
3698
1349
21417
59
8
2031
1
4505
73
60
3312
21568
40
14099
5327
5031
11
5
9575
12
8
14
165
180
2367
180
2076
2
3339
11
2
12
1937
872
163
159
9329
16770
7
18
14
2827
80
25
4474
8115
25
8132
11515
214
10230
286
177
45
9034
81
10930
3182
1804
9877
369
27
81
198
633
3169
1335
61
1045
371
55
131
136
6940
118
4676
75
5
160
1114
2396
39
2925
32
4456
1
34
23
73
19
15664
1
237
2591
6
30
4
1
2
217
2
34
7619
2630
445
942
349
9217
2
4129
4606
3
12
52
4251
19471
380
18575
210
816
19766
18594
5924
92
363
11
20
1094
614
1265
2004
1039
32
2258
158
7
1568
851
357
66
3
8864
97
6
1970
3570
108
7
1323
648
20
12
106
19
17
34
1
24
62
2754
7
3643
21916
4221
111
12010
6
1
603
7349
235
3
19
4
9007
1297
25
36
6
2
4
402
2
772
45
148
849
2
270
1
910
4
1086
9
2256
51
32
14
4003
9
216
2573
8575
5117
527
8
7
729
19
348
15
14
2
3
299
8
241
181
722
5337
2
199
85
8
1600
2
12
3
1293
2678
4
1
6
31
23
16046
5
121
9
1050
554
464
1123
15633
2
496
38
13654
2078
309
12552
43
5
5252
190
37
367
39
8
3
1353
1521
3919
3163
5295
5179
7203
18025
25
10
224
38
365
22
21
248
2
621
3915
88
36
4242
870
20
117
9
15680
2408
326
344
72
1283
22
13
2348
1986
9652
552
9
112
22
2
129
20
144
1908
170
13
318
214
1904
3
5169
96
2
128
131
37
3032
65
4
229
1
11
338
780
5
19
247
1078
19
18800
1
6
16
719
896
13861
1009
50
1
2740
1065
3845
10810
1
101
74
425
5578
1234
54
2532
1352
14
213
48
6516
11241
3819
62
23
2
21
11
31
19
7828
18
16
57
6
6
22
21331
2
6032
47
24
165
18
6796
19
2
26
14959
11631
8
2033
2180
1011
707
16014
4088
37
23
30
394
6
7580
14
449
31
12
568
4452
238
1278
2
350
866
62
10
4
133
8
1947
7
1371
15
2320
56
1450
3
97
105
41
123
2
1835
13
93
23
1228
216
208
49
336
12526
340
5
57
523
196
389
6228
2304
182
201
788
28
1165
137
148
2415
7634
22
2
1638
1373
4
5
67
667
20
132
3014
9537
1457
309
654
6648
1
1154
4537
2
301
2
10
1
10821
70
9
20
1
3091
102
143
29
1
99
9180
403
3035
2
3
53
231
3393
8330
7657
2
19667
7946
151
4
1
100
155
7378
1
4680
25
1822
19123
1048
3
11
124
5321
27
17
3
1443
3444
1
48
3
128
8
216
12
8388
8156
16871
74
33
297
8
196
2491
3
129
4416
13
8
2
7
1
8189
63
355
2393
9508
19
1
6
2
236
26
1643
946
533
4528
445
12
231
1
138
15
43
3
1634
549
305
18
363
76
197
2
8767
122
2
23
77
6
265
97
31
2240
554
95
4
7326
2585
197
14270
41
26
3
7117
3724
9907
8
4
9633
70
34
496
1
17
864
5
1707
2852
26
1339
6
58
1040
30
1
16
757
354
561
3
255
5567
6748
11
1301
28
468
13505
76
11
24
30
1191
94
22
1051
1943
4
5971
1
160
735
4407
15806
32
617
936
208
27
117
2
30
11
2035
3
9947
3762
4
369
7680
2609
39
1705
678
3951
6438
152
4
20658
18612
444
31
2
7
7
1
14
3352
91
16110
34
192
1279
54
126
202
384
111
44
14227
163
93
5284
6837
2
162
4976
5
2
821
840
1431
3
3
17
1
116
5413
110
781
16
19905
620
673
90
7363
51
974
19608
9236
9
4
13065
6
2
427
24
3912
16
6
45
36
839
10
61
47
1212
48
2
2
560
22
1
11561
2601
12
20
401
7930
117
6
477
3
1242
23
7
1
6
2471
7
50
531
3
12339
510
4324
151
723
31
6
2
11366
3365
9
71
44
1978
4
6594
847
17126
937
1
261
79
1091
76
596
2
45
192
127
1931
4
9
293
2476
1079
110
845
412
15079
3857
15586
10
2288
1135
9
20
84
16
1
11926
1
12678
21374
584
468
11275
5742
2
3822
14
17
7672
31
280
2161
1
5
513
68
440
1721
8
83
1820
1667
87
913
7
3
4624
19
1292
129
7512
28
1
3788
412
9565
459
199
65
12
2449
434
23
1988
8
2
42
4578
12
9301
168
1313
267
1658
164
13
2384
465
54
13
4
122
16719
951
9282
99
294
1781
1425
12204
3
2516
133
12
278
2529
73
6335
1782
2
2680
2
10108
2751
19
2
2
710
6154
1880
7505
6197
130
641
15950
16
11
1427
5876
532
30
72
25
113
2372
6
4
4542
14
5783
118
13316
12119
40
2575
998
13
39
4634
1
5263
727
329
15
216
4799
1396
235
1224
201
3
15094
2099
4
74
6
707
34
235
4
2341
1593
7304
45
193
2
12
51
193
3665
34
4183
1183
1343
2
5
11914
81
653
13
13959
264
16
19008
400
30
86
5606
222
13641
10
14974
481
18
666
3
161
740
11
1254
12729
12082
1061
350
20
4311
1151
1
6728
442
7812
302
353
377
1
1509
19
789
191
17092
1
1592
184
9
61
25
8414
20
6
5936
4
11
13131
397
2
37
4
697
2999
453
112
2
16
207
7994
9319
21611
930
469
9967
572
4209
2
110
1250
13
4
1
32
41
3
77
1
6203
6
15
469
6
14839
173
476
18
27
5289
1
1367
2499
4341
5806
105
111
5
7
611
29
1146
1
1
5
2479
1019
11538
122
349
3
546
18
4
84
26
59
40
798
5
4709
24
1210
2
2
12
113
284
77
25
2875
374
2981
90
4
456
20
1
16586
5396
156
2028
48
9
14156
4162
414
10
218
12180
307
5081
6
1317
4
2893
210
5
470
10375
1717
12155
1
81
639
544
3
4
5434
2
7
223
8
256
1
499
10098
8
423
525
21
17
2
7543
26
90
10875
5
953
1
140
9720
5
43
44
5200
5522
16
8
1745
20
9
8890
15493
278
6
5
4
8222
1484
3140
769
17791
604
6451
949
94
661
10
53
1558
146
2
333
10
13627
6509
2489
2867
712
4
2026
5
9
16
2
752
11
150
7053
332
6470
5056
2813
88
2095
20
6588
9
5036
9
6555
2
1754
563
4
2
4
1
2343
9394
15462
2191
2
20146
65
5983
3538
14
642
204
811
16
607
11986
6160
48
6
13875
17
1413
16
39
1857
2627
3
3
195
2
5
17
1
4
6
4247
132
3
5
5
3596
6548
134
181
15
5
67
250
21
2
2
97
630
1889
10724
4
61
2557
4852
9
959
2
23
103
557
3
2
131
248
4828
3236
582
6542
2
690
23
50
5
14869
15
43
36
216
6
41
491
3
86
2067
2
12987
66
6074
2
2
5
547
43
6775
69
4
1485
1
9
1251
5771
18261
227
67
375
104
210
17
332
283
5
12653
94
18
40
24
1434
47
1
1
2329
25
310
5
10
617
2
4
29
2
1487
893
1
94
54
674
6
369
53
2547
1209
77
10
1961
14944
1282
6247
925
12
186
37
1257
3191
1068
88
5051
149
265
37
21438
2
65
7
1182
255
16888
44
2
97
3319
180
3
2
17
3072
8653
147
69
196
43
10292
93
6
7535
1188
4429
3
6
11174
2
8
2
2799
137
63
22
4027
2
1
4891
160
4
13945
1808
1761
37
1574
1204
13
44
189
21524
1555
1075
203
4862
35
9423
17
515
8
2
1874
8
415
383
28
884
5143
529
7603
1544
85
1
63
13477
4039
271
57
2
615
118
19
2118
33
10
1345
6001
15
2
6
4916
901
11736
711
37
42
166
26
11185
7695
7
623
55
2
17685
2
11
6
460
15
2481
99
351
3276
25
774
141
13078
1865
14559
21
21851
13
319
12167
331
1271
3
41
2567
2227
260
110
1230
4
1407
89
91
3
5
37
5237
804
2821
159
1797
8740
20908
76
3
4204
4255
2
3999
429
618
17386
4059
74
1668
1007
19
19432
1037
1
181
66
11377
124
2283
137
315
6323
8
9701
312
2583
160
9310
1386
359
2088
112
3134
4175
42
19886
2422
10
27
82
2
1206
6483
11
212
4
1
621
1337
1551
8
167
438
11819
144
548
12
1
6
273
342
259
2
1410
19
194
275
191
5153
11469
415
24
2
308
1957
44
49
100
16191
252
20
224
2872
4
10
35
12
1
23
19
2524
246
364
4
41
1576
1675
29
3
9710
7
4294
15
1895
159
4158
495
16224
356
10985
13
44
10
2
15
1
18
148
42
2207
5
9556
30
5348
105
47
16208
2116
3
86
123
18
1198
2389
1329
14588
28
19806
9
26
26
39
4
396
95
21633
96
14
1922
5668
106
569
223
96
3
173
291
5456
160
1218
98
14676
14
3038
20782
28
7
7
119
512
142
294
20
21
4
112
1
125
2
1415
25
254
1394
7
918
2
4
189
8
18
902
102
3
18243
304
7
6
3
14
853
3535
8953
23
5
4971
1408
222
14
2
10638
86
10469
3987
327
7642
5
6386
21
5511
1
183
2796
522
37
36
274
11
1080
10344
14
1546
3493
36
3
6
6
120
53
42
2
1
111
7954
11
5
4
3266
2
9789
140
1287
547
71
1105
42
1
10
9208
5184
134
55
4
6
2
48
3
47
11
4
6367
3465
2311
2
86
187
4230
7843
170
14015
435
6913
7046
5273
510
6068
5174
5495
1
7
2
1927
6399
1118
19200
15934
10302
38
19549
7
14
150
16
12
2
18
2539
5
424
2
11
467
6
9
2
1
1959
2
36
1
33
17491
2
897
9
42
3
12
60
16404
42
3
336
18556
1
17
580
1
5
23
523
246
221
285
5
8
979
15
8321
5865
4565
40
361
11040
4483
1813
75
145
1716
1
27
10118
2247
2051
2
5
10
2
100
3
40
39
4447
2
18206
615
176
10169
660
14
983
4699
6857
605
1
49
4080
10
16636
432
733
50
56
2
2302
2
1085
78
7246
3
2841
1031
11
1
130
17
17
33
994
8
35
10617
393
50
3
8148
17
15
595
4838
27
8802
54
6
6
1547
98
420
352
24
2
4
968
51
1264
2562
17
27
124
2
18316
631
8140
18134
68
2
10532
52
2
1147
10179
2635
5
2398
11
511
2844
5133
11
10908
35
220
11
6
659
16240
8
7867
1060
44
694
2
347
13
2
2
540
10
4966
1
6
5
34
459
4
5364
3
46
383
131
78
53
5226
233
1083
3
7
288
8
4142
7
220
1901
31
7297
502
498
43
176
3
28
679
7490
426
8989
1
19746
7
3372
1
124
115
10
2
17543
3
3780
37
141
387
1445
34
1113
58
3947
17403
4
537
39
3
10
1
8
586
3
2721
3528
6
17024
4877
5
836
5
101
19
118
1464
762
9
123
624
114
8439
307
14
15109
19104
10
34
124
932
3223
84
417
3
2353
911
101
27
11162
884
32
27
2504
4
4
52
40
3
57
5
5
6310
1910
1321
957
9
18390
799
27
4
28
254
172
1925
9357
1906
16305
51
4
6291
204
102
3
387
162
4
11962
4
1
2785
2351
33
14284
12389
297
1
119
2855
73
248
15155
8
1362
1073
161
27
840
262
1582
392
10
335
1
128
4146
2
71
2
5375
2
11573
2598
32
2065
3472
32
3410
5
5719
251
4
39
91
4
7109
2401
384
451
7031
54
2
2
11
77
35
9366
7
2213
1418
705
21
55
11760
9
372
23
3
1
1817
165
166
2
8
10
6234
4
628
1867
1620
1
2
157
928
180
7596
2659
1
6
35
4643
604
20637
191
1175
17109
1552
311
21
20390
2427
10
787
10
4
104
7385
490
309
14
883
1
3220
14662
9189
148
105
281
83
10
10585
669
7611
28
4980
17756
3
5
422
659
8627
9
1
6961
1
72
989
46
542
606
36
18
2
168
1378
14
9
3
13
107
21807
25
2
1236
3201
1603
17
7859
19
92
636
3
23
66
28
1571
87
12
3
13
927
40
355
14071
81
975
8099
1
1
460
13987
4328
5
14735
36
571
10
45
6
10364
39
277
7138
14
15019
1
16355
39
15
76
11584
17
3517
20248
79
226
1326
792
1
2
2022
996
139
30
6
87
93
5989
11218
11890
110
3
297
43
6266
16
1
40
138
2403
258
1
4
2
1049
346
92
8758
5316
12
48
71
4
1861
22
16
1014
1
181
39
64
5697
2
1
7
1984
3
81
16
572
341
3884
1069
15292
17
16
213
2
497
4
6823
769
10627
19
149
4
3078
2
82
7
46
5138
2365
29
5332
551
2
10
4381
12
16503
229
57
31
7
69
124
1518
1
6
8
1463
2
12935
9769
1
2124
2
540
1310
4867
1534
15
2039
10
3
2461
15712
172
2
595
24
3335
4601
20493
943
1809
3739
5
205
39
47
69
5708
13
55
10
12070
3792
1855
2
566
9
10
278
40
6654
20
230
15
6535
44
38
35
10
36
1976
52
117
356
7734
16
7
6
4043
7719
117
1505
497
12302
1072
305
18894
4652
5812
7
1584
318
49
219
9
128
1005
16175
6
1289
5041
105
290
60
3
6062
1304
414
6
4
2
5888
47
2251
2405
130
13157
3
55
11151
108
2362
76
116
13
103
15886
10919
104
13091
63
59
7
41
21140
7482
2459
2689
306
6
785
283
25
3
7
16905
11
28
67
1447
3
2776
51
2
1
2
767
91
25
492
22
1
8
10
359
13
4
8238
91
12909
311
44
3486
3
38
907
231
1793
15
26
223
1
16
10416
608
3628
176
2
11596
7
307
10
904
2444
47
209
62
4704
11713
6
3713
135
5600
18
21589
2
10189
5
19335
142
5
102
17299
38
724
28
128
256
1648
48
122
3172
850
31
10
245
655
3
4117
24
4
176
657
738
3
1016
876
50
12501
9263
18097
17041
10702
30
60
1
72
2
567
21785
6191
13
3
113
6
441
65
2
381
2993
22
42
4
72
4277
20
20
3217
27
18
5818
51
1608
203
16
3
154
167
7261
916
192
6621
28
14
155
1
5900
518
85
3
2093
2
6
75
4
1138
3
2
328
15246
56
1319
1275
12
15170
1136
1645
288
9
136
3427
27
9
5
704
3
2
133
14
10
12476
2297
318
403
6304
3
3
1
5
1029
3578
14
1
20
100
516
2
132
8205
1
37
573
12107
4
8
2793
353
3
977
962
1711
92
15508
18
39
589
103
8
37
4
2496
7010
2391
6975
7268
15
3
7
1166
13026
3
24
3815
63
126
17953
6755
14
11607
6568
178
1
37
684
69
9499
226
173
260
156
325
4
224
98
8380
1296
179
3507
18464
504
27
2103
41
2
51
1285
8
3345
3
5
6
10511
6996
2
2
9171
12058
1650
23
730
6
6
1
8
761
3
36
1022
13
434
5
578
29
2
9
1098
327
352
10
583
3
30
14213
40
98
11950
84
13
16273
22
35
1
3
2
3423
119
2
408
8
9
10479
7
6457
6316
3
60
10
393
10
8784
38
1
2
19
3309
11457
2469
4
32
4
55
2
4
303
7
4901
1966
17
11129
3
9025
8230
40
1685
366
501
3
3
129
243
116
498
382
2
2
3
13397
3773
5
44
15822
49
1616
805
8397
5766
9291
1541
230
2
118
1152
534
5
170
15124
17
10067
285
298
9451
232
7
4
74
7356
2646
45
51
5
6
1897
141
5
8
12564
37
61
419
78
64
71
1652
3376
4926
13
1
1
2024
434
2
4063
50
2049
4320
11677
756
1162
1269
859
50
1382
7497
159
17738
6098
1
15
4
18989
838
9
357
98
3
3057
22
5
246
2526
234
1010
111
53
1327
2265
1259
61
6844
2
5
3060
1030
6947
44
691
9
3
1481
80
266
20720
11
119
2109
370
161
7922
2165
2442
23
2
19
20596
394
887
1853
26
45
10788
3
824
1
5
2
5
328
12278
2
1
2074
507
3
5
12589
3047
2
405
19826
42
3
5965
4809
267
1263
113
5440
25
2
80
2
568
10
9
13
5386
146
3
1149
1015
3
9061
13
14443
1951
328
2231
877
54
14765
14
45
463
5906
96
3549
18
403
4742
60
91
9594
153
26
4794
24
179
2
695
7
22
11619
6
183
219
4434
36
89
36
2
3
23
50
5
1
2
3214
15555
14809
7
480
94
324
3
46
5
1
1833
94
151
6
1
14043
2648
3249
3702
898
20472
2
9828
7703
17
724
58
1104
168
2904
865
26
19
64
66
314
512
1
60
215
7978
109
1
2
20699
863
3
409
11196
2
240
2
169
8
4694
85
14385
7
165
2824
9134
1
422
3153
8
2984
208
541
17
8
5
13
17178
1308
2
15200
11
18932
6920
9798
18
433
4
4814
2
1520
388
4
229
1
9245
1
4092
1
108
1121
19
5
343
3
66
42
2
2
494
68
1517
6871
11343
175
1255
4
2313
287
146
386
128
26
8
120
2
184
12265
5216
3
22
17
329
857
10
5
238
58
2238
1472
2
1
54
1448
4
9
9080
442
182
2
28
182
4
101
5
842
12
4
8018
178
171
127
7
372
7
15
3
242
2
1469
5451
1018
111
15
46
157
10
4
2152
1
14603
131
2101
78
8705
1
503
536
10
1770
7
6561
9
5
202
19085
13847
183
56
179
23
14
8
11854
16519
3069
400
88
1818
188
1
3
6
48
2
7
3
351
4519
12514
51
3743
539
14
3
3
4289
20
6892
19965
168
1325
3510
1358
911
9
2
211
423
28
3
45
3646
12844
3
447
3
871
26
211
56
10490
2746
50
3413
19354
880
13
323
3
1074
698
35
104
265
5
20
21310
613
32
3
7804
8601
9518
10713
503
9
54
4125
3687
663
12
5380
12
33
101
9957
197
2008
115
935
340
48
14414
20046
960
6
88
26
4
16973
15
5
593
2
8662
4560
2
890
33
10
2
1660
7081
6
2082
1177
29
25
9432
11252
487
1
3
19
1
4
3
8
1
72
186
2
335
3
50
136
612
25
688
227
2748
12
2202
1184
2
375
13931
147
6038
3983
3002
27
8828
7
6
9
200
3406
10199
6056
2
2425
1949
239
762
1
3
122
7
2
110
135
6
1
27
2285
7986
34
2
16486
7319
428
69
3777
1
15
49
665
2771
21161
14854
1699
19
111
9838
3329
3807
1
9
84
7
29
36
1035
410
4
545
2
66
29
17935
2
5
186
2006
1404
3728
1863
1087
4298
59
14
2
482
6361
1
257
187
364
74
525
289
952
307
1
8
1196
53
8837
200
11
1
3008
2910
13
500
5102
46
8
4
45
2633
24
4
338
95
156
1470
7
15277
6348
4
18170
1164
10
6
1538
23
1
8
22
3194
20
33
38
24
1
2
5657
4
1096
10
13682
8181
23
4302
1500
321
2
16
1
19161
2182
3
6
2494
44
2625
2209
820
337
1872
384
62
11938
43
4
149
4
327
15369
2
47
3
592
5
13450
9043
483
1839
14
1
1
244
202
15
6
321
514
6342
10057
2
187
70
7
2
155
17
6
2
75
183
7195
267
12780
11
4713
9
1460
1116
45
9818
1
8
66
99
1
76
12229
8846
14
8034
2
1466
25
1
26
70
2
8338
2
61
5550
10
3531
99
1
72
54
10832
175
1
24
3
1747
4
25
1025
841
2
4
39
3
1
44
31
289
1512
21
3050
13
2
7159
1277
392
6
19
23
381
1430
14
1390
3
302
215
9585
1
1
1
30
7883
33
7
13
581
3
12
12
82
471
1
2
295
13
35
764
4
2
1
1387
2204
9749
3
5
4264
1
145
105
13303
1
1
1379
98
18
188
342
610
10
4911
316
1201
10333
6982
119
26
1
5
333
19628
60
5467
4
1511
4
3849
4718
2
97
241
18
10261
2169
50
9
26
9273
958
1
33
13737
1994
9
21
4857
9442
97
8998
17
4376
275
1223
16256
12
451
6
4747
1026
22
535
9
1306
17
1
12615
1543
6
17058
29
40
194
94
28
77
5112
1
120
15
21503
5528
143
945
15
245
2887
1237
2928
2
4
10077
692
11309
243
5097
34
1361
4
2447
1028
14
626
62
3842
405
23
251
3
10670
2779
7665
324
431
414
3931
27
79
52
5
8
21
6148
15
1099
5
22
939
12922
5544
1
686
2
9
217
9
2146
440
582
70
1428
905
24
818
9489
18225
96
2
186
84
95
15743
343
13437
1870
2743
7
365
5
46
120
1
31
12
2
35
11
17
2
11831
23
683
667
17702
2
5
562
2
2697
1384
1
11
14
286
16062
257
46
2339
1302
21481
17881
21
84
1
11084
1119
54
36
3207
4
8498
73
1
46
5
43
7
313
410
15
570
2718
57
5
159
2858
1
9226
194
4285
3975
1680
13
419
2
25
2
92
17
508
4
470
149
18280
195
15
11
1811
78
4
204
8926
317
17
1
4583
7131
4100
14
3750
3243
106
4
2
75
19
213
1
3
529
3
73
20126
9614
8
30
1247
21741
69
3379
139
3500
3011
77
408
475
130
143
251
727
9
6412
2
846
1640
174
1882
4
81
47
2
1
995
2
3279
24
2
1012
845
28
736
2020
6830
7
22
6681
1383
23
82
40
2014
14574
258
6477
2
1081
2249
7588
1
11
109
92
4
1
31
75
6
4
3
146
2847
33
4
30
148
173
2336
6
16
4
2
20616
46
1268
140
9413
249
14
553
1076
16990
6105
3496
21
17845
34
130
1
8172
16
19413
106
164
413
33
78
6503
281
598
3461
7017
6
149
14
2135
27
271
2176
17
11
74
2
196
13
914
3
8
753
8091
2139
1
12
3
276
22
822
5
19945
185
878
2942
15
4
41
164
2
38
15338
6
47
7038
2
642
3
167
1215
9
14914
291
21676
4
3610
239
373
2016
14
55
6
174
562
82
4
437
18
1
29
2
5076
49
33
1053
45
20534
471
17
5
575
21654
550
882
35
32
167
330
76
2
30
112
6581
985
68
548
812
13559
73
42
15
7757
6864
679
113
12
1598
1772
2
2
3
9404
1
8
263
2735
1657
1
4
8507
519
815
9461
43
13
42
5195
6464
770
206
3
105
2474
2041
20992
14241
347
4
169
2
115
9070
3691
2
4990
3876
70
3
9376
29
17
3
1417
30
52
32
2
22
2
69
9848
3
4690
104
50
655
1
8
13052
923
126
2484
1214
70
116
4
2355
169
413
11902
8263
5
2
1432
12831
33
5628
107
16
12857
229
79
102
292
7565
648
29
553
326
671
27
389
908
11
16536
1891
19027
807
2439
2
950
4
2
5
141
4
21
6
8430
156
35
10
72
19
12
81
2963
15
3
38
18687
88
10
74
3
6
1453
1
517
1405
860
25
54
668
20845
11095
22
4
867
3
8618
21034
30
1189
1972
12896
14114
3005
9
1
16
358
21224
5
5300
509
2254
3440
399
89
3
47
14
3
1
46
538
127
7
978
15431
5
4072
3
2090
166
322
63
1763
5
734
93
337
3
2167
317
17649
68
41
575
825
25
80
5748
57
1
2
5561
12870
54
23
3
48
4610
2
1
7
53
42
169
28
1493
11029
16
57
48
127
50
709
4268
2506
2
29
8313
5
6614
16602
1
3403
2
30
7415
1563
5
30
20
18781
706
82
1
6
1831
3
40
2
1
4171
13
30
997
6166
1611
7
19
2622
530
150
3
3389
7765
4
8
20
1
17
28
3
5391
6601
15759
29
10
2
83
109
4
4200
4574
1683
3
54
719
240
14
18
87
10
95
66
75
91
1124
609
5
142
74
295
1364
1590
24
1017
1
11
4
30
72
201
2
145
714
175
17161
16
6129
10354
3
8593
1232
439
24
2
35
83
672
12
17989
6
53
7
314
14342
10
11
107
2
116
1194
10323
4
12883
686
206
10974
78
4
205
12
1749
22
1157
1775
145
12819
34
8280
8447
16552
27
6
1
67
2611
1737
892
2
1291
190
302
2
38
19
95
61
2
7074
14
92
77
2570
38
5
4
4259
12703
574
78
11998
922
5
268
1491
17
139
116
3979
903
689
4465
8
5127
118
15
3
28
55
273
53
6
12
18
3
1330
515
3
23
2705
598
10778
2
635
3084
4510
23
20268
9470
7430
46
60
152
1
3904
7
8
2
1
218
458
1246
3081
8
4662
166
3927
3908
84
6
76
8123
3
72
3
148
40
26
912
14
186
48
14085
4
32
14
13
749
16143
93
18
702
2358
10
17316
17827
407
134
2
90
1
875
7962
5
17596
11446
2
12
143
64
52
21
779
4137
27
4
15
22
3369
4438
2
3574
3
5
11
4
1
9254
670
4
206
1
29
809
8515
29
2272
2804
366
5016
4737
20
238
5506
106
12253
8
534
13250
1221
9917
65
141
3
30
709
119
253
320
4615
528
13
242
98
17
6
13
404
39
339
128
253
16939
7
1
807
981
3
32
2
441
184
2
14750
12
591
281
21
3872
12
926
83
4
6444
1229
10220
10251
29
346
3567
4657
3939
53
368
74
436
1
3150
3
5942
5
31
961
17
14
14929
3
465
4
13491
33
1044
1
1
6
321
9997
5995
9
955
21
292
158
17971
806
9116
16
354
74
1
449
2
12974
18152
3
7
80
210
1617
1
1341
3
1130
2245
7
3
791
54
8456
1170
2
2651
2
45
2
7
2122
4
18
12
1
3
119
524
2773
1
746
3521
8107
2220
157
2126
14794
5
1033
10437
20513
700
201
1933
261
869
21
18857
218
388
4213
6
3
8550
331
62
1
888
163
20066
7796
107
2260
268
15
14001
5
1334
4
108
4
46
16
44
20288
20761
14706
30
13
4533
2
282
1
182
272
67
21267
6575
68
2
2
94
16
1557
744
16
5
237
2604
7
4620
18188
96
2154
489
1744
35
3
2
1158
13723
2
10
137
4
4887
2430
4394
100
8541
1
2
21203
5
4023
1530
2945
5
3
7
1
269
1709
1315
4
3668
1
8197
1128
16
2
15
68
135
4
157
4985
2381
1
1057
76
4847
5402
5
1503
32
1132
45
4238
3746
59
2
56
12
14299
370
176
48
252
14
3256
826
26
111
18043
33
4
8
3
43
4
1914
5061
241
12742
744
6
2
2
675
310
5
4
35
4
24
8026
6
15
4
7875
13013
4363
2
2898
31
2
1092
3
1
2
59
20741
2870
40
873
676
284
7820
123
91
697
6
2224
3
147
19
212
3581
6
20
193
11400
3029
12192
329
4951
2
87
5674
817
14356
3
693
133
5
9
5
18875
596
119
122
47
3
1673
378
2
7
9
1169
13000
9
487
17230
1108
10897
220
15649
25
9
7
2578
283
855
2133
16
20
378
199
1479
49
783
361
444
7
3769
7210
12
2919
280
2
5
19727
29
106
93
227
11724
19491
5679
10691
4
3639
768
2
771
47
21
3861
1565
3
42
388
59
3
225
80
6259
4
13709
5977
3585
5800
257
1122
2
2172
1156
189
1414
567
10886
1585
8873
8
1
3109
7835
1791
21894
1852
16854
1828
7773
3211
10
874
3
8288
10
18743
1225
2
1
7
18
7145
171
11
18706
207
20554
15
8
11
79
3
26
16371
12665
1
32
7649
424
421
5
1284
96
1678
344
284
16
129
94
39
10395
178
3
2
4
15446
91
322
23
21
6
90
11332
28
13183
12
748
1207
8
15
15966
1163
629
21
143
103
8
2
13170
101
2
65
2
2
11073
11
753
4187
9153
1161
11
348
3075
479
2
825
861
675
21
25
14
2222
1
9
11297
7
21
20
1020
9681
3
11807
12716
120
8247
63
9052
89
5
4
619
11843
5
96
26
427
20824
6
22
17
1
652
6
1
6708
5533
1
7788
117
38
244
153
1
19393
144
8
15
577
2951
586
4403
4
4
48
11
1635
21
8464
32
4
1
101
9338
1756
60
11
2
1454
6721
5046
1883
18
915
207
6
385
11007
58
2617
183
2174
1100
417
2
80
14
10
115
851
21829
2
8899
5853
4
13197
59
5258
68
3892
362
13290
844
88
520
10864
4
162
715
492
494
1642
134
12401
18
7
20
61
85
121
55
41
8
2
185
243
7
11
79
10
6
2
987
2332
1220
37
13
5
5953
167
1800
19181
34
2
2
8296
20411
65
71
436
5789
2757
8
11
25
108
12
54
2
3
4469
119
121
15
114
7
1499
19277
10
8067
519
4
16
214
51
18371
12
44
578
308
599
19
38
64
8
8214
8697
3
92
521
279
87
311
2486
5
300
2716
20167
212
1
3995
3
81
82
109
7
2969
229
7
9125
10
6044
625
77
4818
17247
4
4
1941
29
3955
41
78
800
27
879
5
3131
3657
290
4460
2
41
5
143
3
269
55
4307
8481
16
281
5
7
14501
620
3
28
89
1577
22
16127
17720
3
3159
1
743
183
421
1730
103
7
22027
1159
2000
5231
44
518
49
18
1
2
868
301
33
336
696
43
19
316
755
11
2
4597
252
8
75
15524
3588
428
15
2815
3
8
15004
2
3
46
6968
18951
1566
4
4790
4766
4487
10
1846
2
40
211
1606
7
56
12131
4833
5
1692
14824
7
11654
5702
3
16159
4167
920
11
2141
10564
15323
9
49
5343
21
829
1738
65
192
929
100
14515
12315
3717
2790
4
2
1766
301
69
172
4785
106
22
14989
104
178
272
1252
60
4113
33
20026
7726
2
220
432
7
732
1935
3943
919
16
317
751
1
2
7
1245
5859
2978
61
89
1202
397
3122
6
6272
113
1203
856
435
15
467
150
4804
16322
1887
21013
57
292
1180
988
3
601
25
6
1097
1
341
3
3430
4104
1004
32
3
43
1476
13
3
17212
1473
2
5
3359
7095
2694
249
14371
5754
31
1401
245
179
2
239
11
2691
3103
7152
6
5829
47
9730
145
4756
174
777
224
52
3434
213
11
4
6906
10
12034
174
6
189
2
2
10
15
1850
4
245
18
2
8
2
2
10595
1
29
19
1090
2552
1912
10542
6769
2
25
2043
15415
83
1494
819
517
232
7
1677
1
286
3
16
3295
2
2
8
7781
6
1572
4234
3
14256
12377
2
546
1
255
15
6608
1093
7
238
37
862
214
1063
430
50
2957
1735
20
4946
3
125
5
2
33
2
4
41
2638
152
66
1462
8
155
2606
74
3094
4007
23
7
5
110
2131
5714
38
166
4035
954
2
4150
53
25
31
67
251
730
1280
4
2913
344
5
820
11264
526
15571
2727
4
9
6661
4420
12464
206
2664
18
622
3
335
1038
162
3325
982
142
735
2
117
4592
52
5205
28
6
7
2
35
4
14029
2
148
28
1
156
151
7
1560
16
9662
5
6
1
3
3
2047
357
198
1630
3175
722
1529
173
3305
8405
1451
4
5
533
39
10240
2511
15
21
376
1
3386
12
45
6762
1
1859
106
22
1777
300
2
1
15854
7174
31
9
15216
1537
5
17282
159
3
704
90
6789
68
16030
7232
10
2907
7
75
5835
4389
1
83
3
2768
2
12
1723
2
8644
1
6
17632
358
142
8524
5164
3676
2
6782
3355
118
455
1
296
14199
2830
10952
228
1312
15902
352
66
162
2
13
2713
1256
62
483
17195
5489
80
207
231
2787
5912
59
5071
450
4496
122
1298
165
193
20678
5
473
76
39
7400
372
10017
1309
7
14
9
1
11
448
2514
79
671
2
34
13383
289
74
215
993
46
266
71
16922
2
420
380
12577
35
395
13668
1
69
1
833
9098
3285
2346
610
9
16753
795
373
262
488
1375
47
3289
19530
115
11
733
1759
627
208
70
443
123
933
4
205
2002
4
2137
45
67
15261
10148
2
2
7
1
3
120
5
1266
870
220
1422
3
661
247
3
3299
131
2
6
316
566
35
99
58
19510
12143
891
19
1115
2
555
4031
1596
22004
17
49
68
290
212
368
2675
559
4
1953
5
776
64
14
174
4
91
1784
699
1
1403
3156
4
1
5
9623
6
18
1
1627
3
147
144
5
13
3
17774
3332
10799
6
8
95
12
18353
2966
124
4
52
13545
18
13
345
129
14128
70
204
135
9527
810
1514
13223
58
18838
64
1
1273
4217
41
418
1609
186
22
1244
9
7520
2
765
353
9
342
12352
3198
184
43
4936
5777
13
1
4
90
100
89
3
2
1790
1178
1
208
900
12
61
3
2
11
104
85
536
255
37
11689
6
34
12
3
13778
7
7
28
4
10681
34
3
3
40
7
391
288
5268
137
506
82
2
11
23
203
10500
7
13518
4872
29
64
433
4
31
23
4780
62
19316
677
8
26
2
5
6
258
325
1
808
3900
1
756
53
248
282
4
7938
215
32
33
49
114
3240
3
16
4
16569
31
113
9927
1
2
11
513
2454
390
2
43
739
134
25
7
15231
4638
6
1502
2318
133
1724
24
33
3830
38
14399
1
27
7742
14720
25
560
1288
17
1032
323
3683
145
15
3292
71
11
139
139
17264
242
2
77
3
20
1148
334
511
639
285
244
759
303
6
2
4
236
2
18501
138
6926
54
129
379
79
1
1
110
15727
154
6019
2
63
1127
11423
1
382
141
179
2
3
1126
154
21055
1185
131
3026
18
130
17614
19238
2
17
9
2128
1071
100
178
7060
3
3963
1740
399
16669
14
374
5
4
54
6
10
1331
1043
16
1421
6253
10
1
19707
2267
2737
53
5556
2233
350
291
1424
21
1
1758
4906
2
9
713
9
114
9
11
39
2185
7
1
158
2178
5612
895
7
4
70
54
2565
579
12489
1200
5
135
24
1587
213
516
521
6
3959
8
632
16
75
397
3097
297
13572
8882
3100
51
125
34
6
5
7
19066
60
2229
32
96
3
26
4546
21246
1
36
6
6241
640
21097
5
1
320
18
2114
9
6050
223
6092
27
3
1
474
351
4
12806
263
9
2
13917
115
5
21
13
4
593
12
3834
2896
31
4
181
39
312
1
3
21288
750
11
3023
78
448
9987
203
1021
17368
149
115
1261
17526
3
4501
486
1
162
4
12539
15
39
2
1
2
2
5
2218
1131
772
9642
3
100
3399
46
457
1
10037
4084
1176
1
14472
98
53
2
340
454
3
1532
13
6
9604
20
6080
69
4629
16686
776
8083
6141
8
4
1508
5107
18
2
2
3
175
7
5
1420
12
13600
34
13
2
4
2417
9740
182
24
169
1
3
609
70
24
1523
3054
76
47
1893
834
7
1197
17075
12
95
7253
13833
635
1
947
190
18819
8346
9
13
481
1535
3
8793
235
15
1
1876
11
191
5086
682
745
7217
2580
1694
105
25
1765
5242
1540
1688
7452
2
32
12767
2
112
6
894
112
10
1632
17
831
45
1604
1
2306
3865
33
276
2
3
848
1837
2037
3
10
583
4843
2
13
279
3758
174
10649
3694
602
11974
1456
146
18762
140
5
37
41
2
2
7
688
151
144
272
6
13
59
53
3
2107
4
21
1
484
17
29
2
4671
20
763
613
6026
97
12
455
2
13263
202
924
6
43
313
38
9
10047
296
177
87
1134
4896
362
5
3888
1
50
1
11118
7
3
2
129
18538
4
264
285
21
12602
1
12
476
71
63
2
5
2
126
102
1360
32
59
96
747
531
1
36
67
1389
2
3204
741
2656
815
24
269
1
7
2159
12
6425
6816
38
1
20187
454
18445
2560
406
6668
140
87
52
120
51
72
600
1235
20
31
2053
323
3
1155
1773
104
17
3
802
57
84
1
10
80
644
176
500
656
1682
3784
3
2196
33
41
334
17
221
5407
3
15354
526
476
3
2
6809
19452
5021
171
1482
4108
50
56
217
63
2360
18
48
4051
58
5617
8636
3869
1144
579
331
2801
1
209
12
478
71
502
22
42
73
2
83
252
4
657
125
82
2
237
4067
1380
509
72
528
2
27
412
1001
1
5473
141
1
257
486
3
228
184
187
6
1687
19648
452
6
1829
27
852
4
1141
3362
20
24
8917
195
9089
5418
21
56
58
5
126
8980
60
8688
2
272
2
12948
5210
61
5
2662
1270
630
7408
1
1
5645
24
20
703
18
43
319
296
11
9
5
7
7573
3991
505
2374
6
2
1478
163
398
10996
6373
4941
218
4956
43
1
601
786
3
3709
1
2
330
55
2
4
13
402
1441
8
12
1
4823
5
747
649
8
322
2432
34
300
153
7688
13144
200
199
2807
171
8
3
2
2
27
39
29
5
2
5
278
240
4
122
2290
1
24
130
2
4961
11
4055
1
1
3
256
48
1955
717
366
2063
51
21
16803
102
32
12
6
58
811
60
20431
556
258
22
1
4398
95
3
35
8532
16
304
417
1112
35
1027
45
8
117
210
3115
443
12
1549
1
16
8
120
32
79
3
5870
28
7
3
6
12
653
2939
6634
19
13
3765
143
4
90
8
1569
401
16
18
21
57
3451
58
835
6529
4
2281
15838
121
49
1786
16
337
3233
95
24
395
1013
12
830
22
9
18
1070
20929
52
1665
11701
649
2
5
1438
1844
125
82
2990
83
64
24
227
7024
4
4076
14
17334
3416
327
13
5
558
1
1841
3896
43
7
40
13
26
8
79
31
21
19
102
253
3
3735
4
6354
11
34
450
11
12094
21460
8255
171
1719
190
10159
616
9
2
6735
430
4
8
6111
1459
14142
56
144
80
8944
5589
9691
276
2327
260
30
5841
47
20
1
466
4
3
1354
1
3322
29
6
8
20971
11748
10
2
2
65
160
13104
574
3811
230
2420
25
447
3
9
13
2057
10
78
563
405
235
5
571
422
3
5
3342
3188
3971
7
1
234
10138
16437
207
3
1190
7
254
319
13532
2
640
14
2
33
2864
4
34
5691
702
5760
110
266
19
7
990
49
18
21
814
22
651
2
381
10
7188
3
108
13424
1143
2972
1
1
2810
28
3
126
6715
10734
2
6297
12
1173
56
504
19
51
2
188
758
4281
2
18
177
18
123
5092
16652
6
20575
2
2
984
19925
9
5
1
1
741
401
5918
2
2
524
16956
7750
463
1171
5462
10088
2
6117
2614
8723
6
26
1064
1024
122
5
3
406
2
2452
1
4569
128
2325
1
3
682
4587
14327
11503
39
766
8
270
19687
2
244
3853
11388
1
4
298
5
3128
14170
152
4
20
570
18
462
576
103
7
8371
7
2667
3592
2702
25
269
3
55
9347
5731
2315
398
2
2
31
6
18
13
4272
21872
9
2654
84
28
35
6
157
367
3
1595
10312
188
8
6086
204
161
15400
967
12327
386
3826
1826
650
790
17
18079
7
14
52
922
85
4
7467
15
473
1139
33
62
2
6878
5
11
185
38
28
2010
9937
3
71
646
3437
6329
467
11
371
2
1240
10427
226
7460
58
1647
277
3524
1742
1670
154
542
9144
9
188
3603
59
1998
10
5847
11526
137
2948
1
150
315
1496
91
1
55
205
4931
2
299
135
474
695
1
3
1368
25
280
700
16289
1
385
109
10
97
13
2086
49
885
89
18
32
1054
7275
1702
2
18519
233
62
173
44
9
2
28
1868
1239
6
41
970
14
6954
1842
262
38
264
472
17917
240
2299
1
501
237
69
103
2
170
222
266
3838
1
164
47
1848
45
779
3
750
12290
279
282
1172
9779
293
1751
3
1885
623
81
5
20207
17667
13356
4047
6172
80
3119
2111
5572
89
829
3654
31
628
8
56
1107
211
47
854
373
51
152
21720
274
1672
8
1506
1
71
1
863
1
8305
965
4
4
126
3
93
10659
881
6380
2045
404
1314
391
7550
5011
3
87
177
24
93
15998
18
4751
89
2760
49
2187
37
514
107
108
1372
489
35
4
2996
14
565
2
233
16
7475
3
11
12
37
11107
35
4096
1
90
359
1
6
3614
4
14
29
2916
1
2
260
140
9808
59
9
3
5685
236
58
17
21960
626
2
10
3
4
315
1515
123
41
21
360
19
71
651
41
1580
8811
23
193
40
3106
1
14780
134
877
11549
3
3349
1968
