8361
1790
12
58
302
1
7597
6174
1361
13
60
5
1
12994
27
398
44
536
9
276
10559
2
812
2
1
3196
39
18
4536
1239
18
285
571
412
2
99
1
2782
2
4730
296
4754
490
24
2
74
20378
231
70
1
4105
201
22
5974
1061
3479
6304
1076
7
970
82
15
3
4
6
4
1906
6952
3613
3
42
10
5
1
1249
3671
5
16
5
14574
3
22027
1
87
2566
11
9
3373
23
167
2295
127
1
8
1216
10
2432
154
85
2
28
4346
27
114
1
2
44
12
31
21
3821
11
12
176
14
3
9
63
51
3
146
46
1
16
22
2
7
14315
10913
631
199
2
1769
6897
359
2671
5
1
12
44
127
1839
13203
151
280
4272
2225
4554
5660
30
5098
16
11
5
93
513
669
733
21165
906
4674
990
1
180
5417
133
15550
95
8
13659
1
5
19
371
150
336
6760
21851
4
3
24
49
53
5832
76
1503
2365
5599
115
3
1
2065
14
53
800
6444
754
8
18721
6
12239
10891
7
4036
20
6349
12
2
1
13
9
34
4201
383
5017
12
2
4
12
7113
26
1
23
64
8090
159
583
2
49
57
182
3
26
2254
196
4987
3738
1779
7
589
870
3514
4
160
290
47
293
1819
7635
343
511
104
3
132
2804
6330
41
277
7
4
1
3
62
1701
1
888
106
7560
8
185
1812
16725
1384
15
60
31
1
8
5057
1
609
5992
15047
6
369
21764
109
140
9
4
4
361
2
107
572
44
205
6
1056
16297
325
141
1136
537
13
11437
33
2144
3
898
69
650
6
2
939
36
1715
476
66
579
59
88
20
266
1
8
14
160
4
1211
3
1303
2038
4735
9
331
4
4
6
889
9519
99
142
13416
2
211
2551
11
1424
180
33
30
6149
868
2
1
2
10783
967
3
171
14647
1066
195
95
3909
33
112
610
4089
690
1033
4
7507
11714
366
2711
93
1378
166
1
2
9
47
10804
726
4
13429
4
879
4
2
4
406
3584
3
4
5516
14
1
2332
1804
2400
4155
13
7351
82
59
1391
18
13550
9682
1413
436
13
117
20035
1585
40
138
320
155
69
20
580
213
2212
169
45
2
924
16378
1703
850
1713
6168
531
54
68
2
15198
2
172
119
2
2
10
3
90
189
772
15365
17
8719
205
1199
737
2362
793
16
6286
3775
135
3734
100
13
202
237
452
34
3257
2
132
3437
1664
3
11
20
29
131
7
5337
3028
1163
5879
87
659
2558
1
2403
1229
17
2216
215
330
596
6
4243
240
5700
4932
57
451
136
357
16119
434
5
8
18
4372
36
780
370
703
1147
9595
5
2
2410
80
3528
2824
523
7
31
1113
12399
2453
108
8
364
15880
14823
4
3545
2
109
2
45
724
39
368
486
58
12674
39
22
1933
13673
872
15722
616
376
667
8
6
2
20
383
289
1
114
29
9
8701
50
93
4845
337
19483
2
15
6720
24
1
4077
1196
101
477
35
9
29
10258
7
21
111
1587
15
7462
35
233
17774
950
552
307
4
1966
699
1387
1
11
8
6733
205
11
1
93
8
2681
2
9779
10
48
230
17704
657
4
140
57
327
13138
5
23
3
3
18890
230
8
347
3
393
133
21570
497
2
1200
4167
409
10475
14286
139
1841
2
25
2
358
9
30
75
1537
128
102
8
3968
130
565
1301
28
19975
17
87
20788
2
73
1426
825
3949
8253
3
2
5734
538
1
5358
1832
194
3
756
13
7043
1506
49
1986
1
110
13
3
14
178
299
9
3
2020
12725
294
182
20
356
170
5
6
11
10570
1452
77
16893
10
496
103
61
8
2067
26
7
2
1
7
1233
19836
670
3631
12
46
801
423
107
25
17
3260
557
3
1054
2
297
11962
192
4
1869
3
17062
12082
3218
1
78
249
391
522
500
23
1305
14102
53
7
265
2
238
405
185
4
28
158
2
474
4
177
82
3393
30
128
2329
499
419
4281
2108
4
116
383
849
5560
9
9
4486
4
3
4393
39
197
25
153
154
4
3524
7
5
2079
2279
3549
2639
13085
15243
3180
3
6
78
4
10403
447
350
92
4130
16039
11
1
5
20055
72
22
1077
4918
8303
3
19522
118
9434
101
2
9
8050
4651
1311
6
1
2119
4
203
86
39
54
112
1
71
1218
437
2878
2
22
36
11133
4222
16
178
7
4
3704
34
139
18
946
746
52
93
593
3139
1
2771
586
341
14
33
2807
20582
3441
5
11
2768
71
1297
7
182
1175
4
4
4264
9340
5118
2
2
415
1022
147
207
7
18517
3244
655
131
22
59
73
6
8789
2386
1772
41
1
60
23
1
917
8
578
4
1760
7
1382
311
113
19
16
5
149
236
816
5
5
6
100
2
6
6217
321
1679
1659
8
78
1
145
815
17441
2850
259
1150
209
11784
1939
6959
18871
839
2
23
53
13098
14987
2016
22
540
416
484
107
2
19
15
55
15659
1623
1287
740
64
355
21699
12387
2405
282
2
3
4
8245
42
37
70
5746
1
78
7
14458
2
138
688
4
4073
1168
47
92
1
137
15504
10
37
122
396
265
3
3050
7
51
67
11
91
390
229
92
310
2085
441
164
146
3
590
762
188
19
2
2
478
6088
101
9
3902
5
8
6640
18
218
3
1
60
10708
2
608
13033
9
5
206
8026
3560
11
2052
1482
217
6094
18
6
35
19079
5
21
4997
16775
334
6693
2044
25
2
25
10
2185
42
3092
1606
1040
13402
1
9
3
6323
33
10
117
276
175
2
15182
9
1880
116
15077
57
74
14
3507
2
27
4609
13164
1322
294
20
1326
59
11391
370
1344
18006
268
25
4
210
3
11
1343
6292
941
3
23
3
2538
9
828
45
94
3417
521
88
5752
707
1084
387
43
3
36
6
3675
1027
231
10455
4460
1
2858
2
72
12
381
20459
1
833
6477
16675
535
721
408
634
7
3
680
7
40
1
231
1264
613
4632
2802
847
97
7907
10
791
374
12
3
5211
2
1526
219
346
32
2503
8420
88
8
2
11
51
27
7613
7
2867
2102
2
1641
14
19
1
6
8
6464
26
376
62
930
16151
4469
3016
257
4
1
13
3136
11
17651
10
131
11
130
1
10
1261
104
75
1
7156
1607
257
18
4
8
2192
1
11346
2
13
2293
181
1029
645
27
12700
20
4
1635
6924
8948
15
13934
328
5694
9
637
5
6
35
5
1106
366
7
914
663
2
2
1223
3
533
2
197
4
8470
18
3790
115
9624
7643
3
821
8877
12636
7
12276
2026
5926
1
43
9808
13
515
752
55
2977
33
1306
203
91
11278
7
1257
238
8336
13605
122
7620
1560
44
8082
13046
102
4429
5428
8589
44
23
966
3
20
2
1003
401
3329
483
2
1683
19796
9
2
456
10434
9
285
15
113
5
6
2
559
1725
13
4118
1107
2
50
61
7485
10
9509
18684
317
29
268
6161
47
1
1026
13
262
2
1748
173
100
14
74
716
15975
38
41
2
1453
1392
1009
1324
8018
41
3817
2
18572
61
6
35
588
3241
11950
8727
17285
766
120
30
9155
7
6279
245
5
6368
2
4
100
14
2092
2
5769
146
2793
898
5
1
719
20
112
15137
736
263
5380
149
134
1889
14018
37
18
7
152
16
7781
819
172
6064
14243
4
5
1070
4052
2687
46
1
4
876
31
12
115
120
5862
91
2
776
997
1
5
4797
58
43
62
5423
632
1846
58
2
125
46
10
918
5
2
1524
24
6801
19
551
22
3043
210
697
8
21
8
128
4
16
1654
14229
12738
3917
40
197
432
7651
1724
213
6211
16477
6
543
20
2
3133
15
2
201
12
12
139
2113
450
1
2
4081
4908
3
10413
36
613
208
1481
770
9
992
3056
48
934
95
1962
248
13810
262
216
4
296
135
1619
14
7915
10
5353
38
72
1
9
73
7
1
298
4446
1
156
67
1
2
8171
9
502
207
2
5
29
6317
2992
32
4
47
32
459
12
1
235
19194
10848
40
9
6451
5
3
24
640
9
12750
1398
15335
13920
9653
20726
3434
19
1
587
10
42
48
8212
495
7
1
4
50
183
2
1
57
62
2
4
4159
1698
21983
4821
13
7106
4151
7
2
349
827
7293
3
525
6
943
4
247
22
18223
19935
134
2933
3
11256
96
30
903
13
8
203
7
89
184
238
108
740
357
1
7
6931
3
18
70
219
9643
20
1184
92
1352
7766
163
258
11166
7425
10967
1307
7315
306
50
2463
7674
5
1599
3
3772
15613
2006
18
260
5
3004
5
76
19659
3
230
171
2870
3
2
700
12
76
13112
78
424
1
480
15
111
22
6131
1
2
166
338
1050
3855
1579
2336
2
2
5689
2
2582
12010
1065
7605
1
4433
16
72
6
9
6
8479
13948
236
6
61
509
3
77
5
13125
20
8771
5164
554
215
4277
16
668
5332
38
61
9
43
17792
1604
14473
751
28
298
97
639
1
30
6561
15597
657
6119
1876
11
1636
101
4
4
2
3
11301
45
20
1
49
9
250
18814
7
20
539
9827
468
119
10
74
336
26
318
614
4333
1285
12130
8
553
24
127
4
1415
764
4563
5
768
62
134
2
475
327
38
21
21398
12252
1317
2153
21081
108
1100
7001
439
18
1
1676
1
56
4
4586
545
2
3
26
7
21591
4
3
38
20664
13
551
1098
57
7
159
1060
9
7064
5279
3760
21
3267
8
3
3
2890
1
6010
1
177
17510
684
69
3280
53
473
8
272
697
50
13
1
286
6022
123
1
41
26
2
31
3
5644
51
191
1115
2412
4
35
1045
8106
1651
504
1112
1
11879
8
3
2
2355
1
25
1
394
94
11867
7
1
5113
5
1247
2
3
15002
80
3303
2395
56
1
3535
3461
21249
84
6
15396
4
37
38
19678
16
2
337
119
7
76
182
5
3
91
24
5
7
718
659
7
1
1
1422
1
5867
5914
2
6
13230
83
612
2
573
18133
4
734
4513
512
7
963
11
519
88
6
55
75
15213
3552
20
40
18388
350
185
131
22
5289
1
51
3617
2835
6
9
4
98
364
667
326
6
611
2855
2
16395
28
2605
1551
55
974
3
12
11
5565
120
145
66
19
9926
4660
4315
146
8641
492
57
617
7
5
80
534
14618
320
27
38
204
52
732
319
67
1
186
99
18852
8
1
22
71
9946
4
2393
2283
35
960
17917
1
435
77
10
19464
17
3878
5
4
597
76
1309
1006
8
14
308
1582
12
44
17881
10538
2
2
1
9847
17096
7
1
6
217
1788
4
240
57
203
186
4591
53
14
34
333
12
437
5
1
140
832
8034
3
20296
11914
3096
10066
2
1
5205
1743
363
6555
378
874
8
137
1
5
364
218
4380
28
45
2
19
11655
2
81
142
95
36
44
4184
2
1931
439
73
63
239
671
797
1630
42
6910
4367
814
60
241
792
16994
2
1764
377
26
2
162
8155
10217
77
711
1
5022
16
11
548
6180
1102
137
2
13796
2030
301
381
4482
79
911
11
241
155
3929
2456
9614
4251
1
21808
2100
409
27
677
3638
2
200
6883
175
328
7
3
29
2
76
3145
64
5
4
1
14705
1210
14
2
2089
14
2360
3343
16411
2821
9192
14386
1437
8311
4
66
350
31
6
18
255
2
1
13
359
9424
303
4
73
6
128
15895
270
4
884
13
8147
466
308
1
233
77
4000
3403
1
10496
32
1131
7
99
673
88
3202
38
6876
20
8
150
6
16
4
2881
2
1
12
226
19
291
1
23
112
9701
9986
28
29
70
27
502
88
521
34
1739
887
430
900
2
5
46
796
2
2
16167
48
15
20705
9585
1
682
109
9
17011
5
19041
216
12776
5
180
12
1447
16
38
157
2127
11448
651
6
38
18443
231
1945
139
5247
759
1323
629
323
321
5138
2
285
3
1
5
144
1244
1
7
1918
3
28
402
424
951
3
104
5
9
483
17
1214
460
3
7938
8
3177
24
13768
1478
9662
151
5
10036
2
1521
2
19
8624
3
286
688
300
5
1976
71
11099
12
36
6
47
4
29
7
103
16
92
2
133
2
25
279
7
165
119
312
1
5407
12
3359
3
1
1259
4
474
945
435
77
21961
453
5
57
44
44
8
1569
28
2
2
3660
1
13
8
19
3682
163
36
498
16
2
4522
18
143
10
118
4
1
1
4623
288
13990
12058
3427
19
23
8984
4290
82
131
35
1073
12
4255
4138
11055
758
1
2623
64
5434
3768
3
5
427
3828
1
53
442
7867
26
5
6815
1627
7529
6647
6
57
17268
2963
20997
13177
151
2
1729
2
4
58
221
1927
21
5
2281
3
4664
2157
2634
17899
10
113
16
2
27
624
1658
20934
1057
3
5
12034
1466
26
5
4
3
241
4398
1367
26
16
24
5190
2358
21102
862
3
5268
15
8921
11
3
4
15107
256
2
9566
171
3
2071
3
187
803
140
23
445
17
304
1
1
1192
68
2
1025
6
3599
3363
716
3
6
1078
1914
1439
127
1228
16
112
119
9749
2995
3
3
3
4
4
37
53
228
2
842
3
4
13782
305
4407
254
28
570
1792
8
8
5
601
17079
17
4
9
3
8512
209
14
119
4
1
14
43
123
4801
1908
18
76
13
3
389
2526
232
160
1
261
48
5891
13389
2341
323
3410
18
89
12
80
29
3
615
118
3010
6483
22
14589
19
752
4
2852
1598
12763
15
1
5962
8521
27
85
8564
7
124
154
11244
18
17528
6
40
283
17633
1565
2676
2
4
109
6052
3
2
3396
14173
2
848
10116
15258
2
896
113
3894
3
34
42
2
464
922
41
2974
137
8
484
2
15959
643
47
77
15
8993
32
2813
14429
3972
9
360
10
145
4
25
1
709
6
2
1001
4702
23
19425
8797
3
3089
2738
8
1471
313
342
2
2
25
1335
5444
38
83
4
8667
20747
2
16543
44
15032
2
3
489
169
14
6
13
192
2
989
3
14
12904
27
12313
1273
5
62
220
1011
3
6
535
197
1
3906
14942
38
3114
19117
3836
3
50
6774
15769
5821
11
18796
204
152
7
2236
6
5
8
1505
32
16576
4678
3
1
13190
248
1
8886
1
149
2
156
29
58
21
89
19251
4577
7922
910
25
6242
21
1
1005
3
7828
1824
95
7628
2980
7142
52
64
52
18927
1
2369
17598
10945
14187
237
627
2
4
12687
5
6
2
10
1166
14130
28
329
20644
16
164
3270
1741
433
8066
99
3
2
92
2841
2708
179
74
259
24
704
12215
8
5543
6082
188
24
166
1
1797
11
274
2
778
20767
3863
27
264
9065
13
1246
4
10340
8
12649
316
4
20195
16071
75
270
180
5401
163
3451
835
2615
21
1
27
284
605
289
644
5072
117
1813
14046
1137
2309
1885
173
27
534
3
65
529
5
3
3
8
22005
33
1678
99
2830
8
5
31
3787
20
3
20095
2
1835
2048
13906
1532
362
2816
43
11
118
600
14
2209
12486
16943
3
686
582
1496
593
1130
16842
1696
985
193
7092
21678
160
1
8042
14
2505
1502
2
1656
2136
1854
4
42
1283
491
54
11
73
5
2
4618
28
8
3898
2
9
7750
27
11
1563
49
2724
15644
280
79
1
35
2
91
279
594
17371
7257
6
1075
1
1561
126
14
4056
2
275
56
33
4604
5
221
789
110
1
32
95
156
2367
21
116
9405
32
9
185
555
147
100
4
126
2149
738
679
9110
1895
11
15864
193
15
3
1095
37
28
2063
3825
7381
4
3925
1
41
1194
168
5604
999
9
420
11
993
271
19
7
933
45
8403
560
11
2
9
1117
1440
547
33
2238
9633
169
162
16708
113
4
8912
334
2129
1
3
36
5527
6994
1450
2
408
36
6
75
11
434
4
101
2075
1767
148
34
4
7986
148
16
37
41
19876
326
3570
1540
6855
128
1230
6614
103
450
97
196
6
3380
1
1
19541
6
34
13443
270
170
330
300
36
3577
123
20015
1737
61
11
12712
2
3
3215
16758
562
458
177
14116
12
1484
17045
8
12
2046
16
7946
63
5
4
7
3
100
2574
32
7813
47
353
634
159
976
14
2536
8
275
6687
2
21635
5582
129
7
65
18
13
9481
1135
26
755
9056
9
3
49
3
8123
213
3167
13523
23
9
130
2968
300
71
2179
33
136
9
3273
44
23
425
346
198
1718
5
12
7689
3727
47
2884
218
12968
6380
11
1
84
6254
6727
2379
2924
5
39
33
8824
3
28
12853
5950
24
76
2
75
3
13
33
49
1161
11000
3102
100
4
5284
2125
3
111
2
2188
603
8353
183
1
4
145
1602
202
3606
7440
6
2
39
7418
18
11402
4
106
2
70
6
3
1101
14
15
4298
15
322
25
1850
45
527
8
52
557
55
2
947
7844
166
767
388
605
897
37
9415
117
2766
163
3489
78
27
15
1
937
757
32
5052
13
10
873
5621
3610
9857
2054
14
74
222
609
168
16
3697
301
17
5216
2
78
50
7163
2
24
17
165
15
127
5
272
15
262
35
21
118
671
19
18097
17
7
11
5252
36
2
8
51
56
5
5
35
7
2
2
1
5873
13296
5706
48
98
4806
3510
20398
1
57
3225
84
1531
19
11540
23
161
2
61
204
109
12
11088
7337
21
16493
19
14559
15785
12
2
32
17
53
11482
224
6
20
2
55
186
4268
7455
6
355
9
3
165
513
417
149
3
6
61
46
5
2833
33
149
11609
6
17
329
10
6
7
2325
85
9
809
3649
6747
29
1369
524
63
17
57
2
12
35
1302
1515
22
9
3964
15
385
234
8
38
104
5
980
77
4811
158
5082
3
2
1649
10
528
925
3
2
578
5342
2024
49
16
729
1
175
582
5
503
1109
5
109
4302
30
4192
2
9837
2913
38
200
5
3
961
14632
7930
2162
13837
16
418
1688
6137
14
6
6
5
2
41
16
2196
28
10794
138
3111
18554
3996
190
1432
66
93
859
5
82
8
2170
1338
675
10
60
3
130
55
4
4
7
2
74
2
1
9331
5273
13
10719
284
115
8
4324
261
3
20
246
1923
2
1
208
30
98
556
395
5
14
12106
10
392
2703
1
12
274
89
21873
224
70
1
15
4
11998
4
18
37
1385
2
1
11033
198
3
1405
20
34
25
11831
19
1
85
2490
251
3
15816
2
6
15152
91
2
70
2259
1012
3
1
1292
942
4478
1
8074
1014
8
86
696
316
1
3921
101
2
48
1144
11188
2098
10507
74
6869
2
18
3
6
2
1217
9
1120
263
141
18205
650
608
899
2
1
2223
82
7264
22
2
867
2861
12118
3
1
29
9
4146
482
10
2339
12
5968
77
1646
37
574
12203
17
2
141
130
65
12943
5
8
32
3730
314
2
2966
26
597
1
29
11
764
2515
4879
16248
271
50
352
329
12
1610
5
3
234
250
418
5
6
2434
9547
81
5242
5615
3
9
1
630
372
76
553
1
763
806
26
1395
1
7575
689
159
856
1566
9387
1920
142
24
73
351
12046
461
658
5
13962
6
306
7249
6
1
31
1263
4581
20439
1
15848
6
503
116
13686
311
102
1030
1442
542
10
373
3183
14883
1668
9
171
4627
5
6
265
20276
18060
5
112
52
1856
3234
1328
4
3
12586
3980
11044
653
181
16460
36
3
5655
1174
463
5
228
21228
80
28
440
1140
154
161
5
395
4952
181
1
1753
17130
1830
4
44
1
7
362
4
20
13
50
3458
2
244
19620
10
15
3
19
17182
3383
10299
4
24
1173
2
150
1
5763
526
1776
411
2
13
7978
58
3228
20
2
8
23
4385
855
70
37
173
227
20
68
253
18
6
517
220
32
7
3882
9
23
85
90
94
4
7
11
37
53
1016
9396
11
210
6
109
570
2
5231
34
4
21313
114
28
76
136
111
286
4101
94
3708
6862
34
344
723
12
11749
771
103
2989
8
4
1
51
19
189
44
384
3
11
1
10
6945
12
6849
5672
121
6
2641
36
111
6192
4495
2
1751
103
5
401
221
2
8163
1208
1062
3013
4
6
139
8745
1
589
278
10
2106
121
1477
3
4
6
26
3
1691
1314
174
223
6
834
13879
6070
2
1
7
89
72
152
174
1785
29
17
2286
220
20115
2508
291
10902
3875
6457
267
147
103
882
2
351
17
3130
340
4
12548
15
1499
2304
9
4
2134
24
12
365
1
5757
6
4012
23
15488
1684
504
6938
5
40
363
29
21
3
1583
14
788
11
4864
5
3
459
367
2
1
11
826
685
19995
397
2
21
20
1
27
6298
810
42
2247
53
211
65
219
135
1689
1648
68
5
31
2741
15289
3723
43
20256
3
206
2313
6
7499
34
2
6311
317
19
210
16
22
561
795
2810
2261
410
5
1601
58
11334
6980
6
9
70
1543
16232
457
30
2
3503
79
32
318
4928
2
20955
3
31
116
2
4763
517
60
500
34
12789
1
159
53
263
3
3
52
19347
327
59
2
21144
86
1079
184
1351
96
1732
807
8
4518
208
235
284
115
161
6
6
931
6004
5477
399
4559
6707
282
25
4320
106
10633
3254
1
852
1
18591
3642
18024
15319
7
61
98
1370
337
295
13
9788
2
1039
22
43
555
1
901
17199
1681
2
1
19
224
324
18
625
7789
124
1331
16510
4
824
948
129
5
240
176
1990
1
24
1015
16
69
5
131
122
1
10
125
1867
2
16742
140
4
1799
14
2
11
2847
426
40
10751
509
5499
162
30
978
58
2
292
168
2
200
11
3007
674
14
4
53
5638
214
187
151
11
1275
10
25
79
184
80
2910
1958
132
2
675
199
120
3
411
15581
17828
11843
1300
1
2
6904
8710
3
134
1419
2
12
3
157
788
95
14720
4
3
62
22
15
2
3664
854
5
12
7
14
29
31
44
15
4758
141
1118
227
14
7
631
3117
2
3
8
1
2983
10238
19
6
4835
5
1758
225
10
705
1
12436
4
17935
1
3336
274
8581
6374
4
423
310
213
2594
9896
431
86
218
1
51
169
2
5
255
2
2
8
3686
304
50
4893
15
10
213
15
10
77
499
87
2010
39
5
16
238
5047
981
2
420
7666
10
6
3
3
9
1638
27
12350
42
692
3158
303
13865
4
2
40
17
419
214
81
96
8
3
2
4
1170
1234
1159
15411
16313
37
3
4854
15801
7
584
1336
9557
47
563
9210
7
1416
4792
134
5300
1774
4637
5374
66
639
379
69
51
1
37
182
3
1528
55
25
3164
38
2
1155
16362
20
598
5
1
10
4
87
1
12
185
23
1826
5
1
22
3356
486
6198
2777
13
15
7
17721
6399
144
2556
246
2398
267
49
1
375
6528
35
10486
2458
4692
22
382
13
13
964
17
14972
87
11
10
56
1036
85
1097
173
2904
2
3
27
8
62
5780
62
1110
1179
259
46
18151
1
13893
14
51
94
97
5
1270
233
1227
2695
4982
1373
426
875
345
775
2
4093
12424
7
7228
3937
1
1643
9
2513
32
2
3
8
3653
16792
10156
17563
1402
2
255
11505
236
306
96
170
2936
7
14444
17
2306
88
2
20479
15566
12
5
43
539
3
4787
2
13
944
24
15
19
17458
91
59
984
6
39
29
13976
6
25
3
14
1882
5
34
195
15
223
4
421
2
2096
3832
9165
21
1671
255
3592
8529
12288
592
9359
6
198
4509
3563
23
5
14
429
132
52
1013
1
10016
8261
7859
838
16216
212
1213
1509
123
7
145
107
28
1158
28
280
672
1082
208
4
1320
627
40
39
563
1074
11
18296
66
9
11796
9462
21
3
1043
497
6425
1901
11
581
5
42
785
5712
124
136
15
1205
81
51
2
2
204
2168
3602
6
17863
3161
1455
237
55
299
27
34
39
1256
831
702
16526
2602
1008
3809
3
445
20
276
559
4
1348
741
1
2498
19
179
56
10
15442
71
3083
652
1
19
37
6890
80
19
70
17113
105
403
6620
9146
2
2181
20
1094
1048
9867
31
6
12
2
123
5221
6
5
6
11
11
1
2190
11737
12574
177
15
49
2
25
1
2
107
1870
1254
2
138
319
607
6412
18
415
5903
86
2495
6767
27
8
5549
4874
25
17
5103
243
12
22
2939
642
3
2
2391
137
4
4923
2
2
1219
323
12154
85
1
2
106
2
5827
4294
29
5786
6
822
54
402
5627
3538
355
5729
698
3517
37
4032
8
13376
2
15
7078
71
11
1
152
2461
936
9038
2
3716
1
1394
2541
6
150
462
110
1
14
11
321
111
1
21917
4328
13851
143
40
2424
435
31
77
275
1148
4641
9
1436
8
1
7
145
8
61
63
345
14487
162
80
117
398
6828
9238
134
46
82
24
1
463
505
14
42
15
21786
144
4113
11155
5850
894
747
9247
16
83
4
7
998
121
6587
1
17250
1720
11
1517
6
1
1358
519
4
494
4
104
8
2214
3
116
4
7
140
5
1468
3390
1
73
10046
6106
5
29
234
507
498
73
3222
14779
4850
506
683
4740
1055
7300
450
16
1902
9916
6594
4
15911
850
9
16007
98
724
55
2439
1
1594
3212
8
144
8487
57
8957
3251
342
135
619
871
21207
1666
455
2
456
1555
1
4614
18
29
731
16910
9
7
123
12
915
48
117
4646
40
96
9740
885
1
8462
20
84
59
2907
6987
7891
197
1568
165
115
5
16
4
495
1366
2466
6
72
4
137
12178
830
5
194
4888
15381
7432
2
17616
34
400
4531
108
1
1
1049
1241
16
4217
3
6787
19
2081
2132
14272
46
636
9
5
17
21334
34
442
6
1294
2
6
11
32
2
27
82
9
223
904
143
15473
16
1129
47
12814
4
464
19386
1203
18
89
13
163
63
68
957
16329
3742
5
168
24
8684
2722
480
293
8693
7199
1645
38
4500
11
3
20317
17
11011
14
694
4
4420
10
11974
221
7373
40
125
47
7
1347
33
1
20
1617
2
9
3
69
251
43
10772
54
11597
3
706
1
1480
17
2
2735
72
102
12499
510
30
18
20871
3794
919
223
4069
59
65
554
12227
2
618
37
10
47
5610
2478
2473
18
5
4
7
16183
14676
3960
347
971
451
8
742
2957
13
151
215
4
15
6
568
507
39
773
2
592
12070
19856
523
148
129
2
2
54
9183
8386
6
4
11
131
23
2334
268
33
461
4
42
68
11
17
2
1327
514
1
21186
31
17
1
46
46
256
2
29
4
31
4455
21420
2
12981
7
23
1224
20
1028
40
35
13
16
1
1429
11
1279
10351
2
466
446
262
11368
5494
54
148
7537
11494
31
89
4238
16625
1134
1252
863
2277
13
1
416
881
281
16
68
79
2302
27
7057
1
1
1861
2
632
17971
5062
3
594
442
4550
124
1508
8538
4
247
48
10
20
844
583
1
28
17580
297
3486
13727
42
13
8
15
166
7820
4883
2
313
21
969
3
5
6
2
3
299
6
37
1538
1
15
16
22
12
1823
4777
17
784
160
1727
214
21656
123
1315
8196
8859
2
9377
23
2
18628
1744
66
57
237
4359
851
1
269
33
1081
799
77
6267
2
2887
127
620
7278
548
6
23
5002
407
13007
1
5838
953
1935
83
1
164
5
730
31
412
3
2268
8
23
324
267
1260
19777
16642
765
153
439
2647
79
492
43
2346
232
1
5
1053
22
10
568
8
5
4
16
2589
2299
1
3077
335
2
17
61
790
13
249
20135
208
199
9284
17
467
14853
429
9
161
245
6
48
684
12930
4028
361
4180
152
2
3326
18115
126
9
49
5
3848
18314
1449
13
60
6
52
1872
130
99
17
173
721
9119
7206
39
33
67
413
2
19
46
33
2
2
1
12511
749
2
728
3
829
5
12
374
16444
12624
743
4721
2288
9886
8
247
11
2110
6581
2
1
2652
938
3
3
5
2
179
813
315
8188
3034
152
988
18
1
454
21
586
811
260
358
571
52
1088
2
1181
234
209
25
307
10
1
30
4
229
6470
2
124
42
21
271
1949
816
433
2183
16
530
6
8
187
21
212
19895
17
12611
2655
2
14691
243
107
1
7954
21721
40
564
18
474
3
12022
4040
1007
4
2221
1183
74
2705
225
8
4
663
10761
18984
2510
11
975
1588
371
11111
114
722
41
6
1
39
19136
1
15832
11
21
22
23
3
3
15
373
13
36
3840
1193
5007
15
270
493
511
1954
135
10
211
3047
2
39
5
120
9500
5
10
89
143
8
1
64
252
5466
2104
269
28
2697
29
2
2
1276
17
1
2679
10591
3
37
121
1
4
216
15350
4
18
10602
20500
369
295
15943
1
8237
30
9
12
62
2
151
101
43
1018
95
7
389
2
1
2
6842
2
693
126
16
890
3277
4
19757
8
3
381
1984
42
318
13
2
1
2
923
46
16658
1
162
3
599
186
67
413
12
2060
11200
5521
5740
165
16103
6
102
17028
10056
5
68
774
3
90
14215
14
4942
2844
1162
2864
14
1376
12
56
8
64
68
13362
292
122
16
8555
1
1
28
8762
4
132
18535
470
516
14343
3376
9
81
4
17
39
1
40
2
508
6
10
444
192
2520
1
167
2628
3
3339
2
2446
143
4
853
4
5571
3624
3
15927
2483
1494
660
1535
3
3712
1
3802
57
1
21
4
125
5
6794
66
62
5321
8868
22
377
4247
99
25
302
3037
6186
48
14
148
30
2
18758
4
24
2
48
12
448
84
2644
116
2
2
59
3031
5
673
1633
3231
1052
779
47
393
8833
9
2245
9
301
7050
7
24
546
1
109
6229
20809
7
9
11
1
1549
279
36
81
13618
156
3
49
3
244
98
12
18
5
69
2714
606
17
6
23
304
242
9002
739
14415
16
10361
3595
6125
196
368
665
1121
1695
466
12
26
5803
226
5
9275
16
2607
27
1
820
9443
3148
10
300
1746
84
1
2040
108
14
2
5538
2069
14603
6143
2
438
4540
20
2
1817
190
1463
4869
13714
3296
12094
2164
54
1937
5200
40
3764
17
2774
1
138
20
7470
80
403
1172
110
6236
13349
3
5505
5
115
15
2142
17
9
35
4
1222
3
8
2
1
4
5576
9019
11414
3
2
1755
21
111
5
3
94
2
319
7
140
8815
515
8939
65
10248
4
10086
2034
18
239
21060
1783
4
196
454
23
35
91
5
72
4260
38
5
23
907
1
20623
8
3
14074
1472
362
169
2790
51
19328
127
138
136
18078
9
391
125
26
3238
11459
10
10644
4205
7899
1434
1021
3
1
36
18
164
3679
47
11122
1
45
153
230
2610
2
144
1340
6
1863
273
2172
6515
4
7
139
1059
9
26
83
7514
344
1433
33
11528
32
794
102
2
2
2488
5
8
19309
5510
11
1099
3
14
2
4947
9294
379
1
2620
5
2
6058
69
11
5133
13
396
11855
5439
8
8
68
305
18169
1
85
645
4744
732
5
4142
1
2895
576
2343
20976
959
332
128
1700
4389
929
1160
10465
641
892
24
253
96
5310
2
954
9
58
43
41
2
8675
541
8
3
1408
8
20830
384
17
194
9
1091
206
3316
6
397
11022
6548
2998
2
11725
194
2
5
43
777
4
90
19
1156
8369
113
310
199
19
4
86
15
245
566
19
9528
25
1399
19003
2
1132
1950
52
34
907
167
64
63
133
2374
10
27
3
15738
253
392
2
3300
14144
16
471
10
2
2388
2218
9
1974
6821
4
8
9996
6
21
968
8598
1334
512
5
2
19
20
11819
2733
3620
174
488
35
2
1921
1673
36
2
54
2
4707
2
3753
5775
193
56
101
375
5027
7
422
638
710
7720
846
4
48
5
2
7403
8841
5723
1032
6
2123
1313
18424
41
302
489
425
3851
144
18965
746
2
28
20
24
479
22
178
2
34
4
16
7022
2
5666
4
155
4
3493
11
13
307
183
4411
17302
404
3
187
264
16
27
1128
348
164
116
5
17337
12337
180
219
6
106
7
2779
1765
396
10
11808
307
79
1
19022
10371
1736
357
13256
1169
78
476
5932
646
9
5
104
6
38
8
19
6
1207
187
1756
33
115
3
146
7
13323
2
36
520
458
1
1534
2749
845
19270
51
19
1593
7
2531
1
1520
3
7307
579
101
421
7235
1362
5717
15
6355
11
10136
4
1
33
541
604
379
13700
905
7697
1912
55
1
6574
440
93
2
287
32
1474
38
8
22
9
5123
3346
11667
1
5986
45
542
6
6
2166
5
59
15
53
85
2
783
46
63
56
1490
7
1024
147
39
42
2
886
328
7
1
3
8632
4004
261
7395
110
97
44
13
30
4424
6
9
3
2
75
261
1116
340
2673
1
6336
3
5
98
55
10
23
6973
84
792
7
11177
3
4568
76
256
2058
524
1374
4669
616
1206
20
5
1310
13
1572
1488
13470
902
4213
8
28
856
421
10126
56
19444
2
3
429
2684
1663
2
108
426
29
3496
68
235
21
2419
8
1
2
446
3668
41
787
6387
7
2
781
133
25
23
191
1
2927
6
17216
175
2
460
1142
4725
1245
65
1
88
510
30
29
220
628
2
29
19
2203
5
530
5
50
366
13
3019
3521
43
3
10837
2
6
74
2117
4
2
3945
1
11772
21
206
468
6
2
7
26
1
29
2077
65
857
4
1
66
11563
2
71
11
2
1803
399
36
192
263
24
6
1852
21
2
8
472
18480
20155
2
3
14957
358
1
8294
29
287
10623
1202
66
1
25
52
390
92
32
2
129
103
552
19
69
21527
3
17406
19816
493
69
21018
2
6
24
5
2
11
24
78
1020
8
453
21
623
52
5956
8
695
2543
297
7410
87
5
120
7544
7366
3635
9
356
49
63
203
8010
1
643
10
19213
66
1833
11267
11
79
311
64
322
86
1
4171
1
1017
46
13
4
11425
2227
1952
1339
11
30
10517
2
4
1212
3
3420
1236
6
8
4
31
7
1004
4962
5348
7008
121
625
699
1
962
267
10
3719
1487
452
19
25
4
1887
9
55
2087
2746
96
195
85
12
93
236
18609
17
10
3
10697
159
11574
5483
153
1
339
8179
1002
1
2
71
1
122
940
7
29
1
94
1992
5
3407
10444
1
77
6
893
97
6
20851
61
20
771
1063
72
17545
12
118
1240
7071
7727
709
10580
309
596
611
28
404
8394
1190
656
2
1848
405
18
840
214
7
7681
75
5
36
5
17354
217
22
9
4655
172
336
33
114
935
5798
5092
17
34
3
63
92
73
10
6
3
7
781
33
79
2
11357
44
10612
28
104
2760
2094
4230
40
11
26
1031
982
17
4
1350
170
31
18187
4
14
1
227
57
14838
200
19
2561
14
4464
4
17
150
2
7
178
98
1460
8
21
2553
133
18406
225
29
6
43
26
109
37
5998
2050
1
31
836
72
4830
1
2
2207
13
38
7
2201
86
1916
1380
7
27
41
2
1288
15
2
170
1
3745
159
8
9966
2036
91
5305
4
1706
6076
12
4
1058
43
6361
79
15535
68
15017
153
17
2
11551
2
12166
48
585
1
51
3
23
8658
987
3806
3065
339
222
10858
119
11
5593
8445
124
5012
2
802
1410
496
2584
183
4
5364
10880
47
14
26
12
88
2270
17846
116
528
713
18242
13
2
560
400
949
1165
637
85
8
2
242
7552
114
1289
3
3413
257
7
9
2
717
6
221
2
7
1092
5649
1897
52
30
1019
1686
744
641
7
6522
18
13456
2
226
3
13741
6
4085
1282
207
19
16
956
2571
49
1152
7286
13
110
26
8966
290
3
18
89
1417
5390
2
2
2265
50
2
5
2
5108
19060
45
7875
4
3913
7
10
6
3
2
3
1
5
139
207
4
4
2
168
1
573
2
908
4
3319
8
188
46
19
20
387
14
7743
14
3
1857
1201
1
2
1251
909
79
146
2243
21743
100
6
174
18740
313
4
2
162
55
1
15
4527
5263
46
2449
4716
2
614
108
2755
455
1143
161
6
3
1446
372
3531
25
172
166
19502
7149
14
9349
56
74
305
7036
4688
1661
65
37
465
2
10146
1412
3
2
35
386
11890
10815
246
4768
71
6155
3
1087
4341
2
617
6
339
382
1
90
8754
13
67
3957
17
1010
39
20418
9
4
26
26
1910
2
9010
662
1409
977
481
5
132
1497
239
32
547
2
4840
84
2
2649
361
30
2320
24
2960
1
50
38
8
287
16
11
39
2660
3
16346
1837
10528
1103
54
2297
10167
65
1640
624
157
8495
3
13059
130
471
21505
774
5195
7567
74
3
41
94
86
60
67
20541
199
1
1359
13
8
928
118
2
5
2
126
19290
48
2548
3574
113
807
128
9538
69
26
4
235
1346
1878
23
2757
5
1
368
223
1
1023
2451
1
1722
4044
470
3
9976
35
7359
27
991
719
14
12
56
8204
60
431
26
2919
105
29
87
4572
15
190
2
4972
34
21
1225
3
204
250
155
2
98
45
60
288
8
1
587
16087
33
1186
2
1
2
81
4
955
2
443
15427
1195
7099
3
7127
3
155
2618
3
73
1108
1544
12
8
205
1
4134
407
4697
7
188
26
23
31
706
114
88
19639
23
2
236
7120
88
3
3
1
932
7758
4234
9137
1
2971
443
42
14329
1280
105
891
41
3
1
7
7
39
1
622
26
277
536
314
8344
76
17668
7329
23
63
335
1980
103
195
2350
334
3
572
2177
430
10026
16264
90
2
7852
26
17
654
2290
145
8436
4
2
25
45
2
9
2
11621
35
13
7
1558
2146
7
48
151
1574
289
5980
11632
462
102
65
432
755
8
8
2
7185
6
726
17
16592
2
59
2032
1
14927
1996
475
28
3
75
18
7
161
5
83
2
21939
6917
177
14258
2407
2730
14
205
155
13564
5
4
3
2381
30
224
5128
6
6273
1
1904
18
2
3890
47
32
4415
217
4
13
21
9
61
2954
14372
10
1
74
10655
404
24
5154
2
380
67
882
7
215
132
449
996
2
378
167
3628
837
18
2415
35
9
1
2
27
2232
661
2
3798
9
8
26
13
402
78
2716
65
7582
591
4
1552
93
13755
45
1
55
2
12301
2
1381
4
12191
43
4
15
28
15
16
491
2376
37
590
5
4442
17989
360
3353
36
1
51
9
877
6
3022
2692
1071
711
3941
1
356
1
216
22
22
7
69
2838
190
4957
1430
19
283
7
3
1265
16
3701
45
2752
8270
3074
2
148
18498
6754
103
9
1
3567
191
142
22
1554
2
2579
83
2
7
3581
68
17423
7
45
10978
352
10
338
45
8
917
6
6535
29
49
281
1844
11211
8780
2631
87
6781
59
5
2
349
288
30
37
10
48
61
25
200
10
3
6248
2
2
282
30
13
20
2
2
1085
5
1
96
4
7
7
157
6046
1086
2
4176
24
14912
1198
11
31
365
178
2
929
40
695
550
602
760
345
2
4
11761
1167
4
3
16809
17
80
5792
7447
3886
4711
9720
633
798
44
14
43
25
20913
5
7
7962
34
70
10
1357
278
4
8328
6
2
4065
354
2436
1669
58
92
564
558
2827
273
72
2
12474
30
91
3
526
10
14201
28
53
522
2872
10740
4
12
21
1
8
227
3
3749
5180
52
170
180
25
1801
222
3
1187
2657
25
22
22
669
62
3
12599
1843
3
20
3
102
158
4
5
446
7029
277
3
53
9074
2921
18833
34
16926
1622
104
15675
79
1884
677
144
10869
192
1865
16
24
7
527
52
1266
761
1
927
11679
10
2
2471
15991
692
3
729
97
1
1947
12956
606
2
23
351
21
1
23
11586
599
172
10279
777
9
3646
1
3
748
332
209
212
48
1363
2
10
58
549
3
87
2
2796
2
1
9
4977
311
895
107
505
4773
5159
64
14
70
36
171
414
64
2
15
19
1456
1970
1
708
10
2875
227
432
16692
1119
1717
1401
325
2151
7
767
229
3871
141
8
4
444
35
125
10
12374
6633
129
2316
4
94
87
26
4
78
3
1968
8378
1491
4
59
1815
14
6034
258
7170
14
1035
352
6502
1810
2
12
8
125
5
15
1122
27
73
30
17
15
567
566
2
12
19405
63
64
5
1423
249
2014
9220
865
9303
14
7805
9
6342
57
1269
140
3
15
9956
2
3313
20
525
6
5
11
1
6
3062
1988
228
25
7
1475
26
3001
348
6496
45
3
46
10
8229
2727
17147
478
2252
232
4
47
1
9
22
136
42
782
2004
4491
3482
5
8
21441
1176
2
1
1046
3
921
1
661
952
14
9083
121
273
3
619
58
13
360
1182
1090
19
8428
35
2481
14
316
2175
1180
2
4
18909
2234
372
6
2
3
6
55
69
2
10
2
3
324
10106
10
34
1235
5144
649
3
50
3053
3472
23
36
1994
309
19232
8736
1469
9
3
1
293
1778
2
1
241
17
81
125
175
137
14530
1189
1
19
2
5
4749
1
1
29
147
10096
5
2
2083
129
42
621
8606
3
3
3779
1730
14764
465
13
2
63
835
9368
26
37
41
2
6
12827
1
247
42
3455
3
4
31
5
4
3
8411
16427
2444
983
20
654
387
6028
254
37
840
4683
10956
7774
216
2587
103
2898
11986
2
1
354
1762
143
2002
860
1238
11066
1
292
8
46
81
16
74
1138
110
22
4473
761
65
2576
54
21548
41
1960
3
2
2
354
63
1403
92
11233
2468
6
5909
2
3108
1396
487
72
457
201
460
4
1576
56
8
4898
43
28
3
1734
7836
2417
266
189
97
17686
9266
90
3
18369
8
33
1406
3
7522
17493
4
160
34
3
369
196
2
3
1
78
27
5
5897
428
84
6
7
2799
20236
10687
37
33
28
2042
687
3193
21
41
17739
195
546
8
664
341
15304
5
3
391
31
5
13283
3844
8098
549
2327
4600
1
295
13151
11077
380
12
124
2668
3
49
11
18
56
6966
1284
252
66
16876
21377
83
6
1
7388
16
2564
181
4311
70
646
14
27
2
9936
12
49
2
9321
26
4
22
1
7970
2
490
8
3
10
10
8806
979
24
12536
62
1493
78
1620
28
254
17
283
41
5944
5844
6
4
19
467
110
275
2
4859
17476
1
206
141
12
297
3
20175
2700
804
9576
868
13483
5396
1459
12
3
21
10
9128
2429
7492
66
441
4
31
830
1231
5683
14358
5412
10
99
3171
274
737
4008
27
15228
1
163
56
244
532
2
6680
734
1
12325
7
56
449
6419
805
4209
3
35
65
42
3
1034
24
272
201
19367
1427
18
1274
3152
743
2194
15706
135
72
9471
100
18
4825
14004
1
3
4024
211
13496
14661
14
576
51
388
13072
880
1243
89
26
6
353
2012
6568
8903
485
5
1445
841
647
294
106
30
46
92
4
1523
410
5
3
40
1069
7658
214
2
11902
14750
129
106
112
5
2
30
2763
102
1
580
7
124
3
4
1
259
5067
2241
1
7344
1332
393
27
2372
11938
22
2
15628
1956
12
3
12
16
117
8453
750
3306
21
32
784
6
147
10382
15062
35
19155
33
1
2
7015
3
265
1
82
411
67
1153
18777
1
8278
19718
120
8
19737
2597
82
5815
14300
1925
32
3
1
317
1631
14868
1
3120
1615
1271
39
8
1
32
1
21463
67
14401
210
20
1220
4402
1
803
2
3
365
2818
796
10
12662
149
18
10676
5
4
1
3
63
112
1893
34
5369
7
3
485
10
5677
477
62
277
16
17319
246
86
12
15
22
2
9256
3099
54
11
413
6660
5532
6
242
98
60
7
1
9028
105
39
14
19
1
135
1
173
678
1653
676
20075
2942
3
875
4376
2274
3
2
51
5
3293
7
325
5226
1500
5588
11690
958
1291
3690
5
8850
2
34
1
14545
2916
5385
35
18
18042
3264
5
291
2
7
2
47
370
5087
6
5174
12
280
540
7883
1609
4
4
167
194
15
15
376
1
106
648
182
7
1
9672
4
543
14516
316
9490
10006
1571
9605
2115
130
9092
1972
114
303
2
344
3500
11
284
8
2
3
3475
340
20
142
3
43
115
926
54
2546
5632
22
2073
6040
2
845
54
1512
121
26
11
417
2
1978
10228
15092
13020
1188
3976
41
12917
1372
271
15
1068
12
335
20
5
22
786
4
1
13217
15
16
126
152
123
295
9
8546
602
4437
4
2121
168
232
7
12461
189
1795
3366
8
7242
2
47
600
15122
1
16
11
19955
31
1268
20561
33
3813
118
62
14
222
4
56
13823
6
51
39
3556
9
109
254
30
3155
682
2250
727
179
3400
3
2533
2
1941
1330
157
243
26
8975
13
32
3323
2008
31
105
1319
1808
315
9877
2569
10924
1389
2000
2
2229
343
9769
2
30
1146
333
5
2
31
1794
1749
13632
6700
749
60
3
108
14
2018
12865
308
18
55
242
290
6406
1874
720
58
3
2
95
14
3444
108
90
4992
5
4
1614
21
157
26
17165
14
11
5856
758
866
21
122
8058
117
2518
98
49
81
629
2427
86
986
3
17757
2
18665
4226
373
3
2
21
10935
76
6393
3
2945
2155
16960
66
825
1278
16609
1354
14897
15
3933
2
38
820
6
1
94
7590
8
3
57
1982
3
9
725
2689
2493
122
50
3542
54
1705
6607
51
5
3
448
4
1125
455
25
398
9
7735
24
286
8
72
7135
120
4
45
12449
1781
30
90
7192
4
1590
2744
10
11
41
686
62
5809
11144
248
1151
9906
3190
10
533
1037
10207
13
18
8220
15
330
48
17953
3105
229
4
4122
312
1123
3
4545
90
1139
1
843
17
50
25
18
81
4
3
46
3
136
36
16859
5885
19
4451
107
3
10826
164
202
45
198
10310
34
5
3386
1
16
6
389
149
1591
603
2422
1355
636
191
400
10
577
1377
2
27
129
4
3
9
11380
83
165
2
3992
14
7322
6
3
418
447
4937
584
1
175
97
3988
63
7
5
7
24
5169
5
21613
2
2
1
8286
414
2
3757
239
665
22
506
75
6
158
861
38
233
4
6541
6100
10
473
16
83
2348
50
3
488
1712
4
6808
243
3123
469
21123
23
428
5
73
1458
5316
1318
105
5258
83
1365
67
347
2138
190
6667
2901
184
119
11
1293
11
1465
15458
406
268
65
367
2353
15274
943
2600
154
2
25
7
1296
485
5077
2
1
18333
33
14088
105
1557
240
30
17810
315
4
4967
312
320
427
1105
21271
8114
14
5554
13336
5
5461
22
6
3
46
7994
1899
10
1083
2785
24
6431
7085
2
4
2665
3
4350
14158
22
82
621
81
622
1
3369
17
3
9101
1708
12878
2384
3867
1821
198
6489
808
150
17
11
2
4020
2626
7
656
16
25
1111
71
531
32
25
6
4
1096
10
1
61
82
15167
10
5237
20892
1
20685
49
71
3199
1
3086
11222
59
5326
15
1612
3
244
13
10177
5
406
14
20
9
32
225
4
42
12
4016
158
58
8
1042
13
1298
126
21356
714
30
45
2
2
11926
916
21484
47
4097
2
3206
37
249
40
251
2
1
386
24
13269
23
13
288
9818
2140
12
15
142
5
438
2
1126
75
3
1
1577
158
253
2788
126
8504
690
147
2
113
15
1929
912
6223
11
18
64
3059
13537
1255
45
24
5
1529
3693
71
3
16200
3
1
1
52
266
9
41
10729
4903
29
20
4816
5
36
174
258
31
482
2476
8649
41
331
3286
4
973
177
10
12
190
110
60
24
409
44
7220
6016
84
472
1072
296
323
1047
6713
96
11517
2
12801
1
4
75
142
20337
44
31
31
54
2
9
4060
30
537
18
3
303
1420
7
17
13
3
12
2
79
17
6112
704
272
230
10289
7
422
481
2
3247
8572
2
21
34
10320
52
9798
9
2
91
10423
14
518
176
282
12
39
322
100
90
11
279
3
2
6
2256
4
81
3
745
8319
10
4354
7
2
6
2930
16825
3953
1051
154
17233
3424
94
59
107
7
35
7
96
11
6205
3
10665
4188
3
18646
11312
13510
7177
995
5472
3
8002
394
45
105
11644
13243
67
17
331
9711
1089
395
1518
11702
1943
17
241
384
314
2
4
10
29
2056
1
118
80
2523
508
3
67
6627
194
6600
3
626
13591
2
2
3142
18461
251
20
494
156
148
666
12561
1541
1
913
21292
186
1
12
11
5037
120
111
7
3209
4
19915
1
1547
2636
1
3
12
1828
217
15
1
22
562
544
7797
35
19
7
172
49
4595
2719
5488
1342
65
2263
53
97
545
252
2
4
209
89
298
12412
14794
184
4
18
817
12362
69
143
153
648
5032
37
6
104
5
10269
6
10
11
9
43
2
14060
40
7
10187
920
1
11
292
2
3
154
3
2
4048
1
3068
1041
10330
3657
28
3859
532
10392
7712
378
19
3
51
15
4196
595
2948
18702
1
2
12142
9229
812
13309
21039
14808
4
7271
3
4
2
1693
12840
5
21
4126
10989
84
8
1964
3
5
338
20357
4
10
3
4
84
3
24
501
13
9312
3290
4
113
702
3984
1
1
13
12891
4163
73
2
15
2
3
2528
6
55
290
2
3
1
13
1
9201
167
3127
2
3
31
53
1
21
193
1000
9
7213
48
714
48
35
1
5
14501
469
1511
3
2663
2022
10
1443
8
70
16023
6740
54
5
3
2
1
106
349
62
15691
10
2205
423
176
2613
2
10
13
6
972
50
20216
12
3283
516
3
174
501
43
19561
769
869
691
178
134
16055
1
6261
1462
10
18
10
24
20520
14032
341
248
994
44
3
9174
2318
36
22
17389
567
19
2028
23
4285
5
4913
6
1787
12523
3468
3
1514
2486
256
211
55
15
883
2
2
333
514
32
13
1
2500
2
156
12
245
18946
95
17
93
12
6509
9730
1388
701
1127
106
1250
67
202
3186
575
11
87
17
2
1
6653
59
2951
64
1
18260
3
25
342
233
18
862
69
2
71
39
3
10
5294
20602
3
31
49
4
14
7
201
122
3
83
12
575
11289
169
10
1674
6
133
4
14735
19580
4504
2
1710
2
1038
348
386
184
7
8930
58
9047
1998
3431
54
10076
225
8
278
264
29
40
15753
1891
2159
191
9
40
163
121
85
823
23
635
799
1
10549
16559
25
127
68
193
4
17
112
95
28
12
219
9759
15
8894
50
3
258
2
1
3080
3025
53
105
2
2
38
61
416
375
5450
1859
3465
4
9
5
1580
681
10
3040
101
179
13
23
21
111
5920
332
3309
64
136
1
34
42
21
15519
44
3
8131
2
13577
19698
3333
19174
260
5
1596
18351
3
60
4
1145
264
1806
1771
16977
735
385
176
1628
42
9691
16
13
6
309
5
9
3448
2199
44
10197
558
3174
12264
141
1
2311
7
187
2986
66
8
712
864
1
818
25
19098
4782
32
202
9452
181
3
2
4
13
10
156
1154
4
3
3071
80
679
4
39
5938
569
12
188
16
75
27
134
4363
1
183
2323
2441
16281
1485
1
1
18
6673
6
52
14
3588
50
4109
6835
27
5455
5
11471
99
32
479
1
878
5149
1067
3349
9
189
67
4337
21895
8615
436
58
20
1
1177
2
3
890
4307
89
487
12
14
1
138
8139
3
28
7
40
2
858
5042
3
32
6438
18278
753
13
21
250
59
13
5
8
212
38
326
715
652
252
4
228
21
520
11
2
19600
10
11323
33
2892
4
1625
24
2592
19
343
16
281
16135
60
6
9
60
2
2272
21830
1
269
1
21
38
132
6
104
2
7704
962
6
965
257
226
13645
4
10
9
2
13
1546
7
5185
128
7477
6
3783
