3872
68
763
18
38
9
262
9897
6291
21161
17247
17212
84
77
3
276
1547
650
1984
120
1122
3
3625
8
22
2981
5364
1939
1
52
3
60
7326
678
6
19569
488
56
3528
49
93
4
625
25
639
48
7356
2942
1239
17791
940
36
59
4230
141
2509
16
3
10240
815
10138
6
160
1178
4551
97
75
5321
12
2131
1135
20
407
44
116
3
8
2
7804
56
2408
758
7
11151
1202
251
282
7304
5
3
13
17
4926
24
14
14
1
870
206
118
2
1271
2
7188
11
1
597
3403
5138
675
136
3
333
607
5
21182
184
60
8
26
247
5424
9
240
2198
1
1072
4
79
2
731
45
2748
4804
2325
21
334
19806
13131
55
1015
494
2939
1
1882
4
126
4872
17438
5
3
2898
16
3
4823
10756
24
4
15680
19
3137
2
19
1500
4372
8
3496
18932
242
100
136
227
94
149
14809
10941
6542
11388
4
186
9987
757
1456
2076
7290
238
643
851
153
131
1642
6222
305
18097
185
3057
444
18
18
5
5589
2555
2258
63
772
2
1
8010
2099
13437
1064
103
8953
5
2
746
3100
9
302
12564
5051
12
170
3762
3746
336
3292
39
3702
13
4
16
389
17508
11677
3
3272
1
577
16338
216
7423
15369
108
156
513
44
326
10
143
2
1
15354
1083
4
18
745
12819
563
3423
2413
3720
27
104
1
2
6769
18501
2084
4
11
14356
9927
15
3
1986
4
105
4
115
20
6
20929
72
6
547
14
64
1861
2
11480
1891
1
3128
12742
2
65
243
275
2126
1
11902
99
3
7
2242
3665
3233
2
30
14057
3
26
72
2141
7
11843
2552
51
207
1
1236
459
3
8
3
2
29
1481
5295
11866
176
40
22
148
31
11062
2240
1749
15
5500
9
9
1
2437
40
119
90
823
922
232
1
3963
18298
112
12131
131
59
47
3220
1208
246
1397
1102
74
484
573
4
2
890
3
1
5
114
33
29
1139
3075
11129
4
71
3517
254
680
916
2
1647
159
1
4524
3923
26
4
14001
6185
5737
115
26
221
64
246
40
2
6496
8731
10734
4
2
1045
2182
234
55
96
866
53
1323
35
31
20616
3
2
6701
8
4
40
21
237
36
24
6
407
38
68
8908
1
8
3
150
136
27
1134
9701
1811
4019
4113
2
5
58
4
5
4
10281
13
3
12
2913
106
154
18894
5
8371
9
7
2670
518
45
483
62
13
373
487
14
21851
492
6310
29
688
23
14
10364
67
41
2
4
749
1159
595
4
15
2
10312
16
9180
6
7688
11007
52
16
3
280
1036
8
10
1224
7994
39
15
955
30
4
20
1
553
630
2547
17264
724
578
3
80
7
186
3276
357
410
6
37
233
554
368
128
5617
632
2489
7253
55
6
40
493
49
147
530
18
21310
13737
2
10199
43
8
5924
8
77
4
4175
373
4
1577
14588
29
8
138
19
7
40
116
9623
35
29
79
9867
108
152
96
347
489
933
37
13091
21
16
11
83
2861
5380
3
85
90
135
2
11162
14
13
3427
2272
697
5
790
21
67
12501
2020
62
41
6
19
29
6
7695
20
3
1073
12883
2
2
316
197
122
5
5
2
11
21395
49
2
2
16437
45
19985
166
7312
3430
8
9376
853
331
1
14
6
212
283
19
23
28
539
2
1678
2
224
145
18445
3
39
3
254
2
17
533
589
503
4501
534
9
9848
201
177
242
807
48
274
21982
267
7003
4
12780
12
3
825
100
34
10
592
13
248
5205
15
399
7788
41
11218
3
7
2638
4
4911
1
3
6
10853
1444
6
621
14
2
10
19452
18838
449
3
351
260
6
1
1003
5906
4
212
6
10724
3
89
151
7
8507
36
5221
9
6
7
2209
2633
6373
11
306
2
2053
925
8
4704
155
1
210
20
798
50
16159
10017
4
5
1655
87
1231
46
25
71
17
685
6674
5936
54
276
175
42
107
24
9
2954
14
54
1700
20887
3
1
19766
560
812
2
189
1645
90
41
1387
1972
3191
2
2
44
124
717
34
9
307
2901
2713
3
93
46
6
9
2
21
276
13572
1
2002
10416
1
2570
3
815
22
1622
9
1637
56
70
463
13959
867
8697
149
139
72
4460
2
379
16273
19905
845
11
25
6
354
10333
1704
2322
12
5
730
78
3
399
2
127
241
4333
198
3
1140
3399
2012
19
263
288
3
293
14
2047
7
4510
14428
442
6742
1918
779
6694
654
9254
14944
1026
15246
208
6522
50
157
231
667
2524
29
782
5451
770
50
566
3743
13065
409
2161
188
3900
83
7
13263
2864
619
687
19
61
96
2
4587
36
397
8156
209
271
21654
403
446
4213
30
18725
2
28
13197
67
2
5
2389
1899
583
682
4966
15
144
125
1663
8
5668
48
59
2
416
2360
2
2031
35
24
2
8899
5
829
9
186
4542
12
1051
31
2
1768
233
337
13
11654
7
1625
177
10
417
2716
83
18519
37
3
8140
18781
15
806
8050
296
119
37
21076
4799
57
2
7
10
4
1
2
12
6
84
622
230
89
337
12
4713
6
2
14530
234
1
863
3223
3
121
1383
35
4289
440
106
7124
1
2163
3
668
1935
18
17
207
6
6594
1616
1
432
6
164
7
122
3
8515
12
10
2757
31
846
229
290
8
2143
16208
14227
6241
20596
74
2332
49
783
325
7
1
55
2978
61
1421
13183
26
458
2
2
17
661
2680
3
8873
68
1386
270
67
12
369
411
328
145
44
3029
75
11
4770
19925
4
387
7074
1657
223
1047
14676
17058
10007
31
68
2107
7
31
418
3
21
25
79
474
81
13
15
2
25
470
5662
10
5
126
1818
11107
35
12754
2
840
1924
468
18
2
96
34
60
288
581
33
2178
302
7
109
6715
1
17075
161
5
325
1
362
11
2
585
44
6172
21829
108
5
2227
2211
1
16
1470
3
4961
2
8305
6809
12987
293
383
28
4
36
8
154
4
7580
1561
129
18
1
598
17334
131
149
6628
16
4
67
14
220
1
14156
17
50
63
345
703
202
1
2
620
1690
3
3510
123
17473
253
2
27
1
12
606
46
13
426
11018
1
506
2
358
134
36
45
446
301
15004
4438
57
30
38
5
13
50
2625
413
85
186
183
7
4
1
700
64
34
4
8
6641
13
143
2
6
1
63
209
5
3
88
2
40
4080
5
6425
662
4
1215
12
14720
98
7067
529
1389
3
1
95
205
195
2
3
543
66
11286
8
21034
11434
408
4
351
510
19
19
311
8
4732
31
3979
205
811
327
590
113
10553
16686
1
52
134
29
67
10
42
42
1
222
130
98
945
4761
7
48
5
3458
671
2721
144
4
84
8749
15902
201
3178
56
3
7195
633
20
137
1
4483
4990
50
220
172
2672
671
44
704
7
1
75
1
1080
7
27
5
4137
32
1
1349
1043
1099
527
4505
5754
94
1
18
15918
2578
17282
477
16094
280
14
130
7
5
4
12870
5268
34
20329
121
2
1
8593
3386
1
14
5
16803
97
17
2
3
12
1161
98
146
17
11854
4709
4
1595
313
5429
753
4311
7
4931
7
40
219
1
5
382
701
2139
14184
6
2187
11366
12
1175
4294
1
3
9
2
6
14574
6234
95
2148
65
10
11
9
4882
59
22
5
7239
600
31
6735
13792
3
4
10745
92
18575
13
19
4
9
11
372
6228
1786
1024
1146
1133
50
14142
14
543
24
4
25
570
50
156
145
4794
332
1
5076
3
28
17
2
9
1
963
11503
74
23
15539
12
9652
2
1448
23
4
254
11309
1728
21589
5714
216
8
11
3
21
500
3
37
13383
49
48
1953
11986
6
1394
18
596
7
75
11573
99
1
1
1532
15
17
3
524
99
96
26
5900
364
434
54
1
2
4666
43
15791
1124
365
160
4171
1
16905
10919
247
2233
27
10
13
3253
215
158
1264
2247
1
616
59
10128
123
50
4
107
27
5
325
1136
3754
14559
4
7
3
94
632
2398
13
86
2
9967
124
1225
12414
9
6830
1242
12
5679
142
3507
3
308
32
2
2270
7520
4247
761
1874
2449
4
3097
4
262
1
1797
19
75
271
21417
57
45
223
2452
911
9034
158
495
828
10
2466
7
1
2878
210
16736
12653
4629
297
117
534
208
2
37
49
64
31
2367
742
82
43
116
7
2174
41
1467
15
2343
38
2
224
255
4833
6762
2
1164
2
42
2732
383
2
62
10617
26
1453
1342
956
1148
1014
1269
53
14
429
856
3679
1106
8
102
3
236
1365
11332
222
1
5
80
5
127
48
90
17
2
348
38
652
1
28
1152
16536
2
33
808
11
70
139
3
24
4
2
50
92
3799
2218
83
8
46
1118
1113
915
17
518
17
31
1287
15
261
2
3035
8498
1714
151
702
13545
2
4302
323
2
153
1130
1065
319
2
2
46
4154
3163
7038
7
11607
110
457
1315
3995
114
249
5284
6470
3
2285
36
6708
4209
23
13903
1360
15019
429
2254
708
30
4125
510
127
6044
93
283
4
2
3
540
2
18261
13
471
3676
349
1
3
6
4
566
1
15170
4
10
84
1635
2896
5550
20
568
21
335
7
1
18043
21
475
648
1712
722
26
18
9
6614
8
2
2
2804
3
2386
44
2
3
29
13210
9
41
5
184
42
8802
2327
96
7437
3285
76
264
6
5544
355
8714
508
20720
113
152
180
5888
2
7
28
14
1353
122
2415
2004
2
1809
5
32
4537
2
1505
61
929
5953
8
3
795
1673
548
129
738
2
625
24
3
13695
4192
298
502
16014
976
452
775
3728
14794
11
1168
2
15822
181
61
5
4
13223
3
1
12691
1011
5445
2
8321
8723
104
7
11
359
144
9828
637
3
3159
10
10
3
894
1670
181
1
94
4221
8464
7558
119
4059
1403
8230
3279
524
20
3
10996
229
283
310
496
922
472
725
8
21
18706
107
10843
15
1609
32
4
1990
657
24
311
97
55
967
163
173
11
730
1333
21
21
1361
7812
2
927
1
4
97
982
82
31
5
3078
2573
1018
789
83
287
1
5
166
55
2
336
210
7
1
2
2
4337
17195
10
2006
18061
22
5
428
1667
4694
5462
12290
3038
12476
6
235
2
1745
1804
1976
2
353
168
91
109
121
11914
7
51
5
217
2
56
906
649
108
1773
13
180
62
11962
2
2
139
26
8980
1908
1
2604
218
2
7550
206
13
31
42
1
1063
2
2454
1
3
19432
5
574
2718
62
17
1978
2
218
1966
47
438
13806
263
3
6
16
34
2
4
6933
18
6
2910
237
6755
1
303
545
93
133
96
21331
2
8
12
17
22027
1023
22
9917
187
1
3
20227
558
500
202
9
1855
5
227
98
3
11
430
5279
12377
13931
1256
2
6548
10
124
3382
6
23
2
4546
111
45
1
79
2
278
57
313
428
68
2793
85
10
1079
1859
4951
1
12
94
1538
1197
451
754
1
7159
2532
16
8380
136
12
4363
2
188
123
5016
12046
4051
762
2
4
4
5158
41
393
2
15
31
48
23
15
111
1052
52
1169
8
7914
54
3
95
17632
9
29
9
4
4
1
231
52
2
23
2
28
110
576
1021
11040
4452
4699
6728
3
3
2
676
5386
1
23
438
7
19746
213
1
10
31
1824
199
2
949
225
422
8
2
3
615
4555
689
16
253
7
39
4487
7
4
7
12
211
9614
9633
25
6098
41
111
3
243
3
26
5
20
18
4100
2622
4
1020
17161
5
130
132
6
101
2
12
25
2907
327
1
402
2560
3
5056
190
1
2
146
1096
99
629
4259
65
6
3
312
612
256
20
2
37
23
2306
65
1883
5674
766
13477
14
1584
137
3
4533
776
11950
15
53
877
171
254
232
300
6844
41
7181
21503
60
1
53
36
2057
57
155
1184
1428
86
22
8042
12010
2
2176
41
277
1872
1
16
2
18
26
460
8296
16
21676
9116
35
365
18800
32
7
8
6
153
875
12844
16
27
21807
10
3
1
251
431
138
998
1
47
286
114
25
341
108
34
11
1
2
43
2
4
1143
9347
6
28
3927
5
9
142
121
220
35
1090
5522
257
5434
472
15
5061
310
16
202
68
542
9
8882
19
2
9
5179
378
498
4728
1251
1
418
75
15555
8
172
7203
1
1709
2
67
16
2
174
636
4690
13052
321
3
1524
1
4255
7734
3440
391
2043
6947
89
24
2
6
1
12
2
16
2827
118
20167
72
284
2
413
177
442
24
6451
21
3503
5
91
11
5
6899
9537
120
14071
8828
2
1627
467
12
4
13627
147
1959
515
27
14959
13
5
5359
4
484
67
514
10118
2427
3
551
11
1740
2
797
184
2
168
5
576
208
2
16
17092
714
9442
62
599
20658
299
436
3295
1852
2393
267
2
2185
767
461
773
885
32
12
284
21
2
802
2557
24
2
1
4146
1844
6837
7
48
9
5
272
2313
5231
1598
6864
1322
110
1555
146
177
17
1868
419
17
64
46
1345
103
13641
92
7
172
1245
2
190
624
29
25
289
176
7
393
147
1
4936
842
8767
12
1283
37
193
20
18
528
2
304
7
18
1611
948
6399
883
19530
42
3
4
5
556
85
6
3
400
8222
4
2369
611
3
3
4
20678
14
640
3489
29
2
7
18225
238
158
49
9107
114
2222
10595
51
1229
10179
3369
10
15
9291
26
258
8
3672
20908
208
7
1210
4
3
7
14
614
1699
303
32
114
11207
19
582
2707
2
627
15
69
7883
9273
287
34
4
7
37
3892
3947
547
1799
4916
399
2987
2
7
22
42
1350
64
2
21
1
19945
167
2
34
2
232
114
66
175
272
23
23
1
18
1268
2919
47
651
2405
1
3765
3349
8
2
40
8784
3542
1411
3
192
4
226
17667
719
20309
9
9499
58
298
340
421
9887
42
250
568
723
7
177
1870
58
10
10585
261
8
21
3999
4
82
3
12
450
91
97
2260
1125
20
1726
28
20
658
48
1
21
845
1
4
22
375
14
342
4
8
9594
17827
377
6
4
51
7750
267
4341
912
77
2
2
2
888
32
1061
91
4
59
124
4
12831
957
860
6
317
39
529
340
3546
4007
4315
2643
14385
37
7757
395
5
1
4
6
5702
1568
10713
387
2090
7899
593
168
473
3
15743
13532
1088
116
7415
305
225
112
2
38
4
2
110
8
15
559
14
17756
33
13104
43
2
265
132
1198
22
15493
14914
1606
2
115
11
181
2651
1
8414
101
16719
123
1491
4
15216
541
674
11
284
2667
1688
987
2702
10832
1085
5
1
1
3
1
590
20066
1115
1354
17
15
2432
20
6996
36
21
38
6
1179
1
5595
4088
219
8
238
425
134
13
112
304
46
7334
4
10
12
13
32
1612
12589
2442
1994
15323
312
275
30
18
2224
106
20106
7385
513
171
19
1880
87
83
1980
19
617
1
509
251
41
217
1301
834
2
5252
2847
83
3069
13
34
4063
2
28
5337
3410
23
105
134
22
76
179
849
73
48
2481
453
18
2299
1177
41
11
17
1
3
2
1451
44
9098
2
310
8775
4606
2315
212
53
2420
1180
1775
18482
260
2
301
1000
24
319
434
13945
15
844
2447
1
281
154
713
7467
728
1552
1282
734
2727
1059
2
2039
4167
16256
7
7341
10479
1
15338
10511
1929
2022
854
2
114
17230
581
15
858
4638
122
5001
2844
17543
1373
1
8189
19
7475
38
150
25
14
348
1
56
173
27
412
4
62
319
6
5122
1
4
8
1420
666
261
10
3305
33
7
1
6
1
50
2
2
16127
1
84
18
65
195
198
1643
139
1259
47
1
1
91
3147
5
95
9
248
1
2439
6
380
1033
92
14780
454
190
141
19085
892
1
15982
62
416
17
16404
10
24
79
18631
1413
11631
8034
1
4592
3
15
6
59
73
35
489
8422
3773
39
914
13316
585
962
1044
23
19648
18
5
574
3
14
2699
8558
89
23
51
3581
3
3
1537
8
1841
82
1
31
70
1
1
2922
7
571
142
7954
19
5456
14085
293
487
3
1
123
36
786
24
2276
13
3
3
2768
219
12
944
2810
1348
23
2
5771
2471
1
275
6
943
8644
22
135
555
6823
13668
6
18371
911
179
9470
203
63
95
95
3
620
18353
507
13
30
841
1
580
62
37
10606
8
186
102
4196
5719
499
2
11084
22
2320
11596
669
1557
3
21
1237
159
4469
796
93
13290
91
19066
526
184
10323
4251
1288
28
185
172
348
1
8811
50
4
5
41
149
1
13654
1
5
61
4766
3
5
8819
29
8123
117
9
207
2072
1473
7619
3
166
503
4867
227
12
36
1
2088
172
473
2
87
356
2
7
126
1887
17
2
4
342
48
18
71
3
1716
114
954
7
4
2
13
1338
57
78
15
5
39
36
1912
660
461
105
11807
8837
103
112
11890
10
536
16569
398
12539
1310
10821
11252
32
9
8205
106
6019
2
1487
2
2773
181
5348
111
148
2
21
4
29
5
2
9319
294
1
297
1203
1
5
37
18
10
1
30
138
7
77
10
5
3
11974
1675
2
6654
2858
433
41
542
76
5413
6
5
2
52
23
7
19
156
20
2
9
19142
8330
2
4
7268
1
4891
34
14114
2
121
104
234
343
9134
229
6457
81
5
12
336
8
3332
2
290
34
2180
635
10
1850
324
86
187
874
1842
10047
876
50
81
56
14
108
5
1624
94
230
6285
2
824
6796
2
1058
45
1
2
20
84
8083
2
8
15854
303
2
12
51
4
36
37
497
5959
2292
30
252
26
2567
1
3943
117
12
834
67
12640
101
2
1155
2
1
751
6
900
917
45
2729
583
615
3971
2167
110
77
361
273
51
11
6354
663
3
281
8
3
1
6
707
57
37
58
343
36
35
8
682
86
12
4921
6
21
147
9
1189
50
224
1
18819
2743
81
12
68
22
1
8
1897
102
1306
17
256
1587
55
3
2904
60
18
498
8662
85
221
173
24
11
10
10
6
90
1560
1585
11264
656
304
6608
1603
3
1
390
3204
451
36
1526
27
2
43
780
34
10230
10
6
10
20452
1278
40
3
50
232
1431
113
3
10681
402
13
3713
15
4971
286
1190
1
12
55
6968
1300
5
5396
3
7
9236
2474
17
13
12464
2
39
56
2
1
102
35
4084
2336
3
10
8
1
4
166
378
51
6259
21374
1502
2355
11
5918
2
6266
21
55
76
870
1695
350
317
16240
7
3002
1
14
5
8998
16
19
7
2
164
2585
193
6
1
209
5876
39
55
422
6
4
424
3362
4
79
4
83
2
2464
1
63
92
27
16
121
200
22
22
1895
4
3
5
2
1795
36
475
1494
2
45
10
7
8059
369
150
2
62
3
2583
3567
23
3
7
2061
5143
2
1
7711
58
125
3
1506
4
2213
1
747
735
11
2
559
53
2
30
11
259
634
32
1218
33
4225
130
1781
1
375
6
60
960
4
21611
5300
17
2
14
220
9681
16652
3
781
1204
810
609
385
90
707
18335
2
1
34
4
741
30
6
4
4
3054
14501
109
14270
5
1
69
892
174
5
2963
97
1407
194
10
3683
41
37
15155
10
586
20
6
6
29
106
42
3134
9
11
563
4
6581
7535
6954
16
2
324
5806
1041
9
105
28
2
2
450
3188
22
87
14
51
1
791
18
6431
2
4
6
199
1640
125
45
73
199
4
2
4
244
695
1931
81
2
4
8
53
4011
12703
6
14
118
6961
4671
11760
9
292
171
1
245
18427
6
1105
9070
225
975
7
3
221
1376
9759
486
167
2
5
315
54
18
57
4
637
4
5506
22
15094
32
6
25
74
2204
2
5
11831
129
22
8280
5
1244
200
2
60
4
15231
613
6032
1
4
16990
7611
274
9
1343
102
2
45
356
43
1400
2593
6068
122
287
896
482
2
2256
555
2
9
21872
19
22
1
12
1
11230
2799
63
3
65
8
3650
692
155
406
6
128
193
13410
108
11701
294
1012
78
17456
903
60
26
20
19
455
8271
405
7174
20
4
1396
87
9016
1
189
174
200
454
69
11878
1752
13
4285
2391
26
7031
8
10788
8
1232
2
6203
5
6418
8
42
4108
2
2
6092
40
28
6
5
49
5
12922
7232
884
25
1234
6304
3359
94
10292
13
22
192
18951
450
6
10
62
11
201
2596
4
58
3
55
74
54
98
317
4569
11029
17
561
2875
230
1702
4398
1
14043
10251
1302
991
7
6
12
160
1592
1173
117
1
2
756
5
181
1123
4
1273
65
3849
4818
2410
10
77
11400
167
3987
15124
1735
1035
5517
162
5
132
435
238
322
358
194
57
2785
12352
6
71
1650
14284
7
1100
4574
174
3066
1469
798
17649
727
10
119
1
3230
4
3
1
28
240
3
3524
100
255
438
15
18408
20
13
11526
519
16
1027
13
72
535
4
1683
8670
12
15
105
17774
191
5894
13397
15200
14
684
5
2
249
205
1284
19866
9310
1
37
2776
8439
26
58
24
359
12
30
126
102
2931
3661
90
1034
1
2
1
531
133
16470
51
3
983
7
1060
66
17403
375
5
15727
17
1391
3538
9
7497
125
992
103
7
6
2
718
2
14
10
129
10
22
4648
53
4
6
18687
7
323
17
14884
5112
2341
57
2
907
5
11
3
141
38
8
161
2
10385
7
29
14
22
1
7
651
266
719
673
26
6
5
6117
10
623
921
12
6
3
21481
918
20824
10
4906
1331
9
99
2403
20
2
494
79
78
11
889
3020
5
309
81
443
1619
2
16820
193
7859
467
62
9
81
141
45
2598
1252
603
9
204
64
1558
78
64
17
4
78
702
16
3
10
3739
40
2
28
165
15
328
18316
4
221
44
21
919
16
203
549
2830
14327
19393
54
12
593
150
589
29
46
38
33
13078
10564
29
2
1751
3553
47
1201
1957
7922
10
2
19727
2229
686
242
17421
4307
30
882
1247
30
30
28
7765
10
5031
45
38
445
29
1485
153
558
94
54
74
395
32
607
209
3240
258
11275
18913
1
12793
11666
1
21698
468
3
374
1
2274
6906
1758
675
431
4
16
3325
19354
480
2067
48
9
18115
1055
257
1503
1472
621
898
2951
1028
2
1
339
21741
7
2
2
3
1
9
733
228
4368
329
2265
346
2202
1074
12058
2
4104
1509
1
6668
7
986
161
8
923
89
67
7363
4359
135
436
17
6
14443
4067
5
17845
13
3198
640
43
146
3
6
1563
11
3
14854
233
30
52
1
5489
12
88
162
2754
229
10
226
1
4
217
6
14544
28
2
24
109
15
10
13778
4737
334
15
7010
3
1127
189
3
9
35
5
2037
21118
1
281
4
2146
1777
2304
182
42
2444
483
1459
66
3784
82
4
3259
12627
2
44
80
15966
5
2
8
77
218
653
3236
13
263
380
848
2
833
814
1107
42
38
2
17024
19161
4
12
459
2055
81
901
4420
155
13
1337
3915
6
3959
131
693
1
9877
9329
47
7962
308
8627
769
2
226
26
227
361
4320
15
10169
2
3
8567
1697
187
1648
2
6516
3
661
7986
73
44
4
33
5
14974
5
1
2746
32
21013
391
3
48
44
308
3635
1
84
690
6721
7
23
3
46
19
13
1988
2
64
15524
1368
515
162
4434
5800
145
2
1
4
3
3
43
9
836
5
27
4
6
20370
143
5528
2893
9
11354
2
3983
70
25
9451
65
240
3
365
1566
7596
10
4268
103
17351
1128
318
37
75
40
199
2339
5
807
4015
13505
21
8
3975
2580
405
1
15
1
1
11819
64
53
2461
4775
562
63
20472
3
70
5
2818
21353
10985
11
24
2379
3
3416
43
33
23
16305
15664
5
94
4
1571
40
726
11457
5174
119
85
18
2008
265
2934
144
1724
2
493
6
279
4
1
10659
26
2534
31
159
6
153
353
11
12253
1250
48
33
76
12
162
5
13613
26
12767
9
20
3319
23
13
4324
18152
738
604
5
12
752
17
74
14015
19413
9
1802
1240
1441
126
8067
23
33
2
2
13330
339
9
9508
68
3
1
1512
1260
3
138
14213
572
37
9907
3413
2111
80
6509
4
146
299
20
537
33
315
1
3
1901
8
300
69
51
1765
127
28
448
17971
78
180
151
133
8532
37
9
18612
2
341
48
242
537
1217
5418
59
40
3931
249
1
345
5495
25
42
7626
1369
128
14
30
642
1249
24
214
847
645
381
368
466
16
120
29
4857
25
7371
2
107
2993
147
1069
899
3
1
6393
179
7
11549
122
10532
3211
6477
11492
132
28
178
5305
8917
2
35
3
324
3
14
2
1
31
222
145
129
439
4
43
17
65
1
2
2105
1
5
3084
4
80
6
1617
2
2152
2
23
59
6
8164
2
20268
532
1
5766
49
41
386
4
526
1721
11
21
9144
52
1154
38
965
2
21
7
2855
8
1049
1910
2
270
4478
228
3869
8214
1630
42
19
2737
213
3
133
97
2
1
352
8
3549
4
175
25
8971
966
104
19
7060
77
10
3750
750
3131
2290
1054
6026
1309
269
21
1
43
363
86
113
23
61
8610
7828
1
13276
21288
1209
536
2
1514
30
192
3853
7
5
2
1
16486
60
322
9189
16
16
14
218
143
2
62
2
4
3372
9565
1084
23
280
1230
1
155
15
82
6
2960
10
2501
20
30
4281
1019
8481
4
5567
153
7
10691
14
273
69
525
3109
2
11411
49
554
9
269
2591
9
457
60
820
1
15400
28
9818
83
4
470
488
10067
43
506
23
2689
6406
245
19886
37
20971
236
195
108
4187
2353
18134
672
10649
1747
13
850
3
314
62
2137
861
5989
13013
105
362
3596
18
47
163
1255
5258
1078
28
66
4039
12327
1156
278
6074
23
4
1
100
161
18
95
37
71
27
12961
4995
94
7527
15462
1126
465
430
222
2
75
132
6
8026
2
20187
34
1
10354
575
14706
2916
248
7
3
3
8
17
1521
18594
22
1
87
1848
20126
196
6
360
1
179
4828
5
86
19
1
15586
164
1277
7657
10037
64
316
527
1312
14
7946
20046
10
7
4
12302
55
2348
15
126
863
843
4877
14989
19
103
4
10261
3521
13889
2018
19608
1415
32
164
5824
51
2
133
1
156
8
1166
18
40
2216
258
2
4941
15
5092
204
5612
2377
3780
1544
1
80
3822
1831
2220
6
17
2606
14
425
6
582
19027
6
216
1
48
2
2
18
1384
601
2
6
5
214
21
272
4887
344
189
330
420
81
104
8
398
4
93
130
19
150
76
4
1
70
33
520
1
17
3125
6926
1196
30
36
15806
10
920
7024
71
115
61
1766
5
4
56
17491
1438
3
4
4474
283
13
7
3156
818
1418
7
2133
46
17316
9789
85
7
4838
3717
4751
165
931
307
18
2
4
1530
89
21
30
32
1191
251
4425
5
86
1
15
1
18875
4
5
2635
5948
9394
2
1
2
85
1254
2
1784
16702
66
7891
156
602
13157
1
2484
1672
1214
5748
2
213
3908
52
5
22
2
1
2
196
60
1
7378
2
11423
277
1
1157
12
6123
264
1464
8
134
6871
564
5
4
8
8
4217
54
34
1226
471
7
101
777
1150
2238
22
25
3603
17
52
1863
1417
7283
33
18
2
1
14
1596
65
12
5965
8
3
12
20207
2521
47
759
110
105
8
63
96
45
9
1634
270
2
5
154
9
52
28
32
4
163
3
47
192
12602
13709
18
455
140
7
4
16
3
3
21
5
7603
631
5983
300
7167
732
993
2
7
2516
2
17
46
11073
501
138
653
3249
7297
4264
97
2691
10
428
397
22
133
332
6
4
1141
163
481
16143
4985
157
80
1212
17614
1808
1865
10
182
4680
6
39
5685
5
3
2945
51
4
1
9
453
16191
11095
13356
412
11
6
868
735
3691
2
11
1517
5153
1114
49
213
3
14
13
10
1
1
947
10
1600
18989
437
173
5473
3
8935
3724
79
4
1186
6178
154
5
157
1339
9061
129
10
224
3
31
971
2
241
353
11
130
295
152
214
20146
26
19
2
24
14
8263
10159
1
22
2529
1
642
328
136
2
3044
8
59
169
1
8
997
799
6272
5086
1
16786
420
301
12
1200
655
13750
34
10
40
2
18
2114
26
5
5
4
4
8148
89
44
626
1317
36
2838
19277
5930
1075
1404
15
6
1092
204
895
3
440
5327
648
872
26
1425
1437
1756
2
4
294
1
90
514
2
2035
1
1132
20761
1
5216
3041
981
1601
1815
5841
7
972
448
2
88
9
20992
43
3214
128
805
109
142
74
68
2281
237
55
13
8846
3
56
15185
3
1822
6568
908
57
64
5
1
45
64
639
12896
2787
3694
11783
6490
33
77
30
165
54
11
9
3
12
950
38
20
33
3
11
670
7138
3792
2990
296
112
178
5
3087
15034
202
8
12
5
27
116
57
7719
3834
467
16
15
2
4514
715
16
15712
3
1638
28
3185
3
15
92
1
8132
4
1334
148
67
27
309
2041
2
3
1068
4133
3
6
76
2
6007
61
610
27
8
696
215
2
1266
677
3447
4
21916
49
14647
1
544
21
24
15477
479
681
78
1424
4
2311
1
727
13464
282
1032
595
2
15140
492
412
17
12935
7
19846
2
16110
4
952
2648
855
22
211
1
1
3
12389
3585
3
41
12070
2537
19
2984
469
1430
6062
3709
79
11241
5066
252
3091
193
13682
2
57
544
3
774
1717
245
3880
6
659
256
711
10799
1677
2
16
10108
22
1182
480
3
1711
4
33
1
3
362
2
4
1
41
9
19
106
91
7938
7
7
6
17299
5133
16175
2867
4
893
16854
4
59
7835
2
6444
522
588
33
1580
123
6575
388
5
579
17953
3
2656
11
13
32
9357
47
77
18668
2815
7
197
29
16
8890
4027
1144
20741
47
491
4407
6748
3
4790
9404
5006
20248
712
38
117
4238
92
83
8926
98
2539
3461
54
39
8075
776
9
12
3339
41
1945
2
2
601
1364
95
1223
961
1006
1087
259
9171
2
3
13
180
7
18
3
5697
8
479
5
7
39
9
167
1
102
462
8
1183
420
401
3
9
261
158
70
3144
149
8601
2760
3
995
4
1325
9808
34
2049
667
1682
21
1793
6940
33
76
3888
27
168
8
880
78
146
88
49
482
104
132
5572
2
17526
5
3574
12
10
15
38
3269
5
490
999
52
4583
53
1326
432
161
10
3454
3486
9546
7
38
1261
5533
2
6
4
3
755
1685
15
575
27
198
800
7672
5
14
2093
804
37
21438
59
119
17
6688
4814
12857
150
9
13370
379
2872
1
291
39
49
1
31
144
102
560
2358
5691
1454
4003
26
52
3094
42
4
39
5
10
2499
370
2
1920
39
83
70
3312
30
1
646
3935
1
592
740
9
6464
1951
2063
12339
6483
12
148
16371
2425
5
289
4
131
1482
25
2
6
116
5097
104
5
1086
1499
69
35
736
306
5184
1
4
1
9432
12034
31
497
6878
7224
10
165
2
721
16
18
4615
521
19965
7
113
12948
257
3112
64
3406
44
15
35
11
6
3
3
8197
476
578
1116
14824
28
15
15998
2740
8
16503
160
2
6
1
9977
302
6160
4723
1095
16636
1
521
4
86
2165
1457
236
1037
7665
73
88
19008
6816
18857
7
12729
1668
20
2
164
4
20086
2351
3819
116
82
10
15508
10
10469
13
1
5651
6
1466
3329
26
1546
5273
865
65
9
68
2
13820
16062
7109
14
1
1
4
1527
11
97
233
63
10057
1
74
2514
9769
70
19104
5
3606
32
5
20390
641
14029
930
6
2796
20
155
1
5
1076
5623
902
7
771
78
7
5
88
6
102
5440
1
504
1
64
1
2969
20
478
1496
72
9338
3
817
186
5467
3
2
30
32
34
2
71
6
10
3
5107
14
374
381
54
3493
2097
567
2
20782
5
8
177
3150
36
11642
77
11
2
25
110
5407
4843
53
14241
47
97
3472
66
3
6
15292
31
17
17
132
11377
3
743
384
204
11446
9
51
23
6982
17720
11
851
40
1723
66
101
59
69
13
3315
96
1937
2279
2
496
12
64
4
15759
29
28
1
7
11140
330
466
317
62
954
8
2824
23
6154
19
4662
2
2118
327
136
397
386
5402
200
3194
318
1427
635
58
4718
13
49
12082
2128
831
3
1149
21546
2790
1754
1588
1761
20349
3838
196
6
2
7742
114
2
2
584
13236
21267
23
3217
108
22
14
93
16
12
356
23
27
5
65
8
5
7970
47
145
11
118
314
196
2
406
8
10
3
4
73
638
8313
2710
7081
2
1662
3014
43
44
36
4272
464
18
25
2251
835
935
1341
10
40
5484
1867
1
4429
4862
2
10
13
7
181
3
56
2
58
13
5600
1569
530
22
178
85
2116
132
42
571
12216
85
533
686
313
3758
1962
47
18
52
6
396
10
10
20
4519
3
22
3
3617
6
291
148
4
8
3
19
5
183
196
27
76
130
90
85
3
2302
4652
192
13039
11
6
8550
197
7393
1
361
13
4676
10189
3
7
300
3
44
3465
1
3352
63
2705
4
6050
31
1
19549
272
266
18
67
7680
1013
157
3904
38
3
13917
19
135
6
1081
8
1314
16
14603
7246
15870
7
21460
37
3
8
602
5375
447
35
1
137
12577
6
2675
13
5343
6
157
3479
68
1
56
456
6
3
878
5634
125
15431
2372
307
2
704
105
5
3
5200
1893
6297
185
20
182
66
2434
115
34
8989
1949
2
705
10
5391
5882
69
19
5478
4047
901
366
1056
101
3
2
1329
392
690
16
24
18206
1927
199
5725
1
4
10
195
1
3
3393
18243
15
1
3
116
11
14342
1
22
34
12
9
2078
5
12278
226
8541
10
75
162
6
6
1
48
18
241
9489
18
1
1839
4277
1
35
21224
39
211
1
260
6
220
73
2928
8002
47
11118
60
46
1
73
231
256
2263
188
295
669
14
131
6
461
9
2
2045
3
66
2103
17809
215
3175
7649
1440
27
12229
1
5
140
587
80
35
13586
35
3
17
56
20
31
235
8099
5
5789
53
8346
81
3
10
4385
1265
224
7
18170
446
35
10
1382
5226
13450
869
5
1188
609
3
82
423
2
141
2000
6
20
2999
1390
10077
1335
191
2
5977
2762
7
591
579
679
5
378
7
168
212
10908
7
5
70
27
8
716
499
384
1
439
765
9585
66
54
1460
90
7
813
31
70
212
396
18970
8
141
16
411
1590
123
35
82
31
3777
11297
22
1
137
273
403
27
7875
8
9461
17702
7
8
1
34
146
4
8944
3
4
1313
2
3
1443
23
9
21
6503
25
31
1291
32
14750
5
33
12
47
3
16
2
8238
14618
1414
1280
5835
1450
9
15
15
2
1876
762
4096
274
59
169
5
16
783
3
70
1
5539
11
10
1835
4610
5353
2
9
6
164
4
6
2
318
9
17561
3
373
1508
54
3355
4496
886
16669
38
5
3592
1833
5169
2
53
15384
2346
210
17126
549
2
10375
1
14199
32
1
2
5
8
1158
21
659
379
1
5
165
5511
14
5818
3050
14869
441
158
214
12514
39
830
174
1733
229
4
8
22
27
1
55
1171
3122
384
10
4416
7
2
11
4
2
564
15
984
1
10458
628
5
8
1067
206
103
72
1308
20845
311
289
456
1
4
13424
125
4
11
2
7642
176
127
673
477
320
11
18538
2374
2614
401
8
540
4
21524
2948
2
1779
5041
1996
4
134
4
285
104
2588
1719
2
2
21
10
1968
10767
118
3826
8172
1038
241
21
21
42
26
190
63
1
35
30
13
5812
6
53
17
1813
3
10
2966
964
68
335
3610
1
105
100
5
4
32
9710
3
2
183
45
49
809
63
6
1476
2
4560
13861
72
8490
16619
52
10702
2
3560
2189
2
538
5
11
3
38
4976
75
46
1
377
101
2526
282
2
4
1445
1
4031
170
12022
3
7017
1488
54
1511
434
5
92
14256
1515
1235
18
1378
166
9
2288
40
18464
69
61
778
12
43
21
3500
3072
280
76
821
4
100
163
2
68
9
3266
1
13
11584
182
1916
598
1
1
8
2109
1001
5021
4780
27
6
197
490
3482
6
166
279
485
26
14
2
3
437
23
5247
11
95
16420
2
6
3639
5
4
4
6342
3
49
67
16
511
10
15
1017
1
1
4
347
2059
119
1401
1220
1604
367
140
53
9480
7906
246
9413
1857
182
46
44
158
3769
321
2010
1540
11
1117
2
58
5
4298
3531
2476
11
33
13118
165
469
414
33
695
9
4129
26
1121
111
25
2801
21
16956
4
18188
341
1782
17
297
1435
13
419
19
239
1534
407
811
6
779
159
9
10
2381
7
249
7
11
13875
1759
2159
5
346
9
7217
4756
109
2
879
511
4
7482
93
9691
111
904
2
425
9
1305
1066
4389
3262
1025
281
13
747
3309
7
794
36
21
4
33
2156
72
314
14735
115
288
287
1806
1327
8338
5
4076
3365
1
312
392
1
3
112
7
1
15
51
2196
3153
25
6
26
10810
12
7726
6648
3
6323
4150
5
3032
6001
6
423
3342
20026
1853
117
58
213
4142
3
42
19258
4809
3788
1007
101
12
3614
6
7
20
19
4
20
20
42
1
29
29
2
2511
147
1943
1
8855
5
69
3815
3
3256
198
1479
7460
932
93
8018
13
862
753
8
305
69
55
5
169
123
326
17
4
13
2124
2
20
96
928
4
15950
255
134
4
857
29
6278
1371
285
9662
11
5081
13
259
724
1195
14929
3654
376
1572
22
1
4
11
4
4242
8
8
3731
10897
351
8
4162
70
16871
99
4456
2
2
1
1
7820
1358
3140
1008
1
452
6
107
10974
31
698
1082
9
88
28
383
87
10
264
151
2479
120
3376
9
13
128
232
2
29
7053
21
7
100
3
733
787
29
15775
6209
6247
13026
55
21140
1707
121
4
10542
3
3
394
2
1048
5783
44
3845
13847
4
5
2
7
1293
38
613
9
9642
1
5
14
2724
53
2506
24
349
2821
191
6
2101
24
101
618
14765
5
8
8740
30
9
22
71
871
3
344
16
2384
951
1297
1
647
15
51
84
105
2
403
215
12241
4
49
1
16453
6348
8447
9
501
1030
7543
20
3
2154
169
3166
787
142
12
19
936
508
5
3
3
41
2884
98
1790
299
1
3008
25
5
623
2245
2
96
9245
6
285
1022
493
175
2
1318
460
32
772
45
65
19047
4158
7
1257
3796
6975
10
5311
977
19687
12143
709
107
7
1
2
3345
677
25
292
13
37
27
5742
24
2
208
8679
909
1170
1
19
2080
10088
13
14457
4
1828
27
2697
17109
16
7
17
2771
3
84
12
31
231
1108
28
2
2193
2659
958
80
82
69
7
9
3
21
6851
240
33
3687
16770
60
190
2
65
12
106
7319
53
2
3060
12
71
1131
10
570
2646
21055
13
6
8618
32
5
2095
936
16973
167
18
7565
16030
139
120
32
4
3
3563
12526
32
222
3
6
7
58
3
11
1016
3951
9
8247
180
49
25
1837
1
2
273
35
112
2295
6789
12615
9672
5
4234
204
2
1
108
1163
32
8473
3437
20005
14170
567
1
4204
3
449
2662
5
3302
16
148
2
12
191
4747
15633
16
14691
117
17
3207
145
7
2026
269
12
12552
2890
1098
357
3588
1817
2
2309
11
16046
11
2362
4
3
5289
1
63
77
106
54
1
115
2
978
19
2
4
3
5995
85
36
53
4578
4
20534
9052
89
30
3434
7
6621
210
2496
1791
13
1
20
2
3811
260
344
3
8
9
3643
4
3119
5
43
22
4956
8
88
3
15886
346
9937
7
80
6
1285
24
1241
3803
57
139
174
9
2334
11538
5
1057
417
6412
2
990
160
268
4043
47
3
1380
2
2
3243
278
13723
322
24
15649
644
26
926
14
15571
9779
128
11
16
24
78
15049
18
6775
1565
2
764
1
1093
2
4346
12167
9301
25
1104
74
802
48
7
3
2
2
717
16
3169
33
54
45
7505
517
10
11772
2
388
1405
18
76
16753
973
25
93
183
12
2
58
31
15
140
1053
1039
13
13
173
2
2542
2617
2562
2
5
2
4528
516
2
12180
2
1
12
60
77
6
8
12678
20513
157
149
12716
3
9025
1904
9
99
688
10952
29
263
72
2779
158
257
15
5
11
51
2
5
6
216
1010
9162
17041
3
10638
11998
2
8962
12119
1
248
3
171
34
4852
11
612
140
3
22
464
2
1535
48
822
10427
152
646
59
1478
8705
8
2
5657
1
80
42
19
1
552
5760
3
3
340
33
12315
2640
3
3
130
39
50
19
1040
14
512
3
8388
4
91
253
390
1
1
12204
19826
11
11689
21246
202
7
152
884
2491
33
6885
1367
9
12
107
4403
29
3
8
46
11320
359
56
225
3420
404
1393
1742
12
3
421
6335
15261
34
417
60
9947
4
4
12
18
10875
84
2
138
352
1
405
832
1554
2
246
335
124
71
67
938
1109
4
10
897
6
367
14
852
2
11
1738
80
25
109
16387
267
29
9
20431
16519
7
22004
5
10098
25
19667
9217
6080
4
151
8
27
17
2544
3246
1
2
44
3
5
76
11736
4
61
941
9997
3
2
8255
26
91
2
37
5237
3535
1
25
3
633
7408
9
12489
168
8584
13144
59
12451
339
17
89
24
337
3
14
17596
27
13
3299
588
355
250
2
13833
12
5263
7867
25
21938
1
2
1094
216
1614
13987
43
244
78
415
14
5
12155
3
683
2
57
572
5071
11561
11724
5
3103
107
3
655
820
628
20
82
8430
1
2
8363
14
3
290
18
72
23
1484
22
6
10
43
13
112
12
1005
2972
4412
188
2
1408
118
4
11
5561
98
30
7978
2
2519
14099
41
2
137
1362
8355
11051
942
6
10
113
23
1
2
311
2
7046
6013
193
17
334
31
230
4
18
26
10
118
541
2
44
744
433
969
2
1574
2
748
393
1
46
17685
505
3
431
1
9199
5210
3396
3
3
17
51
128
12094
7930
12974
1
3
550
17
5777
10271
19
23
684
905
1
16
2925
29
5640
183
5628
2457
185
218
9226
60
1296
4643
74
8
1
1
2122
66
17178
1
8
1
112
15696
53
435
10027
4376
13
3
720
1
1110
144
47
5
3
366
194
27
79
99
3
474
294
1463
1497
23
4350
1263
1961
4
21720
19510
170
2
250
2
9
3379
2813
15
14
1
968
8636
16355
4
124
569
17881
179
1
73
1097
1974
175
5
2
476
974
19219
14
3632
1
9
28
12107
11469
9
2
3
126
360
7588
1031
39
6
4035
19
859
93
4
4183
4
3
400
2694
1194
1375
594
2
2751
279
10
4
2
19628
7117
169
350
38
5606
5971
1
21960
11
10302
244
73
2
7095
2
7131
315
6
3005
16
1576
2
98
81
46
8
7573
7851
1475
3026
1228
5
203
2
357
2033
3
19
3
26
1
2881
557
970
118
6166
24
205
13
2459
1
34
2
329
6
117
462
172
1770
11713
7
552
5
16
9
255
26
20
1357
66
610
11
162
47
1221
1
265
15
147
14371
29
768
205
2611
176
5117
28
3
6634
2
56
9423
5
6148
1
8
4
1694
10
5
2683
19
6038
66
1543
5794
12
8
2565
3
2086
3
665
389
9838
7
160
23
72
7703
19
14313
285
2494
56
347
838
7145
61
10
54
7
3
15446
1629
35
21
3172
6
2016
6
1
1
369
3
21203
385
154
366
3
1165
481
14486
6
840
4
115
535
2
1
1219
3475
414
599
19
207
159
1
10148
148
46
2
16
14
198
5578
1
5
15
10500
4055
1
3842
2014
9
7
223
2
3
19374
395
5316
6
4
27
207
1660
8405
320
8
9080
5
5
3115
3
20
485
5912
694
7430
75
10864
3
52
1652
4
1692
292
61
1730
3955
9153
3991
9208
4
2
803
996
326
4465
663
3
3
934
60
27
46
16
5046
33
14662
298
88
101
42
111
2169
2975
2
217
103
28
1
28
20
3861
9
20
16
23
223
10395
2
38
62
739
2074
3
3
228
4620
427
3668
16586
2
86
2
16939
10
5369
11
6329
30
25
3
9
426
2
12364
87
1172
19181
1
11
2
11
447
12401
4
1346
557
63
8
617
376
75
17917
14515
9
722
1933
297
829
14
3865
106
3
766
17899
19
13
37
20
316
3735
6782
250
1763
2
6
2
10448
320
68
2996
17579
84
169
35
1
2
3884
1
189
11
3
11196
4601
3
1493
605
10
20288
321
2486
1998
11515
21
3
9720
10670
9043
1147
36
2329
5
4
2135
133
21568
9527
3335
7843
3
12426
2
5
6216
26
710
363
5
69
520
74
4847
18762
8864
1744
5870
8
144
3
3599
20
2267
2
12
5011
2
49
17386
8
1
7796
6086
119
8
72
55
11
4624
1462
18743
20
441
61
3
1731
1
68
19
11
15
1737
7
170
21763
22
1982
268
50
2
266
17
52
1275
161
45
15109
1274
27
372
1071
9
20950
120
88
586
16
143
1352
1608
14
2
4597
159
5829
3
2028
13
3
1
3807
465
11
980
1185
16
4657
3
5
546
1
839
1970
109
2
4023
394
4
17738
5036
1432
24
2422
25
14
2
5
608
3
486
6191
152
12192
115
36
19335
1
338
6
155
333
45
8758
10406
388
3182
66
1687
9575
71
9
363
34
88
265
9518
1
1964
20699
5
23
837
163
36
17863
6135
48
4200
4
5
1304
1
111
1906
20411
129
1
2936
3705
2
187
20493
13518
15
86
73
4
124
3
50
135
269
8
296
74
7088
6361
20
252
1
550
5
2735
10521
55
8456
39
91
1002
1
2
1
989
1846
1490
5242
1295
7
25
1829
6141
34
57
3
792
1925
143
2
1151
3
170
15307
2
4381
20
122
2627
2
16
46
1
3282
236
2
113
15
415
14
43
127
8
23
98
1029
100
5164
179
19316
49
4946
4
13559
1
700
19
3
20803
27
6
2870
330
187
135
7
6
825
1
729
3
3
252
10
2
5
10490
891
17
331
1820
791
56
20637
1
52
57
756
14
14
4
679
5865
2
13
3
401
2
7490
352
276
1
368
546
10
10437
16078
5
9385
15
235
173
618
5583
364
11
9798
1213
25
11
9125
408
3
8575
14
1826
1
760
275
266
14
120
29
531
371
1523
714
2297
6386
142
7
6913
156
201
235
9749
1992
6
109
58
1
12
2
6892
237
42
1162
235
2
12
9
21785
9
2
2601
2664
14899
10963
1398
14
43
2
3
2619
6
5026
1579
1941
8524
562
71
16837
73
737
2396
1422
442
21
215
87
1
630
4492
455
3
1
35
3
71
1
17
2249
103
2207
39
937
8
15277
1
4
857
370
183
11619
7781
21
1
11
2
17
1206
3556
382
4
19
2
7
1
16602
125
988
1103
548
502
40
67
2
1878
71
381
45
1270
910
6681
14
63
1772
509
4117
1004
4685
11
873
3
194
5
92
171
24
665
16922
14399
3621
6803
1
538
390
507
4
1
3
6989
1
1
11938
124
345
25
219
9604
4
5189
6
2
188
15
9263
1
17989
24
14472
2
17935
5
422
744
5195
329
18
4
151
11
14
7349
39
17
1658
20
2065
6
2365
247
76
5
10344
1
15838
8091
24
3
2
2430
1330
2957
6
2231
15064
4443
12
2
4354
197
18650
1
1
709
1298
8
143
2283
793
6
3
19589
27
4
33
22
788
2200
122
56
427
816
5
11748
89
15
1
3081
18390
44
12909
4901
73
2
71
14632
262
61
9
7
4
4
95
386
75
6
12265
424
9858
644
985
2
29
1
134
8
10210
458
3063
1800
11
74
338
2686
5
46
131
5847
86
5942
495
11
8653
240
9
15934
9
51
605
6920
140
2
303
3
2070
4
444
8688
2654
959
1
278
23
7275
1207
1112
16
32
1593
13170
2832
3857
6535
70
87
2
3106
2782
2
4
2
121
2
34
253
39
2417
6
7
2835
34
17368
2469
3830
3047
3628
691
239
11926
18
14128
2887
2051
25
11
3
243
3919
27
18
445
7400
1680
697
7
2
4565
83
206
1
3876
370
1372
1947
102
136
7
3289
596
292
18
1356
6
13
3912
519
1914
1176
4394
38
13973
25
6
2609
110
15
3
7
15415
34
523
10778
4896
47
22
2
28
39
5
9
6857
4092
2807
16888
52
4
979
262
6
100
17
290
2
1410
5859
61
9
358
331
234
309
13343
35
864
2504
7152
18007
104
41
10574
15
913
178
12
11
1
4
3
2191
90
3201
1
141
277
2765
565
17007
19491
3017
10
69
41
2401
127
12806
2236
2
2575
939
5645
107
43
16289
7102
784
604
258
191
150
7261
9
2
28
1447
39
8
8288
664
271
2
201
3657
553
110
100
1070
1
119
4
2
6
410
741
7
3
6129
342
32
1653
887
10886
4447
2
13764
58
35
45
6316
13
4
24
1520
111
1551
6561
327
6529
41
1138
3
4742
1529
6111
140
42
10
626
3939
699
3
8
1955
291
1889
3468
184
20
323
4
1922
801
1319
3023
89
1091
35
13250
2
40
126
81
2318
881
87
5127
5
8107
47
1142
21633
2
785
3
6588
5
4
333
7
8
16
826
1902
38
12665
1046
14299
14
11
9556
3
1
16
5
16322
151
2
18
649
2841
54
5
1
171
4634
1434
63
16552
2
27
26
3
3896
2150
9
8
1
528
6253
350
14
13000
6
30
3
512
4
827
239
478
3
24
94
30
65
39
92
31
79
128
16
7452
693
1
2549
7512
11174
1
13
1
104
3578
84
122
2
371
11185
2
7773
17
9740
1788
3514
91
10627
7
2
24
2
2
7634
6197
9730
4
6661
268
14414
19238
43
153
33
794
2
8
11
3646
79
404
50
176
1
2630
410
463
1289
9007
343
2
19707
8181
4
3
228
167
200
2120
2
19471
78
523
8793
12
28
37
22
2
2
18280
3698
5332
9366
247
59
21
5731
1246
1705
3
40
14839
2849
2
5148
38
1192
295
23
129
73
3322
1582
6367
23
15
244
5708
32
12
15602
44
15079
5102
2
16
36
286
16
2
163
40
3
1632
30
2
270
491
142
1
243
209
877
769
40
26
18079
15
2678
354
12
1
391
2
8
7445
1620
4785
19
13491
354
16224
5
20866
19296
4121
5556
24
6
3444
120
2
2
414
20554
924
28
15617
13
21097
137
1665
3
525
2
135
139
5
6
138
657
306
19200
189
226
2
4980
10930
9957
61
176
307
1
10220
3451
20575
8
4
13
4
17144
3011
516
12439
26
372
2082
2
3967
6105
517
50
28
245
2172
11343
19123
6438
113
1
2852
11
1119
504
409
14
953
1885
946
1
1
15
3570
185
443
2
1518
13
195
24
1292
178
31
58
239
36
712
1
5
99
89
9089
99
58
36
194
6601
4179
211
332
19786
18
21
18025
137
6380
5
3
6555
11
117
819
759
994
2
8397
203
3
2024
136
8
16
13
1
5
750
1279
8
30
6056
24
13600
17
21894
1009
1
9282
1050
82
30
87
3389
2
125
1379
1541
3227
13303
203
2
2
7210
3
9
8
13
11795
80
476
4328
706
8115
1549
2
3
5853
11
1321
6
4072
1
45
376
18556
