90
3
776
28
21565
13
1
10
1690
12239
789
5
20562
8
2
12369
16
14
26
5591
10779
144
2226
78
2514
19
752
436
3
7
2
12
3
500
3
2
1
213
1991
694
7520
8405
182
6
13751
20671
2156
4
464
26
13971
1629
1
536
7846
41
3
3779
2541
1089
10
22
831
13
10951
2
64
12836
108
27
2261
6215
9
71
115
5
2
2527
31
455
4
4
16
93
11305
233
7
8
27
72
10894
3
4
717
5802
83
154
1
669
31
268
272
117
1889
5864
1
858
5
4157
86
3417
8
11425
764
6085
17084
2
140
1
188
1095
2
2
1017
17542
21451
52
1
331
165
4070
178
46
81
96
21
801
1791
18992
10
129
296
1
915
5
57
4383
1
19093
939
1
5
97
5
26
592
3700
67
18
3942
5833
10
382
7681
7
324
9
14730
2885
33
9645
49
3739
7
4453
673
1763
175
44
1
396
1496
9
1
1782
7
5
2
416
1044
2
5275
14422
9
11983
295
195
67
1603
59
124
17
4
3435
54
2167
29
15206
12304
34
96
3
18594
12701
438
1
434
2023
16289
70
14653
59
954
31
1553
94
16118
52
192
2297
109
814
82
6
9903
2
6053
2795
12904
2
19194
110
49
3074
7095
8956
1
53
1
1173
117
25
8722
351
1899
40
3
398
35
102
212
6694
8
574
240
1033
6
8676
5359
43
1
47
2422
452
2
15
80
2
1167
4
68
3
1849
47
411
20891
1745
333
1006
63
119
3
199
18496
3546
2
495
38
482
54
519
409
8228
4
203
120
34
1
34
565
135
1754
4
8861
1
11068
4695
63
171
13111
2359
54
516
3
299
190
2
4
169
22
625
15
2869
1
2595
485
189
462
2679
4
450
2
6
24
4
142
3
311
16
2
12
170
1
698
21
8630
3661
1465
5
11486
7208
41
14
4
5
164
59
11
1022
14
51
97
8
2
15
596
14045
73
2
236
5303
151
5926
1230
87
19
5
1457
3860
11919
2
7560
3
2273
16
474
42
3880
10
7
547
14
74
2
155
29
23
4924
3
1
230
285
10
61
655
18
14809
12567
2397
327
3
202
46
12
6
4596
158
17
183
219
92
253
4
16
479
872
298
2
539
15
114
374
3
618
1
18
27
275
81
2
223
11
137
16904
56
19709
19
100
4846
1
1179
14575
1038
2
3190
238
3
810
3363
5
21679
6
2056
23
1970
290
3
5416
728
25
3140
5
104
6315
9
32
1646
2045
93
125
114
5029
336
1717
24
4
13
185
319
293
17
3901
26
8
314
76
251
21
1810
1
1107
571
2111
934
15
4
38
5621
1224
220
10
62
2501
342
1154
5
4201
3156
1
3
3293
4
2448
322
84
13
2
514
6
12
91
148
206
2
2
8
25
326
1011
15
2915
4048
1397
32
17
5
2202
45
6450
12
33
31
2
9956
1028
321
146
39
8
107
13042
224
309
5
30
684
317
6801
372
6021
57
6
10722
13678
12
6
3
4500
5680
1
11186
9443
2978
2
5445
4
231
20
37
115
4135
19
18892
25
638
3
2
17
19814
21225
16376
316
8
18301
15864
4524
7
16994
9594
8449
5
14966
641
3
2
3
21
1211
2078
18
312
964
8
101
6946
105
23
3
1217
65
197
1318
1611
3276
41
7247
891
1
1263
11
34
1
14120
30
37
307
2
2285
768
75
3603
107
562
10497
1620
1637
19605
1569
2249
217
7722
3010
1
2736
3
45
22027
1
3839
9
1699
2765
3042
334
242
5532
11608
281
11127
1869
84
17
98
17918
61
5561
12
7133
2
118
258
265
6
522
910
28
160
583
477
14
15614
2
4872
50
16
24
191
5388
9
11
68
17175
29
10
14887
18108
19501
1545
10062
3984
4223
854
127
47
2310
1419
5895
2
9196
7
77
306
863
2334
101
760
6
3799
13
1879
9
11
4
3565
2
1929
1528
1161
9
370
10332
150
29
10223
2650
1124
12501
91
225
4
691
2347
5503
18
209
20781
105
21910
7363
1
5
138
1136
40
577
1427
18
173
66
3641
8
136
527
16
8
167
111
109
139
19
3472
6837
4572
2
24
3
2191
66
20
376
61
1
1
1101
102
232
13
2
17
3
45
9003
36
3090
10277
4745
6
7
42
949
2
245
1481
19919
261
6150
2900
21
736
20
41
1072
4
282
721
6248
2554
15126
48
1520
1839
1404
17
4
15
403
14
3
49
25
628
3490
3622
394
5989
1981
32
120
2
81
2
1
3719
1
5650
77
1
2
21113
4720
2
1
5
1148
9393
818
2002
6
11
7
154
11732
7441
1382
756
380
1672
4
338
15697
301
21338
1412
15287
99
22
64
2
11670
5741
35
386
1192
4
9
2581
7887
12769
4
10665
2568
355
24
14498
14
89
13392
2
60
1
840
4950
1773
187
2
18
2
25
74
186
9
10
2
1332
132
1708
172
4
7
3
7057
130
9245
29
44
18
42
3
353
905
18013
264
4
6623
2
17823
1
25
5056
22
48
1256
211
61
3
6484
1
15
72
6
662
12634
8056
1
2
4
1
16
413
12
13534
5
944
74
4
7641
895
14270
9
881
5958
243
429
793
2145
2487
20
877
7763
3527
2
208
15046
79
14
608
3759
94
2
16203
23
400
69
5771
111
407
23
797
541
1
556
2
249
748
21
39
1130
975
530
1
271
51
8494
177
12
35
259
2
3224
2372
90
152
75
1663
6
2994
392
159
304
1304
48
1277
13181
13
10442
1353
2
602
9
8
18693
73
153
12
147
64
1
11365
3399
1
5
8
11
42
3328
50
1
4476
4770
122
262
1290
3310
6117
5137
431
161
150
2322
36
11
1
291
9
2
1
2
15368
10
288
47
5
6
985
4
3454
16
2133
2
54
11010
35
5192
7
472
184
7600
2636
141
7971
2
80
10115
457
2
55
30
329
3
140
929
586
24
1368
8815
12435
8539
5
780
14346
21
3509
19
553
2384
836
645
3
20025
2609
505
3
55
4
2
6658
32
9099
3
266
11
6519
1
12
9343
709
14
1
122
1237
38
4645
1055
28
487
8014
15449
8142
254
2665
687
2
149
121
6
4
666
2
1830
6
26
5
37
26
1
124
1360
9696
2
1270
2100
440
198
70
13
16
2824
2
218
418
214
533
13
18
3
2
15531
995
6553
30
11
1801
605
1001
3025
9851
2
287
1
10
3
589
2
827
18
21
845
805
525
18398
2750
179
886
849
18
13251
8360
5
1
4
4
469
2962
1389
250
3
6416
349
20
15
5
5219
4
88
13
58
706
8
460
68
2
2122
98
235
1142
20
56
18792
159
12
7929
146
1
10836
4179
12
257
128
14
10
8
1375
448
14
384
744
1
368
5711
131
3207
659
8
7
2089
8
3
3
33
1960
157
4
79
69
1
9
13897
1066
28
27
6
246
2780
3
405
1726
7
3
103
5331
19
269
16726
27
26
3
3
78
95
7402
7481
1473
37
46
55
3
6910
2
156
4406
420
11
210
5110
11
1919
5
20
28
193
1504
8316
702
123
8
2854
2809
22
31
740
498
2707
2013
5
11794
92
378
22
784
3
10
3
1
29
17266
21
7
7
1655
4
7
6
40
4898
108
8
228
133
2931
1
13463
16815
3
19
53
35
58
23
4
732
12174
71
2
4091
16
88
2
3680
1
550
5474
7285
1
13824
4314
57
1250
9
713
10609
176
427
69
14
3
1561
20453
15
4
106
62
6
130
3
2
11856
17358
8272
4113
1112
7
11
1820
17
196
15948
126
302
445
1536
10
2
4821
3
6
255
867
2034
2
7
45
145
4429
980
4
278
100
45
2
5
36
621
21002
24
2067
5
4291
1
823
173
6348
13
13
4
27
7324
1
35
6
241
66
82
1450
508
76
10
2237
6
30
4
568
135
11547
83
126
2623
9294
10
1243
1049
17
924
13321
1950
1735
599
12110
4548
2461
511
23
1512
279
3123
635
631
63
8768
4
201
2
2693
17450
4359
1325
2722
503
3
276
40
3
1939
9
44
17
16550
580
12
44
6
6
343
9
366
168
85
11
3107
4
22
364
1
43
18205
1434
7
132
3381
2410
33
19
112
5
40
194
16638
67
772
1118
6
27
8185
3584
3258
50
7
7
648
143
3
216
3819
1578
29
6
1586
6588
13606
492
9799
612
19296
39
900
7
43
2946
4027
39
39
4005
52
12973
2
6729
36
2
4795
13
919
204
2
2
340
345
76
10
72
53
16463
3
78
207
17729
7
1346
11245
16033
24
1185
8584
33
20131
559
7804
19
4
85
104
6183
3173
112
87
3
14195
1859
4621
5
34
8
9147
2474
1
284
6282
7
2
134
6382
680
615
652
1
2
959
1
32
2
180
181
7
7020
10553
4
10169
51
2
2
424
1
360
21795
49
1083
5
9747
422
32
725
3
676
7
36
14
3058
1909
60
3
490
3921
1442
356
8908
362
20
6983
226
6
2
2
390
174
166
1311
9
1
128
60
38
247
347
89
1681
1
65
237
1488
11
11
22
1
1
86
5
2435
119
7170
2
969
46
2
84
14
2
6
48
1204
165
8
5
23
200
137
15
28
2
1339
3
90
5083
1
2179
443
56
4
12
56
4268
38
3
990
5247
10009
3
3963
3241
5
3
5
8
3
52
37
358
116
162
6765
12046
274
10
4
2
3346
11
10
15
58
9493
1
388
1283
221
4670
16
20
8099
5003
1061
13
9543
467
19399
2
6873
2
6
71
43
33
163
1198
4246
20345
1594
2839
1
95
15780
8
42
17635
1078
22
2
143
9
10387
103
544
4976
31
51
20238
30
1297
9051
1
5164
5
113
62
26
9
4336
227
12
5
2214
4
