26
18
12865
57
7657
1
861
1
15
6547
3
21
15
2563
1412
2
13
11553
2637
38
8
159
130
324
3
41
4
6140
1362
1078
15
25
1013
14849
1540
58
4202
146
252
56
2213
2
808
1217
3
6
483
2272
1968
1655
417
2337
200
48
30
1251
1240
614
4
93
4
691
2854
1
325
416
2558
2
122
2
1309
5401
34
84
20
4
972
9
104
5290
45
124
806
2520
6106
78
1709
5065
1
57
4540
3956
22
1
109
16
2
13135
285
6773
110
53
12841
1
154
550
9
9
4339
6187
3
9
8543
3
19521
2107
97
119
89
5473
18000
161
72
423
3
2713
85
4688
14
30
40
1976
30
13360
23
16660
13
16441
5
1748
6003
4
10336
24
414
118
7
39
9639
114
2844
6222
70
5172
63
281
39
61
10
69
2607
47
148
2632
242
2
50
20081
3838
7
7
13
2445
10835
534
14
46
143
559
169
34
194
1176
1
5
203
9
522
30
21533
4
782
20
2780
3
15018
7585
28
1342
271
48
4
18412
18239
12066
2
247
6
2
9370
42
18
4455
2
9459
17
11
327
1
481
2593
931
60
36
2775
2
1228
8
1
15
399
6
19
609
138
132
1455
33
1
3143
4
1
46
1339
1661
184
146
12020
763
202
180
1
3061
4489
12
1
76
503
138
47
42
11
10673
106
27
2
5350
5
4124
3919
1076
384
21
33
4
17
4878
520
12088
3
345
632
2487
180
2
2
917
1832
24
31
21
2
8
9
31
2
19
13
4
5
2
18905
149
7
361
1028
5792
2865
3467
33
3
2812
210
6
1
1
17106
23
1368
269
1608
21
742
6
3
9
130
7
22
2
4
21
3
7472
2
452
11167
1506
7209
21
10
188
9
1
166
37
18
575
1
2
221
4
2
5
8
1
14
3
3696
2617
8073
79
11
103
3090
5
10
7458
2135
6
23
20
47
15684
35
11707
18587
1480
82
14
60
4031
283
4
5504
162
10181
1818
411
365
49
66
1
5
39
79
51
2
1
1
367
10297
735
27
5411
208
2
289
511
6
3875
1564
2
3
433
8640
195
20
1
1764
1758
167
686
5
11
309
1
20
62
5
8
2
17597
554
8
256
111
913
278
1702
31
39
2040
2525
73
25
4
825
1587
756
10856
12625
370
1
65
513
125
3607
210
241
11316
1
15449
6735
5
62
1380
152
663
40
2
3912
101
496
1054
142
14
298
6
267
5
22
3227
74
10533
3
3460
186
2
18
277
81
413
59
6317
2
2
5748
10162
8
224
32
9
1888
525
42
5
48
5683
196
779
1
10573
2718
311
506
1965
5
15
33
1529
102
981
989
487
22
3731
5300
467
10
12
9513
9
743
26
898
8118
233
3
5462
18
10979
27
1
2682
1210
2
5
18205
10
218
2
131
1352
12342
60
13
3067
397
95
103
253
13979
3
201
4147
1489
4583
4697
19
5880
47
1895
3
117
1
236
3
1425
19
5
3655
172
5
1874
10067
17
878
5802
339
1621
1150
3
7360
10
26
8705
4
13
63
179
41
182
33
1317
1404
53
134
173
14
2
83
443
394
34
6293
3
2
693
4
1555
3506
1642
1494
455
49
16013
2052
2087
6152
94
4
873
29
466
76
145
912
21
1
845
2
2021
24
90
42
10
216
43
768
1172
5716
2
3
35
1
51
3
2
18622
3753
9
443
2
1
133
1860
2
240
2992
20006
37
14
426
8
970
153
52
38
4896
261
13
200
485
10815
19
38
230
15
4
14164
11231
16
3084
3096
413
171
254
2
10
1447
15
606
29
2
6
4
18
118
2
1064
671
2501
40
64
9
8
199
2
7715
2036
4380
271
37
3853
12
4
63
78
1
15
34
58
104
1
653
7788
126
10
2
335
797
12157
15595
3
1388
12
8
3
1761
8415
3270
70
586
378
22
1011
107
15420
104
3
18
3
23
122
738
1032
7542
4609
9423
52
472
1693
3662
42
16535
1
2
4627
48
75
105
1543
33
1185
3245
15
3078
8088
5
11402
47
124
11
932
4
4
591
12
21
3
7557
14326
18692
2
167
627
11359
358
15
13
278
7
24
39
2
141
33
14681
51
5
19301
6413
941
77
58
5
460
63
217
53
16
2
2
18377
19632
3745
160
484
1798
91
2970
30
166
3882
1741
2
15189
10
94
1774
2
279
91
1154
5260
2095
82
208
21493
1728
10653
778
1247
5662
11
3282
497
36
29
85
5
70
1
2
4601
1017
18447
1
98
4961
70
46
10
124
24
11
282
10010
139
1420
29
22
16881
16
1
232
1
14
3
54
1019
504
15566
2
5270
598
128
5525
21820
10
390
15333
82
20736
2
2359
8
1
373
3
103
19
2
532
12
6
290
10
6461
3131
34
44
7
2931
894
3533
83
3
5641
679
12365
21
5
6
16503
48
3
518
21944
1
1503
2
31
209
16597
8
4
823
5824
3
2
60
2
25
3
51
469
4
25
64
5
1355
2796
98
2229
15654
6117
75
15275
36
8
5221
4
10
2
3
401
3
70
105
2
648
1
4850
799
8
2459
13
15743
3
1207
33
812
39
623
762
528
142
29
326
5
1383
12
305
1196
7
1664
2
833
7
388
55
13
25
2
11
2568
2
28
4389
692
1261
2
55
6
3
296
13110
29
71
4077
63
2
425
18
4132
228
173
315
3971
22
2
358
34
143
113
7672
5992
9916
24
6
2
320
170
2
4760
458
712
9
9335
114
809
3408
1128
117
20
17170
17399
13
581
7
58
556
7
28
25
77
101
330
52
866
20
9282
2
2806
19706
285
19
13
1846
9
3831
135
19595
362
1431
149
19012
112
5
33
966
175
90
462
5
16
4805
165
404
992
19855
2
184
1630
6
127
332
7907
3009
492
39
9
1648
10
201
7
177
6
568
16913
8
23
14
10317
711
340
18869
1
5567
6
11
349
78
87
844
11729
10693
4234
6
7
1
454
7
209
44
457
422
976
2200
40
360
5
1
22
9
6
61
146
1
20
8
8399
512
8
5
22
82
4
14
97
306
1
122
17235
17
580
9178
393
15
8905
344
4549
13
13209
42
22
14
6622
5320
57
538
2324
3
2115
6609
3
9
10
29
544
3703
22
558
2
49
17
12
14905
508
10
2103
147
4653
83
16
120
128
1
4
12
13410
37
41
5
37
1278
5913
36
13
11840
8320
3
1178
4769
1931
20503
265
18
1230
27
3155
27
3
1
237
5
12
9
23
8
308
356
17
26
2333
871
239
6353
5
9
15
13692
66
38
4001
19
3276
19484
13
12889
2692
1
3
6799
1677
2450
54
6
3172
130
8
6
3
20044
15
222
2
2246
19084
243
194
10
203
38
1
104
27
15246
547
3738
587
605
1
158
8
122
4
4733
51
86
65
7
1651
2
803
3
6
22
2
42
7
36
1
392
57
5935
98
17
73
4
212
15713
15
238
7
60
664
456
1
1249
2602
12
176
7
840
31
260
301
13666
3389
7443
11773
6
9
336
30
6
48
13
5
7892
8
2515
1066
2
21171
1520
39
135
30
198
2
2
645
19893
906
319
1
138
238
3
1
4
4218
2981
6647
1266
6
7
3
61
730
257
105
80
2
6164
1633
6748
3559
77
9567
1928
4274
7
910
322
92
23
478
73
78
17
2413
703
6
2
2
158
2838
357
6876
1
13284
3383
4715
7332
3043
18
344
402
14
1046
18
2544
1781
1137
1
4557
78
21
1
539
18274
200
2
83
3
1285
10795
127
379
790
3
2
27
88
1314
656
2
10474
137
19
55
1212
2
9860
3
49
6
4
852
13563
3486
2
2
135
6048
102
741
3
1143
2
3
52
16
35
1101
27
5310
286
15
2
79
9230
185
141
1
3441
391
247
137
193
299
14
7
8
194
3
7
2
136
5240
6
8
126
8
2306
437
97
55
317
3627
4971
15625
51
2
493
2056
6
2017
6
7818
236
19
2346
1145
2728
45
3
6812
588
9
3
476
5
7168
1946
5
4093
72
2293
438
3
2
850
3447
43
4282
17009
9477
53
8854
2914
22
307
69
7571
21
12
26
156
427
651
2233
3
3890
5
4
246
71
227
19338
1254
172
4
114
7
84
537
1111
44
2
226
229
26
3614
4
80
129
9
2
521
1486
4
1618
1754
20348
952
59
4
11
276
1
510
162
10
24
1237
11273
4742
19
1567
1130
746
151
4814
13537
8
8888
16
260
21
8012
739
45
1
4
11907
6037
3294
1088
36
5
114
10124
34
17498
3178
43
9
49
4532
229
13335
13874
3190
24
448
1
8
324
150
7
354
732
1124
4
57
717
10713
2
17
1203
147
17797
983
719
9
8656
5452
16164
6584
6
14005
2029
11
5
281
116
1738
2071
775
1097
93
13847
4
12459
56
212
66
75
87
4
13
5
115
178
13769
59
6
23
11021
956
189
195
3
9
13
39
865
34
6
31
19048
373
1
2
3774
63
1040
157
7
7
7614
1718
4242
3434
19743
17432
374
4356
12648
70
26
1
3
5
14737
245
117
3032
13
20
10
2
16104
7
15046
3846
6269
4016
3
129
502
2
251
562
75
20933
36
19
62
842
8
50
6329
7222
11
16
1
34
2151
4
2
1725
12
14
197
4085
7034
20
6994
106
32
3
1107
10105
4
2
856
73
1924
16628
16
112
1906
8
1
460
5
4
7500
3345
1038
450
2790
10
3
4
1
4364
27
922
11
4
42
178
190
7114
5
248
2
77
68
3
35
68
20310
25
3
3
5371
18
501
9
27
11000
6889
608
268
10917
5
1849
820
446
1
7318
2
13926
434
1163
2
40
320
9657
6
171
265
10
14654
4
25
5123
467
1514
187
312
1
26
11
2
11685
3
14
183
10493
8
7997
1
3257
4
936
2964
20
1283
30
8689
449
8
15892
2
1
14407
291
41
294
6572
9786
2
4
745
7
2764
2
58
5046
20
167
223
1
9897
1401
269
5
13
26
1050
381
855
5630
40
6
207
138
2887
18
4
7181
14544
13821
188
7291
352
6685
19
3107
3
376
17966
6597
9074
4047
3781
752
5008
4
12
9
335
1615
2192
152
1950
5577
1
2400
19
3
7074
314
113
18
2
71
220
2
13085
12
6
1842
79
551
6026
8591
35
771
3
8
96
1
297
232
7
2
318
2217
21291
20893
9
3
241
32
19
553
119
279
1198
274
1511
2464
7
1552
2315
8494
1152
1103
13
20775
17
133
18
2
12914
56
3
2
31
12
300
1
3
26
363
17932
247
116
103
1174
14961
26
168
1
647
12553
2
91
4823
218
81
287
8180
831
6365
386
1373
548
66
395
14
1072
2
977
11
21
5
601
641
650
22
713
37
8
3600
15478
22
2
3209
11
2
11
965
126
216
7021
105
2091
836
1
1
39
48
95
170
297
1939
4
1
696
165
3648
4
1070
8226
784
3994
312
2627
5231
65
19156
113
3
1439
76
4
81
8447
7
17663
8755
1327
34
751
20195
6786
33
10
207
205
1712
4575
15304
3949
6915
24
4
5162
403
1394
387
91
811
18034
1466
2
2
67
8
43
2657
13
339
9
108
331
1244
4062
445
31
561
1235
4
526
14
7
1987
1
1778
3897
3
18551
20
3941
183
3
1
3395
1998
32
150
5
41
7429
1
14353
1829
68
10
171
1378
3
515
3
40
6498
6
11885
71
2785
683
5
900
23
4751
64
193
41
915
688
244
264
16
3493
9767
2
50
1375
7
4
174
6
249
2759
1
8211
10553
9878
18
2947
6
701
1444
15
1
570
15074
11818
112
474
839
3795
1062
769
116
20854
447
206
4290
11337
12389
10
3
189
1030
1
4
8738
1
2079
5250
4943
219
2672
13
282
891
45
4039
523
1021
5
10434
2381
1
208
888
3
134
11
5737
5133
4439
198
190
46
11
583
2
2
3566
3593
169
2
5113
5
40
1
7195
8
3
88
92
30
9
9749
410
78
4
2454
8
38
990
4778
874
3
2
264
3
2549
943
5
7
4
330
1
723
4194
6
5094
22
1
13
1983
8
23
121
600
8
356
71
2
514
9
22
7236
12
6
2143
1878
37
490
7346
397
65
65
4
1
1994
162
2404
57
1590
7730
596
186
7
549
11
2
1
11
1
2048
270
4
1
270
113
85
7
1
68
1
8
4299
350
4171
364
1
21985
1
4796
109
286
1
32
425
10
1478
246
6234
6
30
1991
114
1201
48
16691
2
20
16850
71
4323
1
9006
7
13795
83
22
3
4
1044
28
11
94
230
1
2822
117
98
533
19669
129
2280
175
132
2
66
1
359
10
17531
21
494
2
10414
14
7
5
163
35
309
124
1004
4
4179
16195
60
181
2422
20541
546
119
154
2441
9694
295
225
1605
15
527
661
15
56
2
1
16
759
3364
10201
2
111
8955
1768
1
2511
12272
1409
56
11975
1
7007
391
1558
19
1913
8
18482
67
125
3473
433
8871
7
728
50
322
51
1
21902
12412
7862
27
31
248
436
21012
3026
4
560
110
1
736
2
3233
41
5
4
3
2
167
5673
76
1214
1483
1
10
498
144
673
42
475
213
13385
2
4
42
23
675
2
12
57
4498
190
1442
43
505
1312
9585
10
81
5514
205
7
14877
25
669
4
12
89
6510
2221
16
3326
4506
7
21861
424
3
6129
3
11862
123
1386
12
7
2468
14709
658
23
8149
6
2204
3934
327
46
164
21452
17
93
17
234
11
8
1
3675
4
57
96
1052
4
145
12530
1492
2936
150
2
9935
108
67
8989
14
4139
2242
9160
156
791
1546
13512
624
5027
19229
3313
34
837
7
5
5
4
1794
2
822
11952
4
979
1680
120
210
2
69
19558
453
7060
1192
27
121
5
47
6060
14821
125
88
21
140
2953
1801
141
1
1450
853
206
11619
45
7759
3137
1731
1
20
14626
5
186
1322
1751
4
16379
883
1271
3
36
4372
5947
1007
14
36
2
120
2
221
5
1979
6
4009
280
45
8722
11575
1
368
9
2
16
11210
36
1599
1156
62
37
748
2
11
11063
65
20580
13
109
3
13061
4414
410
968
14
11
68
30
1584
10734
18343
9352
2
11295
68
28
868
13
2
1673
211
130
2099
12506
787
5
11
3
1
139
396
16073
3553
94
14434
3
1086
2920
3
1942
8
5
1972
17203
30
3015
41
7744
10
125
7
149
100
3767
296
333
1921
38
8
945
10
2743
53
617
14085
974
46
4
1
92
26
2
2
302
4
106
15
3
1784
28
1
17864
23
11
2
12720
19265
12696
145
11663
2898
28
24
4
18
5
19120
64
150
2
1187
7982
8
4250
7922
16945
66
1
1
6
3
80
7686
2
191
2431
3689
6
377
1
47
4481
102
815
1
2025
214
12
250
12672
30
18068
1
51
3
8
12
381
15391
4
649
573
275
998
14299
687
903
29
8
16
12577
6
27
535
920
4
654
10
13
99
1305
26
555
1034
625
479
191
7
6
19
10754
4348
50
1095
16
15
4
4906
303
25
2341
35
418
123
3307
6
14
2
4
28
996
1811
1509
863
21697
2
58
699
6523
5
2
10
10
14
165
5
1332
1
7
32
9621
1
8462
9
2
316
4024
92
11488
26
234
18170
132
2
7127
26
2155
182
3
1
1
788
44
346
1602
2
19
12601
27
368
24
415
41
13
6
12
406
7
3
2
12
47
66
2188
18136
9
7
1365
43
151
31
9991
3
54
2
10
134
76
398
16
172
7952
89
2
1297
440
13
5
6560
18727
14933
9023
107
19448
7374
5
3072
51
1721
59
118
1
89
14571
5
6722
28
59
5
12
1099
2
2
16818
461
1
19
8
166
9823
4
14516
4
2285
66
3
1120
342
9531
42
2828
12987
9040
1689
8607
3421
337
4
1115
12249
17
4405
5360
2
8
704
6
56
753
3
2
119
3004
5
136
2
543
9
3
1
1
6981
3370
3500
23
705
2
18
1
179
110
185
2
240
18
28
1042
12
12792
3868
24
43
14
10375
45
2179
178
4
371
3
99
64
107
3
160
104
5142
301
40
442
15131
1
19930
18976
17
288
6305
2482
459
435
36
1686
8057
1523
6
407
96
8164
574
11125
886
2
90
8242
758
115
10029
4
91
7877
74
4
994
19
530
273
2642
1
1
3221
1961
18
17
20157
5
9
11
3
2925
5
19
293
11796
1500
2
677
215
31
5037
2
2147
12
3817
168
9091
24
49
19968
328
219
11423
1
19192
1
38
406
682
1
3119
2
245
23
25
1
128
1705
160
2
16
8788
2662
7
7
3184
141
72
181
429
4
448
6697
189
5651
3
18
41
858
6928
6942
74
21
1391
2
10
13900
62
15
9
6
496
15103
3
31
215
157
1
774
715
38
21
4
380
2
153
155
115
431
2
46
451
224
20
100
157
4258
17
10278
2373
96
283
21
60
1475
16472
30
10633
9972
48
249
12319
11
21211
1839
50
2
7628
29
155
2801
61
2
3580
1683
1015
176
4980
4566
107
1205
3215
22
1917
96
18308
3
29
8273
24
9712
3
72
115
175
2171
1082
229
4
40
7
12482
2386
5891
262
15952
7249
20619
347
2
70
88
139
313
69
17730
4
1434
80
2
6672
82
19
12
21656
16
9212
3
11445
7
293
3
254
776
4933
8027
5726
8922
2849
32
3
893
541
21
185
5421
1
53
13
314
20
1147
716
54
2
19
137
477
25
3
13952
16
10774
4671
91
17333
5
5
67
77
15
2
9495
519
3
292
604
10
14272
258
12134
1805
196
2
638
1561
13640
14765
3573
11751
1
2
29
2
37
2
8
5280
10
5211
33
44
495
338
227
5483
394
6
15
16134
13
148
684
342
5
57
6
1639
826
18
927
766
7
21091
6838
6
17
20658
3
39
7
78
8336
597
231
1
13614
1
6
700
217
3
1221
3203
721
56
24
8
1090
19781
9300
76
4592
55
92
48
7486
1670
11
3
1105
5
618
369
1645
1307
30
3415
2
33
24
2
32
16
6281
203
20464
237
18
10
13184
162
4
17074
2478
15
1910
2
180
46
1161
2
343
31
112
3197
12
3810
1526
192
1
350
32
346
18
25
1084
3
17
12
33
1295
9388
3
403
3
159
400
12435
1517
9
3
2
118
1169
639
11641
2
151
725
2
10086
20814
112
2
251
2
948
592
21
277
20972
2319
3
159
263
7803
11
6389
3113
817
5
25
13234
52
2677
81
659
17
7
2131
20
31
5
7643
334
2738
5
781
2
4924
1287
1
6
4618
83
2492
131
310
633
1300
7101
100
3454
1
6486
5201
5694
674
20
2
243
87
5
7
2
388
1
2723
2817
27
666
465
14
1744
20697
5
16786
908
1
1
2
1
316
2
2702
4
9
613
489
772
1226
13717
1113
557
14462
1357
11510
1903
76
2
250
1
1329
1347
1194
14793
4
1
1407
6
15
46
9
2
3
4952
81
7528
7277
29
3402
6210
21131
1863
68
88
814
545
34
1578
34
197
11380
6246
14191
86
292
3
11
2
14138
72
2
2276
2
7
2263
182
129
731
110
284
3
97
17268
34
18
74
131
299
163
42
1167
1319
2975
15160
4636
3
3149
2
24
13160
8
11597
142
12
1
75
519
51
3
35
75
11
52
4724
1935
3860
4472
4
28
2119
9
12295
16410
5085
15
409
8478
59
3546
4
5
18657
24
134
90
1074
29
25
2
60
4266
155
6014
7514
40
8
22
7401
6
3
136
1370
1183
2496
1027
2159
101
10048
43
21
2167
595
11252
536
491
602
11466
4
156
1
3
961
12
6341
2
636
21251
1549
18798
428
119
1302
25
31
44
86
6
1
9441
348
7415
847
1023
3
8938
637
101
1417
12
755
1
3055
16
2
1
655
12
749
5813
12
2139
263
4
13
13486
5
16
430
486
3
65
11
8383
7047
7
630
3682
68
6425
2355
1126
17898
6863
1
43
2
5340
303
21615
2259
4
4054
1
49
1
429
19374
1122
14218
4101
11
5
16348
63
765
9317
8
1885
13436
11
707
28
9549
19411
420
371
870
19
1242
7
11
15507
41
27
3301
4
18
16754
67
5958
32
44
102
1399
9
760
4
6710
61
85
214
109
2409
319
2881
1
8972
517
26
4187
3
9
50
10
52
37
8511
10258
110
58
571
54
21
1581
1292
1
896
14
4
199
372
21331
2
947
313
4
14111
3338
3519
12
177
1139
5
4
4
257
7
2
15
2255
1881
2473
540
58
3319
5381
117
879
10
12180
13
108
2833
2
5
1324
3
32
7
2578
796
2597
4
3
616
69
8103
1
21
6
2083
2667
8527
206
13743
9
43
82
22
55
8821
3
17
6
6
1696
84
1537
957
1350
4
3
642
2
62
4832
14
3332
3
2
19
925
3021
272
8575
10239
3
985
11
152
1273
225
2
159
2892
10959
123
2289
351
2
3641
12
2
9
2
88
100
4
2436
8
8
1
4990
4
1
9
13
255
84
16
103
5
2
59
5330
6
12
3586
20234
5442
174
3264
2163
470
6955
18
2
6474
611
6
26
16226
6535
5705
11
17
146
3634
16
29
805
2
1
108
1
142
13589
7
99
2588
8
304
14989
61
4841
9841
4331
6
13461
24
13309
22
291
6
105
709
3
275
7
10356
54
28
7
242
16
708
9804
90
59
400
1
3239
15982
1
2652
1
589
3
43
136
950
1667
17630
6
4869
2418
17697
1
5980
139
1180
1275
421
14
3
4108
12962
37
21372
26
383
7847
5
421
1080
1005
5619
49
184
5
9
1715
8673
4
69
19
11998
3
24
8
21412
1
2754
20
8
959
5
2
87
181
17
11
929
572
71
17564
35
12
111
6
221
61
216
860
382
6071
1189
884
1788
15
2
4
33
4226
13
10143
631
2
133
29
39
8351
1
569
10454
2
516
85
366
4070
192
10
4
2427
680
328
212
678
1280
8
10593
20387
16
15
2506
9676
567
2
6
161
35
1791
191
35
20119
89
578
3
3964
1
2554
10220
25
226
36
99
40
626
2
50
1
93
2
1636
14599
164
376
94
10
289
2
2
183
122
11
4
17
79
524
8431
202
1
4
53
2733
2123
4915
11083
276
26
7600
10897
10
2063
128
17
102
11146
18102
137
29
1
9406
18
79
2
3
161
1141
22
619
3
1
1
2942
364
17
23
2183
64
253
1497
2
14
23
800
3
7
3760
1
48
10
99
121
1596
5432
72
7141
5759
577
6
1
11
938
29
27
1
10
7304
5391
9953
133
305
2250
333
7388
1415
4210
1118
7
33
140
5018
51
144
603
10
15803
77
1219
1
111
1
8
2
143
2749
19
14
252
1
8
213
3
15
168
1461
14
1534
1836
412
10
901
2
6659
1
12111
20272
9730
484
47
582
52
2583
12
20
1
237
9
1472
12
28
1
140
177
310
12203
3480
3288
6
107
44
1344
121
104
14058
23
11
6
1
1
8
1
3049
7
6
612
12043
11
9
15773
131
2
918
18
211
2
563
21779
145
77
1036
3351
4447
5
44
499
500
50
2006
341
49
5152
38
19
16
41
13
152
1048
585
55
5869
1056
3
5
306
233
201
176
5
2059
86
3802
35
20
4
9109
17
4706
3
43
23
4464
4
473
16
28
28
2
228
1360
32
3166
53
17041
6175
95
256
634
665
204
6094
939
164
49
187
3357
2
64
5598
73
3979
905
14
235
3251
552
6902
62
53
6
3
924
1
1892
1109
37
13
11531
2530
819
1
52
405
1093
14
1256
2
45
2075
22027
2390
38
1458
6850
8
9247
6761
5
35
25
620
2175
6825
15362
268
2622
1263
3
15832
44
219
75
179
4679
1771
12
15862
610
6083
1000
13
18517
11
10395
259
17
3
1396
55
2238
934
417
2
80
441
8
3
2
1699
2
20
100
8367
4887
7087
12
3
2377
28
235
17764
2225
3824
7
7
2395
4
2
7967
5
18
2002
1
39
169
5846
7
9603
1
4662
5191
10
42
4
16977
163
2
144
37
1
153
1060
432
95
15
1
1
1871
99
6
2
98
126
21
54
566
32
79
18941
1531
1624
5969
49
8
954
531
475
17
266
54
193
14032
257
16
697
18763
337
3724
8838
2
2998
8257
6
444
127
6257
3
2311
5546
132
10
4
8
36
2647
12938
6
3
21
2
59
2769
1158
1165
23
4859
156
92
2
97
5835
47
2
1569
482
9
2364
2
123
241
6
794
95
14245
1
170
32
3986
34
353
480
33
340
11104
64
255
6
127
5
5
231
15922
1025
828
1957
5
2
6449
89
35
2573
86
5
621
14
1233
5770
584
16318
7
87
45
1
1593
8289
720
2
197
4155
16566
56
1135
5857
3428
14
298
3
3
13259
9057
4
660
25
5
56
16
3539
15
383
84
32
58
195
2871
1953
17
4
963
1334
564
45
106
317
3
3
244
881
294
1856
90
13
9143
46
5
1808
2
12226
8042
2013
84
262
12744
9
325
3788
2
17465
1899
2
2
453
38
1
74
6437
10
3
2
793
3
4397
29
198
2
73
876
16256
93
3
348
3101
354
5056
31
4
5
266
2368
3926
53
4
17138
507
16723
13
375
8559
25
2909
643
3526
74
670
3
188
3
41
2697
220
148
23
67
115
5
3
22
116
62
4307
2067
7701
3038
15
16287
2876
4430
18834
2032
6
5104
24
438
307
9
20
3513
2350
27
5588
3
205
55
576
5535
5
389
15217
21
1
23
5902
2959
8134
85
25
267
1611
54
889
7937
1453
7774
120
463
2
4
695
2
1464
5556
1822
9126
2539
86
1
4
10938
1
15
15
321
30
35
5
7
1
2
629
148
60
6
6
17
1853
106
11930
9195
332
44
20
386
1825
834
7263
222
5075
3
3
17
3
9
233
6
16043
4
13
360
1575
67
4
2
2707
5
21574
2196
6
239
1658
10876
5609
6634
1
10
17301
93
95
4787
2267
54
11
47
6
724
3376
4
3620
4163
2
9
2044
2903
61
1572
529
97
3
5181
4523
2
8771
1
3
4422
593
50
3125
5
8624
6968
36
4644
14
174
63
87
2
2612
70
4
7
45
2
111
2
109
4
14
32
2328
10613
24
30
323
1
158
73
7
17831
3
223
439
38
2302
20425
4999
81
4
224
408
147
26
4
644
352
14489
6377
28
7833
1
6401
143
3
385
302
259
40
2
258
36
2
37
21051
468
19818
1068
27
6
362
9
2860
378
52
6
274
2
14380
1268
3710
65
261
355
61
848
13011
2010
32
3
45
1735
4
2
829
72
2
7
1009
14
2298
12
4
21738
125
2987
5
509
2
3161
280
204
13036
3
1132
1428
419
20
15536
27
1337
366
9265
5924
734
1290
46
16
16
3
5
23
3
1058
2111
2534
1
3717
3
6
83
594
4116
12768
1
63
69
30
28
1
3
785
488
11042
1
31
5494
2208
4
464
2
67
11189
74
287
4315
4
10
8195
10513
1
3904
135
689
1423
329
80
214
154
173
9
38
226
288
1469
44
5781
987
2
471
1
8805
3669
1627
72
11
2
17366
9
1259
2687
8304
5
1815
668
2
39
47
1002
1
1223
12817
11
3
56
272
1867
154
5
9
8
802
101
2127
7154
8
4515
727
6199
1436
9
