17
22
94
3
1454
81
4
13241
2
2
8
5984
357
9955
2199
756
6
384
25
2
3
517
275
239
16
12
1430
3181
69
4948
56
8
5
3
8
2909
6
2274
162
452
101
1382
116
3912
222
1828
2
522
60
16
11258
1
104
6
511
53
33
351
4
6
5852
41
107
13
26
1
235
9
48
1
68
5
3383
139
31
11009
10
14
449
378
1156
1
3025
20368
6
3
2
1028
3
9899
45
3577
601
23
1390
924
131
2586
23
9519
41
2224
363
29
18624
1
21660
15
1081
3
8
15747
241
15836
7
7
14
2
11773
1901
2
16104
19586
200
205
4
21539
475
831
13
83
17809
413
1719
2
2
2
65
6
1563
5321
2
1118
5088
27
17
321
98
2
160
147
11
371
3289
10
328
3
1503
304
307
12451
176
20254
365
21
7959
411
2
42
27
664
14
5627
2720
415
121
18
12732
270
3
305
1839
703
10
7443
1653
4
4
9680
15313
6364
2
8
85
18
6
457
2378
15
22
3
2
2261
21419
4838
3308
96
5533
399
7
90
525
16560
3
1
25
2
252
10
4001
89
40
39
7
1
397
2
155
228
12
3
12107
2705
266
719
7
3326
188
1546
127
10
2
3
454
12175
110
3
478
8
93
7
508
18520
1
4
13540
1
9
1
3479
822
223
5351
1022
278
711
145
6
197
73
14
1
23
1105
6051
2
226
3518
4424
4
1
15
632
11133
3271
3783
69
16014
115
790
20
10706
1700
5
171
4653
1966
11385
6
151
2
999
1635
5754
3402
50
4
11708
4
4
20482
15
4474
3825
95
826
2
6960
21904
9
10
264
10646
4
2
422
52
4184
28
4
13390
34
20
148
14
9
1818
1216
3978
159
2091
12876
246
919
18
5411
27
14
2
31
2
808
183
2
7077
10011
37
3
1322
2418
8094
18729
7915
7740
1285
75
3
462
1143
2
5951
552
248
32
4326
11840
480
133
1808
4705
19046
2
16
1011
30
1229
47
1202
23
29
4920
3
284
1891
7484
5032
3
1359
4
20
33
20
4
41
17126
1016
5659
17
10295
8
4023
38
6
111
19
13020
193
8
9309
668
10410
723
1278
2
16468
37
491
3199
687
6882
215
2
1051
78
42
8608
6188
11
2
4758
549
470
1581
3110
349
2601
9
73
2473
447
581
119
12
14
5
565
3421
5690
8
190
84
5
4
420
4
36
2557
7611
11
24
34
1045
213
13
10
6
6
8049
3
10948
1
48
19
444
113
244
54
3658
2
3364
70
661
1599
5
13315
12244
3
2
1175
19
2735
211
64
38
52
4
425
8704
3762
3059
11
6999
12
74
1337
1934
49
11071
36
100
17
260
983
19476
154
1
2249
12040
181
143
330
945
65
103
71
2022
106
55
67
13
3699
1
6
4785
140
187
289
6
21
2
1572
1367
1
4
483
20828
6258
1039
12
5
2446
316
84
138
1137
7157
91
196
4524
7197
21782
6328
290
233
2
47
311
61
63
191
51
1
434
4
6544
3
17415
5
2689
16376
5503
25
7038
18
136
1422
27
4
286
11
5
10237
1478
96
45
8852
3
2
9789
11
12381
9052
36
4302
134
110
408
5
5
2
227
16
37
10123
31
14239
9
2
11513
60
5
204
14725
11643
1099
1
2
261
8753
2459
43
1
388
40
1
10
172
4
45
3440
6154
1344
4254
8
1
23
8231
17222
9626
206
21
7
956
7654
1
257
81
1691
707
3
14399
5
22
4
11
1
9001
2797
764
22
369
15660
367
4550
1
89
74
950
10469
17030
32
67
79
2
83
3617
4
60
174
9
18834
9361
3076
163
1
4
1
153
4
7569
56
16747
864
751
1293
2813
961
14
4
21
167
22
1398
40
1778
2
4
3
1195
1
4601
1859
14081
122
500
6
27
19
1
41
29
3
51
3
1
1
3537
4575
88
21300
34
1
150
1005
142
3
25
19696
47
4893
281
9735
7360
17909
99
336
1
1
679
202
334
76
8417
386
62
8
1
14480
48
10887
109
18417
528
273
133
37
15
6400
17
540
8
236
254
2
8
35
19806
71
47
3890
1
53
80
5819
14643
103
276
404
59
2766
8
813
402
7117
14
8464
2033
2
16
15228
221
683
5
1
94
5
1
3042
123
170
32
4114
2630
4
18010
29
77
332
68
10
439
216
2
1
2487
15
14
112
10180
108
28
7
3679
4091
442
18
1063
39
56
237
3
3934
65
18111
112
3345
38
2313
14
258
3741
639
15
977
8560
15058
7
11321
78
15399
28
715
43
4207
25
9844
2
591
889
10826
26
12
2
66
52
5203
1375
95
17
10766
24
5
14160
9
117
12
7
1257
4627
5291
13
562
1209
1644
8
8
2
786
218
9466
192
781
107
914
11973
1
1093
4499
120
16
8656
5
1520
144
4137
1944
16
1880
1977
18939
9
23
628
3
3
9413
88
1758
5
118
178
1
5
209
28
2432
8901
15
3
1
54
30
64
6018
109
1087
10067
8139
7
7
34
2958
1
318
731
91
86
4866
2
2
432
106
1222
75
31
3
1
21
2
5564
224
36
175
22
817
594
10528
2974
12
3163
6768
4
309
5722
5004
6
2
9
40
12591
359
287
7
393
3008
32
48
46
4351
104
9154
33
4
7
4449
1
14891
7
13
7237
6730
2
650
1130
5
11
1729
2
15
6
1307
137
85
272
9
1
76
17
115
20712
3
49
11
70
7
21
6293
19
497
3
345
2844
3
130
130
6806
430
16935
3
73
1
966
10587
79
3145
2
24
18
17
537
427
2
5262
2045
9573
5232
230
2
2
11
3
2300
879
10
5
9205
676
20
2515
33
72
625
4
584
1710
6
3597
18
54
6085
63
15
23
14808
635
28
940
13
3869
1414
2339
534
2
653
8370
10352
2405
361
1988
13693
2
17
7
353
6223
268
18314
21181
13769
7
4046
4
59
16
4
62
58
3
7783
13465
300
7871
1438
1057
114
4811
12
243
10
12
2925
4679
608
144
250
1069
2
2
355
743
10
6618
574
195
568
22
49
2325
1672
149
994
11578
50
302
2
25
45
10
37
6921
185
2860
4375
1798
621
24
1352
12
12
1
472
22
1
19917
2
1
3
1315
2
1034
4731
16
7526
9103
32
8
1
97
556
2
2
132
15
123
82
795
19260
1329
1
5
845
3498
217
14
6
3
3
35
1768
13093
2
8
20141
44
1487
61
1912
2
33
2
11
19
2
1
6120
72
6
340
4976
231
13
4
57
1870
3
128
10
1955
8802
4231
395
34
20
777
8324
1124
8512
31
1446
2391
212
2
5145
874
1748
6435
124
5
169
35
4400
2000
16653
1
1608
51
1264
18
168
929
21
2211
7
13167
23
146
1788
14319
44
55
6
9
61
6
376
1236
338
314
35
189
8277
3
406
464
3
267
13
43
2615
184
804
128
5
7827
3
6844
14002
8951
1300
46
347
691
201
5060
5
382
148
13
13616
5381
5
8185
50
3804
1250
78
13
2175
24
611
152
488
884
39
1189
486
6692
9
341
21063
8
1
2
20
5
3253
1
42
2674
327
17611
1
46
2
904
141
2
3
3557
2056
1
80
57
319
1681
1470
90
836
2150
4
325
53
9
4
2115
15925
14974
2
240
2
11
208
502
1169
9
295
7278
173
519
578
727
699
6
20
695
77
2068
373
2781
9
82
546
16194
1
21
531
11
2
3
8
100
2
2660
10
3638
161
43
3128
11196
27
87
158
28
559
67
2
15572
50
14561
6655
768
587
614
16
203
13
7
19152
55
18
24
10
11
2
2645
25
5
19368
869
26
323
2
9
1
32
17710
1
12
87
75
11449
102
29
840
2011
1
3956
1
4160
177
5596
179
2529
3459
299
6
20597
101
3
98
4
7
1590
2750
9
1849
8004
86
4
17
646
9
3217
3
12312
4
5885
4
42
2
505
22027
220
739
6
899
20029
2287
1
210
15
69
2126
13847
153
5
3
2
39
2187
93
57
1
5787
10
6508
7
18212
119
4
7697
2941
3
1
7319
30
39
58
7
1182
343
12
494
36
4068
7
5117
4
850
99
1495
12661
1406
157
459
3
19
140
1
17318
6
11
30
2501
1
3
263
2236
9
255
2352
1271
251
642
13
3
543
5
2365
380
3
58
126
467
6
391
63
26
7
121
92
8
19
18
3235
1923
604
247
747
186
29
20
66
41
5918
113
672
1162
125
17513
29
1
1512
2991
6472
13
12948
3
1111
6581
2876
279
735
178
6
3
1555
1739
5
62
2
117
5
19
44
12804
2
2
164
16841
799
1
292
20945
972
92
129
1149
282
5
2138
1617
15485
16285
44
55
30
199
10
194
760
5174
1
2162
46
9257
1
26
11906
15143
26
3720
2828
2079
657
7401
2
1462
5
6
773
52
136
5441
71
12521
35
3
38
135
935
1537
7
1626
294
894
1529
166
1
4
2103
232
1075
297
1243
16
909
82
3
5472
437
34
5
3
165
66
2572
6
2
105
2
27
2892
3847
125
597
1663
514
4
618
418
161
30
859
59
13924
312
855
5
24
2
14
182
3093
156
4278
11
3
988
2543
19
12
4
8
571
2
25
2
