2233
43
737
59
4020
7
1
20
343
33
28
174
1
22
4936
259
42
34
24
24
510
130
281
5667
26
67
2979
1424
1
37
384
542
96
54
1085
6
495
49
3
27
16
113
2072
359
12186
3628
195
2720
2
200
12577
2
5
11
3
13135
9
13
1207
246
91
404
642
3804
374
7125
28
12929
17
11668
6230
1
92
2
4333
76
5176
983
328
452
2
81
15812
546
30
2688
9
307
44
2198
24
424
1
1742
1245
202
184
10
21091
233
6
6354
211
1
179
39
2
823
4
10531
2
14554
3
3
3672
2138
137
34
41
128
1098
9064
92
77
1
201
1
12
5
19645
519
17451
20925
178
81
6037
16710
171
25
143
3
8020
11
13
9
80
4
5035
3
5
3
1694
10911
16
4
16000
870
209
275
1976
265
2047
72
1
2
129
5
12
53
919
170
1
203
2
10
57
380
349
98
98
3300
387
439
88
5
16644
3287
1115
232
168
18589
14
8245
1353
19337
97
78
365
13
100
4840
298
5989
4
4764
1559
5
64
794
8
3
14844
3327
2379
2351
270
17869
3
705
50
192
87
153
100
142
1635
1870
122
255
3
29
15564
3
926
15
1804
2
1059
8310
6
2863
15626
12727
12
2
3
11
2
10083
4299
550
9
7589
748
1030
2
5623
8957
455
5
2785
10783
45
849
6061
12
398
1369
1
1812
6715
107
2
2
107
14
971
193
9
1
36
252
2023
466
5491
2909
119
53
6
237
78
6
16448
55
341
1
2
14214
20355
14
356
51
2807
1295
1063
4
144
1026
228
779
137
7741
150
1953
4249
2830
1
2
20843
11
25
1047
21853
32
15
4
3
12878
2636
4
11623
584
11
119
3185
8
1441
308
11
28
2260
114
147
1385
4917
2397
184
5
5217
4708
1280
8509
506
47
1055
3420
94
114
8376
13291
13718
1907
1270
42
5
457
5579
13
22
4
13
18
34
95
2
2
2
36
7
18298
21
2
3
35
7
9
2
581
1493
4
47
2
8
649
16319
5448
4
12380
14
4
17110
6
1111
13239
5237
16
49
3223
3
14
5919
472
1374
629
11
166
3
912
323
2
11
12
975
4402
479
3
1922
61
102
4
6
89
1
6013
617
173
1133
19185
24
12234
84
23
6931
3
4
1748
70
2
49
411
436
285
1848
4472
593
4897
176
7
14
14728
2445
16
348
121
260
40
44
8
1674
134
2
19722
3474
17
557
4052
2
8
27
3
1342
13
148
122
474
13556
2852
894
19034
1151
15
20275
14
15021
3
1178
39
113
937
19567
1
169
177
1487
27
7559
69
1
15260
72
2055
108
31
44
58
7619
6181
75
6
18
68
1
14
24
2
3
17
361
9245
1260
5
14962
2388
967
17940
35
10
5
880
111
1197
7069
204
5
123
13610
6742
23
9
533
107
4
5470
500
17383
4
2147
132
14
2
2944
133
5
2920
3
3
18
1505
4068
2465
2
4
3
27
9504
568
1
19
19
8278
2314
13450
3249
1006
2796
1093
960
41
4351
9541
37
2
1
644
11
2242
25
6
624
335
8148
362
1915
2
8
1
136
24
8
2096
873
16976
33
21
2967
3
654
1
73
6405
760
217
10203
535
2554
2
4580
7382
461
11854
10656
952
6
51
1790
124
15
9
4005
1169
85
247
156
26
39
44
29
213
288
66
310
5258
16
7
5
3880
1
897
4
17246
539
1452
7957
32
1
876
6663
1797
105
179
336
13503
146
15140
17659
37
4878
10
8
3
1183
24
289
31
103
37
5135
9
16909
319
214
12
89
1
4117
93
15750
1945
25
11
198
2
131
4
2990
20
8887
194
5015
306
2524
12828
61
39
40
71
4
6
652
4
5966
22
113
17043
70
33
1347
6
3
525
6084
200
7989
11995
185
766
54
2
13032
21
165
51
276
155
8
2
11
577
6
2
2
6
9808
2474
754
2
9136
82
13
1
1396
1
675
318
244
2
2
182
2
48
20
427
2269
4
570
14
3
10
2
2
97
21
50
948
13083
2
21682
5
1
6430
5
6849
512
5
2088
24
9
8084
8
364
1
8817
8679
4
10
31
10
9617
11306
253
212
3393
1
1
956
673
1106
1681
303
29
662
87
35
6986
3
140
448
16
12
77
3
21174
190
106
11129
20
2
7
47
30
1
1160
529
10826
464
776
4
18154
607
23
4215
6
21342
345
5
262
3
42
1211
12043
508
127
11395
9028
6532
2436
7
81
610
994
48
1
403
2155
1609
27
1285
2
22
820
57
1622
152
4
3488
1226
30
358
73
3
1511
4385
2
5
2
6109
50
41
131
1
242
39
1128
208
10698
13397
521
3173
143
3
13
9355
8
1
11577
3
3038
15
3086
2064
5513
1164
3
2251
15
180
3
267
6
10044
7
6304
22
4
32
1755
887
711
7324
80
27
52
632
9
140
1
6
11
18
4036
3
26
18
46
4
3
207
10
445
183
215
2504
11
18443
4
2
67
39
64
3236
17
2
1
19
16
95
386
7710
91
17
1
3657
1
21008
17729
2080
99
559
29
1
55
191
3
20
12
34
11948
17520
7895
163
7
4995
42
30
58
6636
40
383
740
5780
216
21596
11
2
8116
1960
372
309
3614
7864
5
7
2416
53
4133
1470
14
5645
21940
138
485
10123
65
4
13881
722
1402
46
639
3
120
18736
2484
19261
10244
459
174
5
697
26
7
8
866
110
21
16383
172
22
30
16191
14158
481
2709
3
12
14786
11715
4975
1188
3
67
395
21
26
3745
563
1332
2774
11531
419
4634
6
406
1300
67
1
4
6
4745
22
7
1102
219
158
10325
86
1
417
2819
19413
7
2039
9
390
2
301
11261
2
7
2
2731
10
52
3
1447
462
7470
14270
728
17
222
1
10572
2
3926
431
47
65
1413
352
11217
1391
13
7238
10
670
2514
315
579
83
15
1430
138
58
1
117
20
2
3262
757
10
5
1137
612
3
1984
1476
28
1
11
2407
9
18516
41
236
2886
25
24
172
218
20516
18
2615
7181
3643
7
4199
17
2494
10489
20
1541
3406
33
7267
2875
15874
125
504
4
7
1517
12478
15
18226
66
1603
392
116
743
523
258
99
94
45
18370
324
3
8343
3572
243
79
2
6
930
13
600
804
220
3789
555
3865
19490
10
10
4368
148
1654
1407
65
37
251
1833
1418
7296
1
21258
72
1553
14
3050
9886
1124
9
6
4101
45
254
2426
240
1840
25
9
4
9281
4
368
475
6903
156
29
1
4266
2224
4
168
3
17
90
163
18
2
231
2574
12138
810
339
6133
450
3
2455
2
16776
1499
1231
10
10
883
153
43
12
6
340
5826
31
668
27
5384
3
963
16
1999
1735
11
115
227
16127
1648
112
40
703
13
441
829
27
60
7441
2
2
241
13
6610
7
12
151
1326
3135
13
14612
2
26
647
13826
2
302
3
189
3366
8
3
4
1311
3850
3099
2130
25
10284
20
12627
4
14
317
8
684
2
6
2
833
82
18
13
2
182
19
3
269
393
4420
3
1
69
1034
20
4
2
1566
782
83
95
8
31
16
48
751
8
1255
516
46
14670
1
103
2
6380
206
57
2287
197
271
1529
44
1
6481
19
10740
1018
12090
161
23
1089
3
7
381
5942
34
1192
29
5
5
1
3
7
11
5
566
199
1714
283
987
1
6
839
389
13
1221
16842
177
110
36
2
63
337
9693
54
5712
2
6
15
1002
18662
1
355
3
50
94
20036
19
327
291
102
5
2584
196
332
88
40
4671
293
15320
3
4
13
12980
1616
23
6
186
2
13664
945
120
3314
3516
80
230
109
1
123
1783
325
104
32
717
5
4616
3
1265
8543
70
53
11486
159
692
9
10998
14383
181
2007
491
2
561
1321
2897
9
22
10366
5
1481
3
193
9731
1
23
2
2305
2699
76
1458
4
9392
6822
1
1155
116
12777
934
75
23
11807
10407
43
47
1629
245
76
17
1
10954
26
11
422
101
2646
665
15937
2
9
1937
2
10
8993
6
20761
7041
235
56
132
6329
38
43
2
2
7
10
13
18810
17
657
79
52
8577
12677
1043
2678
11
1275
15442
2
15200
1
249
64
2667
59
1
12
5
1930
2207
1
5690
378
35
53
4455
772
1578
312
28
4
74
21767
6
2594
84
12527
4084
286
76
16513
21
3
128
68
7
36
52
59
7
3447
14903
1
224
537
6
3774
18
8
7013
19800
8
3
6558
3
1
146
2
400
1877
226
6
15
4
20
20
595
2
2
9770
9
6
5601
6456
2
4
1022
15
2
13187
1
13
605
11041
54
408
4490
7680
18011
14
17
496
9925
3
8
3
3502
1862
20435
1
708
287
135
18
4
3686
6280
85
3715
159
681
4437
46
17799
26
17590
19957
19
18082
52
18
77
47
225
5
49
322
5320
14
29
7353
4726
4508
2
2
468
2172
74
8
48
7
429
119
5
127
2
256
92
28
5803
2031
225
12
2121
20
2
8052
4
28
68
17314
22
1668
502
4
83
166
11440
2216
8
1597
401
2
4783
1762
1707
3
7500
21426
2
5
6876
4802
204
1855
769
4
126
9208
531
5300
56
6958
30
10
51
3
1
1523
4
396
2564
2
409
998
23
2189
175
9100
6
2
19
98
20679
8852
8
2
104
30
25
9
498
2
9466
2
2
5895
3
371
210
14102
35
15080
257
788
1
10
144
5
1250
477
84
21
295
694
63
108
2
4
489
2360
14497
29
1
16
6
7771
714
21
3026
734
109
6769
7530
294
1
487
5
1
19
38
2
5757
1
2753
5
1
149
1240
1
71
17
1039
1721
6
11761
86
37
6
320
54
1590
2534
1535
10
4526
2544
3942
453
813
5
689
22
9
3275
627
66
31
797
33
27
50
678
10868
686
1
7
5196
304
412
9318
1
16
9429
16
791
9
836
238
3123
2
1
150
1
2
354
2605
6507
843
190
915
1337
236
4316
296
1
15
63
38
908
1
147
1
1701
10
333
1
6157
208
2
1306
6
1010
3911
31
4
19
8180
3895
514
3
2
572
12
36
274
5094
62
548
4859
62
18
4
1290
12
11
266
1364
1435
1
129
5
4
2
32
115
4232
32
1
1
20195
28
57
12
14326
3
1464
10448
614
14
239
13
9579
5
2015
2323
1072
59
13991
3461
15687
26
5
56
725
3211
3380
1885
24
1899
1
2
1051
61
369
85
9847
990
2369
22027
1992
16
18
290
71
16
5872
35
41
118
139
264
5054
8
3529
5
1819
279
1
1068
7
21
41
102
15
45
414
6
4
3701
7412
38
33
7153
434
24
5115
3340
55
74
16255
41
2278
187
8611
100
731
142
552
1776
11351
2
162
4598
8
7097
3
23
1142
11
7
923
493
7
7
4689
5405
3198
329
229
300
32
4
10004
8
3074
12283
60
2332
12429
2
273
2105
36
82
69
2
5849
64
5074
3
3
2841
13936
5
5
3111
106
3
1380
5
8213
3148
9
10
9
20
23
18884
136
15503
3
164
2
1
2
863
544
213
588
8713
154
81
187
1
9
8
157
268
6
2657
2
3062
97
170
2
43
30
4
164
2
12
22
23
1
10163
32
3160
8
1
79
2
5363
3353
157
11
351
1119
1728
3834
9172
17
28
3586
1235
2
19
11
3760
700
11173
2
10
60
2
1968
2625
1
15
9
8
6
8
3
90
248
9965
1
1
598
941
16063
637
5155
20115
2742
14
30
16579
12
3
7802
15
96
70
6
56
8
421
49
8782
110
133
205
5
62
7
438
859
5
2
4
7
14
19
1584
36
14046
6
586
3
6206
151
7
10
2
10
1
12
33
7649
7
13772
1014
331
375
101
118
74
121
75
8
4
483
5535
12
890
62
4
8748
111
1
1
58
160
15381
3
1
78
63
313
7
3
4282
1174
4
1826
2
20597
432
3730
5279
3
14440
3543
9655
48
816
161
1
221
19109
745
4
17
622
12
1572
196
591
1687
2113
1080
4149
344
6795
3
3973
4182
2341
2
7926
6
1
4956
188
72
263
45
86
42
43
8645
446
45
856
65
58
6
1316
218
8409
2763
4
4
1547
5735
1076
1
6255
25
2
68
7
4
11901
18
91
2296
139
5
124
527
34
3433
2
66
2
4
51
38
3
619
15
89
8922
443
853
4
2
4652
282
1
763
1358
2932
87
3
2
3819
2
73
2164
1202
21
26
4544
6584
34
105
8443
5557
1641
634
277
8
34
8476
4166
4562
2955
4821
5
4
1892
31
5427
18959
807
167
21
16
38
38
1
2
61
16
2
223
21511
13344
3
134
60
280
901
905
347
2
470
1146
261
1
9
141
6689
719
46
125
11085
25
3600
7
15
19879
12
40
7210
250
3
117
42
3957
3989
56
112
314
979
377
1661
12331
366
1216
9
17178
660
602
3002
5
3557
126
5
37
17
575
29
7833
5
2
416
3014
2
154
90
93
1769
846
426
104
5342
130
35
3
800
19
145
55
2181
297
10614
826
234
7
278
785
