1633
3631
9470
4318
1702
6
3587
4
1577
14913
7
6
42
20
19442
40
256
758
1121
3
183
95
8
7745
1647
19543
7494
2
6
3
11
43
4
3
90
1956
275
21
2
1717
23
759
4050
7
36
1844
2893
4244
30
9652
444
64
141
492
1806
1837
12218
23
13962
2
205
3
2
11
3
2
9
10
57
20910
800
804
16
1932
5
3069
8579
350
5065
52
383
655
253
71
8301
181
923
20947
12
2416
4417
1070
13
1
5698
39
28
3027
336
114
161
1
329
2
44
21
50
436
15095
8744
12197
41
6
6312
158
3
1
2
576
18
37
502
432
32
6523
6
245
1055
4825
6919
11519
4200
811
77
221
19
2567
58
32
2576
565
133
5971
637
9323
1449
698
948
40
88
130
355
9
45
433
240
150
16
5738
7
488
2630
31
62
2
601
2
155
775
10
1
2391
28
3
9855
3128
109
3
1
2
5
261
3
5
6968
17
14
9
12
3318
17161
125
17131
3
12540
2
527
35
51
28
19611
1111
150
7
7
2
208
99
9115
9242
11439
12605
7040
230
5
365
1586
34
55
21
13027
556
279
1653
187
37
4867
3284
154
20058
2314
2
41
5198
2
2
3177
25
114
10
4875
87
49
90
10
18521
6955
241
26
12
17
3
14
60
120
1227
6
7
338
5
10
2441
1561
74
6108
21648
1012
2
2924
1
373
424
13794
9355
8638
191
3858
7
20
38
220
27
861
931
24
1
1331
2004
15493
2212
2
15439
8
18
37
8835
1518
2800
71
91
12715
6023
4
7
29
6
169
2617
8912
16
779
7053
1035
180
1
8
250
11781
1053
1
8
4128
14
19954
265
3161
135
16039
2775
771
4
7201
18
2
743
345
55
12
2
55
13004
5326
18553
156
69
2709
15682
8
5476
116
179
39
4142
63
7
5039
4
14
12
136
8
100
176
20374
52
127
2081
12050
1
4085
4775
12
14939
4
3
209
640
6
622
18
70
333
26
749
2480
19920
7468
90
2
23
1380
6467
1575
58
29
5
5808
589
10149
545
3
9052
2
16
29
666
14631
3359
4
192
106
8373
9906
1
656
6
356
6
103
2612
126
74
110
1210
277
115
66
3
1299
146
331
34
14
7
2964
9291
65
412
458
3845
3150
3441
3
29
1532
3
120
10097
4
3519
8
128
321
1042
10673
14231
5
3
813
163
9
1074
4669
6614
144
5
2
1886
741
1474
199
2888
13604
31
4
7585
142
1319
19
14182
716
2274
40
59
2621
209
404
15
194
11
17
285
5
5308
92
33
4348
2
1
67
5
153
2
243
157
23
71
3
9
174
11
3878
113
100
4
9
272
4892
4
2111
5162
14480
76
149
5
4
3
1962
5056
8
15226
49
518
32
1292
7826
65
23
78
48
3
9
2471
2898
6
10
530
8564
47
411
219
27
2200
11
13
68
7
35
44
12
4660
1131
14810
31
2
10581
140
5
20838
6367
8897
194
16
1
1
252
8172
3400
14305
2
306
19989
30
280
12959
16067
1925
4935
37
1
2258
13
993
6
7
652
296
6
3188
4
11801
153
236
983
3
1
3656
976
14
2450
7151
317
477
389
5189
48
6
1075
29
579
3
26
198
2
76
81
5
20
19748
1
550
6
8
8
1048
24
21276
3892
7213
3
5
5
1094
6884
13938
52
47
1
1223
2039
1
6290
156
7598
58
1333
10
73
9
683
7704
1
1505
56
22
132
100
25
24
36
7114
58
4455
133
35
18
5689
1317
20268
2118
12649
878
7089
2
3
3307
3
68
541
200
1
2733
6557
343
4029
57
18
1046
689
46
17736
16235
445
209
49
4
714
42
1
3885
1688
1
3
18910
39
1729
11
76
7
1087
1212
93
4717
1459
4628
2
172
14
2067
1
5992
95
3825
106
2
613
19645
8344
9
10
1
55
1
76
484
1390
19
728
80
53
29
1
41
86
301
21
2
754
10
627
21
334
106
26
17
33
19042
6
2863
6225
21
554
122
70
3556
21874
7572
15
8
14
3
543
18046
17983
90
13
5778
14887
48
11
84
22
7
1
26
13699
1371
17
33
43
1143
5
17828
78
1866
395
89
1119
31
118
3538
18715
4
1125
16376
3222
1145
7139
2
1
38
11
6
1990
192
9889
6247
2
864
5485
2458
1277
138
3932
17
9
9
2
252
5372
978
229
1
2046
16
2
2
9
47
22
17
13
1812
306
3
3562
930
136
5
120
873
76
123
5
312
1151
2536
5262
13
2
22
123
1
15
3
10859
869
1016
1
1
12937
119
35
14682
1
1268
2
7625
4
14
7
454
52
986
23
3
115
164
9
5
126
7651
346
239
96
32
6279
13770
3973
303
5889
7785
747
33
2
1
21
3394
190
1818
17013
3
362
255
84
14733
751
2
10
1945
4
22
136
1451
15466
4
3675
1
77
11
409
4
1
3341
18
1
25
6
58
10507
729
41
9339
88
485
2208
210
144
7
117
63
1
6
1
46
11
8158
5533
1
18747
2071
5630
280
8
1
844
36
1482
323
6
1949
27
21
3
3353
2114
69
570
16
1
54
9
128
90
3123
2681
5
2
44
148
80
723
111
5271
1608
544
43
2903
16207
912
11
3
1
16
6
671
19510
584
3011
2330
8358
252
131
314
1828
146
6129
233
9307
15628
5982
867
3080
152
686
13
151
1414
5
188
122
316
33
523
7
539
86
1
833
702
48
5581
21166
3238
62
5
21387
156
1619
2
3
2
357
537
7
15
1057
338
10363
81
4022
53
93
3
10309
72
776
370
1191
11761
3058
10
2298
3
8
17431
377
2
375
8866
1753
2
4
34
55
1310
397
28
11242
10
21836
127
1803
495
2608
119
26
14861
2
3
3831
16
77
1
3
248
36
959
547
8549
15
6
13510
55
291
479
2766
4
4
4
2227
1662
4
4533
51
11
19308
593
1
957
158
6765
3805
4
17797
67
204
349
5
61
5
1446
4
235
638
1
75
53
10327
216
66
42
39
1
519
2
7339
13628
6356
12
9
6065
16
104
2
2
1
1
34
20
612
45
494
19
1
2805
1
7
2
1345
3
21019
358
262
14
3278
508
50
4
5
298
170
1175
9486
12112
8759
2532
7301
1997
226
4
5
4251
2
5514
3211
13
205
24
2
219
384
151
4943
17
1026
857
165
664
16
11
4371
112
49
5047
5
1
3
137
221
352
15
1429
160
5
4
53
1769
1197
1
11
2136
4
181
409
302
566
2375
3495
23
2690
16
1
342
142
15
9
8490
3919
20
7
64
5
22
3312
69
407
2122
282
1889
6
4447
58
2318
40
4
1039
4901
11599
11
8
13
2
1
5
4478
2
818
18393
4995
238
10840
139
324
3
249
93
3
153
41
122
13
74
9552
1246
34
13
2
70
8
851
41
2
317
21
2949
21
11011
1909
121
2
6
3
4502
4
5
11863
242
79
3064
6
847
9502
7
9131
2
2354
21
5
28
3898
97
1915
9618
2133
1373
850
5
17
5109
2
6150
27
11
52
57
91
9
4440
2
294
514
4612
711
19009
2545
2338
20
213
1902
8417
736
3037
5
147
2404
3
11107
8974
36
812
27
94
70
6
7
14606
12091
3
131
2
5091
87
368
3447
4394
6
44
2
631
7276
39
19
2
1986
2995
1
18
3
33
15573
226
7
45
50
68
60
180
836
17
3606
144
98
2
145
59
11
109
81
383
9
466
5127
3
98
1
17613
241
6
35
4341
3759
112
654
17310
16663
15
2463
20233
1366
8
11459
12
40
469
60
2
8729
18329
20303
47
110
4432
8144
21
12
15
6512
296
20766
399
85
349
10654
62
3096
20
26
1
679
28
8
3779
3
25
326
608
2737
265
13580
59
62
8
176
3
77
4
5
5728
90
7004
4
127
3
1
243
57
7
15
1033
17705
36
1685
32
2
360
7226
4783
48
806
1
490
4229
2
29
4
12
11700
18650
1368
10
130
50
191
5571
2
4
10
7880
41
17221
2
1044
2
6
6
10878
289
14380
7
326
14657
175
11
8
587
323
7758
94
39
69
110
12
210
356
7065
9275
80
5601
2
1750
13
6456
14281
43
3453
1141
232
971
2177
69
8
2
8431
12
28
57
6992
737
2714
572
474
2
86
9585
256
767
4
271
51
634
10399
66
740
7126
465
3
115
389
46
22
4
7
15
47
11165
8
6672
1030
12008
2358
16
5216
61
9195
1939
259
198
99
36
206
2
4311
99
183
1
1235
5940
18976
94
459
2795
18878
5012
5
83
366
23
4494
3
1
1051
6
1255
10
802
3663
3
4952
244
4
2
12825
1
19679
884
742
35
4
106
12496
66
1237
14
14
482
2
128
476
10291
10
78
12
19
104
1
268
1591
45
37
29
33
1
4884
51
3701
3
24
33
9
13
225
2
1673
9
83
4833
6003
3
19816
4792
16548
1873
57
166
109
434
19
374
1439
1
55
1017
1952
962
1973
19375
2785
274
11679
5
19
74
1352
4266
22
11
6378
36
40
1
221
1
16895
4693
16462
7907
325
10417
2
117
398
7866
727
256
259
8608
1879
17644
1676
102
6411
2514
4
216
47
709
2
635
7
19
778
88
6718
4
13
320
5
14
15
18
443
9
3
1361
11145
480
100
954
17
11301
11
7
4
1308
506
3
325
272
3707
11321
14
128
2
3682
3946
179
101
450
6389
2728
1
8116
15984
2
1123
3
84
639
23
11
2
393
2
5253
3
2
991
1966
2
157
23
1113
447
138
43
203
52
1117
7
440
10822
2
16
3532
2
4207
1
9940
140
19241
12848
35
790
5828
15
949
2
1705
385
1
11262
7976
7481
34
31
1220
1
2
9
68
6
18171
61
1155
3575
6
78
228
80
1019
1809
2310
1526
53
34
7
15306
71
1
5
690
9702
858
20
5
1
28
12870
2914
841
13487
214
7839
2000
341
21
145
30
4817
5419
369
4222
126
8
364
26
233
111
26
2
3593
25
5620
31
1214
6204
573
3812
19
1
2873
2
3139
4
10
1257
2
363
4767
5
1159
12915
440
79
4858
24
44
5495
13
1
1
4071
10185
1187
600
2060
7442
6592
4
474
24
3
896
9
212
6
168
6
37
15
7731
4
1456
4001
4401
5438
1218
12
3347
73
6086
583
2
6860
52
178
108
770
20515
2
2653
26
866
3
425
70
558
44
275
21
1642
3
104
10
1062
78
14965
58
26
58
481
71
13
254
132
22
316
21056
211
7935
527
16
2064
281
1096
2
367
4588
560
13818
80
4
204
14
121
434
2939
3382
234
3
11499
3074
10599
26
190
5
658
24
6824
6
2868
6
64
1831
3
2
3216
6214
7718
14
3798
3
19
4
3
15655
3435
6
4
36
114
81
297
13278
47
984
13140
10273
151
479
2635
1
10435
184
46
2053
2
22
290
241
5
18845
53
16291
5718
11184
1
400
10
9
5951
159
2883
99
315
4
59
605
875
1979
10471
30
18812
1847
104
3637
6895
3
2695
2686
10
2011
286
39
4149
12346
2934
64
13232
2
6
7
6
268
4701
5
11
9179
11380
230
5639
245
148
32
12260
11
3
4
173
3
1682
8505
1922
9569
12
273
2
13209
5
17102
672
16433
352
4509
1216
507
2270
4333
21
17250
60
14011
557
1147
1550
20128
113
6
21
17072
18682
3
410
4057
996
111
2399
23
2282
2189
2
4
31
291
8
6
45
48
89
18
10
3
2752
37
2
96
2
7
517
20444
429
12281
722
11
83
84
15
5
9872
98
26
145
501
670
5
9736
4
4
35
2
353
36
1
5344
2
284
5552
4
38
2
7289
161
3
31
805
1860
9
2021
14
5562
1664
54
2
15069
79
1
2
152
486
118
197
30
31
7251
4
18
10544
13
1037
10897
2
1467
284
18489
28
3261
16954
41
9147
308
15
105
6684
34
13
28
3694
1
3669
189
112
260
295
12781
1
401
38
1
669
347
6580
1
45
315
5859
691
15
1
162
4
2
184
22
189
4808
2662
886
201
870
107
375
73
18618
3
8
2
1
1
1
19851
35
1359
138
9
1189
2
16
7
33
2
1
1242
8
188
8186
6044
8
1336
3112
428
359
4
3
6
2429
27
4424
261
18361
1417
16808
4
484
9
42
4
4986
4
13
26
10
9210
14
40
821
6
14084
2
25
7238
70
8
2408
3
27
17
835
1295
217
941
85
2
4
13
9
193
405
939
30
195
29
872
1659
5879
9
15
11360
289
7678
416
4
83
2
21611
376
2216
460
40
719
4
979
8
117
31
4
6
28
21723
13722
1297
1
12
2549
1694
34
47
17952
6034
20
1469
2
1537
5400
842
185
1
3
2
1762
80
3
3
4758
2
4114
344
9602
163
141
9
13
4918
17
82
28
18
3
6
1
704
4
6
42
662
3
521
21239
11
516
11720
162
13
179
2
56
1286
20
61
3905
193
604
863
826
30
6546
3001
618
7
24
13866
1315
5838
946
3
10766
60
20
3753
196
11639
542
43
816
1083
16
1090
6
11
333
3483
14
301
3872
22
163
2
890
8
2
2
2
20
33
38
9
38
2975
1610
1
2
101
5180
71
1
5
3
2
31
1304
2147
5
5234
1993
27
46
2155
380
83
9404
202
12
451
11842
3740
1
582
8820
534
107
1679
5
7
2723
56
3
15546
2
5
9453
30
118
6
4
1
9923
60
152
934
215
17
1431
1
540
12239
3544
2809
2032
1
205
10453
4135
663
8102
1
5
914
1444
6980
3
123
4
6
1
7
20
1500
2089
77
22
62
310
2554
340
398
8
624
23
4164
417
199
8668
292
6445
15
12
420
17
14059
7
726
11203
11619
1272
72
23
1472
4
3
3
4
31
264
38
2
177
403
4015
1670
27
8475
500
216
2603
124
1
15846
118
7
688
3
87
5
34
75
8789
470
1
2
1
2854
85
2
6754
7612
15736
4193
17
302
28
143
8959
3926
3
4
3227
45
266
20551
2
4557
430
21
64
30
7
1942
12
2
1487
64
3
5354
1
883
1
5428
1102
2
2
1492
21
13463
8851
498
10
3720
25
4259
7
4186
5
85
30
876
5
7559
1
33
1161
6434
34
3
2
74
9084
1129
3960
64
5
1092
11822
21424
1639
911
5
1778
10
8881
56
3987
4
16983
1899
119
7
5
347
5
3
232
17
17
6695
15332
1503
195
8
5543
1290
2859
2
279
6649
2
1
3
1171
7
5
1524
7
2649
2
575
158
845
1602
2
16519
3
1929
29
3
4386
8
14
1002
9
4652
4
300
5869
173
4008
2919
82
175
59
1350
9
14330
17
14256
6478
4
5280
1
2
146
11
85
3
43
3
2
3364
427
1
2
8460
47
3625
3
502
46
206
42
273
172
16
7
11
780
321
1
161
1199
2290
3471
13
16
10973
1741
134
71
1588
7314
81
928
5207
3
312
10027
8130
1
25
4
1
9
12
2
571
2
98
14
738
101
1
14759
2
75
116
1625
2704
478
3785
95
20
5910
3330
3
1244
661
2
370
21
898
6
50
32
3
1195
9372
81
11068
32
169
21950
1
2771
1863
1510
1306
5
553
6182
267
34
236
23
2790
2
6
2
285
112
1288
23
7
96
8
7
1711
2563
260
18
1153
2235
75
2484
4
11
33
113
14133
1
63
18
619
176
1853
1
660
7
9
1
2
9
6
2959
4
6848
379
895
15121
1
14708
7638
2506
425
4604
1263
12
8
528
936
36
3
2
5504
61
606
4909
561
3048
51
3
16
2
23
2
10
129
33
4
14
103
11
4
4
108
4
59
822
1
283
19208
2151
278
9
5153
578
322
933
238
27
94
5758
38
493
224
15
14
24
175
1248
3022
75
26
586
23
123
18140
19476
2639
645
33
55
166
8315
60
3117
114
11
703
408
1
1905
21
598
6777
118
56
2
16
2
37
15
202
21
2475
13
4677
53
6
8402
311
35
73
51
3967
37
355
1
5243
2
10728
4978
1383
12
9719
44
4
8
11539
13163
51
14
7416
2007
515
3
1009
207
4644
3043
1784
15253
12
32
297
55
130
8
62
10
3644
426
6
3
629
227
2181
6
98
104
8805
509
110
254
7
3
3581
626
418
680
20
1100
20
5
15
213
2
9
1169
8
248
24
2
78
7352
9
2
1402
1497
3085
22
3
10
1
14405
54
881
9
360
610
53
30
84
185
11884
7
9753
2
472
58
24
2
3301
614
4800
1338
97
30
270
2049
4
1558
1079
7
103
3289
308
15
5004
9
125
87
1
1
10
1343
15412
96
1477
231
903
1
16576
124
590
12
1
2185
18203
10062
3727
3
12388
2
2129
8990
3550
745
829
44
2
11
3324
3
1177
81
3459
167
6626
1744
24
5
313
181
14
17
10
5679
107
73
696
2
1630
1
63
34
1424
42
1137
8074
1
2
1
417
6
5
391
120
6
5
907
87
10784
535
13
3
1
3
522
32
21912
49
797
815
8
1605
5144
17
855
6055
14
1747
5
21988
68
732
14
8446
379
10
18
1
159
2014
439
186
171
3376
3411
8
2018
53
1
11
462
341
104
46
86
901
2
10992
2
1
1266
111
276
53
16692
1
16721
973
53
4215
585
371
2
1
7176
199
14355
348
4750
1454
5591
3
2
1108
8330
2170
8774
4
2
2
1
3766
186
1068
588
17921
8
6
591
1462
551
25
14530
217
1691
69
63
24
167
16320
12
1720
9635
22
152
20409
2
2667
1969
2056
2
1023
1
798
2
10
3
731
1007
335
419
12070
2829
3
250
8
24
5
3714
169
14
17859
21686
1005
14
1
5798
3
8594
54
96
412
13
100
7403
4
1
11966
19
52
5961
139
187
82
5
2
442
4288
15
93
2193
567
72
229
59
173
3851
11
825
14
76
18298
448
13
2
21
124
18234
2
1404
6
27
466
4
783
650
318
620
44
11987
44
20093
4
1
1
1354
54
12431
226
6258
538
1127
14
4
109
1412
69
10803
14
396
1
13746
517
16
636
10
3569
4
8
1387
1
92
61
179
1495
16866
995
188
32
25
1066
96
2
3
12693
1834
2780
2219
1616
1281
124
2844
2
2
51
20
58
66
2350
503
270
1
5021
2
3
203
5
2085
3
8519
6501
4
4463
2944
16490
4
7455
490
685
24
4572
300
5
95
793
2
615
7378
1983
1077
2162
4
496
1061
2
4
196
1
4
178
106
4620
13
9992
473
2742
2
140
782
1098
1
12
23
102
5748
4
31
57
41
5317
569
41
3
24
170
6
75
40
3
2585
6
265
10
15
789
14
2
16405
30
2
17
9
257
682
6
2
13
909
1149
21761
1594
164
1409
3090
644
3
1
39
3838
235
750
402
8
9821
3388
253
2
809
17191
64
423
102
180
2
10
21202
2
160
12
304
287
4171
1
7016
240
718
1165
57
3501
154
1181
10
2488
15174
1259
2
61
7
200
10954
7
2
2306
1419
47
2159
1
2
76
13050
3
1167
7
23
351
1
2
3792
1329
406
5788
330
17
1
2
1540
3134
94
4
8
10238
3
594
2446
12
1
6
456
169
212
215
8534
162
5457
46
20
10916
1892
237
1202
3032
307
2
4
94
4178
21
657
4969
47
2985
577
2042
16605
18
121
267
40
2334
11740
2
251
34
5
1759
2
3205
15
400
1225
239
3155
361
974
11
3
2
276
1912
116
387
12627
2980
2
5
19141
62
1699
86
2541
13914
147
3465
14
489
4
8
228
11223
234
16634
78
52
158
4
12
3818
926
154
483
80
281
4363
116
9163
15279
8
12324
1183
99
8229
123
10
2342
20
717
41
20
6
20
178
392
307
105
8698
5849
4
222
1193
132
20802
3
3194
1088
7077
3
26
787
20
548
2204
12583
190
15359
1
2878
33
37
3
648
14035
3107
1
19
318
6
29
3
32
1081
19075
964
67
287
2954
46
10
24
1
3
49
65
2626
1
30
27
772
5
1072
2581
5930
1
14836
45
20874
14
2103
2
468
8683
4486
108
1
10381
218
15
3405
258
1825
2
11946
1821
66
83
1479
361
293
2
6
64
7
28
19
278
524
4
25
3865
3489
3101
3994
12561
5
29
10
15
18425
762
12
4
13347
1
4549
1599
186
21573
7
422
22
4
8
19
5
68
2379
35
165
4541
2362
374
1
2
2849
1775
6076
121
91
197
3912
27
4274
2
139
89
7990
34
2519
12759
105
14
88
67
127
8060
9
415
227
2
2672
249
2761
137
111
4
19
12
24
8387
5074
1250
5391
5
41
801
9226
14784
14455
4237
2025
137
132
2231
17340
43
2
4
2326
3
4
30
2
6
29
2035
25
75
72
649
354
8928
17583
17461
19
5920
39
74
2239
31
18
72
32
18108
22
832
2
97
1484
467
6
18
509
3
616
38
387
3
20
343
2814
32
2294
6
167
6
358
2383
1
182
126
4565
150
119
21
142
3
3255
5447
304
174
231
9
119
27
5818
7
157
206
62
3295
6097
3
12
121
105
3688
7
2
21
25
230
5
4281
10
25
421
12
6
16779
2
1204
74
12367
124
27
1
98
2
1
6268
167
10044
3
150
746
12
4
4850
222
17890
7
2454
10636
5363
1556
13072
48
1375
18
497
7
2420
1876
17
165
10935
4
11340
13
13095
2
10
42
135
107
14505
1
452
14555
6789
581
420
8
6
15
15
10220
13417
625
39
8258
54
363
54
4356
38
5
63
1395
3233
320
10010
9005
33
25
69
293
3477
4
16
828
19577
9099
35
2747
7520
263
5
225
12
2990
471
1708
6
16
1135
2243
10
65
2970
967
17042
15017
8201
36
9770
3172
138
24
20
59
2839
50
6
1021
26
4
22
18
97
4
14
6
4
143
11126
8
2
160
92
8
1041
3
464
7
72
9
3
86
139
1735
94
60
6742
9
87
18943
1441
14581
1882
441
35
1
12475
1422
10562
9259
2718
19
7
1
15791
7
3272
2
1
3
557
5
1696
20198
5466
30
136
4157
19
25
2
159
695
1
1229
1050
12133
246
823
10079
28
5
4326
11
65
73
4734
2278
5899
100
10
12
1
9519
18
1
7533
879
9420
7
7
49
529
16750
311
108
159
1
1569
1542
559
2510
1270
242
115
4
207
7
22
16123
10
19108
77
17
29
197
2819
2125
1765
673
6931
1
5
114
65
2
3
2
10
1
839
3
1
7327
5
12982
393
8
3
917
9
22
1179
1378
3
19
2527
8
42
15709
25
2
103
2
9838
149
755
28
1322
499
21536
85
2572
1513
2
105
90
1895
3
5
13675
20694
1
172
592
10256
184
1231
8
15956
1
1516
721
12
112
15818
5030
13
1793
12175
18
2
1003
68
5225
1
17552
2
8
9
25
1283
166
969
337
3
918
16837
66
4
10
3
11
133
28
889
4
2523
568
17370
1548
5
12671
5298
16151
109
67
4926
17
79
646
328
2
7853
185
16263
925
17
63
13
2
11904
17401
29
7
621
322
7894
2
27
4636
453
9
51
337
5
7665
4121
3980
27
8
4709
7546
1157
475
38
13987
14
224
171
2467
2497
2254
2
50
1
222
2
3
51
16095
101
46
7
701
6400
7
11419
2286
4078
1564
5
175
1364
5
684
243
220
202
8
16
103
808
2
97
9804
143
12410
734
28
10617
22027
12
6707
9
272
10747
893
4
438
3
5768
1324
17
8
2
331
15901
6
19714
3612
283
16179
4092
5
8
1
2
998
147
263
5523
7
23
148
632
504
8943
89
1572
4
40
13186
5
6
487
71
7
19341
70
510
422
1
372
678
5
1529
1326
12
1
258
132
915
1
5708
1781
3335
14
8
611
538
2
299
13
31
131
2246
1400
2140
42
5082
141
22
340
1085
3
339
19
3
904
154
794
6013
564
3
920
22
13533
19274
7164
12892
3526
6872
700
1566
18
3
23
1
4
6
15
65
653
12
145
42
144
9
795
208
27
8
14430
7
10
12
37
4
15043
4
1553
247
5
2322
41
1
1
1392
125
724
2
8
8
234
198
19174
3
156
12303
3
2096
3
22
9
2
15
407
117
72
21
3
2644
12
3
11
115
7
1397
1976
15928
7
623
19885
819
2028
7391
607
10489
20
2144
463
44
9
11
7
77
8
39
1
4
92
65
647
391
211
2166
14
6161
11559
3
733
6
21092
2
20983
10691
6
3
2370
16
2908
9
13
13651
1935
17
16
10
5
4
1815
2078
5
330
89
5
2433
1
3370
70
8272
174
378
443
19
37
23
49
6836
11
2174
5100
18780
292
7
86
223
1
282
49
2
89
3
6
314
28
13324
595
752
6603
35
295
1
1
200
30
956
50
88
496
187
2
3
596
37
5
10
4
13393
1
288
10
23
1253
1
10345
10202
10
852
134
1723
15386
6
713
20480
2
21129
1109
228
236
5
19
141
15200
2
290
299
20163
2
20730
697
1
3
23
1434
59
17
18
54
2
1
2
2
428
1
2424
19782
18
2366
2
2
12
22
48
172
4379
1274
238
13
27
462
16
17
386
219
4064
414
73
5610
8088
1521
3
6535
40
6801
1
14157
988
1534
10167
36
26
3423
4
7772
2
447
961
470
9669
19
1667
2
30
22
3
1
16
133
3746
303
4
26
2
5289
319
5
1426
14991
8243
5
12518
3
10
6171
6
2594
555
7
4107
2
450
643
6334
8
2
6
257
1
1
44
26
76
676
13118
3244
3
32
20
2
4685
12
665
38
170
1
37
120
16
9388
4
11579
298
20
791
126
49
10
602
7921
54
549
43
134
2
56
2
3417
3144
4726
3
13557
3939
19
756
10710
8
28
26
33
708
3
3166
38
1059
892
7
19
2
562
9
7028
458
3
1799
505
93
113
6
4
10
511
11281
784
9
50
6
3429
29
4
5
7264
9
251
37
457
8
7
16
21498
61
8
2756
18
14108
3
20658
536
1407
7188
3772
5
952
900
1
4
4
766
43
1313
46
15
8032
264
2
192
353
532
1173
2
7102
29
38
79
24
1032
189
18077
68
1959
212
3
2493
129
42
3
3
675
4
269
642
29
134
113
203
513
1
149
3
6
2
692
10
21461
2262
84
50
7812
79
6118
3
381
15520
2
531
2
10132
633
13
1
366
4580
19408
5
30
31
1357
563
32
5171
204
12
4525
1
11088
1
2
34
1650
4
21
57
18
1
67
85
36
329
1644
3
2
155
1545
12
6
5
677
11
51
20024
1
4
66
66
1464
2
4
25
262
5
1139
4099
82
4961
335
1
9
27
286
20338
35
2599
1
42
116
1028
17
26
54
7365
1
3
1206
12029
25
2
3618
3
19
135
413
21799
3
1185
3
11
148
17
350
6637
3600
9021
1597
57
346
382
1787
1347
131
82
2412
70
67
1
35
3016
327
155
45
2437
11659
1738
309
23
52
45
43
49
1064
11049
533
34
1
520
2
8286
15
117
6
149
8
11
1024
11925
2074
182
1301
13
2250
3
16011
2501
6569
435
1583
3
4303
5659
368
9
9
48
5
36
9535
13842
17491
599
19
2
214
5
388
294
2346
218
72
11
6193
46
244
2
19
41
2
10
10
1
906
1261
15873
4517
6
125
1279
7
1
17766
1
151
91
2
1
17674
2196
6
6812
2
22
5
109
110
177
7799
50
13370
18266
2
768
405
59
122
2929
6236
1636
838
344
9
288
603
63
13
12453
95
177
56
13
1490
381
1385
4
10114
5
164
15764
92
63
1133
32
860
93
1
2824
8
246
5
45
274
146
195
332
4596
552
9
8215
1
1656
102
546
1104
201
36
6730
88
4
12
45
1714
24
9975
249
981
1436
3
461
5649
1
2834
786
3513
1208
103
707
4043
8714
2
129
56
3
7962
2223
2
8018
4409
12154
39
2266
944
4
168
108
45
16
1000
277
1
3
20587
7
18
2302
44
16
11
269
1
4296
31
15147
943
8004
17280
6
260
1340
155
17
107
17522
1627
938
1726
2
1
84
65
52
60
218
161
29
8653
20
49
774
334
396
2
11
18
2
142
129
1
305
213
15600
8
3267
91
1508
2
4
55
2
271
12803
4036
191
7
210
6661
327
454
9068
171
385
2
13
7429
11
20
4842
1756
1850
54
1919
372
3250
1772
2387
6422
1
91
165
5335
2676
13255
27
2
6490
2
237
18
9958
760
2
2
232
365
61
39
5
56
3
25
1014
4
2
15
2107
13890
763
4
8
455
309
694
1
79
7
16
4
3199
5
4
142
136
12737
38
31
3
854
11399
526
11030
3
7691
1796
8623
394
6943
2590
5669
1
21350
512
62
78
3
491
5
3733
67
6
47
15
3
101
163
16
6323
106
14
97
712
14206
11
31
183
35
88
13
2658
3650
40
215
18
310
18014
5382
4
13301
7
5
15
5
6
449
40
2
10526
246
48
1010
48
196
1
82
5136
887
1240
574
9037
628
19
16348
194
3183
12
10
73
102
13
7949
40
966
13
95
1840
8046
15
848
6
609
83
1106
2
9
1622
446
3953
525
8
247
2
668
16925
2
2395
7507
18457
48
143
951
9787
764
3507
4742
4471
1
11
21313
56
82
3
6139
1613
5
135
16
1
13
42
1233
10
2
11
2
128
3
4
101
4
75
208
68
1869
377
55
11479
13440
990
3006
1580
130
3
25
437
2
223
130
6345
18
5
1732
390
1163
255
15
24
9685
38
1115
5118
2
922
18585
437
61
5410
706
1856
1790
6301
29
2
6907
32
24
137
184
831
20622
25
1
224
3
402
9437
266
431
2092
43
22
431
3053
2700
11
2
47
2100
414
11
193
2
39
43
168
2
9
92
2558
2
580
3
182
3
2
140
28
