13824
18464
1
2802
979
1
69
3
24
1301
1922
1242
54
487
3
30
84
7
20852
4
42
11549
248
17751
37
12
353
3
618
801
894
71
2515
2208
131
33
7951
10209
53
218
2174
93
178
1
33
20428
2365
1041
108
7125
1
502
9228
1
163
205
6
57
1079
20
51
17007
70
21727
7
673
8661
37
47
231
2
16183
28
718
236
189
938
44
5645
266
1952
110
115
2
114
271
1447
1184
1031
6815
2
2934
198
240
20184
2840
1328
3
20
240
3
4
1160
29
14111
60
98
1774
51
1
3297
7
6
91
92
173
73
5007
13730
742
8
233
3
2
2
2894
468
18
811
4
1452
12325
2
5
499
16
18
9244
155
371
21
135
10
1008
1916
4
1614
234
6375
3100
24
365
78
861
1211
3
449
34
7762
1804
108
478
2904
1
118
211
961
2163
3400
25
3
21321
514
313
2
4
198
18655
10036
237
5892
42
47
375
143
1422
14703
15086
136
362
41
18591
560
6
1036
1047
474
2
6
31
9
5683
150
62
770
10
3
58
423
17630
317
30
6897
133
465
1989
1
637
18
2507
15
5713
141
1939
282
142
91
14
7261
45
257
48
75
469
93
1085
1
44
748
633
85
134
25
361
161
1
30
16156
5568
5445
319
295
27
9
46
11
12199
318
2
22
6192
2975
340
8676
13
6
19
11160
14
13
95
1
2554
224
3
2
42
2
3
10
3
435
1412
270
172
20923
22
7004
14
313
7736
2914
78
4620
191
712
8887
2
12
15
591
982
17450
82
12690
3
3488
18
4
166
9832
12095
10
933
3
7696
724
2
10656
5
16949
207
315
2171
1699
212
1622
11
639
6429
6838
3052
14
241
14932
233
5
5
281
2
440
1052
1365
10711
946
7411
4
6139
257
815
2625
145
4838
354
6
98
19108
8751
1962
108
821
1227
14
5752
842
318
534
24
277
2
24
265
1
8917
20
2
10
505
12013
1
17
1010
3774
3
3
35
2460
7
353
294
120
1720
5
543
9
1
15
18719
9
1
35
2397
3899
17
1057
581
2652
5208
39
1
766
604
3263
4
89
3
2502
5235
14957
41
5
4
1270
3622
5217
8
538
3531
1482
6107
6768
72
1708
18120
4
109
18
96
396
26
263
7
4
69
5983
41
739
11951
3
5
1213
249
9
15638
1138
1795
11628
51
38
121
6574
7
24
5417
12
9865
18880
1305
1136
14233
49
3026
13991
28
40
5
193
662
15
3
34
494
9403
29
2250
585
59
2559
1
85
2
407
701
7
4855
2112
664
1056
125
5316
16491
2
515
64
35
54
4847
5271
4724
1065
59
17
17
280
24
215
164
2393
1
10
6364
566
39
1492
1043
2532
63
13336
9
1801
7273
2
3500
160
252
2
58
16576
2262
138
3079
299
91
139
552
3679
1011
15585
2
2
541
12
29
1059
2
20323
19
14
3224
2
2485
9
66
40
11198
244
31
2353
278
796
1
3
8088
10
69
93
12
162
2
2
1764
43
1456
1
1
169
2235
18276
420
1
7
36
12
1290
10105
8102
4147
86
13659
984
3
828
1
8
28
19
11
17066
2
8
25
75
6792
30
693
6850
6921
7842
1358
4
697
49
2
42
3846
91
194
113
6440
1
11870
805
65
7643
333
4
732
8
57
40
4
6722
171
2
1
652
5
7829
7
155
8442
441
4
17
214
3
185
294
2418
14
109
3021
3
7
1
2138
26
2
25
27
586
48
7462
1
246
133
3
4277
52
63
1
101
8
4
1
5851
218
14
797
6
7964
5
3
16073
7604
229
43
1182
22
1
14
5362
229
20603
446
2216
1823
2
1017
13042
1554
10439
198
167
17
8242
1893
10
1
35
21
1531
43
21285
111
89
969
186
18
944
17390
3
68
611
758
386
1312
3
57
1
1546
4183
1520
9
1
177
36
4805
22
3073
897
822
7552
1255
59
235
49
508
265
12
12733
4014
16
737
598
8370
159
5693
377
437
789
9
79
152
8766
3994
784
1272
1068
183
4
32
104
575
5
686
2
9
11931
3
818
3
1570
23
14578
1
25
315
5464
1437
6407
27
21140
3
15216
2
4
31
592
72
343
17721
105
2030
4636
115
1314
12
11027
448
23
4
1158
3
987
255
399
949
6
2
7775
3616
17
4
10
2266
1236
1355
11
62
1
112
4077
264
59
8796
3543
2123
1
4
588
15773
32
285
14
21358
8602
68
2
3042
4441
1
288
8529
9
2
577
100
79
3148
15
3
4329
523
145
4
16
1
10952
4914
46
26
1039
23
3126
11829
51
184
1018
113
33
11668
452
15881
40
76
18
74
6
13
841
17
103
14503
1156
2
11
8
8
444
48
1
3
7
8471
160
9260
10
1087
2
79
29
81
10547
168
28
2
3
1
1665
36
358
2337
4169
6653
65
3
5
7
1
1883
1077
9387
76
2721
4
236
33
137
62
572
1645
87
4905
62
28
7
489
11
695
3
2826
392
6
996
1
7501
4880
70
193
33
7
11
757
989
2603
75
6
24
3
219
62
2880
181
3089
2
7978
9
3429
730
3
30
217
9764
4403
18244
1386
3
19
4321
12137
258
432
10
2020
2
4518
368
137
8485
167
378
22
99
9
1691
785
205
10971
2
2
19
2422
20
2
23
215
1
1
77
13
14603
3
2
13589
2289
20
8046
5353
19173
10
4534
1274
72
31
1
6
59
95
1
147
11372
1420
10896
16
60
44
4
2431
845
5922
9371
723
31
6
682
7527
593
535
2
21
4479
5024
2541
6
280
11890
548
5016
65
71
952
1229
5
457
8826
3
19010
896
3465
107
5
165
1873
307
562
5
1
74
70
13132
2094
37
19
2
356
172
326
1653
2
5
126
401
13872
54
4028
403
1432
305
9
20
836
105
589
5
1
1
18
21
112
1
1584
18
1
5
1617
629
2
29
2773
214
5492
12496
97
1
2
3
13065
95
114
4
8
1
20
1
3585
5
11
1391
296
13
2
6
139
13777
8617
8
873
146
4
50
2
4998
49
1
2
76
2698
76
7089
5408
15
599
4
1
4596
182
459
3
854
2024
75
176
274
1
3
16805
159
3
10
689
1518
3
6331
4756
204
626
94
645
3886
1454
6757
347
20
4
2
6485
3
100
879
33
2
3635
1533
608
8500
231
5963
74
211
466
48
253
14087
11
2
4
17600
557
3153
30
43
1367
4822
61
16100
1
9731
3388
14754
22
4
4
80
33
38
2
4
12
1
3
20710
20498
769
3879
8902
474
522
9681
1089
35
7
1
3175
24
2
12
1
134
20150
3
287
8632
2
14
2
3084
9
3833
14306
1
2
19
88
9899
3110
27
470
224
114
34
2
851
9
8706
8
3132
53
1
16
7174
2
33
549
15399
8
3
84
2
13
29
239
21505
334
7
727
12668
37
908
42
2
3647
5
21
50
536
551
9
7749
16294
128
2778
81
650
1789
1993
267
5455
5
44
414
57
2764
26
20
6944
50
25
154
10784
1
12054
3
28
27
734
10
1656
4
171
3
5841
1381
16
3
1467
4
63
1346
5
84
115
684
307
10
6956
35
4565
16
19
6256
4
23
1192
6
298
44
11
16435
3016
181
11353
118
17
5
590
3749
5
2
6213
563
1
3235
954
76
3
344
6
106
6
3471
4176
525
16690
1
6
50
73
18528
2
18
13313
2381
4
2
1020
7248
3
9566
5664
1592
7437
18307
935
1
51
118
4580
9582
4659
16
5436
12
7
13382
94
5
221
174
16
2
2717
33
299
2
15164
16
75
1541
78
4981
20393
3
2
4464
484
1767
5
2116
10
7802
10
26
4284
170
4
519
13683
2
15060
7
1
1323
3946
10821
10
1
26
19075
369
1102
316
722
2456
4
7
5041
2439
931
26
3
21
167
72
903
7
4426
8736
2
45
130
5762
10
15
1
6
2
3
2
16
19471
3057
90
4
10
5
60
2
651
2
11
103
7199
4112
478
6223
61
12
5792
2
23
6992
1
3
12
3137
21
71
9
19605
12262
1552
20533
47
102
4270
89
11
5
114
21876
322
2189
47
314
1
11
20081
226
2
17
11065
30
2464
2
2489
3
3459
676
5371
11
513
7016
68
7150
104
10729
332
1
3
677
5164
3919
54
4449
27
3
1194
2
11
2055
615
15
10583
708
10368
2
8
17570
341
200
320
3
54
23
10
1
3
26
2
4
14
1344
58
1384
808
331
28
324
2821
1867
2661
187
69
59
4947
173
3
103
2
3159
45
149
36
1942
8
1104
1685
3
119
359
17935
5137
2
986
6353
2537
19706
6
4
2924
4
4
14
5
2
19
967
62
16604
455
27
2
1
209
1121
2885
93
24
364
1
64
14
1714
179
1326
4388
6
26
1955
297
306
1117
3
1696
7361
21248
9
1771
2
2
2
7
69
12
18401
45
7137
925
32
21
64
5
117
83
13
2389
974
8721
1294
602
2
3483
35
406
3672
2949
11708
31
1
2
10
7
23
7
2
2083
3
142
151
12581
6540
1
28
241
1705
38
1693
357
606
48
6
55
1054
2
11
158
88
10
2410
14355
48
9781
1560
4
10350
26
11
28
118
1
92
3447
6
20
13
245
16891
46
1912
1434
27
1861
184
278
5050
3
390
2
9698
4212
15692
11728
4049
6518
1477
11275
7162
1198
793
2
13
12368
8948
140
7052
12347
3762
1449
284
5102
54
10
287
24
1034
19538
3
16
22
12389
1427
4
13800
102
773
74
6
27
217
50
7
46
13
3926
11
914
4604
13706
11122
424
333
127
4
45
331
28
373
12
1929
19
10692
3
2
50
4872
2435
623
1
395
303
70
609
3
1
13
10070
2
5993
505
148
96
1
720
5
1081
141
38
9452
10
325
781
583
125
341
2
329
8
6
16
3953
68
163
4
264
542
503
5181
6
5
6
4154
1288
7298
13
2
103
2836
37
8427
537
170
6
17420
199
2
7
10297
214
10747
4
1
271
66
228
2671
688
5
2
2
62
212
58
20781
169
16463
2377
12
15
138
53
8
79
48
1261
43
8
20816
47
2929
561
501
1
96
8398
63
21394
3116
4
23
12
27
332
20995
6076
6045
79
1568
95
6885
7
303
13154
3208
14429
61
1027
432
279
15612
4
9087
88
36
19
86
10421
17660
21
6
1515
114
83
105
11179
4
14184
760
250
6
15
196
32
15
47
4336
34
4
1
17
4683
3
310
112
2
3
2
137
520
104
155
15112
370
27
7
54
4
2
3800
89
3
4233
2
6
5
3
30
11
48
14478
9
544
18945
5511
78
124
120
1792
2
882
1
5
4
11
9
13199
145
5
48
52
24
116
6933
10
5
4740
3121
410
1
8573
46
22
133
13359
1330
605
1589
242
237
203
13
28
22
2
73
12538
648
3710
59
4119
188
405
210
6288
33
54
8284
3555
419
964
4
23
67
99
17
260
7
5
3230
42
1999
1410
1
14281
383
5
3031
125
17124
117
6
182
144
1196
2
154
17
556
479
1176
3
8932
3604
9040
14
150
1749
56
184
11333
52
10
3180
8327
90
8060
2
7896
79
1854
2
2
373
23
5067
2231
12283
1
68
1562
57
2027
507
2193
82
5
369
256
73
5
8
82
634
17360
4381
139
127
792
312
4241
5
1817
1523
35
5
32
28
3
19141
3598
3
8
201
11
2
38
3
4
512
10529
6
466
962
11
6780
2
339
20
597
3
1024
1
9307
6
29
4457
1180
14
11
20012
5344
277
772
1737
5
4
2811
2689
130
2
7
2
21764
1670
400
1723
36
290
1395
137
178
162
3
4572
136
6181
10674
885
3
14
4773
19740
517
26
179
15
18338
119
123
3371
227
352
39
372
7076
1
217
8157
603
8856
30
3940
15665
25
481
10
181
319
5801
40
15
2
28
5
351
547
6642
8
8
34
2
21
32
2293
3406
2037
189
44
463
103
8
1
576
44
2090
223
3906
67
9
2127
3723
1321
22
1096
1032
5146
7386
100
16
8
168
7
10
4973
2212
5
2960
132
13497
14039
6
25
13
89
79
101
12887
7
82
1
11
3394
1484
78
240
16776
2
5732
22
442
2855
709
15
14906
565
11392
2616
9149
2
246
5654
3
4140
4487
7
18370
638
346
43
407
3213
941
10858
5973
17782
28
1
4
17965
17242
98
16
1221
5
630
13
656
441
237
1717
18
71
61
2
6873
196
5
2
6
220
1128
8270
14
180
19438
646
4
2944
5
12
21
19
64
34
2451
18816
3
4588
153
65
905
13109
121
4
3
31
2634
7
44
6676
2
17154
3
152
9
927
14
174
272
286
56
5
259
5
12
5
18
3537
46
4
3
18
8
259
6309
7816
6496
15373
4503
12843
1662
7
1240
1279
2
835
1109
460
1
6563
216
87
309
281
11
2197
19876
1903
3
2
1
394
959
9339
35
3987
10
5173
1807
6
12075
289
15
2141
966
23
1
9291
3
11
2759
1625
6
622
13543
7450
199
16
2
273
421
859
6
578
5606
9
11295
90
17
13895
6277
699
90
13177
4888
13
97
20
3
528
39
3826
10332
225
4675
5
8994
5
12
126
4
10
1048
3
79
1896
568
5
89
4255
35
1
31
719
2
26
171
12410
19
49
580
5520
3
9748
38
614
19
1
3
3423
10174
2
9
546
15
60
9
40
9181
1
504
2
42
687
17
39
128
2
11972
22
17
3567
5831
16
13087
2472
4
838
53
8
16633
3418
65
16018
2341
700
53
3
69
11
2105
1
8
1996
3325
738
19
18848
2816
7
3
3
1360
7
4
191
162
5587
497
1826
804
4204
3412
1777
5
24
5
15
9
261
125
3274
8
2
7373
348
10989
200
13636
601
1
16378
24
1
717
73
2013
279
84
2
2
716
482
38
9
41
1
2258
8
21615
244
6
211
8
2675
290
6585
532
831
9950
3666
10840
2
13520
6
14135
100
23
1
65
416
25
4764
105
2481
8129
15034
1609
1
11
1
18058
142
14678
12
200
2
304
28
7
2
4306
6
448
2
56
418
5280
81
11411
2
2414
15800
5902
977
199
17
509
28
2
153
229
1
65
10
57
3
1
951
376
15
269
29
916
73
3011
10914
13
15294
187
4
16
256
1170
4021
63
26
6
36
100
27
18687
2
292
1786
1
642
620
2
496
2
1
293
145
512
1127
204
43
3441
159
149
61
3573
5
22
473
1
17095
1
138
462
16322
4
7
2
64
7223
1417
148
12
90
16
13
13
360
6
3866
1266
1
298
1838
11648
2
3
1857
2254
378
6968
2
26
643
39
2182
219
32
1174
404
8558
747
55
753
681
12
52
4897
177
1219
1474
2
83
27
115
559
6
29
77
45
9967
3
1
657
8
10511
111
53
3
349
101
3
324
18560
2666
122
412
5932
4510
3736
210
81
134
776
45
302
4526
12179
43
327
14628
230
216
3337
24
14881
71
1200
725
1536
14
2044
1835
22027
416
47
146
25
21031
5782
1
2
5307
344
434
394
92
19272
38
6
1
113
438
50
41
247
11608
7883
5155
1459
18
7
132
6149
20
61
59
5
10601
10766
16920
1374
23
3873
349
243
325
8
6
631
4549
125
5
14
144
39
2
11
3629
2
436
1429
641
10262
419
2
32
7670
10
19206
2
846
2
12
3
3252
141
68
1702
1549
20
165
1
1337
180
11
635
2
9
11992
8
4
286
1982
3
9
15505
155
15
127
12
1
335
2385
8
2909
5
1673
2
2
34
28
4612
12
6
1
178
31
2
39
194
21801
1
1
20
268
402
1146
390
23
5
18
11450
67
2
61
2
913
37
2
18
86
3
11470
1
4063
4
9009
3269
1296
366
3
13
11
5
12
4541
2
5
3
86
5390
14
4
12
35
130
122
4
6
625
4708
19239
3893
7
4930
430
2227
1668
15452
4
2
5334
4
17480
1186
65
7
13
539
6
17331
6385
1154
129
2357
3
2
300
5093
1
136
1906
35
14
3164
30
2
12
38
2
52
31
761
2
148
14015
7286
39
3435
17
398
694
5502
4
3592
1870
4161
8413
33
5
13
111
582
1231
976
9665
308
413
790
397
1061
431
667
4
56
3859
44
22
53
21176
41
2572
9
4008
177
4
8033
164
23
991
9
1
670
127
45
231
26
8384
19944
8
3820
16239
433
696
58
28
2345
10
9118
292
8
9323
30
119
38
123
14
19
2875
1342
2
1
160
59
1125
2034
1393
206
1317
8
222
3
384
21542
6
1573
816
21652
1164
144
2889
124
8
233
10
610
6
31
21
156
9
6004
14553
8
29
275
135
2
2062
475
2
175
43
4
3755
32
7565
680
197
110
21951
18
832
17
10803
1
4651
36
702
15320
1106
248
34
8
6
4
8
4
2
2985
11218
77
2754
366
1107
3
5059
88
337
2
8
46
209
85
111
12711
3
971
83
849
1479
76
41
11
595
778
1263
238
672
1732
1746
16718
669
70
1
2797
35
402
2
3
232
1972
62
28
11
2494
3
858
3768
13
1926
9
11688
25
21
5
2567
2
8341
21989
528
3729
22
20463
2
19
4001
45
219
5
2321
6
1308
7475
183
5
1813
121
15
25
9468
2
62
2
1899
54
3197
2
4373
6
25
2
42
12
4190
999
6
110
242
2
271
9
6
17271
194
23
363
11569
27
3933
3
45
1400
1
74
39
2
1935
64
4
500
9
17
186
2621
10
56
1
382
6
15963
150
260
843
20639
60
3
405
7
13290
524
4
4
37
972
3
49
3
4
45
493
2
8
2
3
32
133
1001
6055
3980
14404
5
1188
34
16350
126
4472
18182
27
2
527
451
41
242
533
1178
18
4
1369
1415
1959
1006
1339
1
1
107
1
3654
230
495
922
15346
2
16661
25
36
1
5
207
9071
30
2
89
2
2
15
21
5
37
5
2581
2
10
180
5
20
27
1144
7657
54
2
3
3967
43
6
2
10933
12
1
24
1379
2
1251
409
1
10
20
4
2
1
109
37
3
4863
5772
1
31
647
2
1234
95
4
15
21
426
7
8
612
4830
147
175
12975
1464
128
411
309
193
10
3
9
53
3
143
8171
3037
156
18
18
29
9
3006
7923
1351
38
2
20
3
3
8514
1864
3
23
2447
8
1074
675
7424
9
2528
39
9196
2590
3512
3973
1740
327
221
1
21914
3
1076
30
936
488
1208
13427
26
1
2
9
857
10
458
5
594
2270
3
1190
14
6
2
19
40
35
2
2406
94
506
2
1
6
4
425
224
2899
19043
2726
239
9
11748
120
2563
1223
5942
58
153
5
20254
435
2865
1332
5244
124
66
4
2
3047
14
33
263
37
3525
19305
157
3191
9916
21
101
19
26
22
1022
25
105
48
2585
7211
10619
12033
2
11431
7
168
77
20
4
4366
21431
10
4299
74
34
8019
12865
16548
7
3913
11
6
458
342
346
30
12
1639
38
179
1587
114
6014
42
7
1045
22
6
1248
3
3
330
1783
1100
2703
31
2305
37
550
5380
2576
7722
7028
2
2919
15009
30
201
1150
15242
17
191
17904
1949
301
262
1919
52
4
60
6024
33
714
2680
8
10
11
7
545
1507
11
3610
22
14728
149
1
1335
4
6
1
2
345
1636
14
106
11769
2
24
3787
12909
8871
476
4939
27
129
5861
11
1525
4126
25
2156
2845
67
301
5
38
7
1
5625
8143
5120
266
24
4
2995
3219
2
14
7
140
691
1
164
2639
5
6
11256
2
29
600
3
1726
1832
161
874
3
2
428
2087
1505
1094
49
2
5
26
9533
11
305
3359
2
2
10475
339
2273
1029
84
80
18
71
1444
10403
25
80
55
3717
41
3
2
16
7991
34
14160
110
2134
768
10
2792
9
2
18783
21578
321
23
540
361
398
15
1119
165
131
1945
124
5703
21
764
9848
328
477
7856
15
11490
10157
8298
2
20
258
4
930
58
12
27
167
40
2
1
1038
30
3
794
235
571
492
111
1
2
3
2239
175
1544
1648
829
2
798
1
5
2325
10
269
17843
6734
756
852
15746
347
262
5
1
3
3348
356
2
5674
2
72
10565
2076
7
203
17996
12
11237
10
6
1
32
5952
278
4056
3377
283
12220
526
355
291
99
19672
1202
5226
14
75
7186
163
19572
126
25
43
18
63
7591
464
19
21
3453
427
6
13474
3
8
47
1353
8
7399
417
12646
98
257
4
7514
3
1134
11
6
2
5597
6745
755
2010
8185
16
30
1
1743
1
2707
20
2684
1398
207
2
3
18433
3
107
5
18751
7
1
3
20568
4343
6507
81
555
17
196
1755
10877
392
493
3
2
146
77
16833
135
3
1215
1130
4
74
238
2731
12799
317
4351
4
82
17
19
11849
2
67
3
6
2
2297
19978
2
1659
17
4042
1
1512
2
3302
4956
15532
1
2
2
2990
99
40
253
3
176
35
17691
2740
21
2
5473
295
102
10
5742
132
151
190
83
4
9615
9815
18
981
6803
18151
121
6
12
21
1303
96
2
11
2108
1
41
18089
108
336
65
1851
18
777
876
17540
1
521
7
44
6
4
1729
5
72
5577
39
9
3
2
6619
5399
812
11
5
85
3314
3742
607
948
3
429
40
19910
150
5539
4
106
2520
91
42
42
45
451
2498
2
1407
1
10
3
2
40
7539
9275
7
6
57
4
93
380
880
8
116
4781
25
355
467
2550
538
1405
98
5111
285
123
2277
1606
195
1123
1
157
11
117
2965
4
788
1
283
3142
924
197
24
2939
39
61
800
6
41
32
900
1204
920
388
1650
273
13967
69
11046
7709
1
9
13
1063
185
2243
10
3280
2850
36
2051
5
5821
26
21
7
13222
5085
51
93
8
733
917
17
1152
94
51
2
14
774
228
553
4922
6631
9
1115
20
2281
7
16
49
5
1
108
12953
530
213
24
19
42
2101
12
1
6462
8116
3
1
21
498
58
1
8841
6
1362
443
3660
5549
3
6665
250
254
579
8
7
5
161
8
1877
116
9
7683
55
2313
1932
5
2
5
151
165
2783
115
4
226
213
15268
13404
1
2301
5
63
30
14653
819
439
3794
511
1969
911
5
6
3
274
2787
70
247
9501
25
2
3068
1
11103
26
422
2
1
2
1
1
9
4035
117
4197
3
116
19
6
16
4
52
9599
3241
253
8
10
12
7
55
6909
87
1066
4
1
109
1
899
488
1
130
4
4
27
2220
4314
56
227
6
483
110
123
85
195
1909
596
15
2309
7
20
142
225
13
28
3
24
1257
39
3506
2246
570
2768
2080
16
47
13
302
169
2003
18027
16267
223
2955
4226
14380
1510
3853
32
18
427
15908
23
1
2
11
82
73
202
102
956
7
3641
2
2
84
409
4
4
438
1
8
2006
2349
12
7
36
310
16
12625
1
569
4262
13
15719
8
6
640
12
1244
11314
15138
188
1642
12
7336
7
53
358
95
4434
2
158
209
15827
23
1979
15
11084
138
744
14
2
1140
24
13
5
3
107
139
7
8587
382
1539
3
7
4
13919
5811
55
17510
3331
1281
88
5912
10
1758
4
3494
1206
7578
51
391
87
2630
22
864
20888
666
42
20
4091
328
3
49
57
15
3246
18
9
4
3813
22
17
1
8456
67
147
6552
385
3
1829
4
1845
10385
63
10
122
9
172
29
1
80
23
156
4
1
558
1
17301
412
6
20
66
6320
57
2
5
83
32
4797
1579
4
11141
336
9
1013
2145
9
19338
9
1
27
567
4292
13267
13
3
29
7
1376
531
122
140
1
135
16
17873
10227
96
18913
2
60
18
3354
192
12777
690
47
4105
85
82
8228
2980
255
9025
5
38
1259
10122
77
1
2
110
126
9
1565
518
140
4990
2223
3
674
261
23
10279
940
228
50
15
1890
204
19
143
232
158
1299
456
5558
2333
1025
8
29
3840
130
185
2
2831
2735
87
1
1
2749
19
1403
4
3781
1
1
9102
3
1620
22
34
212
352
76
17
61
2152
6
3691
909
107
101
10
312
5
21212
17
46
992
1848
14063
4748
68
7
668
6086
3169
97
1
5
311
5723
9632
5076
363
52
2
50
564
132
29
282
1283
7
18977
1679
2
234
21
102
2
16519
471
928
490
268
1
2
782
2
683
12
1
13020
1
15558
12821
1
5289
865
9
4
1246
9
2612
14855
41
3063
1820
7
10
55
186
40
8
2594
70
5128
6299
5325
182
22
157
112
14804
7323
48
4
12453
21
8355
15
25
350
529
131
6066
1
53
6
1388
300
3342
152
8
381
619
2443
15
1292
3
296
9
1494
4
1
11789
6202
1442
66
4
15854
2546
1487
49
39
3
343
2970
14779
4396
11509
136
2598
16
1
1
877
5
2
1595
957
12304
855
2
2
36
10
55
1557
44
4
11
4070
41
384
454
8213
6342
91
9
335
499
461
26
14
5253
4
8199
56
121
304
1
60
2369
109
210
9
4691
386
3
59
749
6
97
86
11
55
4
12
2712
7617
7101
129
32
5
4411
4
2
1148
6035
765
19
552
1072
1
1132
14208
192
713
735
1
706
4
994
5
7630
78
15190
8
470
703
46
396
13
455
77
13
3
9
4716
4358
1
34
54
2
751
340
2
9882
1090
1
8256
14
624
58
6
10
8646
31
12158
1162
92
2
1
5190
14
144
7
616
3291
226
3704
15
97
3
71
665
13
3105
131
10019
1348
870
1
1217
4248
11008
2
14
12603
2
2
10457
1734
14
284
120
2
51
13
80
3
12474
3
9212
2
3
1
20358
5
4
10192
197
2
18623
223
4
7311
3383
49
430
208
7
871
66
2657
267
12
1253
839
265
2
1798
13943
679
170
15
33
2
9
1050
90
7
64
33
16
25
166
1
649
276
21690
6170
19842
826
20745
4700
2
9933
1
3319
2607
16
8
96
19505
5
12431
2048
3
112
5
13
5882
8
202
1502
2648
120
12
15
1
3807
1598
1
786
408
151
359
1
374
8963
7
45
16
17212
11
17
1
2178
19405
206
33
16
85
4
1
393
12116
2
8
19
807
20115
6
11589
57
19
34
3094
66
2201
163
91
2149
4
4
4
53
2098
3
288
20046
2
1
8978
20288
415
220
1603
15
2186
6474
178
9165
627
5616
14
5
7113
5
2
5
28
7
4
9714
1
102
129
297
621
60
152
81
5
6128
23
38
270
80
2066
8781
31
16978
7348
2
8005
4
159
94
886
12241
1
73
6
2361
2
5871
519
2041
92
75
46
3
5
4098
450
388
311
218
272
3258
16
1497
222
13
5
3
78
6711
60
7910
9
20219
221
37
37
1
387
2
308
1
5
1166
11
15
24
21067
2073
11809
189
101
8543
5
49
6980
2524
628
22
37
825
2870
3
7
2807
12
50
728
56
1
8074
34
659
47
422
12931
2
123
4628
483
10
2
9
8
1319
1168
4
66
337
17
16
6
16747
1
34
655
491
4
9798
80
584
740
5
1142
13
2
36
8811
2477
18
453
379
3
809
6266
8
35
7
6
3
1631
3477
70
3365
3
13753
4
154
40
206
780
195
66
3308
1424
2468
16
29
21
15478
88
707
22
71
3
1472
69
752
9420
11
1
16211
1111
3
21
868
7040
7
103
2373
3
81
375
6
613
35
2329
1528
94
14
95
116
7
56
7
276
119
9984
6396
201
3
1015
12560
2160
52
188
27
573
1842
13
376
5635
31
106
833
2511
574
1113
661
46
132
104
20
5
61
2
480
29
8313
2
19639
2
162
8
3
14257
2130
1
17
2
50
141
3186
364
9436
906
5
11
350
892
156
33
205
245
2017
6529
7
1
1780
1225
47
7236
106
743
31
447
9549
424
4
803
4419
190
6
10001
516
4
862
5
4644
40
11
2
13
5199
888
252
486
883
250
380
15
1810
1439
1976
118
247
2402
653
14330
15
762
462
414
1676
117
2
1
1
32
8
122
17
4
1880
1310
1
2745
15
2
2204
5
113
128
6
3
183
72
14
14830
3518
153
322
13245
11529
174
11
4
2
5483
18
138
12998
41
20959
9648
208
2059
998
1576
16128
6
6608
6
316
1238
10139
5298
2
37
14454
1711
7
6451
4964
3
18
2694
18
2317
3
1098
9517
7
55
92
10
6699
3
1
485
3
44
6160
1
251
71
1
8691
1611
2069
10315
187
147
76
55
11910
389
21839
13
19
4
67
1688
17
746
10087
18
9134
21468
2
1600
37
9
1500
6245
149
6
2643
7
113
52
6418
43
4
1
21103
64
636
3
4133
11
2
14
31
174
20
445
729
4
16
17036
58
10053
3
2285
12517
4
902
9
6862
98
97
105
160
3
3
7064
1285
20
3000
1469
42
4814
3
7789
63
67
1
2
36
1682
2426
9
17183
31
1
323
43
4084
2167
320
658
243
1886
1004
12
13
23
3698
13
235
2
8
4667
6597
24
4
36
13
7869
1628
2
289
22
23
34
3286
1003
22
4
891
14
4789
192
67
12
1092
4
12755
32
8
338
7488
7937
371
56
21
6688
13566
14983
18213
46
13
16
181
24
6118
19
3
1
33
3
15990
1
68
16406
3
1172
251
329
13
6
128
5033
64
275
1752
8
4557
20674
2
51
14
16862
15426
249
1461
13450
44
36
367
166
172
8
107
18496
13613
29
25
5427
88
72
848
173
3549
7
6097
8
919
11
10244
2
6826
368
4
705
10493
3
30
48
2
323
21
1965
11
187
2
27
3
3579
2
16045
19774
215
4
68
814
15
711
245
587
83
143
1634
1
1489
13848
6
660
134
190
889
86
6
4495
4732
4219
1986
52
104
40
17812
20
74
1372
9484
169
44
2860
3561
10637
146
7
5
26
9355
5530
8
13
1277
19371
157
1
84
19
15936
51
99
6234
86
1070
14528
10
291
444
134
1581
77
2
2
87
32
1083
293
2
148
5262
254
25
472
943
823
176
17
2119
554
3
8
1
12
3960
5
29
1761
400
867
7
1
8
2
3685
47
9056
510
50
5
3202
19808
260
2
1268
99
203
17
