2381
10236
26
336
1382
3
3911
147
2
23
10098
17927
4
2
11996
1604
7919
379
2
2080
23
18
122
4
20175
14443
1332
49
3
236
413
856
7
15
13870
13008
1114
4476
512
246
1781
49
3087
121
5593
387
11
4241
39
9
957
12366
395
47
8852
64
3
87
8
11213
2421
4
1
125
12
33
4
101
21081
345
8
170
100
4
105
14
252
3546
1
4
28
3950
16255
3
7
22
16
265
8
166
12200
121
5
9218
17867
10064
431
5864
2716
16
678
10767
2734
5
525
122
55
77
5
71
366
607
13319
6712
3
2166
1
45
4920
8
664
526
3
2
4045
5
458
14
4059
46
3964
842
23
3440
22
97
897
10
207
54
259
2828
8
125
13
111
1003
22
2
6
3
75
8247
2
4
20
1
43
3743
2800
5
16
406
17
8331
141
4854
1103
7
592
19
7
6
10
5371
62
13274
559
2263
1
2896
98
26
17
2
356
363
8081
3832
2995
201
6
6780
1823
37
344
2
3
6
1817
123
708
3897
19
6
2634
1164
31
2286
10
144
10201
29
7108
1196
320
6
671
3382
273
109
183
24
3
12
30
110
187
17
4
3036
1378
10587
489
7
8943
787
5766
1
13
10914
2438
235
4
119
53
62
5246
8
36
16476
5805
1224
10551
3
9
15
177
3
184
165
3
4
8
8
25
6
14
5463
13964
1525
1088
35
7
3819
3151
523
23
894
6667
1733
3730
546
50
132
6
355
1062
45
4953
2
102
4583
3
42
627
2547
411
1454
161
193
69
3098
19905
5
2333
109
15505
6424
220
1
14011
2
8109
93
4086
202
1
86
1854
1637
8
76
552
60
2
290
40
165
50
1148
2
207
605
1140
768
713
868
16
63
137
13
3
102
1
11327
656
5
2278
10
82
7708
1620
18543
2462
20312
5
1406
13
2652
1830
5
4
17746
5
1653
8
12
4
3
103
25
4
7734
2
1
2
6989
9375
113
10
18
7
4
21
24
2
495
13
865
1918
34
2
465
1066
14
6065
12324
2
7013
14
15
87
2373
31
11
180
13185
5688
10731
76
862
7
192
5650
2488
12036
324
638
7427
83
3
4
4506
34
409
10445
3
50
154
10516
174
16146
361
118
386
44
16200
1392
443
3
9
16
5844
2
2
2
9
85
2
3631
12
12
349
17
2
6
18
19638
26
5574
1301
10
1693
8
19
56
13096
3119
1
4693
32
111
584
2661
125
61
1880
4255
1233
1912
7
8302
3
291
122
14202
805
4386
141
260
2
2975
203
4
166
12576
3015
3
1593
13
1
2
108
2
423
8882
18
2
3
1
4401
6849
485
7682
850
3
12492
4128
3858
3292
3768
5158
950
4269
1609
461
7
42
4
11
11835
6942
204
86
6
338
1176
11
919
10
8
6
15
4
9
2210
133
115
7
36
29
2
11
30
2137
9471
20
9281
7
307
573
1925
66
11137
808
14
3
281
377
160
1
2
519
7
46
9
7
17215
212
1
8823
2225
928
12
46
128
131
51
133
12
420
6
11716
900
9
611
3618
2233
8
42
120
1034
18
569
1598
51
2
294
14
6
19
142
192
313
1704
1
4970
84
2
5964
8
8415
1
2
311
6599
1
218
20244
14939
676
185
19179
33
159
18731
2
82
47
7528
4
5
6359
986
17
191
1710
117
5
500
6
463
18418
963
537
24
17567
4
2188
2886
758
1212
16
871
73
4184
32
48
140
60
10
4
36
367
19704
588
10
21440
3
3077
61
2
51
8501
63
253
84
1561
6106
132
6467
3026
888
1
1350
5
1964
5984
70
274
1577
13
92
5
68
5
2
16700
4903
577
6
6045
2857
179
2
77
2256
2955
21
209
2725
155
1430
1
4
13
13
4
2
1420
310
11
594
445
17390
6511
487
18795
358
374
2
196
6622
3
1
62
4
185
5537
3
1
333
15875
5
31
4
2
4
12
5612
3606
97
532
16588
20450
25
2
187
2743
1540
446
1449
93
353
14
1464
319
2073
2
20728
1055
261
229
1
22
120
21
43
2
40
50
43
8
342
711
47
189
262
8472
6380
27
4645
1
5
1156
3
56
131
79
4
723
257
2
276
4114
67
3428
383
1769
2
9
1
17273
5
1
2
1
10
1722
6
7
11755
268
335
1208
2626
255
2
4
2707
74
1
4
57
1
9
7
35
37
14
3129
16870
2
26
2
6919
297
84
88
5317
11519
2
699
14839
5
17332
2
18171
4
225
213
6
10840
135
7946
44
836
15
10
150
916
27
167
5
16037
7
20
3475
2
4773
212
428
1
2925
14
9
2038
55
1133
151
596
4
5
16984
54
4
190
424
17
178
15768
6
74
13
1220
891
3
154
3359
241
11
11
481
2115
7
960
1091
2866
7229
19050
194
2397
5426
172
16644
9312
4446
14
2181
5
17508
6
6
6533
3108
58
1931
315
26
234
227
6
3
99
14059
9
1745
83
7813
90
55
539
251
2271
1775
5
4537
14
3
4987
1648
8
13052
771
35
33
11250
996
1337
27
164
4072
745
1938
3
1
32
2349
191
1
162
7
13917
4568
350
20
1873
6
318
3991
2087
10
151
21152
11955
17
100
182
24
10
126
20381
1144
3
5
148
1364
1017
3
116
49
743
4789
22
18
359
184
2688
7892
30
6
14
224
11175
24
7205
42
47
11598
4313
479
94
6
701
60
278
2
13
135
4870
164
15142
337
1
5228
27
44
381
6210
4
477
76
474
6555
17
1566
14
1867
29
28
1121
8704
7
2
449
1489
14590
12964
906
426
39
7
53
26
9126
5389
272
12
9
2762
31
1
17449
1
8274
5
12
2905
10695
63
119
5669
1469
2
13455
95
2
70
5
158
5175
630
7
24
740
7328
2
53
16
4
416
1038
326
5
2573
3
3486
563
112
6
16
1459
11915
4
13592
1031
1435
2617
1
3
3582
5
30
12241
3248
11481
394
16
16756
15
18
1
13
5746
9
206
402
89
2357
18
5727
2
11
7
7
31
65
169
507
1509
243
10623
642
6872
5123
9
25
4887
18294
55
390
3
2945
1024
34
1631
15091
4708
1262
13409
1848
773
2011
27
54
1
20107
21295
2094
4599
103
19115
12
10
1
3668
1106
273
181
11676
4
1249
110
52
21731
1739
3
7
2
7
4
16
9963
12118
2
37
1
6
19
17
1699
96
22
4
67
934
3
287
1216
96
2
4756
2985
8054
5
4
6
781
15
271
733
509
155
735
2608
1
99
7
86
59
6
60
1314
4
9407
267
28
5
14541
18
4
1
2
20
139
494
2218
69
21
4
417
3806
3
11
98
3
554
1
828
10659
3
1
12
3
4100
3794
299
5
4
407
61
241
660
3326
10877
1
6148
3871
113
2590
21
6
1
12747
40
1
8
71
28
189
1716
7605
23
68
25
17
1572
378
1
1137
567
825
388
2
1099
20519
1160
9
1172
53
6252
658
1676
15
451
5556
84
8
9439
10
93
10
3
221
105
9
24
19
146
1084
2
4416
134
233
6
4
29
582
3937
1
116
27
231
2108
8734
129
15715
621
2
466
528
7
21
23
85
11
9997
45
40
1
293
10951
223
14346
3226
4142
1805
22
27
179
1
3
44
2
14
13
3
1397
152
2059
18922
116
66
15662
9
228
1514
13141
13
2
266
16
4
34
18
839
13823
3
169
5
3
504
3337
250
74
238
6644
73
88
640
3
418
39
2496
114
21658
29
983
52
96
1359
107
41
9
219
973
1
2
7452
143
3755
3303
789
2
1799
127
13684
3
2521
30
2
25
2
8
398
9344
3
3348
7839
245
11
11
2
254
1787
2
339
16
20
1626
3
8
54
9
1665
82
1
21
49
27
1
21
51
108
10410
1125
42
1355
2
3
23
38
226
448
414
32
57
10270
385
7579
12
1184
19
1077
18
5
1535
17157
10
460
1
2965
15
16
27
1
300
452
29
10
35
4284
181
2446
176
34
92
4
814
21805
48
4371
20
2
9665
4
7
48
938
9763
43
976
56
63
58
1
5
364
8763
9
2
118
236
3558
3
145
15
2
2
285
3172
3924
20
9064
2
1
62
2771
10
14
23
45
2
17
2365
2
177
12
305
372
3643
3717
440
4
3
1
110
10030
6295
11
1991
19309
52
160
81
16813
9535
17
9003
3
11
81
5020
153
3140
270
129
7630
33
403
3067
27
135
8
1861
3
19572
2
5
7
101
64
4
57
876
2
697
1
18
78
1
3
2564
21
1283
87
1425
2240
511
57
534
61
4
797
6
50
30
17
2
15
47
1266
322
1
4630
437
3417
7132
10
5
41
5
9095
795
15
13
3194
2004
803
27
2454
1
42
56
7503
1440
9
8530
15610
23
5299
11442
13
18
2302
15400
3
6
21
284
150
3
13
41
38
1659
4342
138
9
1484
2405
2
2
7
6734
38
1
168
514
89
32
94
5004
33
1188
351
704
20
6
690
19374
7037
69
15
497
2
5824
51
142
13
1237
8027
4461
2582
1110
312
1
2
6
9567
1681
1118
6
716
5
12077
275
296
492
7060
16927
1886
3594
565
247
3259
1905
2248
970
5
78
2
31
172
7
800
21367
2697
1
343
2479
2
598
258
1245
292
2
1292
750
7
223
1530
1842
175
1687
1
15194
6
249
1957
931
54
3
1971
130
14640
1258
2195
2
2159
649
58
8675
9600
2
18668
6
600
263
152
6
194
5193
1
3
45
9
9
3463
139
882
2
7787
6402
1519
4724
3
298
405
718
3
1059
104
1556
687
12
14298
19838
3
8444
69
6689
95
8000
301
214
256
21585
4
70
2
131
80
211
56
2
64
16
140
2935
99
4
37
63
68
5
1
4
2
472
3534
2599
3005
19
22
1479
23
6
29
43
57
23
3
5884
811
7
22
137
1951
103
46
59
30
6577
12534
101
72
6169
9
1
91
579
31
14689
302
2
19440
14739
39
2
8646
674
1793
17806
990
67
130
3498
29
20939
1
88
33
7
32
8912
45
5140
1
1
755
317
11795
2
41
1168
10
18605
91
12
550
25
2
6231
4
7084
21
17
10
65
16310
157
455
1052
2
1129
1
106
208
34
3
9
14154
38
68
282
98
19506
1
5089
2173
37
70
18858
346
9929
17
518
79
5708
8
264
328
85
48
535
79
502
9862
67
859
5
3281
250
738
128
1751
8
1027
1670
4
885
399
1013
7402
21
8
1
2
20868
2
73
148
120
14
23
8617
82
5106
4
12704
6337
12
107
9503
36
1545
5
7
12834
19972
1411
4198
19
2
156
20
55
12
396
830
144
37
427
52
6445
2818
4821
4805
1
1305
127
331
134
14492
18
106
5
13546
3215
632
439
2
1
1582
6316
39
14250
29
13
1341
2
8163
13364
40
3
11875
1000
214
4614
24
168
433
8359
1615
4
95
1551
482
683
944
12
3692
469
25
4
5
357
763
348
13638
16
680
5785
613
40
215
7278
1811
13
16
12619
2018
1041
1204
8559
136
158
5353
329
4
7866
6
104
853
74
1192
38
1007
7973
4
163
11558
1984
2025
14
421
126
1045
4
29
4522
35
242
4212
14889
108
4
5
14395
12662
26
1080
7760
619
4004
430
590
7
149
5518
4
3
20
3
6895
73
7254
92
548
104
28
1152
5
5
39
52
847
71
239
9730
2643
2
11
124
2
2
784
9796
13
314
1
197
173
28
362
15
286
3
541
980
844
11
2
879
277
1228
3
24
42
44
44
667
36
11
1387
1499
1944
2
728
1254
37
6
20
35
2
200
16420
8
1010
37
34
1
3056
182
80
3781
4552
3
609
5
4
2
33
7
6
454
102
41
209
11
2
2
6274
10804
12
10480
623
79
77
240
1
436
617
873
3
3
2513
14
26
457
3845
4
3183
15557
1275
9
3
12790
7156
3
118
634
22
22
4327
1899
308
753
21
64
8
69
17099
51
15822
3
1288
11
22
16
22
210
2317
39
8
17042
2203
256
245
1
28
33
65
19
2
11
89
26
2876
1997
5335
32
11
2
10
306
779
21010
9034
143
36
3705
913
11
3
10132
2
4
303
4
16
124
33
18
173
2
8
3
586
36
1
41
10
6803
8
202
12283
11
23
41
8
721
147
2
1
1977
490
66
7352
1
2
21512
35
1504
3
651
9
198
5
9
341
822
1474
28
40
21224
200
18109
2670
4018
3
484
761
2151
2
61
216
2
38
6
1279
12408
2
9
1
376
15
3314
521
615
186
6757
1070
64
903
28
59
78
9
232
77
5904
2790
26
83
1
3161
2
24
6
6489
25
2
90
25
36
8588
6
175
3
369
59
1
316
19244
1180
9632
18
685
15
13730
18232
373
1
71
8973
557
3270
15
35
163
1
2
1346
833
9829
3
556
8
5
7
19
2
4740
15929
1
28
9187
117
5
7377
694
1
49
2341
47
2
1073
3
1
138
4298
89
17686
199
19
2538
157
288
91
32
2838
66
230
2294
75
10
819
295
8136
5054
229
3371
2679
58
17
1328
1319
6826
30
49
97
5408
195
38
669
4677
5944
3
8
12921
72
149
2
1
21952
205
2389
3
947
46
2753
1494
993
647
1892
544
5631
4
327
53
434
12159
5481
645
3
196
1095
106
72
1401
11403
3
5281
9697
1020
3522
14
5
3046
5444
4936
2
2
220
1
1
48
159
14106
81
1
2
1
14
1297
1
1
325
2781
3
59
90
34
3
11100
3655
9156
2
1
161
2031
2530
1
3451
2
7
11
1
115
44
4357
18480
3570
2123
2
93
269
5037
6189
9
725
4170
602
8
1323
910
7477
16
7554
15
10
52
24
2
2
330
30
1
1048
12450
10
3884
32
3680
75
94
20040
4
5
748
26
18048
2
24
2
11288
57
1444
1642
237
176
13777
6
1
323
283
561
1
6127
3
6
4
2101
12877
1
156
352
2
5263
816
15983
8219
3510
123
6
2309
18
25
368
7
11062
8
925
530
8793
66
10167
107
279
2
13500
136
198
543
792
146
21
15452
1369
1
12
692
442
2
468
15297
10
19
72
5072
662
2
25
1
1
571
16091
40
410
20
15245
10305
1727
4837
7
2
3
2
3
3977
3
1
5210
65
505
28
15348
14789
5
3405
954
6086
4491
43
11365
12
7656
263
15
32
471
2
2809
581
14
1
10375
2066
516
11025
20798
6004
2130
289
21878
4661
4031
127
2413
17988
3204
217
1588
248
9896
19
20
20658
12
2
60
46
1763
1310
4226
5
653
1
11
9250
10
15041
233
1
7181
1836
2429
730
8387
20588
170
7303
13230
2144
244
499
4156
76
43
766
205
81
5924
11
922
2045
20
113
392
9
3394
31
776
2052
16365
1
382
5
143
6966
2
112
1
1271
222
111
3237
575
8191
706
4
217
2847
18986
35
1
1373
58
145
8
12
2
1757
22027
476
2325
309
4
38
8
1241
226
4431
31
13
636
3
75
11637
54
3
3
114
1415
6
3
5
2
1200
304
12
1
8
17
280
30
3
50
1
17627
371
941
2556
391
2471
78
400
5500
10340
22
1
171
10988
3
967
2915
4
188
48
2
14990
16532
334
86
18356
625
5
2504
6024
4
46
19
6
80
5
19771
100
10
114
