11745
17
12
101
7
638
19
782
8
37
10240
5159
5
283
4
17
497
2
2
4
17307
12140
188
4584
4477
21
562
1089
23
61
884
77
38
31
120
7
44
1147
2803
62
18667
11969
33
362
7355
1243
872
2
3
614
18317
4
26
3
2
2288
24
1929
372
171
1291
1628
2
8
3
41
9860
816
4150
70
3
167
40
581
1261
4716
5
1063
390
5015
2526
1612
332
2398
3
501
36
6322
2
63
11634
96
18
7933
9228
5
4
205
2
18
76
1
156
22
1203
13
5208
528
3517
12971
5038
88
10
2071
533
4
6723
2725
7
60
53
4605
12
2
1
15
16352
682
2
594
27
15820
392
5
1
13094
54
753
18756
4
34
3
16
8
30
79
9953
419
4111
506
1392
923
255
1985
7
16586
6
1589
3688
15305
24
413
13407
7015
18
21
257
19204
1000
718
1
2562
10
1360
7285
876
5460
492
51
2
65
9629
7
21819
48
4310
4
2004
22
1651
6949
326
2
95
954
3
230
37
657
494
1920
7
30
1005
518
1893
8
5670
52
5806
6
10
53
2738
1347
16
4
820
5282
4
228
3
13
19757
12313
5
16
147
10685
125
1255
6352
7784
4874
51
104
149
6
28
6
14598
4921
136
79
133
4455
7602
8
10337
174
383
2
13471
1406
9
1
7
2
16122
8475
10635
1
3
176
3940
14
6
8
499
132
218
254
239
172
6
147
2790
1322
11097
25
1
5
722
34
26
14877
844
6
52
14
2
7747
222
318
4
10584
1
48
175
94
3
17
242
15
68
41
2
243
3
19
48
7320
4
8
398
55
513
68
5110
13
1
364
641
2467
130
465
1
1575
1220
1231
298
13
25
6
6292
10
1
848
450
9
521
1582
3
13990
6
16
4015
1152
192
77
27
232
20
15
4073
1126
1
21923
38
15018
74
10
4
59
2
2503
1453
1353
6659
7
441
6
117
415
62
176
87
4
9
1432
91
5
2
14056
6
6
5
76
1
1545
167
26
191
1
29
186
15
313
918
14
46
3959
11
11856
5538
5
151
3
2981
9
2444
7
6819
1659
531
1
374
26
4
1976
20
1010
12255
1115
2599
2
32
4
149
17889
13218
421
3419
114
16430
3
13
49
9360
536
7895
35
1237
2
3200
2
7
15233
16508
2
3
19
17805
2224
10993
107
269
12026
1399
6
5
56
8802
80
102
8046
1039
543
52
67
10048
67
1
294
2387
4519
3
153
7082
164
231
33
1939
29
126
135
45
190
6
4
163
14461
21
2
308
36
31
12548
446
76
1014
7389
1
483
3
8
33
16744
19295
42
16983
472
2141
58
24
832
178
157
2953
1
66
2
16823
267
1858
7251
2
7674
2
6443
57
1029
1419
1
57
69
409
50
5
4
22
8356
6
140
2101
20
130
13
73
10889
200
4
15089
4
21
1488
2
2
12
2674
567
16
669
198
1460
4828
2192
41
12608
35
5
29
25
123
2
2
10838
300
18934
88
1516
20
1523
20134
3
287
21410
1099
210
115
523
14
2
123
11
371
4270
11255
3
4
53
2479
2
201
40
33
1214
4
1341
2575
675
1412
92
836
1197
4250
11
12
688
13
16903
97
15671
6203
81
7495
7711
1666
1
429
1674
155
1714
23
223
3
43
89
1
3
2
3484
21009
80
31
715
586
12
8
880
22027
5257
154
771
3
70
1
15524
272
15378
13281
626
9098
26
403
21
10001
17144
1605
3140
311
3009
58
3
9
9
10192
10535
9316
11202
74
9
17554
2764
1
31
789
2857
301
17063
13599
10
485
157
11362
3
3277
1297
107
5
1446
570
1
402
936
8277
4372
17471
110
10096
8
2365
278
84
487
12
3501
14257
12910
3830
64
893
9141
4897
1538
2042
2421
37
2
940
34
435
47
2514
1
19387
5
61
165
12
83
100
2
24
10787
19479
2
12083
2023
307
3794
2843
3758
40
729
14
9584
1780
1131
3585
21109
3602
2
1136
4
159
20229
3
75
1
14
1
1186
11150
8596
1
431
16
54
767
19
138
7424
1530
7
2
1690
2
17721
2245
358
10
18
14
18
2
5
82
6262
45
1
146
2
3125
2410
6
1
7
3
27
2649
121
42
1158
805
7
1068
1
407
221
21209
4053
21
262
94
1
7
2
1
12
396
1698
3
117
58
119
82
4
16
2
6412
1474
115
11309
5591
6473
2
4
812
367
133
4
30
5
927
2611
2
11470
3653
840
3230
18
5
10736
2
3922
4351
6755
1597
2
6
589
12668
5
3
20325
261
78
32
1
2
9813
786
7
357
1
2
181
30
4
2
10
86
1094
454
8
19
19
1731
9
7
977
42
59
7
1285
120
38
4210
685
112
214
15
23
348
2255
4
145
2
52
2353
6883
1
650
139
3534
5779
1567
14393
712
158
3
47
4562
127
1772
234
757
10
173
27
164
551
114
1120
18579
2
14123
13
17
1
14737
378
19945
58
11
1169
6
315
87
293
1552
8
701
78
910
760
1426
69
19024
220
236
1
2
69
2320
9
11
3
478
2636
26
1481
469
16
286
18
679
2884
1
2
235
249
427
161
50
320
8161
85
8844
578
10
188
72
609
131
2456
271
86
5
1
8
88
852
1
54
2
5861
5
18231
1180
44
12372
889
103
6
16
104
9
121
1058
4
9
43
23
2
963
897
41
304
226
20
439
18404
2266
1163
22
20
2995
4
12
4
47
695
1
6
251
5
1
5332
6
4
7
23
6
3978
5
3111
749
11
5
13
21309
5
1
1366
182
109
22
1273
141
13924
106
11579
9539
13
137
198
260
8435
2
18
17
1074
15
9
17
27
32
197
80
39
215
9
4
2
864
554
1019
86
4
238
20
25
3323
2
3
824
2
93
476
207
2
3636
180
3
3468
5512
1044
4
1034
3435
13032
1764
433
13535
124
2817
37
2
247
227
21614
5
3670
1635
61
3052
18
538
3
162
77
128
592
4
118
1
71
18844
51
906
8122
30
1
154
259
244
206
90
15
66
8
1902
2342
9906
91
3
632
14
4627
2
98
3339
746
7
2091
70
216
3
6535
11416
2081
9
4414
5
6
8
27
179
11800
96
21512
3705
196
116
184
202
3866
9
949
3387
59
65
14667
160
986
113
1267
1
3
2151
352
8238
9675
2
125
24
256
10
5
331
2
14
1502
9
340
150
365
240
5307
914
3
302
1191
5
6174
14529
48
91
105
13858
6001
967
3996
20812
1
54
4
108
323
1966
556
22
572
275
559
732
3
246
6
474
8761
7183
16046
32
4944
3
129
250
9
452
3403
24
4
13
19114
3903
901
647
1832
63
5644
9
21
1
12489
15450
5
64
17
1
16275
5409
337
1
15
9272
1309
2
10144
2
8199
388
45
127
504
1249
26
26
1
25
13
36
8008
12849
17
7638
3067
2
59
14947
16
3261
793
5
41
2
6504
170
808
7821
13
3
3
8
12728
1
3
4738
32
45
3
71
1
264
991
4092
34
2
2
51
2111
29
9055
2699
152
575
2
7
5945
82
1
7
7858
6
13344
10435
329
2751
6
3246
2624
3
7
266
42
143
8886
55
1884
2298
3
34
42
11
1104
219
448
5086
3
7530
17
342
183
5
385
148
3
5
28
1439
2
2
18145
3568
600
11525
11689
1
9
212
1
11045
217
739
5973
1
7
83
2587
511
2686
1
233
5724
692
72
3
224
972
660
400
14
4
17225
6
38
3
31
11
5889
2
1226
2182
2
945
583
1
9
1316
10
8
8084
1
437
3
20
10
9185
1
74
53
1
355
17389
2
8
20616
18491
764
84
2
276
2213
33
2661
13
68
9494
860
1373
6
20
168
22
423
12
14190
1048
13
2
10
45
28
310
1797
49
2121
15895
75
3
8678
5358
98
60
73
8
62
1328
3
2
1
606
17
381
280
195
7115
2
20039
35
5434
2331
171
282
666
801
81
7
15
1840
17
2
9449
137
13793
5183
274
3
2
3776
15
111
7
3740
1
8637
50
481
3308
7
291
1
12
1823
22
456
100
132
4034
1279
297
12
6
13728
31
405
14
6982
5564
3038
35
103
27
4760
2
4783
26
28
1
8970
35
328
21
8
29
5751
22
981
7
25
64
11
19
12
9767
13
4131
119
2491
12198
379
12
5233
8719
19
46
1849
9
7
5
4
19
1174
8
3
305
3
12
7566
134
99
17637
2
5062
2
15161
20713
15
108
2
490
1706
2
3
44
5
4
735
1386
3185
128
17974
1
8
2052
4
71
4
7048
2309
411
1
6030
10
5
322
1303
22
314
177
509
90
21716
3619
12
2
44
2
3355
2
15
16
4190
14
603
288
194
47
339
4
8
229
958
50
1
6
2550
4
2
2712
34
11
106
11
42
2830
49
2870
1
28
6145
39
4
16
99
1948
142
4541
8928
208
5486
1723
23
2433
284
270
11
2062
30
2
360
7217
1620
11
1
3452
4671
6851
116
9
6691
597
64
425
1053
3
4806
1079
13156
36
3
1
10941
778
20
102
40
160
24
5
5383
2
5134
2
16665
7970
4434
353
344
15
461
69
3
2
2277
11
705
18
12
11
3
2131
23
5
7
14
213
1142
73
2
1
2777
345
856
46
1789
15745
209
742
3
2
9404
3
139
3371
4
122
57
1
20518
85
2
17
16
30
1208
828
1
14
295
36
3
56
25
2
546
24
8
109
1806
56
100
10
347
9013
5
24
1334
6
4290
868
60
1739
23
18059
653
10
3551
31
467
135
14325
6
21
1
3
211
55
110
38
19664
2
4649
1957
19
189
6
6566
11
265
23
29
2203
4967
204
1110
4498
199
6787
2
181
9721
3
89
15
6087
290
1643
708
56
1495
443
1994
376
387
143
7
2172
2
335
644
18
1379
516
4
8556
101
2939
65
28
2
253
10288
725
169
84
11913
620
10
2033
3
3
39
39
2
43
1867
617
8
1
2
3081
38
3848
12430
1755
541
417
932
4991
10
6059
49
5617
3096
5
10
3
4393
2911
11
1509
29
97
35
55
9
564
1
6597
37
113
1814
15970
7460
6
1
37
20422
325
2
3155
3292
61
4
317
1
3885
44
394
241
4
111
4
15597
526
4170
2898
49
14
46
775
19
3723
1911
32
2376
40
19571
185
635
152
93
672
1
458
141
12
95
32
7
145
25
10386
5
350
79
16199
4
4
663
549
67
7149
3024
8396
5834
3170
9
1747
1084
18
2234
6
105
1
4851
5
166
13663
39
2925
3
92
5697
4
203
4693
5
6916
1
2538
20910
14807
28
4331
94
995
2013
612
797
3812
279
3
2967
698
193
1467
46
2161
1024
8317
1876
4
8516
463
19850
369
8
623
28
5917
1560
334
43
10
6233
629
144
11
63
3215
3
21
6628
12788
6116
17
4230
2
33
75
1
66
248
11
6382
1682
124
187
36
2
10485
