1
1274
86
1375
130
144
10752
1299
14419
5
10
858
13
20
7
263
11141
6858
17058
915
120
1529
34
1673
213
112
196
32
4912
40
14835
4619
49
817
7022
3
113
17
11300
2967
1
887
8
10
5
6388
4
3706
4
3081
10476
1438
19
60
46
6
1924
224
269
4132
8
1018
47
719
2
5
285
409
153
924
25
310
68
3
5089
50
13
1224
1
110
42
6
633
21309
2347
15371
5174
4405
161
3
16
10625
1
4
2415
19430
6165
69
3
2218
28
171
933
6
13086
469
3
705
15851
1262
7
7
1879
3067
4
5
2
9
318
39
941
21
7224
17
8
5
4877
3
3
5
8
35
7468
12
55
8648
90
2
45
90
1
3988
3
329
2186
558
6448
1
1469
6
17099
9897
2
348
11
16
441
26
4674
1032
5
30
2
342
145
103
52
7485
58
14082
1
602
235
919
1045
450
4
5908
105
9507
146
4172
1588
489
18
10231
272
1070
490
73
44
3170
48
1233
21008
8268
41
1
4
3645
4074
2
4
4
1615
86
533
13
1758
178
3
2
99
551
13336
25
6
61
53
139
3960
155
2008
14
4231
1287
72
246
2455
14
3395
3074
280
29
17
16897
2
2
33
18
15
137
1132
6
4
16
217
9395
15
6
107
16502
1603
2705
1035
304
3
237
9
14
12305
3
6587
12
898
1573
267
2
8017
506
3387
182
286
161
12046
41
17
355
3
326
458
37
154
16620
11
1570
22
277
11598
2
194
193
1
6
1705
384
4
2
1
7904
9
13
2
69
368
4652
150
574
12
270
20
6
7
6
12334
280
2843
1
149
155
50
17467
18098
1
547
2693
6572
1001
79
21665
702
16
3886
107
1
516
254
1
2
4
136
676
42
24
5030
10
684
624
2
5412
2046
7998
187
1
72
6328
79
3
9874
21819
68
94
6078
11
95
7610
19708
14
1919
3403
1857
1090
60
13983
3
9
35
4
5
7005
2
2
17
17343
157
1
3654
6
3460
12
26
16
2
24
71
1638
5
2207
1
36
15335
9024
10
177
1
1165
266
3
19
2
385
75
2
6
65
665
14660
113
2
2
5
13
1
42
11220
45
5298
3
3697
2932
21
60
15
419
2381
191
307
1
4
9
900
4707
52
284
2161
15554
39
1
1
239
38
13
2
1551
23
13
1
671
406
100
13
3052
3412
62
4
19
186
5
101
19
51
12481
16231
1472
1
7432
9132
17
31
3
15739
62
3436
14
15226
19476
4511
170
68
95
3
20663
3
930
2420
7
2265
12
122
46
43
25
3
1025
18
3
10
18400
9
2171
46
3
686
2
510
2
2484
531
102
5595
20
4
210
11
994
3867
25
20323
11114
29
265
27
891
4597
39
331
71
18
79
22
17716
8386
2
17550
23
8876
20
6
2
106
9
14
29
94
1424
191
4554
566
59
478
399
5688
278
31
11
8
118
7
19
7
1336
216
530
36
75
5648
89
6
1
5
1122
56
10
118
3363
261
2673
46
13055
2
4
5
12
2
282
792
10377
13917
6358
1
93
16424
119
6
240
1455
2836
1067
4663
2
5978
234
7173
1281
471
3
90
11
13753
371
14870
1813
247
57
20
2271
2150
4
3768
8190
378
2562
6
6
1665
125
25
165
2110
581
14284
7310
5361
297
6
76
30
2
2
46
2757
1
2
21974
3904
4
1
9
334
2
3
299
13785
7450
532
752
141
3348
15118
809
34
6035
22
28
5248
197
114
178
1268
8055
232
2
1607
4
1
2974
439
324
35
1020
14250
3
452
71
226
3
231
223
2
10134
1
64
1
9
370
436
2661
18444
29
7
4959
27
28
1
5
198
6
5323
63
16
1103
116
98
190
165
16
1431
138
14183
2
253
871
6224
1
10
343
3
654
2461
8
1435
4
2
16
3
13623
1
3
50
4055
6
3
2
10777
4
2617
8113
120
2
606
12510
159
9
2
608
7055
1143
864
7241
2
3951
109
4
889
9
2314
25
73
74
180
4608
518
15
1
72
20
2526
15
5
570
10352
1
4084
13
9
109
58
39
2135
4
6283
2
467
3
3
586
9417
5053
35
7
1127
1168
4447
160
9
3
18
6666
2642
132
5336
9
2830
2
4
44
2358
29
45
20859
29
3510
76
1311
75
5
4
116
130
212
116
2
2
2
1
20565
1721
4
4763
4
139
244
4458
3594
8834
107
40
92
1
14049
16154
6
4
64
454
10
31
944
86
2508
7
1170
15
240
5374
3
201
8793
1448
9
1418
4575
612
22
10
4994
5
6634
9552
7
1
16978
383
5114
1533
935
12
4113
561
3163
85
1365
5555
3
5101
26
2166
4426
11
3
1746
29
10
2
84
1
45
4
6
600
4
231
12451
3
370
4
48
43
856
184
11354
453
3238
81
111
26
36
34
881
14116
47
207
4866
6
1093
1
1
387
10
218
3
83
7961
32
8
1
660
3155
1511
78
28
15964
619
44
7
172
1
710
31
335
19338
451
19848
3
123
5464
6
16463
7
2877
71
2
1
8628
27
17
396
9462
4
67
13368
9
873
3
10086
2353
20
1404
2
98
142
302
1
473
7362
9089
143
265
1677
1362
24
13
5
47
1242
115
55
739
4
398
6373
91
97
5477
637
21
1302
11
245
168
6939
14149
7
31
61
785
52
38
2
1207
6
92
11
12993
2325
2744
1116
205
3
145
3
18141
12
722
2
38
4854
16
57
6021
2403
17508
1634
97
2
315
9
1040
567
61
24
388
6
8446
21258
3
4
3
88
89
119
3
10525
2490
4
6
1518
1910
7122
82
731
727
3
7
3831
5
3208
589
2
16
26
483
377
1
3998
1566
333
140
796
1
17843
15
53
21
30
21058
5
24
12103
321
2
22
3316
4
8
7
164
9620
8
1101
2
101
50
14
1
4094
6
7
9944
1452
549
8
55
2810
4
4065
117
3840
41
82
5311
1
9
1
5
3822
1
64
16002
440
1394
11989
27
151
4543
17
4
33
1445
8036
84
18531
50
224
2
227
21
7756
14
2
5236
8587
3
1218
32
1
48
2276
254
18
2574
6697
53
5503
3
187
88
5
1555
1
4889
11736
11
3
141
8426
1897
63
410
3
3
1135
34
341
1933
842
8
9
2995
149
2
9968
143
17
2197
27
395
4947
3
9
1327
3877
1308
3
745
2
6
646
462
38
4241
7139
1750
14
4182
836
37
59
8
3715
74
2680
2
7811
23
23
379
2
18
2
850
4641
33
1321
3
20084
3
11327
85
1
17
262
2
62
2
19754
3
135
946
408
5675
1
17633
177
61
204
8669
7719
4718
790
374
11
819
403
14454
432
13655
11434
6
17
4
353
7
7328
2
7156
1585
129
16
5
20227
1
87
2
69
8
476
49
5286
7
493
12
1
1
1062
2115
6403
22
5211
78
17591
56
36
6
206
290
11
3
31
554
15298
1028
712
16116
12017
1805
3
2
2342
54
91
294
838
1082
124
482
8
296
20
2
759
28
627
15262
4
1870
913
59
16778
457
826
18357
926
5
697
165
66
106
3
3
17
5729
4843
21
25
2
6238
2298
9
2
480
72
170
20
966
4
2611
982
7380
183
34
19
6
5
63
8
80
183
263
805
21
10500
1
8710
5138
3
1421
112
19065
14488
3
11
67
1883
18270
7
54
13720
996
4
245
10
1901
1562
258
17
3111
308
500
1
29
19
4
16
615
131
106
13
30
6064
5824
270
32
38
2
14976
4103
273
86
7259
87
4211
7
24
8
152
1
1196
309
23
485
45
2
575
2
669
2331
47
283
7
10575
437
6
1
219
1
137
20180
21359
6
48
2870
128
25
5
56
10
2496
57
1236
1013
1
405
3804
19
18
91
169
1179
9046
6809
24
416
1055
4
21613
203
112
11681
274
10906
4262
6777
4
76
3340
522
48
3452
461
22
1278
94
8918
8
692
610
320
58
2
77
852
9
2592
375
100
33
13495
16040
508
3671
1984
689
190
43
7
4935
1462
424
1975
1372
14
1
5
9597
1284
748
8
74
1359
1490
163
2027
7397
236
5451
4
260
578
13
715
360
4
639
1015
13
2145
6
772
2
10
378
906
109
2249
36
7942
2790
6
9
3024
7
14591
19
517
4
15
6418
55
12
60
2770
6107
30
14
3
3
196
83
21
381
2
20420
1
1
2041
1600
2
1906
4282
446
10
11
3045
58
48
34
14
2432
12
17801
521
51
2032
16
140
52
2897
663
911
6510
9351
18
1
353
11820
4312
63
2336
2017
315
8
2449
14
484
23
1216
2
23
1111
4
8094
2303
19989
12276
18708
17
2
6682
1998
171
8961
27
2
18
10
17
32
17
126
256
5
23
12
2
5041
33
27
20468
757
13688
8486
1368
4
7647
4
978
3
4
786
388
366
9003
5
313
1730
8607
5
251
1619
220
1
2
2586
8506
39
515
12901
321
1198
5
31
21
75
3428
47
8567
4
15154
10
12750
14941
192
3
349
975
6
509
3923
88
3502
76
17
126
732
2946
1230
8327
17018
64
6
10328
1626
9
242
288
8982
76
37
1848
93
6
13
6
14
264
7
402
20
1875
2
596
289
50
3293
7
5162
1159
6
1701
138
412
367
1784
523
12963
23
3254
5542
1
12689
278
4343
4
23
134
7867
41
77
2
815
1
18
19
1
593
248
12810
98
29
2
24
622
7923
1037
124
1204
12074
15702
2
47
472
413
81
95
7
2
34
7
511
10255
41
2426
103
12
7575
28
391
1176
1630
9666
1779
1717
4
2202
16699
10
62
18663
69
7
11708
1
2
2
1
770
1411
12630
7
13242
15
14216
54
11462
4532
3
1355
1441
54
5529
3733
44
468
5516
16738
7979
14626
2
4808
2369
15889
2623
44
1796
25
811
15
250
82
6793
26
21
1504
20132
210
2
65
172
5
257
7
328
4924
8
823
1
401
3
5
4
17
16857
39
2
38
9154
53
14
116
221
19
2
1763
1106
3148
267
1324
1095
2783
11
3261
407
229
3518
110
14557
36
5770
136
78
828
6150
1414
121
9
193
763
7539
2550
13210
7
22
400
372
694
8
4
12570
4900
324
11
20958
1979
18886
158
95
1540
65
5
45
13024
21460
23
38
834
33
295
4045
2
6956
3
1
3
19
20
4982
803
3002
14800
7
66
648
7039
7683
5568
488
151
33
11
9219
7
39
1581
204
214
347
2648
1
19156
5
51
177
8772
12
309
2
25
27
34
6
642
3786
28
10
39
1970
8287
18012
113
14
33
2
207
172
12
13117
137
100
1080
22027
230
4333
1792
206
4
428
788
74
1965
6136
74
111
9
35
19568
3285
42
2
104
180
28
1
7
512
357
13527
7
5
157
7521
2532
6650
2686
3724
319
166
5
985
57
9
3140
781
2
3
9
24
3
2
3932
2309
4
9
21
4
414
2
287
13273
12871
6464
61
173
2
6
13
215
2191
2
4
3526
18619
343
2630
4741
1
630
252
6
1681
10932
85
1305
18
486
1861
6209
625
211
4970
82
117
312
8
45
1
15444
10158
41
10
4
11
9
2223
2
1
27
15
146
89
2
3
11167
11764
8
2
6433
1611
312
11932
134
668
20
88
41
18488
19661
535
4696
2120
445
26
52
174
13305
35
40
553
4162
2
3577
1296
45
1
3663
12247
90
14
2904
15776
14351
390
41
99
122
8855
3750
456
16269
636
131
955
621
1050
447
19
43
11876
4
11
19
229
3231
12
6
2
28
59
130
5187
1428
9328
2911
1
1
2
28
3
1
27
6006
2056
392
2
393
68
247
10829
6
14
5438
2130
93
386
5702
208
30
12
40
537
37
1
1
1157
143
236
565
173
1
26
55
5964
16385
9
2003
6
11
5
10
2
1060
2667
16078
15481
27
6092
5
8
2
205
8
422
8
25
569
707
9373
750
2
937
18184
442
922
6313
2
2514
1508
109
7
1052
159
1075
973
2
142
5
18
255
145
15628
9735
498
6
18796
148
232
11
1
21562
11
1459
40
8132
2
844
3
7848
5
3
156
10
271
415
4
8526
37
10
233
6729
7
2
2777
4292
96
2918
631
8
8406
166
755
301
1
84
50
51
1
4
651
2
18
2438
4
1693
20909
365
5387
3
1822
4
56
20037
69
363
3
1
15
12
592
20275
3
133
12659
10110
1
164
2
11
777
492
52
1
196
11
46
8366
5
10
117
189
64
15
15
1
4
11
78
2
24
305
3
3493
5
369
846
125
1
6972
655
3485
175
7276
6
7
3941
950
44
348
2
1775
255
1
2
153
15190
3849
584
5224
248
31
5866
1754
6494
3089
53
15
3
80
186
2
3355
105
14
154
15
4302
102
115
3979
30
9575
32
49
107
10426
2
318
299
7
3813
869
18
158
595
56
1148
2
10
652
1
84
58
1479
27
87
70
22
6
202
307
987
9
5
7
13818
9
130
5950
66
3
9284
1483
1
78
11904
12540
7345
4820
6
1
5
690
2287
211
38
640
1592
230
3031
1
8466
18
26
218
157
5756
1
3
832
60
18841
5
25
1501
2
3
2655
13591
1697
1
5
4221
2
111
3
93
1408
1526
63
677
2
1
18227
15
825
658
13463
15927
4
26
10279
22
1
222
2
10
8939
12932
30
6
1
12
1259
2
40
151
1343
1
15047
40
37
2925
5880
1057
5
15
1650
3
16
212
1844
7106
6
1378
11193
2398
24
417
30
12
191
49
11009
314
3
1
2
738
4
1065
2
57
5
5150
23
149
19
3680
332
154
8
14385
16308
4142
867
6194
813
4
135
181
60
21716
123
6761
19
102
2
228
3
15591
10
8307
42
1
2140
36
6253
1801
1
12
303
163
5621
3
20614
1
3277
23
346
2636
7415
22
10
20372
434
3914
2
330
16
9758
43
9781
1689
1124
6479
4364
55
11
5
2155
9
8
7
26
499
11380
12131
2176
2080
209
1559
4252
1293
272
2
2
176
61
3
58
20810
8
7
7
179
2
36
4201
11
1
2
1522
4831
8
12840
1146
27
5349
5
7592
62
2
1248
3
1
127
2061
3795
2823
1537
902
1047
57
4
1193
3
1
21922
2320
679
14
12
3223
8
5
571
2066
4
69
6890
37
657
8346
2605
1388
2
1184
169
223
16
311
21
72
22
495
9197
127
5006
216
175
78
24
5
14
6049
505
129
3
5582
11
19292
2
3
3602
4353
19615
801
1
141
34
43
3
10550
91
1993
1339
114
26
3
5
2712
2891
9067
23
3
118
449
1
16
317
980
12
1929
2953
17
546
2699
14
1839
184
17675
3324
6
5261
4374
238
525
25
894
98
2
8
699
12
108
42
73
19
133
3
51
17927
7190
15407
5
1734
3535
3543
6619
54
1
687
1
20517
181
80
6989
380
9
48
15
35
56
5
5783
5
3
4
5
455
2051
6603
61
438
5715
1476
5838
2
3
11
7665
2228
3178
59
11960
10
588
4384
4
1888
115
394
528
3
89
15
14
5
77
5
356
3269
13
4
5
503
5811
12
11
17302
1201
122
25
1738
252
46
695
9
87
1494
214
1818
3
1
20
1
84
150
21767
1352
2
70
292
37
40
5922
2
1
59
80
502
6
2
6
5
3469
1210
1497
24
9689
42
83
4036
2
8689
3
4192
29
3
862
105
133
12
1
14730
38
9
2
1151
2260
12
49
292
2
87
1391
12
66
9711
49
20
8
108
717
433
2764
27
2364
605
10676
11
743
2
1
18
2
12780
674
1835
113
3
19895
555
12
104
2090
18752
7293
53
40
3
4630
971
4
2
21
1098
1
1227
1577
1544
2467
854
5
2281
8
25
729
24
9175
281
147
96
3
10
67
2
259
16659
1213
5894
714
17970
257
598
20
41
21158
3
9
4479
3103
6
10182
4323
2036
2085
32
8
71
5077
1646
2
361
6
4
477
4729
30
5
540
1
121
2070
22
4
1465
2375
148
6842
68
783
8
16580
345
8
2100
192
1
194
402
14
1088
3895
119
4
279
65
362
4
134
80
123
8
928
97
1085
39
359
6825
14
6
2
144
7830
12218
19384
75
70
1114
734
200
98
563
12
2
3
2850
8151
662
5
420
10
135
764
38
20
215
1251
39
1547
2
37
2
10
11062
1788
2
291
7
276
26
766
41
103
6923
11
17
1
4
8546
1
47
1138
202
158
9529
21208
152
36
288
1
3
1006
6
6180
1
8229
51
7
425
20
13431
16347
2
335
7701
29
779
3585
666
2244
16
16193
4
32
93
2
3
2
11
5
79
11848
7557
848
11625
32
720
14317
9
2
14016
22
700
120
10651
10
16937
2
526
81
323
643
180
430
2443
175
12363
10
373
724
3
3
2
10402
209
541
12
43
170
139
8
2075
2
20
41
16818
96
186
741
200
545
10
1
2
4
4
15665
219
7
585
3420
28
11
29
168
10063
3332
830
339
6556
70
10
1
5
10727
2181
72
1709
4123
1314
15
1
1
2
54
3
199
50
7
206
10304
22
17180
4
13
188
16
1
18
1
3
7
9804
350
43
16
3637
82
102
9
156
4416
5273
12
13
284
274
800
262
2
2
83
3
47
8
2292
13399
1346
460
120
63
19
9
613
8209
13
807
68
304
5
1
28
10958
3611
8
1119
1
5
431
17261
56
28
76
163
3
504
1
10
17885
6525
19801
5126
4026
1140
18055
17
1
481
17384
11273
1265
58
12719
10
2105
70
1254
389
316
1290
2
260
3133
49
174
1401
2
32
6745
344
189
29
1154
19942
26
3
125
1257
26
48
2
591
1030
92
4489
896
8
1
404
44
10206
957
199
1
1
2409
2
35
4786
328
114
22
4
10803
5
290
36
16
144
1
18575
2731
7
17
736
77
1385
13
879
1866
3
4017
1725
709
8
95
8
382
4
429
111
73
17139
6
1
538
62
81
3619
2
179
8
9110
70
14905
4500
6907
1077
162
16
297
66
19020
1239
46
293
2
161
10701
21
7
3
2988
953
5
2538
129
8074
4
917
1
10600
5
23
6
80
4
1173
11036
2502
11
17
33
73
8
31
31
34
33
19
2
325
22
331
4685
15
18
35
50
1
397
47
2
4
49
474
286
43
1
628
1130
1333
5742
1
140
124
3009
2
352
948
99
10
147
5
6343
435
15
83
135
11543
427
13884
60
226
2
42
5
33
1938
11489
1961
124
15083
90
21
3
2
964
6
31
1771
221
7503
609
599
4
4
162
18930
13949
306
44
5608
8170
241
2
33
4
2
2
2960
101
8248
185
13
9850
562
3
2556
30
16
649
2
18
536
2796
9
959
877
40
167
7
28
14
20
110
21108
9827
23
9440
52
768
51
559
54
962
603
85
10039
6
176
1742
1330
2544
3777
5
52
21
1956
2
2
302
13
3
74
2022
1767
42
754
197
237
514
2392
102
12600
28
4
92
2857
1072
12
13
35
136
7072
1669
1042
20712
351
18
7089
31
27
67
3969
2
22
7
2
2386
15
2
2
582
423
2599
883
14695
5797
8
276
4521
7
126
20
673
1622
2233
235
46
3200
5
3
81
24
491
2
5
97
726
2
2718
13
4774
9
3
16
7
23
27
3
4797
909
241
15814
1685
79
2
2568
11
5018
1162
23
294
1008
860
358
64
11571
4
1
67
167
618
86
85
992
8
9262
17425
1381
10854
2
3689
2
6541
4752
55
1
746
195
9
10
11
11407
51
20761
1915
203
3125
34
17
88
20
13
66
704
1942
9241
4586
10983
7
45
37
19110
3759
8813
2
2
10
1
29
259
1187
5852
3038
2
37
550
2
3
904
34
14765
2737
3
336
4
6
1486
616
7
1349
103
1713
6121
150
31
300
5199
4
14
2939
5
3
9643
222
1661
6
8
542
13559
17
2520
73
7
3193
1
22
234
7
7628
24
19
15517
244
2981
13
681
3
166
327
1642
208
475
30
17758
2239
30
1023
16
1
18
13851
4
11516
11247
25
188
775
3
464
840
6713
9
3568
3308
5400
2580
2725
2
411
798
4272
44
2012
36
185
18313
138
1
426
6
1
3300
7793
54
14522
6
3216
32
19522
3477
1
354
2
5
62
2095
65
3
21
30
104
128
5
101
4
15
443
1852
12
132
6268
15
118
5
282
49
19
16
250
24
1108
91
1826
38
14
213
466
9
13
3858
9484
1271
1003
15
13
2
19
243
496
634
64
338
12160
21871
1
3
7738
77
2803
12422
128
4
3016
544
108
106
3
127
14
10880
7886
8
10
358
1515
1657
1
577
160
968
21
33
2125
275
2
4564
66
12189
9306
6298
56
7774
11653
7
25
146
182
243
104
497
2
1989
59
1
4
4
99
17220
761
155
999
520
10015
3628
44
122
939
340
3
1
875
4468
4
5
3
5490
794
5
225
26
34
42
20
9991
12393
3
35
15011
1011
4437
2863
132
3
35
3
18975
269
821
5
37
364
465
1182
198
2884
32
19247
3371
5992
57
1947
579
18
989
225
9921
21
115
31
3741
183
112
15
2
1
1831
1
418
2
12
13
2
1
4
1
8730
249
8897
463
142
21511
2816
7
2750
6
3060
2
39
1892
13
1245
376
14
682
3
8751
15
1221
21
3552
1
220
11
6874
1
71
13179
53
5
1
96
5425
2473
2
364
1654
1317
1
12
148
105
4
2
5936
2255
1190
195
2
2
9
4152
3379
3560
5065
3118
3444
1398
773
121
645
527
13
126
557
24
1809
53
228
2
19201
21410
5635
13148
2
322
8
67
8
46
239
573
153
1596
13
885
11088
2478
3246
5661
11792
421
6
168
251
94
3
3185
1951
3096
32
3
160
339
268
2
337
108
448
4007
58
2212
65
10451
4395
298
201
7207
16541
100
1
131
