0000000000000000000000000000000000000000000000000000000000000001
0.000155
0000000000000000000000000000000000000000000000000000000000000001
0.00012
0000000000000000000000000000000000000000000000000000000000000001
0.000121
0000000000000000000000000000000000000000000000000000000000000001
0.001581
0000000000000000000000000000000000000000000000000000000000000001
0.000122
0000000000000000000000000000000000000000000000000000000000000001
0.000127
0000000000000000000000000000000000000000000000000000000000000001
0.000124
0000000000000000000000000000000000000000000000000000000000000001
0.000122
0000000000000000000000000000000000000000000000000000000000000001
0.000108
0000000000000000000000000000000000000000000000000000000000000001
0.000111
0000000000000000000000000000000000000000000000000000000000000001
0.000107
0000000000000000000000000000000000000000000000000000000000000001
0.000143
0000000000000000000000000000000000000000000000000000000000000001
0.000105
0000000000000000000000000000000000000000000000000000000000000001
0.000109
0000000000000000000000000000000000000000000000000000000000000001
0.000115
0000000000000000000000000000000000000000000000000000000000000001
0.000115
0000000000000000000000000000000000000000000000000000000000000001
0.000116
0000000000000000000000000000000000000000000000000000000000000001
0.000426
0000000000000000000000000000000000000000000000000000000000000001
0.00011
0000000000000000000000000000000000000000000000000000000000000001
0.00012
0000000000000000000000000000000000000000000000000000000000000001
0.000117
0000000000000000000000000000000000000000000000000000000000000001
0.000108
0000000000000000000000000000000000000000000000000000000000000001
0.000123
0000000000000000000000000000000000000000000000000000000000000001
0.000126
0000000000000000000000000000000000000000000000000000000000000001
0.000108
0000000000000000000000000000000000000000000000000000000000000001
0.000112
0000000000000000000000000000000000000000000000000000000000000001
0.000115
0000000000000000000000000000000000000000000000000000000000000001
0.000127
0000000000000000000000000000000000000000000000000000000000000001
0.000109
0000000000000000000000000000000000000000000000000000000000000001
0.001978
0000000000000000000000000000000000000000000000000000000000000001
0.001025
0000000000000000000000000000000000000000000000000000000000000001
0.000116
0000000000000000000000000000000000000000000000000000000000000001
0.000111
0000000000000000000000000000000000000000000000000000000000000001
0.00011
0000000000000000000000000000000000000000000000000000000000000001
0.00012
0000000000000000000000000000000000000000000000000000000000000001
0.002949
0000000000000000000000000000000000000000000000000000000000000001
0.000125
0000000000000000000000000000000000000000000000000000000000000001
0.000147
0000000000000000000000000000000000000000000000000000000000000001
0.000108
0000000000000000000000000000000000000000000000000000000000000001
0.000118
0000000000000000000000000000000000000000000000000000000000000001
0.000112
0000000000000000000000000000000000000000000000000000000000000001
0.004022
0000000000000000000000000000000000000000000000000000000000000001
0.000119
0000000000000000000000000000000000000000000000000000000000000001
0.000104
0000000000000000000000000000000000000000000000000000000000000001
0.000127
0000000000000000000000000000000000000000000000000000000000000001
0.000112
0000000000000000000000000000000000000000000000000000000000000001
0.000124
0000000000000000000000000000000000000000000000000000000000000001
0.000107
0000000000000000000000000000000000000000000000000000000000000001
0.000185
0000000000000000000000000000000000000000000000000000000000000001
0.000123
