000000000000000000000000000000000000000000000000000000000000271e
0.001036
0000000000000000000000000000000000000000000000000000000000000489
0.000973
00000000000000000000000000000000000000000000000000000000000106e4
0.005465
0000000000000000000000000000000000000000000000000000000000000cd6
0.000363
0000000000000000000000000000000000000000000000000000000000000f98
0.000485
000000000000000000000000000000000000000000000000000000000000097c
0.000321
00000000000000000000000000000000000000000000000000000000000004cd
0.000235
00000000000000000000000000000000000000000000000000000000000004d5
0.000215
0000000000000000000000000000000000000000000000000000000000002107
0.000816
000000000000000000000000000000000000000000000000000000000000001a
0.000116
00000000000000000000000000000000000000000000000000000000000009d5
0.000333
000000000000000000000000000000000000000000000000000000000000287e
0.00095
0000000000000000000000000000000000000000000000000000000000000337
0.000239
0000000000000000000000000000000000000000000000000000000000001208
0.000579
0000000000000000000000000000000000000000000000000000000000005264
0.001832
0000000000000000000000000000000000000000000000000000000000000196
0.000151
0000000000000000000000000000000000000000000000000000000000001899
0.000719
0000000000000000000000000000000000000000000000000000000000005760
0.001981
0000000000000000000000000000000000000000000000000000000000007b49
0.002774
0000000000000000000000000000000000000000000000000000000000002871
0.000957
0000000000000000000000000000000000000000000000000000000000000bea
0.000364
000000000000000000000000000000000000000000000000000000000000007d
0.000121
00000000000000000000000000000000000000000000000000000000000025be
0.000934
0000000000000000000000000000000000000000000000000000000000001e74
0.000761
0000000000000000000000000000000000000000000000000000000000004305
0.001554
00000000000000000000000000000000000000000000000000000000000002bd
0.0002
000000000000000000000000000000000000000000000000000000000000002a
0.000145
0000000000000000000000000000000000000000000000000000000000000220
0.000165
0000000000000000000000000000000000000000000000000000000000000022
0.00018
00000000000000000000000000000000000000000000000000000000000005cf
0.000495
0000000000000000000000000000000000000000000000000000000000007c3b
0.002699
00000000000000000000000000000000000000000000000000000000000016fc
0.000615
000000000000000000000000000000000000000000000000000000000000095e
0.000401
0000000000000000000000000000000000000000000000000000000000003ad7
0.001414
0000000000000000000000000000000000000000000000000000000000000261
0.000206
0000000000000000000000000000000000000000000000000000000000001447
0.000555
0000000000000000000000000000000000000000000000000000000000000035
0.000176
0000000000000000000000000000000000000000000000000000000000000227
0.000163
00000000000000000000000000000000000000000000000000000000000000ac
0.000157
0000000000000000000000000000000000000000000000000000000000000bdb
0.000363
000000000000000000000000000000000000000000000000000000000000066e
0.000245
0000000000000000000000000000000000000000000000000000000000000050
0.000122
0000000000000000000000000000000000000000000000000000000000001c67
0.000768
000000000000000000000000000000000000000000000000000000000000202c
0.000803
0000000000000000000000000000000000000000000000000000000000004309
0.001733
00000000000000000000000000000000000000000000000000000000000014a3
0.001228
00000000000000000000000000000000000000000000000000000000000051f8
0.001895
00000000000000000000000000000000000000000000000000000000000063a3
0.002197
0000000000000000000000000000000000000000000000000000000000001277
0.000536
00000000000000000000000000000000000000000000000000000000000000e4
0.000141
