0000000000000000000000000000000000000000000000000000000000000850
0.007267
0000000000000000000000000000000000000000000000000000000000000b1a
0.006939
000000000000000000000000000000000000000000000000000000000000037a
0.00375
0000000000000000000000000000000000000000000000000000000000007fdd
0.070201
0000000000000000000000000000000000000000000000000000000000001175
0.009671
0000000000000000000000000000000000000000000000000000000000006e06
0.072718
0000000000000000000000000000000000000000000000000000000000008359
0.084586
00000000000000000000000000000000000000000000000000000000000021ef
0.022758
000000000000000000000000000000000000000000000000000000000000135a
0.012219
00000000000000000000000000000000000000000000000000000000000010e0
0.010841
0000000000000000000000000000000000000000000000000000000000000cf1
0.009283
000000000000000000000000000000000000000000000000000000000000960b
0.091094
000000000000000000000000000000000000000000000000000000000000046c
0.003678
000000000000000000000000000000000000000000000000000000000002b6a0
0.337752
0000000000000000000000000000000000000000000000000000000000003961
0.033551
0000000000000000000000000000000000000000000000000000000000000e6d
0.010772
00000000000000000000000000000000000000000000000000000000000014c5
0.012399
00000000000000000000000000000000000000000000000000000000000003ea
0.002845
0000000000000000000000000000000000000000000000000000000000003bb1
0.035139
00000000000000000000000000000000000000000000000000000000000016e1
0.011966
0000000000000000000000000000000000000000000000000000000000000267
0.002621
00000000000000000000000000000000000000000000000000000000000003ea
0.002819
0000000000000000000000000000000000000000000000000000000000000d99
0.010549
0000000000000000000000000000000000000000000000000000000000001ead
0.016922
000000000000000000000000000000000000000000000000000000000000307b
0.029376
0000000000000000000000000000000000000000000000000000000000000821
0.007155
000000000000000000000000000000000000000000000000000000000000166a
0.018397
00000000000000000000000000000000000000000000000000000000000008dd
0.005645
00000000000000000000000000000000000000000000000000000000000015df
0.015597
0000000000000000000000000000000000000000000000000000000000000ae1
0.005837
00000000000000000000000000000000000000000000000000000000000089d1
0.087368
000000000000000000000000000000000000000000000000000000000000407d
0.044613
00000000000000000000000000000000000000000000000000000000000012d8
0.010929
0000000000000000000000000000000000000000000000000000000000001d75
0.018943
0000000000000000000000000000000000000000000000000000000000003fad
0.036616
00000000000000000000000000000000000000000000000000000000000007f3
0.008991
0000000000000000000000000000000000000000000000000000000000001186
0.008964
0000000000000000000000000000000000000000000000000000000000008959
0.07176
0000000000000000000000000000000000000000000000000000000000004738
0.038148
0000000000000000000000000000000000000000000000000000000000000215
0.00278
0000000000000000000000000000000000000000000000000000000000000403
0.003218
00000000000000000000000000000000000000000000000000000000000003eb
0.003169
0000000000000000000000000000000000000000000000000000000000000403
0.003164
0000000000000000000000000000000000000000000000000000000000000612
0.003225
0000000000000000000000000000000000000000000000000000000000000596
0.003681
000000000000000000000000000000000000000000000000000000000000183c
0.015212
0000000000000000000000000000000000000000000000000000000000000cef
0.009024
0000000000000000000000000000000000000000000000000000000000000215
0.002709
000000000000000000000000000000000000000000000000000000000000063f
0.004853
00000000000000000000000000000000000000000000000000000000000001a9
0.000933
