64405
59667
61553
59865
60584
60747
62447
62007
63593
60370
62175
60382
62785
60669
63206
59630
60678
60375
59919
62745
63356
60738
64447
64499
60713
63439
59604
61851
64208
62221
59601
62352
61396
61643
64505
63995
64098
60617
62688
61721
61729
63090
59849
61010
64058
64425
62112
61106
61544
61438
64515
63255
59716
62671
62238
61383
63632
61181
63494
62004
62421
61469
63502
61467
62030
61388
62100
59673
60701
61498
59746
59719
64543
62938
59624
60404
62724
63046
63022
60375
63755
63750
61847
62569
61203
61309
60524
60384
60909
60613
60158
60688
60856
62174
63733
61489
63571
60631
59792
59590
62076
60169
59990
61385
64284
63513
64474
61376
60014
63325
63140
63543
63997
63865
63981
59973
60002
64376
62424
62105
62675
63653
60383
59859
64231
61313
63991
64552
61291
63167
62265
63913
59565
62386
60356
59687
62130
62132
60454
59648
59724
61933
60849
61153
62225
59811
60304
61072
62722
60994
59967
60845
61226
60387
61711
62762
60049
59681
61493
60385
64003
63499
61106
63857
63036
64342
64283
60775
59650
61131
59860
64532
61971
61173
59950
60880
63311
63057
62595
61222
64377
60492
60293
61264
61055
59828
64510
60319
61030
63727
61223
59992
63041
60942
63720
59858
60480
60190
63450
60581
60582
64099
63973
64429
64291
62249
63590
62455
60158
64491
59606
59966
59610
59993
63405
63685
62924
59713
61277
63424
61197
60294
60325
64209
62584
61914
61938
60566
64121
62818
61740
59563
59636
62665
64495
62159
60769
63322
59620
63742
64539
60674
64331
61630
62480
60502
60169
61350
62400
63832
61380
63630
59885
60260
64552
59807
59962
61915
60374
61330
62946
60034
61763
62687
61067
64207
63475
61231
62210
61024
60300
60031
62634
63747
63998
62870
64156
60174
62010
60823
60458
61071
60866
60229
62141
60691
62093
60769
64266
61232
60435
61024
61762
61320
61679
62356
59924
60934
63624
62817
60218
60327
64604
63802
61588
63232
63726
60118
60623
60637
60801
62509
60278
62789
63795
62113
59811
59556
63034
63957
62731
61491
63209
61423
63235
61983
62938
60719
64457
61673
60660
60147
60657
60194
61904
64430
60607
61826
63251
63115
62072
60938
62228
64300
62854
62284
61331
63848
61329
64483
63928
61399
61751
60203
61936
61094
61075
60577
60982
61597
60750
64554
63649
62789
60869
59723
60558
61114
63970
63562
63353
64386
62603
61885
59747
62650
63558
59620
61817
61098
63522
63376
63338
63324
63171
64084
63857
62685
62746
62101
62830
59676
63931
59557
60475
61084
62887
60015
62241
60099
60580
62405
63339
64291
61160
59852
63598
61226
60085
60792
62445
63587
62730
60312
62545
62143
60674
63555
63254
63900
61609
63734
62780
61391
61247
60474
61577
63186
62783
62754
64573
64381
63526
63004
63100
61307
62067
61601
62187
59578
59914
60550
62214
59599
63543
60086
63339
61097
59760
60309
60933
60067
61050
61095
61037
60190
62764
63508
63174
63219
61316
61195
62222
61688
60483
59766
60709
62041
64589
63246
59618
60475
63569
60449
60538
61638
63157
60438
64657
60548
60258
60570
62137
62890
61680
61293
60592
60834
61877
60032
62745
59607
64079
62720
59883
60033
59732
63775
59789
60190
64232
60550
64394
63522
63003
63349
62243
59872
63041
63822
60046
62741
63933
60606
59583
61010
62264
64560
62307
61186
60260
61414
59846
59642
61406
63955
59583
61076
60585
60520
62843
62889
60383
61379
59543
63637
59575
64444
61813
59886
59554
61980
62031
59700
60504
64633
59791
64634
62601
61484
60488
59998
62974
62698
59826
61545
61116
62253
60923
60722
61558
62236
61319
62063
62898
64111
60258
63158
59978
61155
60764
61232
61133
61064
64379
61930
59673
62506
61678
63545
61529
61795
61509
61072
60598
62710
60057
63770
62739
62854
61535
63058
60522
62038
59651
61175
59599
63120
60755
63295
59785
64048
59979
61574
60442
62812
60210
61167
63204
64446
63273
59674
62179
64000
60463
62706
62527
61756
61864
61241
62637
63266
60434
59615
60088
62304
64265
61036
64111
62896
63124
60318
59928
60429
59654
62924
64115
61254
64351
59787
61158
59953
63538
63527
63461
63123
60232
64413
62477
62218
63688
61374
63815
61804
60390
61142
63865
63261
61852
60265
60474
64056
61954
60891
64540
59928
60979
60742
59824
59604
61710
63608
60611
61667
62900
61983
61998
60057
64139
61088
63980
62870
60957
61308
60086
62404
60425
60744
64449
59634
61823
60470
62372
60073
63775
63992
59970
64593
60345
61360
61195
62469
60147
63292
62904
64614
60778
64639
60998
59799
60999
61625
63982
62681
64062
61390
64235
64592
61352
63152
64149
61453
60493
60066
63889
61951
63531
64230
59812
61825
60194
59544
64449
63916
63294
64360
62631
61961
59596
63525
61673
61912
64258
60008
60134
63303
64017
61728
63106
63985
63346
61400
59715
63667
61978
62306
62406
60223
61621
64514
62496
63023
59609
60710
64220
62699
61302
61064
60556
63604
63354
60541
59791
61543
61819
61245
61339
63885
60744
64603
59625
61768
64372
62365
61462
62146
60663
62372
59841
62049
64522
61854
61897
64283
63097
61458
62251
64657
63908
60875
63460
60367
60160
64087
64661
62625
61810
61984
60217
59618
60610
59711
60662
62912
60748
63544
60138
63034
60608
61307
60984
60301
64441
64246
64413
60911
62094
63869
63986
61866
61410
64646
64386
60940
61786
62978
61102
60934
64667
63126
61263
61098
61728
61545
64505
63045
62161
64394
61824
64115
64628
60750
61192
61799
63970
62520
61495
60501
63473
62367
62996
61696
63893
63560
62840
59815
64561
60094
63348
63507
59665
60228
60315
59823
61876
61329
62545
62778
61195
59678
60271
59728
61143
61025
61492
63478
61335
63586
59604
61165
60371
61989
64450
62493
63149
62371
59701
61366
60131
59549
62085
61124
63686
63303
60966
60416
60713
64596
60897
64388
62162
64412
60928
64067
62758
62606
60808
63876
64424
59944
60979
63648
62733
60822
62028
63003
60034
62481
60090
61855
60047
60802
64121
61631
62824
59882
63630
62529
60761
62893
59552
61885
61127
61316
64110
63439
62130
63815
63006
61253
63946
64643
63934
63017
59598
62311
61854
60674
60718
64292
60074
59908
64234
60050
60131
62825
62248
62355
61667
63169
62801
62048
59673
62589
61438
62232
61562
63907
62755
61214
62770
61793
61222
63286
60831
60988
60715
64257
61831
64310
62320
59874
62974
62084
64651
61703
60051
59818
61160
60356
59565
62393
61714
63915
60637
61252
60938
61767
59709
61784
60803
60560
63906
62781
64252
59684
62253
62445
64389
64429
61263
63757
64590
64342
64488
64416
63397
59703
62983
62622
61661
61529
63545
62780
64261
63014
62611
63946
64219
60275
61177
61676
63592
61484
63301
64138
63878
59917
62517
64609
62908
62563
61872
61634
62480
59662
59878
61754
59968
63907
60989
61592
61200
61032
60641
63539
62199
63612
60668
63900
63451
61957
61770
59624
60062
64092
60751
60406
60849
64367
62398
59946
60366
63692
61628
64163
59964
63395
62801
64436
62526
63441
62413
59656
59958
60221
62121
64456
61691
62337
61221
62971
63904
59689
60857
60702
62087
62789
63288
64594
60300
61870
62478
63710
61753
59685
61287
61843
61044
63239
60876
62897
61953
64638
62586
63781
62741
63311
60200
62693
60366
62728
59712
64194
61846
64114
63542
63961
63702
64483
60094
61295
64586
59832
62299
60563
60249
62471
61072
62881
63501
64655
61179
59909
62734
62795
61594
60564
61488
64539
62804
60069
59671
61998
61825
61857
62178
59771
61538
61902
63947
61175
61943
60399
61596
64638
59713
60671
60042
62171
59688
62827
64507
64171
64185
59640
60449
62071
64622
63703
62259
63181
63021
60088
62533
63504
59996
61237
60932
60772
63175
63872
62920
63463
64574
61795
64663
64310
60864
61777
63500
61300
62210
64133
60097
61822
61238
59592
61688
62943
61491
61919
64344
60925
64340
64073
62888
63768
63977
61578
63332
62337
60498
63620
61852
63891
62280
62939
61905
64568
59617
63417
62622
63367
59550
63416
60178
63275
62848
62939
60960
63549
64279
64314
61447
59937
61091
62988
60541
62121
63702
63394
61544
60308
64082
64499
62981
61744
61504
62584
63473
61749
59883
62050
63569
61940
63789
60180
64124
61800
63788
63920
60479
64620
62605
63612
61103
63034
61060
59582
62382
62828
62881
61708
61777
62460
61173
64245
60123
60212
60100
63490
61505
60969
63145
61980
62453
59680
61632
63185
64493
59844
60997
63298
60256
63167
62844
64503
61445
61263
64414
61790
64533
63774
62414
60731
59950
64178
60323
61285
60072
63887
61012
62138
61851
59914
61052
61197
60316
60021
61047
61936
61189
61861
61347
59982
61534
62470
62221
61843
61402
60777
64281
63041
61791
61779
62362
60428
60664
62540
60524
61244
61407
61104
63131
61027
62941
60027
62968
59716
62968
63285
60190
60329
64037
61579
62196
63673
63234
64477
63112
61632
61069
59884
59974
61462
60984
63570
60639
62748
61880
62096
61140
59990
61245
61452
59688
59955
61090
60268
62633
60490
61356
62586
61711
63340
60047
61156
63955
59698
62795
62924
62916
62486
62125
61877
60360
60136
62204
62382
60758
64441
61211
60462
60059
61843
60280
61507
62183
61542
64623
63814
60135
62197
63604
63240
63905
63438
60144
63122
62047
59616
63400
62969
61317
61371
63623
60197
62340
60039
62032
61050
60123
59558
64274
60763
62020
63663
62482
59771
64342
61027
62555
61973
64538
62680
63068
60083
59944
60159
61783
63532
60721
61854
63980
62393
64646
63517
59976
61334
59881
61884
61479
59736
64631
60649
61518
64534
62765
61694
59982
60890
62279
63712
60272
62685
60430
63727
61795
62954
60903
63346
63799
63106
59813
64308
61342
59700
61411
63007
62051
60982
59882
63723
61204
60798
60513
61968
61424
62501
63617
60573
63798
64240
62604
64652
63684
61738
63545
62675
64439
62314
64062
63531
62223
63148
61784
61111
60699
62245
64049
62995
60137
62100
60661
60447
61385
61353
64512
60059
60327
63603
61073
64101
59780
61627
61368
59644
64591
60647
63681
61083
60761
61887
59621
60408
61929
62674
63191
60893
63731
60006
62490
60879
61110
62383
62778
60687
62727
59907
62821
59553
60583
63432
60822
63363
60749
64428
64612
59634
62542
63184
63324
63861
60808
64515
61344
59566
62567
63225
60012
64145
60500
63235
64242
62527
60256
64468
60282
63029
59968
62978
64371
64043
59659
64494
59687
63939
61982
62993
64044
60969
61711
64023
62773
59999
60728
64329
64159
63467
61860
60072
63510
63420
63505
60463
60695
63228
62817
63062
63549
63157
60908
59840
60362
62945
62012
61187
62209
60594
63558
62360
59886
61140
60512
63703
63160
60512
63552
63340
60643
61662
63909
59642
60342
63502
63682
62379
60318
60156
63719
61801
60979
62683
63006
62273
60928
59772
63317
61225
63182
59726
64616
62584
60448
61160
61954
62821
63858
59911
64310
63180
61051
62330
62385
59820
61314
60412
59572
61206
63026
63014
59783
61118
60789
61986
63095
64100
62898
62013
62378
64624
64469
64643
61153
63958
64010
63219
61627
63119
62206
60171
64649
60948
60543
61626
61699
62715
60042
60991
64287
61042
62112
60926
60842
63635
63845
61137
60167
61946
60856
63246
62327
59810
61304
64510
63558
60237
60899
60136
59674
60152
60876
63607
60519
63993
64308
61463
60790
64529
63067
63685
59767
64261
64105
63154
62411
61738
61962
59823
63869
62674
63883
64336
63604
62360
64514
60822
60801
62764
63262
62966
64424
61035
63163
63228
60622
60207
61625
60736
61596
64288
62907
62983
59900
62236
61561
59923
59868
60973
64579
62705
62922
64516
59643
63651
61564
61385
62398
64267
61915
63869
59822
61892
61055
59583
60458
60045
59786
61798
62145
61499
63219
61202
60119
62948
60185
61498
62818
62655
63337
62789
64563
64387
63163
61002
60617
63920
63319
63732
62163
61411
63004
59693
60245
64162
61255
62603
60605
59921
61166
64560
59540
61475
62858
63364
62359
62424
64513
61204
61036
60505
64284
64362
63514
61086
62819
62785
59602
61263
62986
63294
63675
64319
64114
60449
60292
64214
64254
59739
64122
62689
61116
60181
62041
61814
60259
59968
63613
64260
61515
60618
60867
61074
63144
63349
61802
63732
59839
62081
60776
60149
63515
60734
61297
59699
60599
60692
62291
62634
63384
60647
62646
62154
60801
62462
61167
60290
60866
59722
61020
60209
62854
64241
64005
60308
63298
63723
63826
62951
59594
63881
60778
62320
63502
64108
61330
59959
61619
64080
59968
61356
63920
63093
60465
63585
63874
64585
59698
63487
63105
63465
63716
62750
64027
64215
64572
59732
61402
61256
61856
61866
64215
60482
60568
61273
64362
60523
63423
60006
60147
61371
60699
60881
59785
62071
60120
63812
61507
59899
60565
63573
64431
62484
61789
64507
59804
63235
59813
61048
59687
64010
60951
63449
60509
64204
64577
62780
60631
64634
63200
61017
61180
60839
63463
60866
62755
62477
63823
62331
60375
63166
63854
60260
63125
62183
62642
64554
60620
60834
64216
63135
60391
64270
63746
59950
61379
60018
60166
60996
63370
59596
60067
63308
61936
59968
59943
60735
61999
64165
60960
60986
64260
60573
61304
61895
60234
60360
63301
61086
60249
63614
60627
61318
62853
63169
62819
62912
61882
60146
62827
60148
61185
63161
61695
61368
64228
62057
62177
61084
60816
61440
60247
60369
60650
60283
61274
61237
63298
62199
61090
64231
61623
63485
62939
62462
59919
59565
63165
64420
59797
61796
60304
60651
61013
62981
60882
63636
62925
60925
61037
61911
64482
64217
61690
60028
60766
62489
64190
63902
62436
60489
63643
61919
63556
62726
60376
59736
61894
59767
63529
59996
62613
63610
64658
63283
63288
61149
63821
63408
61963
60943
64277
63627
63189
61691
60626
60370
64095
60915
60573
60770
60560
62604
64006
60156
60940
64094
59801
61151
63291
62304
60106
64657
60508
62584
62537
63414
60297
63141
64182
64648
62340
59594
63975
62987
61517
60666
63090
62879
63535
61101
59564
60245
62441
63198
61872
63936
62673
61232
61970
63849
62739
63996
64565
62315
62464
61935
63803
60705
61250
61257
63222
60120
60691
59644
61391
61227
59944
60844
63042
59715
59660
60995
64412
64296
64104
60957
61497
61416
61449
60462
59993
60607
60027
63473
63405
64255
61407
61958
59621
61257
62933
62705
59719
62840
62720
62475
64340
60258
64595
62619
63818
63950
62297
61161
62130
63150
60780
63642
59552
62859
63409
62388
60410
62904
61071
59963
63191
60680
60086
60347
60857
60843
61566
61956
60915
60603
60290
63217
61674
61178
61249
64241
63379
61126
61695
61134
63106
60307
59741
60102
60674
60814
61653
60198
63767
63576
61296
61751
61225
64223
60434
61690
60829
61816
62206
64236
63700
60273
59798
61134
59931
61671
63535
61082
60533
60735
64656
62516
60568
62184
62057
63606
59695
62978
63671
61973
62969
60521
62987
62991
61688
62175
63980
60178
63779
61483
60162
60845
64357
60942
63064
60377
61180
60089
61964
61579
61056
64268
60111
60754
60052
60105
64153
63835
59816
60902
63766
61102
61511
59799
63402
63583
59856
59843
64551
61495
61309
62360
62124
60697
60616
61710
62922
59877
60455
61712
60008
59711
59547
61561
60177
61150
60143
62898
64185
64427
62020
63196
62588
60271
63995
63641
60565
59954
61835
61384
60675
63128
60887
62815
61781
63338
64201
60079
59698
60513
60901
60176
62140
60561
61148
61855
63753
61400
64113
63005
60084
63807
63971
62247
60743
61228
59629
59705
64203
60825
64386
59835
60199
59881
63409
59636
60777
60702
60441
61006
60006
60119
62815
62682
62503
60226
60473
62832
62254
60987
62960
59545
59784
60009
61333
61033
63218
64301
61042
64570
61261
64196
61600
63007
62459
63949
63801
64249
63834
60555
64093
64460
60405
64308
61924
62275
63438
64181
64626
64453
62129
62797
64561
63375
64427
62303
60731
60199
63203
61723
61630
59889
60129
62445
61537
63598
60303
59908
64222
60794
60587
60918
62192
64352
60423
64573
62665
59641
60687
63213
63209
61649
60271
60241
64320
62825
62544
60565
60553
64378
60866
63734
60252
63398
62012
59936
63463
63192
63114
60658
63035
61020
63292
59755
62447
62906
63606
63649
63453
63282
64361
62177
60892
62151
63691
62342
63964
62681
63498
64430
61930
61879
63293
59759
62474
62776
61253
60150
64504
63943
64493
60341
62685
61173
64173
63898
62612
61261
62048
59647
62793
60386
59783
59817
62801
60987
62353
61259
60510
62872
62246
60471
62512
59721
62631
63997
64515
60528
61334
62303
64004
61448
60286
64617
62400
59726
61618
60394
60478
59790
62177
62454
62663
64210
63479
64377
60456
59994
63190
62658
63197
62236
60416
63391
60509
60168
61684
61397
61638
62949
62082
60826
62266
63363
62729
62208
60131
61780
62283
64409
62944
62819
64289
63388
63644
60644
60635
64508
62425
63635
64514
60828
60403
63740
63549
63087
60505
60739
63780
63745
63658
61309
62376
59628
61674
61243
63384
61897
61815
64606
61143
60457
64459
62655
63080
61456
63989
64407
63182
63789
62255
63345
63893
61464
60999
60374
60858
61071
64203
63478
61457
61189
64094
60908
59633
63118
63976
62989
64443
63172
61616
61164
61877
61933
60109
60370
60864
61067
63300
63962
60647
63811
62717
63678
61972
61984
59839
62264
60244
63370
60949
60084
60044
64643
63028
61078
60821
62746
63282
62133
62146
60372
60803
60277
62974
62136
60956
63443
64463
61368
62883
62593
62166
62421
60179
62130
61356
63154
64639
60344
62745
60196
63340
59607
64342
63147
62798
63476
61534
63771
62567
59633
64101
60799
61273
63054
62204
61405
63344
61088
62641
64431
61097
61856
61766
64465
64034
64215
64253
62500
63793
62874
61480
59688
62154
63463
60067
59968
63084
60146
62674
60720
63336
60649
60651
60752
64298
62478
61748
60871
60715
61166
60259
61434
63829
62992
59790
62698
59884
64597
61198
60209
60465
61497
63529
63800
61190
61152
64066
61682
61349
61755
59659
63364
60161
60772
59647
59805
60609
59857
64075
63932
62549
62900
60071
63583
64273
64641
60168
59862
62771
61171
62044
63551
61476
61097
64132
63190
62786
60741
61541
62956
63220
64304
62696
62921
62973
64546
63857
63394
63964
61377
63416
64321
63857
61805
61423
63417
62196
60426
61525
64106
60718
60141
63706
64394
59592
64598
61333
60470
59916
60227
60378
62911
61911
61391
62266
60196
64051
61839
64646
63016
62411
63815
60215
59704
63074
61025
63982
62945
61341
61369
63467
60769
63929
61146
63718
60353
60970
60646
60600
60414
62090
62969
61851
60969
60768
63861
62864
59545
64060
63003
63072
62659
61577
63344
62807
63971
60179
63365
60220
64015
63621
62578
60160
63055
60277
60569
63956
60616
64495
63799
62787
60851
61481
64326
60793
59605
63683
59649
64046
62849
60906
60912
62126
61437
64268
61018
63268
61261
62323
60576
61449
63413
61273
60326
63802
63293
62044
61207
63252
63109
61069
61411
59822
63360
62140
63858
62187
64068
60263
59705
61758
60145
63101
63855
60256
62533
60920
61542
59917
62261
61726
64475
61520
62281
62434
63234
60712
63927
62705
59648
61075
59922
60482
61799
62898
59872
63303
60541
64059
60518
64203
62540
62386
63945
62946
61498
64130
62672
61740
62926
60295
62355
61650
64359
64652
59645
63062
59589
63857
60917
60203
61185
61831
64140
63147
61330
62456
59729
59963
61859
62763
64094
60943
64199
64336
59793
60542
63087
59694
61565
59597
63711
60855
61560
63589
63500
60286
62625
63208
60919
61605
63144
60207
64420
63302
62197
59611
60630
60082
61147
64471
63755
63205
62257
62110
64167
63214
61707
61229
63893
59581
61329
60116
63078
60941
61131
64542
62623
64128
64369
62440
61327
63072
61778
62117
61714
59687
60229
60388
60898
62893
61114
60996
64110
64313
62151
62008
62880
60479
64007
64090
61650
62536
62562
64087
61652
61127
63115
62457
61314
60926
60099
61924
59672
62515
62442
62274
61300
64534
63117
61909
63486
60542
59868
60572
62338
62270
63919
60885
59645
59922
60332
63358
62285
64101
60642
63183
59952
61593
62789
62561
61120
62474
60344
64510
64444
62074
60288
60617
64584
62620
60291
63036
63206
63274
63591
61449
63657
63570
61138
61089
63793
64532
61154
63796
60945
60812
60934
59652
61378
61238
59907
63305
59779
64514
62072
59596
63655
62706
59693
60888
59953
59794
62011
60797
63891
64367
62505
63769
61568
61208
62251
62647
62717
61019
59880
59767
63531
64043
64252
60405
60038
64314
63139
62665
63378
61785
61833
59789
63484
59549
61101
59718
62144
61208
63973
59811
63998
60862
60774
63261
61019
63798
62265
63471
61777
60691
60552
61057
59863
60043
59664
60380
62572
63727
59561
61722
60820
63311
61917
60766
62027
59680
61157
59897
62955
61329
61802
63022
61304
63216
62222
61646
63876
63654
63785
63498
61451
64597
63933
62818
60744
63126
60247
64002
61521
64510
60390
62179
63281
63230
61300
64649
62859
59606
64362
59612
64498
60625
64359
62701
62140
59552
61177
64582
63493
64630
64597
62450
63862
61300
63301
63790
62841
63032
60022
62010
64142
60797
60279
63422
60866
62294
63274
64125
62862
63935
64449
63752
62613
62654
63008
64366
61863
60584
61523
61593
61475
61289
63625
61462
61697
61359
62279
61087
60479
60263
60113
63395
62492
63026
60682
64349
63188
62145
61616
63807
62974
62040
64486
59983
62583
60379
62150
63451
63716
60641
62712
62755
61920
61486
64123
62879
60531
63064
63745
63771
59709
61650
60450
64359
61466
60943
62315
61036
64442
60146
62964
61519
62091
63021
63270
63018
64099
62403
61245
64141
62772
64506
61389
64188
59899
60601
60426
64458
59711
63434
63800
60308
64218
59679
64220
62989
59706
60077
59661
61691
59596
62728
62901
62389
59848
62714
59905
61307
60587
59690
62903
60136
61941
64431
61794
60964
61017
60643
62744
59760
62637
61956
61567
62639
64239
61433
62179
64655
62097
60414
60109
59661
63992
64582
60615
63594
61665
61592
60603
59992
61669
64537
60721
59745
62279
60173
61938
60410
59883
62781
63237
63799
62833
62744
63582
60374
63135
63132
63835
61959
62408
59732
64510
60704
64152
62995
64232
60893
62167
63012
63663
59797
61474
60237
60505
62721
63640
61748
60927
62458
60120
63048
61318
62367
62550
60177
60731
63218
59761
64481
62209
61138
60253
63376
64348
62269
64120
61510
63601
64105
61471
59937
62888
62159
64018
62607
59765
62237
61183
63696
62375
62662
61624
63789
62622
59733
64486
60980
60839
64354
62003
64376
60918
63195
62172
62894
63599
63598
63244
59900
64666
64008
61228
62209
63115
62707
60097
63448
59748
64241
61123
63865
63334
60315
64444
60462
63159
61997
62011
60767
61411
62621
61051
59911
62022
60347
63995
63212
60211
59667
61502
64646
61408
59587
60299
62711
61107
63694
64531
62738
64450
62451
59684
61063
62834
61067
63496
61201
61168
64087
60760
64381
60814
60442
62014
61274
63566
61721
59922
60047
61156
60415
60556
64211
61817
64410
63111
59719
62552
60646
62878
62758
60110
63535
62262
60321
62243
61733
63482
59621
63138
60098
61218
61587
62464
62420
63039
59669
60497
62941
63516
60176
60772
60905
64062
63232
61641
61638
63498
63515
59875
61644
61079
62444
63460
62174
61520
59967
60436
63329
64132
60330
61146
60718
62983
59936
62890
63076
61555
64172
61562
61982
62354
64493
61188
64479
61581
63943
63332
63821
63195
61917
62412
61232
64445
59907
60826
60628
62259
62624
62544
62838
63445
62441
61038
62771
60132
59622
60459
64427
59633
62219
59975
63613
61929
60872
62185
59917
63339
64398
62771
62484
60391
63627
64190
62541
60502
62998
60101
63357
63908
62359
62361
63836
63414
60688
60019
62668
60741
61781
62724
60993
61558
61734
59758
59856
61432
64575
60689
60307
63330
60244
61686
60771
64180
62838
63513
63029
64527
63781
61365
60359
61627
62199
64345
59937
64287
62409
60035
61709
63378
63910
63717
60526
59724
59719
64318
60444
64618
62962
62790
61120
62004
62046
61836
61811
60550
62091
63279
61934
64502
61626
63386
61032
60224
61937
64203
61114
61615
60442
61687
61740
63487
61100
63315
60978
60211
60217
63112
63012
61081
62109
64251
63512
60624
59573
64550
63943
59736
60891
61391
61007
62046
60115
63371
61512
64054
61631
61797
61516
63720
62378
60908
60851
59752
59738
63038
60875
60310
64219
60286
62674
59625
62442
64052
61311
63956
64437
60405
59690
62511
61574
59809
63349
59770
59806
60909
63680
64572
59873
61838
60801
64332
62144
59576
60978
63597
63566
60846
63249
63093
62946
63840
61507
61757
64408
61183
63378
64323
63111
60838
62558
62949
63849
63429
59822
63636
60733
63633
61631
60815
60105
60397
62253
60367
64247
63773
63038
61983
62901
62887
60021
63292
62967
63585
63937
64043
64186
59815
59620
59723
60244
64634
63552
60756
62743
64176
60040
59683
61838
60610
64596
60444
62139
63483
60981
60003
60779
63077
62792
63964
62950
61154
61171
63662
62010
63494
62516
59811
64378
64553
60280
63316
61853
60701
62906
61069
60108
61349
61599
61784
64590
64104
59707
59809
63040
61025
64341
62289
61809
64257
61195
64471
62937
63586
64298
61639
61329
60469
59844
60999
60089
59770
62301
63564
59721
59551
64613
63982
63447
62991
61399
63977
60270
61306
62145
62921
63076
60409
59733
61314
61568
61032
60649
62778
62896
61422
59744
61581
63395
59740
63813
61736
61060
61315
61625
62505
59823
62379
59646
63675
64502
59628
61635
61307
60790
61615
62269
61753
64064
62270
61877
62301
63796
60307
63486
62055
59874
63358
64049
60163
63377
61264
63094
63321
61104
60320
60311
63074
62024
63301
62269
59833
63997
63185
60816
60993
61220
59885
61200
61903
63597
61021
60939
61142
59752
60192
60519
62150
61850
64527
61789
62443
62954
62711
60721
60792
61900
60357
60942
63712
61350
63570
62584
64618
63791
61384
64347
64384
61149
60675
60688
60867
59962
60288
64656
61361
63290
60932
61086
60166
63534
64360
63133
59859
60965
62804
63614
61245
59792
60143
63538
60896
64041
61285
63403
63711
61419
63160
61148
61098
60679
60038
61224
60417
64296
60804
61514
61534
60225
63752
59818
62539
64171
63851
64364
60786
63197
63774
60203
60217
63663
61810
61301
60194
64530
64181
63241
63988
64273
60476
60424
61435
60191
62870
60143
62771
63866
60766
63433
60867
60601
63348
63562
64034
59924
63681
61987
63434
63128
63983
60365
61086
61846
62534
63360
60223
64251
61321
63589
63787
64627
59612
60893
60005
60308
62790
62701
60912
63790
60118
60608
63279
61961
63080
60491
63492
64127
59926
63575
59835
62437
60155
62449
60783
63186
59598
61643
62388
64085
64264
59840
64262
60472
61925
60509
61357
63362
62552
63082
62849
61329
64284
60761
61101
62507
63733
64358
59921
60895
61443
59770
62647
63030
63229
61707
60343
60779
64069
64558
63934
61496
61022
62439
64440
63348
63920
63905
64026
61907
59590
60845
64096
60279
60669
63085
59552
63096
63838
61781
62011
61107
60092
61470
62081
62477
62468
64593
64461
64445
64274
59597
59757
62236
63743
60972
60741
63875
61537
62680
61450
64352
60445
61100
62752
61136
60858
64493
63993
63341
59779
62695
60482
59800
63064
63861
61009
64248
60688
61678
59818
60969
60518
61338
59926
64203
63014
62141
59738
63861
60887
59852
61254
59620
62700
61405
60648
60911
64313
62278
62357
60299
59674
63127
61460
60438
60925
60526
61984
63385
60632
61962
61764
60592
60438
64497
62834
61057
62540
61660
64519
61083
59610
62041
62774
64667
63497
60560
64035
64160
62219
60888
62585
64663
60462
59886
60984
62098
60191
63833
62386
61867
61913
62775
61972
63722
63503
61451
63277
61656
63253
63095
60245
61965
62509
61318
64515
62210
62242
63051
59647
60038
63525
64250
61686
62532
63774
63821
63475
62798
64068
62910
63145
59722
63220
62088
61295
61494
61641
64541
63758
61353
61232
62493
63048
63774
60032
61128
60107
63365
62086
64489
62981
59835
63945
59816
61387
61309
61485
62664
63052
63291
61002
61844
60838
63461
61454
62766
64035
62776
60907
61745
63461
63854
60733
62664
61414
61741
61192
59789
63888
62119
63873
60647
63972
62011
62347
64289
59860
60212
64590
64596
63888
60499
59918
64208
64437
64430
61528
64543
62707
61082
64326
64369
61461
62232
62170
62510
61482
63455
62973
60538
64121
62311
63218
61229
64342
63846
63174
61432
64247
61514
61451
62470
62243
60033
59549
60861
60453
60608
61022
64336
63835
59671
60437
63086
60935
61417
59672
59811
62407
62031
59715
62766
60300
60499
61751
62525
61186
60012
59634
59883
60554
62044
62541
60972
64462
64659
59618
59761
64474
61531
60795
60348
60083
61204
63418
64447
59690
61672
59607
61310
62675
61289
64316
59874
64571
63557
62057
60173
61984
61845
61254
61289
64008
64609
59786
64071
62015
59697
63868
61496
63348
61438
64380
62146
61099
63717
60522
60459
60925
61170
60097
61306
63682
62232
64518
62893
61010
61208
61162
60975
60232
62548
60630
61838
60094
62452
61148
59701
62358
60842
61841
61511
62268
64143
62944
62385
62516
62629
59880
63424
62529
61941
64042
62146
60898
60680
60727
63398
62910
60809
62487
61444
60754
63244
63512
63643
61940
60371
63792
63633
63487
60485
59578
60853
59572
61538
60620
62019
61215
63212
59892
59990
63776
61635
59661
64010
63727
61425
59597
61530
64498
61861
64256
60037
61489
64415
60314
61916
60410
64463
62409
59842
63794
62333
61580
63569
59967
60397
61411
63887
62012
63037
63214
61140
63509
63565
62015
62627
61990
61675
64065
61261
64639
64233
60962
59579
59998
63343
61802
59718
62241
62727
61108
63257
63294
63767
63677
60168
61145
59898
61261
60300
60011
60607
64168
62037
62832
61272
62115
61296
64462
61638
62295
64351
61480
63927
64499
64108
61747
63661
64386
61994
59840
60660
61716
60245
62846
62608
60558
59954
63382
59630
64366
61703
62773
60866
61790
63720
60666
59687
63294
63374
61174
62980
62444
62558
61310
62433
64258
61018
64267
64579
63378
63299
62776
61310
60766
63591
62219
63595
63245
63080
59685
60747
64500
60907
61890
63916
60618
60606
63678
60790
60783
63466
60850
61735
60305
60509
60626
62686
61884
60485
63253
61214
64621
64486
61015
62967
61447
63609
62892
60073
61770
64513
63046
60690
63532
60905
63133
62731
61246
59598
62745
64404
60238
60660
62844
64385
61389
64298
60662
61290
64557
63675
62335
64316
63665
59970
60906
61566
61892
63517
60087
60972
62269
62130
62604
62750
64598
63783
64602
64518
59892
59919
61563
59976
62925
64441
62015
60666
63533
60403
62050
63475
62089
62530
63926
60800
63903
61095
61873
62264
60336
63694
62254
60537
59916
63164
59769
60385
64559
64621
61434
64448
63706
63131
64195
64467
62439
62052
63468
60602
61287
60485
59754
61352
61063
64196
60449
59782
59624
64490
60776
61282
61511
61307
61912
60798
60239
61948
63529
60530
64163
61400
64128
63538
62307
62238
64572
64198
59738
60372
64001
63440
59608
61641
60688
60897
63335
62705
59786
63497
61743
60095
61055
62721
60841
63142
64301
62352
61811
63683
63402
61469
61827
62063
63063
61588
64580
63883
63116
60156
61777
60400
61926
63104
61220
62572
63088
61664
61197
61652
59884
60447
64441
60007
60295
62449
62283
63919
60759
62963
60956
62009
62787
64501
59663
61054
64241
62231
64437
61929
62486
60418
62905
63320
60173
64595
60789
60030
63489
64483
64359
61649
62722
62094
63334
63024
64409
62146
61907
63841
60658
63821
60326
59598
62686
63349
62050
59619
60782
64038
61532
61316
60754
59932
60903
60025
61985
62927
59743
64189
59712
60009
61338
60084
62469
64606
62075
63823
61525
62637
64506
63279
63051
63815
62822
63567
60160
63553
62963
60196
60370
60265
63316
60011
61174
61955
60170
63137
60092
62319
63567
61421
59671
61414
62663
61584
64136
62166
61940
62485
60219
63979
63851
62603
61063
61464
61444
61365
62945
61108
62706
62294
60733
60565
61487
61999
60696
64464
60332
62972
61418
63610
59614
60826
60585
60736
64031
63018
61533
59983
61423
62143
59989
62216
60898
62232
62606
60158
62307
60973
61917
62569
61675
60504
60032
64327
63114
61616
63774
61552
61841
63447
64599
62023
63038
60136
59691
63118
62790
61086
60259
61742
60732
60478
62549
59811
63722
61364
62764
63538
62358
63769
60421
60171
64328
64108
62646
63436
60907
63253
60772
61495
60211
63204
60665
63772
63957
64302
62040
60862
61257
63736
60976
64420
60886
62948
60429
60508
60416
60438
62562
61710
60815
62951
59997
63485
61849
63088
64609
60314
61814
63319
64432
63869
62911
61884
59561
60007
59907
61000
62559
64512
62970
62695
60806
60214
63020
61430
60450
61196
61234
61266
61375
60865
60329
61141
59590
63990
61932
64433
61992
63040
59751
62981
60157
63722
62370
60817
61357
62860
59829
64069
62496
61037
59576
62006
61775
59590
60091
61723
63689
60975
62570
62148
63596
63831
63361
