48085
46106
51703
51405
52112
51714
55112
48970
49601
54285
49650
52225
46095
50267
47981
44591
50609
50040
47139
45351
47175
50720
50781
48859
46243
49882
53052
47180
49011
51840
55041
50242
45734
47737
53551
51090
45252
49127
53733
44478
50335
50368
52748
45570
47810
45999
50983
54378
45757
54258
54539
46907
54362
47729
50537
48440
49306
49832
52106
45073
49131
53397
46932
47690
50393
51029
52106
49916
45044
53291
51750
45165
53812
45982
54206
53672
50690
47192
53208
53550
50948
51579
49122
50594
55119
45160
51389
46270
48728
52647
50721
44626
54568
54464
49950
54949
47463
45213
47109
52209
49714
54679
53186
52813
54843
50466
50746
54062
49839
52000
54752
47062
47723
46163
47658
51112
51073
53386
44976
50672
47647
45201
53694
52781
45269
44480
48471
49370
52768
46464
45544
48507
55034
52698
55166
50819
46950
48164
52202
52894
52627
54473
54168
54933
50428
52999
52208
54930
44997
48859
53571
54944
51991
47860
52705
54312
45072
47363
49555
52243
49082
44529
52942
47572
51589
52596
47743
48343
45441
52858
53990
45102
44583
54141
49813
44879
45674
44526
46733
48538
50195
54272
51105
52846
53555
45841
52549
51401
45689
47928
52719
45985
52755
45608
51570
54929
52860
48467
47777
52983
46133
47019
51263
48399
48241
48436
54920
47984
46960
46578
51504
53326
49699
47535
51889
51187
53339
52796
55171
51215
44964
45126
48029
52127
51395
49248
48222
48092
45081
49995
48967
45735
45328
51512
51867
47637
47153
50896
50083
49435
52931
49523
47775
44490
54853
53349
54932
48118
49450
51263
54940
49783
49754
45913
55080
46372
55272
45630
45259
47420
46376
46601
47937
53530
53057
51286
49852
49302
52346
46641
53840
48531
47305
44621
47962
54237
55111
50199
51660
51198
54011
50388
52776
46214
51348
44764
48976
54807
53737
49257
44791
48850
52675
49365
44482
47368
49274
48864
45661
50387
49509
52669
51833
46184
54994
50974
55104
54477
51130
44509
44983
52389
46463
47306
45810
53896
46837
50911
55077
54643
48802
55269
52589
50908
49915
51588
51894
54562
45543
53802
52806
44514
49796
54258
44913
53721
45844
50133
49963
45613
50066
53586
54367
51424
47758
51532
49315
51103
49127
50016
49719
50707
46343
54119
51378
46105
45068
49527
45858
48283
49319
45036
47520
52856
51470
49738
51727
48895
51706
46461
44996
46296
45958
48709
48868
48145
51801
54988
53098
50161
45360
47075
54668
47145
54901
50972
48103
51748
46923
47110
47500
49929
44621
48653
44487
50997
54446
45555
51914
54751
44602
49190
48410
53974
53328
48698
48679
53467
44439
55264
47619
53587
51900
49983
51279
53207
47395
45382
44623
45145
54819
54020
45626
48063
48137
51289
52434
44511
54732
54540
52334
45235
45145
49630
46112
45383
48336
50511
49547
48570
54757
48889
52717
49766
53597
53016
51755
49061
46324
53563
49832
52025
55247
54706
54403
51918
53620
53696
52670
54448
49996
48733
52391
46330
51100
46148
44888
44575
52247
51586
46658
44828
46874
45772
52726
45990
53914
44731
51931
52016
50193
44895
45934
48678
54794
53043
52684
48679
54074
54426
47531
48716
45368
49532
45865
49137
45389
46150
50631
54924
46318
48214
47420
46416
52795
52501
49309
49929
47491
53403
45771
50631
54456
47458
46776
48968
46969
50751
53175
48603
46597
52021
47693
52020
53087
46252
54132
44498
46451
51048
44454
47698
52534
45380
50252
47055
48874
48353
49770
54932
53164
51121
52889
46250
50065
47096
44690
52845
44727
44895
53088
51817
49531
47576
54628
54410
50004
45837
54955
54328
47251
54116
50590
47285
44451
46636
48261
47029
45315
46312
48597
54805
47408
55204
51694
51606
53828
44974
46581
53989
54816
44472
52219
49699
55160
47404
50195
50000
49660
54156
52259
49716
53440
52279
54862
54964
47866
53342
44915
48707
53702
49472
48207
45966
45636
45123
46245
45007
50239
45205
49718
53518
49732
54532
54852
50801
48120
53313
47908
54898
45830
52519
47912
50531
50722
51576
52428
45830
49712
45332
48120
47420
48030
51370
46762
52337
50767
54209
52038
52890
53190
49602
51990
46076
44513
53191
55011
46499
49840
49052
53766
46112
44596
48637
50161
50627
53370
44713
54493
48447
53944
45330
49628
50121
49698
48062
50543
54071
45033
50437
44519
50649
54871
51527
51729
44891
50904
45654
45835
50090
44769
46636
52748
52109
46319
54738
54203
48842
54160
47793
46163
49898
47240
54599
50934
47299
44840
50150
45174
45802
51880
49217
55003
49110
47684
47258
46702
46508
46501
50067
50726
52302
45085
47499
47463
46532
48049
50852
46063
51685
44651
54285
53049
48022
47146
49559
47091
51123
45448
45550
46309
49998
52696
50766
48580
46682
52624
53019
52461
53212
53019
51492
49344
54304
48879
44837
53602
45591
47699
46497
54769
49116
46161
48729
51561
54014
50277
44611
50883
49319
53840
54103
47569
49581
50412
52541
45038
51561
47031
47667
54576
44788
54866
47460
53500
51646
51425
48541
44571
45863
48183
44621
51584
48499
53033
52232
48573
49786
45824
50519
49792
53845
44508
47307
53955
52834
50076
51407
53397
45883
46186
53766
52957
44932
49975
48470
47121
46146
52044
54105
47719
46465
47879
53468
45904
45361
45237
48750
50482
46835
47452
54118
52501
48209
50359
46362
48830
55198
49190
48894
51242
54383
45195
52845
52291
44554
47205
53559
53174
44469
47833
50161
49129
44641
47199
46908
53440
52125
51064
45756
52332
46486
52332
47443
51914
50794
45760
52359
46765
50509
45739
46366
45103
47146
44525
48755
49461
44866
51281
45740
54387
47702
47790
47573
50397
54670
47376
46663
50757
45086
45582
55138
44872
46060
45860
52343
45013
51200
47182
52603
46176
53048
51480
46249
52569
50145
47421
47713
44811
52415
52277
52988
54906
51673
46744
53039
54936
51683
46357
48664
45323
50986
47389
54125
52549
48736
48508
45989
51063
46138
50577
51521
45911
52366
46234
44920
50460
46330
44999
54697
47273
53713
50265
45992
53481
44770
51355
45295
46362
49238
50824
46546
51212
48313
53761
54572
50993
54256
47883
49939
45182
54233
54718
50857
48789
51395
54923
45330
54965
46636
46538
48611
45925
44997
45468
47295
48930
54503
53316
49419
51592
49038
49034
51007
45585
48305
45195
49036
47020
52962
45741
49727
46062
45558
45214
53973
45036
45902
53973
47404
53022
51615
44501
53366
50985
50352
49215
51777
53943
45697
49525
47387
52718
54308
48817
47229
44899
50638
49792
48700
46651
45706
53324
47010
52652
47552
52396
50969
48787
52920
54531
47615
54854
54490
52773
52661
49151
44707
54867
46543
46735
50296
47011
45781
46866
47297
49782
45983
44749
50949
47780
46509
45766
49093
51418
50947
44839
45689
53537
55047
47862
44514
49071
47038
48273
47458
50701
51631
52083
47219
46069
53767
47528
54423
44766
50852
48766
49769
54933
51358
54723
50265
54524
52403
46714
52329
49840
48048
47682
44531
52455
47287
50172
52772
49904
46342
44445
45483
51651
51667
53285
52205
47634
46849
48761
54565
55017
45168
54621
48513
54661
54613
51779
53953
52145
54595
49964
54042
49980
44603
48084
52039
53932
45291
48767
49770
48199
52054
48211
51679
54708
50815
44475
49681
50271
47842
53679
52007
50262
52838
47741
46556
54658
46767
49057
48856
52748
54609
54337
51036
46369
45483
46154
44598
48078
47180
46359
52163
51011
52974
53163
46130
50134
47348
54547
45868
44960
48693
49502
54225
46125
46247
49367
52604
53192
49168
53509
48061
53014
48109
55021
52987
53035
51170
47071
46412
51157
49530
55095
53209
52301
46804
49375
44733
46674
54033
48963
48803
50085
48382
53240
52966
46604
51239
52128
44796
45775
54809
52454
48286
49130
51825
45933
50757
55061
49975
52333
51039
45366
51937
54333
50959
48546
51190
50069
46160
45649
49798
54194
51577
50478
51864
49269
54043
47741
55101
50720
52081
52782
48845
52032
48902
52181
50390
52977
51494
51198
44584
46085
45042
53467
53005
50797
51445
54984
48426
48545
53620
53999
54424
46994
48460
50496
47392
47992
54511
44978
54659
54776
52353
49715
47277
54636
47077
49312
45140
48457
45309
51973
46269
49930
53377
51615
47769
54443
50046
54670
48862
54185
47268
55116
52995
50403
45915
52281
44591
48860
54475
51344
52949
52713
47713
52956
44811
51314
53396
53451
50109
53880
46014
47358
52266
45657
53806
46368
50473
47422
54331
44548
54463
54514
52662
54944
53337
50127
47655
49811
48248
44667
51265
52820
50120
46457
46175
45133
50837
51945
51838
46497
46447
48860
52835
46718
44624
51843
46984
45221
51874
50713
53594
51898
50531
54285
47938
44677
48741
46729
46394
50233
47294
47334
47899
48666
52692
54407
48181
52798
50213
51939
53769
52404
46121
51192
54173
51355
53797
45127
54790
47686
49878
44867
50159
47603
48418
51758
45140
51796
48425
54304
49496
45772
50838
52717
46722
54070
49749
51947
52676
51228
54652
48168
53012
46771
48838
47261
53505
55281
49797
48694
52068
48373
53683
49111
48630
45261
54439
50907
50682
52932
51404
46804
52129
46027
48632
46299
48217
47212
48864
47109
53815
46743
45280
48984
53053
44589
50482
50631
49933
53615
49677
52682
48800
50841
45840
45467
48789
50774
51078
50184
50186
49688
45673
47653
53036
53676
54852
49067
54492
49276
54027
53580
55079
52485
52570
48509
47439
49936
46422
52624
52336
51579
46952
54818
51003
48975
49731
52960
48935
44599
47607
46370
51518
45538
47971
46131
55190
53733
48176
49808
47002
51353
50022
45350
46271
52811
47064
50324
52778
54982
49383
48895
53810
48771
48809
47808
51398
53909
51570
50286
55258
53967
51751
47838
51676
44792
45614
50380
48603
45493
45675
46039
47565
47534
51711
45757
45449
46587
52925
45342
45345
53929
45958
44969
44701
47215
46424
46583
54044
53305
51278
54969
54330
47027
52875
45659
50363
45332
49708
50502
52849
54153
52472
48911
52112
47544
50305
50494
44866
44826
50810
46320
53117
48190
45502
46943
54175
52930
54589
50184
49077
44837
46918
44476
46236
51692
46638
46276
45268
54653
54003
46591
48767
53775
46708
47074
55010
52706
50330
49721
55106
49507
52918
49798
49318
54464
47271
53907
51096
54721
54544
53877
46193
48663
45823
48421
55191
47355
48299
53111
48826
55043
49060
54032
52933
49125
47727
46389
51208
53363
53958
49111
53637
49991
44972
52799
50135
54078
52930
49894
54697
48558
46263
45476
44953
44960
49828
46162
49988
49171
47345
55152
44805
50572
53846
47250
49307
51462
52571
52573
48888
45157
52168
53650
46881
51119
53662
47761
47497
50897
47495
51050
47762
48011
51715
46295
52643
54466
52653
53322
48952
47102
48593
46313
49996
50859
51860
54058
50707
54236
48032
45702
46507
48723
47822
48728
47691
52455
54527
46796
54891
47971
48882
44780
53874
49951
49654
53990
51194
48090
46533
45499
45676
45950
50780
45685
53041
48166
50403
47081
50123
51518
50201
49873
53360
44837
52733
47241
47013
51312
52272
46871
52797
46644
52170
46029
52203
51651
46558
50776
50216
48593
48389
44912
52174
46688
53205
44492
48253
52400
47379
55178
49792
50663
46675
48995
53204
48415
47687
53405
44698
49523
50541
46345
46686
48604
52930
52244
46943
52751
52402
46580
48436
53805
54409
49734
48132
47886
47734
51118
48907
47118
49531
46748
52443
47308
52792
46946
53972
54199
52166
46247
49018
44713
49014
46011
46539
48139
48617
55241
51956
46268
46300
51731
46895
52243
54417
55064
50881
47056
49062
51963
51205
50334
44635
54800
49908
51696
54626
52477
46466
47962
53399
45734
51321
47430
49221
51270
50323
50288
51880
45837
45019
50481
46239
52787
51499
44464
55145
47513
50919
44983
54129
52809
53256
46990
47589
51889
46098
46798
53073
48343
49166
50507
44559
45735
54215
55091
46969
49456
55121
47662
47122
53876
49146
47477
46454
45187
47066
45753
50061
50268
54569
49803
45071
53781
46042
46067
46163
45365
45936
54537
46440
47079
50799
51687
48547
50688
54853
48965
50838
51925
48215
45251
53791
53264
47152
48589
54976
49031
45971
45999
54564
48839
48125
54143
48911
53252
50719
48070
46157
45544
53007
51617
50498
54646
47769
46044
50858
50084
48514
52427
55198
45644
51017
55075
52961
54837
49899
55008
53119
54395
49671
50557
53602
48903
48580
44558
51930
53043
49237
49084
54536
51436
47788
48829
52957
46863
49083
45311
52280
47793
53242
50993
53349
55142
49073
44575
55283
49810
53751
51434
47800
47216
50177
52563
54508
44510
49797
45665
45393
49181
54777
45633
45524
54870
54062
47452
48080
54543
48226
49654
52266
49972
52617
49448
52047
54545
53878
51961
49580
51889
48256
52298
52505
46426
46874
49569
49123
51326
47496
50068
52862
45216
48689
51538
46347
53283
48856
51716
52751
48146
48345
46639
54696
45574
45732
49878
44626
54051
53600
49327
52936
49584
50897
54647
45093
51156
54387
52966
55183
45146
52824
51129
49231
48487
48962
50802
45257
52960
46338
47648
54238
47767
44648
45501
46511
46875
44951
48874
48427
53385
47612
52792
46961
52957
54822
47838
48065
49893
45281
46465
48819
53873
48310
45466
52336
46104
51479
51695
49317
46237
51194
51043
50188
45643
47955
46122
54337
52074
47272
48025
48412
48139
45653
52848
49885
49374
44897
55069
51490
51036
49010
51250
48844
52477
49874
47442
49565
48300
54415
53260
46176
52214
47531
46084
48007
54315
54220
51847
51453
47915
51761
51755
47146
45123
53410
47360
53651
45251
54955
52390
51158
49803
53633
44838
46038
48794
53725
49418
48447
53215
52038
51748
55164
53113
45742
49817
50998
48505
54500
47664
46021
45962
50983
50331
54098
51117
49135
54833
49991
54997
51112
54597
54949
48923
54477
44922
54162
54208
52213
46310
48069
44538
54577
55033
48608
47780
55031
46692
55167
54198
53141
46283
46327
50613
44957
48709
54253
44860
54932
53887
54817
52515
51284
50784
52327
44690
50641
45729
51494
47550
44901
47578
55083
46677
51410
47351
48989
46532
49924
52830
44835
49062
52290
49350
52071
51869
47004
51099
49929
52867
51495
54460
45903
48485
51360
50086
49263
48965
50981
50477
54506
46973
46525
49633
46412
49384
47947
48082
55228
52550
50700
44850
49762
48908
46735
51972
50721
44891
49932
45477
45745
50926
48120
48563
54385
53046
47180
44955
49810
48247
49815
54789
49199
50475
50853
50878
55057
54896
53097
46968
49418
51090
52683
52978
46387
44698
47833
53652
52870
47505
44953
48052
54639
45063
49161
46161
46809
54166
52944
50550
45888
49248
48059
50798
55263
48666
54310
52866
54618
53136
51080
45909
47166
49482
44773
44829
55184
53080
53977
45759
50934
54080
48167
49395
53185
48865
52622
47829
51162
49842
55227
54586
53709
47936
50150
52100
52481
53744
45218
52994
50899
50342
49709
51637
48088
52902
47851
46820
52548
49944
54831
52053
50481
44529
47705
52488
53916
50824
44567
52906
53775
47672
52469
53501
55166
50214
45030
53232
53880
54187
53487
48187
47872
47028
50393
52066
51028
45054
53402
47078
46799
54541
52023
44726
44856
51928
49864
47178
47214
55220
54720
49058
46802
52923
50640
44829
44781
53991
47161
49891
45692
48512
45652
45399
52820
51118
52907
52883
52266
52344
48705
53523
46044
45872
49793
44567
50821
48767
49161
54727
50795
48040
51301
48916
51250
48801
49104
54297
53845
47367
48927
52403
48304
47223
46888
49425
45672
48067
45262
48098
46262
50748
53880
50568
45338
44634
53591
52173
52823
54212
50768
53992
45451
47733
44511
54534
54584
46356
50171
53475
50299
54156
48252
46002
55078
54175
50712
47561
48177
50580
49293
47684
53816
47356
44617
54456
52374
52650
48347
48965
53033
49133
45182
50875
49001
46981
45947
48235
49939
53972
47952
47243
50938
50704
50066
48395
50868
55265
52717
51805
53055
50276
49108
52395
50632
45182
51581
48042
51236
53879
55089
50434
47957
49798
45107
47403
54419
47679
54227
48972
48954
49269
53265
45125
44448
49424
46277
53637
46962
50791
44713
46038
48063
46824
48428
48026
45815
51311
52507
44906
44747
51314
52693
51341
53922
45220
48377
47045
52368
45258
52878
49674
46658
48641
49464
45775
54544
53894
53315
54629
48004
54683
52663
52644
44961
47059
51763
46585
53575
45965
46573
46387
49302
48074
45904
44515
54526
51283
46664
52070
50614
45720
45477
45568
46353
49924
54956
50423
44929
48554
50481
50914
51767
50677
44497
50865
47785
44483
50713
51129
50241
51634
44605
46278
53017
45604
51708
50377
50165
50285
49474
48551
54862
49567
47000
54023
53663
47190
47008
44811
45522
46600
45675
46321
51832
52118
45646
45201
54337
49738
51976
53041
48541
53068
52043
50487
44986
45366
51664
49452
44544
48770
51994
54520
54925
48576
55084
46529
53180
50863
47693
44917
49763
47558
54138
52323
45427
50049
51019
44566
48759
48862
53692
46898
45690
50065
47943
50556
44674
50901
48057
52411
51843
48546
52626
49260
52930
52248
44962
45683
54048
46587
54864
51973
45943
47937
50586
45201
51682
51811
49402
47366
53188
47359
47863
51238
50512
47478
48841
52731
44674
44439
49434
49275
54903
51790
52301
47451
47539
49077
49534
54728
47436
46617
50560
47030
53169
48167
48372
53180
44643
49431
51753
45447
51830
54978
55095
46510
47826
53374
53490
53128
49121
51994
45497
46212
54086
48475
54081
50742
47908
49560
48280
49685
46602
48389
52911
51093
45285
50017
48416
50432
53916
54481
49300
50534
45177
54899
49788
46538
48424
50762
47232
51101
49437
49439
46576
53686
48844
54745
44452
51805
48854
45383
48530
50103
50992
54933
54025
48397
46032
45016
49261
54418
55017
53790
45049
49364
47326
53472
46278
54531
54280
51604
55196
48908
47683
48547
50258
46188
51452
55250
47232
52077
48719
54749
51985
53890
44455
46075
48862
51731
49551
46606
47178
47517
47850
49584
54194
48282
46174
54153
48291
47019
44501
52948
45193
45114
46238
50569
47614
50097
49731
52337
46718
46376
51706
47029
49183
46065
50505
46175
46942
49605
50913
50067
51197
48424
53222
48750
48683
49304
47347
51434
51990
53131
48853
53900
47682
51360
48750
45856
47900
50130
45200
48385
48882
46679
52912
44723
48332
48853
52582
47730
53360
54801
45890
44780
51804
50892
50500
46820
50119
52540
51847
46981
54046
50987
54767
50299
53591
50905
47170
50240
51059
47470
53470
54422
50099
49641
45069
49870
51659
50963
53583
50475
54839
52740
45888
52204
44462
54196
47286
50435
51628
53111
45385
54466
54646
48662
46113
47902
52437
45391
46426
48291
55168
54071
52567
46482
49012
48009
45168
49769
49180
50254
52366
53966
49655
52934
48010
49747
47104
48309
55085
51770
54986
44631
50745
47957
49602
49169
45639
53740
49439
51172
44832
53688
47824
50702
45945
50737
50732
47252
45175
45986
48664
46686
52086
50059
50594
53779
51438
52303
52042
47559
49203
51022
50662
48946
44933
44685
50049
50509
47694
49332
54937
54358
44775
53318
51927
52372
48403
52624
46500
53143
53375
47249
45560
46961
45152
54474
48479
49214
53691
47809
55214
50138
48322
48066
47988
46460
48035
50382
52324
45024
53824
49191
45115
53235
47441
45286
47627
48280
45176
51201
46178
50528
46814
55088
53715
53396
45475
46706
47370
54365
48801
50930
46252
49026
51675
44794
44894
47848
52935
54479
52107
53579
51732
47257
48420
44849
47238
54501
47149
46500
51763
50493
52524
47584
48260
45302
46487
51540
52902
52268
47619
53915
51763
54673
52383
52250
52302
52238
50298
46109
52846
53764
46724
48873
51504
53252
47469
45308
49064
45723
52643
54204
48659
50091
44489
47476
49394
53766
54322
52106
44952
49067
46450
44861
49436
51226
50118
46043
54531
47851
45089
55261
45284
51908
53245
52639
51413
44772
46478
45474
49365
54247
46427
44898
47419
50879
52635
46652
48063
50606
54719
44779
53260
54682
45417
44938
45983
48822
47934
44667
44989
54512
49510
51969
48734
48856
52788
53596
44924
50443
45672
49634
49584
49261
45344
49135
46969
54253
55213
46152
50911
53259
52294
55210
48906
50927
44509
47771
46352
47694
49529
47958
55061
53041
49369
48280
45699
54315
52692
54802
53722
54757
49166
49504
52214
45009
50369
46187
46685
55015
51131
51518
49839
48400
49927
50333
50220
46954
53552
49834
49508
49254
48278
47566
44955
49211
53331
52757
45243
48350
50622
54579
53793
49082
54748
54326
47043
49465
51538
53996
51310
49264
52659
45662
49488
45396
52445
50958
53155
54304
53879
50997
52868
47914
52960
53401
49463
53789
48426
53648
52021
51175
45013
52965
51959
54998
49061
46694
50669
51674
46555
48550
53447
45022
49163
51212
53668
54807
49511
49169
47212
49637
49421
49610
44588
52387
45856
53008
46621
48547
45319
48111
50749
45105
54420
53416
46151
48379
51729
55143
49151
51866
54306
46937
54086
44475
54672
46513
50326
50100
51043
50172
52660
48038
48406
51726
51113
50018
47443
48746
47938
53109
50091
48171
50074
51831
51341
52405
45263
44707
53226
49358
52387
48328
46565
54714
45023
53486
51898
53428
46441
53573
49378
47968
46600
53825
52693
53913
53193
51771
54471
52922
44546
47816
52186
44921
53336
49114
46491
46706
51885
54125
51817
53346
53603
49405
45042
49720
50450
53250
46270
48656
50598
44849
48257
44813
49916
46903
49958
45357
54451
51332
49501
49780
46549
49400
46019
45100
45289
48402
54069
52766
46681
46295
47333
46070
51936
49589
51979
44746
51653
52475
46371
50336
45234
49691
48545
49473
45639
52051
53709
50509
50422
46192
48156
54980
54759
47465
47945
53620
45962
47862
50552
47789
51238
49825
51425
47860
48246
45566
46683
45790
48973
49443
49497
52431
50142
49206
44541
48511
49908
55113
52979
44507
49620
53697
54684
48896
47210
52334
53546
53100
50965
47791
46376
51879
47149
48710
52987
53201
49492
51631
52350
46231
54198
49197
49064
46545
47513
47572
53367
50669
46487
46655
54051
54737
47680
47520
49622
50609
53702
49649
50612
44599
53528
47114
48261
54948
55266
46938
50155
55134
48284
46009
45052
44988
48791
51386
48056
54279
47329
53677
49842
46948
45307
51599
50413
48542
53924
51622
48246
46182
45616
47196
50576
46090
55224
48562
47693
52734
50291
44448
45862
47552
52597
54867
45968
53273
49084
53679
44932
51053
46703
45339
54321
44615
49761
54218
45570
47279
49848
51531
55252
55024
45867
44600
54607
51177
45826
45021
50621
49565
51390
51842
54629
50329
51157
49347
46144
53647
44507
46613
48666
51714
50279
51923
46654
47072
52325
45086
51043
48020
48858
51629
52354
53451
47577
54470
52015
55059
54189
50758
52436
53448
52653
44842
51784
51456
45546
47761
44466
46448
45751
46923
48275
51237
47094
50575
51704
53719
49865
46081
51379
46445
52009
45814
45318
53967
51629
54356
46649
53289
53650
51366
49908
52664
49226
52511
51198
53759
49161
48720
45247
46440
49465
46184
45997
53125
44912
46090
53561
54484
50780
46587
52393
49543
52784
49327
46686
48390
52078
51161
44587
53039
55059
48980
44900
47639
48474
54187
46843
45342
51180
45929
51437
50477
49169
47756
44584
52484
54905
54970
46234
55110
47674
54901
50406
49945
47625
52299
46133
45447
48677
50767
49306
45568
45881
51143
52158
50478
54153
49379
48373
50009
54520
44508
44702
50621
52005
46655
48407
50085
49906
48686
53885
55036
45630
47734
47302
47409
45809
53717
48077
48524
51510
51333
53411
46931
51509
46988
47970
51803
45250
49592
54484
54623
52356
44959
47087
49802
50980
47541
53725
47358
48291
45333
54111
52952
49002
50690
54434
52803
52497
47358
44643
54658
45890
50323
46741
45017
47427
52384
45950
46905
52495
46806
49413
46563
52983
45960
52154
44725
50526
48950
51091
53744
46113
44827
52201
48889
46415
50113
52824
48143
49848
45857
48274
54469
46885
53481
47125
46097
55101
50899
52958
52949
53779
54565
46255
45886
47146
53092
46141
45953
53397
52996
53189
50359
46525
47021
44516
45334
45451
50618
49720
53967
51351
54937
45477
44957
53703
54130
51079
52404
53133
51317
53344
51582
51383
45162
44872
47099
46818
50430
45283
48680
51558
53802
45548
49500
49727
50933
53983
50111
44951
49132
54394
48439
45518
52196
47648
47757
47369
51144
49122
48249
46322
45884
44501
49001
50019
45010
51635
51557
52067
50272
49835
53210
51103
53347
45362
47307
52460
52080
54674
50817
53148
47520
54908
48282
51469
47419
47250
54718
49922
52875
54738
53826
45306
53158
50413
46451
47410
50256
47862
48475
49192
47334
53692
47147
47267
55271
52999
46251
47596
47529
47149
52166
51597
51835
54586
45685
53020
49902
44999
55007
47921
48359
47955
51768
45461
53226
52275
48089
46866
54246
49327
47838
45290
47332
45097
54909
52203
45592
49371
54663
46190
53632
48813
48927
52412
45929
51604
53811
53626
49888
51325
52863
53675
44789
51623
54809
47398
54024
46395
45195
55242
50845
48623
47320
46141
54162
47298
45705
52091
50203
52700
54316
50402
50889
49717
47077
52279
48479
54735
44993
53543
48751
51248
50601
44591
54361
51938
47600
54681
47793
44491
44775
44467
48677
55045
44643
49206
54248
52236
50263
47058
51765
54512
55273
54474
50298
50564
46744
50355
49980
46277
54680
49026
53209
52079
54997
47719
50056
53728
52385
49673
48896
45423
52922
46203
48785
48867
50229
48091
49438
48341
49389
51646
54406
48440
50604
52080
49315
53073
49055
48779
51519
49607
51852
52565
51223
46452
44791
50571
53622
53487
44953
47485
47442
52235
54496
45631
45224
49965
54960
47358
45387
50943
52733
51268
45942
48701
46247
52643
49780
51041
52118
52756
52059
44521
48908
45877
53660
49885
51350
52799
47208
45370
54537
51966
49120
51070
49987
48775
53290
54343
45182
52285
49568
46259
44555
50040
44607
53194
50509
55080
53633
50777
48708
51589
46744
53964
55003
53056
48961
44992
47289
55049
54705
48069
54505
51170
55044
54681
45781
54053
46965
51062
45256
45548
54329
48309
50329
50343
52924
53698
45153
51260
48227
51353
52670
54961
53479
47535
50758
49272
46205
49473
55168
48386
48851
50939
45507
53071
45990
47462
48253
46418
49881
45024
44587
45658
45481
48474
55079
53190
50893
54694
53207
50146
46972
45650
48494
50318
46518
54045
47546
49610
46955
47363
45121
49022
44819
47945
45550
55279
46660
45102
55179
54673
52429
48904
48907
48578
53655
54540
51584
48395
46588
53543
53577
50076
45178
51417
50542
51966
51943
45449
51902
51989
48619
49997
51676
51824
45584
44480
50028
49139
54214
52970
54757
45232
49526
44830
46545
49407
50165
51549
54153
55222
51283
49171
47771
47354
46646
54980
48824
49845
49215
47223
53688
50092
49359
48813
48825
49556
54522
51076
53050
52169
54001
50989
54931
45786
47604
46998
54532
49505
49059
47063
48560
53512
54818
46451
54824
44719
53044
53948
51414
46246
51556
52693
50907
55164
45442
46902
54265
49610
53658
45863
45207
54408
51720
46974
48690
53048
51610
47260
55190
46067
46845
53132
49163
53509
49763
54579
44868
55217
54703
47250
44733
47930
48876
49096
50722
53682
50634
51764
45904
49283
48975
48920
52648
48227
46445
54139
50325
51262
44871
44543
47885
50391
48939
50935
45602
46906
53638
45187
49041
45582
53341
47394
50010
52116
54166
47431
51939
54839
55254
47942
46330
46147
51579
54443
47465
53208
50698
54862
49087
51682
44708
54392
54486
55229
53159
50106
53007
51435
46043
45457
51606
51474
44593
50361
52188
53368
54479
48063
54314
49705
53752
51657
54843
50247
48170
46644
49306
53964
53814
47630
45354
54574
51813
46799
53552
51281
50019
50414
54866
53146
46523
51902
50836
47470
51124
49679
54889
44624
53448
53353
53972
54212
54618
52147
49651
54342
53743
50628
46501
46839
53122
51162
46126
51246
51249
54636
47731
53076
52005
46092
48742
47785
53438
53449
54642
51005
49250
46823
48203
48627
46321
46187
49252
46928
46127
54635
53810
51746
49267
48261
46611
54510
49157
47472
45338
47346
46509
51192
47970
47158
52442
52176
53507
52276
47846
53583
47989
48802
48463
52331
49903
47567
48795
48058
50146
52966
50325
50433
53876
53613
54279
52171
48572
51511
49007
46344
51799
53863
46712
55038
48576
53890
44644
50860
48083
53484
49280
53262
54960
46727
50996
53829
50947
52180
54188
54981
50656
54898
48968
45126
47112
48621
47350
45166
52884
51964
44620
52948
54547
54991
50780
46731
49489
51544
46433
47883
51760
46088
52982
54320
51061
46180
51521
47544
51132
48068
45232
47961
45285
46430
44791
53713
48708
48922
55049
50328
45026
47066
49782
46458
50934
49085
50147
54240
48213
46697
45684
51499
47069
54682
51566
45352
53897
51318
50158
49069
50595
52473
53597
47106
54600
48368
54600
45710
54008
47560
48980
52918
45246
54389
51553
50891
45939
45557
50895
49547
47573
50850
48350
45387
47538
52235
52959
54393
48257
46864
47757
48499
45541
52049
46478
50783
53433
51735
48967
44532
49656
50807
51790
44861
50442
51432
53123
46589
49499
47024
46283
55150
50269
45592
53983
45966
50604
52998
46725
46564
44609
49367
54286
45941
47027
47909
46939
49923
49511
49807
45354
48764
51591
49964
50800
47468
46481
44646
46310
45253
55026
44687
44805
46285
48119
51858
47872
54072
53025
54224
44760
49038
51966
53973
46518
54982
49195
54631
52516
49500
49633
51297
50165
49776
51275
53946
48691
46437
54138
44911
51806
46637
48304
47782
54635
53529
47128
54368
53103
52296
54177
54991
49837
49614
53945
46675
50369
47226
44491
44560
45420
45906
45778
52761
51459
49402
50664
55032
53742
48895
52946
54998
51474
52632
47224
53558
51526
46488
54840
50464
46648
46025
50627
50364
44491
48768
49028
52904
45095
44660
53055
51529
44679
46624
44676
54654
52938
52698
53218
44460
51342
55138
50372
55179
51125
51283
50867
48908
49386
51438
53584
51360
50882
46320
45791
53851
48780
51231
44812
48733
54183
46529
49389
45929
52246
46818
47371
51128
54337
45162
52941
46464
53792
46321
54988
46137
44504
53463
49055
49106
52325
48315
50048
52389
48345
51207
52874
49057
47501
54656
50749
54693
54480
48355
52583
49739
45146
50645
45985
54584
46162
46848
51094
54846
54118
45076
45994
45063
53290
49738
50418
48667
54332
54841
52306
44456
46700
52861
46008
46077
46873
44590
54979
44546
50653
49510
51903
46964
49794
44632
52307
49320
53842
50463
51033
52741
48659
54055
54095
53426
44691
50050
48775
44571
44719
49296
44589
44990
45474
46063
47121
49202
54062
52735
45307
50443
46331
47143
47230
55115
47149
47929
44469
51072
48331
48608
48894
46690
47156
53761
50888
52290
53997
53529
46698
45024
45189
49635
52016
44971
46182
55035
52544
47697
50370
44493
47337
51903
45269
51022
44981
47693
47576
52065
53190
53722
48618
54285
47264
44569
46548
52038
47122
54608
50278
52921
47862
45114
50226
54350
50336
50840
48232
50924
53531
51903
52034
46687
44483
47204
44577
50355
53133
55255
50934
44651
54741
49052
48790
47695
51921
52475
47470
54506
47877
54040
46142
48104
47813
50991
49352
54932
53755
51346
51770
49604
45338
49593
45626
48524
55012
48053
55206
54698
52885
51822
46761
47264
48874
48864
53583
44582
49031
49179
45839
45808
52506
49492
46222
48614
44605
53987
51415
49441
46452
49655
53391
48844
54342
50791
45571
45725
54486
51649
46826
52240
46419
50258
53598
44924
47308
47743
47222
45020
54559
51178
54960
51681
48222
45235
54635
55232
51838
52854
49078
51930
48265
52757
54333
49432
50201
52523
51074
47683
47530
49997
47712
51791
52111
51083
47902
53732
54203
49938
54011
51910
52094
52602
47334
48275
52043
47515
52474
46525
48587
49088
49479
50904
53744
48586
52149
54775
54348
46778
48542
50713
52925
48211
48734
50580
53662
47132
47425
54537
51184
46353
47214
46137
51641
46350
54171
48927
45210
53390
46373
44483
52190
49223
51220
51496
47237
49185
54768
49167
52332
46017
51386
53661
50052
53765
51643
48691
49307
51435
50164
54262
44951
51110
47246
50383
54766
51677
54082
54388
48917
53621
47410
44477
52287
48050
53828
53009
51774
54116
46972
49569
53755
47851
51900
45990
54294
48091
51142
54845
48324
49108
44593
50464
48413
48582
45137
49349
48800
48084
45387
54283
46352
46576
53125
54541
45846
49096
55204
48854
48313
53520
47035
51139
47920
55016
45432
44772
47789
52045
49808
44542
54998
45392
48004
50842
45966
50053
45975
48972
47999
48576
51491
46210
53157
48767
54604
49271
53310
46118
51681
49974
50160
55058
50263
48787
54658
47465
50820
51410
53255
45341
51643
54476
45697
54151
52472
45388
45351
51698
48168
47207
53370
47260
48301
54655
44723
48555
52429
51512
46668
54945
52258
48409
51126
51573
47562
49811
53567
50386
47132
48380
47949
49953
49631
46718
48405
47358
44458
51042
51959
47944
46442
48913
48701
50070
45954
49355
46991
51484
45053
46574
46765
53584
45408
46473
46780
48926
50326
48554
49883
54405
51133
46830
51569
51055
51645
54086
45188
47137
47048
50699
48767
51239
48689
44949
49260
50974
46437
46850
50151
53508
50660
52818
47858
46748
46840
49399
52180
49494
44809
45867
45933
45094
44790
48235
46867
50440
45327
54059
48820
51137
48630
46970
50986
47632
47172
44860
47943
53506
47630
49418
44753
53421
45423
52414
50907
52758
45544
52578
51348
47492
48988
47639
50245
51776
46913
50890
46535
53301
48704
44714
54883
47429
50162
48201
46953
49132
51102
54423
54625
52475
47108
47473
53468
46410
46146
54345
45227
44866
51858
48451
46777
48167
45985
52970
51105
51782
46005
51555
50250
52457
54666
50068
50212
46599
51293
49328
49558
46712
45939
45320
52674
45073
51438
45580
54537
52886
51505
45567
51657
54974
45037
45492
49728
44923
46722
51943
48809
54287
47729
54707
47441
53948
52330
49241
51588
53667
52677
48513
54711
48445
44576
48593
45160
47874
52188
48267
49204
49713
46740
53386
48350
44439
44922
46331
47802
49486
54711
49746
45688
47715
45179
48112
45718
45105
46903
52364
45829
48714
48742
54331
51102
51075
46391
53425
46938
54582
45809
46514
52272
50559
49444
50745
52789
45444
52141
46714
48599
49288
50451
50305
53492
50873
47702
54905
44830
48449
46584
47900
54757
49296
45797
46720
50599
54039
46684
54955
47088
44693
44986
49069
45313
47452
45692
50436
50183
44698
47715
44934
53898
53029
49762
46512
54953
51183
54848
53719
52649
51515
47110
47266
50779
46612
52218
49485
52966
55102
47420
50258
55241
50692
45738
50572
47618
54515
52257
52955
53887
50063
51591
45945
51617
52903
45338
48961
47400
50572
50745
46895
54953
47638
47568
48531
45914
51088
48489
50587
47051
51760
44575
46126
52214
48157
47604
45406
53058
49209
48952
50847
52395
49222
49409
46936
51023
47405
44522
46563
44523
48108
50894
47279
54377
47776
48530
51210
46664
54973
53349
47252
53013
54235
45129
49275
48453
46880
45066
48505
47409
52513
53014
52408
54777
53459
45502
51878
53211
45863
54871
53768
53662
53207
52849
53182
49910
45293
46349
45872
50081
48277
55197
54719
52616
50211
52200
49448
49589
51927
50591
52897
46797
54426
53616
55000
48009
51921
53532
45231
54885
46583
48691
45735
53508
47714
53420
45768
48757
46315
47436
51740
45233
50825
49528
51900
49814
51616
52633
54404
50076
45241
46186
53252
54863
52344
45630
48583
53956
46179
53870
50436
45535
47499
52248
50057
52663
54522
52969
52213
50904
48096
51169
54040
53609
50452
47329
44504
47941
54537
49143
54916
48904
53626
54083
50385
50832
53678
48729
50342
44512
52494
52506
53297
51789
53666
49076
47732
55224
46742
46093
54542
46759
53832
49385
47853
46493
48193
54666
55210
52829
49707
49101
50859
54786
50711
44457
55158
52965
50815
45928
50626
50557
54908
50313
47836
53994
47868
49975
53183
51147
51759
53721
44727
47964
45321
55164
49763
49180
49567
48294
50307
49372
50774
54681
51956
48754
44485
48567
45542
55094
46457
50014
52610
54739
46470
51091
51475
51895
44798
51083
51212
51099
51814
52602
44893
54439
54033
48437
50838
52788
46891
47782
44478
55001
46359
52542
54050
53012
48182
45569
44717
50028
45457
47826
46375
51910
54618
47514
51165
47547
51858
52062
49653
45639
45548
53579
47591
49744
52747
53516
54093
45774
51477
46110
44813
52876
54812
50541
47333
48293
47824
45780
50353
52653
44477
46325
50823
45917
52111
45676
54931
49494
50255
54406
51598
54593
48002
48889
46764
47157
49703
46055
51340
50415
47366
54517
53001
44702
54145
46952
46184
48582
49659
46063
48465
44918
48089
46050
52164
44570
48448
52276
52773
52378
48866
46943
49665
49557
53581
50820
46485
45373
49671
54719
53275
49639
44842
54325
54164
53224
50151
44750
49977
45672
45512
47451
51816
52018
47252
48795
51184
45729
46380
45162
52076
53214
44728
52018
47091
51499
45454
52754
53162
45411
45244
54628
51889
46381
53445
54789
47945
52878
46117
53482
53609
49071
45810
52037
47151
48973
44876
50371
44595
48708
45098
48525
52789
50304
47737
47762
49982
49354
47842
44680
50666
46322
53501
45835
45149
48379
48112
48773
55211
45264
47736
47351
50784
47842
47893
51191
45014
54978
51211
46222
54983
47727
44597
50449
47142
45075
50386
50124
47369
47204
47075
51377
44448
48548
45358
46209
48573
45445
47794
47537
51381
44966
47210
49851
53340
55097
55016
50243
50368
47819
52798
54457
46226
53260
50335
51909
52609
50375
45908
52484
49319
51360
53966
46993
45918
48402
49615
47872
50397
53704
45031
49017
50610
54000
51945
51914
46583
52852
50129
54356
47129
50975
54302
51594
46729
50625
50597
50603
49902
52100
45314
46198
53065
50625
49351
44694
54886
47766
51888
49183
50494
48518
46461
50959
55259
47175
52857
48466
45432
47904
53366
52985
52069
49918
51544
53342
46197
44876
47990
47106
53490
45005
53061
44492
53285
46309
51095
53973
51751
45188
50788
52000
49052
52282
52158
46336
46632
51061
51005
53268
47423
46351
51747
51588
47854
45279
50203
45512
45482
45611
51764
54267
53284
54120
54270
50192
45055
55154
49144
54192
51691
46639
50203
52003
49641
45674
46563
48556
52670
48730
47373
53113
47757
46749
54147
44595
50470
53557
46677
48789
50606
49318
52048
54981
44988
44568
50091
47693
46441
51033
50593
44464
53699
54723
47110
46769
54332
47294
50084
47696
52518
50561
52263
49517
49905
51305
54680
50163
50547
44858
47989
44629
44983
52764
53777
51539
48278
45576
45190
51228
44666
54872
50742
44708
47364
52403
53363
50610
50269
48448
47020
45765
44518
53760
54948
51737
49964
50052
51421
54040
53723
47497
45932
54811
47496
47177
50167
46020
50762
53531
53749
49444
47196
45422
50068
48846
45530
48307
50722
46041
45820
55013
52531
45043
54949
44809
50569
45115
55123
51369
55203
48359
53701
45190
45356
49172
49049
46190
46843
49066
53520
46066
47764
50811
55191
51131
47122
45850
48243
50470
53416
50801
46669
50962
45449
53148
50733
48442
47675
50769
48356
51487
49643
47794
45441
45735
47725
47055
48184
46004
53459
51543
49922
46552
53914
50544
50019
46973
54036
49018
44505
44622
53144
47796
46057
45895
52629
50000
46177
50777
54492
53631
51365
45279
54358
53298
55158
52381
53272
47640
48695
50611
47000
47068
55274
51989
48245
49471
52711
48527
51247
53432
50899
50947
45764
47353
48373
51803
44532
51848
51687
50345
44526
55196
44592
50598
55261
46377
50376
48488
49712
47733
45278
50979
51271
52319
54168
52855
47363
50366
47062
45505
52531
49563
45675
47907
52275
50629
52558
51020
44985
51581
47799
47050
52006
46300
52057
51572
48031
44918
50364
51294
44600
45001
53915
52652
49266
51887
46254
51663
51039
52419
54253
54322
46173
55082
47197
44707
51685
45803
44456
45606
48949
48777
44593
48760
49712
51618
46216
52644
52136
47260
49733
46178
47868
50608
45939
53244
45424
44483
48568
54658
50614
44494
51487
52632
52987
45605
54791
51905
50907
48627
49129
46897
49971
55241
51587
47340
50194
54716
50023
46454
49420
46939
53238
49058
52796
52086
47090
49836
45320
47756
46256
47860
48821
51446
46022
45631
51381
51020
50265
53823
46624
47270
49121
53711
51271
46800
54177
45371
54405
52954
51439
47832
45454
49807
50901
48997
50581
50949
45897
45557
52123
54996
54267
52503
54265
46532
52656
52055
46031
51739
54894
50299
47170
54459
45168
54076
47336
49234
53575
54499
52702
53794
51787
50712
48878
47118
54808
51116
48483
47167
46940
54495
44468
47732
53610
47752
53401
47285
44617
48563
46429
49518
54654
49268
54074
52959
51228
47400
47039
47349
45064
51198
52625
44696
55054
46212
49673
53366
45132
46313
52031
50278
51038
48640
54379
48437
46429
44943
53758
52006
45946
54924
48945
46261
53006
49553
48226
50132
47332
45415
54171
54980
53519
46483
52438
51379
52480
54199
44655
45415
53858
50024
50329
49015
51913
53938
50142
48677
45917
45240
46817
46858
44991
54681
53279
46061
49915
45297
52413
54427
48870
54079
49714
55052
47063
48434
47495
44760
52608
48324
54685
53851
44659
47894
49759
52076
47670
51821
51286
44457
45805
46899
49410
54770
54661
50266
47075
54644
52751
48905
47145
46914
54188
49431
46385
49927
50976
49577
48147
51766
51505
48882
45414
46844
49834
44752
50041
53897
48080
49653
54230
49482
54302
52592
48281
48532
50874
51188
49011
53901
45909
47778
51655
46560
52452
54077
51967
49439
50916
44517
47561
50998
50365
47773
54103
46303
44557
46268
51784
51494
54385
51223
54599
49156
44636
54476
54967
49945
50030
51136
47978
51193
55068
49505
46057
52827
51907
53909
53976
48811
51034
47095
54064
53343
46453
45171
45442
51206
46739
45693
46553
44681
49622
52499
55000
51749
48155
50399
48938
49623
54736
48377
47704
46113
51004
53456
51075
45178
52081
48392
52461
47087
49052
49277
52283
51435
45060
54989
51681
52305
50412
55243
45892
53948
46317
45697
45807
54374
50762
47140
51426
45764
45718
48027
51530
51790
45207
48441
54465
49650
53746
45442
50594
45964
54283
50984
52474
45550
52059
47742
52658
50747
49797
50467
48559
46439
47578
47332
49812
48977
53861
52623
53895
45088
45776
51885
47924
45904
55157
53045
55159
48754
46685
47546
46892
47864
50724
51415
50691
50839
53441
50420
47854
44596
52364
51420
55112
45235
49225
54598
51026
47960
55204
51126
50142
54690
46698
52181
47226
53543
52061
54054
54572
53009
45999
51634
50716
52089
47252
44991
51455
47446
49186
45840
54941
54179
52897
51316
45398
47997
51714
51088
55261
47695
54631
50465
54156
44569
55050
54645
48524
54308
46701
45153
45953
46554
44458
50150
53317
51087
53263
47526
51363
45940
51648
48395
44633
45021
48313
45251
48686
52347
53279
53415
51365
52190
46665
52178
54902
49657
47893
48538
52451
47859
51023
47765
46392
49556
53340
53136
51657
46419
44476
52676
50657
47315
55252
52319
50082
51528
55163
50005
46712
45157
52080
48674
47129
49560
47060
49845
52240
51169
49208
47548
49043
46428
51342
50809
48848
49263
51173
44805
52815
48047
55286
46904
48412
50919
48919
49378
46561
46752
54982
53251
47301
53332
50086
53545
49555
46556
50156
46571
44605
46522
51834
52938
47066
53340
51551
46453
45120
52179
53652
49172
55019
47446
49294
48954
48380
54112
50684
47552
47343
48715
50413
44607
45019
52626
45566
46168
46697
49452
49712
49203
53351
47262
45194
49696
51267
47829
53210
46877
50804
50717
44930
45530
53678
49455
45092
54785
55250
52811
52404
46170
53230
45168
48396
46240
52056
54750
50190
47370
52524
44838
53665
46190
53367
50407
44721
47722
49760
50804
44975
44883
45493
51910
45002
50596
48430
55190
50900
44777
52344
50150
49649
46546
48288
44769
51777
46975
45562
45348
45898
44471
51613
44542
49339
45015
55053
47000
46143
44874
49646
46835
50123
53382
55239
48760
55155
49863
55209
45766
47697
44651
54847
47361
48491
45509
55188
53334
54939
49911
46750
47144
55281
51760
49116
51555
51562
51407
52418
52933
52725
47741
48584
45021
49284
50574
55214
50897
52062
54528
51472
45082
52091
53601
54006
48641
49878
49701
47197
52498
45908
54209
53178
49169
50623
46111
48415
49162
52089
49685
46115
54092
47008
48722
51026
48255
46933
47629
47443
51689
44710
46247
54083
50856
51010
48919
54634
45389
48608
49486
54035
45247
49415
45073
46591
53697
47345
54417
53037
45507
53184
45168
50563
53851
55162
45607
47495
51156
53085
49178
44898
50016
49756
54472
50643
53834
52255
51893
53946
49288
51484
48463
47268
55196
46534
49470
54470
51289
54781
45949
52820
47657
48334
45932
52724
45181
46983
54619
54202
50265
53267
50787
52599
54492
46443
55239
50574
52070
46318
51934
47293
54813
52215
54611
50283
44461
46045
54692
49355
51419
52001
45167
51746
53002
44481
44753
46774
50782
52288
46968
45058
45427
53596
44610
46671
51422
44810
52945
51088
48175
48916
47811
44907
51008
53255
54617
46199
46265
48358
52612
50260
50098
51506
45238
48953
45292
49143
54075
49809
49167
48678
45666
52770
48395
53613
52446
46861
45042
48743
51358
50995
45290
46913
49367
49750
47223
45279
44966
46017
45940
53886
49238
53865
49457
47528
53071
53394
55029
52824
51401
44970
55086
51435
45276
46899
51974
45407
51409
48504
47582
52963
44573
49143
44883
47807
51520
50271
47672
50844
47805
46562
46228
52978
53913
51098
50498
52297
46182
55113
54274
47019
48715
55191
50996
52969
53269
51973
54668
53249
46430
45369
52640
51137
44579
47718
47776
50818
54798
50728
45174
44926
46841
52027
54169
51369
51254
47404
45465
53676
47693
54216
45110
52049
48857
52737
48565
52056
48241
45045
46148
53531
46688
45378
47476
52530
54487
53603
46004
54466
52956
45034
50997
45422
49961
48984
51468
48740
49608
45498
46235
49541
48313
44707
53370
53812
55031
46781
48347
49854
52517
50141
49602
49659
48920
45763
53755
52537
47623
50971
50146
52596
52045
46881
46907
48152
52948
47785
52460
54870
45123
48988
47881
54314
53913
45483
45329
53129
49293
50051
53952
50758
48219
52722
53942
46897
54258
53689
54512
49434
51392
54204
51858
48470
51930
51373
53389
44722
52876
44961
48489
46152
47742
47371
54280
48526
55001
51083
45287
46869
52580
55123
54134
49250
47070
46742
54147
47991
54139
52687
50701
45769
47037
53344
52186
52439
50603
46086
50817
51808
50562
54418
51701
50035
47682
53082
54660
53810
53833
51197
45784
53279
53297
53662
52918
49685
45176
53897
55110
47275
44900
44776
51281
51383
55028
53088
47297
45409
54308
44889
46588
52919
49017
53264
46459
51869
50335
51239
49234
53898
47964
49318
46333
55077
45248
45906
54420
45313
51493
50031
47931
48004
47793
53784
44894
53792
46888
47354
49153
53819
46358
51599
49064
48375
50981
49859
47981
54371
54003
54354
45370
54236
51694
54850
46112
49499
48026
45269
48890
48343
45627
53718
44525
53162
50627
49105
45100
55288
45018
52101
47254
49668
48754
53320
55009
51183
47760
44578
50097
53222
50048
45740
47850
50839
45785
47208
49990
53794
53790
46057
46358
53917
49350
48906
51297
50267
46391
53907
49276
52465
51469
45668
51956
54953
44555
46450
46443
47662
49969
54089
53322
53292
46553
53921
45501
49708
50997
50084
51332
54682
49436
45515
52510
45660
47670
47802
49064
44721
54214
51239
44596
46235
52354
53709
47752
51940
48730
51000
54356
52141
50515
54634
53773
52088
46254
45395
44621
47481
52667
45621
47388
49171
52938
44943
45703
54181
48708
50507
53032
53249
44574
49543
48406
50686
50797
55178
52240
45700
52373
49718
53298
48171
51710
45553
45238
54956
53148
49651
50467
53050
51152
49670
45606
51810
44579
48639
51180
49034
46406
47568
53485
52509
54612
48097
45735
50757
54095
49693
52693
48178
49896
49058
46829
50585
51655
54566
49031
50426
45238
50821
52405
46959
54466
54717
51574
52371
52054
47878
49485
51535
45835
49562
53098
46297
51815
44820
48496
54350
44627
47541
53878
50920
48425
50295
51554
50120
51937
51750
47207
44512
53569
51298
50655
46811
50144
52620
53113
49143
48059
47664
53069
53855
44673
45460
51850
47404
51595
49234
46299
46431
53098
45530
47047
46498
44683
44788
51172
54471
45621
46101
45362
55263
51194
53097
45924
45983
52399
52967
52481
45185
47038
45458
45644
45448
44548
45942
45363
52870
46003
48231
53234
51571
45197
47006
51191
54886
49092
46403
46122
52106
51268
53703
48714
44711
55169
53950
52569
52082
46047
44637
45890
49513
54481
45230
48111
52540
53161
46241
49141
45652
49942
52312
49210
48926
53856
44757
53882
50562
45151
45163
53037
51407
47804
54510
53414
47618
53034
48701
54483
54848
44588
53382
44737
50630
53337
47475
48932
50009
46662
51689
50925
48487
47410
54812
47731
46252
47566
46687
44449
50863
44877
46580
54108
45099
48194
48386
52132
52610
47533
50431
50701
55070
46619
52545
45867
48399
44494
51099
45910
54287
52000
45210
54160
52805
52064
49858
54415
51476
53148
54376
53304
52148
55104
46776
51105
53677
47497
49975
49328
54042
54390
48722
50723
50350
52086
52532
44834
49589
52685
51215
45974
54445
47562
54405
47882
52122
52334
49244
49077
53336
44844
45091
52233
54242
54674
51522
52204
50410
50185
47301
52391
54436
54048
45640
47677
52143
50783
46433
53546
49905
55033
49219
51599
48302
51722
50810
48795
48835
45866
50056
47215
52520
49549
53400
52314
49143
47849
49497
46585
49900
51278
49199
51652
48816
51816
47458
54049
52519
48545
47059
47715
48777
52920
52418
50103
53049
44966
54046
49827
51682
50437
49521
45979
52130
46682
53269
52278
45131
54502
44653
51330
51697
50905
49520
48442
53630
49310
47863
52555
54586
45718
44615
45824
49724
51646
45302
54850
46778
52475
51847
48443
50261
46172
45437
50530
51722
46569
44922
44984
52725
45512
44524
52908
51399
50490
52774
47932
45238
51682
54032
46507
45600
49660
51824
55011
48960
52847
45257
49279
53067
54326
48848
53247
47184
54978
51955
54137
53263
45591
53992
51696
47513
51819
53134
51904
52621
44708
53705
45472
50876
53002
46034
50863
45882
50746
52825
45454
47760
45691
55065
54235
51034
52976
47760
44606
46078
50393
53490
49975
46267
47457
50758
55235
54620
49425
45276
52193
50653
45389
54654
44481
54275
54871
45442
52915
51423
50275
51824
47462
47450
48345
47520
48671
52973
52019
47719
45215
46166
50449
47944
53336
49679
49981
46976
47497
50721
46802
47601
53389
45813
53133
51173
54953
46258
52150
48471
47113
48218
46751
47109
50812
51992
44863
53651
49367
46504
51758
51407
47084
52527
47194
50934
54238
50355
48024
52051
54982
50596
46575
44718
52923
47480
52658
51467
53590
51483
46078
48863
53718
47449
49596
52305
45147
47381
46403
54314
46611
54713
50951
51905
50029
49003
52319
47056
49821
52441
53208
45829
49189
51447
49970
44573
44810
44663
48126
52617
53399
50603
47969
50674
46926
45416
49376
49894
45502
46236
45493
54955
50889
45358
53245
45651
46778
47357
53817
46802
48060
52934
50062
47346
50439
45710
52893
45639
53752
54123
54848
51331
53390
53669
45464
48517
45059
51004
44445
50174
54786
48486
49965
50664
46299
53843
48957
50569
49071
51885
49677
48374
47392
50065
45930
54161
50224
44731
46208
53243
48197
50791
53085
55114
50956
46365
45883
54779
53779
46161
47019
47888
54532
49513
51138
47940
46118
44605
45292
45709
47257
50386
50797
45336
53387
46342
50929
44457
53466
49768
49259
52351
52228
49070
45315
52624
52441
50329
44585
48291
47196
52212
50008
48978
47509
50156
53511
51645
44538
45404
52556
53456
46326
48620
51243
54995
49160
51548
51374
54697
51199
49380
51026
49326
51180
47306
54176
47699
50748
48228
44714
51555
49566
52371
46441
49165
50972
50900
44829
53606
46481
49737
54197
51010
52852
47498
49747
45012
52447
53396
50567
50474
49743
52757
48122
50355
51511
45321
48273
50408
45734
49567
53747
50326
47856
51550
53931
53912
49523
52493
54377
52716
55142
55177
54928
47952
44627
51094
50736
49924
53094
52487
49852
46950
54012
54877
50227
55221
53584
46781
45413
47410
54418
46791
49057
54831
51578
47204
48635
46630
53773
44719
44744
45489
51515
55024
48358
49595
51182
54065
46409
52148
45899
49381
50312
48819
52901
53796
52335
49741
52541
46652
52064
55055
49076
51125
54080
51776
45043
49196
46129
50016
46706
54687
46541
48685
46370
50134
46467
48504
54139
47341
47977
51900
52115
48633
50209
50245
51464
44706
44657
45793
44725
50529
54509
48226
45434
50612
48088
52900
52036
47652
55148
51217
54161
52309
51327
44508
54615
52771
49595
44790
44998
50965
44471
45416
48842
50821
52638
49215
52645
54933
53991
50922
46906
48581
52426
51548
47717
46968
46432
55131
47654
44970
46432
54349
48648
46523
45398
52469
51575
49266
49028
49483
50215
47385
55038
46890
54176
51679
54211
48163
48848
48500
53974
55087
50787
53715
49821
44620
50021
49158
54152
45509
51069
51462
48009
52752
44472
50984
49155
53168
47232
52398
49564
50793
53487
46235
49286
51430
52519
48470
52557
53151
53333
46133
53179
54576
46652
45214
49121
55032
52703
48846
46100
51101
53613
54846
51857
53645
46041
55188
54287
45513
50387
51426
45081
44890
54160
54441
45015
54635
48684
46958
54073
53069
45111
50284
52798
51223
51201
52526
53985
45405
54502
54038
45851
52016
50411
54325
51104
45808
45468
51021
48916
45709
46576
50640
48489
44513
49859
45388
45425
54277
52201
45534
51672
48877
53596
51008
49054
54392
49948
52004
47665
50337
51817
47717
53623
53680
49672
46412
44841
45778
44658
49840
44975
49450
51673
55248
53540
49105
52231
47716
53164
50564
53142
47387
54599
48564
47996
45892
46391
48590
46231
52244
49156
51040
52210
55284
55289
54012
51096
50098
49854
53233
47547
49749
52794
44698
51109
50992
48350
49063
46374
50658
54348
47646
45205
49023
54826
51561
52842
44550
50453
46836
48021
50587
53765
53345
49278
52666
53384
44584
50081
48519
54952
52718
44846
48602
48856
49989
48378
46263
50946
47413
44891
50653
48962
46785
51333
54955
45719
46548
51633
49378
54535
50164
47905
44552
44758
54238
45172
46474
50989
54106
49193
54745
51524
49389
44782
48062
45964
50479
55232
51873
44471
46262
54975
45206
45707
51521
53897
44691
47859
46911
45575
52346
52107
48423
50656
54947
46119
45978
45119
44774
53573
50358
50635
47481
45090
49279
49885
52002
46746
48571
54817
48863
45190
52836
48547
48608
48054
47546
47241
45662
50373
46615
54652
53413
50916
49245
49653
44514
49227
46972
46729
45670
52982
47381
45798
53236
46382
54579
52194
45086
52972
52423
53893
46604
50508
53667
45413
53777
45745
47123
55190
52522
44872
47123
52934
48306
54299
52714
53039
46948
47474
49323
46485
54660
48285
50124
53884
44591
46848
51990
55099
50828
47058
55228
48643
55059
53980
48514
52362
50832
49980
54169
51096
49749
51285
46224
51880
54583
54576
49136
53177
48152
52726
45356
48171
51594
54181
51466
53324
48028
54979
49056
52067
50394
49095
50026
51813
45165
47379
44977
53741
45440
49577
50811
45783
46530
49237
49233
53863
52113
52332
54019
48081
48000
47062
54258
49662
46034
52973
45976
50990
49350
45155
49873
53661
51512
49793
51847
45886
47545
49779
50843
50182
53484
46758
46085
51343
44806
45052
49804
47884
49470
53996
50544
51228
53612
45118
46751
54727
49121
51105
46493
50739
50025
48742
47985
47429
48933
54549
51428
45957
47312
52035
52661
49925
46919
45967
49401
47461
47109
52536
45812
47698
53339
53988
54104
54945
53290
49093
46272
46190
51934
53380
51948
48572
49166
54904
49415
53402
50091
47995
46224
45172
47555
51347
47158
50925
54196
52296
52138
46392
53049
45885
53652
47473
47088
49320
50073
51229
46510
52571
49617
54407
46019
48087
51279
52723
45017
46240
49759
53869
52027
51998
47190
54728
45155
44489
46639
50360
54654
51272
44998
52845
52144
52921
52736
48991
48305
48675
45036
51511
50823
45626
53131
47916
50787
50678
50510
48897
49553
47310
54316
50520
50552
45502
49339
49346
49109
49877
48983
48522
53979
48009
47629
45915
55081
48140
44448
47545
48341
55000
51985
47885
47088
46406
44849
51200
50896
49815
51571
47017
44737
51219
48865
46961
50902
47194
49266
49628
55067
49919
47407
50063
46547
48613
55225
55095
48145
54342
53754
46710
46016
52879
44636
52524
51798
51568
46763
50584
49789
47683
52027
49097
51705
55260
52700
48677
44566
46137
45358
51046
51131
54284
52347
45966
53586
49800
54119
45926
52140
50744
54939
52738
52268
53553
53455
45997
51604
51135
51562
48088
46595
54748
48934
45073
46131
53685
50275
53584
50341
53901
48829
50564
46778
52932
47113
52244
47249
46576
48667
47653
51268
54630
47846
46811
54370
47710
49382
54393
50747
46611
53027
44665
47922
49957
50241
48244
46361
49824
51400
47893
49612
51129
48153
46463
49031
53230
54291
53243
51772
52507
54622
47928
46360
51871
54910
54039
54575
47779
48560
48207
54998
48704
51533
48829
44689
47646
54272
45743
46062
46210
48412
44514
51242
52176
53005
50955
47086
50375
54210
45820
51504
50316
50736
54927
45893
49351
54058
47182
47579
48758
54968
50848
54781
53463
47150
52383
47778
54675
46108
53902
44806
52239
54862
53424
46493
54448
53736
50508
55053
49986
54602
54305
51029
46795
50346
54223
51333
50812
52069
52860
53434
54119
45845
52224
46486
45769
46503
48090
54142
52698
44546
52172
51257
47635
48224
45068
52269
46270
49155
47221
49248
49697
53694
44532
49665
55181
55219
46594
50875
52978
44462
47532
46562
50763
47456
53226
49198
44599
52022
48943
45354
49739
49419
50421
49149
46288
44470
49965
54352
46431
51922
53594
53245
46403
47341
47136
47754
49191
54244
54918
45971
50134
48040
54373
51009
50538
44486
51494
52346
48461
55220
51948
55142
46750
45541
52754
55256
47645
53799
54552
47416
51713
50843
50284
47537
49255
52090
47892
46719
54387
44693
50050
48207
49503
54874
45943
49912
48860
46305
51713
48306
51993
46230
47156
48842
51418
45913
46902
50200
48610
51625
50860
45911
50345
50013
50182
50127
50713
45496
52011
50899
50825
46509
44881
54432
46240
49827
54569
45653
52499
55063
45603
55075
52094
54862
55261
45550
47967
53880
52662
53191
53044
44633
53965
47985
54159
46424
54722
46583
46146
51607
49617
45907
50551
55019
52200
50525
49735
45697
48040
46156
50825
54177
52342
52778
49276
54139
44809
51864
51163
52455
46443
50174
52816
53421
51360
50520
55169
44821
48281
49244
44766
44611
46107
54788
50717
48376
49482
45069
52534
51860
49970
45512
53684
49913
50199
51379
54589
52097
49606
50674
50520
49987
46018
50911
45205
52907
53170
49167
48856
53431
49742
51240
53827
52476
50001
45448
49214
50712
52214
54477
54732
50513
46643
51686
44910
50167
51643
52757
48375
47189
46517
52764
47046
49450
50036
45883
54854
50852
48638
47486
51324
45343
49640
52932
50267
47910
53539
54212
50131
48124
48149
50070
54806
51806
48236
52053
49066
49911
54087
44687
45449
50086
46543
52992
46604
46784
47508
53145
53621
48485
53347
51820
48317
54159
46071
46717
46533
48861
53693
49676
45349
50696
53231
50864
52488
50213
47924
45406
47654
54488
51650
49506
47427
48625
46002
46371
45495
49294
48011
50371
46789
52586
49501
51811
47552
53585
51647
53457
46565
46026
48882
47940
47875
50958
48090
47445
44935
47960
53376
46640
47946
54601
46502
44690
48782
53055
48843
52397
49076
54513
52750
45940
45240
53113
45872
44502
45179
49834
45567
46750
46091
51575
50317
48158
49626
49967
48600
54676
54621
50315
51835
47682
51064
48740
45019
53949
45318
52028
46391
50646
44481
45963
47180
50979
45809
47253
50995
46659
52726
54878
49901
51730
45698
47501
49788
54241
47898
45849
44533
46905
45534
54105
55248
53126
46138
52505
50943
53041
52642
48872
51670
49401
48253
44883
50918
50386
52747
51313
47029
46731
44915
47909
53747
51027
51999
48264
51259
53235
44607
54448
47080
47424
50097
47511
55162
54317
51938
49732
45064
53961
47597
45944
45104
50866
47066
53655
46446
51021
51914
47542
47787
51876
51022
50227
51682
44590
46910
47036
50920
46547
45378
49981
46503
44527
45665
54046
52556
53890
53468
52968
51273
53244
51116
55193
49047
50655
54113
52962
51688
50602
55204
54695
54048
47775
47619
54204
47079
51471
48257
48785
54016
44567
46941
45640
49904
49184
51827
45680
53918
54721
53613
48210
51097
46288
48243
52820
46195
46975
49481
54105
45456
46842
46373
46121
45846
47294
51873
53158
55094
53865
46351
47373
52735
44498
52915
45995
47822
48920
49342
51527
45892
48586
46042
48849
54458
48440
48854
50934
46802
49517
52624
50855
45280
50517
51137
49414
53297
54132
51442
45511
48072
44715
48770
45586
50668
48971
53562
51899
55244
47651
53913
47889
47260
46461
47403
51088
51453
50861
53507
54010
54913
49694
48407
53841
46733
45986
45917
51408
50943
51639
52977
53084
50266
46406
48043
45932
47497
54930
53296
45856
47931
52424
46466
50294
51180
52492
53869
53163
51708
52908
48696
48762
51364
54675
51567
45448
51543
44860
51663
53362
49073
46919
47941
48813
51950
47499
44688
47963
45099
53744
52507
52451
54567
48425
51127
51282
54964
44503
51130
53770
46853
47518
52255
53461
52859
54988
46890
52622
51601
55062
52713
45308
53961
54711
51140
49975
45770
47397
46482
44763
47473
51933
45565
45845
52148
52489
50924
45662
51445
49732
45218
53252
47808
52236
47778
55272
50996
54065
47634
49566
50284
46081
45888
46888
51711
53811
54577
45625
46979
51312
48189
49663
45436
48043
45243
46872
45216
48393
47992
52931
51732
49815
53302
50796
53468
48846
51572
48392
48431
48816
48136
44534
52231
46263
47174
46523
51597
44794
49168
47447
53558
47492
53217
51449
50912
46875
51432
46552
53219
47085
44956
47454
50525
50609
45031
55065
49276
52479
54420
46214
53477
45978
52334
46395
48311
53265
52333
47560
54535
53729
48653
47056
50820
50687
53633
50392
53112
49175
47669
53487
48853
48573
55042
51493
45795
54406
52449
47462
53647
48806
51218
49441
52616
44722
48391
50614
51120
45620
54683
47660
51025
48865
45475
50921
51575
47165
51379
51325
46632
54808
53519
49920
51937
54012
46947
49022
51783
46180
49445
46061
53895
45006
45535
53757
48767
46086
50098
53422
49335
47854
54991
47678
51593
44514
52488
47874
45091
44870
51662
52991
53839
49120
46057
51449
47508
53616
53248
47409
47641
51895
45433
45995
47857
54721
52853
50203
54998
51403
48293
44814
48196
46550
47565
48229
54587
50201
48491
52342
52092
46416
54911
46117
47632
49243
52756
45112
52461
51018
54741
45564
48479
48296
46065
50199
53346
50808
48479
51754
51315
51345
53997
44484
54358
51667
49685
48794
51130
51454
55140
46117
55258
48594
54170
50101
50366
49088
54724
51987
44536
54591
50153
49982
48872
49552
52099
49111
53611
52674
48345
44529
50195
51466
49277
45398
52691
53265
50769
47945
54897
49040
45743
48883
46070
48296
48648
48958
55131
50205
53960
46368
44604
48412
53647
49014
49119
44639
48190
52236
48333
45518
55097
54260
49697
47583
49889
45590
51147
53474
46223
44732
50118
45786
51222
45242
48529
54905
47628
47110
54833
53322
51744
47425
45547
47775
49992
46187
45313
46270
49958
53450
48772
49436
44655
50294
52145
48914
53431
48981
54682
52010
45811
46700
47088
46659
50098
47224
53693
47845
46531
47928
50134
54880
53695
50123
50657
47347
49095
46969
49578
47131
54989
46829
45841
54146
49323
49418
52910
48985
44540
50766
47721
54858
47621
52012
48219
45975
53434
50909
50868
52440
55173
52662
51046
44915
50116
53108
51450
46016
54423
49518
52734
44528
46394
46565
55019
46135
54303
48179
46448
46743
48798
52318
50226
47553
46560
49343
52201
53792
49077
47840
45739
49875
48818
53496
47534
51481
48800
47653
50778
50272
54315
48508
53233
50230
54006
55126
48693
45427
44851
50651
49165
53234
54157
52591
46018
45101
52636
48792
52693
50045
52996
45038
45137
53479
54732
48821
47399
54232
45540
54123
53670
50926
50537
50171
45404
49528
50472
50122
51997
48496
50646
53068
49325
45575
48807
51976
52102
50532
51315
49152
54078
49188
54930
49917
50457
53344
46184
53932
45891
48543
46747
50846
45619
47081
48164
45171
53674
44624
48737
53983
46905
51489
48700
53457
44876
50490
46061
53484
50675
46680
50690
48332
45237
46704
51444
53197
53451
55136
48729
48806
53777
50636
47455
46810
54836
47039
51127
52811
52739
47058
45422
45398
45984
53845
50773
55155
52611
47473
47169
52705
46131
50220
45817
54052
47198
45721
46859
51130
54469
47792
44609
46021
54867
54968
44630
46657
45055
52465
45443
51799
54642
53224
44985
45223
47154
52064
53052
53220
48038
50401
53521
54428
49229
45058
53355
50766
49600
48793
52183
46794
46921
54422
50268
54921
52374
45741
44603
52937
52787
48513
45073
51248
52953
55139
45010
51255
45124
45558
48615
49699
51885
50130
45084
54112
51301
50828
52804
52008
51752
53332
54821
45844
52676
48524
52659
46622
55287
49601
47130
47953
45690
55044
49904
50160
52964
45502
54465
47231
53515
46694
45933
50176
54020
53228
46872
48261
52640
47532
45513
51948
51358
55027
47712
47691
47811
47986
50356
48688
48294
54612
51596
51202
47800
48767
51774
48191
47894
45818
52238
53682
48761
45470
50877
52504
48078
54279
45504
48707
45447
52959
49484
55237
49750
50795
53856
46604
50239
49682
51525
47755
46151
54535
49659
54588
54673
47310
47297
49070
51548
50611
53911
54171
46641
48045
49890
51525
49083
52569
52088
48499
53471
48008
52181
52913
48681
55238
49265
47267
49215
53212
47601
47686
52776
46255
55148
54383
49109
49362
47311
52477
48093
54957
51636
46105
51186
52267
52963
47892
53466
49910
53229
49611
47200
50618
54863
52165
52001
53981
45482
45655
54691
54083
52345
44913
47366
44964
53293
53199
53008
45375
45383
54014
54661
52004
47426
51447
51074
54004
50446
46230
44516
53001
50427
48196
49127
54834
52794
47736
46920
54113
49496
54880
46650
53399
49337
53949
45882
48497
54635
53502
47843
52535
46634
51633
52260
54419
48572
45710
47808
54132
52076
53097
51553
51525
46418
48028
48841
52816
49651
52103
46158
45831
49903
48186
48135
49548
51516
46847
45561
51727
52458
45144
44477
47390
46898
47113
54150
54007
44934
50200
46328
46269
54222
45832
55173
52023
52768
49855
47349
53310
48847
45499
44768
47935
47501
53113
54184
53556
47539
45058
50715
52732
54736
53414
47189
49093
51535
47654
50099
46776
51260
54024
44448
47770
50936
47927
52091
55024
47238
48993
49477
44627
45527
51293
46170
51564
46924
45291
51163
51202
51627
48702
46787
54303
46592
47467
46906
51266
51409
44625
54291
51578
49819
52874
49892
49922
53624
54678
55222
52764
48086
45545
47609
45853
52973
55046
51477
53469
48368
52853
54075
44955
50661
46540
53232
45192
50474
44519
53305
46949
55044
52949
52430
54485
54643
50266
47009
47482
47065
47379
47050
48194
46216
49290
53018
48530
47318
52392
44913
45320
54280
51894
49478
52781
49362
47910
47093
46349
45142
54559
45625
44696
46608
49309
50073
52054
49747
55161
48590
49723
55143
51746
48093
53707
50711
53321
51597
54398
44801
50147
44501
47280
48133
48125
53362
52048
50259
51415
51757
53656
51553
50614
55242
46990
54733
51232
47014
50575
46358
50694
52868
46974
44595
49448
54626
52046
44497
45887
49663
52430
52397
55215
49072
47162
54976
49528
52191
45145
53749
53698
48952
52180
48146
44445
52975
54996
53793
53321
47381
52461
50940
48018
52266
54187
53144
46630
44613
50506
48843
46936
50563
46474
50871
54175
44955
47368
55092
45594
49331
51633
54377
46994
50000
49701
50888
48912
51469
44706
45117
47353
46334
48858
47684
55117
51318
49811
47667
46265
50843
44850
48878
46098
44572
47097
50569
49654
54491
44613
47127
47830
50676
51644
51716
50063
53491
46639
54163
49141
52673
46194
45857
46844
52197
49470
52393
47248
50738
48517
48660
45259
49514
47015
47755
53050
54650
49806
49653
54784
50484
45899
47885
51307
51781
45795
55238
51204
48888
46273
44853
44970
44796
46617
53013
54216
54231
46020
52721
49239
53800
45123
44948
53647
45181
51411
53135
52505
47985
53194
46981
50352
48122
47279
49214
53551
44534
49262
53720
50274
53637
46227
44455
44766
53190
52065
54219
50040
55225
44586
54914
49715
46310
45207
54620
52389
48253
50568
54092
45689
52998
52293
54372
50069
44537
50136
51403
53552
45608
49946
47227
47749
48451
51135
50192
45796
49250
49681
44734
47299
48589
47063
50182
52078
54841
50830
50911
54056
52047
49832
53113
44461
55146
50695
54300
50172
46267
51029
44475
45419
46026
46958
50582
47319
48404
47943
50589
47519
49892
45588
47392
54580
46326
45367
45438
51566
46791
54062
51776
50077
53030
44578
47169
49094
48595
46372
51583
53518
51415
47029
55001
44522
53159
45281
45652
50005
49750
54222
49653
51604
45937
46866
55125
52327
45215
46267
50953
44854
54971
54577
47932
50007
51942
52288
53414
52821
53705
55115
47659
53710
48805
45992
55169
45122
53452
44909
48473
50770
47731
48044
52628
50388
44969
50543
54307
44534
47661
45067
52479
53962
55011
48508
45193
45823
55130
49458
54942
49174
53709
54688
53497
46665
49137
54764
50148
50216
55067
49183
47650
46162
45497
52865
50129
45098
49514
49676
46963
49086
47504
52176
48637
49622
46659
46804
45361
45512
46069
52273
45803
45978
54108
51456
46914
54675
55152
52162
52318
47328
50565
