54324
51588
54210
52614
51810
52073
52559
54741
51135
54967
50475
54541
52947
55115
51022
51828
53976
53069
52991
51167
53224
49949
50004
53220
49618
53502
52169
50838
51028
55132
52208
50484
53193
51087
51482
49555
51028
53586
54868
52774
51343
55138
54386
52776
54825
53265
51244
52139
54083
50946
52582
53879
52601
52445
51690
50092
50456
49573
51465
50325
51639
52768
52341
53057
54954
53764
51763
53823
52000
52771
51796
55053
49773
54895
50423
50328
52006
52098
52395
50611
52853
49834
54487
54729
52204
50429
53276
54619
50091
51546
54219
52256
51390
50484
51735
51382
51859
53708
51003
53108
54623
54034
51049
49549
51502
54962
50692
52746
51259
50092
51311
49581
50710
52974
52084
52104
52117
52045
52885
54827
50614
50616
51293
52688
55274
53399
50308
50622
52897
51924
50340
51227
51947
54221
54828
53074
51177
51061
54004
51358
51575
53968
54469
52344
53140
51695
49686
50345
51275
51263
52258
54446
53588
54965
49619
52753
52762
53486
50065
52277
50580
54448
51318
54782
49918
53098
50623
50641
54271
49810
50516
50829
52990
51964
52748
51807
53615
50078
53421
54269
53256
53244
49596
55054
49842
49861
51699
50759
50658
50837
54553
53465
54969
51368
52011
51353
54422
50717
55044
52255
50325
50195
52763
51328
50753
53316
52737
53546
50051
51240
53861
51562
52733
52757
50956
49830
54516
54107
53648
52139
50864
51432
49635
53664
54286
53261
51895
50387
51444
52135
51680
51278
50208
54003
52352
53670
54182
50893
51898
50010
52684
52764
51494
51982
53170
53484
51503
49640
52930
49705
50994
51328
52907
50973
52310
52058
51590
54739
52998
50640
53842
53510
53505
52783
54647
50662
51100
49909
50362
55265
51738
51786
52107
50722
51127
52605
52049
49807
52958
52787
51101
50326
51277
51655
54474
53902
54787
51364
51553
51845
50809
51773
53525
51803
51827
52806
52658
51847
53026
51194
50016
54813
51986
54916
55118
54911
54090
54854
55214
51168
50516
52570
54827
54818
49846
50437
52338
52296
53522
53925
52740
51130
53445
55100
53330
50693
50130
54258
51687
50250
50400
53103
54935
50423
52039
51078
55219
54736
53035
53740
51415
54872
52402
53184
49812
51629
50262
49699
50814
51565
54293
51600
51754
51673
53849
54634
52226
50484
52885
54316
52324
54403
54689
53614
53543
55205
51916
54604
52018
52813
50916
53401
49920
49684
54723
52894
53586
49659
53787
49569
51711
54361
49589
52381
54402
53910
50711
52956
51587
51725
54375
51470
49929
49554
55031
52000
54762
50471
52378
51004
54526
51075
55078
51084
49971
53105
52015
52057
54015
50210
50064
54437
52225
50327
54367
50294
51978
52011
52175
50599
50987
50389
50007
52794
51716
54238
51735
53018
50869
50090
53726
51013
51685
51381
51713
52072
51159
53725
51346
49754
51457
52779
52836
55197
54787
52149
51365
52799
55155
50269
52582
49559
49774
52980
50953
52466
50185
54510
53831
52137
52714
52688
50477
50341
51866
52412
50189
50204
49908
49620
55011
53511
51383
53075
51089
51979
53583
54371
52016
50889
50520
53370
51558
50031
55284
50624
51825
52733
49999
53025
54364
54247
51895
50225
53408
52085
54166
49745
53754
55171
54593
50645
55240
52548
49685
54712
50194
51096
51315
51980
50459
49847
52305
55036
50481
49602
54201
49591
51934
54192
55280
52333
51042
55090
54900
50063
52191
55152
51703
53992
53606
52998
53369
53522
51149
51200
52262
54621
50222
54174
50748
49977
52416
55100
51086
53165
52661
51124
50475
52002
52404
55282
52784
49787
52518
50896
52464
55120
50250
52215
55248
51417
50413
49578
52953
50247
52644
52902
50487
51671
50638
50702
51823
52095
52093
54483
50888
54551
50010
51132
54436
51513
54020
52758
54537
54135
49552
53349
51264
55180
51120
53469
50635
54579
52912
50943
54889
50818
49641
54837
51718
53331
55214
50755
53922
50366
50752
54621
54681
49603
50584
52561
52715
52700
51534
53772
50099
55135
50778
51098
51691
55149
52538
51249
50460
53048
51193
51296
52758
50438
51772
50234
51151
53751
51626
53227
54177
54604
50788
51125
52790
52626
51616
53493
54015
49850
54080
55065
51720
54469
50622
54002
55172
53458
53020
50163
49739
53437
51023
54461
51086
52125
50408
50578
53940
50333
53275
54585
54740
53215
53455
52137
51107
49725
51999
54210
49770
51201
54597
54210
51970
55024
49633
52278
52054
52607
54918
50910
52956
51024
55214
54518
50854
50457
50379
51559
51946
50514
52404
49931
50095
53008
51675
50527
50300
50841
53775
51021
50812
53450
50243
52658
54545
54632
50200
50624
52534
51009
50388
54980
53821
51720
54760
50329
54508
49898
54464
53096
54028
51121
50837
52565
53859
50558
54461
55097
53302
53528
53623
50619
50912
50493
51191
54932
54252
49549
53195
54680
50525
51458
51585
53922
53702
55203
50908
51290
52243
55242
50408
54774
52573
51342
50636
54006
53955
53167
52283
52581
54997
50214
49712
51090
50060
53496
50961
53397
53498
52253
53886
50296
53405
49545
51159
51507
51696
51297
51886
52713
50053
51683
50155
50717
54285
53362
50827
52097
54924
52095
50335
51477
52900
54189
50602
53108
55039
54753
51247
51604
50645
51533
50824
49684
52239
49769
55028
53024
52504
50545
51729
50745
54616
51998
50435
51105
52370
55200
49600
49745
51833
49565
51805
53953
52863
54514
50579
52888
54466
54439
50956
53440
52241
51386
53686
50057
54445
51992
54564
51062
52259
54314
51770
52278
53027
52454
54803
52733
53291
53216
50409
53502
52603
49575
50133
54754
52040
53598
54240
53070
50588
55053
52452
54637
50650
51396
49605
49689
52784
52391
51518
50167
49764
51618
50496
53036
50533
50263
54783
50749
52576
49900
52792
53275
51217
53049
53375
55240
50841
50501
51032
50913
54146
52208
54832
51429
51530
50687
51194
55012
53118
52112
54575
49796
54686
52617
54919
52356
54631
49773
52948
54300
52118
51452
54842
51913
52366
50289
53959
53693
49671
50525
50839
55052
49723
49926
53436
54595
53928
52174
53419
53659
51298
53387
54339
53714
50398
53755
50857
51987
51808
55284
53744
50279
51199
51824
50169
52429
52168
54030
55081
51336
52340
50750
51049
50996
50018
54381
54190
50590
51330
53702
54622
50395
50679
50048
53477
51665
49682
53694
51338
52779
51807
52818
54581
49874
53974
54420
50282
49621
51813
52141
55080
55105
53371
50648
53655
50148
51408
50688
54019
51288
54297
54781
53070
51537
52315
53597
52019
50338
54170
51097
49957
49617
54461
52462
51736
51479
52743
50868
51290
52289
54953
51408
51274
53949
53591
52961
54369
53227
51302
49566
51509
50220
54061
49804
51310
53576
52900
53135
52076
53684
52348
53299
50743
53471
49787
52157
52595
51285
51267
51129
51746
54780
55260
49798
54896
51518
49658
53830
54610
52717
51935
52215
51470
51927
49663
53029
52928
54600
52969
53883
51730
54667
51176
49592
51307
50881
50218
52267
50588
52700
54957
53716
53730
50725
54899
52201
51733
54982
52084
50048
54206
53223
51045
49877
52239
52899
53643
53446
53611
50585
54773
51061
52660
53338
51269
51893
53723
53588
53339
51533
55154
49983
54477
53134
52030
55114
53808
49951
52964
55087
52762
50892
52922
54441
52144
50341
54409
52128
50924
50433
49816
55116
52087
51538
53244
51379
50621
55101
52351
52534
51653
52655
53256
50060
50813
51851
54190
54661
51582
49932
52449
53724
52657
50133
52791
50613
53520
53024
51683
54665
54895
52272
54305
54562
50231
52938
54984
50067
50478
49996
51737
51517
54865
53101
51787
52343
51298
50779
54582
50178
50937
54858
53482
53379
50794
51706
51256
50739
54023
49734
51150
54410
50041
53885
51850
55021
54317
52764
52288
50537
50004
54001
53508
51332
52685
50873
49855
51138
51209
51748
54967
50890
55194
53603
52901
54920
52367
52561
51621
52128
50724
50592
51874
54851
50097
53854
52109
55271
50548
51399
54421
51614
51805
53517
50802
53886
53485
49981
49625
50952
53000
52281
51547
53727
50034
53142
50369
49749
51047
54833
49855
53884
54128
51611
53919
54312
53394
52440
52559
53382
52700
52089
49921
53847
53830
53807
55144
50726
50406
53368
53693
49751
52785
51062
52319
50189
54045
54723
51310
50760
51770
53861
50743
54885
49568
50470
50080
54572
51904
50561
53310
49813
50351
50668
54575
54875
50208
51592
53629
53865
53495
51167
52750
53646
50714
52896
54370
49597
54297
53190
53995
52440
52371
50440
53134
51769
52559
49540
49721
51387
50380
52661
54307
50667
52738
49931
52693
51789
53518
52895
51385
51491
51278
49658
52350
50515
49955
50287
53844
54717
53048
50991
50210
55077
50268
52190
53699
54082
51129
50092
49802
55006
51820
54119
55197
50295
50522
49725
53414
53781
49671
52004
52047
53659
50345
50281
51192
50455
50560
50815
52383
55169
52818
52337
50337
53278
50416
52164
54382
51642
53306
50782
51814
53342
50141
50120
49992
50666
54919
51133
54770
52826
51147
51536
51803
54367
51958
52006
54046
50594
49858
50346
54700
53981
51548
53037
52350
52641
51404
50097
50173
54798
49707
52024
51792
50277
50101
49846
53961
51813
51250
54589
52735
50852
49739
52153
54547
50768
50538
52554
52588
53198
49811
49855
53101
54079
52451
51872
53498
50765
51778
52708
49981
53284
55048
50579
50613
51459
50771
49718
50209
52902
54960
54467
51062
51552
54064
50322
53463
53459
54964
52306
52786
52374
54291
50318
51985
54490
52155
51924
53349
50824
53077
50606
52774
54768
55037
54172
52466
52748
50655
55138
51258
53920
51906
51408
54314
52056
50066
51188
53132
51926
49861
51762
52581
49673
53157
52549
50387
53541
52135
51730
53375
51354
55108
52299
53674
50525
53483
54509
49848
52591
50652
52687
52179
55166
51353
52456
50707
52966
53003
51695
54659
50420
50590
54275
53166
50476
53177
55235
51205
50034
53477
52091
54188
53446
53283
53307
50120
50878
50169
54127
50074
53977
53316
54591
50845
53373
53166
50542
53442
51434
52192
52781
52420
51028
50840
49937
50708
49564
54544
49919
51758
52436
53809
54935
54875
55110
52027
53681
52972
54317
50817
50860
53391
51802
54164
52884
54464
50792
52709
51284
53399
49996
51747
53340
52544
55211
51553
53327
49551
50433
49539
53254
52362
51784
49545
50596
49610
51615
49851
50553
49767
53910
52927
52244
52675
54278
53172
50510
53136
54351
53216
53375
49650
52925
49700
50423
52937
50382
50178
54819
53915
51075
55106
52664
51374
52517
53937
51658
53890
53967
52253
53224
51433
51450
54058
51853
49790
53205
54278
51751
54571
51005
52500
52982
53848
51697
49974
53457
51114
52093
52342
51169
54243
50609
52512
49650
51255
52502
52118
52790
52620
51280
54896
50972
54579
51270
54670
54530
52052
50907
49795
52631
51335
50733
50597
52501
51460
53524
51143
50470
53858
52928
49981
49742
53911
50027
54435
52262
51185
52033
53255
52611
55097
53338
49752
52844
50665
49887
54859
49765
51233
51590
51359
54490
55130
54965
51106
52338
50421
49692
53363
50361
49898
49618
53870
52130
53499
55170
51359
54386
53232
52047
53812
55172
51089
54556
54080
50988
52367
53151
49597
52558
51738
52212
51666
54882
49757
52565
54209
54434
50121
49899
53689
50719
52755
50384
49533
53077
49651
52390
53201
53161
54238
53127
51490
52555
54020
50062
49704
51657
49730
50625
50148
50936
53823
53349
50991
51511
50720
51853
51916
49748
50974
53237
50676
49917
53668
51915
52415
52690
53180
53479
52875
52659
50452
50493
53171
52862
53113
50788
51677
50565
54275
53526
55284
50229
55017
53342
54014
50426
50481
51052
54691
51387
49723
51427
52811
54661
50742
49957
51267
50841
52344
52368
50660
50273
54043
50514
50864
51982
55239
50153
52684
54845
50972
53655
50037
52330
53244
50259
52561
50675
54583
53086
54952
49884
53742
52181
52896
51562
50050
53899
49763
51776
51333
53305
50958
51295
49680
53408
50967
53039
52468
51400
49702
52526
50112
54781
50741
49685
54965
52253
50238
49602
50034
52567
54359
51695
51083
50036
49730
52353
51276
54122
52066
51098
54437
53802
51722
49723
53443
52843
52709
50612
55082
50678
51773
50676
54026
53797
50779
49588
51951
51144
50022
53001
54129
53606
51775
55248
51692
50345
53820
55040
52450
54625
54682
51296
50953
49768
53554
54070
51944
53610
49675
49569
51632
50292
50708
52568
52301
52706
53219
52952
52783
51151
54347
54437
50682
55101
53795
52315
50568
53069
50892
51716
50237
50150
52167
53611
49875
50194
54494
53474
53729
52901
51479
50323
52593
50358
52312
51513
53258
54915
53101
52319
52811
54407
53475
54219
52717
51022
52757
53865
53742
53855
51883
52593
50022
50885
54162
51170
54757
53702
53909
49882
53910
54937
52517
52376
50958
50469
50401
52941
54777
50557
50718
51571
50516
50657
50699
52876
53310
54534
54532
50320
50425
52408
51999
52891
50342
51986
51938
54140
54637
53600
50071
54122
53337
53555
54560
55029
52023
54176
51710
50750
52934
53136
50001
54680
51079
53609
51598
49757
53468
52224
53422
54580
50494
52972
50113
54149
52117
55095
50236
52108
53097
50498
52678
51872
53986
53782
52890
52416
54742
51831
53558
54795
53718
53093
55080
54125
54552
50944
53259
54998
50865
53295
49870
51008
54583
50842
55043
50939
50865
53307
49986
51325
50665
53726
50742
53264
55184
49811
54565
51014
50279
50982
52082
53245
53661
54109
51076
50711
50126
54882
53209
54603
53031
55249
54133
54012
51575
50969
51730
49917
50660
53000
51164
50679
53002
51780
52724
53338
50601
49726
51927
53005
55248
50115
52127
51613
49692
54188
50279
54107
52858
52810
51326
54286
51723
50040
54321
50419
55281
52984
51048
54854
51759
51550
52177
52259
49560
52992
54444
53015
50295
52438
51627
50866
52492
50632
53885
50555
52380
54265
51066
52161
54187
51316
50630
52339
51743
52754
52161
50430
50615
55115
54485
53838
53307
52201
51986
54147
49956
52302
52997
50966
51984
51782
53070
51711
54755
49710
50394
52941
50710
52547
51407
52583
55111
52851
52831
53224
55015
54504
54577
51000
50304
52048
54917
51286
50575
52116
52601
54212
50957
55243
50132
50991
52681
52011
53952
52685
52458
54267
54446
53323
51356
54577
52859
50241
53875
53288
50406
54694
54618
50905
54503
50924
50726
51818
49740
50803
53080
50859
51065
54770
53172
51271
52293
50253
52463
50706
50731
53195
52779
53870
54015
50015
53060
52564
51108
50421
53852
53087
52995
54707
55084
49919
51136
53334
49610
55104
52865
54963
55115
53460
50244
53920
50452
52594
51117
52278
51584
53729
52024
51972
50093
50953
54070
53262
52028
54722
50230
50466
51036
53465
52604
52257
50512
51663
51872
52544
52539
54485
51267
53784
52203
53199
51001
53835
50708
50256
51667
51226
50489
52119
50870
49875
51953
50806
50083
53242
50694
53080
49701
50164
53340
54273
49662
54582
54793
50272
53947
51430
54156
50267
52936
52450
52828
52096
50240
50547
50075
53482
51486
52364
52675
53879
50083
52143
53403
54771
51156
52861
49782
51250
50262
50672
53964
50910
50796
52866
51935
54120
49887
53275
55134
54762
52117
52003
50461
51275
53306
52358
54191
53625
50610
50375
53291
52257
50439
51518
53027
49992
53101
52269
53122
52136
53560
50145
51746
54857
52669
53003
50455
49738
50601
53704
53729
52194
53186
54112
51842
50268
51782
50500
49705
54064
51751
51824
55065
52648
49861
52585
51079
50307
55200
51606
53858
54836
53173
53437
54867
52615
49736
53772
53966
51088
49930
51514
51714
50645
53499
50721
49746
54299
52740
50907
51970
52772
50358
53378
50246
54854
54316
53849
50798
52538
51124
53247
55172
50704
50430
54433
54058
52069
51096
52080
52288
53025
53196
49628
51885
50210
50400
54511
51295
54413
52562
51711
54095
54991
53130
54514
51979
53917
54513
51358
51361
51976
50966
49663
51943
51809
51059
53889
51548
52718
53448
53063
52122
52590
49909
49988
54318
55204
52267
54987
50028
54106
54911
50599
54339
55196
52353
54676
51969
50646
54355
50251
50300
53089
52420
52493
50792
55244
53305
50252
54025
54665
51222
50936
52741
51074
52037
53303
54475
52497
50567
53833
52090
50694
51051
50275
52125
54438
54743
50701
52681
51389
51138
55006
53520
55005
51267
53567
52457
51956
52996
54249
50670
54364
50354
50597
52655
52104
53358
52371
51734
52457
53642
53545
51071
55205
53213
49841
55180
49526
53832
54584
50772
54486
51334
51228
50130
50800
54060
49944
52607
55136
49636
52333
52800
51859
53551
52733
49815
50325
51607
51594
52608
52455
52228
53215
52665
50345
50567
50412
54354
52792
50820
50893
51234
54752
50168
51599
51498
53571
53950
54128
53033
51591
54243
50925
55247
55255
54321
50412
49683
51797
51836
53918
51175
50382
51524
51947
50909
52150
51297
52382
49891
50232
50498
51132
51879
50589
53337
50929
53166
52032
51912
49816
50779
52881
50391
53574
54121
49775
53743
50379
49723
53726
53496
50529
53254
51800
53916
54222
50548
53041
53758
55190
51606
54717
52652
54791
52984
53253
52443
49593
51966
53059
54827
50852
54913
54266
50167
50911
50663
51643
50628
52429
50825
54324
49743
53857
55236
52281
53187
51707
54119
52340
50988
53904
53159
51429
52948
50863
54094
53062
51400
51372
53492
50791
51168
54785
52385
51624
51927
53892
55104
51774
52443
55207
50048
51881
50645
49721
52576
54659
50058
54940
53236
52535
52286
54025
55172
53209
52870
54567
53026
51382
53602
50411
54911
54751
49935
51095
52473
54558
50716
52400
50153
51226
52298
49828
52217
53051
54184
53211
49919
51044
50913
51823
53500
51224
53308
49980
53816
50670
53327
52118
50084
52035
51399
52294
51859
51489
53081
52966
52670
50011
55126
50355
52480
52168
53663
51428
55048
53801
54141
53151
52168
55237
54220
51368
53643
53215
50293
50757
52868
53696
52240
50909
50157
51036
50447
54075
55060
55234
53637
49838
53892
51284
53747
51698
51142
55146
50920
54822
50988
50849
51950
51076
54733
54139
53068
52913
50864
50908
50788
54892
52196
50620
54702
51531
53519
52874
54398
50015
50932
50465
52688
51168
54320
53310
49750
50412
53937
50898
51976
54563
53247
51660
51530
50140
55195
54886
50940
50792
51912
53645
53097
50635
54388
52756
50944
53899
53827
51246
51393
52350
51837
51199
50597
50294
52419
51798
55249
55142
52353
50986
53683
50645
54520
49736
52186
52330
50001
52806
51394
50017
50793
54356
53043
53055
49543
51312
52368
51116
52565
54197
52427
55156
53234
54582
54237
50665
54074
53795
50586
54745
55059
54803
53168
52034
54186
55239
53201
49640
51467
54862
51623
50243
51367
52741
53295
51043
50360
52472
49831
50228
53107
50406
51596
52374
50916
52043
53433
55113
52898
52610
49997
54891
51247
52955
49791
53302
52320
50558
52563
50296
54010
52387
51850
52074
53731
52033
53687
52122
53630
52016
49857
53456
53627
53219
52405
53366
53982
51929
51680
52891
50176
51330
49540
51492
52424
52730
51460
53510
53221
51114
53163
52946
51020
54203
52041
55084
52935
51118
51954
54925
54785
51361
51295
49845
50121
49878
52892
55272
50138
53301
50587
51059
51746
52554
50593
55050
51654
49866
54407
50219
50828
51086
52800
53327
52120
54168
52531
53167
52360
50427
53734
50047
54922
53462
53908
49975
52347
51143
53957
53069
51032
54239
51298
53279
53828
53753
53920
50491
50534
54433
52248
52557
50427
53792
51358
54524
53507
52806
52652
51889
54668
54826
52225
51063
49877
54659
49610
49716
49623
50344
52416
49655
52073
54806
53506
52693
50649
53317
51682
50576
51377
49829
53776
49873
52732
53961
49785
54309
50454
52027
49676
51682
53072
54526
51768
51331
49866
50035
51512
52388
50930
52049
50036
53225
53615
53447
50812
54923
50996
52470
51223
53198
54285
52382
53229
53851
52269
52299
50134
53875
50461
54492
54074
52313
54608
53219
54262
51033
54445
51405
49522
50908
51563
49661
52346
52945
51145
50707
52206
52519
55234
54398
51128
54628
50617
52668
50284
54296
50224
54997
49633
50734
50248
53092
53268
51095
52222
52794
51374
49947
52040
53957
50369
50055
51685
51698
51092
53282
51660
54758
50718
52920
52143
51394
51393
51272
54914
52941
51955
54759
50379
51553
50050
52938
54957
54777
54088
53075
53980
51571
52017
50381
51095
52860
55190
53060
52266
50119
53120
54184
52493
50287
54545
52431
55246
53225
51294
53986
51951
52262
50582
53066
52493
49683
49533
55038
53929
52928
53834
52760
51906
52206
50801
52437
54196
50759
51000
54968
52020
50438
51161
55112
51654
51594
49576
52440
51064
50272
55252
51468
49610
54647
50560
53914
52165
51658
53549
53960
51723
51402
51536
50611
51479
52465
50083
55070
50595
49797
49542
55006
52610
52915
50150
51319
53162
50632
51289
49800
54171
54529
51264
51431
51276
51984
52923
54789
52694
54866
52323
52117
54642
52271
50195
50665
50881
53769
52794
54135
50320
51796
52048
52039
54912
53390
50062
53215
54000
53398
54737
52724
50243
52139
52343
54424
52029
50277
52238
54705
54969
49976
53655
52302
54112
53911
52973
52187
51741
53598
52931
49573
53402
51378
53730
50262
54575
49611
49932
50050
51386
52918
50082
54397
51144
50229
52107
52896
49954
53187
53158
54088
52788
49618
52499
52501
51140
51759
55273
53802
52815
49544
54432
51986
50281
54561
54091
49916
49920
52112
51009
51121
54465
55246
51865
53195
51430
51095
53986
54144
55102
53252
51434
54417
54054
54878
52319
51258
50401
51495
52345
53710
52553
51391
55136
52285
49747
53931
50299
50857
51781
53365
50537
53394
52117
50844
50058
54750
52054
53723
53641
49722
53674
50348
50000
54654
53408
53651
55123
51670
53505
49975
54816
54085
50731
53054
52539
50172
49536
52688
50593
53282
51364
52356
53583
51608
51248
50078
51527
53529
54979
55251
50602
55202
53771
51270
50631
52154
52215
53234
53896
51201
51325
50432
54906
54653
51948
50339
53381
55022
55028
51458
54545
49724
51134
53948
50233
50762
49842
52771
50783
53603
55243
51133
52972
49669
53427
50652
53854
55004
53640
54775
49839
53693
52838
53287
53491
53021
54115
49970
54996
52680
52071
53516
52717
52803
52736
51224
51971
51482
53396
53397
51780
51440
50664
52341
53311
52118
49955
53427
51308
53621
54896
53293
51547
49755
54507
51806
54894
53107
53046
52671
52272
53336
50647
52187
54106
52405
54554
54175
51219
53550
50426
53284
52085
54786
54877
53657
52499
50769
53183
51267
51077
49584
52840
51113
51545
53789
52556
54935
53174
55151
49711
52354
50882
54925
51472
54629
51215
51803
51412
52031
51702
54642
51899
54707
50634
54989
53840
54040
52345
49790
51393
51432
50300
51609
51951
50973
53731
52315
50663
54504
51897
53760
50892
53165
54984
54344
50203
50441
53472
53568
52033
51402
49836
51090
51585
54268
52828
49592
53607
52751
53298
52056
54884
52769
55209
51780
52801
52020
52576
50696
53334
49577
52267
53927
51308
52507
50449
51470
51525
51563
53644
49569
55063
50462
55126
53052
53032
52416
50533
54385
54989
54259
51672
51824
54343
54764
53557
52977
54838
51242
53788
55195
53688
52685
54056
53721
49545
50533
49951
50155
50168
52166
52703
49904
51398
50940
49823
53259
52907
53691
53123
51208
54501
52328
54085
54512
52247
51883
52350
51046
50417
50448
49582
53734
51118
53988
49788
52941
52368
52847
49868
51491
51655
50425
52714
50725
49966
51839
52406
50338
51327
53731
51437
51875
54208
50901
50962
55128
54258
50728
52676
51456
51427
53210
52855
51478
50169
49924
51283
52188
51020
54171
52957
52182
54940
55207
52499
49827
52465
51272
53678
50212
53459
54722
54267
50158
49992
52427
52990
54489
54757
49558
50566
53336
53551
50655
49751
50971
51567
51696
49705
54782
54401
53610
49691
55263
52907
54478
52657
50451
53363
52741
52710
51607
52899
49988
50366
51968
51118
53159
49670
50246
52199
53249
51198
53960
51048
51725
51666
52021
53307
53798
51803
51393
50601
54472
54293
50574
52761
53819
54060
54925
52466
50187
54930
53439
53082
52916
54421
54368
52410
51787
50344
52071
51431
51371
49676
50548
49758
52844
50139
51018
54107
49739
54411
49735
49853
51731
50563
52370
49721
49684
50554
49855
51921
50771
50079
53102
51012
50010
54246
51360
49717
53151
50998
50461
51694
51234
51438
49920
53532
52777
53827
50832
49577
51472
51823
55272
55231
53758
53188
53112
52451
49614
53636
54368
52248
53326
54737
50885
51003
49907
55042
52540
52223
54899
51400
51666
54696
50672
53648
49795
49615
54237
55243
52013
51412
49555
54126
53670
53800
51646
52688
49713
50306
49893
54305
51857
55262
54752
53111
50366
52091
52183
54633
50277
54083
54587
53265
49824
49964
51888
50646
50412
51155
50929
52109
49862
54221
50103
54455
50098
52505
52053
53696
50541
50478
50778
49670
49848
53064
51552
54617
49877
49555
53099
51540
53965
53674
53084
50325
50974
50640
53117
51695
50204
52891
49561
51355
55027
52717
54049
49818
54189
55042
50278
53634
50256
49559
53005
52342
53620
51978
54316
54684
54175
54540
54684
53535
49875
49844
49736
50214
49766
51195
49983
50184
53420
52795
53134
51123
52230
51228
52328
52925
54744
54375
52385
53521
51267
54105
50014
54275
50256
51096
54337
54129
50469
54849
50456
52109
53240
51847
51177
49639
51630
54098
50460
52062
52204
54693
51039
50465
54472
54141
50508
51099
53936
50516
54106
55168
50023
51691
54041
51349
52699
54543
52134
55048
50515
51502
54771
52059
50842
53188
52795
54251
50653
50592
52343
52833
54278
53467
50101
53394
50293
54472
51962
51768
52691
53626
53664
51902
52747
49703
53045
52627
52568
55196
53428
50298
54180
51965
49749
53788
51523
50258
53933
50342
49804
50426
50852
53194
50935
51842
51931
50650
49529
51907
50761
49896
50682
51259
50584
54894
54679
51653
51464
52744
49623
49524
54449
52978
54421
51505
52227
49650
54185
51364
55168
50282
52159
53212
54738
51005
51215
55039
49847
53076
53203
53856
54551
53858
51142
50947
53159
49989
54667
54519
51100
53850
55279
53320
53804
54530
53160
50005
53095
53267
52468
54635
53554
51845
52304
49747
50082
54807
54584
52270
54639
53485
52397
51658
51874
53671
50548
49552
53817
54713
53783
54513
53341
53499
50243
49732
55205
49705
53126
50632
53462
52463
50339
53764
52395
53281
49824
54866
49557
51978
51080
53629
54053
53340
51828
50459
49910
54299
52705
55015
50839
50791
50674
50721
51755
50674
50169
51257
52250
53975
54934
52003
51245
51507
53085
53836
49955
53971
49602
53254
50490
51206
49955
49698
55081
49641
53439
49968
53360
50091
49716
53865
52994
49723
49934
54326
51381
49893
52226
53914
51653
54195
51206
49785
53430
52597
53725
53310
53110
51004
52588
51237
52415
53329
51518
52092
50262
50745
54917
53356
49838
49958
54040
51297
54609
53286
55132
53577
52492
53857
54034
51296
53380
54655
51610
54010
52789
52237
51046
54073
49894
49923
50068
54033
50319
51715
53147
54705
54489
55023
50215
51371
52352
54749
51827
53145
54548
54939
54468
51085
52065
52846
54696
50913
53510
50760
49604
51843
50412
49773
52334
49770
51305
53720
52048
54713
52612
51910
52088
52526
53316
54289
50062
50970
52404
52766
51968
51983
54603
52914
50039
51572
52194
53964
51212
54443
50533
50148
52935
50980
53918
55049
50967
52937
53230
51924
52633
52698
51975
50509
49856
52393
50071
54445
52945
53584
51217
51210
54473
53405
52570
49643
51373
51967
49903
52163
55105
51545
51126
52653
49842
50316
50399
54941
54037
55146
50903
50694
51845
50087
51888
50701
53987
54297
51798
51472
52417
54349
51047
51567
54931
53300
54853
51777
51286
53892
52187
53776
52784
54016
50438
53078
53320
50961
54099
50274
50625
53269
50999
50015
54324
51432
51729
50830
50113
50942
54925
52328
54228
53940
52538
50284
52952
50446
55039
50426
52071
53775
54438
53288
54125
52124
51451
53840
53878
49805
50451
53244
50186
49862
53540
50198
54512
54645
52961
54648
54269
53700
53419
50819
50860
54348
52690
54249
52285
53602
53439
50756
50134
55003
54118
54098
53699
51916
49984
52644
54777
49717
53801
55225
53270
50701
50036
54261
51109
50711
51335
49806
52900
51829
53350
54710
52281
49715
53603
51551
52525
52943
52464
53429
52186
49887
50067
49817
54518
54825
50528
53158
50565
50741
51303
52545
50337
53392
50343
53346
53886
52244
54333
54580
49883
51378
51891
53140
54233
53837
51420
53685
51571
50993
52796
55152
52673
53793
51710
53967
53691
53886
49921
53681
50942
52884
53628
52039
51635
53017
55061
51162
50708
50922
50077
53104
53071
54484
50275
51086
53263
52425
52741
49631
53991
54824
50129
50030
53512
55041
51489
50098
52287
52098
54251
49743
52353
54122
51387
55183
54094
54370
51652
50274
55249
54490
55043
51773
53113
52047
53666
52590
49783
51197
51484
50871
50557
52170
52288
52592
52485
53186
51078
50308
49616
50739
54428
53204
52837
49709
51530
50336
51522
53426
49979
52091
50941
54151
52899
52852
54242
54650
51430
51800
52871
51383
49908
52031
49985
52333
51399
53718
51511
50311
50574
54688
49570
50396
54897
51409
52268
53376
53774
54836
50238
54380
54912
51044
50606
49814
54476
52508
49970
51119
52025
52634
49605
55025
53835
52068
54503
52961
52417
55165
51503
54969
51940
49746
50834
51506
52272
54772
51430
54218
53112
50077
55103
54488
51180
51623
54695
51282
50978
51697
50889
52478
50350
52851
51900
53040
50984
54613
51097
51181
53345
50001
54486
51054
53606
54237
52407
49679
52797
53242
49969
54360
52747
51275
51139
53339
55274
50718
54097
52081
53828
53044
51221
50189
49681
53850
55237
51365
49908
53006
52372
52807
50063
55068
52914
50794
54188
50218
51363
50636
51116
49945
51299
54541
52597
51333
52568
52022
53598
54443
52420
52359
50906
51311
51199
52205
53560
52172
51710
50535
49994
50116
52559
51399
54616
51787
53811
52223
50072
52851
54976
53272
50167
49860
49950
51333
51637
55246
52581
50246
50844
53928
53910
52023
53267
52139
50462
53301
53175
53291
54975
53378
52146
51004
54755
54241
51027
51533
49638
54455
53722
51486
51260
50895
54082
50350
50362
51814
53670
54070
50747
49753
54830
53741
51318
49757
55248
49673
50083
49658
54310
53444
49795
49636
54927
53543
52461
51027
51874
51145
54831
53709
50015
54651
49760
50756
50209
55019
51577
52345
52382
53088
50694
51133
50849
51323
49787
49851
51283
50865
55195
54211
50017
55244
53627
52823
51656
51126
49846
51618
54587
50303
54556
54188
51479
55102
50733
54238
51217
50566
53434
52925
51275
49603
49891
49710
50220
52013
51576
50831
52047
53174
50388
52418
52194
54887
54200
49936
54962
50371
54160
55204
53963
50470
49876
50480
50680
49774
52597
54879
49953
50497
51956
49855
51275
49793
53211
54472
50364
51620
52486
52696
51207
52597
51840
52758
53965
52351
51815
50053
53662
53662
50632
51848
50637
51467
52726
50893
50714
53890
51770
55091
51246
55230
49662
51505
55225
51315
50747
53332
53092
54296
54577
53837
50998
50182
53577
54550
54469
52280
51905
51762
51179
50623
52903
50318
50465
50027
52003
50320
50114
50464
52218
50955
54878
52786
52349
54226
50702
54556
50198
53266
51579
52264
54505
53406
53797
50044
50687
53459
54597
50582
52479
51441
54648
52891
51860
52286
53109
51721
50394
50901
49618
54005
54127
49619
52514
50362
54111
51948
53651
54882
51195
51685
51717
54564
50737
49676
50183
51914
53376
50513
50750
52271
53261
53409
51084
49975
54543
51746
50156
50720
51847
52551
52374
54149
51280
54268
51249
50418
53057
50351
50708
52171
52744
54933
54260
50867
51039
55225
50049
49704
51580
53490
52361
54021
50414
53738
53574
54291
52709
51274
52807
52451
53819
51364
52417
54701
50904
50141
51364
49565
52287
51000
53472
52269
51484
50302
51971
49870
54197
50482
49976
52535
51548
53834
50068
51006
51667
50168
54348
50072
50452
54665
53222
50709
52585
53814
50248
50225
50842
50265
55052
54967
55284
51392
54806
53272
51976
53453
53130
51310
51836
54518
54042
50707
50534
53662
49714
50990
50974
54711
51264
52513
51064
52751
50099
54230
53369
54429
53222
55045
51568
52304
54603
55237
50914
53783
52516
54868
52625
50483
54543
51452
54767
50928
51723
49952
49846
52372
54018
54095
49767
52457
51661
55265
53125
51254
50861
53929
52291
50585
49674
53447
54363
53300
55213
52124
52196
55221
52900
50839
53143
55182
51997
54903
51485
52258
49536
50206
52188
50123
53715
50921
51409
54996
54246
51105
50920
50481
53160
50946
50450
52094
52736
53647
50218
53858
49647
51275
51226
52475
54820
52223
50115
53804
50869
49648
49643
53792
54915
52281
52347
53457
51079
54292
55030
55028
49961
52018
52800
53164
54333
50346
50267
52576
50353
49905
51675
51270
50899
54218
50345
50425
51226
52838
52370
52809
52168
53687
50787
49907
55083
54155
53556
51232
55090
53450
52161
53861
53227
53300
50549
52754
50340
51606
53185
54450
52395
51799
54792
53320
54151
49870
51728
51613
52266
54202
50251
50878
49883
53429
51093
51314
52027
52516
50325
52108
52960
50283
52306
50761
53621
49757
50553
51012
52763
49746
55128
52694
53617
54959
54673
54420
53893
50302
49889
50910
52213
51690
52660
53343
50664
51184
55210
52619
50060
52534
51985
53655
53185
49949
53416
54400
51130
50396
50131
54740
50685
54170
52539
55143
52637
50257
51408
51798
53207
50719
52343
50794
52341
54027
54095
52877
50968
52574
50750
54877
51152
53257
53734
52625
52587
52723
51430
49739
49662
53379
52752
52408
52537
54393
52635
54263
53128
51781
52238
50602
49817
51202
54184
52994
50824
54758
51268
54962
52033
49898
51078
50841
50792
50440
53205
54623
51326
54244
54948
54415
52862
52133
50762
53413
55210
54823
54592
49610
54118
54165
51321
54566
50796
54802
52279
54221
52667
52824
52620
51876
53510
54100
54397
54740
53274
50569
52501
50105
53252
55210
55230
52755
51839
53383
50357
50709
50122
53178
53647
52019
50510
51413
52178
52023
55145
54027
50052
53882
52307
51864
50537
51560
52954
51207
50908
50975
50640
53631
51976
52319
54967
51320
49687
51901
52148
54573
50375
50362
53993
49836
50014
51230
49740
53806
51813
52053
53355
51357
53190
49719
52223
49636
53995
51016
53739
54851
49824
49798
53679
54299
53206
53128
53061
52928
54444
50652
50332
53771
54913
55086
53719
50407
54017
53914
50517
52077
51928
53224
50267
49938
50053
54938
52049
54948
51235
50034
51595
55020
49656
55184
50251
52956
53148
51790
53047
53758
50710
51356
50609
53178
54004
54472
51793
49711
54504
50141
53239
49976
52121
51868
53392
55174
53245
50270
51447
52630
50460
53326
54693
54024
52430
53161
49668
52164
54532
49636
52746
51944
53749
50519
51782
54623
54558
51457
54084
50412
52629
53453
52608
51901
53611
54223
52364
52867
53133
50799
50053
50678
53480
54485
53948
50938
54658
54215
50903
52970
53890
54460
51209
51493
52781
54314
53528
51020
52778
52207
54510
52155
53576
54118
54874
50568
51575
53164
52354
51396
51137
55216
53593
53136
53383
52038
50886
52445
53117
52187
50156
50945
55144
50931
54603
51200
50750
50285
50503
50342
54848
50312
53497
49698
53266
49585
55127
49655
53198
53922
53264
49874
53565
51809
55000
52299
54759
50854
51064
54178
51100
53640
52042
50234
51111
54096
54955
50505
52512
51185
50190
52115
54468
49533
53786
54732
50933
54729
52643
54621
54913
53977
53894
51927
52890
49922
51109
52805
52110
52117
52440
49544
53345
51611
50686
52154
54904
50823
52810
50048
51086
54823
52986
54919
50742
52825
53134
51423
50971
50403
53552
54198
50739
53824
53984
54574
51093
53492
52599
50364
51636
50447
52312
51167
49880
50747
50116
50208
53684
51470
52459
52314
49782
51784
50163
54293
52879
50816
52787
52909
52181
54818
52417
52688
54652
50481
50186
53299
54126
52564
51387
51655
54058
52283
55157
50003
53507
50972
51543
51041
53309
53239
49921
53011
53590
53896
51181
49633
54350
49633
49812
52367
52761
54326
50708
53440
54229
53355
51437
50020
54027
51968
53956
52989
51539
51155
53640
54889
50914
54085
51570
51463
51833
53370
54133
52823
52862
54408
53419
50562
55006
49549
50051
54850
49658
52855
54494
53596
50111
52994
51337
50927
51298
52993
51323
52539
52078
52949
54880
52741
51089
53016
53376
51268
54922
50735
53905
52771
50901
49565
53599
54337
54440
53986
50272
54876
51701
51647
53192
50039
55230
51281
53669
53052
50396
52254
54675
53085
52028
53738
50513
54902
52981
54470
54176
50394
50942
53906
52851
54849
51654
53752
54676
53257
52312
49599
51399
53375
54638
49908
53409
51584
51340
54708
50979
52177
52383
54860
49667
51652
54890
54273
51169
51275
51293
52414
52165
54918
53139
53229
51917
52785
51722
51923
52304
52920
50813
51076
54315
49633
54285
49962
51216
51997
50850
53719
52301
51509
52347
53499
50816
53010
51655
51140
52406
51800
51697
