23812
25037
25519
25710
25408
23716
24111
25136
25129
24817
23692
24827
23290
25457
24241
23172
25896
23434
23794
24439
23070
25332
24267
24603
23239
25181
25053
23816
25761
24704
25551
24990
24228
23435
23540
24948
23629
25054
23599
23568
24614
25553
25186
24143
23012
24455
24036
24578
22960
24922
25560
25064
23298
25906
24830
25524
24499
22907
24283
24509
25890
23133
24038
23665
25229
24986
23105
23660
23772
25837
24001
25892
24544
23792
24519
25930
25894
24830
23285
23584
25767
25205
24941
25061
23868
25446
25311
24003
23250
24097
25161
24099
23472
23179
22961
25202
25656
23955
23355
23211
25533
24929
23234
24860
23438
23809
26008
23206
24252
23126
24532
23991
23766
23746
24332
23793
23122
23995
24968
25755
24784
24241
24326
25982
22893
22885
24024
25488
25833
23384
23646
24428
24055
23690
25580
24773
25955
25460
24115
24869
24022
24653
23351
25080
25261
23059
24123
23724
25743
25647
24943
24877
25600
24724
23257
24943
24625
25266
23613
23182
25868
24383
25646
24495
25234
23370
24430
25012
24880
25496
23219
23618
25078
23406
25784
25309
24348
23446
24253
23895
23701
25944
24743
23032
25799
23103
25834
23540
24442
23777
24375
25319
23475
24594
26020
24605
23955
24798
25214
24555
23834
24125
24535
23081
23386
24369
25415
23959
25527
25116
23717
25607
25577
24940
23859
24268
24710
24890
24096
24335
23915
22940
23449
25386
25508
23186
24188
23669
23644
24150
25337
23238
23419
22958
23319
24364
24532
24322
25627
25167
25394
24290
24122
24287
25675
23557
24024
23975
23338
23836
24211
23728
25912
23794
25156
24978
23267
24742
23818
25656
25521
24236
24306
25432
24494
23204
24888
23886
25291
24686
23642
24674
24324
25198
22943
23828
25105
23537
24787
23131
25915
24521
23269
23065
23944
24237
25505
25676
25098
23039
25836
25826
24734
24830
23190
23779
23855
24313
23078
25222
22935
23102
23193
23792
24440
25688
24034
25239
23533
24827
23262
24335
22979
24911
25552
24423
24050
23806
24093
25527
24291
23205
24465
25772
23091
25059
23574
25514
25860
24613
24234
24031
23363
25907
24235
23730
24656
23303
24853
25691
24882
23262
22883
24634
23167
23320
22883
23771
23081
24302
25778
25612
24968
24124
25680
23528
24217
25940
24179
25559
25525
23916
25535
25062
25631
24426
25342
24483
22982
24372
24187
25521
25843
24964
25312
25437
23774
24430
24217
23827
23791
23253
23091
24814
25481
25189
25051
23132
25775
23977
22942
25663
23538
23833
23854
23901
25829
25606
24063
24221
24471
24061
23508
23133
22925
23849
24891
23841
24365
22880
25535
25168
24793
23801
23795
24826
25515
23411
25970
25567
23094
24757
24171
24670
23324
24123
23717
23702
24929
23371
23970
23036
25587
23849
24945
23388
22923
25343
25869
25041
22930
23651
24793
25850
25535
23955
24212
25825
22934
24603
23411
23066
25895
25384
23429
24998
24544
25685
24242
23216
23676
25783
23130
23613
25542
24064
25533
23623
25196
24288
25421
23930
25784
23345
22911
24196
23792
25022
25438
25516
23080
25055
25659
25489
23905
24493
25092
24491
23821
25826
23744
24603
23712
25914
25310
23968
25409
24355
24470
25756
25869
22929
23558
25283
23818
23560
24015
23453
25493
24121
25669
26000
25217
24164
24962
25207
22891
25530
23189
24929
24896
23401
25197
24794
23059
24647
25963
23075
25062
24918
25815
24656
22892
25918
25177
23662
24518
25258
23812
25842
25472
24538
23217
23628
25198
25942
23934
25092
25925
25130
25709
24899
24658
23546
25925
23589
25840
25071
24845
24788
25821
23098
26016
25781
23489
25543
25153
24062
23948
23910
24406
24413
25211
25069
23199
24990
25921
24089
25082
24363
24453
25739
24195
25658
24161
25079
23218
24299
23008
24106
23108
24845
24001
24251
23796
24083
25172
23050
24093
24212
25947
23322
23529
25231
25717
23053
25291
25231
22869
26022
25414
23802
23020
24887
24831
23524
25973
24178
24569
25004
23990
23341
23458
23921
25144
24007
24822
25862
24738
23202
24618
24179
24818
23918
24440
24236
25845
25336
25421
25045
25142
23403
24178
23963
23342
25192
24582
24695
24911
25306
22937
24079
25608
24678
25161
23009
23928
25259
24085
23008
23979
24793
23430
25816
25002
23390
23535
24339
25755
25494
23714
23949
24317
25714
23993
25741
23770
24583
24900
23168
23114
25105
23486
26008
22879
25184
23708
25197
22888
23711
24307
23991
23350
25333
24635
24749
23653
23382
23127
23741
23950
25662
23276
23147
24280
25919
23519
24149
25037
25309
24776
25324
23456
23534
25681
23292
22977
25050
24819
25773
24501
23282
24414
23064
25401
23094
23080
25610
22877
25841
25939
23765
24499
25878
25556
24606
22961
23390
23588
25144
25210
23215
25195
23545
22875
25795
23314
23575
24841
23144
22917
23151
23381
24557
24262
24895
24633
24749
25211
24765
24639
23081
23762
25788
24180
24925
24481
25805
23439
23144
23834
25578
23444
24356
25054
24736
24845
23833
23223
24723
23117
24769
23519
23477
25388
24027
24378
23069
23841
23048
23352
25476
25465
24956
22897
25550
23007
24402
23525
23734
23493
25229
24670
24093
24905
25095
24788
23063
25623
23015
24451
23912
23685
23752
24308
25176
23571
23744
24635
25445
24009
24120
23396
23474
24917
23628
24510
24787
24105
25233
24534
24384
22969
23727
23144
25349
23041
22887
24266
23652
24049
23568
24686
25780
23839
23760
25521
24522
23077
23800
25479
24482
22911
23913
24080
24366
25741
24603
23342
25853
25974
24707
24350
24142
23870
23508
24682
23697
23875
24516
25880
24394
24112
24164
25052
25445
25854
25868
25534
25504
25203
25088
24435
24445
22874
25931
23241
23453
24627
23902
25329
23355
23091
22874
24170
22897
23595
25293
24562
25463
23329
25054
24042
23278
24039
25441
22989
25528
24187
25568
23645
23864
23108
23649
23554
24292
23281
23275
25614
25036
24262
25795
24077
25609
24899
23776
25467
24618
25279
24339
24832
24120
22975
24504
23741
25504
24722
24506
24061
23419
23500
23456
25499
23191
25582
25826
25691
24457
23562
23763
24248
23745
24411
24128
24391
24543
23528
23705
24990
23414
25952
25936
25447
23859
25282
24136
24587
24049
23033
24280
24854
23299
24044
23278
25577
24051
24406
24409
25862
23330
23438
22873
25901
23352
23644
23461
23617
25251
24345
23039
24333
23246
24924
23233
23292
23622
24794
23610
23036
24503
25145
25739
24800
23773
23292
24778
25070
24221
23153
25263
24788
23241
23738
25136
24002
25310
25805
22949
24445
23720
25233
23010
24016
25500
24512
24975
23852
23221
23237
23353
25816
23311
23238
23937
24060
23900
25695
23207
24367
25597
25510
25810
23931
22929
25581
24325
24449
23334
22931
23138
25010
24738
25260
23606
25671
24674
25718
23497
25056
23673
23696
24001
24410
24386
25398
25620
24134
23034
23253
26007
25869
23074
23151
24842
23052
23546
25604
23251
23667
25651
22922
25031
23132
23390
25773
25867
25793
24928
25932
24098
23269
23106
22926
24805
24521
24132
25123
23484
22908
24451
23281
25890
25402
25920
25242
24846
24522
25084
25128
23709
23393
24351
24871
25364
23541
23536
25752
23656
24226
24912
23895
25691
23974
23971
24899
24094
24365
23488
24085
25508
25146
25329
24839
25286
23884
25024
25711
25977
25188
25101
25393
23686
25129
25054
23509
25160
23332
24073
23705
24182
23026
23675
25378
23960
23113
23717
23732
24492
26012
22890
24413
24993
24360
24713
24101
24945
24657
25789
23776
23076
23542
25016
25514
25563
23761
24275
23403
22947
23006
24597
24024
23218
25195
23114
25896
23858
24576
25901
24013
23288
23395
23764
24378
24183
25303
24477
25662
23912
23718
25727
23123
24917
23721
24855
22922
23289
24390
23084
23398
23375
24503
24078
23874
25656
24730
24497
23476
23287
24074
25962
25770
23956
24956
25917
25924
23104
23844
24604
23399
24852
23275
25723
24662
24834
25500
24851
23567
24086
25416
23449
25318
24674
24850
23341
23466
24147
23399
23336
25351
23655
24636
24536
24650
25586
22952
26015
24440
24494
25612
25888
25725
23224
24561
24160
25757
25255
25917
22999
24957
23152
24048
23691
24886
24161
24763
24313
24937
24682
23571
25429
23331
23821
23647
23187
23623
22871
24520
23328
24317
25157
23845
25521
23615
23777
24822
23235
23336
23961
24396
25460
24675
24643
24751
25811
25704
24754
23877
24160
25640
25412
25887
24246
25646
24890
24067
25948
23476
25367
23919
23248
25026
25600
24014
24116
23830
25335
25512
23669
25141
24581
23268
23442
23764
24292
24749
24805
24114
25882
22916
24140
23804
23296
25052
23127
24373
24306
25722
22908
23833
23698
25311
25391
24682
23383
25365
25338
24104
25922
25133
24004
25188
25939
23137
24753
24590
25280
23183
24090
25630
24725
25679
24481
24890
23154
25914
23936
23122
24542
23112
24201
24499
24732
23145
23202
23964
24582
24064
23593
23729
23328
24977
24975
25522
25631
24239
24019
25617
25799
25105
23772
23750
23087
23682
25954
25381
24098
25305
25920
25198
23936
23056
22910
25787
24039
24161
23794
25934
25050
24033
23698
24623
23875
23636
24454
23498
22875
25042
23949
24541
23639
25817
24063
25355
24086
24811
25556
24454
25896
24941
23733
23318
23792
25893
23179
24928
25357
25630
25313
25515
24811
23223
23986
25190
23237
24385
25896
23821
24561
24790
25653
25177
25383
23593
23037
25352
23935
24717
25666
23808
24317
25122
23300
23598
24971
24211
23459
23649
23798
24069
24467
25289
24103
25469
25783
23079
23457
22896
24431
25967
24583
24658
24133
25770
24856
24575
23234
25725
23434
23401
25152
24728
23259
23514
23675
25181
25840
25189
23663
23738
22989
23632
24074
25596
25162
25341
24106
25175
25734
23847
25381
24239
23512
24350
25041
23696
25003
24085
23962
25312
25296
23677
23471
25694
23649
24980
24997
23358
23747
24506
23624
24652
25423
26010
24198
25248
24453
23785
22902
23477
24461
25961
25549
24165
24251
25495
25214
22983
23272
25233
25799
23310
25219
25845
23644
23918
24373
25776
25495
24935
23871
25369
24507
23859
23602
23630
25702
23156
24464
23908
23649
23462
24013
25061
25637
24998
25890
23724
25666
23615
25360
25311
25023
24803
22917
25246
23358
25045
24169
23607
24219
23961
24726
23361
25082
23507
24173
25085
23997
23758
24600
24915
23528
22965
24601
25338
24108
23984
23014
25025
24740
23082
23311
23209
25477
24673
25647
23141
25179
23233
22899
25081
23881
23143
25543
23378
24134
23126
25178
23439
25223
23253
25094
25420
24804
24439
23245
22928
24752
23831
24791
24889
23566
23403
24016
23689
25580
25856
24907
23941
23971
25401
25271
24335
24992
25477
25229
24044
22944
22895
23096
23233
24025
24626
24169
23931
23480
23137
23106
23892
23914
24597
23386
24309
25552
23266
23475
22894
23105
24194
23823
23975
23453
24070
23232
24656
24490
24785
25511
23428
22926
24727
23485
23055
25298
23452
24697
25632
24220
24280
23924
23067
23353
23118
23316
24989
22940
24838
24916
24167
24211
24441
25170
24945
25961
24137
24604
24100
23087
24449
24278
23716
23126
25444
23066
25480
23937
24292
24535
24224
25554
25844
23317
22979
23466
24748
25299
25812
24980
25938
25978
23412
24377
22938
23365
25890
24449
22937
25067
23376
24659
25979
25550
24756
25268
25653
23598
24770
24568
25390
25392
23561
23132
24443
25382
23985
25250
24472
24220
24034
22983
22970
24275
23321
23293
24676
25977
23117
24791
25174
22943
22995
24073
23201
24535
25249
24622
25681
23764
24497
24688
25825
25592
23132
25918
25712
23287
23675
24027
25385
24951
23380
24628
24534
24317
25552
25691
24654
25196
24742
23705
23577
23297
25527
24885
25126
24106
23807
24357
24490
25359
22981
23564
25138
23220
24654
23932
25190
25363
25483
25600
23513
24452
23026
25089
24015
23846
23453
25123
23351
24157
23977
25810
23284
24202
25875
23810
25961
25156
26020
24368
25129
24756
23426
25134
23784
23147
25092
24699
23770
24371
23705
23507
24040
22972
25450
25247
24130
25668
24254
23023
25175
25907
24438
24019
25509
23153
22977
22971
25034
25345
25128
24606
23255
24268
23513
25597
23996
25005
25603
24382
24981
23889
25495
24491
23122
23404
23144
25486
24122
22978
23427
24149
24618
23715
25784
25120
25776
23536
24638
25019
23512
24441
25807
23366
25855
23416
25741
24051
25340
24380
25968
24299
23627
23255
25615
23683
24210
23389
23431
23363
25652
24925
24921
25737
23969
25696
23122
25941
25913
23152
25491
22988
25743
23792
23670
25559
24477
23122
22932
22918
25854
24977
25626
22920
25835
23402
23612
23457
23046
25354
25018
25717
23209
25000
24361
25934
23761
25284
25982
25032
24719
25348
23486
23493
25160
24369
22883
24793
24748
23807
24142
22951
23142
22961
23014
24618
25691
24386
25400
23730
24330
23340
24937
25581
23551
24402
24477
23967
23531
24619
24950
25153
23097
25829
24806
23966
23315
25339
25440
23241
23380
25151
25548
25333
25340
24517
26000
25602
23384
25997
24740
25925
25141
23944
23824
24207
24277
25033
23560
24496
25842
23738
23489
24829
23642
24250
25748
24637
22992
23822
24147
25054
23016
23203
25106
25430
25550
24281
25146
24107
25312
24761
23146
24013
25289
24241
24825
25284
24987
25921
23375
25900
25859
23603
24185
23772
23508
22987
23534
24648
23249
23638
23408
23353
23300
25820
23956
24206
24242
24900
23122
24768
23991
25085
24508
23148
25078
23232
25787
25466
23963
25273
23797
23577
25833
23944
23097
24195
23520
23649
24153
24081
23676
23820
24997
25144
23544
25326
23006
25179
23399
24956
23658
23662
23007
22980
25908
24252
24275
23938
23773
24016
23802
23891
25016
24615
25320
25577
23730
24505
23536
23036
23382
25973
23161
24294
23611
23693
24157
24649
23632
24155
24471
24317
23491
23225
23663
25120
24206
23015
23425
25728
25157
25188
23348
24879
25758
23436
25890
23676
24615
25463
23382
24133
23209
24947
25599
24513
24026
24979
23675
23787
23468
25507
24217
24711
24005
25304
22938
25847
25069
25279
24440
24163
23304
24472
25351
23259
24632
23032
23434
24919
25228
23730
23542
25427
23161
25770
23232
23535
23282
25529
23467
23890
22960
23066
23984
25298
23280
24339
23714
24052
22997
25957
25745
25296
23857
25376
24758
24712
25432
23019
23189
23724
25267
25834
25877
25420
23508
24116
23729
25952
24131
25347
24143
22984
23293
25866
23642
25377
25410
23426
24304
25849
25539
24570
25590
23978
23116
24431
23717
25627
25872
24944
24350
23095
24979
25022
25154
25400
25520
23377
25321
25807
24314
25979
25502
25834
25587
24513
24481
24217
24222
23823
22876
24398
23778
23934
24027
25069
23420
23978
25501
23950
23589
23940
25126
23278
25329
23073
23607
22882
25650
23307
24618
24935
24350
23747
23694
25737
25396
25224
23084
25595
24885
23251
25750
24595
24157
23957
25435
24616
23118
25819
24393
23239
24786
24959
23550
23023
25223
25348
23544
24502
22869
24401
24054
23399
26003
25053
24361
24461
24983
24820
24223
25118
25514
25707
24840
23081
22954
23737
22973
24738
24068
25796
25560
23133
23237
25243
23289
23885
24925
23483
24980
24624
24917
23953
25597
25951
23348
25279
23344
25461
23295
24227
24755
23612
24101
25033
25764
24734
24929
24442
23528
25600
24468
23923
24497
24099
24927
23866
24166
25305
24303
25977
25572
25390
23152
24397
25321
23942
23783
24432
25659
24846
24398
24147
24128
24861
25412
25653
25774
23177
23234
24403
25004
25918
23419
23194
24749
23820
23795
23661
24134
22988
24479
25495
24791
24646
23760
25438
23806
24022
25566
23397
23183
24891
25018
25857
25590
23266
23740
24798
25804
23381
23953
23099
23703
24281
23970
25229
25755
23347
23731
25023
23048
23103
24272
22982
23541
25984
22897
24871
24788
24700
25561
24851
25920
23093
23195
25286
23248
24934
24209
25993
25560
22959
25088
24961
23426
25042
24173
24019
24204
23558
24449
25332
24995
25444
23339
25539
24150
24775
25800
24756
24306
23203
23896
23745
25626
25743
24861
25603
24055
23575
23660
23534
24922
25934
25757
24655
25492
25649
23396
23193
24408
24007
23705
23698
23519
24334
23128
24847
24774
22991
23826
23156
23003
24206
23739
24920
24069
25437
24047
24915
26005
23149
23530
25491
24015
23370
24279
23123
24158
25740
25591
24159
25115
22969
24547
23420
23498
24295
26012
24957
25943
23039
23149
25392
23314
24077
25008
23877
25163
24103
24011
24724
25093
25025
24300
24083
25123
23573
23280
25098
23067
23173
25907
23571
23083
24724
25269
22903
24417
23309
25456
24977
25379
24626
23066
23969
25122
23055
24040
23000
24749
23157
23232
23842
24402
25908
23272
23244
23189
23458
24215
24091
23118
22973
23926
24704
24417
23570
22896
23921
24449
24473
23965
25295
24399
24202
25609
23944
24494
23389
23625
23630
24262
24937
22948
25989
24401
25619
24963
25643
24598
24526
23227
24730
25821
23059
24746
25603
25504
24552
23449
25090
24304
23525
24051
25982
24293
24649
23391
23231
23239
23823
25059
25651
24045
23317
25188
23645
23972
22964
23068
22914
24561
23734
23066
23869
24637
25055
22958
25067
24517
24011
23064
22974
24168
24689
23605
22872
25473
25928
25063
23115
25408
23211
25772
25844
23955
23699
25232
24348
23374
24326
23398
23315
24717
23941
24874
23014
26016
25908
25625
23227
23634
25316
25181
24495
25812
23708
23337
24848
24758
22975
24318
23998
23735
24005
23234
24995
24080
23756
23914
25646
24361
26005
25855
23781
24927
25250
24840
23907
24246
25230
24875
25603
23729
23780
23784
25435
25636
25153
25830
24852
25008
24651
24459
24490
24544
22892
23303
25405
23205
23914
23246
24302
24447
25237
23134
25824
25205
25195
25892
24929
23789
24864
25138
23729
23897
24263
25287
24331
23186
24147
24543
23271
23848
25049
25193
23155
23979
25806
23840
23037
25170
25000
25598
25393
25169
24106
23907
23369
23508
25893
23849
25165
24440
23634
23010
23636
25755
25480
23939
23151
22907
25430
25278
25486
23280
24865
24434
23939
24994
23907
24388
24713
25634
24231
24811
23098
24999
23206
24501
23321
24136
23504
24743
22912
25084
24612
23717
24348
23283
25443
25184
23605
24726
24120
24077
23127
25964
24142
25268
24890
23706
24621
25930
23988
23530
24512
24031
22941
24142
25462
25950
24720
25060
25954
24831
23585
24866
24248
24569
23498
23095
23323
23643
25836
22959
25163
24303
23694
23370
25221
23158
25460
23658
24856
23746
23607
25558
24878
24358
24077
23029
25734
25233
23972
25353
25558
24079
24897
24355
25950
24555
23563
23407
24998
23136
23332
23772
24362
23023
24991
23165
24459
25761
23923
24412
24227
23905
25127
23065
25497
24425
23928
23890
24719
23969
25248
25937
25212
23579
23327
24755
25032
23448
23289
24475
23494
23501
23716
24837
25938
24283
24995
24249
24182
24450
24506
23478
25396
22877
25037
25976
22989
25475
25726
22872
23055
23612
23418
25449
23656
25514
25374
25856
25715
25992
23203
25332
23868
24533
24387
24899
24127
25708
24048
24827
25419
24983
25437
25106
24067
22935
23684
24368
25157
24237
25015
23379
22916
24119
24783
25969
23575
24404
24249
25777
24356
24072
24155
25736
24230
24505
24644
25085
24400
24837
25768
25182
23463
24639
25391
24221
25768
25632
25223
23177
23338
25006
24357
25480
23754
24160
24915
24051
25260
25481
25402
23057
23196
26018
24664
24029
24915
22974
24660
22888
23814
24534
24594
24260
23645
24049
24714
24969
23071
24558
24399
25648
24990
24058
25103
23930
24497
23824
23282
24444
23971
24440
23182
25873
25218
25938
22908
23542
25543
23051
24879
23759
25887
25730
24281
23918
24143
22909
24681
23881
25753
24360
22995
25769
23214
24729
24252
23087
25789
25972
24770
24692
25753
25381
24068
23880
23096
23471
25978
25459
23501
22870
24483
23347
24352
23352
25279
25658
25174
24774
24801
24896
23212
24015
23743
24113
25562
25863
23969
24992
23301
24759
25196
22957
24828
23272
23787
24736
25713
25007
23488
25190
23099
25364
24245
23823
25205
25758
23911
25022
23322
23617
23523
24835
24465
25953
23093
25069
23704
24395
25239
23914
25801
25157
22894
24698
24707
23074
23950
25068
23508
