35848
35573
36620
35335
35995
36805
37268
35254
37136
37256
36115
36017
36624
36489
37164
35566
36621
35413
36146
36168
35457
35881
35156
36845
36019
35854
37262
37167
37135
36249
35949
35569
36219
36328
36676
35250
37035
35812
36156
36843
36476
36059
35615
35252
35171
37053
37275
36354
36840
36705
35598
37362
36459
36420
35513
36732
35388
36945
35937
35643
35556
35554
36578
36750
35759
36732
36244
35924
35503
35590
36530
37420
37345
35468
35560
35741
36755
37359
37129
36617
37124
36364
36776
36432
37110
36666
35563
35430
35474
37027
35266
36993
37067
36896
37154
36077
35604
36286
37073
36141
37380
36605
35592
35524
35752
36955
35894
36255
35809
36508
36004
37052
36423
36961
37124
35933
37248
35478
36774
37301
35600
35211
36508
35245
36342
35281
37051
37363
37268
36613
37038
36741
35964
36497
37129
36812
35049
37468
35622
36248
36354
35825
35387
36458
37529
36047
36448
36999
35994
36595
37290
35711
37270
36120
35267
36889
35780
36519
36771
35994
37028
35827
35667
36029
36001
35585
35469
35468
35379
36661
35235
35236
35324
35844
36293
36120
35098
37146
35678
35038
35307
37110
35046
37489
35091
35635
37243
36589
36040
36718
36234
35805
35803
36097
35351
35914
37479
35770
35319
36509
36666
37342
36407
35889
35059
36355
37513
35627
36919
36523
35211
37035
36369
36300
35341
36560
36151
36038
36657
35968
36881
36824
35966
36946
36861
36917
35310
37378
36085
35696
35462
35194
36398
37273
35720
36431
37505
36870
35186
36960
37292
36285
37494
35888
35592
37093
35654
36962
36896
35132
35307
36781
37289
35805
36333
36942
35136
36919
36445
35416
37516
35291
35642
36424
35280
36085
36244
36014
36148
36886
36247
35466
36084
35561
36195
36167
35178
36303
35921
37332
36141
36383
35484
35943
37549
36336
35883
35528
35634
36719
37290
37263
35399
36501
35302
37475
37312
35321
35565
35822
36325
36540
36586
37271
35195
37435
35585
35897
35749
35836
37168
36354
35390
35710
35899
36040
36363
36424
35847
35304
37198
35473
36875
35173
37032
35379
36203
36485
35359
37049
37322
36762
35606
36418
36979
35438
36970
35691
36990
35485
37055
36387
37372
35297
37114
37167
36628
35420
35583
37106
35334
36079
36937
35765
37075
36357
36739
36341
35249
36256
36249
36890
35626
35230
37298
35634
35654
36190
35943
35693
36389
36008
36317
37065
35730
37407
36989
36894
36183
36377
35564
36094
35039
36605
36894
37254
37423
36845
37275
36009
36017
36127
36313
35357
35980
37304
36517
37276
36520
35398
37059
35760
36366
35100
37412
37006
35821
37143
36551
35279
36207
36644
37412
36735
37307
36172
35523
36183
36991
37446
36048
36323
36689
37074
37404
35288
35476
36846
36400
36090
36394
35914
35728
35985
36386
35495
37482
36747
35259
35804
36408
36247
36734
36975
35705
35662
36624
37005
37386
36093
37231
35279
35179
35815
36556
35130
36939
36490
37243
35718
35841
35626
36974
36979
37050
36748
35865
37328
35343
36064
35142
36313
35772
35934
37228
36468
36122
35126
36651
37249
37203
36605
36851
36113
36391
36840
35922
35852
35253
36542
36540
35514
37381
35107
35893
37507
35193
37152
35611
35081
37137
35103
37016
35162
36039
36281
35841
37404
36127
35065
35633
37033
37343
37313
35959
37359
35192
36880
36911
36577
36930
36459
37354
35257
37181
37496
36625
36101
36419
35167
36950
36266
35480
35131
37332
37207
36081
36058
35989
37551
36946
36452
35097
35601
36644
35664
36859
37398
37209
37425
37116
36451
35192
35054
37197
36503
35498
37367
36904
36904
35471
36172
36217
35841
35245
36009
36420
37038
35568
35236
35271
35451
36401
36898
36075
36289
35709
36262
36766
36266
35621
35158
36107
36871
35078
36177
37533
35637
37463
36333
35779
36941
35488
36587
37135
37375
35659
37251
37231
37437
35299
35468
36510
36762
35660
35751
36372
35282
35163
36516
36793
35403
35311
35582
35248
35656
37168
36703
35953
36100
35500
36033
35376
35457
36029
36368
36974
36956
36648
35273
36881
36456
35840
37513
35727
36308
37044
35407
37036
36160
37333
37308
35723
36015
37543
35747
36600
36337
36810
36684
35084
35747
35913
35659
36874
35727
37139
37116
35928
37064
35943
36355
35221
37169
36087
35242
37285
37148
36623
35797
35537
35952
35774
36442
36541
37445
35476
37059
35915
36154
36617
35109
36211
36958
36760
36324
37053
37162
35956
37289
36220
35363
35340
36975
36143
36077
37346
37221
35765
35482
36930
35538
37495
35145
37174
37202
37045
37001
36229
36231
35563
37249
37360
37352
36318
37368
36016
35931
36622
37545
37172
35346
35744
35583
36244
36170
36818
36646
37021
35406
35954
37083
35171
36809
36445
35610
35292
36890
35581
37004
35439
35505
37332
35645
35492
35512
36778
35648
36478
36464
36393
35698
36409
36999
36212
36364
35906
37477
35206
35780
37030
35146
35296
35953
36214
37208
35629
36026
37295
35724
36399
35904
36782
36853
37350
36283
36464
37486
36315
36539
35879
35360
35820
37006
35603
35057
35858
36275
35620
37111
35393
35292
35354
35917
37245
37156
36485
36240
36246
35089
35786
36156
35718
36193
36460
36547
37138
36806
35914
37224
35186
35466
37120
36910
37471
36153
36364
36050
37341
35966
37236
36665
36337
36455
36930
35094
37163
37074
36793
37112
36081
36740
36069
35385
35247
36607
36827
35757
36295
36475
35351
35844
35314
35221
35559
37288
36822
37230
36179
37049
35207
35865
36064
35781
36903
35566
36735
36375
35927
36826
37408
35716
36174
35228
36684
36776
36155
35688
37395
37019
35551
37478
35887
36913
35389
36114
35745
37500
36717
36570
37481
37281
35525
36526
35604
37503
37144
36524
35263
35192
36953
35094
36679
36459
35807
37176
35888
35813
35659
35095
35614
35243
36326
35570
36839
37010
36670
35467
36575
36436
36133
36246
37396
36917
36906
36354
36519
37268
36998
36817
36128
37010
35307
36324
37064
36813
35883
35869
35383
36071
36450
37341
37093
35472
36436
36128
37533
36253
37148
35940
35276
36639
35070
36944
36820
36404
36449
35157
36926
35935
37279
35469
35835
37226
36956
37344
36428
36324
36616
35853
37227
35810
35331
35096
36763
36614
37317
35958
37054
35748
36106
35947
36258
37224
37342
36257
36818
35392
35243
36536
36537
35654
36334
35845
35792
35377
35800
36996
36788
35682
36914
35464
36192
37246
35688
36404
36000
36063
35036
36282
35560
36487
35843
35321
35987
36895
36598
35562
35471
36943
35201
37217
35470
37106
36316
35382
35633
36696
36361
37541
37464
37313
35284
35140
37080
36362
37198
35251
37320
37333
37256
36296
35822
35981
37038
35334
36597
37062
36132
36004
36721
35325
37244
35266
35394
37109
37513
35649
35091
37412
37213
35762
36476
35200
36375
36457
35157
35165
35610
36818
36058
35741
36672
36258
36601
37053
36916
35857
36720
35781
35891
37394
37117
35916
35615
36339
35946
37161
36074
37103
35944
35651
37115
36116
36398
35489
35357
35797
35079
36733
36483
35089
35819
35672
35372
36476
35651
35606
36934
35836
36070
37375
35689
35618
35218
36449
35378
35046
36616
35380
35465
37551
35152
35385
35591
35953
36748
36107
37413
37062
35065
36765
37353
36406
37003
37502
36647
37305
37515
35054
37028
36691
36110
36017
37098
37532
36746
36567
36666
35589
35770
36943
36717
35697
35654
36921
35543
36016
37533
35817
36357
36197
35213
35527
36166
35618
36458
36453
37230
35475
37037
35766
37148
35911
37005
35898
36640
35684
36515
36661
35229
37235
35073
36336
35940
36326
35932
36088
36358
35159
35289
35604
37431
35783
37037
36830
35488
36356
37329
35785
36420
36659
35109
36761
37550
36913
35667
35528
37465
36581
35572
37189
35714
36752
36902
37402
37043
36385
36034
36815
35926
35710
35218
35620
35108
35260
37153
36894
37230
35126
35733
36708
36879
36268
36034
36518
36558
36670
35248
35171
35968
36187
37190
36716
37350
35994
37100
35798
35295
35456
36673
36693
36889
36924
36067
36587
36351
35806
36682
35257
35915
37076
35810
35458
35750
36562
35600
35723
35753
36930
37239
35409
35969
37491
36781
36099
37130
37350
35527
37170
37066
35212
35036
35795
36234
37018
36426
37219
35758
36652
36594
37213
35880
35734
35615
35167
37362
36492
35690
37537
35776
35845
36341
37414
37436
37187
37031
35053
37072
37375
35655
35524
35638
37170
36859
36718
35560
35642
35800
35318
35792
37461
35663
37097
36528
36148
37433
35494
36491
36539
37505
36612
36115
36880
35994
36729
36970
35129
36302
36320
36295
36463
35128
36036
36235
36797
36038
37417
35976
36155
36900
37063
37183
35604
37189
35095
35612
35900
35581
37477
36984
35254
36166
35732
35898
37292
35471
36002
37126
36713
35782
36626
35940
37337
36816
36577
36802
36600
35805
36287
37298
36495
37076
35213
35707
37038
36429
35313
35809
36894
36525
35842
35465
37393
35802
36313
37151
37423
36852
35998
36918
35149
37270
36527
35496
35254
35898
36738
35434
35155
35377
35958
37478
36382
36997
36729
35306
37130
35153
37318
36518
36423
37077
35619
35350
36876
36732
36371
35789
35782
36778
36641
35533
37115
35371
36886
37341
35305
35283
36116
35977
36024
37248
35810
35496
35420
35640
36229
35821
35309
36285
35985
37556
37514
36132
35568
36331
35413
35640
37486
37316
35557
36023
36465
37089
36585
37158
36282
37218
36176
35058
36611
35085
37218
35364
36497
36826
35468
36160
36213
36529
35554
35490
36221
35809
35436
35974
35660
37434
35039
35459
36806
35229
35360
36424
36610
37424
36006
37370
35452
35531
37413
37118
36765
36510
35557
36188
36674
35322
35658
35760
36180
36929
36327
35657
37548
35201
35514
36876
37170
37160
36895
36263
37458
36930
36032
35739
36752
37062
35897
35188
35273
37289
36208
37151
36870
36890
35077
36050
36267
35153
35928
36756
36779
36456
36134
36540
36002
36381
36343
37129
36096
35234
36418
36604
35927
36357
37332
37385
35197
35429
36255
36774
36293
35247
36251
35419
36280
36894
35811
35258
36536
37160
36876
36129
35339
37210
35231
35649
36811
37137
35124
36182
37437
37278
37180
35317
35483
36365
37069
36862
35721
35909
35385
37253
37223
35124
36624
36900
36512
35711
37265
36357
37416
35344
35977
36033
35165
35365
36347
36778
35293
36230
36844
35354
37034
36074
36246
36114
35340
35464
36679
35443
37380
35311
35474
35199
35672
35875
35903
36766
35755
36140
35454
36175
35983
35735
37447
36297
36123
35650
37329
35758
35575
36593
36275
36924
35561
37074
35941
36931
36049
37490
36972
36031
36216
37079
36729
35658
37293
35285
35993
37256
37552
37335
35248
37217
36722
36431
36228
36064
35438
35122
36783
37286
37221
35355
35234
36557
37111
35080
37435
35448
36633
35973
35917
36016
36696
36704
35739
35603
35844
36625
36355
36560
37348
36215
36049
37486
35278
36916
35049
35266
36990
35752
35833
35351
36124
36185
35556
35958
36756
37236
37198
36672
35192
35980
35514
35104
35776
36764
35144
36579
35905
36035
36139
35510
35091
36071
36220
37276
36172
37229
35545
35501
36031
37038
36557
36744
35949
35269
36242
37039
36532
35637
36951
36820
35161
35336
36094
35258
37416
35697
36744
36429
36041
36117
37236
35133
36644
35573
37171
37087
37353
35571
35394
36465
36625
35073
35931
35815
35889
35677
37077
36526
37431
37373
37207
37234
35187
37025
35064
36851
37374
36807
35865
36193
35853
37295
37539
35997
37112
36491
35883
37326
35974
36070
35767
35937
36755
36039
36103
36081
37132
37319
35391
35959
35161
35760
35150
35456
35319
35099
35481
35703
37438
35267
35308
37248
36973
37241
35697
36951
37478
36984
36824
35143
35393
36988
36355
35394
36035
36219
37416
37402
35948
36803
36735
35184
36903
36212
36605
36407
36198
35161
36408
35339
35720
36158
35969
35587
37017
37334
35416
37295
37374
37116
36670
35127
35177
37498
37549
36489
35463
37420
36881
36389
35500
36662
36686
35929
36126
35181
37367
37396
35979
36284
36724
36888
35159
35161
37470
35056
35141
36791
36338
37487
35368
37321
35912
35472
35350
35418
36821
35551
36895
36707
36540
35834
37536
35129
36359
36875
35346
35044
35295
35475
35859
37198
35586
37211
35100
37092
36278
35409
35298
36655
36024
36410
37128
35255
35196
36231
35076
36884
36686
37331
36857
37204
37259
37310
35077
36865
37219
36835
35628
37464
36837
35875
36073
36406
36386
35057
37502
36119
36802
36742
36411
35446
37488
35076
35827
36861
36512
35648
36216
36784
37358
35390
36818
36333
37168
37523
35282
35144
36310
37377
36274
35057
36743
36019
36910
35673
36854
36804
36852
36623
36555
35811
36930
35517
35036
35124
35943
37537
35559
36506
35208
37055
36963
35570
35248
36504
36846
35751
36206
37405
37440
36307
36393
37132
35425
35549
35609
35323
35409
35479
37427
36067
36166
37015
35300
35540
36088
37018
36924
36091
36670
35678
36885
35194
35380
36469
36508
37006
36572
36142
36502
35071
35412
36429
36648
35888
37522
36304
35923
37398
37097
37165
36295
35090
37080
36865
37340
35519
36420
37063
35553
37433
36085
36464
36368
35241
35479
35876
35896
35304
35576
37458
35729
36245
36713
36247
35317
36586
37293
36739
35291
36547
37441
37273
35238
35335
35263
36595
36890
35184
37521
36441
35422
35866
35981
36968
37078
35412
36362
37066
36874
35903
35315
37371
35528
35665
36986
35341
35835
37174
36785
35319
37120
35324
35359
35537
36037
35822
36838
37444
36952
36258
37104
36291
36324
35870
37128
35172
35149
36831
36835
36278
35336
35813
37122
36863
36891
37225
35277
36036
36695
35181
36653
36035
36417
36243
37322
35646
35446
36951
35431
36616
35808
36976
35372
35661
37543
36804
36975
35158
35722
35460
35985
35648
35710
36029
37170
36859
37075
35072
35392
35366
36533
36408
35826
35382
36947
36796
36124
36052
36736
36068
35616
36408
37063
35662
35040
36481
37405
35849
35784
35379
36221
36260
35197
37486
37525
36675
36085
36271
36114
36996
35806
37339
37013
35496
35148
35820
36967
37341
36368
35196
37298
36909
37271
37317
36751
36201
35492
35131
35381
36587
35944
37277
36616
35870
36094
36985
36684
37098
35770
36015
35537
35958
35050
36427
35268
36394
35262
36253
35235
35761
35872
37268
36221
37154
36509
35906
37425
36797
35702
35048
36058
36244
35634
36202
36990
35765
35842
36599
35922
36083
35199
35540
36502
36099
36517
36180
37347
35236
37460
35089
36739
36090
37164
35144
37403
36589
36992
36321
37152
36230
36384
36434
37110
35660
36440
37019
35507
36933
35462
35121
37176
35561
37384
35473
35686
36073
35867
36286
37164
36673
37379
36164
35060
37529
36861
37228
36855
36162
37312
36980
36549
35759
35824
35796
36346
36351
35625
35352
36891
36107
37136
36841
36403
36329
35440
36956
35730
37081
35176
37205
35802
35403
36203
35342
35796
35081
35803
36434
35631
37506
36410
35252
36868
36873
36427
36782
35805
35379
36751
35967
35754
37044
36836
36146
36940
35446
36937
36543
35673
36760
37001
37371
35734
36123
36384
36567
36956
37380
35832
35779
36471
37195
35375
35499
37432
36092
35502
36495
35893
35514
35233
35612
35330
35341
35370
36447
35355
37351
36510
35844
37518
35849
36987
36288
35889
36253
35491
35371
35621
35239
37274
37395
36929
37464
37026
35754
37053
35756
37310
36124
36288
37220
37227
36083
35369
35579
35884
36584
36594
35036
36040
36269
35165
36201
36983
36979
37375
35282
36407
36204
36702
35639
36527
36016
36549
36430
37459
37209
35459
36503
36339
36372
35228
36127
35219
35815
35394
35789
36528
35069
36037
36259
35348
35550
36082
35237
36087
35230
37350
36738
35478
36427
37332
35934
35486
35672
36239
36694
37255
35929
35359
37042
37425
35280
37381
36873
36568
35484
36839
37392
37403
36042
35848
36949
35232
36068
37222
35036
35880
35363
36122
35740
35635
35328
36554
35965
37058
35535
35175
37493
36634
37373
35887
36904
35427
35681
36279
36188
36027
35580
35400
35164
36749
37082
37410
37395
36176
36413
36317
36726
37061
36355
36416
36756
36902
36071
35675
35993
36139
35202
36483
35351
36965
35567
36491
36682
35288
35730
35553
36403
36356
36888
35614
36960
