68974
70094
64848
69573
60698
68607
60788
65801
68971
63865
62309
57240
66734
57206
68056
64838
60949
70837
65418
65248
67567
58377
65270
61526
70333
56898
67113
68436
58461
58631
58852
58411
56720
67100
66640
69033
60358
57717
66799
60537
58124
63279
56462
58613
65096
60292
64117
61252
56388
56229
62389
70928
65890
69947
57074
69843
62218
56798
70581
56217
56435
59067
70272
63170
56609
61595
67469
61078
63822
66196
64690
65140
56678
59911
57895
64713
64223
57660
66754
70032
56438
69698
61937
62978
60312
67017
69902
64232
62423
64995
67536
69126
58027
70642
68883
65249
65550
63752
67989
58768
69622
61452
60024
70065
61773
66124
57341
60700
60359
64287
58875
57008
68950
57039
70006
59097
69875
59299
60584
57361
57479
58665
61006
70621
61262
66587
70885
56727
62489
56232
60672
66940
68183
63187
57582
56652
66780
57717
58504
57712
56689
66263
67446
69220
60718
62802
70289
56795
64025
70253
57012
58480
69807
56945
58680
63338
59941
70731
69853
71021
59656
57781
62875
61628
61256
67163
56655
64476
67940
57909
70936
56693
70365
70038
64747
66655
60124
68273
56991
61333
56272
69977
57196
58261
57412
66767
68314
61981
62874
62557
61633
66136
62963
56582
63491
62987
60797
70382
70033
60787
70824
64759
61535
56388
58265
57173
63537
67324
68690
63624
67560
60993
63046
59963
59650
69546
62901
68013
62556
60567
64227
63736
68098
65838
63494
58457
59862
62021
60174
64429
58622
58090
62436
65002
64198
67201
67176
59829
68233
61334
65237
67543
66743
65941
60054
57608
69770
63431
57470
69354
67117
58076
69645
68814
65067
66371
64780
56645
71080
57467
68784
63193
57585
62084
69924
61365
58236
65142
62904
69872
56515
67163
70762
57786
66461
67750
59086
57770
57884
59728
59275
57146
62661
64593
56930
58655
63551
59490
56571
64083
56448
57205
58074
56708
59500
63827
69207
56587
70739
65221
57865
66221
62310
58196
64169
69389
64674
67880
62177
56515
60182
68918
67055
57914
68369
59024
69059
67407
68810
59682
62000
66363
66592
71128
70022
66773
60758
65814
68136
61592
66629
62325
61399
60468
70745
58387
66181
56829
64449
58221
63520
67720
67225
58009
65212
64085
58236
63387
58060
60243
64224
67917
66507
60973
67100
63525
69581
68751
56814
70285
59611
59971
70102
68567
67945
57213
58682
66765
57522
69076
63234
57777
60860
62756
59337
68497
57544
67031
58704
60470
58917
60454
71087
61940
70666
62610
69862
67076
61868
59820
61079
56398
57224
62866
58445
58757
68087
58069
67481
66273
59311
70900
69511
68272
62147
66606
57671
56575
60946
57270
57058
62224
64512
68531
63176
60744
59687
66920
61795
58613
60266
58709
66468
60562
68818
56584
69639
67037
56597
70402
64986
69031
69165
65832
69881
65361
60802
57745
61684
57773
70226
63470
65247
66101
60173
57782
57748
68452
56778
61620
70351
69141
59306
64086
64637
68969
56363
56307
63709
68750
57102
65286
61482
64008
70531
62831
61222
70316
64936
67664
69680
60648
61730
65163
56967
70561
58139
69834
56822
69672
57763
56486
57182
64359
65941
70144
66157
59996
66877
61137
61257
56600
58615
69149
66967
67964
56635
56295
60598
63290
70409
61900
64891
70059
66495
70952
69102
60490
57940
66897
60022
57722
60078
71120
57375
58702
63648
70171
59072
67969
68675
70318
68623
63002
67913
57446
69491
67958
57607
61269
67277
59505
62250
68418
60713
69791
63926
59649
70578
70884
67940
63072
68677
60429
61021
66765
70170
60611
69777
57065
66038
57531
67812
57299
59840
67842
59180
61816
57309
63296
64402
57182
64867
56370
68773
58160
69030
56949
59969
63411
63285
68184
67483
57663
57816
60303
61102
68562
67186
70908
69698
58341
68169
62419
65501
68019
59407
60895
71057
61505
58152
57788
70934
61959
66156
62602
63446
65429
60520
56416
56392
70869
65808
58028
62130
63962
67653
70127
64736
58926
69070
56909
57364
69620
58606
58629
67757
58842
66396
56949
61102
62738
59922
58580
59028
67918
68490
64574
64965
57807
68176
64981
64295
57831
66190
66333
65613
61912
63111
64099
70823
57581
63436
70416
56595
59123
61059
57322
65238
68944
58344
58733
56839
56761
63376
63277
70629
66652
56659
56321
60206
67717
62428
60021
64286
67074
61101
62743
65204
65143
56514
64387
66523
57478
57393
64094
57677
67043
64822
58425
67368
67146
63912
67490
67389
65614
67794
60309
67026
62997
56922
57310
59528
69540
68662
67113
68233
68820
66944
69732
69275
69095
66658
57412
61866
57213
68665
58628
62281
57124
61301
67067
64899
70688
61769
57974
58666
66756
69235
59280
58538
69453
68203
68603
70882
58723
59276
65168
64830
63527
69661
66372
56994
70234
56972
56610
67130
62054
70839
57618
58712
71175
56635
67012
68794
68807
67344
62288
56692
70841
60331
56438
59668
70830
62778
65811
56450
58871
59078
64645
69695
62670
66394
61788
64389
58705
66354
58690
69138
65201
56858
57710
58734
57382
61676
61856
64903
65059
60006
68908
58535
59608
65280
62382
56904
69664
63495
64921
63573
62599
58881
56475
70850
56822
65410
70896
56940
58531
61389
67556
67180
68746
56891
66000
56446
59318
60515
57744
56492
56627
56853
61344
64722
57006
67322
70604
61632
56915
68497
68238
58123
57677
62745
68651
62827
59933
56235
57427
56810
69315
57566
65202
57378
70137
57068
58665
57560
60843
57195
61679
58432
65671
58653
57781
56854
63225
56418
70966
58215
65155
62581
70883
62215
57296
57168
67230
70785
69855
61704
56875
57902
69230
64464
67936
60893
71007
63485
65336
57297
65518
58100
61221
68498
66699
64628
61974
57072
66038
58512
58888
65725
70354
67782
64197
57634
66582
62163
69325
67857
56378
61746
67059
58823
57703
70564
57215
63935
67058
60002
69402
57923
57703
57068
63923
70883
58024
65608
59596
70278
67019
70822
61644
57462
64520
58574
65829
69365
70189
62960
59076
63847
68819
59872
57342
66086
70166
60833
56276
57856
67709
67700
57261
66306
68330
64510
70963
65762
59188
58923
56484
58870
62225
64729
57728
69179
58704
61483
67518
62563
62949
65022
68976
62775
68764
62442
65451
68052
59894
60651
63746
63027
69056
62801
60643
67785
58468
68458
57098
61424
69592
57256
70013
57210
70097
60005
68497
61150
57110
61321
68429
70074
68933
56746
58498
60373
59179
66559
57778
57441
57756
70050
65398
68871
61332
56445
67159
66318
58479
61051
57996
66054
69610
58410
69561
58378
61200
69562
64206
60041
66186
70258
58970
59832
69943
65297
57722
59641
70486
59475
63487
59078
56775
61219
60815
66949
67811
64906
65499
56859
59872
57921
57645
67281
66712
69156
56733
65465
60284
69158
63525
57915
71045
61468
60010
69753
59336
69902
57487
69858
69580
63483
70247
64717
68968
67854
70873
68805
59651
61511
58875
65212
59968
65730
63634
70645
65304
61624
58907
62600
61263
63114
70567
63704
59266
69081
59345
57632
64713
66127
68330
70541
62450
66758
57216
63993
66521
61451
67816
56559
58749
60955
57630
64754
66572
65223
70281
69273
61519
69380
56566
58446
69622
57902
57001
61057
62350
63453
69573
64316
58272
57026
68056
60701
70356
69003
58727
64566
61909
70126
57660
64439
69253
63243
66341
62221
56215
63613
66354
69688
58922
59493
70967
64198
57570
58689
57809
62030
62532
64640
68767
68516
58211
59408
65966
58297
66351
65372
66884
64005
68315
58020
69157
67498
70802
68317
57488
67239
69283
64450
68698
60511
68019
67107
58662
63007
65028
67041
64740
64920
57410
60969
56480
59364
60976
56552
66471
60954
57995
56574
63980
65971
58009
67810
58273
65369
59114
64822
65433
69322
68757
65522
67657
58903
62828
61591
71020
67724
69615
61912
68358
65568
56717
60328
60376
70090
57016
63174
66912
57537
57555
61485
70346
65057
63323
56323
70681
66686
59295
65548
60226
69347
70082
60550
65680
59700
57111
56278
59925
63848
58070
58325
58726
69356
64702
58041
68031
65078
57152
58400
57257
71065
58802
69367
59639
58540
59161
57521
66791
60028
70594
67819
68039
71191
57058
69042
59267
62847
63732
56278
61007
58520
60250
59617
63874
70461
68574
61497
58166
65592
68528
59796
64567
69213
69034
70024
57109
63414
60878
67897
64709
63539
64473
70767
64418
59725
63323
62409
69997
65923
70659
60041
57196
63769
62861
56215
65462
58589
69981
57795
68250
64310
56885
61358
65942
56726
61065
56479
56761
57443
68489
58829
56527
64988
69632
65862
56689
64620
66625
62167
56508
68795
65758
61523
57688
58465
63960
66368
58856
57318
71017
65828
65592
56971
68682
68817
68957
65407
56335
63057
66687
67305
63197
60456
57864
70331
58870
60126
68367
62761
69972
61517
65144
66347
56257
63879
65439
58073
70507
66258
57051
68881
58220
67200
62773
65227
61421
66248
63346
61522
57698
64340
69272
59528
57325
56960
61446
65056
71152
69638
56948
67297
63947
56974
69707
70078
64111
56318
69951
68401
65036
58251
70419
56682
60285
58878
58408
56393
63705
71214
57138
59224
70316
62494
68799
61657
57202
57904
62094
64650
66451
70241
66093
69656
71185
58313
70818
69716
56755
66828
56664
58547
63723
61778
60112
58279
59986
66461
57117
69835
64639
64937
58223
62263
62309
56395
70064
58805
70513
64513
58718
70020
57774
69198
56852
66390
57040
66464
69695
61945
70149
58895
57214
70606
58374
61113
70449
56262
58987
58181
65623
57597
69376
68997
58324
58012
62171
61658
60642
58875
68863
56435
61668
65091
60586
58923
70738
70796
57468
70710
58373
69197
69308
65576
68348
63719
68279
67056
56468
66247
57334
69805
66951
64789
66127
57038
64935
69112
60964
63332
59210
63569
61748
60542
68951
59499
59938
67736
57161
61439
57251
62758
70973
67802
57898
64355
64574
58218
64833
60851
59573
70793
60121
65891
62697
71154
64712
58159
59745
58620
57360
68462
62246
60789
62633
68347
66659
57941
58666
67269
56762
57756
59242
61662
57605
56758
58059
65012
58289
65004
68998
59990
67169
63177
66982
58270
69357
69020
61453
66719
56586
67307
58232
61497
68327
67680
69657
66129
57930
59502
59480
67637
57389
57514
59317
62539
67847
70637
56768
68520
69466
70157
57570
60916
60655
70638
67498
60419
68553
68863
69865
56233
57170
67181
65303
56742
58342
57223
68486
63000
58872
62540
63176
59871
67493
63309
56586
58065
56612
60948
59381
57386
59740
69399
69598
64414
63885
67937
62469
56437
64543
57994
69236
69072
66176
66162
57197
66006
56841
67472
69458
70629
57762
68461
68253
63846
66527
59837
67723
56281
57418
57752
65875
59449
66901
66477
57880
57243
65163
58395
66955
61905
69634
67637
63470
64797
60901
59871
68550
70550
60873
64663
65767
58318
70074
58024
58397
60663
56436
63152
56637
62326
64322
60305
69103
56883
56486
71110
70393
65581
64456
60037
58098
70216
68776
65879
59294
57018
65689
56412
70806
63059
58853
56882
59510
60852
63103
58438
58388
57575
69769
65802
60075
70068
59890
69575
59872
62142
65733
57176
58630
63515
70894
70889
62172
62216
58626
58816
70007
62367
63558
68029
60920
62227
69160
64498
67142
65475
58226
63202
58090
60050
60321
69794
63513
62651
65850
70170
64990
61046
59581
68560
63048
64615
57784
63948
57411
70603
65311
57822
64549
57324
70543
58529
66183
65932
66327
61643
68719
56382
57227
58890
57268
64673
64024
66018
57253
70374
58940
56446
58918
63994
57589
64112
65511
67333
58179
70589
65231
58598
60411
67816
69528
60997
68348
58038
56921
57000
62323
65170
58358
61122
59271
65539
58697
60735
56251
56785
64431
69840
61914
63562
66462
59951
59327
70233
62505
57676
68719
57352
58152
62973
67217
60607
62017
58205
57400
56408
61401
69908
67882
67317
56444
60734
67506
61154
61433
56441
58255
70762
56372
56953
66261
65804
57176
66815
63395
65713
57165
65684
60578
71020
69767
58570
63034
64569
64034
64496
60221
63188
65849
57844
57344
59517
56701
57011
60918
56521
71082
66134
58990
59262
57105
64167
60151
66803
58200
70185
57659
69666
70987
67536
58759
69904
62071
58672
61303
60861
63446
58111
66498
62546
67113
68595
62103
68259
68246
56783
68955
58786
64951
61078
67962
57183
66511
70863
61684
61384
68660
67504
65734
63649
57644
70930
70617
60330
65548
68478
60327
60237
58065
67729
64869
69121
70726
66660
63066
63667
56795
66630
59424
59886
69809
67246
64883
69468
66984
62051
65940
61890
58423
57866
59733
63686
59865
62699
63163
58997
71216
62706
65841
60895
57687
57043
56582
63202
61641
70170
56983
65838
63733
58200
67908
56279
66894
67592
57131
65964
64854
70273
68036
58358
70944
66526
57388
67532
66947
64719
60172
60162
57855
58575
70197
58515
56250
56909
68717
61061
65067
68412
66235
68577
57313
59035
57369
68292
70501
69809
65900
65163
65229
69603
64318
70728
58960
68007
61936
57936
70555
57455
68769
63143
56954
65050
64684
67320
57399
58509
59588
67218
68924
70547
67643
64902
70941
64611
57160
67236
68250
65961
58628
56656
64765
63787
60291
66723
60708
60273
60509
68547
62496
66034
59264
65943
56994
70057
63168
62700
59048
56613
61106
64245
57206
71137
66601
63004
65760
68977
64332
64354
62077
58282
57203
70513
61621
60875
57018
63014
64917
56824
62419
66488
59352
67810
63995
66402
58051
70243
58897
68302
64038
65254
60991
60456
62524
58121
59411
70567
68887
56964
62320
68023
64508
66858
62441
61287
65737
57573
57190
64861
70548
61854
66311
63338
56415
57862
67303
69506
60876
66817
62513
69064
64948
59653
62638
64586
65987
57375
71216
63379
71091
69752
63970
69003
71142
59004
56526
65116
61719
70196
62086
63616
58826
61514
63217
63996
67208
67404
61109
57373
56853
60175
58851
62156
69849
66368
68784
61469
64987
63637
68261
66033
65984
59783
58125
63690
62146
69460
58014
65060
65589
58955
69885
62304
57941
67637
62603
61511
66788
61044
58324
60821
56556
61667
60364
68791
70854
64661
58330
57492
61007
60311
69450
58116
69644
58408
57911
66720
59445
69934
62923
70632
59083
59580
57379
62347
63187
69107
58143
60010
65642
68509
69363
70758
68353
63845
66912
65955
68940
61656
68516
67296
62992
70612
66497
60228
58149
58600
63410
64214
62391
58593
56543
58487
57184
59696
68448
61726
56542
67789
58648
58003
56867
58009
57202
67968
64902
65487
66368
58400
69326
69198
64129
65333
70454
57031
56603
66743
70396
63829
69067
63238
56611
61825
61218
60169
58816
58386
57942
59345
56994
61264
59083
62524
66540
64806
68495
61085
58477
63818
67174
67675
59766
69498
59286
65008
66394
58571
61737
65469
63271
65906
58290
57793
64677
70734
61940
70328
57514
66584
64963
66859
59627
58908
70747
60454
56402
57569
58452
60195
58909
58663
68106
66376
63591
64605
57155
69925
60509
56483
57217
69806
58630
56510
68915
60210
65100
66196
59596
57477
66229
69646
67695
68241
61976
60315
68419
65216
64020
65158
58573
57996
56359
64875
60721
64205
63676
60755
62459
61500
62394
67539
67013
58681
61577
58044
58464
65713
63139
70112
67889
59213
58681
61812
57496
57664
68644
57886
64462
58712
56458
70968
68399
59725
60476
68893
65514
68021
70552
70916
57497
68723
60981
62772
56615
69102
65094
65369
62600
66498
69714
57782
67918
64667
69577
57297
56896
56240
63573
60862
66365
70777
64790
59938
64632
67399
68111
65009
65035
63065
56770
57537
62361
58679
57141
71214
58429
56659
64036
58495
64088
67989
61142
70568
68823
57858
68099
64459
56448
61358
68183
63807
61037
60721
56668
60511
59459
63243
60575
59772
67753
56947
64718
67184
66412
58157
56460
68080
56664
60071
61906
64592
65285
57643
59302
63657
65947
69007
62111
64108
63761
56283
57516
56312
65106
58883
67082
61197
60904
68403
64687
61878
67098
65966
57078
65659
62499
59790
59640
70860
61140
71010
67160
58441
61059
67290
57556
67575
64992
58387
61338
61767
69546
64547
66705
58709
63543
57685
65095
69922
57144
61420
70444
70732
66830
56689
56541
60825
70295
61667
66448
62090
68670
67038
66918
70548
67341
66475
58569
70808
70235
56810
64726
63995
59965
67748
59451
69166
58150
57183
68004
70931
66809
68459
59836
63771
70246
64707
57852
67851
61371
57772
71086
56491
67308
69993
65180
67010
62434
69058
64097
61953
61349
67662
56508
62548
59800
67912
64938
57917
62756
57219
58602
63192
68607
64613
65021
57052
64567
70638
64120
70408
63839
68215
59984
66945
67513
68444
69905
58431
62157
58722
66470
65975
61884
58820
70231
62992
64402
64155
66547
63846
69693
65139
63466
59678
58051
65911
57726
64926
57630
69772
57914
69043
60012
58198
71016
58570
63591
66883
57401
67454
70776
68069
62606
64899
70412
68575
63081
59116
69791
66721
64104
68157
68347
62392
64450
67621
56602
64645
67893
57444
61668
64040
65115
67701
61562
58176
60618
67294
71032
70415
62041
67767
65890
63155
60956
57672
58206
58221
63254
63912
57574
60982
62132
58800
66530
56535
66398
63012
58664
68181
56819
65578
57378
68706
67797
64823
62047
62196
57314
60834
61999
70366
60775
68135
60740
57229
66150
61325
63530
62808
57944
60140
56717
68767
62537
60789
56659
69335
56895
61580
69681
61773
66250
59121
68028
66935
70718
56928
70700
63817
60255
70392
65043
60834
57956
60828
58164
65026
67292
65308
59348
60638
57727
58326
66605
68986
70262
57784
69240
70056
63045
65929
70669
67142
71060
64540
68774
62349
61565
69073
59397
61151
60741
61365
56917
56231
63356
62818
64621
65018
61186
70956
69814
63788
60893
68436
62107
68893
64131
58509
56725
64535
62783
63075
69562
60911
64980
62667
60492
62998
65444
68169
56921
61796
62992
60984
70521
65948
66009
56363
70760
58068
65149
66399
64522
58707
71133
62186
58295
67137
60485
59138
61646
66003
58864
58846
69599
69976
70004
58201
61676
70131
63725
60426
58184
69273
70799
67414
63775
61301
63847
57687
58827
62383
68046
68760
69340
68476
62822
63236
57368
66123
61313
67809
69584
58309
68734
68795
57157
56955
65147
56595
68186
60588
63553
67736
67469
56931
67330
66392
63807
63617
66475
67728
65895
62125
58043
70494
63310
69591
68022
70136
63154
58287
61867
63486
65658
62601
67336
66493
69411
66627
60301
67186
69104
64462
61296
65479
58901
59440
58590
68318
66380
56271
70882
59571
66186
61457
70431
58482
60935
63796
67279
61109
66295
56971
68267
66699
59409
61023
60063
60554
70536
58301
62251
58392
67094
62676
61689
58941
56835
62087
59105
60159
64299
57250
57794
67007
62289
62897
62544
68244
62455
60384
57131
56649
58722
69043
59308
71173
59179
62163
67122
57342
57275
57165
64798
65345
59746
64659
65771
69476
71124
57167
70234
63156
59024
56790
60489
67319
69371
68072
56277
69295
70245
58561
66238
68252
56275
65600
70811
69445
65134
64721
64756
68748
62033
68189
66223
58139
59943
58013
60334
62837
64050
56284
69936
59498
69400
58596
65693
70071
61137
61255
65014
57852
70722
56584
62860
61340
56259
59221
71123
63128
58679
63760
57680
63237
64736
63196
64805
66569
64559
59183
57779
57648
62157
69662
63784
70492
70212
56282
70465
60593
68501
70852
59117
66154
70518
66051
63530
64518
57450
57591
67673
66066
57192
59563
67896
56886
57724
59642
67122
57213
60582
59350
62837
63975
69811
68911
57368
69192
58208
63960
69076
57701
68545
66412
56880
59889
69041
61832
60312
68918
70661
64391
59099
63269
58956
65035
58773
70688
60566
67394
59854
64840
70495
61028
64787
58029
65164
62998
67476
59454
58550
70475
57035
68769
63117
65767
67200
57019
65009
63359
57011
65341
64765
59904
57563
68570
59288
68954
64392
70348
58513
59613
70036
63658
56778
58294
68387
65475
56474
66556
57221
71202
56235
67962
68214
66641
61108
68827
69910
60483
61496
66496
61254
56842
60934
57306
68849
58750
65831
63750
64410
58944
56831
61325
69933
69898
64870
67033
57243
60802
63950
61904
63184
68133
56393
58150
61797
56718
62899
67553
58739
66065
68913
66795
70373
59411
67847
66397
70439
61278
70449
60859
59212
58789
57955
58044
64407
66215
61396
67744
71014
58783
67689
69557
56729
64346
58271
57128
57186
68785
62275
59801
56437
61177
58124
61590
58930
69558
64111
68732
65701
70170
56835
57818
64052
60011
65414
57120
69017
65601
58335
62273
67503
65264
56820
60931
58868
61861
57251
63594
66846
66383
60527
69970
66417
56395
56750
67000
58261
68504
57247
57520
62374
63239
62767
62388
60274
60272
66664
61975
67904
57380
61588
68738
61740
66727
67668
58227
61768
64054
58790
59521
56971
66205
59297
65774
66940
58532
56587
57179
56638
56405
66201
59972
65497
66535
58307
68584
66572
59460
59030
58614
57889
58593
65551
70323
64756
64288
56969
58331
65418
62862
68051
70391
60642
58751
69490
62605
57165
58386
60146
62371
56593
59423
70954
67228
57469
60968
65709
58349
70144
68293
61251
59296
67687
64487
65198
63865
70526
58258
67659
69005
67041
67361
64541
66590
66989
56751
65563
58334
62897
70237
60543
63391
66580
64053
64925
61302
65277
67805
56844
68353
70191
57908
58606
69477
65719
68530
62389
60347
63609
57538
65019
70790
63888
70178
63753
70624
60650
64287
59809
64601
58710
56374
61766
66236
68077
60747
66184
65606
61891
70823
60197
66358
59168
69361
70763
69363
62816
58219
63012
57993
58602
66356
65232
64298
67155
58800
57291
65506
66556
66973
63523
63919
65067
64235
69520
67842
65616
66263
61055
59714
69870
68098
66376
68267
60067
65210
65509
65771
64832
57492
57028
69413
60244
68720
60755
63836
60244
65370
57775
63050
65254
60937
63511
69625
59365
67196
65186
69827
63288
56800
57765
68065
66892
59517
62230
64252
67842
70076
69848
57922
61089
69210
57652
63318
65600
66421
58916
63325
56355
58082
57462
60414
66247
70519
61299
56796
58902
64107
57282
63151
64145
56789
65528
56786
66166
70044
67388
70643
60551
57036
70018
59246
68269
59942
62326
69029
66475
61946
59730
61604
59261
63195
60191
68813
58775
62943
66454
65890
65892
63906
58886
58576
62730
67121
58122
58053
58843
58971
61731
58926
62349
63109
67801
57401
64739
57861
69152
58072
56649
66809
58653
69520
66634
56957
66278
64951
71210
59757
57268
67782
65377
71027
68024
71204
60234
64861
68407
67966
61851
56955
68533
61512
57815
58202
62490
57356
70073
67439
56853
64499
56297
57489
64356
58164
57003
65218
71116
57778
65748
58144
69633
65073
57777
59009
62233
69078
58785
65105
60545
70904
66866
57876
70644
70260
69697
60480
58799
64008
58993
61200
66222
68636
57139
68192
59439
63239
57941
65678
56267
70055
58182
60659
69075
69084
65982
61566
71006
61925
56809
61619
56496
56603
57329
64393
64075
65241
68336
59860
56883
58018
65769
65633
59774
57427
66635
65257
69213
57787
65242
58551
67063
57637
70863
63145
69244
70557
61840
70742
57060
62407
65156
68219
64666
61079
62337
58321
60232
63858
56833
58535
68678
62073
57524
66058
65498
66475
60429
66326
58420
56898
67247
58488
61388
65938
57486
61277
59052
60792
61316
58947
63750
70832
65904
66039
65805
58215
58866
58468
61332
57607
58002
64426
69200
64358
64572
59769
68451
70616
66195
60546
64434
66284
70025
59577
66597
64103
62037
68273
64086
59525
68693
65790
61710
61098
62098
59701
65791
58156
56458
70073
58163
63622
64503
61373
60382
66575
63130
62545
67542
67438
70991
57093
69624
69276
57621
66474
57865
69803
57972
67809
64299
57610
70387
66767
56570
61863
62075
59719
58546
60019
57324
58763
65640
57720
67016
59603
61952
64180
59106
66549
57176
65658
65393
56302
67942
69904
60979
58507
68218
56799
69565
68517
69285
61965
60925
62967
68225
63743
59637
67735
56521
70946
58727
62150
59623
57351
64607
63173
60206
62855
67525
64644
67444
63556
57560
66819
68970
67408
65455
57938
58192
68613
61164
62354
67271
56592
61516
62520
61503
56643
71079
65334
65269
59606
59930
70957
61827
66331
71044
62905
59647
67332
69992
58562
58877
57644
66276
61389
58081
70286
58341
68546
70813
68935
68108
57829
69531
60818
69362
64593
65114
68047
62922
57384
66630
67323
58165
56425
65466
58887
57432
58591
68756
69667
58756
62476
63406
69105
69057
69679
67838
57063
68073
56457
69519
57194
57822
64273
56400
58681
63160
62155
70039
63554
63216
66133
58335
65944
58311
67026
62969
69147
68575
70864
67278
66306
58978
68708
56698
58011
60760
57560
59539
63863
59268
58168
59275
64006
57426
68219
59160
58247
59728
71027
61487
64960
58559
67248
60533
67662
68210
56374
69055
68192
58822
61012
60637
61669
63206
57148
66129
57327
70893
68092
63342
69418
59368
64674
67023
56565
64788
62451
64255
68777
62206
66825
58143
71023
58097
56698
59350
56393
68728
63663
59205
65569
70646
56688
56670
61946
57713
64816
58860
63871
70629
58004
59390
58467
58198
65777
70093
64390
57288
57255
69082
67032
63156
63208
62642
65266
58527
67803
68631
64244
57373
58414
59809
61243
58450
65585
61675
68868
61723
56591
56608
58433
57441
61092
61018
63607
62310
69470
69785
68609
64842
58028
60817
57256
57760
65950
70610
60472
65460
61031
69944
59903
60106
60502
68550
66031
58633
56223
59548
62806
58183
67043
59532
70427
69534
58089
66265
56594
56262
56981
70132
66281
67916
69346
69789
66191
64986
56444
64240
57299
56444
66206
57137
58634
57748
57499
59449
66036
67756
56748
69512
66038
60690
68697
65437
59644
59179
67449
68705
65100
59314
62832
61904
60079
61033
69295
61992
67134
57249
71001
58716
57000
65468
60526
71097
56991
66974
57288
64844
61602
63028
63451
56775
65632
58408
62558
67123
58425
57516
67145
57213
64714
70120
69852
71120
63819
60928
57251
69738
68812
64303
67807
58106
59055
69579
66675
56262
57119
65502
70787
70102
70881
57240
57288
57776
58735
69026
63830
62267
65172
68532
58304
60686
57394
57389
56952
64733
70659
66307
58454
70820
64514
60235
57846
65939
61227
61945
70461
68708
60335
61256
61556
65075
57180
57555
59708
62067
57210
60787
56759
61932
63195
65574
62905
58487
57930
62377
58965
66862
57572
59491
59279
63518
70495
60331
64769
67393
60847
61015
57812
63945
68410
62876
67237
68340
68297
70100
65501
61810
65096
64640
59828
56839
58506
58102
57209
57791
71180
59818
65053
69809
63365
70282
67819
59832
70389
63363
69995
60332
57227
58520
67414
56980
59069
71227
57375
61358
63824
66929
65977
57018
67389
63662
61843
56701
66371
70566
70078
62353
57743
59737
64016
68512
57154
61075
57330
56709
63551
67956
70924
64693
59265
61021
65177
60910
61929
68395
69852
58904
63582
68577
62016
59509
58558
68233
57082
69640
57854
68962
58250
65587
56368
69526
66818
68411
69436
61638
62565
71174
66682
58030
70039
64237
58145
63582
62254
63720
57031
71210
56892
58382
61920
66037
61270
61558
68658
60861
56732
60569
65967
60572
56763
59306
57943
65300
60323
64621
61190
56796
61037
63959
67042
59773
66175
56222
61887
63029
62897
63853
63240
56534
70148
56623
68548
59009
63159
60085
65265
68460
62322
69315
64924
60706
57431
59357
58030
59033
66049
67852
68556
60714
67471
58812
58169
56690
56666
67452
66051
60981
62466
70602
60195
66752
68876
63633
59124
63633
64211
67367
65764
61901
64495
67429
57727
57370
70937
64335
57261
59295
63305
63756
56293
60230
66736
62810
57706
70486
66584
58144
59555
57504
58288
61067
56835
61383
61153
57844
57010
70513
58053
58538
62394
58336
58371
62649
70375
70338
64001
58152
69025
61405
70467
61249
61673
70695
62393
70912
70496
68254
56330
59328
61633
62328
57758
58956
69948
66599
64715
60987
70882
62030
60469
59546
59433
70577
60078
60794
65436
58625
70112
67388
58046
68529
64299
70255
59434
63077
65064
57333
71039
63237
67079
58403
56811
64429
58038
66858
57355
62415
60269
65216
59292
60678
57225
57818
59613
57363
57372
60668
65684
67334
61844
67463
59484
58809
64453
68048
64860
65579
57283
65058
57743
57633
65851
66096
64575
63289
58455
63979
65684
60144
62895
56697
56393
64463
63585
60404
62999
67578
62282
66786
58295
59519
68531
59875
63207
57060
61776
57528
60389
66398
70019
68658
70127
65067
59513
57822
67919
58397
67736
67975
66069
67131
62704
56234
64724
57652
62507
64020
58299
62591
66363
59040
67764
57193
65424
57234
68665
62003
68990
57295
59298
59338
62894
67525
56786
58096
58613
68884
56499
68168
61045
61290
62292
63182
65581
66022
66220
57536
60757
56364
65410
67162
57760
63386
57586
64060
57445
56852
70551
62126
56409
58130
70057
57631
60267
65358
59600
64772
56703
58485
64808
66788
62075
70708
65784
65645
61147
57382
64283
70922
62521
68203
66092
64983
68988
69761
65882
68915
70367
69960
56985
56808
66357
63852
68393
68001
56928
60135
61020
60421
64041
69611
58443
59312
70275
66818
61319
69963
64688
63520
67439
68628
65053
63269
57294
64538
62673
67522
67133
61758
66365
58332
57237
60658
59041
57628
56547
64877
57634
59762
58384
65391
58229
67513
56721
60313
69741
69661
68965
59275
67158
60080
59600
57386
66608
67878
66511
63542
65430
69483
57952
57301
64536
56535
58110
57964
64041
69430
60114
57303
61541
57884
57369
61635
66141
66276
70902
64517
60664
58861
65913
66137
68729
58543
57099
66632
65693
63030
57511
58565
68431
63369
60955
65876
57233
66296
61641
60460
66643
62131
70905
63391
70021
57932
63701
60818
65038
65010
57391
56958
56966
69551
57911
67911
60261
66995
69955
68994
66120
60950
56757
61637
62552
56543
69333
67320
61195
61993
66627
61184
70239
64353
64559
64190
66173
69621
59829
62369
66795
70748
67442
68004
67567
70210
56720
65872
60910
56699
64616
58364
59399
68928
68213
62142
63909
61103
67401
69464
56285
63012
70007
65763
64973
64412
64120
70732
58491
63397
64643
70364
70191
56256
70407
56600
57507
58583
69085
61927
56290
66045
66907
66386
56917
63286
64509
67244
68327
65046
63911
65895
67982
60688
57131
66862
68670
60545
58693
59459
71190
60298
64966
57800
58881
59579
68168
57800
69406
70613
67692
57034
59214
71041
58356
60255
67853
68058
67865
58706
57392
57609
65807
60936
60014
64586
57689
59332
70685
64083
69914
65913
65617
69895
69819
56451
65037
63090
59148
65960
68784
69978
64367
67094
57229
56485
66774
59324
57383
67273
57471
62911
66680
71075
58022
64875
60504
67663
57407
70762
63453
65510
60048
67391
65484
69268
69167
60417
58189
60622
57688
66052
65431
57450
69790
66725
68204
57238
56423
66610
64466
62549
70583
66313
66186
60074
70533
65783
63989
68101
57009
69638
56386
70063
59069
64335
58643
60534
69360
59481
68394
59833
63306
62520
65918
65613
67052
60250
59473
69641
58734
65105
66073
58856
66177
59231
71109
64300
61294
67677
70396
60035
61822
59261
65219
69422
65622
69603
61205
70853
56227
58349
65854
61618
58730
69158
63801
57755
70923
61145
58918
69864
65018
61281
70219
59232
61571
67893
61327
63184
57245
70291
63123
60422
69663
70359
63487
63544
57829
62295
56534
66184
63464
61850
65064
66590
56758
59092
66571
64900
65266
66967
63250
68723
70970
68158
70362
63814
56890
69747
66803
68399
58911
59019
65475
56395
62508
71195
67902
56711
60445
69800
59444
56626
59254
67483
67858
63247
62232
68763
60136
67222
63329
70208
66324
70303
58283
69929
58819
61414
67010
66863
67658
56794
59217
62372
62528
56355
58588
58260
58517
66365
63705
58299
69409
57311
59336
62521
64232
57215
57682
64044
68813
67797
64960
62767
62820
70134
56940
59044
70210
66428
64876
64007
61023
65762
57301
63432
59855
64492
61199
60767
69145
66334
60869
57194
58473
60885
61651
70387
62058
64637
59452
69897
69453
58353
67492
66219
63581
71000
63124
61927
66267
62757
63361
67785
61084
57558
57844
69461
58520
60994
58477
68105
67614
57912
66909
64974
64574
70579
71053
66845
57403
56544
59536
57502
62169
62650
65634
67135
64985
57633
57265
69583
56726
69622
68678
57399
60017
66140
57502
64846
58491
60525
61889
59862
62229
65121
64743
62179
57000
58490
57239
67083
66160
67504
68018
58999
62604
67124
56274
58998
65913
58550
61893
67903
58870
70262
57562
68700
58171
60465
66383
58138
60481
62491
66309
59705
60761
56956
59614
63972
68127
61413
62392
67063
67050
62326
60150
68793
57867
63993
56647
70786
57918
56262
60409
65012
67747
68551
64598
57294
67211
65981
70712
66344
57310
58527
59466
70573
61336
58381
70333
61584
70590
57525
59054
69727
59960
66627
60191
68280
67006
68007
62424
68547
64818
61473
66680
61592
60897
67499
63196
59017
57461
61021
58357
59121
61642
63178
60617
64617
59099
63464
70245
58608
56362
64208
66226
64698
67782
57030
67335
68012
58565
66730
65524
58219
61127
61210
64189
62273
61254
57342
68624
59909
58186
58777
66635
70304
57800
61967
61867
64100
58885
56730
59446
68879
57331
64811
69084
58018
69448
59801
58030
60322
70560
57323
64850
64329
67144
65749
58406
56302
59979
67504
62132
62048
59436
60618
64278
65964
68193
67043
58127
69278
68078
70621
57661
56417
63730
70758
66080
66523
61933
58116
59181
60456
69564
64141
64862
62402
59017
70097
69506
60528
64424
66311
69307
64960
64041
62911
58225
62361
69990
56815
68531
57849
64923
68717
68213
70770
61131
68731
63225
71175
63232
69370
67426
59984
60444
57804
61369
66915
67606
65383
59395
70565
68024
66080
66695
56383
69210
71008
70551
67326
60284
57345
60573
62588
66833
58683
57906
68711
67114
63361
61565
56688
69946
63433
56530
70366
65253
58549
63036
56330
59810
61289
65957
56469
58560
58570
66763
67398
68499
70343
62558
61957
58884
65665
56944
66711
64518
68151
56489
57037
66028
60122
57246
67319
71125
68056
66158
60513
60723
57869
68409
58216
60254
57559
63402
60692
66419
61460
66878
61250
63660
57822
57899
70222
61083
63114
57157
66942
68147
61319
67372
68831
69187
56741
60325
60112
57691
56271
59105
67724
58692
70744
63096
57313
57542
62995
56659
58113
58141
66794
64620
58135
65817
57093
67220
68959
58271
70564
61666
56727
66456
63233
62519
56460
62496
62427
61732
63380
70105
68865
65165
67364
58626
64642
70447
63672
60066
60152
62494
56520
65365
67695
65753
63842
69711
56632
68962
57907
66992
60735
61094
61650
67658
62183
68069
59468
70187
60331
63335
61315
68232
56583
62402
57247
70539
59227
62303
70382
67224
59743
60047
57737
57768
57766
70414
57151
56991
70787
68201
68344
66465
61176
68217
57221
66752
56216
62817
62239
58159
67418
58945
58834
63279
56577
56538
65313
66066
65437
70856
57039
57808
59166
68967
56526
57347
59884
60578
60220
66837
58579
64753
58649
70315
61894
65075
68986
63424
62128
68429
59347
64300
60419
67610
67544
70637
64298
69762
60547
56809
70108
58307
60501
66248
70165
57759
68320
67314
64309
60792
70252
59803
67871
57896
71070
62838
68505
62854
59860
61925
64953
68978
58251
59417
60968
57928
70163
70736
60494
68628
66926
70501
63390
64159
68884
65213
63623
57072
58288
62993
57808
69739
58141
65545
59247
58293
60111
68667
57273
60792
58586
67382
64499
70143
63455
68242
56714
68096
58326
61291
62842
57327
59616
59408
60575
60561
70646
67538
58374
57425
66996
61565
64753
56435
65550
61623
64785
70637
56532
57961
57818
62051
57942
64513
68811
68440
63716
65134
64621
60456
59985
70306
65064
58891
56974
67470
57791
69753
67225
68633
60073
64602
62312
61449
70209
58391
69518
68945
68491
60398
60503
61141
62536
64271
60048
60999
64129
67069
59510
64269
69363
56972
64923
71123
57082
57635
66857
60090
58551
64020
67761
56395
63615
69030
64122
57899
56637
60335
70528
56742
62438
58744
67687
70507
61304
61340
62749
62283
61760
66179
56368
71012
62298
66611
65801
64766
69267
57170
60155
59860
59645
59083
56775
57173
57004
58372
68164
56556
59924
64690
60332
63291
70611
57882
66031
57205
57328
70153
71161
62753
57627
66233
67330
57140
60010
56259
61550
65419
64778
58729
69604
56639
66148
57932
56286
60828
58757
56852
56236
57216
67869
58873
60589
56708
62457
58266
62702
63783
69483
68192
57776
60736
57671
61125
65459
61673
64563
66759
62404
69916
67058
56321
68468
58696
64060
57138
59706
62811
61943
56935
63740
69327
59207
58478
67816
67087
71139
58261
66303
68572
63104
57491
56951
65588
60789
62343
69096
68968
71106
59320
57065
63109
60884
59586
65191
56582
59407
59868
63354
61012
57598
70819
69536
67108
68441
58565
56718
60164
66156
62861
57962
66664
64452
66196
67501
63050
66773
65510
70319
60978
66682
57503
71122
68000
70023
68404
66450
59768
59112
57230
57644
70643
57336
58434
70355
56701
69985
57633
56482
58322
63370
63615
61372
60920
62646
70409
63209
59727
59431
65482
66365
64713
70651
57615
67461
57444
65953
57241
62299
57992
68623
60490
57097
67399
68958
70302
56954
61026
57323
71146
57463
69515
63256
58099
58394
60298
63983
65874
59406
60520
70536
56825
58875
60019
58270
63010
62693
65333
65283
68602
64393
70131
59996
59900
60448
57912
58134
64647
57463
66126
58269
57431
56877
59577
69665
62352
64913
63090
69872
56336
60791
56487
66138
64194
58645
57729
60690
68658
69989
66461
66060
57394
59066
57587
66131
62430
61297
57892
62688
67203
62470
62148
57186
70246
58246
60875
69935
65138
57417
65781
65446
60729
66781
61779
68477
63658
58505
70257
62958
57974
71020
65105
66572
57318
61849
67160
63073
69851
69226
68466
59013
60170
59995
66511
64885
68724
63549
68288
56536
57941
61324
70107
62496
61172
64679
70760
65295
56308
69249
65271
62244
67528
59988
68235
61335
60141
65836
57319
57872
69922
64272
66103
61237
62652
65696
61644
66455
57729
68373
58167
62708
62053
61231
68433
69466
61103
70218
57309
58479
59606
59884
66997
63589
61248
68750
63776
57819
68864
64101
63271
69892
65315
60245
66938
62562
62174
58115
56640
58781
58058
57694
70516
64862
68936
61718
64946
66912
60411
58896
58047
67939
66111
69572
58388
60693
65706
71167
66491
60249
62252
64225
65304
59616
65722
66092
66966
65516
66159
67895
66363
62101
66335
67568
65796
62749
56484
64825
56460
58716
58713
56508
58000
68911
69891
60069
70357
69164
63152
70223
67439
57893
65751
65710
60209
69813
60807
64011
63989
59685
65002
58814
63630
58552
60458
63414
68760
70669
58361
56221
64327
70895
56474
65830
70297
61284
59031
56781
58027
65881
70531
56441
56744
61472
56949
61126
70329
68783
60056
59112
59989
62768
61725
69011
58922
56937
67860
58696
58920
58653
68893
69168
65385
70892
56812
59264
61772
58027
60866
57032
56840
66916
62717
66673
68109
60733
69588
56630
60525
60782
64172
60376
62122
62498
64804
69927
67967
63878
59935
56669
59108
57307
57672
65650
63521
58873
60242
69352
64618
69791
59134
57794
61395
57485
60484
57994
62562
67684
67118
60426
65138
65413
68109
57300
62132
61707
67900
69120
63256
61079
65532
61906
65257
63506
61525
57046
62061
66126
62633
69937
58695
66805
56513
66849
60769
56917
64637
59999
57610
70906
62508
57980
68675
69133
67932
67253
63988
57317
61797
67584
70412
63170
60838
66743
65279
60612
61885
71193
62783
62772
56862
58968
63596
62648
56813
62570
56314
57099
57505
65482
70084
57631
68538
58911
61507
66330
59744
64184
70749
58632
66101
68360
60377
57823
57878
59449
57599
66224
58731
63321
60188
59395
64250
60868
60092
69746
64642
69313
58559
69780
61065
66777
68770
67856
70286
63563
66522
62817
56275
63568
62048
61215
66765
70868
59724
57040
71215
68581
65386
66502
58019
58264
71068
67535
58347
70616
62657
61537
61356
66925
70506
71154
69157
57361
57376
65043
70092
69622
61947
65578
57095
61455
58458
61370
64550
68151
64107
69546
62469
63245
56426
70423
57866
64606
56564
60756
59724
68076
59751
60203
70055
64579
60585
56721
66507
61157
62055
62251
57383
63439
63477
67994
68942
61348
66128
67216
64327
70510
68481
64149
64042
58517
56915
65608
67085
62142
60408
65825
65779
61295
65103
59700
64471
66087
63711
59859
68531
60491
62707
58583
69517
56460
60087
70160
63559
61441
58102
61557
66871
57684
67903
66053
57514
64835
65141
67807
68048
68287
70687
57131
68119
66030
59360
70018
58264
59027
63568
58686
70866
57710
63982
67190
57155
57202
66095
69819
68201
67956
67246
65604
58580
67918
69244
57464
59829
63437
58136
62933
57578
63580
64279
59269
62863
66138
64749
68585
68522
60433
57627
69420
68103
57753
69370
57186
69041
68040
58819
56614
65516
64778
56448
65451
58197
69682
66087
56931
61071
57090
56902
66681
64444
58838
68181
68077
69377
59524
60044
63823
64957
62748
63561
71154
65671
64901
58184
58526
58386
57228
67212
56462
63349
68459
63336
69773
57339
69159
63301
66608
58171
61716
66288
59426
69465
62887
61754
58351
64615
60815
58587
65854
71009
56377
69374
60623
56437
59123
58077
61171
59681
67700
66180
57284
68408
56729
67314
63062
67099
63774
61795
64266
62998
66780
66506
63679
57168
62008
67149
65532
69772
65337
71195
62515
56272
56980
61476
61025
63150
59015
67703
67128
58144
58692
59942
67864
57065
66585
57013
58719
66035
61215
63263
60784
70453
65055
57199
63629
57584
58543
58414
67747
61912
58349
57001
64879
61865
64707
63739
58615
59967
71005
65389
56384
64412
65857
59714
63291
62353
69139
57703
70686
64739
63178
63009
56625
61537
70030
62833
57772
65144
64979
65210
56351
62101
69865
57787
59633
63341
61638
64522
59423
65664
70101
65635
66303
64197
56468
56766
59571
62109
67017
69067
58183
67263
58681
66495
66490
58334
63796
63044
71110
56540
57665
70059
59838
63997
69526
67946
71106
70613
70782
57817
69227
61093
63771
61394
56291
62419
63375
65751
56509
60913
58113
58849
58420
58231
65617
68844
65552
63094
70336
57742
64503
66943
60075
70329
61342
65668
57585
58514
61210
66416
70868
64095
62549
58694
66244
67514
70111
58405
58591
61283
57477
65827
70055
65156
66781
58158
67506
67149
56600
59875
57200
70531
58200
62030
66678
67894
66242
70396
57210
59767
63699
59769
63454
60981
66390
70109
66314
67536
65579
66547
60254
65023
65411
67889
69656
68319
70100
67824
61071
71221
56741
70627
63308
63047
56409
60369
56336
62738
69908
56882
63737
61533
64030
60058
64161
62596
60671
67979
67078
68836
56668
57162
56879
59847
62169
59775
64303
64648
58127
67318
58758
68678
65728
63231
67598
58569
63547
64346
68850
67052
57432
69722
62919
57404
64780
65140
66782
59184
58767
68320
65379
64484
64835
56688
69247
61448
70650
68947
60047
57652
60475
56620
67234
59456
67441
70022
67663
61113
67067
62499
59201
60724
58739
69769
63945
64092
67638
70565
61810
59113
64583
58657
62000
57093
57681
71221
56809
56766
70580
67810
61552
59110
60637
58626
66181
68895
64130
70535
60007
64867
63532
60789
65928
56637
64808
61107
60342
57033
60877
57742
66408
61139
67087
66873
60999
59553
61414
57376
56273
62496
56522
59669
67752
69132
62898
67992
62203
57096
67053
57721
66919
60656
68980
64379
58332
59891
67567
67001
63597
66821
63912
69825
68498
56440
71046
60031
66705
66573
70322
56327
57073
69020
69528
65898
58259
69688
58010
70897
69850
67308
69353
68913
70185
62633
69186
59455
63123
57963
59542
64050
61226
69763
56329
62365
57285
65499
68338
69265
66559
60028
66926
62951
70557
68863
69332
64849
63255
61162
56564
69687
61920
64444
66858
56440
65238
60466
58350
63497
59014
64711
69372
67204
67837
64032
69458
66764
57430
70300
56745
58398
57643
58498
60497
67195
56394
63976
62266
67592
60053
67944
65580
70130
57763
68339
64780
68841
65658
61213
68155
70022
58834
58640
56970
58455
63240
56454
59048
66317
59444
69542
60889
59419
57237
63123
56428
59790
58020
69928
57156
59676
63538
61518
56836
64542
58880
62080
63996
69255
60151
57958
68190
69500
65717
63571
69734
58874
60450
66156
60447
56574
60045
68666
64453
63037
62489
65388
58146
56793
57085
58049
58196
69173
68883
65870
69771
61608
60585
69137
65605
67713
66220
71184
60525
66223
71147
62543
64213
62854
70889
58129
57203
65484
69566
65918
58844
58485
57336
64901
66063
61455
63600
67227
61008
68522
57517
60178
62516
60536
57098
59817
59986
60378
67589
58652
64798
57827
70331
64708
66213
66817
70262
56431
66807
58118
61626
69041
68402
69759
59960
64997
61449
68140
63888
66836
65460
65940
64693
65695
61682
57709
65827
66656
58987
70019
58773
67443
57874
61463
56826
64277
61077
69841
68131
60925
62058
58814
57900
65459
66955
61807
69041
69581
65054
56470
67823
58907
62501
57469
69725
59594
70328
64148
65426
60497
68225
57946
59652
68844
65515
61029
66122
69311
57589
69889
61490
56272
63530
62957
63774
62598
56457
60415
58875
58217
69782
65532
58255
66210
57407
56923
64499
59682
62097
58140
71177
56642
62380
67315
58601
61217
59285
69509
59631
70358
62511
62345
68978
67690
59507
62819
57642
63587
65913
66790
58679
56480
63609
64275
65862
66268
70300
65633
63183
66997
61300
69352
60225
60287
67460
60827
61698
70898
56542
57535
64319
61130
66438
57627
58529
66449
58614
70187
58307
67974
59737
57983
65154
67300
70542
58489
62600
59896
67002
67072
59143
65376
58442
56768
61793
60792
67943
63039
58980
58092
67537
56818
68674
66494
57302
65949
57593
61703
59910
71168
66208
68954
60889
56322
67781
65691
56370
70485
58000
65493
67472
59150
68020
64537
58409
69046
70891
65384
56506
70066
57160
61225
70041
65875
68228
61507
56695
60345
57275
63858
57797
61395
57611
63586
64378
58731
64567
60771
66468
56942
56501
62392
69839
64897
57994
67836
62422
63194
59102
70704
58345
64357
56759
58144
61269
56555
59007
60614
58523
68955
60603
60324
59176
59048
64283
64685
57038
60130
59858
62744
68275
57332
70896
67489
67912
61036
56740
64264
57008
56641
62403
69431
62601
57721
63387
64264
58988
69565
69577
66138
56993
67922
64777
67726
62821
58263
67431
71003
57292
67567
61296
58938
70943
64820
64978
65842
70205
62006
67778
59618
58294
62757
61901
67066
70553
59036
59640
62511
61033
69579
65534
58554
62595
58113
57040
65405
59916
69038
70241
69975
57126
64915
62518
56523
63604
65800
70646
70406
66165
63090
57342
66892
57259
70271
63426
57601
57702
61101
67148
61514
59616
69828
57424
57861
71143
69065
65007
57916
59698
57771
70024
58306
68681
62541
60733
66524
68467
61790
60416
58721
64930
63717
65310
59641
57343
58034
70870
57217
67491
57707
69148
57592
60426
63944
63497
68735
70726
69100
58563
65061
57651
57417
56689
57483
64159
57229
57167
62724
58226
56990
64411
62972
61712
64584
61306
59740
61844
64693
66211
62988
71017
63565
60432
57272
67239
66313
60159
61044
56438
58842
70393
59584
61038
68828
67898
64945
68071
63480
64024
62771
56918
66462
69114
66268
65534
70694
58805
64379
68130
64072
65902
56699
70475
65946
70560
61754
70954
71118
57511
57795
59968
63759
67451
65501
69666
59984
60585
68929
63164
58116
66156
57816
60275
71084
65434
58065
57028
65950
69700
61770
60237
59367
61583
58195
66028
57977
63765
56660
56804
64735
68018
68591
63838
63808
56485
58515
58045
58714
71219
68693
65662
70912
57647
56318
56832
65119
61703
67007
59864
69090
68562
63034
63909
59751
58602
57871
58249
69473
68152
57678
66917
57641
69772
56366
60726
66707
59004
66686
67516
64705
63658
66956
62079
68076
69355
67973
67269
62428
60121
67323
58107
62911
62506
67625
60014
65306
58055
61685
61869
58816
57501
65250
65873
63226
71122
68755
63607
56366
61905
56868
70577
70327
56714
70818
65052
60098
57317
68336
61479
56293
60845
57169
64842
62151
70759
65713
62202
70572
66088
62016
60024
62735
70118
66445
68300
61708
60206
59511
56797
67282
69101
56627
62918
65220
61238
61570
60032
62465
57975
63514
66551
66584
57695
70382
58699
57756
65425
61881
62356
70587
56912
69697
58074
67595
58671
66915
56622
67009
58774
67585
57202
56599
68140
67001
58337
57746
68932
58650
68574
63401
61724
57330
70688
62746
63804
68589
67975
60158
58061
70646
59366
70166
63698
62025
71221
56978
66344
70530
65257
68778
70039
63337
69020
56902
67455
62437
69001
65074
70516
59013
63828
62568
67607
61999
64911
66475
56221
67769
57746
60250
67344
65211
64042
56659
60517
58689
70210
57343
62336
68917
56809
68770
61462
68390
57254
58638
64310
59304
69519
68041
58190
57009
57477
57104
70261
60084
68734
64453
59496
65767
57122
63390
58288
64869
67136
69277
66582
63045
64156
56285
69206
63870
63197
65463
68513
61374
68902
64866
63562
68743
63009
63351
69269
66799
59251
65069
62907
56473
58181
62842
57963
70873
69514
66128
68594
57246
56229
65761
70769
66598
63969
58388
60511
64904
56987
64014
68770
68505
59420
57313
63354
63283
59942
56903
58569
63391
60870
63216
58200
59203
64320
70479
59261
69048
65495
56974
64088
57355
70443
63681
63274
58702
62373
61335
67608
57153
59938
65441
62083
67445
56702
58116
59383
57590
68475
69731
56466
60219
56253
69009
69581
57222
56679
66771
63223
66504
65048
57162
62845
69504
65621
68249
58868
68454
57948
70585
61391
67900
68192
57777
67637
69486
58255
70933
61524
69561
64440
63469
65316
69013
56237
61619
58634
57869
69804
69293
62871
69647
66479
60721
60831
61933
68894
66941
61209
56713
63416
59362
63053
70958
65429
57750
61015
57117
66727
71200
56905
66629
60599
69489
66115
63609
61106
59995
63473
67055
63121
59270
62041
57568
67088
67907
62778
69461
66120
67367
64948
70155
62495
62381
64129
61571
64944
60932
67904
56422
63870
56555
65241
57361
67469
57471
62825
60145
68489
59743
56454
63437
57481
69234
62153
65721
63811
56871
69744
58985
60214
67915
58329
57411
57445
69789
60565
65811
63010
58183
62505
69835
56713
57978
64801
58380
56535
70788
60262
61861
59042
65566
70012
65211
64589
60993
69743
70248
68798
61978
64465
65485
64307
58049
67007
61723
70619
60764
68038
67279
69439
67867
63119
70528
66641
58393
68556
60619
57618
69094
63017
61467
63093
57235
64531
66341
68325
65117
69898
66250
60263
70669
65056
67350
69603
67896
70028
58943
61281
63119
67554
68820
64901
67636
57577
58513
58450
59736
57598
56718
65043
70166
65399
59090
59586
66195
65841
61097
61845
69350
56471
59201
56485
66014
58384
69863
60061
68556
69850
57367
64680
68769
67776
60581
65594
62504
57145
66573
58438
62324
64513
57805
63803
60845
67604
66551
66524
66890
70509
67509
56551
65772
70870
59573
57501
68103
70899
69245
61908
69027
66141
63833
64495
63112
58718
68492
59274
65580
59571
68089
56506
61378
58669
62619
69555
64419
69601
63280
67302
64385
70016
58299
60410
60487
65277
57277
61257
70626
57354
58645
71172
62484
70837
63833
63153
61206
67191
60981
57056
63559
61486
57292
57898
60355
60688
56789
69253
58049
70070
59910
58933
61137
62867
60998
63515
70766
59967
59207
66289
69626
63832
66704
69491
58873
56907
70856
62590
66664
70410
70931
60376
59445
60747
60266
64442
63964
65547
63873
63402
59463
63326
63533
63397
56891
62711
69048
69578
62228
66521
66238
62433
69282
70239
66457
63969
59379
58239
60700
70141
60893
66953
66319
67408
57586
69916
67379
67383
67629
67605
58587
68829
69514
70309
69874
67826
57240
64505
58174
66499
61682
67124
61594
69294
67514
64914
70463
68048
62768
65417
66020
70020
63326
60431
61257
57881
71116
70519
67914
64674
58131
68047
60416
63271
69489
58813
67403
59435
58040
65917
65830
69535
62197
67272
67412
70878
64327
60125
57214
57655
65772
70911
58080
61444
69944
69327
57473
63876
56666
59940
57176
59756
63642
65789
57602
63756
62075
57123
57143
60367
68922
56801
61665
65154
58286
59907
70405
62982
67534
67112
58118
58877
60906
61211
68546
60014
58551
56408
69736
69751
66922
59717
57387
65417
64948
64276
59194
64768
69019
71077
61888
69221
65345
63612
70598
69810
68814
70101
58434
65687
64726
63346
57925
67859
56624
59924
59165
70164
65657
64402
58280
61025
57985
59834
66665
66494
56709
68558
58895
70226
59162
68551
58975
57107
60518
57987
57410
60329
56816
64706
70970
63034
61525
66488
69447
70132
61417
56428
67892
70270
67876
56735
71024
62357
62287
56776
57703
59527
56648
56832
68773
65698
69082
61080
65985
56294
62444
63868
67768
57332
65605
69973
64432
62015
58106
60336
62710
56881
60804
60503
61737
70678
67697
61081
65714
67781
57995
58063
65102
65563
56534
66029
63730
67286
63519
67827
57090
58580
68776
56626
57228
57648
59245
57935
59184
61166
66651
66827
69873
57566
59436
60466
61274
65956
56823
62812
61345
70448
60868
66282
71103
65591
58992
69750
64930
59235
60500
67462
57456
56271
57576
58796
59273
56771
56238
63673
66536
58049
70792
56893
57281
58899
71033
56593
67704
61462
67088
64179
59493
65246
68914
56906
65345
67658
58824
57068
64750
58539
60151
58068
57220
58001
66551
67510
57628
65265
64879
67557
62112
60033
57285
68447
57324
58920
57986
61601
70400
58730
69477
56298
62826
66678
57496
69111
65666
65046
63512
58032
66037
58801
63123
60510
68875
62276
58866
67973
56571
70743
65443
57076
60898
66787
64168
58755
66075
57992
63221
60862
67823
65785
60253
56689
69732
68520
69124
59901
63641
63987
67129
70309
57210
56869
60374
63773
58824
61869
63196
60198
70274
65103
63200
60821
70123
62638
62290
62941
57320
58990
62385
60046
56828
67140
56231
71133
68262
58854
57151
68613
65359
63908
70239
65250
57358
71079
70094
67553
65369
63276
66763
66635
65478
69607
68829
66318
67303
59779
66263
69896
66737
68786
64142
56992
70482
56772
68017
59453
66914
59457
58715
62162
61455
67632
62338
70640
58122
57997
69140
67302
59386
63387
56857
67389
58683
71022
70238
58849
57928
63809
65383
63940
66720
56351
70582
62501
57546
57540
58048
56531
57310
66855
57655
61081
67295
68588
64766
65673
67064
61010
70224
68168
56868
63222
58114
69346
66787
60194
56375
63648
63372
60003
67689
61581
58357
65061
70862
60375
66803
67595
65644
57059
59059
70238
57165
68246
68991
64053
56477
68647
56996
62364
61600
57137
70152
58224
57584
56807
61059
60392
56595
61644
60092
57496
64252
65477
64632
69486
60625
56549
66051
68161
71047
58504
68171
66371
67010
61726
60363
60286
68892
56268
68517
64247
57744
65724
67427
63884
62349
56980
63958
59907
61309
64991
71217
60703
69604
65539
63961
64418
57403
59612
69881
61843
60028
64547
60067
58094
57800
56489
71186
66448
70471
62492
66846
60188
56277
69428
68285
58766
60534
56768
68940
59475
58523
66279
65971
67685
70751
65707
56532
63783
68130
56590
66501
57466
65986
57340
56222
70437
65460
65351
67253
64698
58546
65345
67665
70669
64756
61335
58276
61584
57071
56776
58934
57476
63702
57641
69711
71098
68957
56965
64161
57857
57879
58796
71062
69073
68335
60805
63874
59876
70993
57673
70103
70679
66987
64749
65852
60518
57375
57299
62019
63706
64469
66312
58017
61887
56627
67042
69310
69576
59462
57135
60693
62535
58293
60670
70932
65225
62787
65882
67646
63814
69761
57565
64459
62698
66753
60630
62819
67174
60440
61510
66414
57144
59718
67154
70653
63863
68378
67775
68355
66190
70761
57654
61507
66312
58213
71028
57399
58301
58129
69726
70119
57979
56300
71074
69795
60965
66624
56568
70509
67870
70221
56289
57476
56763
59553
60151
59414
69379
65964
57311
69250
65544
59647
70707
65575
65240
67372
60941
69861
61783
70829
57215
63055
60713
65272
57031
64377
58877
59940
57443
62910
62164
63543
58451
59804
58814
67209
63951
57892
65719
61168
69439
69365
59037
67905
57935
56249
69053
62080
63717
62215
57456
67218
70970
56294
66359
59523
63512
57154
67609
61954
70644
56441
65562
61125
68798
67935
61570
60743
67666
71149
62715
66487
60646
66272
60536
59203
68785
57150
70523
64089
65695
69172
64091
62773
67799
69226
63128
64561
62520
68615
57608
64886
68123
67358
69235
58343
60727
67931
66977
64951
56355
59985
65820
64575
65247
62823
56590
60213
65903
65634
66876
71011
61854
68725
64059
66748
71017
59636
65869
68699
58935
57129
66047
69136
56219
68898
58885
67577
67176
64922
70093
66769
67895
67241
60298
58220
62454
62337
68883
64291
58424
64162
63182
69990
58599
70738
59658
69922
65636
60706
57474
60107
67727
62194
66463
70462
61050
58957
66718
57685
66525
66178
57621
67197
70234
59363
67036
57794
67533
58837
66062
56915
58019
56846
70039
57491
58597
69476
62027
70763
66156
65550
70005
58438
61214
68044
56393
61276
63751
62940
57754
62640
62694
68186
61487
63091
63021
66254
56495
57659
60642
63980
65212
58958
61770
64962
60136
66146
71157
66102
66633
59953
63245
71233
58340
56568
62568
66961
66552
63545
56249
66599
63995
56886
65639
66358
58761
65168
60419
63834
58650
67544
58223
63662
57530
58236
60272
66549
64221
64249
58704
65017
60516
56417
66048
65608
59368
58021
56365
59943
69207
65796
61491
63880
58612
68854
57875
66127
60358
71228
62959
71072
65529
69495
61830
66618
68423
65914
63000
63826
58483
62690
65049
67945
57188
67221
57229
70548
67348
63354
58217
59279
67973
56531
68963
62399
67181
70433
71077
60027
68373
61058
57441
61033
66233
62987
59956
69017
57719
66339
59288
58585
60668
69208
59365
63136
66612
58133
56234
67955
57670
70233
65179
56550
57583
63187
58839
69505
67202
66417
63217
60222
69536
63924
56344
65235
56726
61877
64079
60565
63560
57926
68107
57996
56924
66665
67406
65301
58922
63323
70895
58361
65899
59262
63851
68483
59951
56610
70186
66573
63289
62058
70331
61652
66334
67258
69273
69251
67466
60737
57600
70737
60381
57442
70096
68135
56944
63457
69599
64743
66664
56720
58357
60233
60794
61385
70746
57506
64952
70115
61118
64299
57644
60788
66025
65312
71069
58817
61950
60778
60632
64590
67904
62601
70504
69426
69077
61463
63116
67644
66843
68858
57069
61672
60478
64764
56317
57069
65548
68800
70619
66597
64365
59510
60081
68604
59902
56449
63740
69984
60622
65315
70572
69778
69408
71175
68094
62626
67993
59067
70466
67663
62239
69044
64343
60380
71202
68107
70356
66446
56608
67952
58457
70715
66717
58929
71174
60179
66308
58237
63961
69175
70105
58840
65317
70205
67699
58353
60275
57029
68179
59194
70562
65877
60147
67673
60676
67195
56892
58641
69228
68178
64441
58418
67645
63520
69130
60042
63552
71196
64810
67006
63087
70063
60130
62531
56271
70519
58700
59675
60108
68689
68890
67388
69856
68308
62943
60184
56223
61798
57426
65476
57706
66966
64143
60616
57863
70001
65771
61009
59871
67079
70964
66506
61121
58813
65517
58134
62735
61259
69978
57742
59800
57014
57896
62792
59547
61594
64783
67285
70868
68770
70847
58942
65835
61797
65758
58775
68461
58574
56744
57468
68683
64243
70215
56383
66794
56387
58733
66497
70855
56451
60067
69667
66638
68331
61366
70012
68075
59856
60474
63331
70797
66827
60686
70103
66879
63789
62187
69929
56629
70090
57622
67116
56418
61116
61140
63751
70998
56908
69314
57106
65493
57442
71179
66233
58421
63162
56639
61928
62156
70978
65048
60848
63271
61933
56680
69124
64231
62096
68520
62781
64580
67205
59467
59756
66948
68387
63684
65992
65724
57198
58124
70952
65336
58752
61216
66837
64437
59541
66815
63330
67250
57033
62127
60897
65520
63475
64659
64369
59672
58052
68061
68638
59822
60676
60671
70410
58551
67996
68359
70669
68887
59142
67949
70084
66220
60688
70918
57904
59282
66913
70644
70590
65958
65965
59085
61744
66148
63975
66355
66241
65220
56375
65738
66947
59616
59759
67265
70862
56402
65397
57072
66059
62410
70616
56569
61663
58698
56463
57986
68610
57419
67480
58372
70448
61038
59667
70911
58736
56880
65218
67254
69165
67197
58760
56813
70117
61624
59871
62430
56504
65635
67452
58104
65592
65897
56581
66058
67718
70016
57373
56611
61691
62834
63820
70855
57114
59451
67503
67722
66620
62366
63940
69406
70444
69192
70133
63772
68355
56768
61460
69618
68388
64163
61058
65724
67133
67485
60350
65149
59639
63148
67418
60385
58154
68651
66421
56790
63870
58954
63589
68866
62494
57125
58495
63937
64925
66754
56804
65899
67986
69085
66052
68170
58768
61849
61001
63038
56668
56426
58027
68484
56248
61365
68020
63186
57711
68261
57522
60406
65244
60503
59327
65878
70252
66948
58224
64193
67856
68080
59437
64354
69124
64934
58486
67114
59984
56797
70670
60838
64713
57776
69805
57784
69867
58215
64991
67754
71228
56620
60438
67234
67232
61786
65969
57401
65632
58593
69890
58181
61970
64518
68474
57049
68763
67194
60078
63250
58758
57621
63143
59411
63329
60105
68719
62188
59625
59339
64544
65488
59729
61524
61137
57379
66587
65479
62075
69755
67179
60806
64638
56673
69171
61178
63948
70747
68697
69080
62579
68661
68943
58094
64194
58335
57932
66550
60988
60313
69189
70056
68792
61770
69190
59569
65107
64609
66022
58106
71221
68390
70885
63174
57184
61143
67518
65781
62584
60279
66933
70484
65653
70546
68115
64039
59986
64465
66575
56779
69814
59286
62469
60842
61279
59975
70401
64380
67102
62685
70890
62004
69336
61184
64239
66446
56464
58953
65799
57675
64593
70344
64877
66210
57491
60859
57723
70154
56707
62233
67426
56714
57889
62784
63606
63104
69833
70485
57768
70839
60642
57847
60018
64683
62835
66805
58499
61323
60750
70775
56252
59364
59876
66312
69279
66369
57401
68935
56601
64049
69501
57040
67396
58488
68352
70826
63952
68988
56371
66709
62447
60170
60471
70931
59385
67766
61202
68063
68812
60202
66652
56999
70668
58301
57743
65083
69374
65535
67569
56349
58661
67269
63132
67911
67235
66890
63938
61016
63101
70976
58194
62908
61525
57461
70696
62983
65773
64086
56237
63190
65463
68378
60983
57455
69532
63138
68024
69694
57207
65367
61882
64936
61794
62604
63427
65336
59295
63018
57732
59837
69341
56722
67406
64470
65036
62184
57283
61454
58595
69518
70947
56342
61972
63504
67504
57003
58830
57027
56659
70308
71045
61418
67244
58578
62343
66205
68707
59607
70464
64246
57054
61120
62380
58792
66519
64299
70855
57943
66617
62618
56966
60498
66269
64900
56261
70517
69318
58792
66783
71039
68795
61671
64586
60687
70839
60969
70134
65524
59784
58750
64544
61887
56427
69733
63403
59716
70737
59844
59734
60487
58720
63646
56406
62211
65206
58430
60686
58181
65561
66301
60565
68194
64688
56350
59191
59522
65842
63423
58575
61031
66032
60632
59321
66309
66935
65343
67900
68268
68747
60484
67930
59353
61088
64122
65726
63985
69455
69325
62123
59295
66317
57999
59350
70036
58309
58871
69950
58880
59245
65645
71111
71130
62825
68240
67598
64356
70444
60963
57426
61168
57379
56749
56453
65878
59090
70929
57576
69276
57961
56542
68501
68245
66485
70350
67733
64311
58170
56728
58752
70054
67296
69430
59455
70753
65434
62697
67450
71035
63402
56680
59111
69657
62837
63189
56976
68739
57836
60128
61349
58525
58440
64655
67497
67206
64234
66750
66198
58519
63803
59232
57163
60782
58401
57900
70410
68720
67889
57769
56819
66442
57446
60639
65874
65725
64270
70672
67799
58691
57923
64160
67244
63489
66819
62465
63568
56433
67516
68938
56998
57991
61691
63808
67815
61670
64934
69440
66691
69635
57783
57569
57545
63616
63547
57315
58001
65988
66230
58276
58059
56398
63079
58751
69475
58773
66197
62492
62971
69156
69206
69840
69456
62450
66232
68800
69457
58150
70363
61667
70406
68028
63182
62627
69332
66231
58772
57888
62924
67887
60122
57974
68235
64969
56830
64092
61341
63714
69058
64841
59164
66706
66650
61354
59852
64432
60997
64421
66005
59853
61877
67137
63810
69878
56829
70198
65777
57802
56486
56977
70022
68708
58554
66742
58254
61058
59203
65483
60340
56878
63075
58385
59781
61482
70117
68977
57298
59465
64714
58389
62815
56939
69942
69667
60756
66191
56822
68861
63211
62245
61870
66780
68532
66107
56425
70102
58827
58411
67888
58281
58661
59255
66282
60211
64264
61108
57336
63245
69045
58034
60940
56779
64084
68712
56407
56233
62186
64334
58775
56769
62755
66427
60043
57801
59632
59456
61951
58978
58078
67476
70996
65702
61819
64423
56248
70477
70626
60812
66761
60581
62079
58683
64473
61397
60686
67419
60980
62244
59901
60661
65196
67897
67783
59134
57378
57971
58361
58778
65027
65292
65389
68186
63829
70871
68435
57036
63801
64704
60891
64332
62702
56436
66888
69424
70162
66146
66162
58168
70983
57220
65150
56694
64577
58326
69580
58853
58681
57691
70961
57161
57982
64053
65200
56768
64453
68008
57448
71118
70789
60501
61992
68421
58285
56946
57989
63227
66525
66884
63550
58370
69158
58186
61424
61177
56842
59327
57684
61909
62140
64734
62344
60114
69435
61316
58674
62495
58542
61807
66598
60044
61827
56326
67648
58906
61071
64539
59829
66049
56853
60281
60923
60833
63045
60965
57463
62908
62095
71041
60514
61244
57724
56224
67447
58202
69667
59182
67843
66984
64907
60820
63429
64869
57751
70897
66375
57166
64135
60145
56888
68211
68468
56296
56741
68170
61365
63574
66912
65175
67044
56569
66323
66425
62616
58909
69947
62768
67477
58515
69005
69193
57823
70520
66549
58800
56226
69133
66965
56769
68187
56991
67190
58049
68816
65393
58476
60772
63116
60375
58826
62454
60253
67326
56775
58082
69683
59642
56593
60057
58807
68171
62274
70660
62123
65841
65806
68959
62388
59120
58306
63295
58330
57325
67624
57457
69961
56274
67584
58398
57312
58236
56401
56950
62578
68309
58217
58687
65171
59652
67816
64323
56833
64478
58277
60560
66850
63379
59509
57067
57805
68910
62160
58773
56962
56803
69557
64154
59956
64857
64133
59587
68534
62897
64911
58132
59231
62404
61722
69879
60411
61347
61746
56249
63518
57887
64099
58148
59309
67720
68230
70095
65772
69947
60551
63381
62452
61886
63065
66995
63838
59608
67759
61877
62540
58165
70654
62376
71060
56394
57237
58038
58297
57003
60480
70544
65765
69144
57179
69261
66699
56229
57399
69330
66942
68749
65873
58472
65673
56511
64849
59869
64642
66636
70690
71116
67661
61965
59039
68767
62172
69006
59498
57413
59830
64032
69121
60680
57358
61867
63617
70249
69751
62880
58052
64937
67698
57348
58219
57276
65839
58967
67418
56848
69768
66033
65621
66788
63728
58333
70707
67948
70060
62457
63564
59708
62699
56461
56340
68521
60733
62030
59584
67876
66538
66942
68484
57057
67275
66400
57714
66391
61405
61697
65347
57993
67962
57929
63909
67781
58518
62569
62134
65272
56864
64331
71105
66017
61667
65758
59618
64943
69380
62092
59882
66985
61642
56407
69569
63023
70243
62011
60041
67333
59283
63175
67405
65512
61310
59669
68794
68194
63411
58054
66688
56478
69630
62516
68502
68721
59577
65052
57019
67772
60716
69090
64017
57045
67557
62953
56669
68092
57980
65799
57034
59564
68354
60870
68235
70556
65379
58880
63417
66512
60063
64142
68248
60342
56702
64127
70398
58443
68058
64972
70648
56394
71143
57276
58540
70652
68688
58241
65797
64149
58884
62609
59886
60342
65724
68712
65292
64761
65208
60299
66963
62740
71129
69427
69576
58159
65378
57422
62364
65988
61003
59374
68348
56347
58804
57776
57101
58308
57098
70098
63569
62753
68345
61789
68677
69117
57013
65196
62040
57511
56602
61724
63334
61216
67190
57311
58973
66457
67574
69851
58179
69492
57767
71126
56607
69180
63231
70060
69991
57981
61057
70286
59579
66284
56849
67162
68924
57448
56544
59650
63366
70993
70991
68915
68052
66891
57506
68807
66642
56235
67812
69758
66922
68878
63098
69331
59968
60466
66706
59732
71066
56323
57952
58335
58785
65208
68235
60155
57875
67039
64342
68915
71081
61173
58868
58647
57144
71094
57979
63655
58904
58460
56405
60382
66595
65425
68107
58228
65707
69165
69770
62643
68386
56263
63175
61959
64206
65390
57386
66120
61362
63851
59292
65852
63100
56603
70836
58850
64654
63196
70977
61634
65219
65263
56454
57221
68650
62798
65982
57504
63353
67469
63202
57569
59763
69124
62107
58953
64993
64547
58205
64839
57014
66150
62987
61891
67582
66873
57304
59015
71117
62011
58458
65063
70002
57178
67201
62580
58017
56978
65842
66570
57377
58864
68294
68780
63075
70082
62339
68555
67027
64388
58826
58346
57672
63902
64912
62244
61426
62672
61199
59974
58357
59933
59113
59560
56831
60746
70595
56341
58767
57051
65869
68311
62242
64068
66950
63288
69583
68133
57530
59850
63932
70567
68268
65625
57447
68147
59912
68772
71196
57258
58444
63331
58433
68419
58480
59023
60618
70903
58792
60638
56867
65967
66197
70267
64031
57870
63067
59669
70206
61787
70531
66252
68013
67745
63666
64223
61435
66812
66782
69621
60442
69635
57934
62440
68854
60427
66397
57800
56305
67466
62493
64445
69894
61588
64527
61145
62013
69301
70470
69264
60499
62976
64725
59289
56643
66817
59664
70766
68052
58370
57272
67172
60375
58813
62494
69956
69475
61418
62618
62766
57316
60858
70600
62527
62688
66983
69778
62226
69619
63050
66124
65664
57538
68457
56417
65490
63962
68223
68802
61020
58690
57455
64504
66241
56722
61020
63778
66107
58847
63512
66156
62856
61006
67523
66999
67515
58020
62926
56968
63659
66710
65745
70489
65156
65045
68782
58767
69479
66684
58679
61993
63278
70129
70903
67122
56929
58356
68162
71007
70044
59303
59769
59614
66453
64341
57825
61633
70293
70189
69364
61726
71069
67424
57678
60032
64224
67245
65687
63910
58922
60494
61189
60965
58100
65475
65048
64524
60523
57080
59578
67793
57929
65101
68128
63862
57844
58573
58916
63566
61993
57487
63626
60111
63110
59309
68954
69108
65011
58005
69638
61871
63150
62830
56558
63506
60520
68396
58913
65423
70711
65433
69540
58475
70771
59234
61076
57065
68891
60870
57568
67730
62725
66867
58528
66270
68074
57111
58261
59299
58454
57058
68677
60839
56816
61928
69644
58544
67021
71123
68592
58051
65597
58515
56287
67509
61535
70585
65280
64775
69325
68100
56729
61864
56350
57929
63459
58612
69691
69554
62909
59225
70188
69375
62926
58765
63527
57949
62964
68521
65754
58644
69890
57343
69009
65043
60218
59462
57674
59212
57643
62010
69767
68457
70458
60516
69113
58656
61623
58193
58816
59561
71223
65795
65809
64372
65455
67956
68449
64198
60348
59514
69516
56872
67200
62602
56526
70220
62634
57359
66901
66830
62564
61406
67126
58031
64820
58677
57759
57110
69398
61324
60798
69620
58379
69011
57453
64292
66751
68469
58180
67814
62456
57751
63540
69110
61934
62246
60693
59380
61015
59110
62551
68382
60230
67205
67398
66593
65045
63364
61072
70457
58417
56278
63964
69013
57072
62323
64712
64213
68068
57364
68534
59212
62975
67915
65344
65945
61827
61344
69343
68775
64601
61650
57574
60188
71133
62399
58439
58229
70143
59211
57992
57751
67337
60519
57682
70628
70397
58915
58118
68212
70739
61196
69031
62202
60766
60101
62336
56564
57797
66480
68056
67754
64631
60482
62137
58586
66348
70254
58030
59548
70884
64936
61542
58105
70259
66925
70852
61661
70925
67220
61553
60832
67113
69746
62773
57737
67409
57081
57569
59167
59979
57786
56703
62373
57846
63238
63400
56542
67673
64541
63051
70935
68439
61991
62339
59134
67489
69541
62456
69213
58882
56665
63162
64928
58485
70973
59303
61990
65979
70272
56968
65403
59378
64755
65459
63276
63031
63220
61979
56308
59797
57317
63598
59099
56777
66777
67005
62365
58657
63431
63761
63173
70656
65798
57077
57251
61942
62199
62534
70624
58477
69485
59295
58757
61643
66868
70382
64757
70888
60129
58779
58348
58362
65673
65063
56644
70007
67791
66561
64117
61211
66733
60739
70735
66672
61171
56732
64825
70067
66745
65496
66369
62584
66783
62804
66601
68849
68541
57292
64894
58524
57018
59490
58885
65337
57520
61417
58075
64732
58442
58964
70446
59835
58349
60007
56907
56819
58034
66602
58176
66209
67879
69639
64234
68817
58810
58027
66616
68452
59231
60521
66049
69886
64381
66802
63377
58359
59907
57998
57532
61835
64205
63771
57234
61618
57538
60028
57751
65988
57677
65580
60962
62013
58572
61110
64033
56939
66826
64540
68938
60822
63710
66902
62125
64611
58872
63685
70422
65071
64878
57078
65668
67393
61729
63209
59590
56978
56574
64938
70081
65685
61674
57119
68054
57696
56975
66769
56233
70153
65014
57200
65233
56790
60976
56536
71220
69617
56991
59383
58001
58300
58916
67804
64956
65290
62787
60502
66966
64897
65590
68058
65885
63516
70302
59511
57541
70727
58852
57068
58666
70842
62700
56820
66913
66259
66057
63087
61608
57531
66365
57041
67896
64583
63703
69975
60029
61006
56771
60390
68042
56631
68282
60423
63871
65833
63046
57912
70471
58787
61062
62502
64291
58202
56303
61443
62039
61582
65928
64254
58164
59584
69165
70977
65888
67613
59130
58866
56740
69850
63111
66156
61088
64124
60535
63711
65314
60565
56433
57009
62604
70094
57177
69908
58752
68891
57991
70708
60624
59919
58067
69232
58408
56826
60422
57264
66444
59567
60505
58922
59526
60467
56749
67985
70063
61594
62032
57088
57950
60740
59422
69039
68108
56862
70819
70733
61240
63548
57950
63490
64268
70512
56887
65486
56307
70348
58138
57547
69359
60459
67410
65741
63891
67281
58918
66561
57312
57835
57556
56475
66061
58515
56492
68490
58785
57352
70823
59261
69636
70281
61168
57681
67283
66457
58113
64144
61910
68174
59597
68614
65200
58920
61762
70753
59468
57882
67620
65827
66687
69679
67112
69820
59557
69732
56772
68062
59253
63830
66771
63021
59016
60213
57899
68925
69325
66720
59000
60570
58178
68313
62139
67448
67872
69147
66382
62690
60594
65425
56644
58569
64602
64736
69030
66883
62218
63076
59192
56880
63796
65067
63726
67791
60619
60765
66750
59759
58051
69908
59345
65149
56948
61532
66905
66543
62926
62885
65449
67133
62392
67233
70460
65476
62865
70552
63338
67493
57578
59530
66154
67108
62122
65880
67610
59055
60775
70294
66680
68417
63661
60003
56353
70913
65671
57835
56395
67904
67896
62575
59260
66957
58636
67927
66484
56380
69302
64984
57601
70288
69824
58676
70435
61118
69400
57040
57933
67567
57068
57405
66161
71139
68300
58809
70813
61585
63727
65543
61842
70882
66639
61176
67112
65154
62543
57811
68488
69747
62694
58711
66622
60875
66065
59368
56733
64764
59371
68032
67337
66545
56882
69565
59591
60756
65828
62898
67126
65906
64385
62842
67273
63716
57409
64352
68526
57902
63494
63570
59297
67654
57144
56744
56677
56434
65676
65648
68653
63091
70773
66661
63581
56974
66673
70743
71119
61968
58423
63998
65868
70732
56475
68777
68183
56311
61747
67683
71020
70925
65318
65903
59845
64416
56940
70048
58674
68223
57359
59770
67166
60302
67657
60284
69069
66375
63935
63102
66037
62218
65640
62929
70378
65153
57198
66676
71184
64064
56310
61007
57506
65296
60621
58760
68244
62779
63905
57065
66325
66630
63864
69367
59570
70217
69477
69098
62163
65434
66607
57938
60245
68850
70299
60345
68988
60076
58808
66429
63723
64083
57173
68723
56922
56741
68886
56766
62764
63890
63246
66727
68771
64183
68737
56930
61513
56447
64584
63357
65500
61927
64481
60168
60902
67358
60716
57876
58170
56508
67664
65728
63009
65709
64155
68001
56639
62158
59920
56941
58786
65421
57080
59591
64872
70078
57289
57418
58822
65042
56326
63202
66988
58577
68388
68614
56666
70209
71096
58290
63568
67845
64103
68176
71170
56392
58767
68908
58158
68579
59933
62190
67862
63254
70202
56799
65993
62018
58008
66237
67286
60567
64810
57117
60939
63804
58152
70444
61394
59594
63850
65706
58833
57288
63939
59577
63372
69318
58607
64056
70648
67150
65015
58161
71201
70951
57233
62083
58994
59462
62953
58081
67733
58432
61445
58040
67601
62767
67636
59562
70332
62176
58108
61174
67844
61220
56527
64065
64728
59000
64729
69028
62969
61370
61989
64614
62266
63378
67434
64024
59992
66976
56603
63145
70377
65958
64986
57981
59350
65076
62852
66265
69051
57730
61007
68797
57495
63384
69012
61163
70253
56301
58735
58050
69682
70130
56764
62986
57359
66897
63406
57551
64284
66263
62306
66031
68759
58697
58058
59421
65629
57130
64114
62250
57471
61868
64192
69459
65739
60095
64166
62477
63275
58242
56564
67369
63954
62671
56635
61356
59708
68546
58378
67414
59510
63890
64634
66228
58501
61646
70414
70934
60807
58554
67043
58158
59323
67793
57831
57251
69000
57732
69043
60858
57416
61055
64403
65284
70160
62652
57929
58536
69714
58018
62991
67753
62038
69852
58560
59020
67684
64436
66495
70994
56490
58561
67589
65369
67600
57569
66857
64444
58861
61362
67058
65184
69521
61601
59600
68942
69198
62236
66094
67970
57993
67560
58078
70157
58227
57575
56549
62715
58029
68340
57874
68455
65559
59997
60788
60775
61147
66058
70640
66412
63996
59871
65585
56974
63147
62292
68421
60825
57604
61534
59583
70164
66318
57068
56225
62445
57968
62203
66140
58313
56539
58411
56649
69746
68781
59583
56942
70155
68037
62862
58890
56808
57511
69211
56786
69929
59747
57515
60932
63459
65747
61675
68374
65844
61400
61928
67356
57288
60897
56668
70170
65631
68706
64020
69079
64026
67110
58239
57371
61582
70283
59257
69006
57927
70973
62835
56505
60490
61464
70309
56918
69518
64508
57692
57436
67813
56846
60178
65425
67030
65613
70142
71212
63269
61163
69173
60524
71072
63330
64504
57689
58632
64792
61398
56574
69712
69483
66596
56842
70409
71064
57320
65938
58233
63023
60642
68925
56295
64833
59135
70793
70450
58226
67512
57959
61309
57499
68954
62651
67562
64720
63851
66752
60062
58198
56878
66244
59375
71203
62029
63107
61356
59241
61444
64888
58714
65562
65803
58281
62554
57054
65692
57176
61462
58440
70390
58498
67708
56237
58208
63013
56674
67619
58117
56377
64732
58459
66405
61992
66110
62164
70090
70401
66029
57241
66539
56271
62727
61697
66563
64383
69097
58620
56709
69274
64031
62338
56485
70737
58256
57606
60642
57717
56878
66122
64236
59979
70173
59516
66708
65061
69258
70787
61326
60557
61493
60582
57791
60513
60047
58471
69530
56474
64469
57113
64792
66595
59657
64071
58294
58362
68602
56850
60332
61614
71119
56638
61274
60927
63967
63281
68522
56821
65026
66478
67184
65794
66359
57819
70162
60286
58154
63887
60514
65177
58205
70478
65217
70557
60067
65156
67670
63035
57052
58482
57836
70929
70257
57707
67296
67726
59858
70850
59986
58765
57144
64868
57621
69615
69293
63343
60358
56526
63072
68468
57771
61027
59012
68087
58245
58329
57638
62165
57146
65731
71026
69026
60097
58257
61832
59372
57017
66091
67727
58397
69792
57808
69386
58546
59515
69487
65727
61567
59428
57838
69397
56719
61286
66808
61286
67590
65070
59599
65836
64155
56780
70857
59616
56665
58145
67544
64775
63120
58049
69484
64245
67837
60713
60027
70267
59928
61544
59489
58426
59687
59217
70443
56386
67707
70862
70943
57798
57147
60778
59558
62934
68203
62750
57247
68342
67802
63300
63805
65834
59519
61157
61255
56447
65808
59760
71059
63541
56813
60983
67097
69549
60371
64343
65558
62330
58321
69738
57362
58091
59960
65714
59033
64562
64950
64842
63755
57351
63900
70823
71203
65404
67432
66387
56773
63790
59079
56788
64662
58142
71039
70233
56702
65637
56295
57209
58111
58333
58328
58901
69898
69136
63880
66326
60751
70399
70801
58724
59782
61517
56483
59411
57839
65771
66702
64708
66020
61223
58724
58037
57566
66885
60006
64395
66419
70799
56439
56867
59446
57031
62055
62988
69617
62865
67022
56656
62359
61898
58020
65326
65212
63305
57745
69403
58253
70696
60731
60466
57214
56864
57410
58070
61648
58394
57559
62244
61380
68795
59734
66479
61918
59314
67497
63944
62472
70357
59111
70141
58326
59119
65264
57388
70828
61795
57087
64288
66266
61889
58530
56598
56330
58787
67733
68837
60790
57519
62811
59398
61861
57486
60094
60488
61705
65359
62506
70019
57536
58204
67663
61766
67651
63607
69452
70685
63329
63291
56472
70582
65342
66707
69385
68649
64005
70415
57969
59330
68400
61446
64209
69140
59187
56381
69219
69737
63546
61978
57270
59960
71091
57455
58081
61509
59748
61209
69760
67622
64998
68459
67084
58973
63188
56539
57911
65543
66392
63486
63336
64804
57987
59732
67687
66673
59534
58392
64450
61096
65200
58105
61595
65248
61343
59691
57668
58743
65003
57940
61206
56468
67279
58026
69631
66968
57258
57882
58309
62596
69807
58102
60270
58546
70657
63884
57701
58312
67243
67618
57672
64969
69987
60999
58440
61588
63086
62436
56333
66606
60988
70800
70510
62812
56487
61181
64696
58293
58846
56935
66452
70682
59258
64390
57350
62701
63549
59305
58380
59722
61393
60646
61121
62306
70979
59047
61827
61322
61229
64514
70352
58377
64294
57930
57767
65942
57195
56470
63936
63083
59976
67583
64039
67509
57594
59275
63101
67430
57272
67857
70705
66236
57746
59717
60586
58197
57936
68497
63910
68280
66467
62699
66806
63513
65937
63517
68233
61059
67684
57590
58382
57345
58018
69832
62938
56622
68908
67321
64371
63979
67407
59063
69042
67000
67172
60913
56372
65391
62521
68018
62686
64806
56233
68341
63023
57173
58797
65807
64169
66551
64932
65172
70913
57499
57157
64282
59918
56484
57280
67521
68291
57837
57417
56602
66135
60565
58257
61509
70285
64690
58097
65064
57074
65754
63650
66728
65879
57275
64341
67600
65350
66875
59015
67094
56926
56643
69568
70096
69008
65825
59056
58766
59802
70610
67868
64793
62612
60310
56243
65586
59040
56797
59728
56432
57658
63422
61888
58582
69739
66911
60582
65327
61518
65007
62737
70760
57036
57190
66752
68779
63006
68623
61699
69351
58701
67206
67431
63045
61173
58884
67648
57866
65945
64800
58215
66754
66697
60982
64959
66883
63387
61076
60592
68472
67020
57002
71147
69012
68002
58630
59551
56469
59689
58389
59220
68390
57673
60209
59712
68158
58487
58194
58004
67219
62642
61115
59480
66812
61438
67022
65416
67108
66686
66935
61347
69575
58728
61837
64298
60322
64200
59273
69198
56684
59645
61183
69695
63499
58025
56413
63126
62673
62487
60587
60392
57107
64686
60780
60450
60444
58552
57625
61957
59808
56842
69568
66313
69257
64575
66316
62078
56690
57758
69891
58566
57924
68300
61995
61869
58263
56602
69752
65800
61112
59848
67617
69519
61089
64478
58521
61009
70639
59400
64827
66526
64884
57397
65197
69197
61193
61657
67912
62845
70137
67034
61089
66064
57439
56440
56381
57831
57895
66774
62028
63467
59223
62030
68470
57813
61793
61539
56895
58176
57731
62677
59617
56455
56788
65647
60569
68320
56759
56787
57083
64701
62263
56873
59992
62714
67380
57802
64605
61673
63384
66722
69825
61353
57704
57250
61147
66807
58769
65845
68463
61972
62759
63329
67034
69296
61425
67276
63454
62588
67091
64849
58900
64723
56712
61016
63055
60716
63061
60605
58286
63633
66556
67265
70049
69292
62528
60694
56938
58388
69885
68932
68160
70646
60281
57994
67153
58426
56676
57555
60876
57165
61785
61717
63541
64756
70434
56321
57036
65043
56613
56899
61488
56848
64435
63526
66112
69462
60879
65676
65607
66466
58041
63066
68475
59276
57043
70828
66548
69547
64887
65731
62795
68569
66490
68535
69218
58156
58703
63339
57772
63007
57011
58812
67868
57955
62803
60825
61062
61697
66397
62351
62095
62699
67880
63393
65222
66121
64778
57360
58208
63652
57247
63456
68706
69306
59311
60924
63449
60375
67941
66059
69508
71114
61323
62773
64455
57433
69435
56307
58530
60011
63237
66455
67697
63678
57150
59510
65983
57899
57144
68554
60396
67219
69712
60533
63086
59341
57763
58443
68110
60554
64211
67144
71208
58642
57080
64057
56967
69880
69829
68001
65982
56725
69273
56613
70266
62593
70370
57981
58965
64151
67599
63443
58009
57690
65025
57519
58704
62373
69890
58513
61087
69812
58582
58485
61587
61978
56266
56440
70495
59866
60819
66882
62687
58846
69420
57932
69713
59206
60795
60805
67937
65805
57803
62984
58893
67043
61431
69690
57081
66655
69239
64053
69143
60519
64725
63067
61648
70802
56380
69274
59768
63272
68690
62462
69637
69881
69431
58208
65339
64970
67055
58070
64287
61655
59227
64012
70901
57126
58074
60190
57280
69593
61895
56224
58820
68060
67102
65508
63606
62163
57466
69340
59753
64585
56974
57244
57289
56950
63027
70877
65806
56396
68055
57603
61110
62306
61893
56332
69756
66909
58202
67083
58590
67373
60755
63189
60739
56566
63628
66032
67564
60630
70308
69923
58116
66961
65465
64410
67226
69119
71211
65490
56842
62820
65659
62092
57505
63373
61596
62163
56333
71087
60883
62445
68091
69163
66059
61898
68294
65020
67663
62635
57837
60844
66792
67697
65413
59763
58846
61923
56879
56347
56867
59925
67134
64568
68539
65128
58795
70846
61516
61129
66810
65612
65368
57590
58658
57627
68150
56249
57223
56584
62243
59189
60133
62591
64325
58602
58509
57997
67867
57989
71158
60893
59851
60447
69647
58178
68656
64436
62698
60636
63709
62441
65440
62076
59258
69324
69563
70481
70965
57092
64803
56744
63185
66783
60096
60464
62309
60033
57949
63220
61290
63531
70826
63207
68204
70686
69408
60971
57167
64708
62685
69362
59994
57310
68261
62863
57815
57717
71195
67819
69372
68900
58134
64605
59958
68430
68216
67996
56913
60246
69871
67378
65931
63307
63764
59621
61239
59471
66598
68559
63865
61975
56454
60451
65256
58626
65033
57723
56446
65648
65625
56335
60648
65747
57974
69402
66907
57940
59047
59455
70572
67307
61480
60371
62448
58650
67491
64532
57062
56548
69508
58271
56233
66825
59984
62405
62653
58760
57400
66731
68588
56393
68178
57369
64687
64274
65607
70672
57033
69360
56476
64168
59035
58754
68408
67908
59592
70262
58801
58947
64533
67321
60194
64914
56651
68048
56560
58542
64937
60138
58305
66967
64465
57562
65901
56319
68457
56965
69797
62509
61425
62561
57366
57861
70605
66600
67386
68807
64161
57828
68151
59945
61577
57641
60570
62891
57885
67346
64315
69062
64203
68874
63827
63000
57138
65742
60232
68856
62299
63644
57827
68300
66660
70305
59626
58031
68875
58936
59925
65947
68447
62389
61819
66108
58090
58159
63155
60719
67307
65664
69857
70090
58810
57472
70770
67225
68435
57277
67737
68237
68052
66308
59370
63854
69789
69461
59901
65045
56232
58066
70892
58051
65863
69367
65857
60493
67049
62934
68041
59487
64666
70680
65146
64179
59389
66854
69568
63851
69850
67900
66938
67585
65458
59011
67760
56766
59168
59857
70242
60401
57266
66503
61444
65089
57353
57811
61292
63974
65874
60300
60025
56439
69023
57658
65508
57793
58968
69816
67800
56571
58917
69732
68020
70424
59216
71176
70299
63553
63210
70212
58753
64921
56502
68822
59475
70710
65478
65504
58552
68415
68056
61199
70698
59302
64205
64539
59884
65313
60946
58463
62811
57235
59935
70246
64985
70439
57773
61650
69538
70192
58579
66911
68439
65635
57967
61420
62869
66187
66603
65317
56926
66924
69072
61698
59826
60058
56457
70872
66354
57542
60507
69496
65150
57158
60044
60102
61988
64866
65141
62987
58956
63458
56907
61162
61510
67765
56703
56745
64085
57871
56856
60609
65652
56827
58887
57854
61583
61214
65974
67961
66723
65115
66193
67401
58084
60672
62450
69335
63419
58094
62203
65559
61544
59966
57716
63005
58273
70015
59399
70448
65883
65187
69304
56615
61863
57012
65974
68062
61651
56389
63165
66640
62920
56309
60995
63936
60587
62932
60348
57251
57859
64306
58680
57368
63604
58713
66241
69023
70230
63587
56404
56512
68486
57987
67036
63039
59200
67267
56473
71149
66793
69648
67334
69129
65103
68871
61132
58460
70798
63043
67832
69610
56598
66392
63083
56572
62793
65182
62121
60099
58352
60179
57493
66640
71047
58933
63557
59353
56503
60655
59802
56835
59834
58686
60738
69999
61935
68914
56618
58302
57554
67206
58694
58795
70747
65457
57945
59625
63325
61605
63507
64242
63049
57100
64685
65645
58844
59133
67404
59255
66376
65605
64984
58758
59700
56876
59434
67952
61603
61412
68238
68742
57984
67456
64501
56460
56751
70262
65204
57648
58086
60309
59192
57887
62711
62899
68457
69518
67751
70901
57164
68610
58514
58035
62766
63571
64757
61121
67987
70215
63419
70210
64559
69832
68464
57081
60095
57924
67589
57086
59929
64245
63168
65774
59030
61920
57817
65838
59684
59674
58858
57525
58489
63871
65760
60250
58592
67823
65461
57496
61359
65309
67638
58628
68626
64891
60951
62585
58776
68338
59352
57131
59755
58105
58811
66960
64184
65741
70894
60493
66520
66645
68119
66243
58441
63127
64565
57248
62102
62934
57225
65352
67913
66770
57058
68988
65163
62181
63630
64082
70364
66484
59491
58699
59526
57462
57178
57344
59723
56671
57220
66866
61108
60706
67815
70064
66980
56357
58570
61414
65659
62174
63028
58379
63038
61954
58835
60596
57163
60458
65379
66820
67710
71023
57375
69662
67119
56714
62120
58760
57122
70941
70701
62604
65595
64645
68685
57999
57043
62323
66805
64160
56392
67433
56312
60389
60007
66975
63614
66423
64246
62435
66057
56873
57230
62497
66323
66565
60449
59686
66748
69527
57940
65753
67665
67784
61252
58140
59622
68851
56233
65694
66156
69809
56855
56941
61276
60597
64075
69422
57089
56907
62021
68246
61897
56887
64211
57540
56319
64120
68016
57485
66621
57450
65145
62004
58106
65443
68142
58964
61777
65700
58310
64250
69176
59573
64614
56970
56476
65288
60744
58205
70526
58312
58241
64435
63903
68351
58846
62329
70303
60724
63280
69001
68008
57029
67406
65298
70201
66838
59411
60692
57129
66860
60304
62394
60086
68138
58426
56528
58261
68590
60178
66007
63454
63331
62686
57934
57196
63183
57792
65448
63134
56391
60604
70315
63771
60864
62107
64062
62733
70152
64701
57590
63209
66403
57766
57183
56556
57880
66141
58576
59811
69999
61778
57609
69433
58115
62069
70791
58451
61105
58637
69689
56820
58069
57185
60458
65548
57183
71018
60666
69851
69454
56783
57823
69907
57337
69421
66306
62597
62100
70354
70517
56413
63782
70668
57294
59338
57036
59911
57380
66485
58218
56543
65708
70084
57378
61785
63684
61788
57699
64197
58874
64419
59127
57264
61102
59700
68373
63630
67420
63065
63668
56498
58495
58483
66957
65987
59792
58383
58881
58420
62519
64043
66965
65717
62345
68118
62864
63772
70680
66452
63916
62815
68841
64072
62942
66242
62084
70972
59228
57394
62697
58606
64797
69769
68502
58249
68425
57637
59969
67609
70265
57983
61900
59151
58401
63296
57023
59069
59773
56512
63045
68545
62260
69653
56844
64195
70554
64515
56782
56687
61351
58780
65072
68744
70258
69493
56963
68993
65897
68290
65909
63267
64129
64337
64910
58024
65878
64421
66069
56653
58134
64809
70679
64565
59847
61545
70307
57435
71066
70592
60439
58267
56857
68944
59826
66933
66003
57636
69209
70292
63999
56367
60866
64209
63858
58327
63923
58797
64805
68914
62580
66923
68319
58842
57003
64091
70160
60934
62302
63950
63934
62357
67556
65967
68762
68364
59382
62605
61554
63134
70117
63276
57965
70527
64445
61817
60950
57986
60099
57278
64737
56921
70901
62292
64978
63590
66688
57750
70993
57754
70997
56528
66825
64561
60905
69242
62558
68328
56682
58606
70568
63212
66634
60800
58497
57392
68009
56540
58309
61523
62938
63740
58810
69647
62254
61480
70353
56938
60795
58596
60569
59884
63799
58234
56801
63167
66706
58719
56851
68853
64989
70845
61269
66136
57095
63759
67237
66732
71210
70833
59197
57560
65010
70435
64772
68162
68246
66610
69133
61206
68850
60174
61730
56871
57325
59774
64186
60664
56492
58668
57013
67455
57263
61509
64132
64069
66524
56753
63433
69349
69464
67510
68227
68052
65945
69306
60701
67083
69950
68890
59608
70345
61061
63795
68130
60115
63218
62911
67352
61485
57941
68736
63660
68459
57803
68763
69202
64816
58635
69043
69316
57430
58011
56384
64004
68054
57530
64424
58339
62923
60962
64614
66195
57052
66108
56611
62457
70912
61488
57292
58582
60840
57618
67528
68774
69498
56445
68930
57088
61102
56644
62423
67363
58563
57588
70256
66263
67949
59304
58280
66093
56547
67462
68758
60081
58199
59480
59985
64212
58734
64642
68878
66052
64149
69431
65779
67566
62038
57573
64748
63255
58287
64828
59353
61987
68049
65001
71060
59447
61305
61872
56702
56511
57560
56939
65327
56901
60066
68632
65386
58212
59627
59212
62308
65876
61350
60061
70707
62635
62205
64913
60612
57694
70346
64417
56894
60359
64682
57710
61491
65516
63166
63208
65329
58033
70154
58344
69799
70186
63109
69249
57784
69170
69032
68499
58160
65664
63323
67306
58118
71130
63053
56366
57442
66047
57702
56866
59067
65579
62779
61105
62746
61820
68103
68472
58089
59394
66323
69505
56972
68227
56897
68546
68499
66769
70531
70971
69157
63954
67601
68814
56928
64981
57802
62081
62816
64395
59031
56304
58356
56662
57779
64152
69329
63173
65357
61805
58516
65238
68284
62521
64404
67843
60676
61648
64146
62705
62656
60048
65791
70399
70058
62823
62872
63095
64359
60495
69635
64620
56246
65780
67306
63658
60167
65045
66075
64563
62359
65609
68522
68802
71219
69590
70675
61242
60862
66643
59906
67643
70225
70236
61221
68510
62867
65092
71222
68643
65846
60871
64870
58632
56666
62943
64422
57794
57178
60658
64379
65485
64368
69980
59077
59114
60367
64105
69983
70554
68352
67612
64510
56232
69327
66518
60985
66153
57910
64779
61204
62453
60531
63619
62785
68191
67822
67422
58221
61094
66254
68190
64539
63895
60004
66882
60531
65864
62544
63557
64988
57737
61070
63057
65967
60039
65683
68902
70576
63073
62958
58793
66295
57774
63143
62627
57266
67278
64888
63959
71047
69651
57908
59390
59537
62900
63329
57915
67395
57644
58797
63255
57478
58354
59279
61623
63482
57809
65437
64291
64192
57097
65704
66530
69013
60607
58287
71150
56380
58844
57787
66483
64145
66127
69808
59970
62298
62765
65619
58676
61288
67581
65407
63286
63843
67306
70981
58306
58928
56629
58520
63754
56548
61397
66578
67831
67438
58829
64743
65926
57171
69542
59120
70181
64801
70392
64615
60813
60075
64657
68949
59141
65847
63417
57779
57122
61099
62749
60555
59936
66024
60735
68512
64012
57411
58070
64583
68631
58977
58737
58790
66601
64001
70816
57078
69572
56521
62788
58102
62662
56367
66079
61281
57104
62560
69257
57647
59041
64648
62447
56949
60431
64767
58531
57184
60360
63175
64801
58328
69319
70927
61858
59988
56669
65052
65422
62690
61144
58778
62161
59938
57289
62078
69218
63452
57044
67788
69650
58301
57225
60139
68608
65185
68063
58174
65510
58356
63930
57008
63983
58102
57340
61792
57008
59681
69770
68490
69528
69107
61481
62247
62059
69001
58607
61073
59805
68289
56494
64177
65242
67474
59819
63311
58454
58881
66918
62889
57728
62654
65003
56598
67076
58331
63026
59579
56728
57851
65357
69250
62410
65425
60118
63978
66532
57826
60732
70963
66003
56830
63662
61311
70954
65993
70961
57818
68321
68559
62221
60283
65657
59020
67816
64834
68063
68763
70907
58605
66832
59680
59904
66195
62101
64514
69343
64864
65864
57644
69607
62132
69089
68811
68384
68291
59863
61773
69503
67758
58415
58762
68341
57371
68543
66605
67617
59974
57179
65593
66822
68181
67432
58358
63180
66184
67161
70429
64076
59889
58032
56488
61894
64508
63978
64584
71209
59191
67528
60366
69659
64193
60923
64366
60141
62492
68329
66870
70193
67710
69304
60708
69508
62797
70114
66412
69725
65431
67187
66472
57660
68216
56612
64976
64501
58574
67859
61940
69992
62965
61354
64548
58323
67566
65007
63815
64085
61292
61482
63513
68794
60443
57548
68966
60487
66467
69940
68144
62394
65060
67246
57365
65653
56888
57963
69149
56245
63662
67395
58830
60738
58481
58705
66147
71008
68129
57735
61598
64770
57401
57019
56373
56512
59050
69466
65677
57076
59777
62911
57553
66925
70710
62673
70785
62671
66274
