15602
14561
15429
15518
14927
14945
17424
14173
18551
14410
16046
17318
16917
17877
16130
15922
17836
17074
17505
18394
17635
14776
16154
18186
17722
17218
14409
18034
18397
18350
14100
16987
14167
18598
17957
18721
18533
15368
16581
16022
15898
16113
18189
14895
17456
16293
15931
14117
14399
15088
16126
15217
16545
16837
16353
18196
15966
17708
17102
15665
16344
18688
16728
14133
15234
14999
16710
14183
17663
17984
15071
14444
16984
15430
15507
14542
17531
17662
14391
16149
14492
16361
15886
15649
16401
17334
15673
18340
16806
17463
15225
16993
16306
14509
14426
14826
16075
16951
16457
14715
16452
18710
14652
17615
14893
16752
17827
17879
17679
17508
14134
15326
15377
14950
18715
15758
17009
15267
18105
14307
17014
14130
18184
18424
17917
15415
16049
17169
14114
15729
15437
17549
17587
16890
17097
15559
17307
14164
14841
17052
15847
14178
15036
15446
14342
14712
16684
17674
15446
15316
18309
17763
17269
14176
17450
16968
17982
14364
16752
17343
17721
14676
18610
15051
14495
14074
18296
17347
14513
16057
15512
14671
18183
17521
16754
17509
14890
17782
15319
15494
17269
17897
15726
17075
17166
18034
18507
17880
17286
18217
14915
17712
14073
16170
17000
14061
14527
16768
14960
16540
14234
18395
18513
15777
16430
14607
14087
16450
16090
16416
15867
14276
17589
16050
14432
16974
17037
14480
15010
16078
14211
14207
17044
18728
15131
14321
15654
15397
15990
15404
16679
14869
17585
17071
17185
16428
18002
15319
18471
14385
15540
17377
16845
17635
18681
18399
15708
15553
17145
14294
17179
18056
18737
18195
14563
14765
17225
14271
18067
15473
18675
14810
14952
18352
14764
16462
16136
15305
14148
15632
15378
15403
17639
15139
18298
16294
16087
15670
17135
16058
15246
16539
17858
17739
15565
18504
18058
16779
14976
15657
16686
14918
14777
15773
18139
16115
16338
17584
18598
14551
17038
17337
16039
15291
18566
16966
15046
16946
15927
15125
14644
14082
16226
18238
16564
16184
17273
17849
15249
16232
15140
15662
15908
16532
15399
18293
14320
14317
16889
18404
18254
17195
14454
15113
18546
18538
18030
17027
14209
16825
17535
17789
16009
18129
17100
17416
15044
18302
15963
18519
16345
17136
17045
15282
17754
15710
18113
15694
18319
14553
14541
17466
16761
17031
15145
16194
16307
15664
15866
18090
17190
18052
18770
17013
17808
14390
15712
14326
15636
17148
16571
16294
17648
16206
16909
14774
14232
18138
17918
17726
15702
15742
14867
16901
17001
18488
15739
17672
18060
16388
18649
18627
16614
18175
14305
15623
16314
16088
15099
17499
17138
15473
14832
17518
17087
15719
14770
17727
17825
18567
16798
16989
16262
15455
15250
15595
14539
14979
17752
15961
17082
18367
17465
14700
18762
15528
14795
16939
14138
16541
15282
18289
16966
16251
18741
18308
15582
16189
18485
15888
16291
15078
15256
18021
15708
16526
16568
17434
15917
17741
16009
18762
18310
15389
17846
17104
16506
17938
16935
14357
18265
16492
18669
18746
16341
16941
16036
15496
16656
17602
14890
17660
18053
17056
17083
18565
15811
16766
16746
14821
17381
17675
18633
16127
16301
15992
16647
16071
16101
16973
18492
15084
17287
15311
15497
16753
16261
18378
17869
18082
18128
15993
16826
14107
18447
14322
17354
15120
18178
14517
17202
18071
14854
15680
15980
15052
18266
16696
18219
14176
16063
14273
17781
17739
17527
17855
17855
18164
18324
15824
16975
17035
16107
15744
17668
17858
14354
14201
16268
15544
17445
17427
14584
14408
18644
18179
15690
14915
16041
18647
15194
15728
16383
16468
16640
17349
16055
18029
15046
18600
15788
15121
18024
15424
17981
15250
14132
17424
14313
16966
17496
18721
15984
18494
17669
18180
17632
15354
15266
15229
16782
14825
18031
16258
14545
14145
14300
15980
14885
16882
17203
17758
17498
18770
16971
18358
15937
17248
17599
16769
15657
15764
17588
17045
16797
16414
15309
14969
18300
17314
15354
15862
16778
17579
16979
18695
16418
14597
16752
17849
14455
15940
16817
16929
18213
18360
17895
15011
18331
15121
15211
16601
18206
18687
16002
18233
16574
15615
18203
16627
14628
14583
15301
18646
14660
17071
17441
14078
18455
18607
17681
16069
14621
16599
15346
18458
16478
18019
16158
14750
17814
14551
18069
14899
17345
14499
14974
14751
18716
16896
14564
16906
14105
15192
18306
14319
15000
15292
18430
14105
18124
15373
14427
15838
17741
16288
16994
15949
17612
17439
16315
15025
16753
15527
15793
15876
14763
16498
17022
17518
16392
15953
14334
15043
18181
14372
14561
18336
16710
16132
17646
18417
15733
16522
17203
17498
15934
15460
17122
17600
14972
14269
17228
16437
15232
17952
16338
14155
15276
15872
16878
16640
16292
15439
14794
17973
17865
15171
14267
14305
17744
15167
16142
15093
16743
14295
15974
15461
18136
14549
18144
18473
16648
14398
16932
17586
15510
15133
15637
16517
17012
14513
14792
14088
18424
18400
17683
16967
15707
18761
15348
18140
15835
17998
14341
16934
14533
15673
14670
17308
14333
16854
16274
16996
18669
16302
17501
15543
16411
14147
15302
16209
18500
15687
16182
14202
15841
17549
14378
16461
18346
14626
16125
15940
18223
16996
14182
16507
14851
18274
18354
14165
18504
14172
14547
15977
17437
14076
17831
18410
17429
18204
14870
17936
15363
15930
14546
15421
15956
18698
16518
18404
14346
14505
16126
18766
15000
14392
18099
14685
17428
17137
15458
14468
14134
15244
17565
16672
18641
16763
16541
16186
16407
15111
18728
14352
18672
16887
16228
14979
15948
15478
18556
16111
15008
18468
17467
14326
15370
15347
17503
14947
16742
16336
18679
18752
18260
14732
18278
17320
15933
18699
14339
14122
17759
15375
14415
14566
14811
18250
16796
17090
17509
17523
16806
17696
14185
17494
14919
14347
17663
14799
17519
16119
16506
14492
15965
16082
17950
14959
18155
18621
17259
16213
16902
17633
18316
18377
17751
16739
15095
14587
17426
15240
14516
17736
17030
17895
18628
18103
16744
17669
14855
16399
14351
14470
16191
18456
15384
18388
17363
14147
16075
14715
14530
17834
15762
16297
18736
15389
18752
16594
16852
15270
16861
18262
17202
14484
14811
17749
15836
15958
16422
17219
18099
18034
16990
18331
14737
16343
14676
17632
17173
16130
15657
16937
15523
14799
18434
16575
17205
15556
17701
18152
16323
16337
15780
16520
18434
16015
14726
16165
17547
17771
15033
18152
14577
14215
18562
18432
15396
16021
15299
16905
17874
14332
16351
18459
17377
16963
16218
14105
16957
17681
17995
14503
15084
14183
15600
15489
14529
17715
15607
16860
14117
18446
17400
14511
18155
16777
17370
15254
16584
15915
18077
15604
14542
15230
17477
18306
18241
18284
14713
17283
16022
14963
15579
14695
15283
15648
16652
15435
16503
15411
17602
17606
15432
17262
18116
15772
16387
15250
14118
15022
16453
15797
15298
15098
14282
18331
18330
14526
14920
17068
14795
16300
17259
16361
16907
18127
18595
15874
15305
14813
16831
16254
17225
18406
17367
17699
15884
18226
18620
14255
14628
17306
17620
16374
18157
14526
16195
14741
17320
16169
18517
15788
17858
17142
17920
16709
14240
16686
17176
15050
18129
15135
17267
18281
15752
15702
17621
14066
14743
15974
16183
15871
17858
15070
16877
14800
16319
15447
17325
18072
14560
18028
17577
14422
18039
18319
14077
17772
14488
17802
16139
18695
17712
17452
18283
15337
15501
17454
16127
14399
18702
16306
17254
17420
17609
17141
15756
14623
17927
14449
14707
15690
14775
18365
18167
18067
15832
18742
18106
14369
18316
18614
16545
15003
16713
17377
18331
16027
16658
16604
14413
15853
14296
18672
14811
14220
17131
15719
15136
17993
15924
16427
17878
18020
17292
17667
16165
15450
16111
15437
15223
16720
18723
14135
16054
18770
14308
14954
16968
14376
15908
15522
18638
14320
16259
16675
15523
18128
15781
15848
14814
14596
14516
16710
14147
17212
17761
14248
16224
17466
14116
16538
16114
17195
16646
18124
16686
18345
16420
16517
16302
18114
16130
15855
15146
16678
14751
14923
15427
17497
15489
17837
18215
14432
17679
18154
18564
14452
17782
14503
16657
16226
18126
18510
18494
18141
18476
14520
14576
15483
17822
18116
16128
14407
15318
16154
16090
14926
16852
17966
16303
18155
18033
15760
15129
18521
17078
14750
16894
18004
17677
14715
14180
15244
16956
17365
15374
18198
14427
18137
14318
14057
16945
18305
14188
15345
16369
16101
14145
16781
17716
16235
18144
15777
14787
18171
14768
18040
15333
18510
17148
14795
18121
17609
15302
14668
15915
15396
18091
14141
17155
14507
16690
18309
15236
15525
16801
14940
18016
18290
14812
16660
18285
16772
14755
16202
18555
15757
14350
16755
14128
15282
16110
15984
16942
17469
18167
18206
15327
17905
17172
15838
18014
17314
18426
15753
15124
14629
18770
18365
17966
17193
14365
14406
15136
16320
17559
18733
17994
16026
18274
17412
15603
14693
14158
15443
17149
15146
14404
14679
17517
16243
16654
18196
14644
15236
15386
15067
16002
15118
16962
16478
16353
16454
14148
16492
15888
15213
17496
16602
14500
17943
18100
15495
16479
17098
14636
15307
15069
14616
18174
15403
16581
16261
14824
17287
15290
14957
17403
15690
16679
15432
18252
16162
14373
16952
14609
17761
16773
14405
16828
16401
16986
15736
17871
15419
18516
14830
16604
15831
15572
15822
15749
18506
14118
18497
16302
14491
16497
17214
17619
14723
16751
14344
17238
16803
15019
17419
15753
18480
14429
17363
18730
18693
16177
16169
14382
16360
16368
16740
17626
18223
16449
14209
17569
16258
18313
16868
18523
17662
16305
18312
15740
17534
18735
14551
18194
16442
17974
18617
15154
16510
17120
14953
17054
14451
17270
17972
16901
15091
15653
18755
17485
14662
17752
14570
18611
16033
16583
18706
16000
16513
15555
16065
16910
16312
17503
14365
18307
15591
15402
17830
14974
16691
14784
15264
15462
17536
18669
16179
17564
15062
15971
15990
14658
16186
15522
17699
18463
17005
14919
16362
17319
18122
14773
17786
14581
15573
14659
17994
14490
15072
14950
15471
14102
16531
16152
16740
15485
16106
18666
17559
17435
15407
17207
15688
16863
14185
18001
16226
18374
16115
17702
17737
17118
14609
16781
16485
18476
17761
15727
17597
16434
14917
14200
14437
18198
16366
15314
16287
16464
17228
14721
16835
14386
18175
14328
18029
16364
16346
15009
14417
18038
17224
14629
15682
18546
17330
14509
14398
14401
14572
17091
16518
16119
14168
17201
15115
17537
16963
16720
18534
15881
17719
15133
15943
16249
16709
18609
17423
17553
17012
15556
18088
16695
15967
16387
16949
15592
18094
16973
14720
15942
15835
14890
16005
14485
15203
15635
18587
16960
16708
16268
16440
16063
17111
17469
16296
18225
17444
17411
15000
17113
15197
18018
18519
14914
15870
14484
17514
15346
17332
18135
16201
14535
16298
15927
18726
15420
17465
17898
16369
15970
17772
18524
17423
14661
15482
17873
14450
14179
15458
18662
15892
14253
17718
15163
14285
17089
17767
14754
15923
17003
15716
16573
14582
18509
17823
16698
17030
16768
17366
15909
16659
17593
17260
15633
15163
16139
17683
15977
18657
15857
17894
18771
14476
15239
15270
17870
14968
14156
15007
17659
17716
16980
15402
15782
17394
17628
15782
17288
18056
17304
18594
17268
17486
14119
17412
16411
14098
14190
15190
14392
18523
16068
18612
14762
17318
16646
17592
16792
14239
15101
15712
18615
18104
15583
15263
16369
18408
16847
16035
14946
17200
18064
18449
16734
14977
15143
14168
14426
14411
14277
15822
15761
17443
16265
15328
14646
16908
16198
18469
15799
15064
14918
18290
17536
14768
17809
17600
18246
17030
18292
18585
18436
14093
17271
14292
16915
15685
16155
17476
15982
15172
15087
16777
14614
16905
18466
14292
16547
15404
18373
15208
14580
18240
17690
18004
18571
14690
17117
14058
15717
14849
16374
16891
14240
14597
14934
17431
16713
14547
14880
14461
16071
17773
15515
16129
18024
16161
16144
14871
14738
14691
17385
17095
15164
16888
16715
17326
14662
17110
17097
18152
14909
17498
15954
15193
14569
18154
17886
15812
14513
17634
15275
15380
17772
17548
16223
16482
17340
18430
16423
17059
18435
14361
15775
15328
16450
17435
15523
17095
18786
16079
16701
17385
17852
16450
18748
18582
14349
16225
14964
15164
18555
17733
16633
14458
15467
15213
14180
16879
17427
15595
17451
15764
16803
16746
18306
16188
15244
17879
14850
14848
14966
15590
14884
16333
15779
18164
16763
16674
16689
18147
14939
17302
15812
17579
16362
15372
18062
18654
17836
17175
15018
15095
18300
16604
14839
15772
17584
14354
17641
15506
14344
17117
18542
16312
14622
14475
17896
14253
17862
16553
15289
18037
15388
18180
18269
16035
14605
18296
17382
14155
15341
15231
17621
14407
15209
14087
16450
14442
17500
14351
16546
14263
17968
17052
17892
16789
16302
15915
14950
15298
17979
15388
18182
18775
18130
17787
14611
14903
16850
15064
15031
14805
16466
15762
14112
15138
15173
14607
14079
18514
15106
16302
17677
16481
17116
18487
14620
18166
16257
15957
14782
14561
14767
18049
17853
16162
18431
15272
16248
17764
16756
17747
18042
16153
17861
17485
14442
15910
15676
15803
16388
17743
15524
17081
16253
14738
14880
17825
16856
14060
18722
17737
14812
16246
15811
17547
16068
17124
17918
15327
18225
17773
16955
14652
17647
15605
17927
15399
18759
15319
17839
16375
17629
17526
16026
18631
14918
14471
17396
15771
16280
15401
15997
16397
14917
15553
17058
16866
14879
16328
17116
15435
14144
14102
17729
17652
16494
16051
14203
15232
14612
14532
16433
14105
16850
18114
15223
15899
16699
16248
17901
15679
14806
18040
15274
15375
17805
17971
16747
18625
15365
16066
18411
17507
14352
17622
14805
17175
18454
14082
14202
17105
15161
15749
15047
18641
16782
18585
15170
18605
15704
14568
15363
18010
15218
17121
15886
17679
15912
16335
16801
14355
18241
14454
18750
14166
18220
15262
17589
16934
15631
15103
15850
16787
14478
18168
17091
16530
16724
18117
17005
18366
15843
16816
17070
18477
15309
17515
17016
14140
15854
18598
17844
15724
17338
14386
16477
15270
16458
17139
14855
17870
16850
15415
17814
14964
17316
18337
14742
16817
15687
17916
17796
14803
15216
18037
16781
15934
16351
15412
16003
16599
16598
17680
14782
15671
14942
16625
16551
18646
18132
16161
16418
16170
15142
16804
16969
14099
18444
15330
15100
16391
15489
17903
16212
14846
16214
18078
17393
17978
14134
16635
16644
15421
14413
16085
14547
18586
14188
17698
17028
15589
17714
15058
18219
16212
17282
17660
15588
16078
18533
17621
14177
14592
14407
14393
15295
16804
17608
17088
18474
18628
17788
14833
16152
14740
17711
15601
18210
16060
17786
16782
15747
14218
17449
16714
14991
15862
15947
16431
16025
16771
18137
15189
18691
14839
14354
15391
15955
17234
15170
14290
18778
14293
16404
15165
14168
15977
17606
16903
16659
15653
14588
16655
14538
15527
15061
18008
14239
16657
17289
16719
17436
15532
18022
14496
17270
14418
14129
16555
15509
15378
15736
15404
16252
15658
15314
15805
17108
14185
18481
15893
16352
18178
14941
15147
16972
14577
18469
18171
15152
14520
15373
15967
14939
18220
16255
15977
15467
17439
17799
18472
14899
14218
17275
18620
15757
16324
16301
18005
15902
18046
14642
14952
15852
15556
14763
15745
14438
16112
16237
17797
16994
17086
18257
18225
17714
15900
17161
16515
18134
15869
16959
14978
16160
14132
16451
16472
14476
15332
16044
15302
15835
17606
18645
15087
17781
15743
15727
16203
18065
16276
17192
18719
14114
14980
18288
14905
16253
17057
16289
15603
15532
14984
16386
17128
16468
18162
16369
18435
15013
17075
16505
15102
16398
15946
16779
17424
15925
15536
16733
18236
14966
18195
14562
18591
14947
15770
17995
17632
15959
15378
14761
18416
17473
17308
15990
14120
18770
14130
15821
17485
15145
16854
14915
14076
17079
17692
17142
17591
14137
17064
16152
17590
17013
18245
15176
16816
17437
15345
17283
15290
14814
17211
17914
16969
15065
15374
14405
15616
15341
17912
14833
17683
17553
17889
17793
14362
16573
14293
17992
18176
17429
17847
15772
14406
16958
15592
16556
18568
16702
15650
15015
14703
16694
18137
18361
15567
18723
18586
15938
16481
15944
17677
18674
18438
15511
18265
16557
14357
15539
17531
16198
18313
18080
14804
16447
16412
16434
18515
16998
18600
15808
17088
16823
15359
17088
18277
17195
18468
17409
16866
15052
14526
16992
17892
14127
15286
15530
17329
18485
17207
18112
17703
16550
15387
17664
16848
15162
18753
18288
16437
16439
15223
17836
15458
18140
14252
14553
18433
14278
17758
18499
18758
15874
17300
16397
16077
18649
18370
15129
18694
16097
15310
16868
14934
15746
15346
16752
15621
15565
18636
15096
18063
18033
15564
15753
14524
15808
17516
15600
14069
17691
18637
17861
18478
17391
15528
16466
15869
15238
15379
17890
17781
16050
18151
16516
17911
14183
14924
15415
15801
15493
16516
16601
16922
14860
18248
17605
15491
18690
15919
18633
16578
14542
18007
17204
14113
16171
16717
17710
15566
18566
17780
14062
17781
16189
15135
18429
16713
17053
16511
17451
16627
16562
14787
17444
14242
17787
15482
18090
15090
14410
16862
14239
15652
16789
16383
15001
17199
14895
14983
18221
18140
14928
16525
14366
15132
15421
15688
15633
18508
15243
17215
17737
16862
16268
17588
14869
18047
16266
17861
15178
17313
14471
15580
14192
14703
15189
16367
15328
14819
18604
15976
16518
18548
14832
18167
17247
17390
15700
16595
15389
15325
18738
14615
14414
16644
18066
17182
15219
14512
16813
15867
17348
15397
17472
17592
15871
16240
14225
17302
16249
15694
14807
15477
15556
15431
14211
15985
15399
18607
17278
16773
18398
18318
17920
16845
17422
15777
14950
15348
16950
17543
16336
18490
14536
17103
18490
15260
14192
14948
15023
16335
16966
14858
17525
16187
15793
17794
16883
18137
15753
16968
17260
15470
15104
16928
16190
15634
15646
16830
14151
17904
18498
16771
17245
16576
15682
17590
17951
18710
16179
17285
18516
17264
15582
14589
15038
18243
14374
18125
16981
14869
14702
18650
17148
17151
14373
14941
18781
15016
17324
18118
16251
15307
16035
17721
14998
17005
17547
17831
17322
14216
16870
16144
17205
14921
14949
16017
17931
18463
14701
18626
17371
17825
14452
16995
18525
17233
16494
14775
18187
18263
18360
15375
18742
17403
18760
14464
17108
18639
14117
16727
18141
16621
18016
15087
17902
16720
15150
16371
15602
18518
15637
17740
18506
16833
14641
18709
17702
17618
15580
15270
14447
17690
14349
18302
14819
16470
14437
15106
14062
16730
18727
17838
16271
16210
17189
16065
18450
14201
18721
15786
18704
16306
18075
16367
15460
18239
18741
17357
14413
16054
14134
15164
14447
14764
14653
15930
16333
18612
16432
15586
17039
18128
18270
14163
17188
16050
14141
17804
16323
14801
16717
15455
18084
17398
15320
18489
14308
16338
17776
17428
18034
14811
16293
14600
18785
17335
15541
17712
14613
14553
18328
18787
14345
14110
14579
17023
18482
16535
17058
18254
17876
17672
15019
14062
17552
16137
15097
14449
15754
16342
14783
14395
18545
17724
16909
17677
17647
15928
17337
18740
17068
18192
14498
17016
18332
15130
16636
15522
14327
17330
15242
15055
14613
17220
14351
17545
18153
14603
15543
14614
15044
17272
16575
15870
17456
15944
16897
14524
14137
15922
15785
16639
18715
15639
14254
16626
15943
15594
17100
15346
17208
15444
18765
16311
16015
15951
16998
15410
16241
17303
16841
17867
14223
14193
15291
16554
18786
16378
16859
16352
14406
15469
18177
14218
15612
14542
15270
17074
16992
14259
18317
14249
15432
15613
17090
16017
16541
16419
15040
16637
18749
16440
15646
18495
14443
17439
16579
17978
16106
15863
17125
14451
16127
18014
16979
18673
16260
15775
17104
15542
15566
16357
14205
17767
17610
16790
16642
14840
15561
14974
15560
18007
15941
17327
17250
18173
17630
14852
16982
15895
14671
16931
18748
15868
18077
17027
17089
14226
16324
18267
18144
18667
16817
14195
17332
14125
18336
14951
14178
18304
16575
16614
15788
18642
17565
18106
16425
17620
15108
16922
14064
15783
16979
18172
17966
17337
16366
14872
14861
17173
16519
14459
14296
17150
16666
18395
16000
15986
14090
17873
14874
14385
14634
17308
18615
16675
14122
17501
14378
18669
14598
14627
17205
16810
17676
14607
15580
15720
17161
18505
17802
16309
18656
17108
17726
17246
15013
18604
18440
16802
17126
17050
17947
17384
14425
15805
18234
14907
16710
15814
14076
14731
15534
15919
17186
18387
16186
17712
14634
17674
14662
16425
14244
15353
15726
17121
15933
17516
17189
15062
14898
15173
17827
14280
14887
18640
18032
18015
16933
15508
15126
16502
17434
18640
14485
18643
15937
17561
18733
15079
18244
17225
17789
15710
18625
14098
14923
16196
18074
14225
17088
15784
14399
16802
17979
17067
17881
18585
14226
14064
16397
16535
15817
16184
18737
15967
14961
16497
18079
16081
16279
18303
15059
15663
14711
14124
17389
18360
17102
17920
14545
17862
14832
14329
16669
14777
18260
17066
14444
18678
18241
18608
17501
16730
14951
14780
17373
14071
17424
14896
15245
15860
15356
16803
18266
14887
18321
16848
16280
14512
14353
18079
14822
18174
15437
17739
15022
18441
15165
17090
15205
18467
18605
16900
14284
17506
18390
15657
18127
14461
16963
15768
15837
18141
15485
18360
17226
14115
14441
15033
14713
18029
17642
16521
14397
14122
18032
14506
14071
15287
18098
16117
14226
15678
16395
16702
15403
17751
15622
18603
18386
15769
14120
14061
15858
17879
17856
18578
16069
17881
17190
15112
16366
18353
16129
16357
17410
17698
15543
15909
14869
16199
17676
14581
15463
18626
15787
14945
16349
16925
15115
14126
15423
16034
17325
15990
17747
15590
14117
15552
17797
17841
17583
18079
15165
14832
17488
17440
16600
16365
15327
16057
18651
15214
15183
14421
16655
17471
18736
17403
17441
16496
17523
16870
15281
16323
17310
15167
15975
15911
16417
18174
17056
16259
17417
17712
16913
14840
16104
17125
17513
14251
17041
15013
18774
15984
16459
14582
18784
15323
18251
14215
16271
14311
18666
14321
17356
18354
16127
14307
18188
16626
15972
16128
18393
14153
15475
17283
18786
15222
17298
17322
17960
16120
18125
17220
18005
18194
18433
15986
17839
14973
17078
17659
17041
16412
17097
16831
18078
14704
18754
16296
15091
14717
17650
16017
14060
17403
16437
16068
16071
16736
14556
17120
17800
16076
14544
17458
16461
14224
18521
17603
17501
16825
14230
14441
16363
15627
16660
14195
15460
18342
16338
18336
18328
16111
15543
16690
15202
18424
16994
15765
16395
17994
15458
17381
18326
18564
14271
15280
15303
16401
16929
14478
14998
14180
18354
18266
17535
14774
17668
14298
18267
16603
14932
17399
17532
17521
15243
17199
16578
16589
16663
16633
16884
18453
18690
18538
18418
15343
15600
17068
14568
18182
18436
16978
16923
14435
15765
16013
14453
14919
17254
17998
18603
16435
15821
14718
15792
17477
18025
14936
17380
16432
15375
18299
16047
17758
14300
17597
17356
16862
17410
17658
15694
16229
17746
18310
15255
17202
14921
14817
18773
16905
17952
14206
18755
18012
14076
17624
15128
18019
14607
16504
16029
18228
15841
14792
14746
15672
15189
18062
14710
16905
16173
17296
14503
14201
14930
15038
15483
16816
16090
18465
14938
18352
16366
18407
17307
17967
17016
14070
16166
16848
16708
14131
16844
16776
14942
16019
18029
18218
15249
15922
17600
16135
15182
17920
14472
15345
17278
18312
16055
16418
16774
15853
14991
18286
17652
15939
16824
14655
14598
15966
15904
15659
18332
16828
15999
18444
16615
18135
14103
14967
16217
17264
15979
14445
16203
17754
14133
14981
18449
15738
15871
16735
18353
18674
18109
18361
14245
16325
17381
17885
18236
17756
14569
16967
18349
16508
17451
14134
18345
15966
14814
16166
16272
17868
18461
18504
15906
14511
15335
15655
17011
15708
16718
15247
18353
18575
16579
16740
17148
18294
15972
15203
18307
14192
14633
17924
14530
16371
14114
17617
14937
17193
15560
16933
14752
14987
15018
18297
18778
14855
16539
18141
14455
16786
14272
15367
14528
17078
16566
17719
16481
14330
14593
16724
17045
14275
17987
17693
17014
17915
14805
18236
17820
15633
15818
16938
15931
15799
18763
18071
17136
15303
14219
16314
16450
15041
14090
14600
17842
14201
15347
18357
15633
18286
16536
16919
15993
17215
17521
15104
18760
16707
17260
16541
17518
15574
18649
16890
18203
16032
17821
15350
15561
15192
16010
16738
14906
17618
17494
17044
17512
15632
16811
16514
16837
16190
14176
14156
17504
17536
16056
14704
16354
16756
17757
15592
16008
15665
16027
15794
18306
14337
15978
17500
17133
18431
16778
15203
15591
15407
14956
15750
18603
16748
17860
15383
14472
18585
16685
18303
15687
17815
16286
16163
14568
18108
17545
15891
16442
16752
16714
15334
17001
17991
15782
16609
17074
15052
14420
18584
16700
18123
17907
14758
15667
17889
14628
15184
14506
16983
14232
16755
14970
14687
14098
14309
17180
15894
15208
18545
18229
15769
18003
17651
14597
17601
16529
17333
15171
15998
14915
16079
17562
15853
17734
17567
14428
15123
15526
14580
14584
18215
16410
16587
18382
15675
14393
18306
15209
14902
16023
16289
15857
16458
14779
15051
18176
17801
18542
15683
14626
15280
14346
17071
18418
17371
16001
16966
14910
16436
14111
14710
17638
16510
18090
14754
15673
15108
18419
14325
17830
16958
14108
17428
15690
15374
17069
15373
15083
17160
15146
18325
17194
16293
14061
17607
16544
17132
17482
14172
14865
16750
18237
17587
15711
18602
14353
14152
14399
17417
15826
15800
16644
16295
16211
16050
15065
16657
14894
15741
14499
14424
18347
16621
18228
16937
14882
17257
18213
14362
18730
15356
14780
16454
15622
17083
18753
15302
16997
17220
16650
18146
17156
18371
15553
16951
16507
16560
14065
16972
15927
15917
15095
15113
18756
18747
14954
17838
15730
15498
18181
15962
14112
15394
18630
14775
18290
16060
16496
17495
15847
15305
16975
18283
16863
17488
15362
17324
16627
16280
16327
14455
17222
15295
14794
15376
15098
17980
14352
15724
17703
14175
14911
17396
14138
17600
18054
14933
14532
14327
17052
16253
15799
18760
18361
18406
14477
14570
14751
14532
17765
17329
15339
15685
14683
14663
14799
16775
15293
18568
14871
14368
15065
15573
15085
14696
17410
15057
18235
16686
16886
14396
17717
16933
17236
15225
18242
15589
14556
14232
14422
16003
18475
15130
18481
14850
17646
18304
17436
14405
14184
16981
17758
15970
15273
18413
15433
15329
15703
14474
16233
16120
16431
16618
17343
14454
14518
17026
15572
17363
15721
17995
15151
17824
18055
17930
17958
15713
17262
15131
17719
14279
17052
14315
16799
18085
15163
18193
18779
16605
14392
16100
15488
16589
14469
18200
18417
15257
14157
18076
17727
15065
17786
18376
14095
16448
16712
17043
14101
14903
16385
15204
16322
16841
14273
16968
17537
18535
14161
18684
16703
18731
14933
16483
16546
14722
17202
18705
16392
14935
17499
15205
18452
18607
16502
18600
18048
17802
16121
18454
15251
16913
15240
16273
16131
17754
15791
16576
15406
18551
18541
14587
17589
15582
16576
14971
15810
15373
18440
16220
15981
14754
15030
15781
15409
17055
16812
17022
15175
18530
16675
17543
16652
16232
18616
15322
16165
16484
16600
18197
15326
16966
14505
17329
18499
16637
15199
15168
17909
15053
16090
16699
14797
14648
14765
17902
18266
16104
17040
17077
14477
17463
15114
15916
14905
18719
15954
17624
15198
16803
17222
16538
16632
18119
16367
15543
18576
14958
16007
18348
15529
17225
16796
15588
15057
16248
14753
17419
15625
16096
15433
17418
18129
17791
17045
17787
15113
14611
15858
16895
17512
18349
17928
17953
15220
16817
15440
16699
15582
17874
15906
14740
17215
15306
15158
14951
15605
15645
14562
16243
15821
15866
16479
14220
16187
17520
16790
17116
15200
15431
17991
16351
16261
14361
16629
14208
14961
17014
16770
17140
16434
18730
18279
15556
17600
17108
15368
17719
17779
18096
14693
17086
16640
15405
16014
18635
14475
14059
16243
15166
17273
17827
16073
14303
14860
15195
17074
15076
18680
14282
17123
15638
15889
16934
16833
18291
16471
15221
18777
16959
15421
14460
14128
18594
17277
15954
14665
16576
17803
16396
16254
18268
14124
15086
15592
16023
18249
17423
15746
14681
15522
15418
15208
16318
18619
16730
18477
14947
17670
17678
14962
15018
18153
16435
18446
17614
15534
17488
14274
14424
14178
17485
17803
15540
16808
15965
18049
14232
17720
17476
15821
16448
16043
16829
15241
14983
16494
18001
14614
16586
16314
18355
15304
18500
18610
16634
17801
18740
18617
15043
14098
16065
18697
17845
15891
14290
16754
14660
16528
16720
18230
14441
15149
14977
17661
17119
17920
16952
18575
14383
18352
17097
16535
15730
16428
17302
15988
16448
17701
14875
14160
18104
16521
15940
17970
17298
15119
18243
16423
15890
17202
18127
17062
18749
14861
17369
14734
17239
17182
14486
16732
15659
14455
17510
17690
18406
15883
14876
17307
14629
15543
16300
15002
15475
14604
14686
18110
15875
18528
15412
17752
14598
15628
17621
17928
16301
16929
16364
14699
14980
14665
14783
15212
18118
17651
16569
15361
15868
17227
17023
14764
15343
15545
16420
15898
18189
15601
17023
16150
16589
16618
15400
18496
15737
17831
18448
16765
16660
14201
14517
16441
15808
18745
16308
14466
18725
17396
18470
18145
16750
15738
15427
15738
14587
17976
17092
14847
14662
14839
15738
16826
15040
18238
17227
17073
18018
18033
14844
17932
15522
18434
15401
18126
14158
15970
17753
17849
18463
17381
17610
15857
14449
17950
16963
16822
15637
14101
16899
15428
15167
18739
15944
17386
14344
14442
17464
17686
18320
15848
16324
17750
16907
15846
16627
14850
14188
15539
15107
17816
17495
14911
15353
18145
17734
15566
17077
18063
17889
14131
15256
14530
16026
15425
15014
16427
16731
15790
16488
14351
16153
17313
17117
14927
17788
16298
15635
18217
16761
17224
18276
14894
18133
18315
15149
15046
15540
16257
15347
17411
15660
15262
17484
15316
17806
17747
