755
8
1498
4021
2
1
21856
160
2
209
82
9708
154
17591
318
603
2
35
617
4
347
715
48
59
252
320
3270
6112
717
3
2
477
4
284
3
13445
15
16
18
382
505
3
8891
16321
10
1133
6
8
1795
6
9290
1533
16
74
611
6743
200
540
1065
204
9
13
129
3
515
3
1561
187
1876
3
89
3969
93
9
6537
9
4671
63
8
1383
998
2301
791
34
11018
1
1574
2708
13
1130
1354
1017
12187
4
179
6848
310
31
28
472
2956
5087
201
25
9
24
3162
4
13
4
3
968
5540
4
88
6321
2480
11133
50
11454
2
3898
2486
121
8
321
87
206
138
1
38
799
286
20
13238
1347
78
5
5
23
14
10
10223
19009
12
5
80
8080
459
296
1085
314
13068
20755
14
51
1
1276
17
6
1
1549
3589
18
522
7
117
70
13204
28
153
77
3
3
32
90
3929
55
8664
4
2
1
13
11754
1
18
2
112
4
37
118
4471
210
6049
9387
5910
11815
9
213
21
20
1940
619
1640
58
2096
436
36
18620
96
6486
983
6192
1905
7813
80
912
1019
5497
24
655
4180
30
13726
2506
514
1
11
6
67
326
2
20069
10
22
2157
131
5167
56
8
509
21
672
7753
95
368
152
2779
7
4
25
22
703
116
2
21913
362
156
151
20
1
7535
7
62
36
14
2
21576
924
20
83
19
22
740
723
26
446
12900
2888
47
92
246
41
365
4
148
42
205
6673
7305
12
10
2
5
2673
36
10
22
201
2995
2
3
3382
11513
605
586
173
36
166
21465
11573
30
5180
2
469
11
9
1330
1
4
56
7574
3
164
9
1606
10877
13
2611
73
4540
2140
4
8
24
9
73
2283
95
3990
132
56
3097
4
6470
582
2743
128
544
4907
3042
20863
4
868
4
1809
2829
12
40
2
1666
344
20542
2
1250
3
5956
71
598
26
117
3178
28
428
4647
3
259
10
135
777
325
2
299
6272
345
1376
18145
2043
46
2
1033
4856
3452
102
10
8960
10118
43
35
163
68
6
21632
398
7064
527
8
431
20809
2
2
453
146
5759
17365
70
3
5302
13
4073
3
195
1087
288
42
3278
11249
13655
4334
19
75
3364
1263
2289
8
100
664
1076
484
1110
42
7976
3050
8
11
1441
8443
131
4945
23
14718
11
3146
1670
608
2
8
5
174
1
746
6
110
9
14379
1365
10170
1
898
29
7230
37
5
44
2
4202
15781
28
2467
1598
5343
138
12
191
309
1
100
557
5
462
18862
10849
3
47
139
3
37
86
95
471
6
665
13
26
10
118
3
50
14491
41
555
337
2
2331
113
11424
393
13
2
26
1518
21
56
194
1
13272
152
5598
5
81
35
5656
13
6
22
113
31
1
122
17142
1749
158
1847
159
6503
2059
160
32
6778
7119
5261
19356
104
203
5385
2
5
10039
10599
3
13976
98
6
6420
97
55
157
3
26
24
7343
14986
104
16
68
5774
7
4
37
1
14
3003
8185
215
3065
60
659
1
4312
180
196
6
1
16
44
1
6
12409
1
2429
5371
1644
21
1683
2392
71
10
12
3
97
3534
4
5455
6081
1456
3
99
7
3702
1632
2
72
2053
11
1
13
15
12282
29
1
11336
16195
864
19256
2461
60
3
1049
108
21
45
17098
23
14529
57
27
693
64
11
15945
2
107
49
5972
7028
64
15
19863
2
409
69
121
178
383
71
19557
17010
120
5
234
39
30
506
296
57
6866
3
253
14
234
271
4213
15
60
763
7
9
822
638
50
761
141
1412
653
3
2
494
825
1127
917
6
1313
17
179
2
2
808
39
8399
41
356
1
43
3
7
3
27
1
237
1327
121
3
67
848
17820
354
6370
42
1692
10990
3081
218
33
1
27
28
54
7
8
2837
21
678
5469
15
22027
981
299
1569
1361
4
5
342
1
594
2075
12669
2
6
7174
4
13
767
221
10962
8
89
100
8356
970
334
2
1
18
468
1886
1
18429
94
3
20
3888
4448
1
10
238
229
2519
50
29
252
6
278
18814
20
4958
214
452
17
3
625
9
21970
37
7
87
85
2
374
4
39
9219
1426
97
1
685
367
1996
221
14
993
102
8
1925
14871
3
279
1043
1423
574
144
208
1160
19
1475
1
3390
222
152
2578
74
1
3711
6
8
262
244
7
9
1871
3
6
8983
1228
41
2
2881
676
45
23
177
11693
2
3683
34
4105
45
8
19
377
1483
366
1006
32
72
66
4289
228
1184
8
49
1
27
3
2
17
43
2022
7
17
859
16922
938
155
52
32
199
1736
285
1955
1
2512
17
3203
1754
2
1460
231
1
3
18
1895
17
8
32
145
143
4623
1
6
12571
1303
211
21
5
65
814
3295
19406
7
4
13
21744
59
10249
3515
480
2271
19
10
45
713
29
1
12833
8038
19761
434
64
24
6
112
2118
204
953
2
5
339
6
3321
1
8122
430
295
141
857
4459
5
1
4
59
1
2591
5641
8777
54
260
39
336
33
10682
8
12
7874
910
3543
44
4
443
90
1
3479
1
35
1950
13410
15
2
2545
142
161
6
154
2102
4720
33
6176
346
3
1337
11
4611
9
12
3408
9558
1
6571
16
2
54
39
159
104
9
8
9509
699
518
1
364
3154
22
20971
2585
17
15863
93
2964
7
835
425
11
1
728
4042
8642
76
3
919
550
725
552
710
536
9314
537
68
31
96
136
48
172
41
3
1
267
2
8
48
19608
8378
157
3170
122
9
2903
2
57
2
4
624
4
189
1025
866
14
5
5
3848
7
9608
1200
41
375
26
56
1487
571
16
2
32
34
2
114
202
38
11
4
3461
53
5
1510
492
1991
4
2722
153
5512
20917
2
9411
44
18
5048
10
8914
1
188
4
10144
2
20436
4
27
264
3
829
2
4
71
8335
41
415
114
107
28
207
10
4031
6
114
936
91
117
164
90
4794
17774
11220
3
2
177
6831
190
8101
16966
24
1565
2
53
14268
6
4256
3
3760
10
727
9683
2687
271
51
2
212
3828
89
196
9
6955
245
21
2011
3
1
1
219
635
13
10654
2
1027
41
39
1
4
2
20489
8553
4301
568
1945
12
2
6691
545
6605
2
7555
988
5
1
1
34
58
6
8465
543
18476
68
74
67
1437
8421
18
951
269
16
5248
3
3
14012
35
510
439
324
17231
52
6
9100
1
1
26
4
24
60
4278
17958
38
4
38
38
1833
1768
23
738
4844
1
17
25
1051
1
107
64
9910
11
114
3470
420
5100
36
94
6
6991
1280
40
1
1
1
119
19
150
3636
6002
576
119
3959
5
22
21
165
1372
507
12030
7
1320
2064
11
12155
6
169
1215
5
33
2
248
4
650
331
2191
497
1157
7956
176
15103
1545
140
34
34
67
2
13
314
29
91
257
16576
63
24
10
8
17
29
10933
606
94
1653
30
197
69
28
13
384
3
159
597
5744
21080
335
503
3570
18239
1419
14121
94
14305
2179
1
3
11603
3607
3
84
840
132
44
695
4148
11
893
2
37
2
18960
133
8845
232
3
6160
134
4
2
38
3580
274
25
1
465
111
2
6144
21688
1187
16
12345
47
3
6256
2
13832
1209
73
16619
324
8292
73
1
2
3426
2248
39
7
2551
31
1
812
1723
1494
20
4
1900
35
293
7
482
103
1122
7439
8
1
2
6
7
489
13
15458
10793
2225
5
6
20383
18381
2295
405
564
2
4169
2618
7009
15822
18
7915
2435
4
1351
24
10
427
3
28
3
5730
2
1
3
753
2
15904
4
10
2
7713
66
2349
96
1700
307
99
554
12967
3552
98
7286
181
2442
996
1270
41
60
317
77
52
1
12
42
657
7212
3939
19
20595
149
20
387
9
5
2
2
797
36
2
11
13
13620
192
6065
2694
140
6884
8
8687
19207
3129
8
16
34
2113
6
1674
538
2
63
1
2
18052
215
10
4482
6224
8
35
9
147
11
4345
1253
3
228
8531
816
18
4158
1910
1151
15
4
681
5834
419
721
369
1079
9436
742
22
3
591
81
1369
6
16
292
9633
483
926
1107
5864
1
4819
674
80
9030
17
10065
106
136
358
2
712
818
10
15
9
15
5022
1011
3417
3
3
45
583
7362
1273
79
2
349
1
3
3
1930
16069
2896
13904
29
31
21
2107
6
6
1323
93
2
5
1
2
4869
4
3
1
17
2
765
92
30
8
1296
7
642
632
17728
2
7419
12377
647
831
407
8822
3105
6
2
943
27
220
2800
64
1247
548
5035
877
4494
775
1
21520
634
102
15
5
14085
30
747
17
175
3
13102
63
272
75
450
1
6
487
46
13
57
862
35
25
3
98
4683
49
2
4
33
3287
14
5987
351
447
13
27
2625
280
258
551
1842
27
5700
3304
11
14
4402
7733
1300
1
14
146
7693
13
254
86
110
773
4881
3
1514
6
2
1800
1035
2
3245
4
7793
744
276
37
873
18
43
2
7
10
2129
19457
4517
79
19
289
11
7046
922
5
26
2
111
25
570
342
7324
1293
789
2448
4781
934
5
880
896
3664
1001
11
9885
1096
432
281
22
660
255
7
4
9338
1394
75
106
6
133
242
11
18668
592
2454
105
29
5569
17455
13
1
3
11
1
704
4390
373
7
23
251
39
1866
11395
287
19157
5
330
5
21
125
9266
2
3
36
4
485
5
853
13584
3
1
7833
3750
32
16
5288
1
3
49
44
13000
401
9
7458
22
75
23
76
2
3731
3
5
6
10
3
1234
3211
18286
3
34
332
3
9
8249
19812
19914
50
4529
10
1
15
1
17320
6
9053
28
16153
262
2493
6018
14
810
278
49
4757
27
9
4
565
3779
2
400
948
188
15064
580
2918
1
33
29
1881
23
3561
27
12
1
9
3253
1
21
203
112
124
4
323
235
1857
403
2
1537
319
1981
3
2
6
17
40
2
161
256
3338
18005
3
1408
2
9363
10409
3
5357
218
7516
9
2
719
1
5
2
6403
973
9
46
4
172
20
4368
145
11784
2
14158
429
1099
18
5
2
466
496
184
490
12
148
1
10
306
2
2
134
2
5
289
3330
4
167
7268
23
1401
2
1805
806
12
69
88
1
23
205
5
1
33
1119
264
11968
2027
61
2
9195
2
15
1212
149
27
3
16
25
4659
18192
12124
56
5483
2
3506
247
273
19
8937
249
14
1777
5
5526
101
3435
396
5
585
31
43
7
111
2
235
16278
9
48
10
76
165
109
38
5
422
6554
473
463
2202
11543
18765
13
10545
7
1975
456
5153
5
18
6288
8
1740
20
588
1434
499
322
1
3
5895
12506
2
47
5207
9
14454
17
21244
293
216
5804
2
411
11663
2
29
36
335
2
130
1970
15659
2
1648
1286
191
10302
40
18911
11845
15987
1358
2786
9
101
82
7
6
701
669
9007
149
414
3858
129
795
13690
6902
2
9
9
202
45
2196
305
6
77
2236
14
2
1022
9
958
12093
5627
19
8732
290
211
125
4
3113
629
20702
372
8
11
6795
47
42
2
2
29
833
16
1166
1
4
17500
1661
1404
1
941
567
15
4932
2
206
16662
243
1
2185
40
151
168
181
14
371
1041
169
237
176
838
1136
119
1814
3026
194
1
30
804
2
1172
15221
1
4084
15339
15025
1
69
83
637
956
2168
75
732
2987
1586
417
9859
16
2
1696
3
7381
4831
530
1
72
6
62
4
128
846
2757
2
1237
5441
247
58
1
8
11191
19
2851
1
2652
2162
445
17410
686
7
1623
49
20
3799
110
3236
2
26
1553
7
131
81
3
4
1
329
86
1060
101
17866
21
4708
1
929
2815
6
183
14
9124
10
3
47
20018
3692
1306
15
1104
8059
474
1
13868
1
683
126
126
14
36
15538
19
26
276
47
589
15
616
78
40
22
222
130
4919
1
14
783
3
14342
18572
14
1030
1415
14604
1257
3769
10905
2355
115
3443
10463
1791
5
1
2231
52
3
12538
7773
2
2
267
2
13
517
198
2
1986
3
10572
132
1502
33
622
6096
3
7
391
986
697
4696
303
46
394
8619
13
348
6034
2219
1218
645
3
67
2771
1
15299
6337
66
3
2571
1
24
4
7
2213
2
20173
1525
1611
12
3
224
82
5
736
44
124
1
22
1397
12
76
1557
5
27
28
8597
313
43
14049
2386
28
1687
3195
513
4732
3598
243
90
1090
2750
5
89
5
1341
20331
5127
14909
7673
20
5849
281
10
5
4
238
55
5114
30
15579
1890
7
12
79
6
2764
70
61
4
2038
170
2208
2
4323
84
31
404
1
851
232
1
19710
11
5
730
18334
13940
1
47
1915
134
16
21
4
21800
125
1071
3645
10
8143
855
7
319
1390
10490
96
5
8
30
5
16236
179
1169
130
13
708
62
4552
156
193
1014
250
7
8206
12
1178
16448
40
4
1
68
223
8
7
21025
189
53
16363
167
3740
2525
15181
3
395
1763
1
378
143
3
128
3918
158
11
15418
18
186
5
9
5
11
1057
63
1709
55
3034
1
36
5
6708
45
1310
105
236
4234
11876
12636
2
12
28
1759
488
3
1522
8
4116
84
62
6622
2091
1
1221
2499
16
155
6
1266
1619
37
2911
27
493
424
117
1
6
20648
123
108
46
227
3373
5
9733
7400
12250
4191
3
793
212
86
963
5941
37
4996
256
15
392
306
13306
13549
250
2124
381
7
80
14
26
380
15498
21189
461
6
9534
78
18098
1529
360
9460
198
13034
6639
12603
16
891
1627
1430
2
11
2398
9077
31
3
2474
20
525
3
213
13375
19108
6354
2
88
51
2
3
541
12062
65
7
4
13170
1142
2822
15379
4
11633
137
1113
19966
109
3356
4245
11307
7653
46
2
146
2
11907
5
11999
2
787
154
249
12
31
2
6128
9658
19
13341
12
166
14
127
19
2260
2
14195
30
161
7
65
4
10
43
1
8
3
3
19
3654
1602
502
22
6240
6
43
1193
116
3220
61
9484
437
343
1
13136
19306
113
3
15
4436
454
2
64
2
33
3
17186
13
54
643
4
26
5061
14
7
171
10
8
2
10
2417
905
1101
8800
1772
1823
379
6656
15
5413
14
2
2639
10
338
1379
118
2
2
3673
1714
245
70
12
887
5
1124
4379
9
25
52
266
519
8754
6
4
138
42
1590
14
2949
150
2086
1449
3838
316
195
58
4
1731
9809
49
8509
8
225
577
261
6
351
6
3
183
59
51
3
175
1
2146
376
35
9
3
6453
412
32
3789
32
2941
595
14566
4
7
1506
92
1
1068
57
12
2
5
310
225
1
182
81
10356
1
11
562
18
8
1679
1861
476
11075
308
54
85
1
116
4063
123
7594
58
560
1582
602
284
21134
63
7193
6520
27
50
16490
10
230
20121
32
9
2017
51
328
2069
291
7
3347
9783
7477
8709
12701
5
1181
3878
258
4
2337
45
5819
112
62
171
187
20
6
7
6208
164
135
416
190
120
771
12800
7249
433
7633
533
4094
5
7
4894
61
100
5
58
144
1745
749
2565
679
4267
914
25
78
23
12
93
9171
277
10
9
5194
1781
5685
3010
9583
1657
5925
12933
4
39
1727
1
8313
2343
23
282
48
1920
7
180
2
5
52
558
7
147
25
265
1960
10276
8270
1
3
3
421
21299
99
46
5
217
2
1386
4011
72
2242
2032
8018
2
2
4983
16
2659
5555
12
907
3908
5
31
4600
3
10821
275
521
1334
16
42
759
273
9834
389
151
7156
22
9936
9
20
2
2
2934
231
1154
5
3
3
1
1241
341
2
2859
1190
12
900
844
362
4
2
38
174
4769
440
14
3
3626
2558
3
34
2361
48
8
21
20
1073
2844
4425
30
11
11484
97
14832
1
2277
1206
1
20
10
871
640
4223
781
85
44
3
4
28
3057
3
779
69
2379
11
2
15260
2
298
4806
24
287
17
2598
6
311
1718
2
2
60
1
7
2
547
26
946
6588
23
12314
9
197
757
240
8
2
327
2307
12734
22
126
1
5
34
4
6973
37
11
6387
25
2
1
14680
188
3
8
630
3
2410
2325
7
15
3228
139
11
254
441
40
18
7
960
8
621
33
1615
667
2
140
19
648
2
13761
10737
79
87
16
3617
2
4357
7
2
5671
7997
1
1244
4
8575
5
19058
5140
74
137
85
16705
2
1471
390
1445
17546
182
690
65
11365
98
2151
38
101
178
136
48
14416
5
4137
17
352
769
10
363
1
59
652
18524
8
2
8868
2
5
88
294
1490
14
33
340
10
16405
53
63
4
4588
9147
3
11
1
103
10
143
24
4576
43
4000
6760
4
1290
455
168
312
156
18
6813
297
167
17
4
2538
192
2
1009
4
15
32
5
706
21
4
13479
4
67
1225
2
442
224
15
1203
4
1
121
25
58
3488
25
4
15
9
2666
6
11
11938
90
423
9
10436
76
1852
5789
141
17
2
12
102
1
4126
16878
1
11047
1
1452
8
7137
48
12
87
1148
573
2
2
207
17
1
229
361
11
17
66
115
12218
2
1038
7854
29
2135
14
7894
7082
38
80
170
671
25
467
95
1
1
6
6
71
2367
6
534
460
81
20226
5
1
2373
24
9
7
449
2
50
3721
8
72
184
99
6305
12
127
350
21354
2
875
5583
11104
3980
8
15142
7
4
70
2
1163
3018
19
355
13797
11
2
10013
61
4
3
498
418
34
300
66
1
1139
115
21
2
53
15
73
186
889
1004
174
32
24
359
4
77
1479
2
65
16533
1935
2
19507
82
2645
931
1317
692
5880
3
135
162
55
1
45
74
2736
13
1
501
5715
2
3
16
5
4635
4
17
17682
5009
5
5221
6
19
92
7
5612
2
52
85
4052
12
1828
16
28
16835
1837
801
2793
9988
978
53
268
16
105
193
210
4
2001
5
14794
6
122
75
29
57
315
6
2404
60
406
14
4505
10517
217
9758
975
329
108
7
263
110
103
1578
3
242
25
15700
4
4
3
16028
19659
20
62
9962
2
147
142
965
5399
65
529
8228
16748
2701
1093
1
2
14
4
59
7
3949
3
233
50
10765
40
23
12
3187
2265
26
83
31
1
2926
526
52
600
8
5316
16111
4
3524
614
21
2
2
386
44
19
9
410
1
124
17
2080
22
46
17912
12
4
87
2532
5330
523
18
2972
304
1175
3
2319
4
402
2
2866
39
162
4
397
2632
734
16791
1283
185
3262
57
2807
16
6919
1062
3
24
1
2
8164
2
127
2423
10627
82
5
3
7
91
283
448
991
3868
35
7101
220
2006
2
109
70
84
1819
61
10710
51
20278
23
239
1
15619
17054
4
827
479
11
6436
23
18
19
2
13
5
2
2
3
18
3
18
5
1965
5
185
1
3
106
3121
9
2680
3497
1786
4
91
457
1
3809
2605
11162
12767
302
1
4564
5275
208
31
4
78
144
20
2729
14642
72
6937
1
5
216
301
2
561
11723
123
19
241
357
200
84
5234
15741
270
226
820
8
35
55
3
21
129
14231
353
6
6
9
2
1541
751
2
1145
3
108
884
882
260
173
18
8
2
269
133
17276
2874
511
11
2979
2048
1
2
4
903
25
6725
1054
1260
13
613
7497
40
8
438
3312
388
662
51
3
4
1116
24
385
240
12
1705
9242
11278
56
399
7
30
1464
10329
531
226
6
12867
2254
1
3137
12442
7614
2
42
4970
3
609
478
2
15
12
370
3073
3
5
21409
5427
1344
3
627
53
1046
17636
83
2
408
842
5074
12474
170
4
4744
1082
2715
10
579
22
54
105
10382
1196
333
302
13514
1594
3399
18717
37
103
3818
12
10091
15
27
33
5
106
3
163
3
23
54
14948
15
688
1636
2
68
120
1
1
2313
7935
55
49
5
4
1231
30
10196
6
77
8487
35
7
1467
2
6
4413
14756
785
3089
139
2174
