927
1
1090
3
4
959
192
66
6590
791
131
4141
10260
2
391
19
28
81
1650
2
483
325
312
55
8020
26
52
540
930
8
2
44
2
2
3
1
2804
47
7
2643
45
2
82
2822
939
11
2546
62
7995
430
24
4128
314
1
12
855
156
1735
184
41
7945
2151
65
1012
4720
5
1
2
968
5071
3424
9
1
6
547
3
3
2902
1060
4193
6
14
2226
1812
1
4
92
97
46
21
4
3989
6756
2530
503
305
12
2
2
1795
47
159
13
4
5817
21
36
709
225
72
778
6
321
241
3644
1
766
8779
40
14
17057
2538
69
14
2
2676
3
9
41
5
373
489
1
22
2
15631
3
907
35
1
37
529
194
8223
21686
3701
8
3392
163
17271
18788
796
40
292
166
336
2
11023
4
2
64
1080
4
315
7213
1
293
7921
2
4993
16
3
1
17
1254
15
15
5603
15
234
691
7465
4
5
62
769
6
12
17
23
45
14640
1
4765
90
24
18211
3
38
2813
119
13
59
21551
1536
11
9403
66
105
35
1
7
52
15729
57
450
270
7281
15057
1070
5908
19
654
13
2
26
1201
15
89
759
140
229
16
1239
8248
1
19083
32
8
10102
104
566
39
1
205
3288
1274
180
3724
4
57
130
30
8
13
1508
182
119
72
45
7
720
1182
1
10
5331
3108
24
10487
37
1852
28
222
15926
5569
6
522
9976
1132
17
263
8
470
410
1243
1
34
14
17
6948
30
2131
1
2199
46
151
1247
55
172
267
16
11
91
4326
6735
17818
15
14
104
14324
18613
1
495
4633
44
811
144
27
6
4
1
17652
16227
295
5534
158
4533
23
8
42
15341
15876
1
8725
551
3554
1
5
11880
4916
6488
237
6
1
554
2
2
6
36
12104
402
20248
11
16278
8945
31
13374
10
5
18
25
2053
468
6348
10
485
2975
62
10
6927
42
3022
79
9
9
3
11587
21
2701
5381
1231
7
3
23
12
145
537
34
5087
599
35
2
89
15
1917
19
3477
138
21
8697
1947
5
9
2
3467
11
86
21218
1212
1
104
527
3
120
17985
783
3
216
273
3807
75
9
13
4421
1
15
269
1
2192
286
5183
18440
7
2
1580
6714
13
3
1262
128
1
6407
11
58
129
918
4809
3565
12527
17
12
105
3
74
1282
113
577
9
399
106
4
2893
8430
818
25
388
91
8300
10
1807
113
19
23
93
188
924
55
971
1522
8
11
8
1
1953
31
4449
1965
261
250
6884
3
6
214
1784
9700
1489
1923
10
6269
12
3830
4
15389
1139
118
2693
1494
465
727
73
58
387
129
4
1824
586
123
33
534
2651
7
1
1270
9
1
218
11551
582
6001
305
42
14504
942
9200
27
781
452
7014
1094
1053
3939
108
1037
117
1
2219
20
12644
5
25
844
467
16
294
679
3
2
54
648
6
33
239
17
21417
1480
913
21350
19626
2
14778
210
2
474
1005
20695
421
29
1835
8
56
3510
3
3
40
55
284
81
2
11
64
407
190
3543
15
1471
3
9
8378
6528
1713
4
6862
22
41
860
24
86
2911
1818
6
1356
530
6841
3
1348
2
301
556
17379
153
622
17930
2
829
5
7
6610
1
944
748
1570
157
437
162
9228
14
2
36
12
21
13542
8
11660
14191
716
1517
2
11162
164
1
13
313
16
69
552
3402
15
2
2098
2
6549
9
22
921
108
6
72
17488
6
115
71
801
6
8
2399
366
2028
1
191
1412
2
259
31
8146
3
75
207
2948
7036
7
2
386
125
122
5
977
4
70
5872
51
2059
101
1724
2240
2506
9
12883
16
2
10325
21284
12803
3
1
3
1484
281
2
22
118
13971
6
1
24
9257
53
3
9945
9
993
6
120
5008
92
11
1
27
8
94
2
8917
221
3
142
358
11515
29
738
14414
10
1531
9640
219
183
285
664
630
43
401
265
15
725
74
16
134
10
168
132
1565
4
592
26
3576
2138
2384
1
12256
90
506
3197
65
6289
2283
243
9
16
339
607
2
59
2
14
1087
10552
20
80
2079
234
4794
134
7
33
1887
382
2326
1
45
1
41
15778
5763
1360
1546
670
18
80
16
41
1395
10955
224
45
32
14146
2
2
2594
71
3818
6905
1847
15680
1829
102
2618
1314
138
7
7
3
1881
5691
4647
757
13755
764
217
1
7
3
206
5
1063
3
1034
8
151
19
1160
1858
12067
1729
980
821
3381
14732
232
1893
3060
1
135
24
4
12218
25
145
16741
4
40
351
13126
28
16
16076
31
1142
2002
15
3521
12
171
3655
16
3041
38
425
379
3976
12
2
18730
5414
885
6
6
3098
5853
28
8862
70
5
7080
91
372
652
2
11444
3
10520
85
1905
4
1
2
208
167
7774
1
279
3
2857
2206
4931
50
1620
108
3217
1
251
32
5
30
71
3927
638
2111
27
276
9344
175
12
1168
4394
110
99
12371
4706
1
1002
6
10
20
390
42
3610
4
857
143
9521
19504
26
9550
5135
5
73
50
15246
51
8
1024
10357
369
4477
2422
1266
10
4
14
8643
8
311
2
687
357
2866
61
2
696
6
393
12
1555
826
38
17597
10
519
6172
87
1
1135
51
4855
23
4547
1220
776
160
43
53
7
110
94
1
133
16
16689
10
26
702
5281
3783
579
20759
7
186
10454
5
9
306
397
454
6
823
147
223
36
8
1
2040
63
581
277
5983
936
1697
2145
39
39
33
2
30
14
21
3207
76
1
1801
2178
3
7750
11623
238
2
3
3
2
462
220
640
33
137
16
451
45
517
1
8
78
53
5499
1605
17433
915
12449
2684
11092
15198
9731
984
327
3
2
7
950
131
11733
16176
1
249
7
8
7
526
2796
4
48
1150
6
13167
67
146
23
9
2
167
1452
11
11696
5232
265
3079
49
1430
331
1682
7
2
1205
121
88
8
11197
10819
53
85
15582
10
24
76
20
1864
4312
11302
375
1
16482
3
2475
14
408
248
2957
13250
3
19024
8
36
4
25
11
3866
23
88
15
10008
6
5
3
10921
103
1175
3
5
1146
901
77
11
137
1996
18
20
7630
33
37
78
4839
136
178
179
56
21
46
15485
21
19444
20
890
7
1
2
689
1421
8326
2
5
1
291
121
603
2
272
304
933
5
488
8
95
29
6672
12923
2125
7582
132
38
32
736
302
18
4014
3964
35
6
21086
38
868
318
13004
27
8
3
54
20630
6387
18847
50
49
44
10585
21821
12
35
1335
22
8752
392
38
43
904
6
10228
601
268
174
422
80
3952
3
700
298
111
17542
2578
1
31
46
2247
9029
803
34
568
4519
60
26
16
178
100
2
9
32
5
297
203
244
12
3070
5835
16637
77
752
109
4285
39
101
1
58
403
2920
899
2
196
3157
2
1352
788
5248
61
2
3308
6191
196
253
419
162
247
117
28
365
31
340
10989
324
681
215
2233
14
3
11
2
22
2430
7
356
2
8
3
106
4154
7535
26
19
9315
5
4
7
21
13798
202
57
36
8
542
7488
15
1
77
1083
4
31
1278
6
1208
13
9853
1
11
19
2
18098
2437
1661
2268
831
81
7
16
3499
97
896
3
2
12723
3
1656
584
194
505
16
4977
72
1541
1941
18
114
20
49
2355
1
1625
4463
11
2
3
25
5551
13416
5
1343
3
13
4
2
1
7
4339
5
13841
5
10
1193
3532
334
1978
6020
3
276
4026
359
240
4435
30
65
2884
204
762
5
1104
149
51
5
3
16
51
2483
76
1040
329
123
23
847
4366
1
95
11
1
30
166
12410
1
33
8536
4
6249
3360
7
300
320
2009
317
173
6230
37
18965
6153
49
1870
2
52
14
3878
10
1
2966
17
412
9171
14059
5216
500
22
49
1757
4
458
473
346
2761
256
9
1911
7
2
9
614
99
4
62
14235
3771
6
54
176
69
1
9761
1190
48
4
1331
5364
1448
1403
1
172
9
140
69
14369
9373
2939
2735
17
4962
8352
3
5465
443
1
774
6115
275
5
37
17
4051
953
165
1294
29
97
2769
280
150
793
191
49
29
236
15
67
445
261
15
137
9
24
8274
10039
1179
20311
2
7
40
10133
6970
1171
82
514
82
8889
185
46
2570
32
17110
13
90
98
4561
201
7327
394
2034
88
713
3
5
15
14686
3
4
1
20
6039
24
7419
7
4590
694
9
20438
10
213
141
1
11
6992
1676
219
18
83
5
60
1615
2
348
516
1118
338
15437
11
6777
624
5781
63
40
428
19
3
83
2586
56
1
332
102
1114
464
105
1
54
4
145
634
8616
3177
1610
1373
31
2445
11843
2297
3
110
646
86
308
5
2370
3748
1008
2
5
151
1
20375
8
181
1899
16430
56
6468
114
28
5347
2
7
1164
47
4
85
199
84
4604
4885
242
2
16
4750
51
126
1157
13500
2118
29
4735
2
1
8
660
13
14917
2085
43
745
4115
19
73
33
3842
750
1475
292
19749
3
46
999
26
7
12
87
5
1258
628
32
2610
2340
155
8
2
2
16
10292
1306
22
411
18
10389
23
3
36
1640
107
200
5431
202
3
70
4
11806
181
4
14
154
7512
14
328
86
20824
83
89
79
3247
246
19
112
2
2
2
3
371
2
19
3
23
150
39
2
5
43
17
2
68
3032
743
7726
9057
231
2
193
107
6
636
672
29
139
7304
16898
135
376
287
20059
42
4
947
245
63
6
111
211
9
4
20955
2
5
2727
10
34
6
15976
6134
808
125
18
4
2
6820
618
38
8
2092
20
18
26
3
2659
17
2562
54
18497
5927
3
19383
6
77
9114
1876
154
1635
381
731
3
11337
4575
93
73
14963
11769
573
148
22027
1319
12
2460
20
10197
3298
10
34
38
7
5482
2165
13
3713
2
82
2072
164
206
1
4
30
2831
3118
2
4
16328
4780
492
174
734
1047
204
4259
1503
2
444
6
230
1
3678
404
1984
457
2
494
22
18
2
479
6
3
718
3350
222
7
1719
1
155
3
1
6652
3147
19
1790
363
18382
39
378
1762
3
68
2
341
3
4
349
13
6368
361
6
4824
75
575
37
4
1
1740
11408
1
1
5
20185
2848
1031
270
2752
18906
2066
1186
40
190
3
816
12763
13333
19143
6
2377
16793
24
5674
10785
227
18
3318
243
253
1645
4
24
3
16533
98
18042
58
2
879
12142
4
2311
476
10
4691
1
21618
4
1841
1
195
16126
3795
17164
75
7442
169
1929
10422
1751
6058
7
1
32
7124
6
2
13
10618
2
126
8
141
4380
3277
722
105
4
6798
2348
171
360
37
18268
67
7350
1
4
119
113
68
7
22
3
26
16846
2
3339
3
1235
9914
3051
22
11479
2319
3
95
62
17
8834
13
5709
3
1128
13928
6308
5
17
42
5448
2
10
436
6
47
707
47
19263
5
124
156
755
10
866
3
3
25
115
13291
2172
1111
2839
2
502
396
43
78
6
14279
74
2
48
6
1
662
2
5103
2105
60
544
96
644
14824
71
21
2778
3
333
296
124
52
2
209
2
6
2
887
1590
14
3
565
460
1018
59
9
4
597
344
153
79
4
10
22
2499
1498
257
658
23
1708
8670
2718
3413
7871
2491
435
1
3434
37
561
1
4
590
22
309
6
127
491
353
13
6508
20566
1
18
98
20
142
5
201
19
1527
14
18
66
6077
40
266
47
8121
1
29
94
4
12964
2290
12
89
53
326
3
4
2
18
2
7
116
14
240
7
335
180
5
13045
160
674
1
5167
910
4272
1461
3588
9
666
209
355
5
354
3
3
16
9
4676
1286
1399
1768
432
3
836
498
228
612
6447
17217
68
15534
2021
6
8563
27
64
288
5
2514
350
96
956
19
1666
30
2276
7191
4
1290
3
12
1021
18671
3690
16026
3
4
1153
40
6
461
2
41
570
2744
1
4618
5
12
4
2626
48
1302
798
50
1
2
25
2
2158
559
10887
36
5
299
9
874
5
1377
158
368
10
705
193
415
7
5
20122
255
4
64
2
152
112
4
1
35
2
3237
2452
1
6631
2
17763
1
12566
44
1
2
11372
310
6
56
117
5
4353
57
626
55
539
2
11
1585
13669
61
364
59
6
2392
385
7823
59
2
9580
34
441
1
179
69
11267
876
2
839
2
169
13086
13458
18325
996
5
4180
1223
1100
8096
7
3
3
3759
23
173
990
148
4039
73
1971
2
3445
3891
176
8483
81
65
10
27
15
25
10070
141
642
132
2
486
471
3
14459
290
842
7798
21
2
1
13
15010
7606
1
21
9792
1
1
316
741
5
12
9086
345
19203
217
1575
161
2
455
4
319
4
11
54
37
3267
26
2254
3854
39
19997
8197
44
10752
50
21
5265
189
4245
3
7
128
4
4
1365
3903
513
1107
1
19
4
130
4
6693
11
33
3
882
21
2
532
6328
2
620
1015
1687
1434
5314
588
608
4090
11
3
8
163
5
4
2261
198
48
165
208
17325
11
2
7102
1773
11058
9
15
29
7058
893
1703
42
2
28
563
347
187
593
111
2
3
8510
7970
2
786
2
8
2
2985
2
61
10718
3013
20502
7
5
2
1
92
16585
5
99
1323
1551
7
66
11
11954
31
2635
342
3227
2
18
229
14102
14
3
852
2
4
4
440
656
41
429
127
13
3
70
3736
3
152
9
2
12488
2
13627
7373
3
20
85
262
4232
18
106
7654
93
112
1
35
19873
71
2
83
8
16379
698
8070
11
65
668
211
17874
10
21020
834
511
3257
3667
2333
3
21958
24
19
448
2362
17004
96
58
51
52
6
1327
7678
1
2
20
1057
5
61
3
197
2414
5799
3187
1121
11127
257
16951
1595
4
17
100
4
380
1692
123
6096
14
91
3128
7847
133
22
482
9670
12
5586
2
521
813
274
5
7169
3488
9822
87
1
22
12180
187
101
1671
974
1
5621
10
6211
12605
5398
15151
2
3621
2
303
7
14595
3
226
28
80
2
711
3456
5745
48
1125
5
116
57
49
8590
36
161
13
159
8
143
2047
21890
122
535
31
2
439
79
2304
62
10
5727
10165
4
1
47
7559
17
4407
8404
12
6
15
8
2213
1779
7
3
7702
66
965
1417
9
2
7396
9
806
7896
3
23
103
19323
3
5890
1
8
5
7259
2
2
278
406
2
10
249
121
9
416
6
8807
9461
21753
343
8973
258
168
3
7
4
282
25
2554
2
25
11
27
102
60
2
1250
32
4
84
426
4
14
13
12333
1
1197
10
962
107
1298
5656
1067
524
8
28
10
4900
685
683
1097
546
13
26
2
5638
4167
30
39
20
367
2
1
14
57
4
224
12
9
322
35
1746
605
12029
20
14
20889
16
30
5
384
246
33
4870
254
2185
616
146
2
1044
9432
9001
3
2
729
12843
12
7146
19935
447
5119
13712
480
3137
10685
35
6
197
5
6
1386
128
6
289
30
19565
7
5
32
2
103
1
5
2
29
5
9
1369
63
1
27
2
20
44
17
271
5
5055
15
4
13209
3
28
19811
45
4
19688
118
632
1443
10
136
3089
1
237
53
27
67
215
11917
264
417
2015
12
6
2
1310
2929
8457
5945
212
2
183
98
5040
6
4
1
2
5199
8172
2787
7
3003
4
5
1
157
4
7236
12684
1
1439
3371
27
477
1
95
13
4
433
1
17
23
497
307
508
74
549
14549
115
7
149
34
63
42
5151
3
558
10652
1216
2710
77
9
15827
1
4206
64
424
21151
4077
595
100
2994
87
177
93
1990
15104
3
1077
3
5
68
12
4001
2
18
34
283
4
15
235
11
9491
4505
21
231
34
771
413
28
420
5024
8045
29
50
18
1512
213
226
2
59
43
76
1
114
126
4491
1935
15293
3
5964
5517
1457
1
2407
2
3599
323
9884
863
3
14
5
185
1
10853
28
1466
12294
2668
3915
1
18155
21484
1227
4662
1027
1959
260
4219
55
44
18555
4064
3
9610
199
11
1
13
8
135
25
184
1425
4
1630
78
2
233
17707
24
650
2
3633
374
147
1
130
46
1600
398
11232
13
572
677
10
188
4946
9142
144
2602
60
2875
2
8
2522
84
8
3167
8
14015
14870
987
1050
3
1339
1
2
11992
124
6
3329
871
10
2468
1390
19
1408
6569
849
13884
5
6427
4102
1560
139
1
4299
2
330
1382
4
52
170
11
13
9
1073
12
509
2
252
13585
9286
175
610
109
27
5298
2
283
25
17
44
1
