3304
12844
20296
2
279
54
84
11
44
1485
2060
27
1
16
121
36
10
9
439
20
57
28
14281
1
5582
2
2990
2
2
19
6
4061
2
3963
18702
4570
584
3641
17496
141
63
13079
3
156
2
12
3987
75
469
413
216
12
14720
5
15
465
6534
11
7
4354
255
914
9343
1327
94
379
126
2142
1364
58
383
298
134
275
8557
11
12
2
34
11907
6456
651
4870
23
2593
783
94
70
901
1707
8
65
2
1449
1
11343
2
54
8
7
1077
7696
245
2
84
13688
503
4
14
83
3
44
9
6
942
5334
497
71
1074
1722
71
83
14
16
14810
6282
337
2
10
7244
1
6169
5736
1
30
329
17025
52
6
1
2641
632
2
4
1573
108
2
5515
3
1480
4529
11
11
1467
16121
3619
85
5
1148
20
472
53
423
348
183
170
2
250
4135
1998
810
9065
2455
2747
13040
21
1017
1498
458
12052
1738
565
1503
8
22
3375
80
1
356
825
12
53
15
4024
169
87
78
4
1
7
425
47
607
3036
5
10
4
380
10
1933
3916
8583
18589
235
312
7178
14
18
2229
215
39
647
57
364
16
1691
103
8
2910
858
855
1020
17
280
624
4
6
3
120
742
1
44
2
1
22
11728
1
42
3857
14587
3148
222
2
181
524
293
1
19045
519
35
39
14455
550
8
88
3225
15358
28
59
4
21369
3
14
287
9
7
4930
177
12
5020
1621
5
212
1179
8429
1
2806
1597
9
4797
73
884
333
278
13400
73
6206
457
9
4
1
5
23
2673
3511
37
185
26
31
548
4393
38
12
21827
560
219
144
102
18
8
2755
79
346
31
294
8
15036
225
3
2
12
10452
2
21434
2
1410
19453
113
128
31
1
10
187
2
3
2972
202
3
12922
34
8531
170
1113
16
20668
3
928
66
13159
168
46
270
5
6188
2
1165
3
986
167
276
11551
1093
1
208
6132
8480
16268
17
159
23
200
202
26
340
9147
55
2936
4
72
81
20
4
116
5254
2554
485
1
4173
25
1797
8
4036
2249
43
301
4
11
262
3845
3822
9
1385
127
445
159
7
3
3
774
31
848
110
401
2242
51
126
1717
91
3129
24
335
2078
1348
260
4
3
4
19
11516
540
6
2353
19219
6301
377
2
24
3
181
487
7
18645
11
16820
40
66
3
13482
2697
14
49
1127
351
3
36
1245
89
437
762
6244
49
209
3325
1646
5
1
21
91
9957
60
19
297
15
2
10295
3
2
8
122
8
2
2375
490
7
389
37
2
2
807
1419
1
1
7
3652
120
696
2
2
1507
42
75
5
1
8152
2918
74
2332
2149
8054
145
9
26
1339
471
407
18
20857
212
4
72
70
292
69
800
68
10516
147
5
3
328
79
6113
15975
1234
2
290
45
4
4
321
1765
2
591
602
16718
4380
62
270
12125
97
1
14
125
69
765
3
1881
4461
7027
22
5383
969
4420
4
9
34
2
1134
64
3
150
153
28
22027
1
21
323
12
2
3091
30
2
34
267
18
258
6320
21
3904
18872
21761
4515
15
4211
253
7
1
19
296
1743
3177
98
555
10
7
26
17128
140
5
10048
21240
399
1
628
546
14066
6695
684
42
14368
2
3437
3458
3479
68
20052
19
832
4341
2
14
10676
8
2
6
1
8403
688
2831
7837
33
776
34
6797
4754
15831
229
7377
71
4123
263
779
1
46
182
1
758
160
1
100
317
27
879
5
1057
643
1904
3110
410
2
48
18
1602
8302
2
3
577
6715
14
5
62
185
11871
74
4
4945
5599
235
140
3
28
43
1162
604
5081
82
1402
77
6
213
396
1393
20419
639
1616
1517
3892
1205
575
5
4085
22
13
33
2
16417
14
2531
1858
38
99
36
2
2470
20
20
966
1010
148
1
11240
4626
231
13
14499
10579
96
4
334
655
6
3
15
77
16367
8352
2
57
386
17655
14
17
596
937
1051
10420
925
772
252
5270
7512
9
44
412
14
551
2
37
4
5931
97
1
91
2
2
1
20606
1754
5967
2117
18
2617
895
12727
1223
85
16
215
690
3
48
4
8688
192
1830
11
18
16973
197
2649
10
100
2633
1432
9
2283
10264
1968
9
7673
4885
7444
7957
9808
174
19103
23
30
2945
1
59
2927
1986
3
9120
357
812
10
9231
3
18815
983
5754
580
1
2
735
234
8
4
2404
315
15735
22
2441
494
14765
3255
5
11
2016
760
2
1
96
6574
93
446
1169
21
33
2
12236
1
898
31
11
21630
97
6901
5616
129
4856
8
136
8847
9837
388
416
50
53
508
815
4
1307
484
15
2
144
868
35
17
1
1
13771
138
579
99
30
52
6417
960
2
948
2
3
20173
3315
2722
3810
19870
6039
5667
13
19277
9400
3
272
48
25
4
1454
17602
2
5771
698
14
2
1892
6
47
535
17232
12273
6964
2
55
6
4668
1974
7580
1
9
2195
18309
2426
3235
26
27
1526
6
1
2
2155
1
34
14631
667
3
193
460
12
3
7113
2
1568
34
1130
12423
2
42
2840
1190
4612
1038
15173
2
572
352
454
563
358
20921
9
1299
2
31
2104
2010
108
277
10
283
19394
7
12
2
88
2
45
1869
16567
18930
224
18987
130
156
1323
117
395
62
4
6736
4725
7489
22
232
163
23
3939
141
53
3
645
148
8
8
1825
173
266
350
86
20112
63
1
1992
6
5
726
8
10202
4198
556
733
11586
76
19
25
93
339
3
1172
4
15219
12
116
505
600
8378
1194
190
3386
6225
9631
373
8794
4
3
11979
2
1
26
705
9037
4
945
4960
72
5
210
1
19750
111
8079
7070
906
1956
5005
14
1
1083
85
1786
1
81
861
40
42
2857
3335
80
10
13
67
138
7
5286
25
179
326
228
1
22
830
36
90
5
9897
502
1
70
7
4
28
12
174
121
2
118
4
3
2290
6
1915
2
24
157
41
73
77
21
109
115
191
1155
430
4314
302
87
13441
3975
16667
4
751
1
171
1847
10140
19
920
2136
10484
5222
2269
15545
16
2
24
35
2
1
6
840
7
3
33
16170
9
36
66
1
7200
1
196
60
5175
1792
2
12
4
81
2562
19
882
8
8327
64
21
81
909
11
1029
1
2
10
17709
39
23
98
2
61
41
68
52
1
2
344
90
7885
20
3
7
677
5
2361
19690
3
8982
5415
2235
247
1
195
5399
203
11763
40
105
38
8955
24
9544
5
93
7266
8
1
207
22
32
626
11206
55
1201
20
223
12498
10
79
166
1
13
2
3206
2263
220
2
3
5877
1227
136
55
353
28
4
5481
24
5
29
22
17
1781
3
561
106
2346
467
5366
331
5
15
3294
6
9
2981
6359
102
158
2311
7
68
2
238
3522
1120
5
19
2085
95
76
4
6776
65
217
9
1
92
1540
21
56
3
1319
478
336
1
88
65
25
3608
1
21
39
3
618
2689
615
2
4542
1183
2
15
7
3
1950
19161
43
7
6
12
5
366
17
2516
803
6
528
94
59
12348
7
2123
6076
6838
11
15783
259
1
1288
1636
11
330
354
360
35
769
5702
3285
14109
7
1
8636
122
9
42
5
1423
13
73
2066
6
435
1
724
31
1641
2570
3
2297
11
32
165
23
2
10
9
8
16
4
2004
76
15
786
475
6
5913
13
6594
190
3
160
28
22
5
9
57
4488
46
23
19336
11
1
4682
41
101
14194
2
128
722
8
16
630
11309
1607
6
3
3073
8821
3
25
5
14152
255
692
10
8
2397
1921
157
874
917
8
17443
11799
1
653
7135
587
6003
1268
4
3532
10
1007
6
593
5
63
8
18
40
12766
1
32
1436
2
1
12574
10741
282
19
3
509
6
427
25
3
114
3
30
4
94
10
1
3
107
1535
25
18089
391
63
36
4768
4
219
17337
225
2
2
387
17
80
52
2
2029
4407
31
2411
22
582
566
4367
9
1103
3
2875
2
1151
4
2
27
16
3082
100
5
89
1
15127
25
8
5684
2419
4098
6150
2
271
1
221
19
11
3
2169
753
2738
1
74
28
92
443
954
8506
117
2202
101
9203
14
171
107
2
5
14
13
527
31
5
369
2448
1124
21893
20
6339
172
6756
405
4
2823
4110
4711
6880
70
106
16318
90
2
2
17285
798
10
115
4447
420
19
20
13605
13
7535
95
86
1238
2585
28
8609
196
36
79
728
111
2
266
43
9988
29
8
10839
679
1
7399
2
1702
5
1
1261
49
827
18
45
127
2
194
3
5066
464
940
9660
1626
13729
18
2208
12385
1775
1
9
67
2339
39
131
13523
275
69
5465
384
101
3742
5
42
16219
144
82
269
12
148
2
324
5
4556
15498
12
5
130
133
63
7814
589
7
284
820
12088
17
5097
371
17
598
237
912
957
3
41
2500
9
20
5159
16922
6
3565
237
23
3
168
9
479
1
5
7
6397
520
95
14411
536
56
1749
1070
146
23
6021
72
274
303
8
37
2
372
1462
161
1681
3
56
285
53
1117
11
1
568
14543
6
44
12162
92
10
5
9778
313
13
3597
214
14
7
17871
1
265
1
119
822
45
3
1944
1445
8277
482
21048
8
12460
343
2657
675
26
3
42
3
7627
2705
2523
118
16072
16
4
4073
1158
262
2368
37
35
1048
104
500
2463
1886
21960
17
3
1
4812
116
4826
9719
415
12
10612
516
3
20481
273
50
206
361
13939
9927
3045
5
3416
35
837
332
2
242
22
147
132
142
663
1
1489
71
951
9
83
5985
3799
37
4434
20544
1
1090
8030
7743
2
2
611
1939
5
876
11139
26
4
3
65
24
5
37
1230
5
6
3586
995
397
394
3216
606
3928
21695
7222
8
99
18365
1264
669
8
58
433
17
153
3
27
3776
8128
5
1
3543
230
1927
3
673
8227
5650
167
3
43
3427
1023
1686
189
1335
4
558
61
451
14
14855
11
293
1808
4
16467
10938
19
538
2
2382
3
992
1
2389
1107
45
2
13199
3880
4841
5789
2
338
29
14023
16
3
7156
1
5
25
2097
11943
9602
9
10806
374
2
1
1331
9
2
6
1521
133
2789
2
80
2
6
5448
3490
1864
3
32
9867
26
3
20
2
113
29
9515
12536
4186
25
418
49
27
239
1458
1054
367
4249
9259
2
67
38
50
15405
2
8
241
586
5806
4
9
2954
3
3
6985
622
15312
493
12961
11481
426
1
5
2
499
17180
4
2
2
12
3787
8
143
6
33
3
2256
2
2
40
149
19
1389
1257
24
1962
11
20794
172
5
638
44
1
4
314
28
450
1
10233
82
903
2797
59
249
169
25
1
205
233
434
9
37
280
6634
14238
11412
5432
5
9748
12015
76
1415
2
13
1
2539
8
52
18420
9092
1578
5
8005
1661
402
4990
199
3
16
39
47
525
184
541
13119
13
197
4
2
1061
13279
17
2318
30
496
1212
7
3
408
15451
13
4915
13564
5143
29
29
10
491
3868
112
7
1315
15687
3
2
1
228
1770
1137
19631
671
66
2
14
3245
40
3469
731
299
86
4975
20984
8714
22
19
12651
154
230
9
20235
1344
110
4
2
16
4000
2
1
2
1582
142
7
1
2
303
14
11
2
3
4
7
4
1372
4
4
102
5
11835
10774
429
1
4
2
52
99
1
166
77
227
2
10
205
135
7720
5
256
50
5302
23
4
1045
12
43
17
2
309
15265
1
934
15
12
18758
15
33
1
268
4301
25
12689
506
866
2577
788
203
6
406
2
14
1549
3
702
246
13
10
2493
26
1803
98
365
18
2
1
7
258
3
7332
1494
49
21
3448
10
14676
10
194
123
2
7
257
3663
2681
54
7354
13
179
1631
151
13
9
5498
60
3
2
5
2
289
2
20
6
665
58
14945
5531
6
381
2
1
2215
6943
8662
963
871
5949
5895
7
2
198
183
14
2
2
12310
19810
319
6475
4
21
7909
16
4
88
6654
19930
4288
4327
9573
13
15
6
164
3139
133
4
54
4
2
6
3
4224
13
817
5035
84
5
17
180
522
163
14
55
15
477
5350
17763
3101
3
35
46
1368
73
188
447
2601
5112
112
1176
32
7310
2222
462
3
2
21
11005
7049
1110
390
151
2053
325
2730
4
657
1
3
5565
9
38
1530
1852
67
15927
3008
3685
14
8
20731
2883
2
7767
3
1
8
5238
2814
6
8767
38
3345
6
31
15879
10971
318
33
21
393
530
2609
21
2433
46
3
311
191
176
10
30
13
1587
61
30
12
319
80
48
5051
9429
6
109
2
307
3
1814
681
136
10872
8
1097
5
32
1476
2625
64
400
2
236
3120
175
261
3
2
707
9010
21499
1219
9287
5841
244
16024
1
46
6
2
17076
55
56
6436
2041
740
29
6922
208
11
165
4
35
137
61
4654
182
126
7092
49
7650
66
4
4
327
9315
15
2
11692
3764
17925
24
13
52
7288
659
5
139
9
9457
47
240
6859
15
114
56
2
411
104
7
421
3
3054
1544
3
4474
2714
1651
16
3167
16
14324
4640
19571
6263
11447
347
43
13
7861
1
7
61
22
11
3265
51
135
64
149
47
10109
977
129
18143
7467
29
2
4012
7
1216
39
3697
20358
1406
1697
295
6554
59
18034
78
700
746
2325
6378
10
7
5
13360
145
211
717
711
1
82
17
128
23
1427
3
573
96
6058
636
2772
1197
27
1440
17
3
10357
72
4
2
481
306
10
461
5
5719
6
1001
341
47
2848
31
162
2
1284
6
5
316
50
248
1592
62
3
129
15593
141
251
1
162
24
10708
4262
2188
34
9175
9
9
6
67
3719
75
21564
1676
863
23
176
514
3500
3158
533
119
5
12612
20
1026
7933
3026
10
3
18
35
7
69
13646
57
403
2
7604
16871
8202
4739
793
10326
835
19
84
48
6495
355
19
13897
15640
2999
291
7
12
1819
15
6
6
431
12
15
2
27
15081
13
69
223
210
12
8454
7
13
13239
11
189
16
322
62
7
254
51
1554
8
76
9486
20
6675
1280
1733
4584
119
8103
6
1656
2780
17
641
1014
382
13
110
1253
620
1563
1276
971
131
998
18476
7006
1980
488
124
10
3575
20
1712
438
4
134
11621
7
40
1311
5
27
474
310
161
1
17979
78
124
65
3
3186
24
1100
1
89
1898
264
64
6
152
24
41
1841
3753
103
5
3951
795
44
749
5206
7
11173
13813
2
153
5548
4900
18198
4
83
3
5824
30
132
50
4
2
10389
3
193
1360
158
3
108
118
613
6818
1042
1
300
5
10171
1303
3
517
890
1836
112
1292
1187
3406
218
7
1
214
6095
1064
368
3
468
6
8
850
1272
24
4048
32
308
2
545
2
1
26
3
1296
14
3
4
1759
39
3
85
33
11038
1
2129
21304
29
1728
9
32
5
1
2546
2
543
2
58
1067
33
177
2091
10
34
4
146
6
46
175
2
16617
74
2
3630
180
2866
40
123
10018
2304
1
3554
26
4
2963
27
51
45
649
6
59
8252
2478
1
207
17390
4
7
11657
232
3
2
16
9
2276
107
3355
2
13319
609
417
7981
4275
8
5
204
155
1397
152
2485
1352
123
4
8
12
2
248
7
124
1671
3
18254
1
1035
78
13
11378
320
2
11
767
19512
20
39
286
143
3
842
3017
173
363
23
113
3
980
54
3
3
1144
4160
6
10905
105
10
6
1
11
87
1356
105
60
48
51
1
6
2
17
422
155
1242
200
7421
694
6
1
1
4
57
26
10
18
8177
974
70
8741
13981
16
4598
49
2665
137
114
1
15
713
453
7
4
595
1
1
111
13855
305
4
2
32
3
2072
12
7
251
115
4696
6
65
5
75
199
18
442
8874
18
18
106
243
19
5128
3365
22
104
138
375
61
37
11
10
29
16
15
6
53
17549
3730
11275
8
17
150
744
2182
58
12805
5
91
2901
1559
24
2508
21
1875
1
8
4
2
87
10644
187
1512
9689
13000
617
349
989
3674
15
737
1909
11
511
2
715
1
1381
805
570
12883
7790
5
4
30
51
7558
449
286
164
1376
1
2110
41
19991
21176
4501
16517
4148
4237
217
28
18532
3396
54
1471
154
8901
186
122
1141
1666
6
304
2035
8928
41
887
6
10079
46
455
5190
27
6515
34
11
2162
1249
33
755
931
2023
4
892
345
9372
3
1
43
1
5
12
853
4
89
2
10547
4
5
11
21
21112
781
12199
41
923
242
45
3708
17817
2
634
3196
3063
791
120
1208
1004
720
2
28
30
29
1611
8
36
38
12
131
97
5318
709
1080
60
16769
125
245
4
15
7
38
1
2
686
440
2
661
4783
2
3275
1
2
103
376
15
93
11071
6614
2047
1087
513
1
362
1
553
3833
281
226
5859
27
47
221
1
2763
240
178
7
288
4
186
4
845
18
10
14990
36
11
2892
5633
4
1
3
532
56
1032
14900
139
32
36
18
2175
16
201
50
11105
109
103
