2742
490
1331
10826
2181
31
10
98
1334
914
18
6355
7
29
2
9
93
53
103
1741
5
1196
4
2
9
2
7975
514
500
172
2
9447
50
1
15506
711
310
1815
39
3
2
231
1
209
5
2
41
739
5
436
38
573
26
714
20962
4
1206
1685
7
4
88
9273
7
11329
20491
92
8898
9
81
17
88
16
15
6
413
2
3
159
1164
3242
2
1699
11
39
1626
2583
3639
8
1304
5
555
600
105
7
17
13671
4
8
3034
18
2
4
4
1
14695
13
171
2
30
1826
8716
14306
51
13
708
2
310
187
1
1307
145
59
7
13281
22
1309
62
3
4231
142
316
3
3449
4337
2012
74
2
170
1085
371
88
21621
1554
3016
3
5827
3
9
83
345
395
9
69
5985
3175
1
15
7017
527
13841
17264
3969
1
10804
5266
22
103
19
803
203
2163
15410
2
1396
21890
5223
1667
3832
25
1203
488
82
16
4
375
81
42
18141
2
1
78
3
3189
396
2423
883
3
32
1183
4035
163
7
1
10
12
3738
538
13503
7
57
438
29
46
1452
38
44
54
5
2
16
65
2
240
17
1
888
86
894
190
5159
51
2149
2
8
607
1
2024
625
3
31
2
4
375
118
5
720
3
10938
1716
1
137
3371
596
2966
31
355
18
45
2610
4301
1
9121
2
579
52
8
586
748
4391
6
1342
6
1
2520
84
1600
2
6
92
8
2852
162
453
137
8415
8041
10260
6048
1
1532
13985
1522
2
55
2473
61
1770
25
34
67
5
50
13
20
1171
299
2
366
178
688
5
358
3
5387
2413
7
5074
6678
4
3
5343
3420
4409
6
13172
1
112
8
304
790
21
350
11282
3098
3
23
23
700
12458
4328
831
15095
169
856
551
2
88
268
2033
252
11734
29
372
297
142
5936
9644
1
11
5
4558
110
11758
4919
236
15
5
132
16806
14
408
227
3777
12
1
296
6691
430
2478
1
18178
15
115
15
457
6582
5
47
264
410
11213
1419
2
1
2
8555
1510
1616
1807
6
165
1
2
273
2960
283
4275
9505
8
1233
11
1147
24
3485
107
1277
66
27
459
941
1494
559
835
87
115
359
2
2136
4662
10155
16429
3
1583
1
419
12665
3
34
19
801
3
1709
20114
332
2291
5
9
4672
40
1005
6136
34
51
4
1513
218
448
416
13
177
16160
4
11006
89
164
10
8
5032
8770
4179
9
544
14
37
10
18481
32
337
43
6487
19
13227
25
6023
19
45
1413
777
7700
170
43
39
1
11
5
2
4002
15538
483
6303
8
39
30
305
11423
295
5
4
137
40
33
18
3091
143
3
3746
8
46
50
23
5
59
4
145
511
23
18711
385
69
14
201
56
75
2588
281
4010
19581
52
14
15
3
2
933
2
971
1208
19621
28
200
1
35
4
4
4
16
17
1399
2245
496
9
38
6
20364
14
365
5545
45
362
791
8
6
9292
4
14101
3
6
2364
234
10
1
1640
15635
482
4
309
106
1
112
1763
228
374
3
951
447
9215
409
2936
8
119
24
532
8
15
2
285
4
2
158
18
3993
12407
4
4
3513
1408
10759
48
154
8
2190
109
39
80
5626
3110
12
31
72
16
198
288
4789
121
1
9
428
14515
8209
11
1
6761
669
12103
29
129
13
18
7002
8
175
4
580
276
886
591
34
3
715
2771
8502
1943
192
47
2185
99
3
2
2277
61
33
217
5887
233
65
9
9
6035
3
282
202
36
3579
60
2
1
621
5
7796
1
2
225
9
67
3215
13
879
104
8
230
25
16946
520
10092
1
36
13
1564
2408
131
3587
191
1043
59
4960
4
14247
27
15862
11
16
11
588
163
22
5
10605
356
293
2
3456
16093
121
69
20746
2731
1
6368
2
108
196
461
6568
16
1963
5
86
8
10
491
5365
105
2443
102
275
17157
616
56
16
15928
340
172
8879
5
14
43
16
10
40
3
9
2
2
9
759
847
3309
16126
10324
120
1159
4240
247
21
91
5421
5
14
122
10
537
25
14
18
881
94
2080
11
10
3344
838
21800
1262
957
48
46
17
84
6
51
3
5321
12
969
7
1108
21936
2
3
69
186
309
245
11
9
60
7253
16294
901
328
4162
3003
1955
6
1845
2
16981
605
357
13336
1
16227
45
9764
9
25
5557
11
8
935
8
1
238
12
2
9
2
1
597
87
3066
34
13643
3
6434
1702
329
21
184
4
12
3
44
35
5
12305
19784
3162
29
4
22027
690
1
2
2
108
189
431
2
7
235
41
3
7031
15442
2
2
1856
29
5
7
241
2817
1117
9724
6
445
30
560
811
26
979
376
258
7
15
10
19141
31
6251
6
24
8
7
3104
73
38
6719
253
6636
1133
4750
762
644
26
15283
58
214
2811
26
115
33
179
1288
492
896
36
49
1907
717
17407
1096
92
2686
55
8806
582
1259
4153
7
7
5
18216
2
2
1734
159
7
5900
2
115
161
49
24
14848
11029
181
1
154
1610
4094
17
140
1767
2
8
50
8
3
384
69
4
181
4
3378
148
117
211
307
21666
3535
541
28
531
2648
23
11120
809
4
8843
1231
105
294
11929
18291
15602
1090
649
16260
424
2870
2344
7527
1
15895
4
149
606
64
3
2
2
1
2158
12
2105
2349
863
118
903
205
2
675
3499
3
46
18
2097
13
40
1188
68
73
1891
6541
5288
2
300
20576
5
7
4
15
72
11807
991
328
8125
2
17
3
550
61
71
1
7283
1674
4043
4373
2659
197
2
30
3392
9408
45
298
9
57
458
3944
15
90
160
307
27
2653
2
415
239
599
40
27
653
3262
12744
122
9744
123
10
69
77
12
82
42
194
36
87
171
3041
9486
7
36
65
1124
290
12
452
8
15732
3
20703
3
198
187
1535
20
15
1
105
798
2
25
269
3
127
5
476
182
3
20
12692
7419
3692
4501
102
1781
109
80
20239
26
10561
5
5454
977
1529
2
963
854
6
32
305
24
427
14
79
18984
4624
2991
897
10
252
549
730
193
14
3
257
224
11494
657
3
2
1
175
128
570
8
72
6
693
14
73
17443
20
88
4970
9
196
37
1
5169
7
83
183
985
3302
1050
1587
14
57
18029
1166
564
8433
247
169
28
53
21
12381
53
2
292
722
7075
299
8752
618
1455
36
14971
175
105
270
844
2
11
724
441
22
3
18
26
414
918
4
1039
216
2
9804
9
21267
3
563
1228
3
547
5277
4819
4257
3
20789
2985
4
262
4991
1613
41
2499
23
2
6
2
22
366
4511
7574
2912
14159
123
3572
13
15797
2637
489
2
13
360
481
1275
7
19743
870
5
4
73
1140
17
7
58
9
3602
585
17299
4879
2
10
1
17
542
13
1959
2
4
207
727
3
342
2041
61
4319
10345
4
43
67
2703
29
37
3123
274
8108
19
5
8
153
12
208
73
15
17
4
2
2
6
7
28
3
1759
4
18
1
4799
314
1
6
5106
13199
12
9083
199
155
291
86
19
10
29
78
37
25
1169
6238
859
9427
14
7
16327
517
18
1
209
30
7
466
417
530
215
31
1345
1078
2468
1
4446
15
38
1
7046
308
281
102
13615
575
14
601
5
1
5
168
14
519
10
2
19
2054
1
2
6747
137
702
4
21
1
12613
397
94
33
813
2020
1
19540
1
2
1
85
3
2777
1706
116
16
13
2
5500
361
1003
1
12
130
709
13558
2621
141
1291
2906
1405
63
2834
221
3
456
162
287
233
3521
3
3
495
352
5
16634
2
103
3
4
5432
8861
54
27
4
77
7404
1087
2
6
297
15764
1
99
4
21532
6
1
23
76
18
4930
6474
40
18
4
3079
16
6
6
37
5
26
7668
1
15
7764
8
2145
243
8953
3
512
1264
1024
78
3
303
2
126
330
5053
3009
110
79
3399
610
1991
2
636
6
117
467
111
20322
3631
44
2418
725
16911
2
42
9845
12930
24
31
11143
21048
2282
3
256
182
21755
9311
4119
2930
4520
17
17
1176
939
5466
1879
393
28
103
13254
324
324
2306
47
98
15
3364
3677
117
136
79
3808
11661
139
1
1138
27
6
40
556
90
125
539
3816
2071
13475
113
8
357
543
76
106
49
32
7
60
368
2
208
7
2398
4529
7
9
2
498
9
17991
7828
9
183
2067
256
7590
131
3316
912
6123
34
210
167
43
654
285
77
18443
1
15033
3888
2572
19662
1987
5443
2882
49
7780
10916
78
640
2453
674
156
17
16395
38
2
10583
10431
14395
326
18
28
3
71
211
1218
12153
6
2
920
2
10009
4
392
6
57
1443
8
4
4
2222
1
261
149
41
126
46
164
23
1519
144
8971
2
6225
8
11
21
3
2615
1
237
12
3
1186
33
10
1359
8025
120
11
604
67
8
499
4136
772
3
4284
243
54
2
718
3117
4051
1671
2
6
16
80
12
5022
2
146
267
2
4940
11075
27
8916
179
9
19
2948
3
133
5
2373
629
6623
32
1
381
57
15
4127
3
6845
3792
17624
96
339
62
8990
1387
17
248
7450
4
27
407
2
45
2535
17
11190
347
5708
7268
15699
924
1915
81
1323
4428
3864
4539
10134
6
747
49
2805
10
73
14726
3
115
52
4
30
2
3463
382
1
10893
23
7812
132
79
6
7
4419
1883
20
1
4
238
6817
10496
21
2217
151
8467
9
9
1
24
274
17335
1
217
2
13
18367
42
4
2438
14879
112
41
19500
6
15
58
493
5731
4
5998
47
21
74
6148
3130
1157
2296
37
86
30
234
159
45
31
7
7223
2339
2562
4
19
9
5
17733
17515
7942
4691
522
1103
6421
3337
9704
16
100
325
1
4
4711
1270
14
9009
18
4
1
17
2509
474
672
26
1590
7
2
225
1830
668
351
75
3255
394
12
12509
1800
1
62
52
68
1191
157
1
3
7
3800
1
351
2084
6
676
2
1818
2273
1244
70
72
3609
311
20832
4188
6664
10984
110
106
9
4170
24
148
43
56
85
5477
151
26
1362
1272
1293
1
109
9
3156
7343
909
6
1299
61
16
6277
3557
87
9102
1
1872
5
4
1650
77
1
8644
89
10
1774
8
7193
1
1
1067
341
58
242
7
22
1476
48
2
323
1256
1692
1623
571
2
38
16
2692
65
435
91
4196
2114
2
377
2
369
67
56
8626
11
155
3
699
1
2
54
316
412
761
2
48
14
931
326
5
3761
577
142
4
13
1048
176
3
2
4
3053
6831
7
5201
11
11
1919
163
20
10
8734
20
30
2
57
2697
30
7959
5
13037
2578
15
23
29
1903
198
3920
44
892
15570
288
1
1249
5
2
7
70
64
2092
5779
13
3617
2
43
1099
219
9525
2
234
409
5
15
3594
19
3
1
3506
10627
16
5696
13727
5
3730
529
386
9
109
2
14605
44
1713
304
130
1162
13756
35
33
229
16668
6528
460
9
9046
17
602
399
1756
19
4
1
1221
48
3
6874
2
90
7
295
108
177
5
9604
6
1951
439
8
34
6859
20406
437
899
1
487
4981
2
11
5
9947
471
2263
33
3
1007
3
7
4
13587
6
2
468
1416
11376
9
1837
1434
8175
6
7
34
20
14189
3840
3
3872
624
75
1
2
2
364
11470
3669
12
16
35
26
3848
94
99
143
692
165
1
1833
524
480
1738
1431
1
180
23
2
15064
56
1935
111
7134
5
30
3
64
5085
744
449
14
5180
1
3723
1606
312
1076
11259
23
1479
1348
173
17
10453
1643
2004
2212
4
109
1037
4769
129
60
3470
3896
3
27
3
975
34
139
569
645
4
20
1620
3
240
3
6
2
28
6
12279
21355
91
1
19380
167
118
21135
2
8312
7
1083
179
8
91
28
6
25
70
814
4
2
29
443
7
47
20197
8
698
961
19907
2
36
27
3
21
8008
33
9
7
2
1028
124
74
2050
7
1
12561
15
12
12
6
554
4
2
29
3
3
3357
52
494
3385
2
14545
5673
47
18596
1201
2
14665
84
3
35
3182
989
367
16
2
37
1
429
1
450
2709
2
6174
4
1
967
18103
104
632
426
1251
2642
2110
294
76
11782
7
21
4
3143
2463
5
66
138
11
17587
1
63
40
248
463
9
21
8538
4701
82
218
1
6010
2
26
6161
124
3
37
20
3
18673
82
14
2088
9
322
2235
14635
6073
57
8591
4759
82
11
28
8
1
19102
120
315
12587
194
2515
53
15
2058
536
2075
2
10239
18405
2
37
12432
10218
5
1467
2
81
609
153
26
594
10197
1501
170
36
3
7178
41
6775
6
12
7
595
14365
1
646
1
121
421
2
4643
910
334
128
51
19948
2
6199
45
176
6
3195
5
4
3
13
4
4614
2
35
17
22
2
99
222
71
1
144
331
2
5137
7
11589
205
133
35
10871
1803
1014
637
14787
121
955
267
1
4586
20618
20
850
18828
62
3
2504
14336
6931
11
56
372
14
20
14
1567
334
15
318
11
45
2
11542
3
157
19340
4
8243
1
24
8662
36
1301
7061
5095
80
33
6
78
2
4849
1296
4
1
235
11954
48
5012
59
6916
42
8
28
3
1792
10
8608
7543
16
4
2141
1
477
66
5
80
1246
4
6264
166
849
36
4809
63
4
95
255
258
7
1094
90
31
66
20
14
885
7
877
4
65
4346
2
12983
19
9027
2
627
33
1491
231
6
197
126
2
146
4
4
313
54
70
2
92
26
2
1216
22
2
455
9466
1074
825
19181
12
17880
158
472
148
1254
4077
32
2
2
612
66
10
2942
1059
17
13
2567
2
1752
4018
44
14756
111
13091
5511
3
1630
828
2016
11
47
14909
277
20875
8824
1056
300
96
7512
2
20
9196
890
434
10
12850
4
8380
916
1597
1727
9784
33
14130
4653
3289
12
3
58
1081
7
2
2167
284
25
1
5
2
578
10030
2
17
614
1154
9
52
12003
7090
286
145
758
442
5591
2
135
2
2
14
1106
513
1488
13364
2
172
13927
4492
32
7926
398
10737
8
3928
30
4266
8
1545
11447
19866
406
34
2599
422
75
429
68
86
96
4
7
73
17
241
741
35
2359
180
1
20533
128
341
5649
330
5
1
981
8398
136
232
2
88
2
11
388
3072
63
65
2
212
108
153
335
1
5
15
66
15829
2
2
5332
3684
4
10715
5
3
3492
24
2
30
3296
3654
46
656
1895
2
61
17
11856
20
16599
14455
12128
1
2489
9
4
10
20072
4
10
5638
30
3952
628
16876
44
84
124
13
1730
226
25
1557
1449
14
19460
52
14817
12203
3
15126
273
4
8091
6
1975
5
447
18
43
215
6
432
78
1437
6789
13
46
5961
344
648
3
1440
1
2
12
20
2
93
96
13
2325
19
16
4437
44
9159
1285
1
318
5
18
2
24
40
390
15158
50
6316
4909
1143
533
167
1
40
5212
44
6461
11
3
866
18
28
39
6060
19825
1
3
12
119
16193
2788
1241
31
2132
17
239
6
2794
1660
28
237
348
8573
147
286
1637
6
5
2714
21710
18905
19
13784
5064
51
753
679
1
11710
1065
8788
623
1526
7389
4102
18
60
664
1052
733
78
18
1574
19
32
12355
20280
712
778
17051
1822
2203
32
1070
6705
22
516
25
1
473
125
3
4
116
151
2670
21
1852
185
23
8
1226
816
2
38
949
1
18
4400
244
6187
38
154
210
20
3
6329
11518
37
135
1548
2
2458
1009
2
220
3
28
1
2876
138
110
1
19
7716
68
4
20
8
107
6
7
100
3
7
3550
10
292
7845
404
5
28
11
5
57
17
478
1778
1
3
7
138
5398
2888
5191
263
301
5
49
3528
3
540
633
26
11166
58
59
2894
22
8450
3477
255
22
11
1841
3543
189
51
2008
6
983
70
20
5
2045
615
83
786
728
31
8934
1
41
868
2
17
804
926
630
12229
39
97
8
2
3060
401
5
5924
14
13
389
16841
11306
6290
68
12823
186
671
3
77
9
13118
140
38
3
2
2
89
17917
12
346
35
132
5
10474
11
1
6501
49
83
101
17
7748
21179
818
2330
52
1785
94
5
1458
7
111
312
3427
8346
1179
1
1
10
5
7358
770
8
4085
418
86
451
214
125
125
1326
55
72
2556
2
4
65
250
18
93
55
32
14940
5791
2383
1
317
28
242
3
226
3
26
3
3
1
43
174
10303
736
411
399
54
1
3
76
82
3
7
509
51
6988
5
1211
6733
9
230
166
10
10176
44
14072
10
4859
208
2
5755
2
4214
1593
3
1
34
534
852
3880
52
1
50
2782
3912
17660
683
872
13419
794
5
1054
7435
171
8
25
1
7328
161
5376
22
2
36
2997
260
192
1654
947
4
4364
865
837
10113
4
18
765
31
6
33
8
1789
343
11905
133
6
185
46
14014
196
11637
2127
176
10
5614
1428
162
2823
1
6
5
25
3
211
2
1112
465
400
1
2
20
2368
127
10
3
14218
5
589
3707
7653
6609
638
2
6
11052
57
2388
11880
17843
4720
14
9
5
277
49
1723
16
1129
32
10
1
13447
1379
244
182
1
5
4
2101
5
1
12
8
264
42
14425
54
6
510
135
642
2846
48
32
37
107
12
15
21
9235
8
85
10
64
945
8
13813
63
3
14
565
18066
7
5245
1
149
3904
2000
2759
634
2972
102
11236
279
4205
3
1
19300
2226
3985
11
4
104
1365
20
5043
4249
1580
7373
22
3
2119
4293
17697
1482
5
5299
518
24
8329
1337
2765
7637
2
3
548
6
22
2
190
156
268
1
91
188
3
10
18750
53
42
20
5803
1101
8
1561
2541
43
2378
562
1402
1092
7238
1516
93
280
4464
13899
4682
129
2
2
34
8294
5
7
2315
102
17
1
21
1329
5815
119
10
96
9
6
1280
11565
8
21399
21
8
113
1238
354
34
27
3647
2
3
11
463
1720
5720
2
8
203
2301
2530
2
127
2
188
2
223
10
92
658
2
185
8142
999
373
1473
85
21
3
1
7
7208
346
15
23
4145
1
9350
2433
641
363
21487
19703
119
10517
266
10
168
2
2
7861
19
1
8698
5
15
14
17770
7893
190
2
22
116
14
195
44
118
2664
379
160
1
1498
9254
174
1131
1
17371
13699
32
204
141
4
13010
150
113
6
3715
943
3
6974
12
20031
3
10671
9
3406
12
7496
6
1
1
100
1
42
6342
2725
1126
1
33
4
2
13
1353
14575
1
4110
8158
38
3
5310
278
987
141
8058
703
2208
2393
336
22
12
1947
6
3
95
3047
195
18519
7877
56
3
20
17
576
421
3
18
5
35
3022
2754
15
249
76
379
764
4
37
3
788
756
446
17122
1
10
35
650
28
1
59
38
521
5354
31
2
7992
1
7
2840
2176
2864
2
166
24
1971
143
27
1464
20449
433
10
12
1
4779
15
1657
95
136
380
104
134
9825
15315
13
81
30
6381
13
5234
1
1745
3
1
21845
1340
58
1
18789
344
1026
6
484
420
2
216
23
2
12
769
4474
7
7104
15961
51
206
2900
1425
319
10
222
1115
2448
507
462
1
10539
5
21
245
6
5839
101
47
1899
3
9664
220
5488
2268
2
265
15189
4
66
2
21
12
3136
19
9545
16361
8277
11
12770
775
191
8192
1
4548
10050
75
101
21
5767
16497
15002
5580
11
2626
7
826
1
2
1382
71
15
965
378
3169
2
2
5
48
4
959
130
3
10388
24
922
14
24
262
1
265
14
833
8485
16
24
3
35
63
26
2
59
50
3442
5
1198
4
11
133
13956
4567
17016
19
10
4
224
164
16
391
1370
114
799
11
1012
261
31
12956
71
2800
1
201
1318
1411
6902
41
12903
19062
874
6098
4
21311
2
55
845
21
2
9
289
62
23
2123
8363
6945
7605
3435
593
2737
97
5534
199
63
742
10
12797
21981
41
126
503
91
13145
95
21
278
9
19989
6514
2
8075
65
5912
95
4595
2
475
188
8520
678
4
9584
23
64
10
146
48
1072
1864
2
41
26
19
369
11613
16060
3
1868
39
27
861
16027
3
12
20155
139
11
3
3
17479
200
2
470
13870
124
4899
302
21
25
5
1485
2
4
24
2
2
5
15378
14
4
71
928
16463
360
11979
7
5603
14277
16531
1
3
11098
1876
4
685
695
8
22
796
177
5743
61
2254
2249
464
5522
3
2354
18557
17192
667
387
6
193
9684
505
21005
289
7
3856
9968
327
2
1
251
745
29
29
32
39
502
76
24
9388
38
27
17954
39
1688
1
9369
3
1001
68
320
30
60
13
907
750
6
5
7
1695
3
3275
4829
178
314
1849
1
15
338
35
9
2
24
4
279
5875
3282
155
4
184
557
2551
100
6
1470
349
321
1860
10
93
3
1
1041
152
22
89
16703
47
3662
112
12
5
141
2954
8
1939
10409
83
39
114
13
1
46
50
1927
337
4
2
5
130
123
2
1119
5
12028
1046
11
1
3
5973
320
1461
215
2
8
2
257
4382
97
875
4
132
6394
7558
52
1
19
254
508
780
140
1446
1033
15347
4
354
3
1664
5
97
611
6
6888
4740
16
6
504
192
4
1
993
1110
146
8
1551
33
842
205
2748
3
6
62
21443
2310
24
322
973
27
213
1136
2594
50
29
112
21
97
3
3700
17807
1061
6
997
27
415
68
6
161
60
19420
2720
1
3
13
2
11
62
35
4605
386
284
1174
144
9
2
131
99
3824
225
275
89
1647
12330
1
5
370
291
21576
1181
5
165
43
12535
2334
1
49
236
7621
25
4
12053
3
120
25
1351
4
5949
4060
3
194
16
349
152
12484
134
18253
738
101
781
1967
2
1
11
1022
1145
2
107
1385
60
10781
19220
808
15
4
11
4
15220
8226
15994
4839
3
9178
13309
79
1267
71
67
3
4483
59
1811
840
5255
13
11399
566
6595
116
5116
5
751
1
74
8
3
806
9906
129
19023
42
147
620
590
117
1376
5
937
3
9886
128
2062
12718
3
155
1887
10961
18
11352
584
156
1
1356
2
440
27
180
122
2
23
6555
1
689
333
47
528
81
63
58
1
183
454
4
270
425
250
70
339
2
3753
1577
2604
572
54
1031
282
219
11831
37
16
3
2029
46
5
3
1016
6
6
26
5661
405
6
905
19260
39
16772
10
272
2287
705
3
3769
11
1
123
1
9865
11
98
107
259
485
2
1911
525
15667
271
23
3235
619
19
1
404
1213
9927
11
2
7
11
21092
1
696
13
80
10649
8260
212
2
3
6
13
98
2829
1193
10
652
5863
229
72
7481
202
1983
9140
6
12
486
17086
13
7298
75
12
10
1018
552
8
793
3228
4
1504
2154
680
12
2194
5
253
6
6650
10367
1681
3565
735
2631
4026
79
114
4455
3
4310
7
64
13531
3
1541
4
207
14
1603
2320
821
228
4
1
74
6959
1283
2172
830
2924
104
2240
5
661
55
9564
5001
9330
819
2428
1570
5851
6447
995
3785
773
20
3
302
767
45
41
40
96
227
68
53
1063
6
106
390
23
1979
2979
3208
1223
1
16
55
72
4950
55
122
22
660
13
363
686
5
395
6408
6085
7149
682
662
1150
10
6
6803
75
2
4
1
1678
2403
8680
497
1748
36
9
36
4222
18866
204
7
2
41
9
4
263
113
23
186
382
246
3269
158
147
206
5
4
8
3085
546
7
29
16
4
20661
22
2
2
25
3413
28
2858
11
1995
1
42
7
30
2
7910
1
18945
9065
13
84
223
823
3
3
5684
90
50
169
19
19
14
2
56
12
755
213
5568
18
10
4633
114
1373
32
929
101
423
4
203
62
22
53
6
48
1236
383
21223
3202
27
221
49
1
1
1
12
5
160
721
1
2
246
9
13
5
2
12254
785
138
43
2
1538
5
7119
2199
53
2525
4
12
4869
269
1
567
3
16565
332
25
1
10281
3
2
152
2
173
1
2037
11
6110
13064
12178
18634
3351
6
24
1152
1931
10848
87
5148
6
7684
11685
143
2
17228
7
526
3
9
15252
9988
84
731
1
3
2681
3
20918
3222
69
1390
8
2
5127
13
1
1
1633
2
53
67
7
232
31
3248
2259
157
3323
1122
5
953
4355
3960
40
1
42
858
85
583
444
1020
2
150
1507
6212
272
2675
4
501
16
1796
135
7732
18329
249
353
7465
2546
173
19
12078
8
14
7163
2
200
3977
14043
2
219
1312
64
2484
54
61
665
18
4889
34
8
4
5
4576
9
706
1367
402
1422
259
13392
2
33
29
12639
403
3
3
29
9
134
22
5410
1923
15474
150
15
7313
12
1
13
12876
16737
3624
254
306
74
149
515
1315
10071
4068
783
17551
1320
2
13
558
94
1393
437
2231
77
3936
479
2
46
469
9
2
1
6
55
4
2
85
14485
26
3149
3028
3330
2918
100
1035
4730
2494
16
9624
10693
36
