4
50
1
90
18187
128
2
821
8612
4
14511
36
39
116
32
3
1295
52
6
2140
12
3107
1810
1794
2
448
3931
2
1
174
13739
25
12410
1
6
266
8593
2
21
4
32
577
124
61
328
550
880
13
121
4328
153
7073
582
98
645
6
5030
90
182
1200
10080
8
3
2
44
27
12532
41
4
19737
4
2
118
14
69
2
5
40
147
4060
2172
3
825
452
9
2113
111
19
928
1
4
19
1033
395
95
165
17404
301
647
6245
10147
89
21
180
20082
9
120
3591
32
72
863
1293
3800
7
17
1
5
1188
15881
3
385
36
10992
2341
1163
982
1103
68
5
8525
110
5
18050
1
209
82
260
1083
19948
502
3180
16
13
1028
5365
6730
13642
1365
18480
337
2232
12019
120
12
335
6380
191
1139
1
182
6
438
7
74
1825
14192
9
4148
263
13
2
104
75
4
1233
17
175
3
160
54
4
4
3188
4
543
1500
1044
617
5
2
598
7601
146
16340
7
17914
15
538
4
74
473
8
23
9
511
586
10297
6
18
4658
1084
4539
15
4
49
175
10491
60
2
73
1733
30
11677
62
491
1069
19423
8674
4
6872
704
20
44
19
179
792
3
9
6652
54
1303
9
50
19217
3813
5579
125
27
7054
14
3
6649
2
1
2
2
7378
558
21
5001
1
6
106
63
6
25
43
15896
63
3071
3367
260
1903
3
89
2
19
7
13242
16130
4
377
14434
3332
1
55
224
4012
288
15959
6190
14
9
45
7
133
15860
9884
70
2023
7
475
4181
3
2
294
696
2150
545
2
133
18
81
370
8
6355
19
2899
606
147
4
10
5709
660
1622
619
19475
5374
3308
2704
5
15
7845
41
7964
2312
6
4230
178
2627
11224
3028
118
2420
11
3
187
28
171
5574
4187
247
932
3029
996
7581
1363
5
17135
1884
19
29
1052
23
26
2855
15
9806
18778
7834
4367
1409
75
861
89
1
73
5476
1
30
8
256
36
2535
1536
108
491
241
3
18333
5061
628
13043
1
88
608
8869
19
81
1096
21948
61
3
2101
78
225
1742
14256
156
2885
117
1
23
549
229
12
19380
2
2086
4
37
119
63
955
18
8
1
84
1
241
421
689
223
686
1
5
12922
20252
64
117
5
1
15
307
491
85
8
7741
18341
53
823
4
50
3
6
1
9697
4222
4
112
26
19
162
6
16603
2684
40
5
20433
62
83
2
32
75
2
24
29
7290
193
3
163
766
9893
363
19311
2330
510
9338
37
14851
5
64
2
20342
71
15
56
6
1597
6
322
2
6685
228
1
7
2465
76
2909
1021
917
458
6
15354
236
13721
13509
19
2217
100
2353
59
122
1
4986
3
670
79
3
4075
1
138
3131
394
10138
1294
8
1447
1
52
3
8582
17489
78
222
3516
11012
14772
10
144
8
4553
3062
439
540
12322
4
1895
380
4
179
87
649
5
11159
2798
1
1563
9
214
3674
54
6509
11476
43
18
6599
6414
332
976
31
4
70
8872
4463
2
116
26
4612
79
16066
2
346
109
7748
154
618
335
6
888
40
53
41
602
2948
3
2478
137
1
4
16774
9902
3335
1161
91
5
64
30
1
4022
1856
2
5801
12974
36
4629
357
50
355
66
77
3
8814
10
328
17779
399
88
23
625
6
53
28
15306
102
10
2
357
83
145
4
224
20506
2594
1
23
17559
9317
399
4
19675
2
6
517
465
3339
18
248
4
8289
207
123
7
23
3050
29
37
7
7437
86
3805
8
6936
1048
8179
50
356
3
6
9012
7
1085
146
83
5
2474
181
13
50
364
3
2
7
12694
3171
1
11
4
2475
20670
3
724
18
4773
1160
368
38
3164
32
5
1
14910
4
49
4398
26
2210
2179
4
14
8190
4844
76
10
1
5998
10352
7089
1739
107
2
2
17
32
406
16274
2512
3
2
19
4
1896
2
4019
4267
17
67
1793
819
5
5
23
2996
1378
33
6
47
10084
24
1
3
515
5
2599
1174
2
66
2710
4
120
6369
785
23
305
768
161
4
691
3966
4816
106
1
4053
318
84
115
21
1680
6
5
5483
34
20415
1719
5624
4
4
2
1292
3
5971
248
1228
39
1614
21
111
136
12
17
1419
3
1
561
1535
5679
17748
2
2
1382
2901
188
15191
506
4327
11698
96
172
35
32
4
934
12
5534
7001
15
5
97
10
4
5758
47
14700
1174
1475
10071
5
342
16961
49
6688
21978
4
8
5879
254
828
70
19745
10458
1
774
11
2
123
1
5586
24
66
12888
2
2
21201
17
19432
86
14
3393
220
8521
608
30
18770
1
25
9309
5681
16722
191
171
1336
4
20781
77
908
16552
3872
6
394
12
5
58
26
20
2
136
3298
59
9
17
364
4639
2
4387
11446
8
162
37
1225
121
2
27
3
7
2
257
2117
1411
7
1
7418
34
68
12957
333
5050
11400
8670
3
36
14890
14104
17
1369
1
3
14
13342
252
4203
1
3
1366
36
21
26
51
4
1972
5704
51
411
133
10
21
229
7
2175
1671
63
48
3509
50
12284
6
636
35
52
2
276
883
171
208
587
31
3
1387
243
3
4582
2038
145
103
107
2819
44
1948
32
2766
10274
2
5571
238
5990
643
27
682
962
528
11
6
24
1
46
11
4
2
3
163
5143
6092
6346
171
10
3511
3
7
218
136
21
523
14680
3
78
89
298
245
17906
7398
58
14904
18456
24
84
80
1846
890
2438
163
28
13
257
23
152
366
202
508
243
4
13868
6
10
42
5041
2803
127
2
4513
191
1
5157
2
1
11960
3
8
13
8
322
413
39
3569
3352
451
8
6293
82
22
10
4
26
961
31
75
4
5584
4
11
3846
10
32
2
11
4211
21793
9727
389
7
2
37
42
232
3726
255
1
44
1622
9
5830
3
19
1002
687
13
2
1
26
94
1995
10
101
88
47
5
12700
243
2363
266
16
3
5
566
279
241
41
179
1710
5
10794
7
38
11950
20542
89
91
487
2629
7245
188
11415
5
5
5194
3662
15347
173
421
7
2
19754
102
13
7297
5386
954
16449
487
4
2
4
57
2636
2
3
3
170
11
4250
413
6360
22
1833
5
66
2
10
912
212
27
21
4095
12432
10
217
1009
150
13372
3588
13
4
226
8643
2
48
729
136
11
6
4841
56
2068
1
21764
426
5794
136
7982
1254
1
2
14
16574
37
104
11061
4
3005
97
450
443
1529
1
61
1104
3
4
400
800
1
26
2488
956
1152
6
87
403
10665
54
3910
257
1311
352
741
2292
613
23
20
1329
383
2
201
7786
1
38
203
3
16530
28
3659
11750
481
5866
388
1398
643
42
11
2
165
1523
5512
36
7
2634
1071
273
466
13831
2
13467
137
8732
258
116
693
1
16
126
255
10283
7235
153
3
4
6
20
263
17614
1930
768
130
59
1159
3851
8
369
2
8
54
6
3661
4069
326
7
4898
999
2006
119
153
4481
39
4
13
7
24
5175
5
19614
3983
2
2
11
514
6
28
101
3
5161
144
60
6
14
322
196
3649
6434
11
51
1
15
7628
26
15664
238
333
163
1837
673
5334
20234
9689
1802
1
20901
779
19389
1
2167
18
104
2575
24
21
47
400
3
9
1
1701
6
18
13
33
136
14111
1886
6
29
927
7
3703
1339
674
1559
8771
97
3
1116
2262
99
3106
1498
4281
1191
4
108
499
58
168
10
59
26
8
4033
132
77
174
2774
17
2
10347
562
165
3
237
62
27
9
839
35
1998
7
7
16581
1003
57
1054
47
31
5358
6881
47
9230
7026
505
2
271
54
3712
345
334
3
26
3391
4
31
1
16
13
33
9836
19
205
332
5473
1257
1208
2
45
4
4
1
6
86
12728
2
43
3
219
8798
188
8
43
162
120
1649
56
294
112
8
8605
273
111
36
9
11451
89
14824
9
5
13
583
1890
245
21715
109
107
2985
20846
2177
1036
52
15104
20976
1
3385
14205
17740
20
3
1423
4
1946
12030
316
754
21437
415
8330
144
183
386
18946
11
6823
9889
14
2
7
55
1463
114
8118
38
3955
964
8
2
4142
586
12126
73
24
2
3
2
1108
4608
20046
12
12
8
42
1
1
285
53
146
47
18
2468
18
98
2241
253
4
10
21
2287
13764
5
2
811
3
78
1076
59
70
7
2
285
105
1687
1150
377
184
5636
2231
48
972
1301
38
1017
795
20
8
1992
13426
5113
3
13955
2624
16095
1
10093
5
11
5
2
1338
11026
1168
2
6
101
41
2
16714
11
146
107
3
121
2
4001
204
131
4388
2
196
104
6437
202
8234
246
20
914
16662
1745
4
2
518
1
915
110
11992
102
12985
7
10366
168
350
3178
63
52
1743
49
8
18
8
24
28
9603
1
701
734
54
1
15
9981
301
19588
10510
217
3
2722
775
238
864
1
17
810
125
38
295
10
2896
14
20855
622
3143
42
199
7484
640
371
13307
155
21735
2
5
10472
1
5
2
1
26
1
8
12808
427
175
116
1
12616
240
4517
4
2108
18563
10514
65
3672
16804
154
14923
112
6307
3
1450
87
3854
230
15238
10
203
391
9
4
687
58
9
7
22
15
4
69
615
1
2
397
380
2491
1880
2
17
484
157
3257
1
8
530
1
6155
8129
25
95
2662
12968
92
22
99
1486
2903
18
3
3
32
1399
646
4
1
285
1
11
14
196
20
2518
1733
20
12689
10603
3
1929
4
1
12
258
3277
2407
5034
554
795
8220
12
20
2
13
20
317
446
4
14
2
139
3
2
503
2463
705
162
6
12
14
21
123
7
2106
6
25
8
11976
118
19895
11244
882
338
464
16
32
1402
1189
2
306
1
97
158
3
5
42
22
8
7922
544
2052
2155
528
12046
13
3402
188
7039
7862
12734
3
874
695
3
3
270
503
2
2162
1
252
2405
355
492
4161
3
1122
8
43
1571
82
796
19579
12945
5
509
398
20
2
2
256
17
8
142
1
9
590
7577
15790
320
4788
2
3
3
2
198
2
9823
21456
2003
19064
3839
60
5
25
418
2
17528
49
3
15124
3760
285
5
954
12454
10972
13624
2099
20836
479
6006
6896
103
3
2320
18
1678
2
540
24
2
539
374
1
30
8996
12
3
1440
4
981
1081
25
75
185
3
4124
1659
448
36
9367
2595
482
3
9
21
5
81
11
481
15003
19
496
143
2811
10057
1
78
1
709
18090
8068
64
1
624
6863
3432
5
1011
7045
1
9
5313
6
5
5398
1310
77
645
4
2
1275
2
80
14243
2
17
189
337
4467
366
49
21
20652
716
733
7
3
32
578
105
5136
10727
747
2178
869
10770
1461
4166
10334
3
8
1617
1
110
64
204
16954
17803
2184
474
1311
14
3
9329
10
11630
10
9
13
13606
10538
2
3066
1275
266
139
2878
601
1112
7772
14117
13
3
5
4028
852
37
7947
2484
1472
3403
6
6
71
1195
18415
18
12
1
417
22
1092
9
2
65
4
1
19
2
22
14
5
2
15023
45
3
53
13
4
3
6
115
4
5
6
461
8400
1273
5425
191
1
316
7174
70
2714
173
2
3
1829
6
9
9
2
3
3595
126
84
1573
18
736
1
126
7120
18
2416
1188
21
1828
305
4848
23
12399
18042
6614
261
157
5
224
2
243
41
14
63
3980
1176
1642
1027
572
2
2
27
74
1
10
11497
5
238
98
2925
403
7
4501
3
39
305
38
17342
231
7213
538
1
12349
16
198
7
8
193
3
98
22
18034
459
1965
502
4543
728
1
2
87
46
112
2091
95
8853
60
3
2
109
4885
2
316
2742
933
27
131
454
33
4216
5525
168
488
27
444
52
54
2
70
14739
19
2
100
13003
31
5
40
3
3
4
169
1610
29
2
762
2
15
7915
6769
109
22
3
3582
6
721
24
245
32
391
1325
378
175
63
3
1486
4
24
20144
39
1
2
16
2
2859
15
133
5905
3520
256
5737
47
52
3
1
545
975
1940
18
2651
27
16
3
1
789
3267
3406
14
1127
2291
5
1796
47
313
3
500
635
5
25
8
411
361
8
7098
56
24
358
14963
7
150
5057
37
5
7
12202
1425
6
1854
145
44
4
1009
295
8544
928
4
41
4066
2947
6608
233
1347
6477
2
663
549
5391
1
12791
24
15685
313
77
16
160
32
131
86
1004
5712
6
306
7727
65
874
15
2658
5966
862
19597
19789
351
218
431
911
22
1546
213
14544
7
16
3306
8
4
1
3
7
61
4570
1
51
24
5014
41
5
3
1
21
2088
1196
3173
2
2
19
48
4100
23
116
105
988
200
9
716
3225
2758
472
337
12
1057
393
54
145
21
98
252
74
8
3
22
2
4
24
12
497
7
886
47
3646
9
11692
12515
76
708
1254
267
79
1560
338
5969
57
177
67
193
81
3555
750
35
19501
15512
528
478
25
1
242
12170
3
384
568
8
42
406
327
1
1
32
24
2873
4
3773
1
568
117
26
18
7
76
15903
9599
7517
2
231
21
324
824
12344
56
5028
5
2
8
329
1954
1
21880
4
94
8
1388
4
2385
2638
4
4
35
5
28
148
3
226
24
8
3
175
708
10
18195
15643
2
2
12273
2725
1579
810
6
1
542
3892
4
12549
42
24
3973
125
762
3
10
168
46
72
15678
2707
1236
11
284
1
3
30
40
54
41
2960
372
6429
81
24
230
291
82
21571
30
88
7
9
221
214
4
1
12
80
252
534
30
77
18
51
3
7
325
917
682
175
2
16
165
16
313
23
39
2631
713
339
14
4149
11
27
14
8
39
1
102
9
910
3008
1
165
580
171
426
353
18887
274
1121
6
25
16
11955
262
802
1564
3125
1
11294
6
2821
58
4
74
12
291
33
18
19510
249
9
9434
30
2390
3270
2847
35
1673
6955
149
1240
1272
2379
11584
19
3
2
5037
798
10124
5832
301
368
242
5916
68
40
630
1507
1619
20
167
302
3
3908
11
6
10
987
897
3311
56
4525
33
2
2495
27
4758
3638
29
3
590
13
3
36
1
24
4724
9
54
78
11085
6060
10053
8282
2
6884
9950
18737
3035
215
13218
1308
111
66
3785
156
2681
5
2
3253
2084
358
14
528
6918
957
5507
109
878
11036
9535
21257
360
416
13563
2
13
20966
5
979
7779
164
40
1326
760
5753
3
251
18497
1994
251
8
1
288
6
25
18
93
232
133
2
61
6
804
1
9
7
3
16
12
75
83
65
1190
3063
15
3224
10
1
4288
611
12853
41
2997
18
2757
6
2
5205
3
18
1321
9658
8
13408
15692
35
424
7
461
11
56
5240
2
1
15
11641
125
8
2245
2
1103
248
332
31
1
271
161
16848
130
1
26
701
15818
2
318
98
585
2713
989
27
1
619
10846
7
2546
11
49
101
59
3276
8308
3329
633
8111
2284
4
321
5261
5559
5691
3702
12865
25
12
5
1650
17
1
672
15973
239
1193
21706
11
16030
2251
1
2
235
244
16
10
68
3086
71
1
222
13697
551
9
2
43
5900
2864
428
3
83
15
6
17994
560
14048
546
7911
591
23
2
109
439
4
17
10
281
151
20
133
1875
305
46
3
23
3
48
24
10
17227
24
2579
47
4727
555
13
50
8
3
2222
3
1570
12666
3
203
931
13
1
39
9028
6
3191
369
6
9871
8900
4963
15581
362
1
11635
7014
332
35
1676
60
4
216
156
12246
21
1
22
1316
1942
35
819
7737
1081
1720
2
6
16
4491
1431
22
1657
5
1177
4049
118
13
55
3934
1668
228
1
616
5
743
9064
3
18074
7130
1964
5327
15
67
1602
4
15
4
632
338
16
1
9455
132
18268
661
4300
11041
639
107
42
25
12893
35
722
15
3728
155
152
1
8
184
8
557
3718
75
16707
2168
19886
2062
1895
85
2604
310
259
5
1
1029
267
192
87
31
307
64
55
294
6038
134
564
30
53
9
6643
11771
12
17
17
2
183
11
103
301
113
37
11687
724
23
12
534
1644
8
280
3
2
1417
143
1540
815
12871
173
162
1391
112
2254
5
2
11892
50
1859
153
4084
284
13
44
38
2
1475
4983
3
155
13576
27
26
154
2368
2890
39
119
31
1
9
5095
28
2
223
8201
5776
3147
6226
64
6054
95
1304
10
60
28
1
9120
2382
1465
328
882
1567
15622
2490
38
206
3
4
2
19693
582
87
2516
201
5
15
6
12229
6781
345
7067
26
123
4348
54
1220
1
12
6576
20
58
630
6321
618
20198
26
183
15
112
20
493
4
66
5
3140
3656
1
378
2663
1607
769
97
453
2451
16
2
343
12465
2
58
2675
1226
7310
916
236
3
3
196
33
4410
16464
2141
565
1285
7
2622
965
69
30
2515
6
44
2775
3
2699
83
15
4
37
118
4926
2059
11
9
658
41
14
8025
13
637
69
3287
63
5
5
1085
43
2689
46
10
1071
82
6
3
1805
5
6952
28
1
22
3200
19
74
10
19277
185
248
7
11
1070
795
2297
32
12757
62
2
1379
1392
1698
16009
8705
1005
681
3
63
2396
219
26
37
66
8639
1
4
505
776
341
6
440
66
6
2
44
830
507
11
5
390
9995
5
1551
46
20180
499
15184
3
1496
2
428
8806
88
1901
18130
77
20478
106
2051
1179
8408
485
20
7216
3244
11982
69
2
68
996
259
110
3904
1
12779
9801
1074
3915
5606
20
104
18604
3411
6778
1
3
1148
4
90
78
1
406
3054
18
3280
282
522
2664
7827
212
6030
15484
6
4
88
4284
3865
1
17
68
2
68
491
7
3623
355
4988
38
822
2731
3
199
1
32
28
1
20
48
35
85
10
6
4
509
48
8892
5098
91
140
306
322
17
8445
2
15063
70
1923
31
1248
7
21323
57
62
12449
63
10674
151
3632
1034
12819
2
42
218
1
706
89
1
411
2
3
383
386
10
312
2
14148
6035
5
39
135
27
1221
1207
2006
2
6
1273
567
1593
15388
998
12
7414
770
100
2587
632
1
3
6
18
640
3733
126
17
2
3251
2395
146
290
10
130
1521
1518
5569
3
8183
3
19
100
5
204
517
2
579
1
3519
83
3
25
7
100
2977
6
825
134
6
5481
60
6301
124
2139
72
2
4213
18
7734
72
11
3437
2
55
20288
9714
14745
5
16202
9620
1999
5394
3745
30
2
2
2
17638
2
494
3
1
2452
66
3545
276
2
11184
3
15198
114
14326
97
2543
922
14
9
11
3
2334
24
5
8540
4865
1658
17
227
4
95
184
89
6
7092
611
2
1966
4302
117
638
5
35
2
477
3219
423
229
17458
8438
483
1493
35
3803
8865
573
49
5
195
62
173
2004
1548
7434
5671
95
6
4207
14357
4541
7
603
5310
1460
207
26
106
3
3
29
457
1
45
11209
2
870
583
21
182
1355
5
3
5
1070
41
1003
13
1662
3
6
1
1323
3601
4
51
3282
14130
1729
142
214
56
42
6521
842
1
2
8
412
10
84
455
2
122
4127
1741
7
10251
4430
1
4
1
225
14
674
9758
171
3
98
2
13
18
318
162
11
3
1
45
3264
3
4
128
31
119
93
9
119
3
10106
811
1256
17
1067
15381
17
2
2
6019
3128
4
157
4
141
1449
156
4
35
11
45
22
2
72
3096
96
29
10
94
1664
2
302
2
77
903
43
27
1
87
1278
11
696
10594
3765
186
1352
22
96
49
2
6168
827
4080
12
16
187
536
277
920
697
11289
3
565
830
101
2644
49
2
14
188
3550
9438
10
2
6
3
86
15
137
18988
56
4
1134
17327
75
1
272
2077
18122
2031
593
41
8
446
493
2
2
6970
1031
331
2
2
428
5
35
16
4
5150
41
5
23
405
10712
576
7
70
7500
16
607
3
4
2336
719
200
2322
64
5212
54
50
4
370
9
2346
1684
702
2163
510
21
8
1107
373
1603
4
2
939
7
21552
2
5
31
17006
144
125
16
34
6
3
433
7
12582
2608
715
1730
4104
1891
34
18670
664
2957
190
49
11269
2
126
894
5858
60
376
18845
15171
11558
187
2
5
17
23
31
565
4
45
2
16
9
7
83
454
17591
14
12262
12476
76
6573
185
3
1
1
1
12
1
3
3959
25
7261
293
6
2
8
1
7181
11
9
59
39
4
1362
947
7547
1236
7427
169
86
323
4459
2
14
5439
1
61
5
662
854
1
15
369
1
37
22
4966
7
43
39
19039
36
64
2927
534
6
6547
3174
2539
16
2
416
171
50
4
298
38
20560
6
4
1478
3606
132
144
4
301
6
3948
1025
1471
10
11538
3
2
1
7
6
92
6
240
351
7932
227
2
17
15
142
29
9819
76
11349
35
79
24
24
326
8017
1552
1412
18235
37
2525
6760
373
311
40
11
1
104
12
1459
39
5707
22
16253
25
20
3399
5
3302
7507
146
858
92
48
1713
304
4239
225
28
18629
2
2
21900
398
4
9048
62
12426
201
7
1334
2918
4572
61
2
313
5
52
3593
147
141
2020
46
5
229
3480
1847
1467
596
83
1480
13936
1611
9112
15574
2
34
1815
2762
7
8363
2
573
17
4809
39
3429
7662
46
63
233
3654
3630
427
14
319
86
1295
16
5152
7
36
11
1032
18
2
3
16841
2
192
17128
65
2509
1173
3
303
2980
17
21041
300
4
27
16
1
108
3190
22
11
16508
12164
1
5871
6887
282
3
109
1901
2143
10
4497
2
2128
1124
23
4
6682
10
21013
5
166
59
208
6727
1471
3
19
138
728
210
21
9
4418
2
1681
6
1
75
4
14364
1944
4
11314
5
524
19
16
147
49
513
346
11971
19
4
16
72
5699
96
3580
30
2
3
1
1590
3
38
29
1
865
1251
29
2409
759
70
4493
4706
16
949
436
1554
1021
109
2
4
5
189
44
2573
794
1357
3360
20
23
20716
152
489
1831
4693
7
4
15
35
5
6065
3611
11130
222
2010
2
127
7139
2
16
161
1317
274
260
12
669
6454
2871
1
450
3
1123
6078
1
10
116
17505
13801
1
6017
6
50
474
7
6
17143
440
4
29
8
3
65
1792
515
4283
485
1714
17
84
2125
751
3444
1698
732
2
2
31
6
3
122
138
300
1620
47
9
1000
2670
1
1
71
778
398
86
7
61
697
205
8620
161
3
304
16
3
690
724
1317
9
133
100
3457
1677
1828
418
169
1516
1813
1
8
7226
8
6
382
1824
185
2418
12
10842
3
1498
13078
18
73
344
2
8
115
69
4
4771
18795
3
4882
85
96
1
9060
17
26
6
36
3327
3
1297
2831
1656
6
80
11918
2
179
8759
63
1594
235
3837
230
485
20
2
402
441
12962
2946
31
175
2331
1474
230
20
8
340
128
16
4
9
93
1540
572
14
17
7
1453
9810
1652
52
24
95
326
14634
45
1735
34
11135
200
344
500
7
20001
128
2
4
1
9
20
2
14505
327
586
2
371
7943
35
5
253
214
480
2
21
1550
17204
7
37
14
4093
37
614
1
4955
9840
47
1190
1374
6
11
11
98
8
1
22
553
8
269
164
34
8
90
3
7510
1
7
61
531
21116
13
11
169
68
8147
5835
2737
11
6
2618
7
8
248
10454
94
118
104
660
19719
4047
9
365
36
1683
7
15144
604
1
67
6
414
56
1358
44
14036
89
15
4
10030
120
2264
5466
12493
11
11466
137
274
2
1
904
2
7782
151
16685
2964
58
1004
16766
347
202
664
17
21
112
1866
17014
5228
223
1346
18026
2295
3
2
131
6632
85
93
7
18
32
15286
4338
10256
2881
17
57
33
656
686
13049
6635
1505
4
15
663
19851
135
2
3827
223
464
5838
4
86
758
2
2
497
2748
1585
15
20
2
1
8412
5554
4
122
8158
1694
431
136
312
3
1183
205
14
13066
4654
1
1248
7108
31
207
489
203
20
14
1571
2
46
476
86
3
5
2018
357
1625
236
2
2553
117
474
4031
492
25
129
7
5763
31
6326
17811
8
4
260
11
4
440
10269
5
61
1
623
43
9
12
5
11739
1051
3992
3628
1
28
19183
777
15
2017
2
9
2
3
33
2
1001
11532
602
5306
8
136
722
135
8286
454
1576
1569
48
177
358
4499
2
873
7
2
4
417
4586
1
37
8
375
75
92
1
11
284
41
2
127
467
31
3205
9
4
2911
19047
16311
17
11
82
130
54
2
1512
3
4527
10
15
151
13319
455
681
19192
176
141
295
8494
2
3
181
10242
1306
609
4475
7724
3
1494
4697
4
682
2
1780
4269
7
14
218
182
26
12
6826
10179
2
15
2
3
73
16361
67
2950
259
1528
1954
286
288
250
324
1
30
34
3
6366
5224
2813
151
28
3897
7561
38
21
36
27
19
4
32
4
7
1462
53
122
16618
119
3
304
2
4336
1318
2933
9876
291
814
175
19877
2
16152
16
74
5
669
191
41
45
43
875
121
3
14765
3
33
58
21390
4
16
559
11354
35
1
5
983
13
2219
19913
23
7
157
16246
159
63
22
1315
41
11309
8460
1
5641
3
3
13414
2621
38
2
8
85
8654
4457
5843
91
4594
83
15402
11
2486
4129
7588
1
7679
106
6193
2
2
17700
1
3
13
9210
310
3
2
82
12991
19
154
12
695
1184
3568
3
4379
1197
2092
64
8
7358
370
9
33
1769
23
127
1187
376
317
80
1
4
10
5500
492
98
8861
642
5
45
16296
116
12
166
7
7869
111
946
17567
3497
6
30
6790
11234
3
9827
30
3
5702
34
5
13881
2
470
3
15
10115
1600
56
788
15
5
13
1466
2
8046
4833
1
79
843
26
34
9
22
84
737
23
74
562
228
860
1269
3326
4155
2
85
2099
1
8
9667
809
1027
13
5298
532
56
102
340
18
3
586
1180
4
90
2
19406
1489
21
8
102
264
19234
35
563
1857
5
3489
1228
2
629
12460
2
926
1
432
6095
3994
5
10
4831
3675
6
16
2682
509
877
5
10813
831
14
13
16
19337
3579
288
2
141
10717
597
8
297
3
4
1129
233
32
190
92
53
10
3666
3
11120
122
4647
14983
2
3
160
100
8743
2674
19
141
76
490
10
2
3648
6
26
2399
444
41
4
148
5301
1
3
4
249
180
4
37
7
13521
8
1976
8
6976
23
3697
8
12
9
1327
826
928
2
29
336
99
1
5727
641
94
54
1
3922
3
264
28
4
80
453
443
21022
11
52
19
2192
278
19
295
304
32
392
80
135
54
738
2
259
19772
5
18996
80
7541
13330
55
56
2770
16
7
768
15470
262
1564
8
8
2
7
8708
2652
33
425
1680
133
2
1
4
636
1290
11299
14
48
9463
2367
1653
23
5
2
84
144
986
69
1349
325
5
2
1058
35
604
2290
335
18687
6
3
270
45
10
13770
177
2
14687
1527
132
4275
41
302
3052
61
1561
8103
5123
9
2892
11945
8928
1
4
6492
16
536
5
627
29
21
11
2
2097
39
30
11656
187
644
106
14791
16863
321
4
1803
2
7530
1893
7190
28
6
156
77
6138
80
9676
5
6041
2
54
12
2
1885
434
15137
169
11507
4030
139
6372
24
1
9
4786
305
621
17219
33
6748
4
2
8701
10746
199
7978
588
2
209
48
31
7
985
14421
119
1
1109
4439
34
4
2352
145
1704
9
29
43
4
202
11149
22
1549
7
6667
148
6541
10
229
601
2
296
2159
587
197
14
18447
10
1
3
1143
4
42
353
3
13
208
3
239
6
4
368
20
210
17819
6
5370
6
859
4
21
18
227
954
2984
19467
18163
7824
991
11
12
3258
2
314
155
1592
15
28
9235
20994
15839
5768
2
26
7
60
95
488
2
2
980
4
11760
557
2
28
3084
8
6287
2220
82
168
10
469
5
14563
169
6
27
1685
50
5
1327
2
8
22
1
68
2
7
2
21773
15505
547
164
2
2
1442
36
2
11
8763
10
150
330
3549
1039
4
8209
4
3431
394
102
125
1202
3434
35
1288
2124
24
2
1158
120
6
10
27
6298
4408
2
1
623
41
1
4
21
637
1
227
4807
11
10
1
24
42
47
12813
4
15
6457
7
6185
3441
2
3
6466
50
90
77
817
196
13
5
592
57
28
3
74
198
2
2
28
3
4
72
9
6754
1
9
801
73
1820
11
145
116
16
2
349
18147
1
3
494
4
59
271
51
3
176
5770
258
52
2
4
4051
2
8
6
3
60
115
4441
2198
1589
2
269
3
30
476
849
70
2
12
11
7
5
211
4
4
4687
11
3
29
3
721
13183
16
141
71
296
222
3417
3283
106
1
11
13
2
8716
6
5384
1
375
9
20
91
1696
36
487
113
7713
115
2
1244
384
29
255
4
8267
7
13746
97
432
1407
142
1850
6
55
6
2
6
12
85
4
5329
2276
340
2
18803
2
4
17954
986
2655
8014
1454
49
683
1133
2410
236
6259
571
4826
8
1053
12143
226
3
132
1580
15
93
765
69
749
24
5631
1345
499
10026
925
34
937
115
5420
410
163
38
172
532
12
1
19
326
46
651
15
31
67
377
66
4839
13630
3763
36
5
360
1679
1
29
277
8
3
2150
44
2
6073
5
6027
317
1982
33
239
354
6
3446
2428
2783
432
51
1674
5396
25
4
122
247
16
16145
35
342
151
7961
5
2
1640
1197
1047
677
837
1289
1
225
8
3
21428
42
84
14
5231
2756
6
224
1
909
1144
165
10165
2
6564
22
371
8
3388
340
1
456
10
4
1160
12003
2
175
7880
8
28
1783
6646
2694
267
1
10861
14332
60
116
10
415
23
21
59
5
3118
8
15272
846
628
113
848
701
3167
10
50
47
2
4972
29
1062
3
677
8341
20827
26
1383
1499
12997
1
11734
449
913
9628
124
31
1595
9
495
411
1
277
3
1
3
1381
3
105
5
21153
160
2
28
13
8
135
115
51
2556
4604
32
14161
17
160
3323
7
2074
3289
69
8924
2493
9
3058
140
426
911
281
892
2109
30
7
1909
374
7
2
9
40
1115
10885
20
9
336
4
4
190
10
10
2
449
2
149
119
3448
5995
2
656
1267
21
1
14
3
131
13207
1833
12251
1989
731
929
926
1028
2
1
147
597
6
2
28
234
15
1347
95
6
73
2
10670
16789
1102
20
3
390
8
470
39
13479
47
2186
28
1
286
6187
16
7
3
1
8
1781
2008
5
1497
4
786
1039
555
9
9
237
14
254
2
113
885
36
21590
2510
1035
1806
16
2
79
2311
591
685
6
2
135
95
127
13
133
1962
16
7064
4
2
224
856
171
3175
3502
159
5
13
76
2252
286
63
7020
552
1
16
20
14647
15
4
1
40
17
1635
34
2
36
47
3
27
49
45
767
1
340
3
6229
1532
5
808
1787
100
692
1756
68
27
536
19
25
1394
2565
2848
1
2
1430
33
2305
1721
1346
47
15
115
7
166
11
1
68
279
184
2
47
31
3
684
6025
11021
8
2883
1018
317
5539
3
2081
10528
19415
19
180
35
83
3
18002
6893
4990
221
1510
112
5303
680
901
16
639
2
45
5
1167
280
9263
1120
4625
203
10
233
1
7
272
1902
1
1469
15320
154
83
5277
5890
328
1841
203
257
24
1230
266
2
16
18423
5
10357
3
3
3
754
29
1530
144
487
1
26
1558
438
15727
78
74
3
5116
229
4952
529
13
10
2
8483
81
245
6
34
17
11456
620
121
41
16984
208
4340
3
18
1661
6775
29
2753
36
2983
15
6070
31
16744
5
1079
1249
1858
2667
292
2100
5
55
3
17
18
1205
2
3
446
6796
562
9548
2209
12934
3
1
9
4231
58
5
13
13
3
6
1
877
30
13
90
12
160
7152
4294
4365
4
45
3
23
1744
10943
2
6
12
14818
604
194
25
13
69
1111
3
1237
5
268
2706
6
19
17771
7248
212
4674
28
17645
3443
2
840
1
2
1131
4720
372
3416
960
3
2
1106
2729
9206
4
419
96
5740
17075
5320
12
977
3
3667
14693
235
2601
593
5
56
1341
160
14011
9
282
4102
1129
35
265
9
3
1
2
2
14
3031
201
37
8821
44
8205
4999
78
2559
99
2181
138
1045
25
36
5
1674
56
69
16
25
39
2842
51
75
14
18
7762
12267
1779
6068
28
15
10417
87
17258
13
2087
16
14061
15
2501
3641
3
6
36
3
62
4
3149
88
2930
14287
17
96
27
14042
41
7
557
9
53
10
2
17986
234
2299
179
2
1
519
56
10871
283
70
49
396
2454
2971
2180
439
5
7210
6
3878
7
15952
151
1844
50
50
2562
228
2
938
215
22
9924
4
3997
21399
41
6
2
4
6582
533
2649
1341
32
277
2444
34
1214
2
6
23
383
1250
5210
8
1
330
2411
921
100
3753
10
14
546
693
3
3614
121
1948
5488
40
2
18
5
123
1432
72
10982
69
7
2
6
6
21600
6
367
2
1093
10338
30
6
401
183
726
63
1699
44
17898
1
3312
371
11
32
90
32
1
246
14970
18
3
452
1
56
1046
50
80
830
24
9
348
2603
20643
198
2239
1
472
555
4392
8
596
31
216
60
2
371
3119
90
18010
3285
4
3
152
1
589
11
15966
2882
20
14
78
156
3
2
1
958
4
969
15457
53
120
2064
3438
36
2833
12159
7
56
2
192
12
3
396
1645
38
2205
29
9425
3070
55
20
744
113
4
8857
39
10
3571
11610
5
1173
159
6460
106
6
5
12218
19056
2
226
3
62
1777
2840
75
70
2734
2850
52
4
1890
5684
1516
15
6
2471
7
1870
727
1717
402
627
9
10
36
2
1
3132
8
7
11682
3
2
2
1338
209
1
4
74
4
53
17
17466
176
2922
77
2229
9
2098
1246
33
51
466
3
2610
1585
3
2852
29
5
501
22
9
11
151
2370
2
1
4
1885
1
30
922
2042
1637
357
2343
1730
729
6
584
107
2818
607
21
2
2
790
1
5
888
6329
2965
46
2
1
3
5
550
7171
83
10
2889
5
6
1163
1385
611
77
49
11543
99
13491
5884
709
58
2
28
2206
1582
22
2
844
7494
1492
1991
51
54
2313
117
4
270
29
261
1207
2
7146
4422
7
59
1873
358
310
3
2
15615
222
2
15
2
55
212
46
981
745
16886
186
3039
34
470
101
16
29
8
2
690
2773
10482
20
3599
2224
182
7293
5
6
21485
8
85
152
136
84
41
646
2507
1
923
22
306
544
186
446
2208
14
14086
157
30
7
2
9552
7336
133
7
6
6
8
9
5
1
29
337
204
9
1
325
15313
13551
101
2
18
13378
2203
247
5245
2581
44
2596
1
32
1826
4201
518
2
659
27
945
83
1205
827
2531
112
9
14930
25
26
1367
80
20424
9766
118
212
6087
65
2482
3492
17365
5719
951
211
3
5182
354
1095
2112
206
63
463
14844
3896
4631
86
3
136
18
149
3
1870
3056
3
107
1
387
5282
15
16
4596
1418
9
10238
6
24
1
65
1
4357
22
17575
157
4
11
14864
9
868
16332
13
16289
8
1
57
1578
4
6296
15
14
12
44
16
913
3858
14798
4
9
44
11
10929
39
2
221
79
6
3698
2
40
2917
2204
7
5263
30
8
221
6
164
9
1
4175
3
4756
168
3197
891
6003
435
2
29
8
2
914
2
1
4
384
9388
16
1
67
4
52
1517
10215
19
1057
422
1
7
530
16217
726
125
1056
3
10
10
14
13
5
2
74
1227
11
1941
3
6
58
1984
201
2606
1508
4390
748
3
1560
1318
930
1
142
2
103
20
988
202
12
168
140
2323
13545
1918
16
744
1643
96
12
2381
21
10288
133
129
2733
1
1
579
18
43
2
351
113
204
74
93
805
1264
3
3020
2808
1
1404
20108
2326
37
239
30
738
264
48
6538
937
1
1356
5100
1
165
424
1900
361
650
6
9
11
2480
426
10370
1255
9358
62
9650
1
7649
61
11
1140
4937
1313
23
23
378
1
19
281
6480
3924
993
63
1795
1
31
9968
3412
9509
2400
253
4495
684
576
6664
1012
1744
45
1
49
6579
31
19
1485
15
443
143
7
4
42
8404
8382
1433
4
76
5093
13201
1
48
16559
1
1
1084
65
1172
1
7504
14402
2
5198
251
237
4
413
6
2
95
77
657
65
867
18325
10468
2
112
2
92
4279
34
5
3
9421
718
2
205
12
16
130
1234
94
44
9
14275
4
647
206
4909
596
45
70
2
3552
331
20892
124
1834
172
2
8635
1
1479
1785
8
42
1816
16
567
1
4859
20
12
430
10722
6844
2
30
5
1292
230
1
26
12
2793
202
2
7
189
11189
439
1
273
4
10
5
342
52
11
166
61
3003
8194
6076
9052
36
2
139
330
8932
6114
2751
537
140
52
188
3
40
22
10
9
7904
4
1443
413
214
186
83
1542
13154
2440
1917
3
3330
1142
134
2503
295
895
211
270
7461
28
56
3
3299
47
1764
14977
94
19
10228
2
20306
36
1993
32
801
1030
1087
4375
15017
5064
201
1628
1216
130
379
33
28
7
2772
3055
627
393
3587
11390
1276
51
717
144
3
92
4
39
11
2
1
6
18
4515
17606
173
21219
835
6
53
140
8944
1
2
1832
369
219
4
14
137
1258
340
11
17497
1
2
24
5
15
3363
4
425
379
6
8782
844
1
110
51
17851
381
11522
8829
1
191
7693
16640
5
266
1
119
28
1238
11179
639
45
106
980
11
10
945
14023
18554
55
7
1209
898
223
1
5268
66
129
38
3
1428
54
1110
547
5
6757
32
855
4
126
225
3192
5456
179
96
44
7274
4
508
10
740
1798
5629
2913
2695
48
342
83
74
2849
2
1
3
22
4
4
409
31
121
121
10
109
4
21533
1509
1
137
2
2639
144
278
13588
19484
7
8100
12
1365
67
91
12
4
11646
31
6
13497
38
6
1
176
3560
13594
3379
852
17
2
264
9
9775
2
14
1
15867
61
3
26
7
594
526
2
160
32
1
20
18
153
752
78
8
8
55
10
1096
19728
2
14281
893
14778
10
17
115
2
255
5118
407
739
11860
4718
1
920
42
2723
1
1109
1562
807
936
2
17
788
13
178
2030
190
270
2967
6212
13260
2
340
2876
4
8778
812
242
18
557
2012
3
4159
5
9
67
11998
662
12
1046
3142
232
10741
12421
13
81
20279
3
1
879
10784
3687
5958
14092
1
279
1513
184
4
3
799
42
24
6144
1
4120
9797
5200
3735
52
53
8517
18
11
2289
857
409
17716
15
5
29
5
121
4
13862
216
7608
1401
87
418
299
1
280
371
4
7564
1
46
2
17
17630
57
2657
399
263
577
8
7114
8
252
3856
20
1214
12565
4
73
278
7
45
41
56
3725
306
312
1503
9
7
839
6512
2
39
2460
3103
1599
12377
3
78
20
3640
1910
25
279
80
1377
4503
649
12040
8238
41
5043
14
350
40
23
5
3
114
39
3834
459
71
21182
430
4
246
70
2
3
7
13
4
14785
7
79
1
615
5576
2815
141
303
57
1
1609
22
14
118
12
548
384
6742
3
2
319
2800
12295
5343
4483
71
2
504
7968
3286
55
5895
289
1281
3394
76
1
2
15
135
11284
12
21648
4305
33
1
2
95
644
10
104
21
1
9016
4
10
8992
3
19
1
129
343
1283
6715
5032
857
134
10
445
7954
1
288
5724
721
10977
420
9088
3
249
998
44
525
10496
13009
214
1
12
21
410
47
51
52
13666
1643
58
1
16209
15567
6103
307
733
1
931
138
140
2
100
358
1
38
1088
22
19
2
69
128
25
18398
2349
186
8212
15083
102
427
4652
46
153
3
3
5
2
131
13856
247
34
7408
17
3
174
154
13
2716
12
2
276
8136
832
15299
7720
159
388
1547
189
93
12306
2529
7
17022
741
37
4
2
1026
64
3
4606
477
5
149
155
96
1433
17265
2188
9663
197
262
17
14997
19
2325
1
254
122
5
18
250
433
6
18862
15
1544
16
36
289
257
2130
5929
8
239
263
11
1337
2
50
346
1
1094
1483
1641
871
2459
60
5
4
3969
352
2000
16427
8468
1929
11
20
999
7813
4
4
629
44
8007
2014
22
16
5694
308
25
3
176
140
4434
8356
798
170
264
57
12
4
49
4731
1000
4
4811
25
2293
69
254
4252
186
363
62
3
13
182
228
2
2
2
1
10997
2
78
2
5
26
4930
273
32
20
336
16655
2373
46
9181
8
12683
1512
6
36
172
8442
3078
1918
327
101
1089
48
253
3
1667
46
4917
319
3
1
137
3349
3
21
35
11007
122
66
5
2
20406
1141
2
8
2089
108
480
4762
2
7642
9
64
10
21
1042
6
8348
18
1064
471
13
1178
637
731
2677
2
7
78
1596
7866
55
16588
166
20588
7
15395
1
365
7
3
1
5164
37
4
582
558
10987
105
3
37
192
918
3
3218
1
449
622
2028
48
1037
550
5
2
58
15252
504
319
15
56
5
50
38
1101
15
820
8697
18662
446
4377
28
612
297
12678
9350
2
1773
22
18098
12
1270
14
26
15334
56
16
10519
33
28
7
17
11
851
540
3780
612
83
1097
108
9964
4
9
33
1008
459
14719
4
423
3
3012
260
75
3
4
3
6763
5068
13
20
2
280
4062
120
812
108
43
19
746
687
13
1
56
2
9
13
3159
42
583
323
14
19251
9
1
435
1147
938
49
19200
23
1
2063
3440
11420
30
99
7
3
301
3
1
1166
2174
9897
5
5
56
5023
127
167
376
12
75
19
21
3361
792
2132
68
10822
3486
1
2
231
3795
12
12
242
98
1804
11934
28
34
4194
113
2
3730
18
5
1
179
4111
116
9
1
18728
2
2499
66
13295
3889
1259
5
99
5070
10
133
3
4
495
1125
24
3669
70
6174
1048
137
574
165
6
4722
3420
20
54
8880
5
8367
630
4
2306
1093
6588
58
7768
90
1180
31
2
52
355
48
8
11051
21
55
12094
20873
6
8453
10
4
2
3491
675
3428
14
5
12
1284
18
186
3
4
5887
19
69
490
158
272
43
889
188
9
6111
2
65
1
32
51
7800
21542
323
1757
67
7117
1
22
786
327
13850
195
431
520
1164
19
1601
8
5689
42
824
3095
2235
38
31
124
11527
1
211
232
22
3583
8
1
63
3901
197
33
3
14608
147
11620
3
250
4
1724
406
10
21812
1666
2138
4
145
28
286
60
885
1353
207
68
1
149
8
258
9522
104
2
526
1
310
2047
178
5180
230
6
436
163
20351
520
6945
610
2
8976
10533
455
7604
205
25
3708
28
70
1
803
3351
1024
104
140
9
770
1191
1695
6
15
2
2
7477
6694
8
1
4
8
3
14
10827
391
1033
21
154
7042
3952
10618
9
6
16
334
28
3
40
150
1182
12
36
1094
2747
4188
3
85
2
20
87
208
102
6125
11568
139
4
17189
2050
296
253
1
3625
9762
676
15498
2437
5
755
2
3
9
52
121
7388
21342
17
362
3
14
1
458
7165
209
16
14
842
7
14473
65
1011
2
412
10
2
7
15553
1384
38
457
1467
720
132
392
20
17
1525
715
6
58
2040
1340
150
6
1
3
10
9867
1375
7
221
110
3261
373
33
18058
85
5372
283
1291
4
4198
2
7
111
1476
1200
2779
181
441
30
4105
20064
12110
66
26
805
6679
5
61
2
3
12360
3
284
1
800
675
142
12
126
1322
1036
1
4
4185
2103
7
37
118
7
7194
4
1636
23
4
20487
1607
277
114
4689
4712
11
67
5532
4760
210
166
65
10
2931
2114
2236
4
634
614
51
13
2
21069
129
8
330
9702
2
106
134
16045
1692
14
15
3
2
2
1077
11886
2646
3
146
126
1
42
35
766
400
1821
3
12
1
219
10
1458
125
409
2443
39
18082
9942
5510
3651
545
328
14
98
5747
6
141
2591
3815
938
1217
12
13
3
13727
77
12404
2
3033
4704
2280
1
8
9
1286
195
189
2528
728
121
181
1428
15
20324
12785
103
13
12510
2149
12
6
5
1
9
10
1143
2496
1
19
6
502
71
1074
8
603
306
28
1510
220
19149
1368
475
8
20597
12121
21968
19
238
10561
51
856
2
932
7
1
6
6
169
106
647
17
4714
68
2275
550
246
195
21
17
2826
9
6
1
3
192
1147
55
66
45
28
226
122
23
3152
1
3544
3
1799
108
42
542
690
121
245
1932
4071
152
4
58
1
7
149
164
9
9413
294
1
135
6
5
108
1
3452
864
97
2183
10
773
9
3336
7
3
6097
1912
44
4805
2
163
14837
303
8172
8
17882
5515
2122
10
20
274
76
23
11
6268
5355
7316
23
8597
6001
8322
122
4
16
1
715
5
9000
4
2
1
2
53
8
140
3
5111
753
1
169
13967
72
348
206
2611
3
2304
746
168
34
2211
2976
24
8
1849
1
37
59
96
629
20225
1007
10765
458
75
1271
3100
3115
283
764
11902
12
13
743
175
18
1417
114
39
13
64
17552
1
15748
506
7
324
1682
9
625
2
1688
18
79
20
2
5
2212
5266
4098
8
65
11304
5
787
2105
4
9
14660
3481
19
43
3
10
85
62
814
8
34
918
1
11
68
232
81
30
12
17
1014
59
1421
6
139
309
179
8
142
18521
7744
7454
12916
13
484
15057
2
342
70
1
736
23
5809
838
18
2014
4
7431
4566
7
37
8
476
4555
13
2929
4024
164
2279
1
6254
944
48
14
10580
4416
8720
424
6182
2
18138
378
3
261
542
3
22
11
6
304
9
2
4872
478
61
74
100
144
9198
195
1
1226
7
965
7
733
905
4
411
80
10
3
1162
19
8
10
4
1344
3
3
4
325
16924
5848
61
106
13
5
3231
2197
11
1171
4699
3
28
2
1002
901
1034
805
9740
432
3
1506
5
57
1737
145
443
39
4
3091
5
1054
15
2
17
2
59
342
7
3209
3755
3
69
1569
3124
8050
9526
8
75
101
4
21
101
204
2310
1429
5
5
2060
6089
1
60
18
344
11781
61
816
2769
1704
31
12083
18
987
15671
226
26
441
8
1766
4533
5104
3731
2207
15
138
4
62
1172
57
209
135
6958
7280
5
4352
978
156
2466
5
20
7
209
4
1145
29
332
8472
1
9607
297
1790
11
2763
3
5
13113
1091
57
15
1
317
2
10
107
129
4
8
6
6930
4580
206
10160
6802
4
27
439
1293
3
4
2339
543
5786
4
6979
1953
2034
36
1
37
4691
44
1111
1
780
14383
6
12
23
1
135
3
199
685
37
5
653
5166
1666
2520
388
1396
253
22
1073
34
4
21
44
2240
4
5
7
2
48
1537
2
8198
2
341
291
228
2
346
13715
132
26
11
3
10
53
732
7
3318
6
27
67
401
11765
15293
107
88
9
597
28
20606
12
1153
19
399
523
110
7079
13
671
2054
271
9325
170
51
4
4402
3553
220
3
604
19030
25
2497
674
60
15734
17946
7655
12
46
1938
3873
4
49
180
4
5
91
5294
1566
3577
3
910
1
132
1763
8
2476
1
18
18244
118
13
1663
5485
1309
15889
94
31
19966
979
223
8457
31
1646
9986
16
18
2067
244
4
23
8
19115
1818
1869
153
21409
66
236
4164
635
76
69
7820
57
552
2
759
68
1
11839
4
1135
162
18637
7
459
3474
32
2
3572
9
1638
13271
367
52
888
64
272
9276
1
22
17
2024
2
9
235
1749
12
155
2
14
8940
3870
393
40
993
14098
7
414
10
1233
4
262
2
661
1
315
584
2414
125
7
3917
33
4455
11
68
7133
109
952
20297
150
88
255
1
546
62
2
32
6
5082
4
47
203
1164
20524
5
15
9862
15
683
1
5911
18
2
35
10904
19
4891
5
55
3812
214
3207
489
1842
7032
5599
125
766
9
37
220
15
39
2
745
2
703
886
1361
16325
4735
109
50
13557
103
220
8
2
20
6204
110
13
20725
12
14
2
153
18
1514
261
595
20091
3
17250
6046
5
1919
1135
18505
275
19702
8
1120
965
856
1500
449
959
8
5259
363
40
3
19519
894
211
2
206
2
334
28
47
1414
260
538
29
23
265
100
39
3643
7
551
533
27
10
20
302
14306
456
7
10017
36
5874
6841
25
1023
22
8
710
375
1206
19
2
3
284
88
20957
2866
818
231
3376
92
4243
165
2
2
7
924
2
7
1015
2956
3044
1
404
3337
8747
6
50
1553
1
915
71
142
18
10
1051
6706
7
69
2
2
6
2
17693
39
12876
2
8884
5
58
394
102
1
30
4
32
2216
119
664
2
6
282
8
21754
5
33
93
3
24
501
36
15595
9
12711
35
282
3069
12
4
50
88
30
11
222
10750
41
1050
12
25
1
1215
6
4
64
4643
4
9
8767
38
318
1
353
1
7470
2130
194
72
1
11
19
1754
771
1159
1
3
284
9259
3999
689
12175
25
18
6
947
2
14726
15
70
9
12
13
45
337
7
1099
4
310
1
3
24
3
8060
1853
784
41
2
329
63
231
5
6992
15713
494
28
11855
2981
147
393
12180
3775
141
19
6655
14957
7
1393
20
38
10
1
2450
29
1263
8479
234
31
94
402
7391
180
12939
672
18820
90
992
2
2
466
1748
33
3960
21
9
44
15602
665
9
1
2
4837
265
46
92
73
345
38
2
4126
8176
2641
9313
5
242
2
484
89
17
5
70
3
3273
46
381
349
9959
220
144
6386
15
365
735
171
12842
3
17622
1
3372
21
1772
113
11
3007
945
15
3059
4863
1
5913
4200
1487
571
5
82
108
15
13324
14582
3
3
152
472
5012
14498
15
10622
7
8960
6108
183
16376
26
9222
4729
1
5308
5
18
111
908
13277
600
36
24
3212
2439
5490
15279
1312
2746
29
27
364
50
1956
2009
42
2
366
1
841
6
8
3
11
4
168
30
2557
516
191
268
1
213
271
27
234
7
2
8
12554
16
47
3713
191
1484
114
4559
17
9
2
17
34
17304
437
404
663
3682
12382
11169
1608
4
50
2968
31
5850
7625
11672
25
87
4
2
251
16
33
322
8728
74
18155
303
5145
652
20762
212
8
47
9719
114
6
33
652
11
4887
1990
2
359
3715
5086
71
4739
4574
1100
2
146
3295
2
12
17
2
250
3566
8
10
35
1170
4151
13618
17
92
2
573
11802
11
422
44
1
20261
3
2
5853
5
2154
2
403
2
1049
21
2
2318
85
6529
16939
161
1
4400
2
854
4968
5666
7264
3
4818
92
1887
14
13819
37
92
336
605
832
308
9753
20387
18
15
44
9736
21163
86
8
4
12576
11
2527
111
6570
8578
22
1725
22
5
2
341
528
3
404
2
128
54
1
11
137
18
4
10403
3454
1170
7
24
48
5
7219
1354
19243
257
917
47
6658
262
2
2442
16
42
276
55
1454
422
185
393
21229
16
11
339
609
501
374
19984
80
20
31
926
36
14
676
1
103
55
2
15
386
10292
117
2739
238
3
152
758
4
4248
253
3
34
32
186
1
233
125
144
4
773
378
12
273
11
1415
14479
50
2045
1822
16969
3
7
2389
208
14641
2750
3
2816
12
6011
2445
1
23
251
121
66
2
2
1963
6
1657
539
2
2
3
6
18954
6
7859
1
390
2432
16123
11776
1997
327
61
6
58
8352
2
1581
847
7
3783
20
1544
232
47
175
4683
4
29
8574
713
748
26
506
169
1223
571
22017
2
443
14937
669
108
225
31
4
9582
1707
1017
3
5561
3
333
9
2169
713
2266
7242
7
129
193
1010
333
9
19975
5021
2215
6
52
2
1949
2
781
4
111
1
8
106
151
739
2393
3
783
19269
15043
387
8
15519
1
83
49
10
11
1444
3
2078
7480
33
4710
17
456
10
104
2
81
6
3
2300
9
203
1
1
895
136
58
2111
4190
1038
5
5
4
2550
9911
30
44
117
11
24
13887
127
4133
2
23
2
1
10
7
263
299
4576
2
2
42
24
2
5233
460
9
579
213
6051
1525
407
3021
248
27
11
60
370
112
5
13
1060
72
6
122
5591
6676
2
2221
116
1082
1708
45
8
85
1077
1219
16303
6374
6847
39
68
7300
7
498
42
1460
7
15874
54
4
13
381
177
37
33
12
1348
2
147
91
26
201
2
786
250
9404
1356
1920
3
18
176
1846
21
22
2
79
1
6141
193
1631
2
4
14
1
392
21
3011
4645
30
10585
1778
16
870
6
24
20
4708
11
12
7683
5
706
250
4
35
800
185
51
174
8096
772
461
769
24
3004
6850
119
5
3097
19
17
6
1955
339
4
117
6832
1287
3
3
3
11
81
51
5
3
3
8334
16
420
943
6
6
3157
1
78
5377
389
61
19649
6043
2
12848
2
1095
7
49
179
13
4970
102
2
74
395
207
1
818
1
2
14155
4162
30
6
1331
65
80
1
15
82
4
2
33
10463
42
246
12621
12627
520
1
127
3
31
104
18
4
11
7
7841
146
9646
72
9
1112
5
72
390
72
71
2
966
8693
1
9
838
6
44
7
2825
1
12
107
27
32
13
23
1271
12588
13533
16677
26
1973
16
791
1
3
4369
2
21
17427
3
453
6602
4
9973
5084
521
7222
31
311
18538
5
2
6
11
2
473
489
3
96
1
21687
2863
3
4505
2785
1
19
5804
1452
4902
16
28
900
8
199
42
8
23
6641
14
6
5
116
2963
2
429
2834
2659
1
12
18
211
3
179
21
6905
394
3
173
6
10
435
124
16
2701
2
2
169
1
40
1985
6062
13570
1
1851
655
15266
42
1
3
8337
2255
1
1
4
2384
43
81
94
25
999
8
440
15130
88
12
6629
68
7
21107
2242
6
15
8916
383
411
6251
18921
34
14370
1
53
20698
19
10
68
6555
15
5
2
9429
132
8
9
130
64
13
215
119
8271
95
182
159
170
17
211
3768
876
32
7
8039
1091
3390
7255
963
131
7
2332
23
2
1
176
12980
7143
44
66
17922
916
3
17235
9392
1520
284
2258
720
382
775
5
46
29
4
71
787
6207
82
265
13
1124
2895
251
3254
2
308
4436
325
680
64
5
513
21361
1037
2
48
21
158
499
2
1325
2
4944
54
152
952
1224
19
19226
227
242
4157
455
338
692
2
6942
1343
2347
1
10
4904
17
44
110
123
3
40
1386
14351
119
34
7
49
1319
48
5
4218
7051
6878
19
1947
9586
18260
3
5
16
8
3793
23
554
101
11807
24
45
10818
4254
16
27
24
11375
12
13
6377
4
4
7057
10
1
1300
16002
115
1782
114
4
17
219
33
1703
2
1
30
81
4
157
1
5
8
4895
3
10
1
517
8
22
4668
15981
4979
7007
128
8666
32
3
3
10
1
3227
2
6022
9
68
118
23
4277
1
1241
6451
10
1551
6
3201
1
90
1711
12256
2
1148
6
19798
234
430
17
5
159
2
10
207
21
8817
13
1232
8724
1
5
6
71
958
2
19
3585
1639
84
3798
2199
2
4854
6553
14531
11090
4
14615
14
85
2
16
684
2338
12
1718
1027
421
104
9990
3242
178
671
1
380
1638
34
15769
3114
17
199
2
7149
2
5
3996
14
20315
227
148
6902
11279
6
4
13
246
3
53
903
63
316
1020
2
21
1168
1479
39
13
8
2176
3832
12
22
1904
10
5
9334
29
5
10075
2213
1689
12560
4137
51
12
9749
2
420
3950
118
7155
78
243
4
11708
356
351
437
4026
30
4716
16833
3810
126
9
2
19441
4941
5717
10909
18300
28
7
2
2
666
11016
2365
10
8
2
3154
14732
9792
1079
2214
10324
3
1378
4
18812
341
5
350
94
25
84
298
131
12
6986
26
14
14230
203
2246
4741
38
2
3
6
11
24
62
2
37
9
11
148
127
7162
872
13600
9
34
29
3396
7
5993
344
923
5
2
15
10
1880
475
665
1
3468
6276
2455
138
1533
10
751
1262
5
11849
10
18
146
1
13660
2185
130
2213
80
291
3184
5
13
6
8
1686
1121
30
7
847
1
36
1334
37
7136
5604
12
17
53
2
946
1
14
19
3
143
1
2
8658
10
80
799
4670
324
16456
2201
3
11755
48
78
1
8794
311
1
1
14079
2
20
219
256
55
1
21447
10
3615
7
834
2
1099
634
44
12
2580
3001
2
18439
1654
2
503
697
3463
243
3506
4487
1291
2
930
7
7
230
18
247
558
2
7890
2
14428
5
1
282
26
73
2
19
4685
6
1349
2
23
8
4315
66
2
5003
2502
1
1795
661
132
2
20360
3
7
372
9
22
447
19763
1511
2717
5280
2
10008
3
698
12116
1
1722
10
1789
13980
146
1600
5
343
19684
7329
9
5552
819
1
3788
35
213
638
113
60
17827
155
1015
14268
31
42
1
281
20162
14654
13212
45
33
97
1975
12371
11574
4
2
3
9814
680
3185
387
7
23
1253
40
559
218
8491
7
42
17
12768
37
2119
34
1245
34
18
60
12
353
25
200
2095
742
126
1
1
29
2
81
859
145
488
1707
7
9706
2
635
4396
21276
329
3
3820
28
11661
108
354
804
65
2877
160
7303
8423
67
22
3695
1007
5252
98
13
1247
6
62
210
50
8
69
11
469
584
105
65
2
7676
6
24
712
14313
183
7700
421
17482
14674
34
279
909
22
3
1
141
730
1201
6
5052
241
3
217
313
15077
178
2
5
20
441
112
6853
235
953
11
7
23
1
1
65
2780
142
2
2617
3
2
620
15361
94
286
23
2
112
771
3690
1102
30
15225
2102
797
31
429
556
2281
5
3255
14073
2767
86
8230
196
164
4
1
18
10500
7939
19
239
2023
2
16486
2894
174
16420
482
20515
1
64
4
4
8810
567
99
55
217
3426
1249
20216
3
3
11
2
6
576
2435
6591
13
3
12
2298
2645
5
81
8143
15
5812
48
1
329
1086
1165
1
738
201
54
16648
143
14
478
34
28
1
2
89
5418
178
5296
5
51
5270
78
13061
3
9
12
30
1185
20189
28
2467
592
561
62
330
33
5
2680
853
18787
32
12
33
4
531
52
2
494
111
43
1693
111
2989
3913
2547
15
18
1
405
2
1747
287
2
18
3
18587
1
17
8161
592
2
26
2386
1
36
5
585
13
1908
41
13930
4
1
119
615
12
12014
458
5918
72
8487
2
3000
1
200
13026
15
5039
9442
167
21
3884
7368
963
70
2
616
5
753
9
1615
416
296
21
6820
6
19
109
17052
2387
20
1344
9084
1439
385
5937
710
7464
12240
4
3
1299
17412
21418
3964
3
83
2070
3
3117
14518
1231
495
15164
2
10233
53
15
230
12
2
9
427
2665
1136
361
194
694
23
711
1013
63
339
131
34
7
3
7807
280
1218
9849
700
268
4
76
19
2
28
5
15
16347
4
2
25
16
160
4535
2
20
30
31
27
271
4
198
3
163
9845
24
7
3
10044
5781
35
109
39
3382
12774
896
6265
941
1422
32
2
2301
6721
3
19
41
1
11334
15477
43
10
1504
91
3
5974
64
4
1
1548
18
44
1144
2
2
17174
9880
3483
2
266
2
2
25
2426
21841
891
4
3
1
6
55
10
1408
6
14441
10
46
42
3110
5686
19
663
45
1
12
15917
8
290
2
8256
18349
13136
8419
54
1
13
366
422
5
2
16
2
17151
34
13
67
9
193
58
2377
8028
4265
143
711
9
2740
331
18
18
1
3
861
5
10444
33
991
7894
355
22
12100
1
7
3
817
2
1380
2
164
10066
46
9
4610
67
125
4
267
3
132
87
16
2
20938
1296
187
2944
196
23
3
150
61
9
29
10958
298
1555
1
2329
251
1728
18
28
490
3
374
563
941
7010
625
11594
1
3596
219
1
1
779
13090
4813
18678
231
4226
3
1716
6417
9
33
3743
2
2
40
2
2055
14
1455
4
442
10
188
2253
262
10
8
4
622
4
190
264
1078
1
1758
4235
6009
750
16
8774
7158
21619
10
427
10
1279
1
1980
45
3925
217
13
727
17
31
99
2
7
13
4273
2
2
156
18464
4
2589
85
6116
1
821
1212
7238
21371
289
2
79
16
1755
41
149
5
799
150
4
62
480
10
19
2061
263
8
96
17
8
1506
11
9
1
28
13911
103
20910
2768
71
453
2
8
778
17598
244
77
3
4
472
9858
1
128
641
73
4922
1440
9671
345
680
41
14759
8689
53
433
386
1595
9124
3
7
1
4445
4461
16188
416
37
208
52
274
135
7
5422
40
1855
9
4737
4
1151
2
1
399
195
3211
1031
552
2
2
14628
9501
2158
1950
21939
106
4733
2
234
12
210
1280
43
10133
18596
4584
6921
9
26
21744
87
5961
679
396
2
655
213
857
10
10599
820
17
8241
7
2
3423
15
389
3692
211
106
4412
126
2120
14557
64
807
802
11
831
2
8
96
7
1
54
694
37
35
333
2
9
465
100
48
2577
43
12
1301
1
214
1
3937
4332
11
3
2032
1
20
4
31
275
46
11
2961
5
26
2
17
1179
59
17
4529
170
12105
6
8
2296
7444
13
2
3
35
15783
2
1050
685
239
3505
4
521
1216
529
1928
2
236
24
238
2182
310
1239
1008
7
70
3
6506
7
1935
75
59
20615
47
4
4507
2
645
2
114
9
121
4775
3015
1
1562
2
242
1899
9
10440
315
65
5
3
4
667
1872
3946
1862
323
17
21
112
4055
2
42
7076
1738
42
1
5
6811
63
8089
8
13837
8319
3
10731
21125
20624
2
14136
25
17
904
4
19632
16
6866
3
335
226
627
41
10
20753
83
1
1
641
305
15259
3
13
51
79
12
2
1
1762
12300
125
1
10900
10
100
86
4
38
26
5
1126
13782
1130
6
14857
9
13527
956
1823
3168
736
8
2
48
16
176
923
285
13
5332
464
522
7
373
71
73
247
1
13672
15
13
417
2263
5697
2868
12388
337
78
239
10375
4
2
5461
7
111
92
37
40
2
1
2568
1
2696
4994
2
193
102
15650
2
2900
104
4
292
132
13437
4
65
3
36
4
19493
2116
5471
3603
4695
1397
649
4044
760
114
184
1
92
2
6
2376
9488
8
1424
155
400
38
84
2
3309
950
14
6257
10
10
2372
20
526
2237
321
302
238
396
10311
79
12311
3531
469
5
242
1166
126
202
171
783
1983
6
1069
17
973
6
3
497
20
783
3
3
1807
205
261
737
3
498
3324
253
2401
74
3
11
1298
3321
12208
716
3
229
207
22
892
14180
32
22
3
3561
13
11
30
69
9161
14870
2668
8223
7206
18252
29
22
173
15
21919
574
21314
12137
51
12073
37
1
972
18374
60
80
3232
8833
39
270
278
6
6967
11
43
11095
761
10
10
2
224
504
1982
7168
103
1736
5
16282
4
154
61
3
872
10265
1
6
599
18
13
3899
488
11929
17158
4153
11
123
11881
3
28
32
14237
236
556
1359
6
67
25
117
12928
33
19571
3
10
5317
7
3
272
21004
89
3
17288
372
53
15
4939
535
6133
3
55
4
37
2146
11410
1812
90
41
2
114
25
12
13
270
19957
20
142
166
157
79
9153
93
356
486
158
100
134
404
13
84
992
2908
23
3136
3636
15
1
2145
1
219
30
364
17795
2134
3781
1
23
217
16016
4
10
39
1146
7
111
17708
516
37
2
762
89
60
3
7127
86
2
1101
216
1420
614
1731
1371
118
129
12153
20920
3
13
13461
133
3746
4003
49
1045
13
8
13
14
2052
1646
727
70
162
190
141
2
14
1072
367
1404
26
13248
57
4262
10430
2
240
224
96
3523
7971
4
876
21
4
268
8825
3
10
17
1379
951
2086
3929
14186
6215
6
3
5
19640
11080
261
98
1
360
2
1
334
2127
27
5
1299
107
31
34
2333
24
13
2
970
13177
6611
1652
1042
16856
148
2
2
113
10
127
720
542
15
8000
7985
154
3
2
2
7
14
19
9020
8
2
8078
21
6495
6
79
4140
12224
1
59
935
136
19
595
5498
1848
26
299
133
4
24
7474
9
448
355
2
23
35
5
13
13
19931
25
299
5654
17
2
1
292
263
442
1247
1017
21
5
686
159
10004
51
66
531
6
5
5791
2796
7
4258
7
6081
21
4590
3612
17
95
3333
210
3
199
7
16
1
1076
80
164
699
2228
79
9
28
69
9
79
2
2250
470
99
3234
1
7313
2046
1386
651
91
51
15
6
299
204
1333
3
14897
1
7584
59
9044
8
3
2
5932
12
12
4876
59
2
1482
1727
71
2074
6
7
3
140
12366
6856
14
20
1119
7395
581
4319
6
5273
5979
4679
38
2453
3204
7187
18
69
25
7
1
5
3150
2
63
19
5664
61
688
97
3
143
358
5
2643
1803
967
16781
5882
846
19
1443
60
1065
42
763
1
347
12
3041
910
9300
11
109
16699
187
46
539
13813
1405
2
2
343
1
6605
164
10151
300
836
14
11
12610
503
21
10048
182
10646
487
684
1
3471
34
4
1
10188
9
6
333
814
10306
22
19860
97
17296
154
6
359
1282
11939
2324
796
12
4428
19
22
645
1063
13473
124
16
187
10
9
21
4621
1
2
9
3
23
179
8
105
2
703
671
2
3478
1
477
11
3
33
13230
37
6
138
35
3
889
200
2
7635
6859
7
4676
101
81
176
4
5
9569
7
902
200
3
49
39
16173
16260
102
56
19710
2
4
12
15636
874
270
767
96
20
326
127
273
3
45
2975
6
158
108
16080
3
79
78
21696
5656
26
150
15
4
1732
35
61
2479
3357
148
269
1126
6585
155
1268
1922
5
307
3882
3967
60
21295
56
13
8585
581
5
75
11563
89
32
7574
15931
1
8
175
2517
285
2193
6160
2
1123
1625
1784
303
801
14
34
461
1623
11164
447
44
2872
14
16102
527
304
2342
63
57
5432
34
10924
228
12661
18
305
4
15938
3345
3716
3
15
1
722
6
274
226
473
5
78
7232
138
57
806
11259
267
28
25
3
2118
10
249
1482
2741
1
326
13396
56
77
2869
10
4
4424
15
12905
16729
1
12796
794
7
20055
7
137
19
160
492
258
177
637
4477
46
1
524
152
6237
1
8154
6
54
692
60
10
1041
1543
49
2
1221
277
4521
1
2433
68
14
14
322
12
29
1409
1213
2
455
393
5
2
2022
116
55
48
130
31
88
13
58
6221
2417
12
25
7
8
4
38
3
319
2007
2628
3
9
52
869
2
290
49
5256
588
349
241
14
774
4820
4
7
4828
606
2
1
8563
53
8
12802
41
207
822
368
287
139
15832
49
3
30
11512
48
2
49
2
87
35
72
1
594
36
46
420
35
3
8
2
8
1630
4568
1395
2623
147
1
225
28
4
4933
30
6
7
9072
5
677
197
13
118
5413
3
75
1
3
726
884
103
3
27
14
2388
3
21
1116
174
2270
2
88
21667
51
27
20
12482
7
2
4950
14
10851
1776
1967
257
1451
11
113
209
9
251
865
622
19842
3
156
84
3036
6389
332
35
59
14
4748
8082
764
15
676
4803
488
19
135
14
1
2434
9
45
102
7
20378
13
126
207
4
18
115
2
13432
537
3263
14
6
2537
10097
19869
2398
1131
249
960
56
2
1
2
5
232
2
55
159
3
22
73
559
2
3
3166
4426
729
89
10
34
60
138
11
165
187
15
3
845
281
6
5714
103
3222
2033
5
1055
2
6
1018
5
377
1405
3
66
13691
247
13
22
141
477
4
270
32
2
11
2519
971
200
16596
1577
942
72
2104
2
1351
16109
2148
8093
2745
4290
1
24
2
3824
18579
5
1040
569
822
4893
19363
1660
93
51
2987
2308
1
3877
3
5
2
21
4
6201
39
25
32
5822
1072
1012
3
2
655
8948
679
3786
119
2
1
8968
8
641
128
99
7
968
5
12
15
259
6
8647
22
67
465
189
772
14
23
9177
2042
5348
67
25
162
1677
72
22
8
223
354
9076
19372
797
1584
460
4
9
5
247
409
210
22
1
452
260
2446
1394
38
4
29
48
132
244
17
9
14005
2194
129
22
5315
1
21
10201
780
1
1
2
11865
11
408
829
790
174
2
7
12
14990
11
21523
974
180
12
57
59
17
1118
43
13986
48
6626
3477
8227
6163
4900
4473
8386
297
55
229
18513
1396
184
13776
1
241
143
11441
5
702
1
4224
134
1105
89
5
9
1137
907
1
108
2348
14389
7
1
2726
9
5
386
8566
906
172
4602
16
12
13
5
2
7306
192
1770
312
209
4233
3
15706
309
483
996
8415
1041
14
398
3
75
362
91
1277
43
11
2784
38
1227
71
2
8
27
197
12526
1717
16
1463
72
18695
39
225
29
20985
46
34
5634
628
434
143
703
11
158
6784
55
3274
591
5
1
8555
12
283
4361
1402
16
1083
104
194
36
2979
7
9417
5
501
10183
20019
90
2
1304
13709
694
2364
95
2225
205
2
3575
20
15429
10
907
19825
2498
13
7381
3266
63
1
26
6596
1087
7342
22
4578
42
737
5557
3
432
2273
2
10880
1
5
128
355
1668
15
5451
1314
4790
29
1
2
8430
124
1
2
12235
173
90
4449
1
14
21822
2
6
76
879
9371
748
17
39
10698
6961
20948
626
4794
9
5
178
634
522
12
1
877
6
21
2569
152
4058
59
80
11
17
1907
11031
204
3
9
33
5596
4
25
9
13
345
26
48
7
22027
2690
22
10660
1237
5621
50
87
1627
4
5947
36
8
2
2
11
37
19
1199
47
806
11
415
37
1
3677
7
1
5845
657
2
44
2830
2
2
9
46
67
8
603
94
693
53
6
20
5
12
224
1867
205
5196
1
1157
192
117
6964
11492
2355
30
3013
3
177
55
44
6
8
699
1150
36
3
793
3
4662
3740
259
309
3
518
50
283
190
21890
43
6
3
1
28
2136
23
7355
140
1860
5
20
170
4
1140
11
46
3464
18171
1533
74
482
6
13
11324
2
308
4
17732
106
615
2457
518
984
732
1
52
8326
255
5
59
2836
3
11430
7
15
2
42
13420
53
9
2
292
12
2282
449
4
467
194
15117
628
15110
215
421
17544
388
9
3
10684
11
212
14
173
24
293
235
41
943
12
18571
15416
292
30
12327
11
4135
5527
11056
129
6
156
161
2
1
14
318
12
1876
22
2
8
126
1
16159
18
316
714
14
7
9
607
2
11786
4660
88
12
137
2578
1280
500
7
5
13
5008
924
553
2
9
161
34
4
10914
31
180
2600
23
17
96
974
16
482
2
1447
2
16908
409
1277
1189
103
2
9239
12649
1134
15450
1183
7
320
10
10651
1
32
7957
15560
20
5
451
8
41
1426
79
2
18
1
2
2778
194
468
15
202
3
6766
18
12836
55
110
2955
2
196
533
6733
27
45
5
18
725
5
39
2
994
44
2358
7086
2718
840
307
2853
9
53
2
250
10
6240
1052
15
13
13
76
3
1
7
5
6712
9342
4
1
2
826
153
4
3644
26
6709
195
1264
1
15409
5046
60
1
2044
1933
52
2
1451
1464
380
2
997
1504
5
3
52
344
18
20153
162
23
1898
1491
46
4782
17
3
23
4
8
6
1
346
925
426
1098
52
7
16811
14
1332
9040
1383
44
33
40
1807
3
2
3
2133
55
3102
2
5
1
1772
19
527
4792
1
10
4
539
72
13942
32
4354
57
17
193
59
3807
19209
5
555
5
447
1324
564
1836
1429
5
8
65
5
2
5
2
22
23
598
5138
1
990
659
10542
1370
12
2
4
2404
297
8003
104
6908
789
9
391
23
19
5529
653
62
4
127
8964
7277
20
5088
16
19667
98
4
13
24
1
198
3
1364
32
1001
13125
4087
17
45
3
4
29
746
4531
31
2875
127
623
16354
2585
63
48
29
20
42
67
130
13
7672
2
76
2
1232
167
1
7200
2144
24
5109
155
3
70
164
1
674
25
15924
3
6
39
14
3
97
6315
75
15090
25
15
3
2
508
3293
7
18
3
13020
69
1711
1961
1177
19
10
1437
1104
2
118
575
300
1020
31
10449
65
1006
594
249
298
21304
12089
1
17724
2036
2
9288
167
3
2001
3766
2
136
974
1051
1
22
14
45
20037
9
17113
377
111
5566
367
320
468
3564
658
58
560
3
132
125
7
105
10120
11
1526
7652
1
8802
45
30
82
5609
10
1925
13
365
476
749
5877
20010
4
2561
8075
1373
2
1874
2
57
10
5463
85
19260
2
7
2
12593
18912
22
81
26
2
28
836
86
493
1726
3
4
20679
688
2
2
53
1113
434
16434
458
881
12
4
1330
5788
161
667
6523
26
4
23
1
153
62
26
2712
293
51
2230
168
174
3215
5
2
401
1787
2272
52
1
7
5
11405
575
25
120
454
17
8608
2083
617
4
3425
1
11194
6
1122
585
4174
1434
744
85
181
124
456
2
8
6915
61
16737
1
479
63
4635
114
1016
481
1115
1
5362
18530
2790
11
2016
170
2505
21
9
25
3
11667
15
6
2
16916
25
5982
1234
40
25
265
5
19993
4451
6
304
99
178
1863
1154
69
2
1700
5442
18276
283
6670
2
70
80
1056
8132
739
1130
13443
8
4
15464
93
18963
1
174
5765
1436
757
8
177
14
254
93
1
906
17520
10
8
268
276
8
535
6558
64
6703
2
26
1
765
5187
2656
678
515
2
26
3693
2522
8685
58
4298
49
9
589
670
10
1
5676
281
123
10655
13
13
18720
440
1442
507
1151
5173
387
7
10
10
605
38
707
6911
187
4
2413
8345
845
37
5322
302
2156
10
1368
66
407
2814
5019
9
11
16037
8
149
3
65
613
10
1059
1996
1
1
5
185
4561
316
72
6426
74
1438
1022
1
1604
10
88
6
17
2
7345
324
62
2
642
45
2
84
376
407
5760
5564
74
3657
3
195
7936
504
6829
35
11425
20
5
6
3517
88
59
410
6
2126
190
3
10
2
2937
10856
243
12571
97
2
2973
516
76
19
9
3
8245
9
10
6
21060
7
1
82
30
192
392
7611
21
1
18
8071
351
3
14
9
186
4
15532
2
216
49
410
599
170
1307
18653
2041
102
218
14
82
3065
11651
103
12638
4
10
7
4385
20735
10435
2
848
41
1
4
4
11
4
37
7
1539
4
1942
14029
6593
3
2
138
7883
1800
7557
195
117
2477
7352
324
2422
1
1456
17
153
780
10088
7
465
236
7017
59
22
104
1013
1352
3
77
101
2131
5722
141
80
1403
16759
33
10398
181
1
14409
5
2153
309
1788
4961
1445
1
156
1
5
2632
46
20
1106
1261
193
1915
1
11
7197
59
356
2678
7567
338
513
1649
3
198
1
21
54
5
144
1068
851
128
240
2567
1663
554
908
139
1630
598
16544
778
23
6
2
17212
2
58
241
9024
246
170
955
9251
77
149
28
2
188
12
3
92
755
11
6
6335
13
2
813
1
25
2
4
883
15853
76
34
782
3
258
115
29
11
29
122
91
587
6745
1089
2
436
2
10948
30
27
25
1
25
20
2
2991
4
21832
1
56
4
2972
6
76
48
32
13
8
6
3
409
4
265
47
291
24
2700
96
3
68
54
47
7
2425
366
37
6394
303
65
525
226
6271
4869
1243
3
105
5
15
1199
47
6
341
13899
189
91
734
5010
43
3
39
4
4311
45
3685
14
1
68
5955
564
2
1987
21088
2
2560
2688
33
11
6014
130
725
1
6127
1267
20135
4
81
143
112
90
1010
4
2794
36
451
372
24
7
12
316
1784
3
6446
1
2
1648
60
8513
44
2
7
15422
490
14377
40
45
4
761
6989
22
666
66
5
285
2375
27
10
3
172
38
52
13874
7
23
10260
3104
602
13
471
3
3046
7023
124
249
1686
33
361
13301
2938
6623
1587
1
397
2
4177
1
29
1609
2
37
11
66
2202
5
2
16
10589
2
57
1
1165
60
430
153
5614
2
12008
3449
43
3
16
14
10
1
4179
35
2
8
9
3089
1
1
7
179
10
115
5799
565
28
3
26
6
219
369
344
314
4017
4168
20744
12
657
22
11792
11
3
4146
5594
34
483
29
31
17335
380
26
656
229
5275
498
93
363
41
4935
14319
1
34
1912
4919
322
1245
7
4
10875
1
75
33
350
2
169
77
4924
239
130
3
1422
5
2
91
1108
324
1616
834
1
186
989
747
1078
14
14
1412
4
161
18
46
678
2801
184
1
75
9854
1575
535
41
566
20
4
113
138
16
25
4
26
3
4
1331
24
13
312
201
2421
1
5
185
49
326
2554
4
4
44
183
57
2
223
390
6
178
21172
19
6
436
4
1
3461
5
2
7887
1811
1063
4
8
103
833
16
544
1
22
940
6718
30
774
2
81
2
2274
2
19
6
58
378
1
92
7451
3240
7
3
15491
21
2035
6
36
5
3508
2506
16633
306
2013
92
2170
54
1328
639
8
10
1255
15037
3082
158
1
16
373
423
18
299
2
32
50
959
1061
10062
207
1062
2952
1617
2
21
254
149
2
62
95
109
2
127
5
2926
553
6363
209
158
1578
1618
11703
2
197
66
20117
51
2
13
413
18106
3985
150
4
37
31
1
67
3
3911
128
8
106
712
4856
27
3
4880
5
6411
702
3
1059
127
199
1986
2
784
3
1555
4317
27
13265
556
64
5
3776
7
671
54
71
28
4420
44
139
20460
1
6
4
1244
7
195
24
7048
19807
6638
30
437
473
2
39
5382
8
4465
1
1213
64
7
3354
6282
1
3133
33
12
42
62
147
343
3290
150
9202
16
2
3
206
2
7989
1
4523
80
189
2366
92
3317
34
41
1397
2
5
19
1
10315
41
10760
87
55
5661
20
2820
1786
1524
35
21861
287
16931
15
8
17
91
1426
4453
2
46
38
337
370
132
695
5
7490
11
20808
16
8
4
79
6
107
10174
4438
2508
4
1775
11
3
47
592
466
7
27
10
62
18390
4
7
45
1337
101
21
5
864
294
21
44
11502
112
334
5127
4
1
70
464
17381
63
25
6
237
1376
339
16
5
16052
19
3488
602
74
32
59
1446
8
9375
4
7
581
1
2485
425
16
490
2
137
296
49
3
3279
809
15
12
19
63
577
184
705
157
7
578
496
723
172
252
128
3414
4754
1871
331
7
1621
18066
6
3
24
3989
3525
5942
2340
757
87
829
22
79
6
3670
1343
150
568
10
9
18406
34
116
5
5544
5
1
3271
2
31
213
1
6474
700
8
29
129
19303
389
131
1937
626
2
102
76
860
331
17097
57
19166
3074
233
7
420
2481
9296
1016
158
72
3609
7897
2
5059
11214
158
363
17
1355
21
8
6814
66
183
3
15
419
6
828
1035
524
669
1
16442
2692
154
3962
1032
12
3
251
64
1602
147
139
481
22
2
27
11907
48
469
3139
2521
9133
2759
1
20864
1100
15804
5129
1824
19658
78
37
61
49
2171
16
43
13
29
69
502
180
309
8
541
6751
35
3
12
467
13485
881
131
4196
1
3
17105
940
15
87
600
104
2
397
248
1998
3530
49
2321
157
7
12
76
177
4
2
2
1
17181
121
150
1
106
6
8
16
5066
3736
3
20171
484
15755
13825
18
15340
2584
711
348
2406
10
434
549
46
4
15
527
90
86
69
4
1
7527
1969
3534
1399
13
9788
2
4264
3085
3
70
4
1939
4765
6489
1838
10
5367
29
2415
25
2
2029
13107
1229
1
129
64
2
1635
2115
5
8509
1
3
293
38
990
15
447
144
2686
89
15245
255
8
57
13
13924
7873
2196
3
9
21
9036
2
17930
76
7
595
26
3
1
14
6
524
2857
1911
218
16819
10866
8790
6998
182
1400
6165
16
364
1066
130
14017
13336
246
85
5
111
194
437
1
503
3
6
13
11
152
1709
1
61
294
190
5644
20
1
2419
2
233
8
1606
11
86
13366
6130
263
25
40
8
77
57
1851
10
870
2
1358
22
110
5415
27
15825
11913
37
2
2218
8
335
13
124
142
17443
454
3472
3
151
1364
27
22
3
463
35
7831
6486
2551
20396
94
45
123
1381
9723
394
2
2
4
73
1522
59
108
3978
2648
6084
21135
734
2
21
19780
3863
130
18472
126
20469
6352
13148
9
20
2
207
4
1574
3485
40
2
18382
4664
148
17
666
18284
17970
2309
1840
1894
4767
336
1
105
33
1655
1
7319
15526
9
315
3
6924
1
2
4042
1791
5360
1945
1865
510
87
1
862
2620
22
3
31
8
2
1921
11
87
881
10224
12504
249
105
5
76
428
353
21562
1
4209
215
11
1
8085
11
33
94
65
20
20073
8
62
157
54
15
2
668
431
314
17685
6617
204
12
7
244
5
97
845
33
10789
756
105
44
3177
519
953
26
2711
13503
16
281
9
2
906
3866
2267
9280
1
40
294
60
247
16
2
362
60
1053
126
1272
4485
1
21
7095
9
12197
695
2
25
25
1321
9379
1
56
1
1978
630
4835
40
3
87
5
73
2
5
323
5406
110
17435
785
11
7083
1
3750
7
2
558
15
2
2
524
3
1
309
4144
328
7101
19286
99
1769
278
16405
2637
580
1
8547
5616
395
3
2062
2
184
6
3214
537
176
6
758
14595
4
141
508
13
27
107
9543
177
2
496
1156
14
44
1257
8532
2
11
3
1235
2
9
31
1705
10380
284
2173
782
54
11
533
2
14294
279
2
12
321
15
82
2
9
9480
892
2
4
1
7666
935
20451
319
38
221
15629
4
19
2283
315
14621
374
4
1934
1981
25
6218
6
349
8712
32
359
9937
128
8631
119
5026
15070
6772
169
7
13360
1
5
535
3
43
2728
38
11
21629
2
872
203
7287
11
42
279
19
5
2
4913
2514
16
339
18
29
8
240
8371
11
21
13
145
699
10
81
12
6243
97
13893
193
210
2
3077
5238
33
1
11745
81
414
168
5
242
63
117
10421
26
16471
11
17843
191
3
1
5926
301
52
21078
3135
4
1
139
3598
13
23
723
6515
73
3829
6338
5
4
2
10301
4
2
90
237
2
38
1142
21987
2069
4
123
216
1314
6
9
6
96
1
4021
26
9565
90
1
1
3981
237
78
437
4
2
80
1
2
2
1768
2
12186
8
20
1
858
1067
9272
866
7
101
3
4091
12
93
5
12751
3
17
5
5864
16
462
7375
5806
1814
7124
417
180
118
96
6146
13612
7
1936
16267
593
19
582
91
4
1
1
19
15
3
163
7
1252
1957
5
668
14
30
1632
90
7
211
107
265
7554
245
59
2
12
13171
12
339
17
6
735
9243
11
1
121
5447
39
29
19816
7267
1
2934
105
39
2
1389
30
1758
8
4
6
3455
510
5963
5856
740
3153
46
27
617
1747
9
2
37
8
3
15609
7372
105
1587
134
551
273
61
9832
442
13
4296
285
14589
405
22
24
7717
144
45
1469
1082
2
6
511
26
1092
2403
4
381
3
136
63
1
2
462
109
5346
11
3514
11360
1883
19
3
7
5254
1488
46
1
2
103
2555
9137
198
14
18904
4
1
22007
2
9
614
2
10837
7908
9680
936
5
123
29
73
13402
73
27
1025
21
36
12
1022
156
140
25
959
869
18620
1633
755
525
2397
3
15846
709
723
65
14054
1253
353
1
884
6869
184
2905
1746
101
4801
99
1
24
10524
36
45
313
4
7789
1835
173
6
5221
2075
108
43
10774
2
4948
258
890
5219
2858
1
2999
132
4414
14167
12
8464
321
6567
1927
566
2920
13449
1362
216
1974
4
8888
40
66
2165
2315
16412
5819
12191
3574
6290
39
3460
2
3680
216
11
10
12
4321
65
444
7
1
64
1
1820
829
1
25
5235
1520
14300
257
227
2357
168
13807
2789
15
9
1154
6
6
20689
117
11145
9
3
7
4
10779
392
16
94
556
22
32
69
148
3627
5444
161
3268
97
360
25
1210
313
929
6
7004
471
4
7696
6472
9004
2
297
34
7
10
643
17082
2
3
1198
47
3
422
121
3
1340
5048
2
5159
1
1
11
12633
77
149
192
7520
23
4355
9
13
17373
58
27
43
9
3241
32
3181
2303
6
6561
12
30
9484
2
334
2
15539
1905
94
17350
102
287
30
86
840
33
15
6324
14
288
1169
32
3
172
4085
5408
11365
164
15
3051
224
42
2
56
123
16
11
1030
3
12132
402
580
900
22
159
361
1
283
7421
7
5
16181
1114
4
67
18
2265
20126
75
1373
3
12
2294
159
12911
128
98
3
194
667
12740
772
5403
1
1971
1841
275
13654
2
2
6
1774
7
3620
39
470
12
2
4
8
1196
336
2540
1
8506
22
43
67
2
135
14
13
69
21
27
482
5
29
5217
14524
4046
19
518
45
7284
2795
368
3093
267
21
1
8
13
15157
269
1305
2635
3
3723
53
995
105
289
16
10
1583
6
2
6739
21
74
33
5401
8360
2
5
6
382
11461
3
1322
36
27
27
5755
44
8125
148
3
12
939
7591
3187
4
5
1958
121
650
30
16195
1445
7925
2
15
19107
2
7571
179
9518
850
1882
252
687
3
57
3027
218
2
53
3
17
1
3422
3539
4
418
277
21
17
58
6198
8300
613
1068
35
9247
20929
58
46
290
1
510
103
250
5459
395
617
4
11713
183
1413
11
138
219
3836
213
236
5
12443
654
1019
438
21
6
8559
165
49
3
2039
429
15
14917
13
2743
3
5
1350
784
2
7
5522
2862
50
5
17037
2286
730
7
14
20270
1
170
6
8315
403
24
161
730
8
3
46
2
2
2912
18357
1801
1
4
2391
74
14
33
5189
6149
4
21783
3
1
94
21
725
8
4617
1324
31
12393
2
3
346
13354
24
74
15
3
68
26
138
696
21
3466
235
3527
101
419
15
133
48
120
3894
5
1332
10
4
3945
3
55
63
1
8304
13
84
2
10192
14
789
9467
904
255
4
21638
802
11
7105
1
19
382
23
5
11110
5
572
2
34
2524
71
26
3
2
24
113
49
2447
5
73
16522
3182
193
419
1537
13283
13
401
114
34
149
656
21851
15588
30
51
237
15
38
275
3366
17
143
8845
8
1523
4
43
2
1
11
1139
1502
438
3
134
7524
45
1
2592
185
914
552
21210
3802
314
177
3971
9
382
14
1296
178
56
22
5107
212
588
12062
416
4
4
927
1
12
10412
2
10608
96
8920
1877
3
3
2191
228
11329
419
7326
3
11
23
17653
11
29
606
2880
3
35
4743
3195
55
683
3
13313
37
6
962
1
796
52
86
22
1875
268
8786
12
2586
18
2724
6357
20
12
17474
2200
57
4
11115
2
4
15945
113
12
2
2
646
2
199
6
3
54
5168
3556
885
10
548
1005
16
293
2
12706
2187
2
383
67
142
5646
50
6899
4118
2
551
10
1
5639
437
20
12
15657
6
575
1580
11
38
944
47
1419
1
4373
1387
4
570
17
20
547
29
245
24
28
6033
3
1
43
109
6
1
2
1
710
1308
4981
13
5
26
35
27
714
9633
42
319
234
6691
367
3
3
256
2427
10708
131
73
42
1565
3
6
4
2
68
23
3
349
14
631
978
13582
6
129
15
3
1613
407
5
2431
6234
4
4537
4089
194
5735
50
10329
4228
18
3
668
7
120
5
23
21333
329
2314
486
3025
1
1
7803
23
3358
902
1
11724
2
1155
103
6106
2
84
2
1400
6262
276
16
4
384
10343
9459
6
7
6
45
3
1
16087
2
23
52
442
3
18292
2
12078
10035
4
1
6620
2614
20
3
265
273
11
3
6310
202
317
93
1586
15218
41
2
24
1203
7
286
4
3684
7029
659
26
13998
36
652
329
16
1627
7817
40
215
31
879
1
7411
3355
5
2886
876
4959
1
1691
8311
116
38
60
43
14576
135
189
9104
15
4
37
12213
700
347
3
123
12
102
78
2
267
58
826
1259
2
934
6532
26
1
648
8278
1058
634
208
1176
3953
13
57
6724
20
653
833
1765
3111
1058
1
220
18
4627
612
67
31
161
9
25
36
74
291
7598
204
1
3
38
4846
3161
12655
752
58
288
31
30
5478
131
9920
32
1080
10570
97
92
8
13384
1
206
111
49
14877
114
53
31
19
202
1
1149
82
42
1029
328
1
4
21466
479
85
561
400
5207
20
2043
1014
17
8681
6
241
1
2
52
6497
61
7
6383
2
26
38
46
38
11105
21997
80
7
752
3500
10170
1
563
14
75
6
11471
4977
6
7848
517
255
3
4997
3
9346
258
36
8627
5892
350
9255
18
88
10477
27
162
3
3
5
57
47
15
17029
16826
1
60
6
1075
5840
11
3126
10
3
92
71
1
6550
48
381
83
205
157
201
2
21
1
39
2
33
2360
129
11
1
1
12
7615
23
1811
124
136
137
1557
2
5120
39
1211
2
208
8035
3751
190
110
3
23
644
2
21
103
863
651
6
5730
2285
688
1951
18227
2
520
10934
4064
29
148
2
17677
2
3
8260
3
100
18
4974
1
867
1
1
55
14602
14
14
8
5
30
43
170
27
17661
12
2243
3292
6057
117
4359
5
2
377
303
79
4633
283
16073
177
23
1219
9
835
115
2345
19
256
4292
747
14
141
15797
9
1916
15
519
36
3494
9693
1
6135
5
7
921
134
7775
13794
2249
1975
40
538
1865
321
514
323
85
632
38
199
9363
94
55
9165
2
1289
2511
12024
61
4
4
68
3397
3047
75
767
1
1759
9
292
238
17420
11344
48
4313
30
5
2
2
5154
2
4
3
9
112
2464
93
20028
745
14
11
4
360
10641
12644
14
40
2552
501
2076
14
9354
51
2
41
2
99
2057
28
3619
11
10632
55
8
16138
505
2
4
2
47
32
14
21495
1605
16946
704
1
4489
4
418
61
45
3
82
3
10636
2
47
40
1436
5077
2
159
235
1040
234
2
23
24
23
9637
237
17858
32
7258
216
2823
11
647
197
12338
34
1751
82
20
2
4
4471
3
5
13
1222
5611
3
1
3
1508
292
3
2
769
14142
3748
17
601
1715
7
1809
43
7710
71
105
2073
27
11319
10206
1136
8651
16670
1268
11
76
115
2959
1117
1043
206
168
5493
225
68
17
649
6697
466
899
3160
60
67
17
13
2
10156
581
54
89
5
171
7796
20
3296
1518
306
127
737
108
88
6
49
180
3
8114
29
871
56
40
55
1566
2164
8
3770
1519
18854
9
5
460
2
17756
290
5
62
10210
7551
10
1
2090
1361
1488
113
3369
2344
216
452
4
859
46
597
94
27
1
94
1
2
376
7
107
5287
198
11729
5
1026
3
878
46
18
2
86
2
97
459
5203
58
2
69
36
220
261
17890
4
57
3880
1
5
134
995
74
3
299
4342
156
11
79
44
1665
480
2
4
1
88
8
7755
41
4
9
126
143
6
1192
16
4
6400
8841
1
37
621
18929
14453
98
4
359
435
1634
10547
11797
20772
162
5
5
1
94
4
163
9
16
500
12289
2
28
6
7707
8
21677
112
385
104
29
27
24
6535
781
568
5783
1187
20799
34
7751
22
55
269
122
90
114
5
166
5191
6483
868
2
12599
605
82
317
10426
7659
367
1
3
2
1
4271
9
48
18546
275
309
21
14
8
253
948
300
21929
4
7
605
3536
6443
13636
471
6
507
31
222
23
3927
8
18317
2
4
2602
3538
91
594
2940
11
9573
10798
29
8912
5291
13032
1
40
849
16
293
17
548
2005
1514
1
5
3
8
12
7594
7632
14
1
158
30
2
1
3
60
209
760
423
68
57
57
1202
1960
5
3108
6
32
880
20243
2583
2335
331
276
5134
16493
22
418
4
5
427
36
52
8
7447
19449
234
10
578
71
3920
1088
23
2
93
20790
429
211
167
16999
6
354
12
8378
9
310
10111
1171
244
2
2
14811
13
1243
5
1
4115
951
14537
58
20
4
9476
17536
2
435
11174
352
5
1968
118
108
1
1312
2
1
20661
19329
4256
3974
14
18
194
3
9
12415
1065
1201
18
515
1158
13
261
3
123
1
1502
12762
2
7
8739
10693
291
8616
9267
2545
2110
2954
8042
11
414
1808
66
299
2839
15
360
2
5
3381
1
481
76
99
56
21352
64
569
465
5
7487
2
678
1194
10
17
129
2588
705
4383
14831
4
138
9
9226
88
1242
18828
73
1538
48
15
973
4746
241
11
512
7362
10803
4350
89
6304
6343
4
1285
2
4
20
159
9
173
110
1
17
898
1315
1
1
9946
1819
6176
493
6
15
1671
1019
223
13084
13685
6
8053
138
6171
19081
1
842
35
5
6152
1169
16692
125
2844
773
10890
1
803
3
23
410
24
5626
2
430
3
2
35
2
99
124
53
1892
13
1
200
1
3720
120
5
811
1
11
32
14
90
68
541
11486
3408
213
26
6
530
3
5430
12
9
4
24
3301
28
1689
4
28
3607
7
10953
196
22
1515
6
1935
1977
27
131
348
17513
541
1651
17
321
3790
83
7
256
18431
7251
2
9
9
8601
29
1695
982
16
530
5549
813
1604
3017
4
24
155
725
894
4039
16
708
2021
1
852
25
12899
84
2
6
168
215
14415
112
12148
21
21
3
900
99
26
912
4
560
3
15368
17281
13224
4
707
73
5950
6973
16391
1370
11
1968
68
810
57
38
18703
22
3590
2907
33
10
57
1250
54
1
1
10552
22
14
267
3903
13119
1906
34
1754
445
161
35
479
971
2
6463
49
338
40
994
467
569
118
185
146
2
2916
37
1184
1660
2
9
249
2
5
4334
4615
6
174
10
34
25
6449
4701
5
260
231
45
5745
39
41
10556
4096
1284
719
8662
78
5289
1008
38
18
18488
10393
9108
332
2
14
1449
26
6431
2
2
2227
44
1590
3
7404
140
37
2
21610
5
537
14
6700
244
2
91
1023
5
1
5379
293
19
5
6
37
1297
14
1
227
5
44
8274
181
445
3
4
1
919
3
1
2
323
10
5
4
1626
7
6
660
54
1212
8
20
529
5389
933
12278
1
223
1641
77
19
9
31
1712
2161
30
206
17938
29
69
6409
27
4889
1669
115
5
95
45
600
19
28
244
5750
20
10389
2
6
4
86
3
46
6
3
185
6
1
278
1
2
3885
359
9185
1049
167
25
34
1258
405
27
3099
527
421
4
9654
5
1
1
2058
64
42
26
1113
18712
600
1
187
433
3409
166
2
11
6
2
77
1591
15
478
643
66
817
2
2939
2
130
4957
2
109
865
9
2
673
484
264
1431
1797
1546
9
7950
10
1458
10755
195
4371
3819
3
3
658
5075
95
3304
145
2
837
511
19904
5
590
6799
5897
139
21909
3469
8
10
2
16383
6406
105
5
3
460
1
18
6787
16238
33
843
15178
3688
5449
4
6
5953
2607
11
1541
9560
6939
640
93
5005
408
14
29
21870
11
41
7544
5
1119
4656
9
194
178
352
1535
8
6403
5
2256
22
21
126
3250
243
49
4107
155
10
577
1
2
5
7
912
1462
259
40
401
15811
1390
9194
405
11625
18
25
2
379
18
93
1861
5
9
51
77
2
243
14570
7534
43
560
438
59
21
248
24
7
15720
988
1988
93
2
17835
2
1335
212
43
9169
189
16515
21581
1
985
15
7
272
787
10
764
1914
7758
20
2761
13
3
499
59
3622
2705
35
11046
5
149
3387
10247
89
74
632
4
815
8498
4304
63
404
375
98
13348
1
1128
12
46
1
65
16224
21
3
9
1
6248
620
2
5073
20551
1553
11
5434
11
22
6817
23
10
82
7178
50
82
4
1038
297
2137
1211
1229
12057
4346
33
2
3364
250
116
2
35
5
806
3
17
536
27
7332
163
1531
9906
68
8624
11
2
1
62
1
4
8
165
37
10
362
151
379
1
93
13678
6349
254
346
67
8249
1
53
1855
15762
11
781
12859
152
1
21380
148
654
18018
1740
11
27
3019
68
7
2671
572
514
2
9999
2
10
2
3
8908
4008
99
619
2080
8
5
178
5495
5924
3
345
612
145
66
177
3
1
5
450
3860
149
1761
3194
42
511
7
3990
4381
12
84
3
13
3
142
2
29
50
4
2441
2190
2
64
1320
740
239
47
7
73
1
9
388
7
24
34
1860
5547
209
342
24
3
123
704
4
7497
5
1260
9531
204
258
4
9
11
3
93
227
10320
174
1473
15988
11
3
8956
4
13905
81
5
428
36
122
2
1
1407
19
101
887
2
4
26
1192
9
34
9
1
1
1141
3024
448
180
14713
134
3314
12
9
40
4
327
2
9396
16976
3
450
4131
12537
133
43
33
365
23
4
6
3
50
185
3
128
5
3741
10
2
3346
2777
2492
35
1421
9214
621
3
14396
62
543
70
5
167
91
3
13758
84
49
8755
2887
45
12543
2
1714
75
8536
2
1
34
16537
2782
33
62
24
1799
2891
58
10919
5
1
11339
26
1683
3370
103
836
213
43
11834
18
610
741
4
7339
6
26
3842
64
31
17
18879
601
351
35
25
47
20
19
3163
2788
5
1
21191
25
9450
13289
15436
2
14
22
1
1
3
3
181
1006
8589
110
208
589
343
5
2730
1
3887
25
6
2356
16
40
3
269
7
2152
2
266
16
32
114
14262
28
432
5517
5
4564
1
461
1302
14
290
2244
240
8
325
12
5
6
17
5
402
101
3305
5674
5
21958
16991
6397
9590
20
29
15
41
6
14
1556
1263
1
356
2
6
5
1588
139
1879
2615
8397
1198
1
1266
18114
2542
38
5
31
2
624
51
670
2
3
95
2
7
559
5869
12521
5
20
2
424
174
2094
1767
13918
1
2988
23
1
15
7703
4600
13
1
7
564
576
32
14
19
2845
145
8
4852
2
309
53
1771
347
11385
2
788
2
397
457
6
1534
120
5427
9
964
962
16566
8374
574
13
21658
15995
10689
1152
23
15
1231
677
4241
5
27
514
862
296
43
1
2
39
47
5132
140
160
98
442
8263
1392
2
17
3
17
4547
6209
1
1022
21
2
19294
6
156
9514
2
1206
154
18937
370
5773
1
3
122
86
474
2121
968
11239
3009
2233
61
596
91
57
72
100
1330
1827
115
4779
95
12
16796
776
775
942
147
1675
19
3
2
14
14199
1
40
14
1310
6933
16
18
14
2269
79
1107
5
117
87
1592
2
10
2630
39
131
949
4752
6948
570
64
1888
102
50
3
1
195
37
29
2
41
4
6157
94
7
50
87
2
754
1
10
83
281
35
8837
78
77
13973
23
15
549
11
846
2160
14
15546
45
76
14460
808
3138
9
11
9
40
40
152
1
134
279
2867
7323
3378
25
145
1
977
3043
2114
17196
315
43
15211
170
35
2951
15
417
6
2
147
2
2142
2
40
408
218
2
1
17583
17
10
166
777
935
1359
6
5341
105
7070
1723
1
5079
21725
96
1376
57
3
15010
6312
33
4
919
6544
12
2278
883
219
704
70
2151
56
282
3156
534
4672
192
3707
1612
2135
2
4
1410
12
308
17311
3
585
181
4479
4215
794
4551
2
3
14486
6
17090
28
10384
48
3248
143
4247
52
9
38
626
21
12
17120
4192
7365
4
5141
40
943
718
3373
36
181
155
7
1181
14
3
5
544
21
875
46
62
2302
14
9218
382
231
3
2
5649
672
44
79
4
2
3146
12
474
17059
4109
193
27
13236
16
10
1415
32
374
8
1952
8
948
19124
1
47
154
186
4067
1353
2530
1468
3761
14
5
6
108
7
4
49
3
11264
231
32
9915
807
3
348
1
468
205
18203
22
450
307
2526
1306
42
3
256
5520
11219
4406
27
1
16369
848
3088
642
969
2810
105
2676
36
19
1620
19
15
136
13455
21803
21
107
2
13
3
10566
16
2
27
9
452
17
29
215
407
47
134
17669
1
1125
262
2
167
2
3405
4172
618
2
9539
2257
8
20883
83
6995
4
41
4
1923
37
77
54
4928
15374
2
46
1307
413
10279
39
1
486
320
8252
7
2189
3
57
122
1218
589
24
6
8
6
4
57
16398
3
2625
230
1350
20
7424
12498
2
347
5184
386
311
278
12723
1484
18
14123
1064
4122
84
36
3
3849
4
3
4
187
25
16625
1624
3
7385
3
169
1706
777
1
2
2
75
200
2
3
2079
1
4
6
4
9056
198
513
163
8502
3939
2
22
7
809
79
2993
22
34
22
161
5
1
11395
127
4
109
212
6
30
18
2429
71
19098
24
181
468
825
17874
4404
2085
850
1615
3435
15
4784
3
101
654
3
27
15
1186
15
269
4777
12
111
1
6
689
1
1208
45
10
10129
64
1098
4
19623
7
129
1204
13
19
30
11
16
44
308
2
2
2
1
3023
631
225
2
217
2
1753
3976
1
51
8876
8
2854
5
4
15
26
111
59
1843
1038
7618
1
1
14
53
483
14752
171
14
19
10
551
3
133
2048
6736
3792
1
16
2380
1
34
2
31
12831
4992
14
166
197
341
102
98
6
1943
12
1360
188
11125
813
17451
11229
36
948
4447
1496
4006
11923
154
18
14805
3
353
385
921
2
3
2500
15
717
1
1
7
2
85
75
6
2
1
2
1438
80
3
298
475
6673
2
4769
41
1
89
3844
1089
2
77
148
607
12
43
5
2548
8434
3
7
15050
11
36
246
13788
95
97
5055
5
3
10
99
147
48
71
2195
1878
4309
62
15
5908
3
3
4394
13189
9471
15
7229
1492
32
4588
968
10
98
2
315
6
100
79
2576
43
6
110
475
9624
5589
19
532
70
4623
2
5
62
28
1073
1527
1670
9732
51
3528
48
5468
3
252
1342
11579
4
300
11615
222
11
5
1
3
3
7
186
804
471
40
571
1
2383
40
16
15151
15
1
3315
13
25
88
13014
5177
24
151
1061
40
791
40
77
5
1702
4
1416
4116
2
11876
7975
827
4799
1
23
72
21476
623
25
573
53
26
60
609
5
6
181
433
3
8010
276
17962
2754
27
122
1598
40
174
16878
3221
83
2
610
288
59
5
10
391
2
67
21
887
6838
46
11
445
3
167
71
99
6526
2
2
6
1105
18
1
5
105
262
295
26
1830
222
29
2708
7457
7638
191
23
21097
320
4
35
18762
289
15205
3
6
4
1490
14550
107
4
25
1837
2072
372
8
2
5
22
14
40
58
793
16
118
66
148
4557
28
56
823
3
69
77
228
14345
4015
2093
98
1194
521
12355
217
9173
1
391
10
2129
13
54
8475
19
65
1737
24
10197
961
403
2337
8
95
5542
13
15
1145
352
13844
1155
665
10102
4082
2394
166
218
28
8570
2
8057
6983
408
87
61
38
1262
2669
6
3817
216
13648
196
13254
742
43
451
3853
3
890
13752
124
1181
4
1
65
11
5
113
2616
15
164
5778
10
1
529
114
111
5814
100
492
124
505
1542
163
673
22
20
217
2066
11
1
292
1457
12471
12825
295
2247
7
197
3235
89
28
1
1112
2
10627
6
1138
162
1481
1727
2
61
2564
18
9
18179
30
21238
18612
16
40
2
13142
7
15
3
25
42
300
8
17044
782
4344
9409
1448
1
1097
2
23
5921
10
10
89
4170
33
10
27
6
4915
3458
505
4245
2
425
956
153
1288
5742
1456
142
3830
256
7
5
10
1701
2147
205
10219
1839
97
19
295
6
116
650
2571
60
1178
12
27
30
84
834
149
59
67
1597
19354
259
2942
94
15910
18
53
6420
679
8
5581
29
11
1868
3060
148
26
1612
13539
266
62
150
271
81
17978
17319
320
1252
15699
114
38
30
2661
7765
370
275
860
1
9710
5977
10703
1133
1204
53
2
10039
224
26
268
102
1
160
92
2248
4
698
4
10
1
4
1032
52
89
14
2
8293
1
5
54
180
8
33
333
90
245
4
7686
366
13
13
14466
108
49
905
7
5171
950
10
75
120
543
4260
3
2
33
1384
2
8216
4323
2378
2
478
412
1
290
851
13
3495
206
493
2025
6
6
412
104
17
396
5339
3
1
3048
28
971
6927
20100
5
50
4
303
1242
199
2791
30
2469
19939
14
662
40
24
2
19
2563
14338
2
56
208
313
210
33
545
177
43
6890
155
20634
1209
23
41
1193
166
3
12
849
2
2359
10
2806
12
29
6122
5987
4824
4
579
5
4796
444
86
19
14
31
416
2
2259
8
16166
6
11066
24
2
51
12
578
1389
11
2448
5242
2843
8551
6
97
2
3228
4
2223
21
63
1724
3
23
1414
1
86
98
5796
1654
12
8169
8
4619
570
3
8
264
8427
2056
4511
13055
5
5
743
2538
1114
350
385
36
7621
8
352
11481
3
3825
19013
376
3092
5
137
13
10
4
25
5945
18971
1
506
3320
1926
1
7
1279
73
9933
447
11
16500
52
3202
52
839
2
134
50
1328
8032
569
3522
11436
9641
294
2026
173
2
100
20496
5732
19
6
172
302
58
1780
3
274
124
42
3037
2053
563
5
27
1990
51
532
457
76
3
1
2
210
4
16059
70
3
7111
151
13
124
140
110
4
9
10486
6
497
1
3
3542
51
130
1760
4037
6875
1495
661
307
854
3
6
11818
11
144
1
8121
3
31
100
10808
257
2234
116
8936
1
15
146
1629
566
8
4
25
2
13096
3
2
6
3
4649
4286
106
1
7
5659
1055
47
63
5
2402
2
522
8
9771
2
546
5
71
37
2473
13
1240
3558
130
3906
14
56
11844
90
14249
19090
6119
72
85
3208
5214
2593
11
167
73
516
4325
9684
2
87
287
350
151
9080
2071
1132
525
59
8896
654
286
16893
5
5940
1167
753
22
4
2
82
841
175
18
26
289
152
9
19
12067
97
25
1300
1815
5226
6
4
4
254
66
9
4850
24
72
8
20
48
3
415
4878
536
5
18
6518
1
18
119
192
12
19545
33
1913
6
20207
240
1
130
104
7401
13166
76
14950
18
7
456
11070
547
2736
245
5
2462
90
816
434
14174
9
6
1276
2123
6100
113
2
19005
182
7
3
11828
2316
2
1424
14
1557
2
3533
20
2
462
24
4519
27
12035
19
1265
3
356
33
80
11274
34
233
11589
269
6279
162
65
2
202
2
2307
3861
18
3
5
3
9
228
4183
11249
10013
41
76
633
8
2351
6
1375
11
16
397
8
3841
214
2698
17273
638
35
11987
2898
14
1452
2
16
2
14884
6
1
6
791
4
1269
1287
1897
13390
311
1266
72
10
574
81
9928
7
20
32
263
5
1182
1
237
496
6232
42
10
7
495
1970
9
173
60
7061
108
479
12
2
886
13733
633
4307
18
199
45
523
10
12051
6284
10021
43
16116
761
976
2
611
3400
260
66
211
6
823
2
43
71
52
11
82
5249
9955
5502
1
18753
1852
30
248
10142
5247
5
4
3563
2
14
4
12
2015
64
11718
64
6179
9321
3121
3343
1128
570
31
41
7349
3936
9784
2
26
28
896
3040
124
139
153
5
53
19
2735
4592
9100
8
5017
2238
39
9
53
4330
19
1080
4
400
65
10736
2319
3
4078
286
115
25
3384
2412
9
1
899
4
88
4911
274
84
7852
48
183
4469
11370
7537
8528
38
6469
832
6223
17
85
4822
261
7901
12
361
88
15097
593
757
34
8
3348
17
19605
67
47
13
10
16
3
17358
16
12882
12
9
287
3
78
1
10
467
4040
2
58
3617
2533
24
712
21514
8187
2027
2609
17396
3375
2764
31
23
1
2
9292
240
2362
17
1
457
2
28
1791
362
3604
176
4874
507
15030
6
1
5651
274
272
1
5
1647
1110
42
2
15776
64
65
837
2
1153
8849
19562
4
35
330
6196
13195
2904
318
1
190
1
197
157
4
4
45
9305
73
25
1
232
3075
27
3700
38
562
9116
226
141
1720
9977
2
111
55
1274
7996
16
9505
2261
7
1633
4750
625
18219
52
3
2613
12
20579
2011
190
1406
98
2
1531
123
155
5102
2
975
6
136
39
1435
18837
44
71
2174
599
10613
14067
3170
2
5
46
1283
521
135
424
4237
3498
19158
19320
7
5
10
43
230
10
14224
196
3016
213
16231
17
1060
1117
540
12
8
598
1
15
521
7035
3
331
3
17
1692
691
13
2317
405
750
3
4
24
13949
72
375
21286
4
512
8751
67
2
12317
3230
71
14
132
125
4
22
648
17764
6
9
978
2598
2
2
1
3
296
3653
1961
3
3
103
9383
5
13
2
5827
384
11140
9
14667
3868
109
7
311
8984
4
1335
1
930
2
35
9092
2
5861
58
27
357
3073
20
1
542
182
61
3342
3822
9
59
15
4073
8972
212
867
146
13
1583
2544
4
759
2
5
3547
357
88
70
13
10
4641
3957
4867
49
1
32
2693
997
4
227
50
7
3145
1
13
1222
9284
3721
232
3941
11
3808
19132
18
2157
36
189
714
3797
4
139
1156
3
3419
1024
3
105
182
5825
3
3664
12745
1044
6661
531
22
3
117
445
3
235
18
2809
8
412
1127
7
9
2361
123
1
214
14943
933
3
2838
6440
1
325
7645
4
80
91
2
2914
16
497
1
1576
118
7
389
8
10
4946
707
1
1959
6793
1215
271
191
8449
2
3
6
8165
191
2
58
5437
7271
463
9556
8
18
5
3
87
110
387
8
548
4
1
140
188
390
91
16901
27
13992
20
11966
348
6
2032
3
237
89
114
6
5284
1185
13
1
3
476
30
111
1
52
142
125
188
2458
2
314
9779
46
27
1137
11199
19833
18
36
76
9594
3
229
1
1
246
120
3032
2
2065
21032
17
9190
893
1149
20
9577
3
11599
7855
11380
20
7
289
27
2
19527
53
220
11517
584
16023
1303
18
4363
8
5
172
235
4
15327
495
15232
3
1238
3918
2829
5
2
2650
7
2371
1044
82
38
3237
8389
1545
167
7810
43
532
1924
183
17
12717
38
7731
8
1
5537
63
30
742
10968
18895
7
3
3122
1
336
10
13515
13
17787
3503
818
2995
3
3
170
52
31
16478
16
1
37
17
2430
2702
8677
1
134
1
18211
395
20333
10679
10361
197
11870
4637
233
3
588
53
3
30
1066
348
7
363
3512
468
2
7
3
6
8
158
24
587
793
3848
41
404
232
3080
3
5817
11548
16
57
9141
11100
84
12
82
3679
2
50
2
43
3
4
103
651
30
101
2719
2
117
1
1
298
1239
7
104
20533
4
2921
20
1572
3247
12487
312
9068
19346
327
1477
29
8
1477
215
17
82
3758
14
11604
113
8393
8
523
113
2
81
485
38
379
131
19922
119
981
71
84
444
220
13961
99
2
125
308
4076
2654
29
6
853
6
11
3238
4
8
4598
187
970
100
8107
4035
320
9
33
1
10
108
5091
6835
12604
110
7203
17
363
189
389
42
797
31
145
2166
1086
3
18645
2
5669
3932
2
6
9032
4
4
20
1697
7441
25
7184
12
18
408
10
1162
29
157
290
7
4
1931
756
1529
2
1047
1
2720
17067
2350
9145
267
515
71
15
29
56
1906
6
756
176
3
1
69
3710
402
431
29
636
2
349
1
92
2
4
3705
110
3
19022
4
6332
967
4666
4
3
13160
3
40
2
12951
184
2260
62
20569
17
2
7
9
287
1752
1470
1
423
719
8952
2271
301
80
373
70
2969
36
368
1
32
472
448
1817
97
38
54
62
381
4
20707
2
2
21
7993
65
40
12
985
137
2
1
3
3778
2277
222
1
24
1
176
2489
16
10963
47
215
6
24
91
35
8
3
2096
2
425
6
1281
1
17
33
12333
16
731
508
553
3891
8
983
5934
10575
11
6
429
9616
3129
81
4138
6500
53
8
4205
1434
314
4
13
3
106
4
24
19
11
2
399
8
463
85
618
706
25
3
526
139
14
287
4
16
1494
11897
159
146
984
6
866
2
265
21050
7
5336
8
131
1568
3
2002
9
160
2
2
137
1320
47
554
74
790
2
453
398
4
21
71
7838
17
221
20
635
1690
2687
608
32
14492
2
81
2
3633
5
103
3260
771
120
19
18
8
8
1480
1220
5
498
3635
385
3875
39
561
1
73
462
60
2226
23
14
9
9611
28
23
84
203
648
17389
9
12
1490
375
5
52
2
163
5
6
1465
51
1750
898
1
7
17866
26
9
113
1410
217
19458
1004
658
39
8736
275
116
21248
735
512
3340
4
96
3
9745
8021
359
5505
6805
221
3
7
541
6423
8150
167
166
329
2
82
56
33
2
73
1
123
580
2
1
1043
1372
14706
9
143
107
486
21
157
1
26
10407
91
2
3
318
631
12
9
2
9
7514
335
2470
13101
833
48
8
53
277
268
128
3
20818
5
5353
3771
16318
14
9008
4545
1
5
460
3541
15
6318
451
5
139
115
8064
221
2
10
9128
43
5454
2
20
4
31
2082
1
9
1
3
61
9149
97
93
3451
10
9446
388
172
7918
4
4509
3
5324
10895
112
779
4
159
12
27
19536
897
83
19397
92
72
6
85
4057
992
22
6
5619
45
8
100
28
2
2672
18980
4443
1740
17242
1
2
17
2019
1864
1
117
69
4
21504
749
9
717
3943
5
14
7
6
135
3081
8
2
691
1776
7929
13
23
78
10505
13
2
46
5125
1
5351
2037
153
3
13703
17
12
240
691
55
8
42
424
5
843
11254
23
47
2
11
3
13131
17166
13
6503
5
6049
620
3738
15443
30
8140
1146
397
83
2
364
16751
1573
17
1118
134
5
2
344
2804
18745
8904
25
2
1157
3
13037
2943
312
7
9
1
5
7
9
27
2
272
966
2683
72
4
93
369
196
280
2
164
5
55
7467
2369
2
2
1372
14
9
4906
2
2824
11075
29
88
896
414
16
32
19
28
1
73
3217
5
6391
1672
39
252
2
347
74
8
18870
16
15
519
1501
146
436
20442
19073
2456
3113
16
1473
102
158
4113
1
27
51
11553
280
16611
1765
1
10938
49
4
4
1067
121
12672
6
91
9157
25
5
1
3
150
95
17
2
2923
485
4861
5
201
1751
278
512
2752
2
20369
6808
19553
512
120
9096
919
1223
27
22
5
10
183
4
7
244
2107
165
38
16871
940
280
8
109
129
3
1
107
1441
5148
710
18
2327
3
101
7
821
1761
4220
34
1132
700
27
14447
2
214
28
2487
1
1
2
9
2
14
379
406
334
14
2992
65
2049
282
171
3
72
19
39
3
147
5410
2835
6341
13072
10
1090
107
567
2
15741
7876
509
20
6273
2861
172
67
666
6
6
6
624
957
11
66
5
1
2536
2
151
10
3475
751
11823
4
1
73
62
120
198
107
73
464
1
5903
233
28
2
21144
1845
1
855
31
3
8
2570
3
35
2
2268
120
9
314
2805
5
21
4549
158
275
21
184
1
18366
1427
763
4
1
200
2935
48
765
78
17
7
51
14211
681
28
2424
1260
4013
4
3
19
1979
1881
2
8297
3067
7
143
2828
4
3245
3987
1090
1
50
5
5
9400
11204
1077
311
6
20
86
3198
44
5
1
34
396
359
441
5985
4
4681
81
7
616
34
51
181
13
5601
1075
19141
21
2572
54
1
1391
3
2786
2642
1
315
5
815
365
2
11
1012
9
1889
3756
128
82
50
21
8980
19175
7689
591
2
3
462
10832
297
1
59
19
6
67
4
5
3
8
609
7669
2
4010
7793
873
383
354
13
1367
4005
4432
608
2534
123
902
1
50
4
221
415
770
8
20
675
2
172
115
9493
1225
716
12
1175
8988
12438
241
79
9497
2799
34
11813
61
12
11002
4
14218
95
1734
11154
12
32
24
142
718
1
1
106
8
698
8
20
34
92
18309
21267
