1.2152e-05
9.444e-06
9.418e-06
1.026e-05
1.4855e-05
1.4888e-05
1.0373e-05
1.0194e-05
9.711e-06
1.0003e-05
1.0125e-05
1.4789e-05
9.544e-06
1.4166e-05
1.0937e-05
9.803e-06
1.0167e-05
9.806e-06
9.507e-06
9.131e-06
1.0283e-05
9.633e-06
9.896e-06
1.4897e-05
1.4789e-05
9.693e-06
1.4424e-05
1.4556e-05
1.4569e-05
1.0531e-05
9.905e-06
9.947e-06
9.93e-06
1.4108e-05
1.4229e-05
1.9054e-05
1.4794e-05
1.3444e-05
1.3831e-05
1.0318e-05
1.0133e-05
9.87e-06
9.354e-06
1.4169e-05
1.4418e-05
1.4635e-05
9.777e-06
1.5128e-05
1.3765e-05
1.4701e-05
