000000000000000000000000000000000000000000000000000000000000026d
0.001377
0000000000000000000000000000000000000000000000000000000000000177
0.001024
000000000000000000000000000000000000000000000000000000000000040c
0.001744
0000000000000000000000000000000000000000000000000000000000004a10
0.022534
0000000000000000000000000000000000000000000000000000000000000575
0.002238
000000000000000000000000000000000000000000000000000000000000001f
0.000487
00000000000000000000000000000000000000000000000000000000000000d2
0.000819
000000000000000000000000000000000000000000000000000000000000026d
0.00135
00000000000000000000000000000000000000000000000000000000000004e9
0.00189
0000000000000000000000000000000000000000000000000000000000000d69
0.004411
0000000000000000000000000000000000000000000000000000000000002ace
0.012951
00000000000000000000000000000000000000000000000000000000000036e4
0.016924
0000000000000000000000000000000000000000000000000000000000000594
0.003219
0000000000000000000000000000000000000000000000000000000000001e2e
0.009385
000000000000000000000000000000000000000000000000000000000000381c
0.021167
000000000000000000000000000000000000000000000000000000000000022b
0.001196
000000000000000000000000000000000000000000000000000000000000026e
0.001008
0000000000000000000000000000000000000000000000000000000000000579
0.002425
00000000000000000000000000000000000000000000000000000000000137fb
0.082443
00000000000000000000000000000000000000000000000000000000000000c2
0.000856
000000000000000000000000000000000000000000000000000000000000b67b
0.070932
000000000000000000000000000000000000000000000000000000000000915f
0.043323
0000000000000000000000000000000000000000000000000000000000000237
0.000966
00000000000000000000000000000000000000000000000000000000000011bb
0.005812
0000000000000000000000000000000000000000000000000000000000000277
0.001312
000000000000000000000000000000000000000000000000000000000001afcf
0.138746
0000000000000000000000000000000000000000000000000000000000002978
0.014672
0000000000000000000000000000000000000000000000000000000000000f15
0.007567
00000000000000000000000000000000000000000000000000000000000094c5
0.049992
0000000000000000000000000000000000000000000000000000000000004834
0.023694
000000000000000000000000000000000000000000000000000000000001733c
0.122574
0000000000000000000000000000000000000000000000000000000000000428
0.002304
000000000000000000000000000000000000000000000000000000000000069b
0.002404
0000000000000000000000000000000000000000000000000000000000000d34
0.007335
000000000000000000000000000000000000000000000000000000000000381c
0.02114
000000000000000000000000000000000000000000000000000000000000047b
0.001699
00000000000000000000000000000000000000000000000000000000000037d5
0.017074
0000000000000000000000000000000000000000000000000000000000001788
0.006612
0000000000000000000000000000000000000000000000000000000000004973
0.02152
000000000000000000000000000000000000000000000000000000000000130e
0.006735
0000000000000000000000000000000000000000000000000000000000002a19
0.011625
0000000000000000000000000000000000000000000000000000000000000b52
0.003626
00000000000000000000000000000000000000000000000000000000000009ea
0.003607
00000000000000000000000000000000000000000000000000000000000001f1
0.001205
0000000000000000000000000000000000000000000000000000000000000704
0.002902
0000000000000000000000000000000000000000000000000000000000000139
0.000776
0000000000000000000000000000000000000000000000000000000000000a41
0.003947
0000000000000000000000000000000000000000000000000000000000000849
0.003003
0000000000000000000000000000000000000000000000000000000000000382
0.002007
00000000000000000000000000000000000000000000000000000000000000f3
0.000729
