0000000000000000000000000000000000000000000000000000000000002495
0.016845
00000000000000000000000000000000000000000000000000000000001017c8
0.847741
000000000000000000000000000000000000000000000000000000000000b7cf
0.054862
000000000000000000000000000000000000000000000000000000000000158d
0.005568
0000000000000000000000000000000000000000000000000000000000000265
0.001379
0000000000000000000000000000000000000000000000000000000000000266
0.001099
000000000000000000000000000000000000000000000000000000000000095b
0.004454
0000000000000000000000000000000000000000000000000000000000000edd
0.005101
00000000000000000000000000000000000000000000000000000000000030e5
0.011853
00000000000000000000000000000000000000000000000000000000000005fb
0.001801
0000000000000000000000000000000000000000000000000000000000000ad3
0.00229
0000000000000000000000000000000000000000000000000000000000005281
0.021655
000000000000000000000000000000000000000000000000000000000000624e
0.03641
0000000000000000000000000000000000000000000000000000000000008b77
0.054831
0000000000000000000000000000000000000000000000000000000000045fbb
0.256233
0000000000000000000000000000000000000000000000000000000000000d38
0.0043
00000000000000000000000000000000000000000000000000000000000033c4
0.017077
0000000000000000000000000000000000000000000000000000000000000786
0.001898
0000000000000000000000000000000000000000000000000000000000006aa9
0.026519
000000000000000000000000000000000000000000000000000000000000081b
0.002572
0000000000000000000000000000000000000000000000000000000000005d1c
0.024098
0000000000000000000000000000000000000000000000000000000000013e54
0.106192
0000000000000000000000000000000000000000000000000000000000007838
0.029963
00000000000000000000000000000000000000000000000000000000000191c1
0.112623
0000000000000000000000000000000000000000000000000000000000003216
0.020568
000000000000000000000000000000000000000000000000000000000000001a
0.000373
00000000000000000000000000000000000000000000000000000000000004a0
0.001396
00000000000000000000000000000000000000000000000000000000000077f9
0.035068
0000000000000000000000000000000000000000000000000000000000005207
0.020001
00000000000000000000000000000000000000000000000000000000000273e1
0.205952
0000000000000000000000000000000000000000000000000000000000008786
0.03808
0000000000000000000000000000000000000000000000000000000000001301
0.00511
0000000000000000000000000000000000000000000000000000000000000c09
0.003555
0000000000000000000000000000000000000000000000000000000000000964
0.002934
000000000000000000000000000000000000000000000000000000000000f8c8
0.041355
000000000000000000000000000000000000000000000000000000000004dd19
0.239734
0000000000000000000000000000000000000000000000000000000000000643
0.002817
00000000000000000000000000000000000000000000000000000000000021f1
0.008246
0000000000000000000000000000000000000000000000000000000000000788
0.002377
0000000000000000000000000000000000000000000000000000000000003b30
0.013987
0000000000000000000000000000000000000000000000000000000000026bc2
0.124094
0000000000000000000000000000000000000000000000000000000000017dd7
0.103501
0000000000000000000000000000000000000000000000000000000000000097
0.000517
00000000000000000000000000000000000000000000000000000000000027e7
0.012169
00000000000000000000000000000000000000000000000000000000000002c1
0.001322
0000000000000000000000000000000000000000000000000000000000004db0
0.025942
000000000000000000000000000000000000000000000000000000000000be98
0.045502
000000000000000000000000000000000000000000000000000000000000013f
0.00063
00000000000000000000000000000000000000000000000000000000000003e4
0.00155
000000000000000000000000000000000000000000000000000000000000b573
0.057704
