0000000000000000000000000000000000000000000000000000000000001684
0.007342
0000000000000000000000000000000000000000000000000000000000139356
1.23541
0000000000000000000000000000000000000000000000000000000000000673
0.002685
0000000000000000000000000000000000000000000000000000000000001018
0.004616
0000000000000000000000000000000000000000000000000000000000000030
0.000377
0000000000000000000000000000000000000000000000000000000000000036
0.000543
0000000000000000000000000000000000000000000000000000000000000795
0.00252
000000000000000000000000000000000000000000000000000000000001e14e
0.124954
0000000000000000000000000000000000000000000000000000000000003104
0.013954
0000000000000000000000000000000000000000000000000000000000000037
0.0005
00000000000000000000000000000000000000000000000000000000000012b9
0.004771
000000000000000000000000000000000000000000000000000000000000039d
0.00127
0000000000000000000000000000000000000000000000000000000000003130
0.012323
0000000000000000000000000000000000000000000000000000000000013db5
0.126705
000000000000000000000000000000000000000000000000000000000005e4d2
0.465778
0000000000000000000000000000000000000000000000000000000000000d91
0.004923
0000000000000000000000000000000000000000000000000000000000005022
0.02765
000000000000000000000000000000000000000000000000000000000000009f
0.000635
00000000000000000000000000000000000000000000000000000000000077d3
0.035045
000000000000000000000000000000000000000000000000000000000000028f
0.001077
00000000000000000000000000000000000000000000000000000000000068d2
0.031261
00000000000000000000000000000000000000000000000000000000000004e7
0.002212
0000000000000000000000000000000000000000000000000000000000003d9c
0.017095
0000000000000000000000000000000000000000000000000000000000012951
0.090322
0000000000000000000000000000000000000000000000000000000000003a68
0.023447
000000000000000000000000000000000000000000000000000000000000005c
0.000313
000000000000000000000000000000000000000000000000000000000000035a
0.001209
0000000000000000000000000000000000000000000000000000000000000ef5
0.005187
0000000000000000000000000000000000000000000000000000000000000640
0.00216
00000000000000000000000000000000000000000000000000000000000002ea
0.001539
0000000000000000000000000000000000000000000000000000000000000847
0.003465
0000000000000000000000000000000000000000000000000000000000000282
0.000941
0000000000000000000000000000000000000000000000000000000000001696
0.007335
0000000000000000000000000000000000000000000000000000000000000064
0.000327
000000000000000000000000000000000000000000000000000000000000003d
0.000236
0000000000000000000000000000000000000000000000000000000000030f6e
0.216969
0000000000000000000000000000000000000000000000000000000000003e59
0.025965
0000000000000000000000000000000000000000000000000000000000002af9
0.012122
000000000000000000000000000000000000000000000000000000000000081d
0.002746
00000000000000000000000000000000000000000000000000000000000000ca
0.000784
000000000000000000000000000000000000000000000000000000000001567e
0.080871
0000000000000000000000000000000000000000000000000000000000148180
1.70966
00000000000000000000000000000000000000000000000000000000000001b8
0.001134
0000000000000000000000000000000000000000000000000000000000001002
0.005742
0000000000000000000000000000000000000000000000000000000000001cb4
0.005789
0000000000000000000000000000000000000000000000000000000000000212
0.001163
000000000000000000000000000000000000000000000000000000000000062b
0.002075
00000000000000000000000000000000000000000000000000000000000006a9
0.002
00000000000000000000000000000000000000000000000000000000000004c3
0.001932
000000000000000000000000000000000000000000000000000000000000c331
0.070816
