12
1932
12853
1526
21
2748
15328
78
72
99
39
2298
358
7678
119
120
5494
74
3
127
768
3740
238
3400
26
157
42
467
2
636
14244
2
38
41
4547
8609
12
861
882
183
2
17188
1693
5
4648
6858
3
6
11
11581
1711
28
19
48
1656
12
1713
115
134
6
3169
1
346
1
16
397
7
402
73
58
796
39
4
20408
4744
18908
252
520
22
2657
45
2542
1081
7
14497
19
20649
7391
12408
742
2
258
396
54
83
788
354
237
5016
7
105
16715
9
35
717
219
1
1
3584
50
123
431
199
915
2349
198
9
7
65
68
249
214
15
102
3
111
13
4237
3077
2700
3
6
321
12
10103
3486
24
660
1
13751
2502
1642
4357
117
93
6
815
15
2
26
322
4929
755
7062
10857
2
10889
6
1210
208
274
948
7
349
1
19
9985
726
8
2116
74
4980
123
24
105
679
4194
39
4
1
268
414
750
5046
5
10313
62
556
36
9
1
23
14328
25
21202
85
816
16
2113
26
39
246
7656
7826
126
11
3
17112
8
5
2
1838
14
331
1473
170
10
2370
469
21264
59
654
15149
12
11666
189
31
75
19358
67
9306
15
31
585
449
5
268
1961
16
5
196
2
17037
1
1
4800
13893
34
3909
3
9
2
382
342
1076
60
261
2599
378
9024
18
16937
9
15
17
4
4
2
2
1
7
20318
54
3
3653
528
2764
6018
4461
401
514
9753
16
61
557
2
23
526
165
8472
17289
1361
35
60
1
11
49
4396
46
423
139
2
11
14
2157
435
1
1371
19500
48
168
54
4103
138
903
555
114
4
7412
109
215
819
1
806
85
34
18
3
2962
116
2398
10
12
13570
22
4
30
9527
2
58
21
107
56
10359
6
14
19272
2277
5
3
22
48
606
1
1
37
27
9157
1082
111
13392
332
77
2
2
3109
88
375
1514
231
5
9090
1
19818
3713
1938
1
96
6
69
499
124
62
4
2669
3
22
1
1
2
3
3104
9457
11
10
196
11908
32
29
9
2949
157
3
1008
13101
17
2
13
1
6505
2
1
2
921
1716
21
4513
427
6
2271
3869
301
439
1285
9361
478
7031
156
5801
404
2238
2
28
1275
2
136
7
6
75
2
58
53
725
4
5
15396
335
337
31
7380
2
123
2040
153
22
4163
482
1
4994
3
324
508
936
7103
5
13
11
8547
21
1468
5219
991
15
299
256
6
8814
289
9
4313
10
162
3
19586
31
158
14
33
188
93
867
2
38
11
1220
1262
11
3
1613
2
925
588
28
5
9
1744
6448
1
381
46
11683
9
114
3
4
368
159
24
43
135
193
10
45
1
79
155
126
7358
146
11
4
3
5
30
4
358
2
3273
5235
11
14
7369
11033
269
2
730
12299
108
4422
1
26
66
119
121
2
70
4814
2
29
2902
11362
3558
54
12
2
5
6080
3063
300
17
4922
189
4402
759
406
5296
62
10
206
331
433
262
2
2
36
490
9
6161
1456
70
17988
2793
2
9
46
2
2
11
6
236
29
18
87
7
8311
87
1952
13216
2
2
3807
9
2345
75
4
127
6990
4520
334
1
14711
1594
2
3
1
42
24
28
625
2
1651
66
175
11821
17062
16
3
12629
1
3
46
652
238
5
17
60
2872
1
1272
278
5181
2897
6
16255
16
3
8107
86
15
15105
98
5
3345
89
15
9
907
10
2834
1105
590
188
11147
161
3548
229
25
2
399
6
3
6467
7
44
959
700
9
197
408
718
20
389
201
11530
9
45
3762
65
15
98
66
15487
1029
267
3
202
42
3680
2
1321
443
189
1548
650
80
154
81
78
24
4
12335
3961
7872
7500
37
117
3
8698
3
75
30
10343
10
2
3897
13
235
1178
19673
5
5
77
10
8905
20954
137
12
102
9
3846
4540
5
17
7
1103
79
7
1
190
12759
39
2244
81
8
1043
13852
1019
12
1292
29
246
28
3
4
10029
705
1762
8
820
1571
2
284
45
4
2
11
7337
33
18442
62
81
3385
12
1
38
9
3932
26
5
8373
102
622
2
1918
4772
286
30
215
469
596
209
3579
37
84
3046
2
261
13
4
1
6089
6768
20801
119
16
4965
6524
8299
666
19132
1759
22
1
372
13954
180
24
572
3
20259
6
62
117
2716
2
9
1451
60
937
2363
6243
12
2
37
13
17
1373
1
6
554
99
9103
540
39
3
3852
199
5
4
20
1865
21
1
17
7283
29
19557
2267
7589
27
1466
2480
1
2813
1118
273
1
355
8336
41
271
1
10
7
6
12
234
169
80
8119
2855
6335
8047
38
14
801
31
36
2
181
253
1194
2822
3
29
26
489
20
10163
2
5
21
8
288
20
3
146
3350
20
1046
16327
12910
62
2
4212
1447
248
53
52
5
12929
405
38
507
2
213
2
2
5
17
33
21078
26
17
15831
3
59
17087
18307
106
387
2893
1
29
972
153
36
2
894
2082
208
309
5519
8239
905
29
33
2661
21
1
2
42
454
2135
259
3863
2
67
5683
55
12
4
7
65
885
1990
1096
5
18
6
28
144
2569
43
6838
50
12
8
325
14
14820
16568
10
180
126
64
12174
174
2380
12
19
70
168
72
8
964
2429
107
99
163
626
308
2
16666
610
2975
6000
14
655
1
14
22
133
2476
103
1721
5543
3
476
672
67
101
21
186
5227
477
3192
6071
173
124
1199
8
62
141
2641
3032
646
7895
3415
176
598
18992
90
73
57
1182
10905
3
6878
958
2
142
1
533
162
61
85
157
42
7478
298
3311
4
48
128
2
1
3
216
6620
4
487
296
59
765
473
5
323
1035
2
101
316
10
92
130
381
67
1
369
39
6959
789
994
158
3501
6
3600
422
8
1519
71
1
21706
2160
3627
441
8
38
1065
933
2
145
131
4448
3019
1
91
2
4871
2325
2328
20558
2
813
1006
1127
34
548
210
14286
5904
168
3746
335
2419
14754
12
8
10000
118
3132
22
361
15194
11066
302
240
12049
131
4
8
9
6
14
82
43
1069
1212
373
2781
69
19
2
425
340
2332
94
74
1375
1
10
23
163
3
9279
9
2
22
23
230
151
841
688
1
1798
22
22
4594
809
2
738
2
7
2
27
9485
1101
50
11
2
743
6
10683
7209
9252
35
11701
263
6
1068
11979
29
1
20498
4
11
6533
29
4
76
1
760
15
46
1597
131
1124
299
254
7
194
193
256
7
1339
228
12499
4
14016
11164
2
22
12967
2
2997
16471
115
1
4
11718
567
2
100
856
197
6036
55
79
2
2119
81
5716
2
61
89
38
43
18
88
18633
42
80
84
47
657
13
12
5
1
53
15532
2
1335
59
3
4
35
6
104
5
9
184
70
4415
2
5633
21801
2
37
201
16208
7
1308
38
20348
1535
1196
5166
1688
1573
12209
44
1
674
2513
1871
552
33
1
4758
3
3506
1
2462
1
3
2
7849
91
424
535
783
2677
641
821
6918
367
17545
144
19702
2531
6
4703
1219
5810
26
4389
5
297
4
118
7
694
34
153
44
13
14370
3
18964
20
35
24
4
1357
19104
141
4
1
5
100
530
480
70
15670
8
25
684
2251
36
50
2851
461
5
849
1
859
2212
60
311
1
275
43
1912
5024
2
21
8944
9
382
312
12014
8
3481
182
18
945
42
276
17
2
298
96
679
2
597
2801
259
4
17882
857
167
6
16
22
4097
20
26
3471
64
2301
6197
6316
329
6591
2528
1270
35
3
3
11752
167
8
4
5
522
8918
63
20
1708
10761
55
32
127
2
205
41
22
32
40
2
3220
13
120
114
602
32
1317
2649
198
7815
2
14
2
285
430
3796
300
16351
10543
44
178
24
163
52
7
7
6601
37
112
3
132
560
4
1887
4737
1436
1
1
46
5367
1
552
21109
8
501
20
18936
13872
11632
5
36
6234
161
1126
2588
669
2
408
40
4121
893
6
2
93
6
1537
4533
3
2
20
7
164
280
1349
4
5939
13024
2
2
2
7135
13690
208
9811
42
266
4
1333
79
24
534
17
1161
518
15
19993
25
2
100
81
99
5173
183
1
1
2
13
39
1325
7
193
2
14
1569
3
17314
15351
45
9
5158
4281
143
459
8
623
12592
19048
132
1337
10
272
7
2
204
16
595
23
2049
741
109
875
36
97
2
1
2
57
9063
4
1
8287
54
7
5
526
1377
3
14539
192
6
858
749
20
3
22
5725
49
1901
4
854
47
158
4
4
12573
4
1
3
16399
3
8
85
474
3903
197
5835
6
8
5098
19788
4
9
165
110
6979
275
707
4958
34
49
6928
60
8
4031
21
294
60
3010
13995
7
168
8
2889
101
116
3
139
3664
13139
3
234
7746
82
127
21833
106
7918
1
158
23
4
803
8
38
386
31
11
18469
9
3
151
7
4
72
17570
9
3
216
4
2098
19
21
417
313
4
63
34
3230
5312
13
4
395
1553
17493
478
77
29
40
1814
10667
121
4
7
2688
7072
3
174
1
822
9
19244
3751
1
163
2390
2
1618
211
4145
20862
333
2126
4
3476
8879
17935
27
3955
2
119
5
2595
218
689
1790
16838
1830
3277
2
195
667
24
128
120
20
1
21295
519
41
146
318
327
27
3532
227
93
30
14
5956
3
1011
1941
17
17
14
3
7689
588
6
2356
3
4480
1
11513
222
519
782
26
988
9
2028
2
1151
2
72
14476
2318
35
95
13081
31
1
12
322
13771
47
2447
17
18798
1676
3632
7
5106
2622
16690
83
7456
6
1
8635
279
2
12
14
8
2
1627
3
5
1367
21171
3445
19
160
5
110
4344
297
5
7326
305
5121
1092
11
429
3
9
800
412
10
2
463
4043
2634
1874
4256
4723
443
136
1106
1116
5273
1
8
15283
186
1010
379
7
118
13
3410
23
43
762
240
134
3141
17700
11
461
17238
4
1057
27
14
1
125
25
3
929
52
602
1
31
3818
1
8750
11926
1635
543
339
1
16
173
2
66
133
517
6419
258
2308
727
6116
6788
378
23
23
1530
18361
19644
3
360
7
40
594
12722
7989
284
93
4200
1108
2
17137
12
4
11
4717
7304
159
7
12
8
4182
5
4
223
21962
255
181
17596
2281
8166
2539
21
6
19
139
2744
2465
271
3239
2
3
41
137
112
227
709
46
1246
7
3702
1266
164
2
3316
1764
20
40
3375
123
113
1793
71
1827
592
390
576
63
10
1958
13
2614
53
418
10937
6708
583
2
392
16
6630
3
3263
4351
37
804
5
12
1
6
11564
5
9117
2007
99
21579
16987
20679
78
9
637
9
15
1
591
365
6
97
295
13
645
10
5625
3
36
7780
17804
9
244
15419
80
3
574
32
26
2
1587
113
2
16279
8
6457
1385
445
41
235
355
11
4
4
9840
5
5189
18
20
3
6
3
5
3
26
26
80
7
11329
35
14690
1999
11345
7
76
6
2
21610
47
18881
24
18200
5983
12986
8324
831
12354
32
5
2001
103
2535
8227
1171
13
411
890
11735
3
15578
7
1
14995
4
3648
11017
84
21327
7
25
92
315
224
11050
20378
280
457
155
6
122
175
13120
3914
55
529
79
174
4527
64
95
2192
61
1
3943
1462
678
8360
3
2
2
12317
3425
1898
7611
243
1397
3
4587
2254
250
18
20
7
1142
172
1
17
15
9
95
1401
233
80
306
2494
7
28
14412
130
10420
13178
8
24
8762
46
5
1
48
30
2335
2016
45
2173
9
62
833
20
40
2034
966
681
12
4332
2440
14
272
7
699
6261
3380
1795
1819
1347
40
59
6134
96
2
4
698
209
246
10809
24
780
1
13333
11856
500
753
524
10
44
11
1
36
200
16617
632
6107
30
148
6
1671
2148
3
7907
290
3095
4
14
12085
2
3023
824
4
8
2
3
2144
6
137
294
10
1620
78
95
21
140
1521
566
49
8
7
18
18
2
127
24
1253
72
1121
156
1185
693
911
1
4
18660
4
213
10
902
1003
219
22027
1955
20052
13913
415
848
3
54
708
455
6
20
75
847
7145
40
3
226
85
39
1345
5
20
6429
11279
790
8190
2
14841
15
793
1237
3395
4
5
2
205
26
5750
2
1
7
5151
122
18715
11296
682
5196
8
5
28
446
4
42
12518
6
110
147
4
20
1
8
7667
13
649
7884
17
2
18
2
968
605
1706
176
180
28
17856
9
4
110
4567
2
278
6
74
3306
600
274
191
14
129
6848
416
15901
5136
112
31
6748
1
50
15
8071
5
2785
14307
3
16
1
6797
282
113
225
1
4
4
6344
57
127
15
293
1365
1393
2061
537
1283
4
1528
11
18
1890
61
2830
13
864
6
24
8
61
1170
5
2988
6363
607
853
1025
2520
82
12
9211
1441
11
279
2454
10
11229
21
16520
18
2
209
160
3517
88
1111
1
7
328
802
44
125
15
52
1173
9
2225
214
111
1978
14929
1233
1767
203
628
17
303
75
2186
149
9
8711
2
320
11
65
14391
19905
10
1
32
3072
15
162
2684
2550
16
1016
65
51
2176
2736
91
2352
8012
252
24
20468
46
564
9797
462
147
460
11
1290
21421
22
11197
15061
17
648
8572
313
3574
18551
1
12
4
1369
4383
2
479
1691
5
1
787
342
13471
77
2199
11246
3691
53
14
128
19
1517
4244
6738
15
15739
9471
612
41
2
8840
318
13
1073
17
57
4
1
7544
8
5
50
6
2
12
16
6
120
8
504
96
4
402
386
7
4
102
1379
1
82
14518
761
359
613
527
9
96
9444
12
21016
3440
2
3187
2
114
5
4972
5608
9430
149
1090
8
8
15
125
8447
1
98
29
4
10481
11839
5478
8497
10527
2
143
10
4661
169
2291
19
7
6679
3
12
1022
4319
150
14202
982
58
10133
4364
388
8263
1
6326
8
2
38
529
150
35
2
4133
2805
4
8
3
4943
7792
41
13
494
2
21
25
2183
109
43
3
5
90
15971
4109
8
116
68
13314
152
33
151
7
152
3
54
4987
316
12
1132
18
43
6
243
2058
9
2966
879
2
23
5641
309
4
4055
763
4
4507
31
4
1049
4
2
1846
58
5
1
276
2064
1
152
2
5076
571
5675
9
16
703
87
4
6698
481
1486
81
2163
2010
23
14
2720
2138
147
922
978
326
1
51
166
495
99
1213
156
2234
37
22
4049
413
89
220
1045
6553
17
454
4
7
764
6
2
686
12684
286
192
10
20
7600
4
3527
1139
465
3297
3302
2
1550
1484
306
1
3
542
330
9
777
1
12
19934
2843
2110
199
17
14
1
505
3
15647
3606
3
595
4151
1114
2
4893
140
2
826
1093
15925
10
202
5
45
3
7230
1
1449
3
9725
4
1411
6410
19529
338
129
4139
8142
538
147
3
3
5
2
1306
1
250
18
352
133
145
390
1661
4
9696
1780
510
30
1
2914
3
7489
1583
630
9037
232
2013
6170
135
851
1
4067
21
629
1
178
5
1996
2546
1751
12948
15261
2580
69
1852
614
3
120
2383
3
832
1896
2
1592
1915
45
6659
34
67
9541
1
1
3
536
3
8214
9869
19
5559
1
6
14625
1833
103
888
1647
30
37
380
8
43
74
10238
10841
429
10178
7423
5
4
11262
35
241
5
3
29
3
229
10
2037
206
1051
4
1512
1
6949
341
21769
18496
9739
43
21
2
14
9782
10148
1031
7124
4073
2
1430
16113
425
3
3
1
1177
1017
995
363
1084
314
2
930
1
21737
64
20
328
76
21
3
2408
175
685
9626
17519
14119
1503
126
13791
5
68
1409
4
2
975
53
2
61
23
13
1844
808
10873
114
2
191
15
1
1
656
836
115
8
740
5335
1131
155
9010
222
1434
13
4
12
891
4188
6
164
3
2
4019
12263
1
5600
11
12
2304
39
86
5204
928
258
29
1037
112
5454
1
452
3
589
25
7
33
7
400
18
5
34
205
51
145
1123
4
297
2
30
237
9883
9956
1137
56
6
4127
3
1453
7533
2
53
1860
42
1074
138
9569
25
352
8095
1255
770
101
5878
5887
15373
2
9
10
2179
13550
94
20199
1
586
49
1749
1148
7723
56
3
4857
2
22
3
696
871
8
52
6
615
814
44
18
14098
32
8
3173
287
601
4
10404
16160
440
73
179
1
13
8971
15693
7
65
21
25
19329
873
44
3829
3
2
176
6
15
16888
34
1
6689
5
11
3206
65
20771
25
12281
917
18
880
2984
1
73
69
10
910
2469
38
177
6
198
6298
5091
1
179
77
470
232
7838
3
344
2
10777
8647
3697
1
5
2876
502
437
9668
40
558
582
4710
25
3430
32
2557
2
8154
41
675
70
277
307
1
3784
5
7622
619
7
7041
3563
3
16863
11
663
84
797
2
11
104
4428
19730
6
14
25
2
5113
2
2
2189
3
6270
1508
16
20893
3
184
116
1
10
913
4225
10746
225
4836
1
7434
5398
4
46
33
12
25
103
244
1606
8853
13451
2
14863
2838
3
151
548
20588
32
7
11395
8
3
427
2
8
447
76
7
5
42
6
4
58
1668
345
2195
5
419
139
347
1907
3145
5
422
58
3
220
363
239
28
941
82
25
398
45
516
23
2170
16544
7
13731
3
11
344
121
100
86
3
76
974
6
8737
5
4696
17648
671
10
379
10283
3014
3253
420
115
9
3390
218
20111
18
2603
72
8
113
330
3735
4
12102
21
4
18094
17
1
128
384
113
4843
203
28
9184
108
2692
2
3118
488
3
5
169
1984
304
3287
1144
794
2107
677
146
71
132
748
8
7
2
231
22
7
17
20
4
16
311
8275
77
1809
1497
261
746
2
15601
112
2129
1
2
8
47
276
17
3
2
4689
2
18
30
3
1
1
10
211
10
1817
8
5009
670
1032
3
134
1
63
5
2906
1
2095
45
56
6027
15
4409
582
57
2264
337
8724
22
89
149
12031
4
173
35
5844
3
5462
3041
8251
17
1
16
7633
5
11
3
6
3553
10
118
561
52
6125
1405
14454
4269
14
4013
426
4600
1
7
182
5
550
10374
51
15624
266
441
2
918
67
1825
5
19
17213
3
2167
1
15785
75
4206
3949
181
731
31
4
2052
1
680
1723
47
38
448
67
1222
130
5
111
199
223
1026
161
9
17
1192
2944
2626
5
2
8559
18041
6
12191
2092
48
7251
236
7
6
326
899
638
331
323
71
5128
20
36
25
2
23
4914
573
6581
54
6
15509
4
1164
8
3
1201
3
18825
7
101
13
14
5053
4454
3225
5391
1013
785
1416
136
4
30
8059
79
1499
4
12
3355
984
3
5870
11479
4907
557
18
202
729
1
739
1300
13
752
13
2
11
2
16
39
10
2451
3569
2
20
191
155
5
3920
85
12891
48
2
395
3059
3
7
6
6
3972
270
1
9
3
501
90
11547
3
1
15306
7093
407
642
810
716
388
2
828
581
4494
8
94
852
224
3812
1
2
48
38
1754
154
277
394
8
133
445
33
1
8521
985
2
4306
3
2
1
15
553
5
3268
2940
10953
94
9
5767
2
27
18
5
18605
640
51
19
2202
5511
3100
1183
108
173
16
952
69
8
20924
83
6
51
728
3
22
5289
320
13832
374
6
19
5
68
11379
21515
2728
17416
7
1849
13
745
21
3990
2
2
49
653
25
376
463
713
12138
27
483
34
9416
53
4878
102
1
365
218
8584
570
1
54
11
39
7
136
59
5502
1
4627
270
13158
11
6206
1929
9238
105
491
1422
15716
3
2
6728
108
21389
18
13
6280
130
1927
43
49
866
10558
4
103
49
253
183
6
3880
1331
10
21930
37
156
2797
4655
468
1703
1698
55
23
593
486
228
83
3
2491
2724
578
23
14
987
1801
15
59
19
10
145
6
2
18120
10435
835
1359
3258
483
79
580
2
1944
3708
4730
1
2680
3455
599
129
33
92
565
3
2847
779
12834
285
3127
18
41
5
186
1229
2
19
368
1240
208
1215
9
3
10
18147
1608
8
8597
93
734
9
75
36
19160
31
2
292
65
3
257
16
838
149
2
12426
1576
5250
1249
1
2
979
2826
807
2
19
98
2208
28
5
19075
17961
3
1
523
6
3966
11
13432
2
111
57
63
4487
15
11412
10605
40
18
4
91
2101
10589
1
4
1248
998
775
5
314
288
9
16
895
16740
1
2
3091
9077
2151
1475
9
2
86
376
721
3
249
385
28
4325
492
4786
464
17830
79
245
2359
1539
27
5650
18281
3
4
27
16
10
633
1319
965
4
1885
1
2
229
8
83
49
16
28
13
9
6
673
14433
264
2104
3
499
6817
25
1062
1383
1042
102
1119
19
21
3857
8801
1
19
14160
6969
14
190
6807
1659
1
11
119
22
6543
66
9
1
2740
4338
20
34
3
167
2
2
2
12372
11
6307
8
475
12778
8484
4751
3
442
13294
1
8
1109
101
18
22
160
2
2
5708
16
6372
2022
1175
11
3
197
664
57
5
177
7
1113
270
8410
2630
21484
7187
7315
2437
536
1
18
881
7467
9
18254
93
692
575
2673
304
504
7198
8
11213
256
1910
25
471
1
18
4
7156
18742
1
3773
10
1
1040
1
172
367
9
8866
45
10268
9711
8422
24
15
10088
12156
46
6
1696
2
7
8000
85
2868
863
714
89
21994
16496
7
232
2
2473
124
8
439
2
16764
16303
11001
47
40
2
9941
1
109
1964
95
1028
88
13
1
2
18334
35
15083
15
18578
19
73
3
1055
131
13975
2
370
7
30
1822
2342
370
58
223
8
11787
19414
188
10
1039
8
4
7
10389
2
10328
2584
1649
31
207
2923
86
263
113
2
33
53
11115
10
3595
50
3216
1728
273
290
3
142
2444
2
108
3
1
7445
3
16184
7
11
6009
132
2257
27
5
195
3984
525
15
3
185
1510
109
32
687
6
11891
26
1190
754
9513
2422
4
3211
24
10298
319
24
305
428
170
129
255
15
2
6
3
1079
27
21
5
4668
244
11
10
387
4
27
19443
260
2
7
969
56
3659
66
133
2
4294
57
159
701
11
403
10
1
9
77
6718
1
5359
1458
392
6
8
3
792
90
9
281
152
10
171
444
4
19
3
5430
5
2274
1445
2
2
15855
23
5
94
2
12
12067
5
315
3
8
2231
26
14140
4
1599
25
2
914
962
1141
6
8
2
8984
2
1
104
182
117
97
1204
17
493
87
1
3150
55
5039
394
287
300
8686
17674
362
1
2
9050
144
12
778
39
37
1100
6382
7
2760
4441
62
1226
34
26
5383
19
7
6
1
691
3718
6486
20
1343
5486
2
162
132
35
4
44
221
52
18
3178
74
6640
143
106
992
491
2
1
31
1
121
4287
154
2004
15239
812
506
10015
2
2079
704
4822
6
24
216
2732
521
957
23
496
1623
69
3
6
12555
27
1788
18067
2373
6179
3491
248
3341
1701
21
53
2
34
2
3
1501
32
40
7021
3
3
4
94
3
4
3926
78
42
5031
249
3790
13
49
1206
5
3
61
1281
2591
1
533
8
5921
6649
1
241
92
476
29
2
15172
1924
37
10
1304
11
21
107
14265
19
1
10714
2241
3
621
148
484
15762
5212
11446
251
219
6868
13
2
213
4
1274
720
12
18
55
235
61
2
4250
8178
116
9654
1310
3
10496
5
179
2228
187
5
2936
6
24
795
104
1277
5
2321
285
21674
3
18227
2
1168
9
1
2
3122
1
6252
5895
2
8
3
92
136
46
58
7
1488
1315
2
496
15
2768
282
1
4
8385
7052
3
5742
2
1063
55
2
6
13934
5068
217
1611
341
27
56
391
196
2415
357
135
8931
2
546
59
50
2953
41
16
2085
1007
13710
481
94
2
4
2
14
8
14
28
241
511
14
22
407
5
148
42
25
1363
12
715
15555
21
21452
20
3292
1523
4
18
20619
295
13
5
7
9854
58
5576
194
265
21
4621
6
9375
870
14349
2809
662
410
50
44
25
137
1
16789
167
38
3
193
3
2
7010
897
3244
503
18
33
17442
1
2
2
1532
5351
6572
230
21865
2704
24
1879
176
1136
14
47
4
32
1863
88
13
250
91
7294
25
383
116
27
3
13
30
710
6
17
98
2
5
7
16912
343
237
9555
2885
47
3460
50
10074
12
73
18174
6908
13197
104
200
6
15
3
1
366
74
142
5
42
336
291
210
1
799
36
9
81
1
10698
2019
11
324
474
1
16
36
886
34
66
485
5
21140
9333
7
2
706
2516
8397
5281
51
19847
2
6
410
2561
647
7272
3886
10
102
631
1443
96
1
106
2
6
154
436
9320
624
3082
8
405
5776
5974
35
348
7
7522
16
121
5
44
5535
3
217
13530
1071
4
1782
26
3
13
5
89
12
3616
6898
27
2
3155
2
1
91
25
603
2
1004
1471
3
1718
1296
60
12
1327
16
35
252
3611
183
9197
37
2565
131
5
15
23
1772
211
4
4262
225
1302
2458
9
69
2
9
5
3050
4
2218
336
1391
7712
1
5948
1085
2073
48
3670
20229
3
47
544
5852
1
5242
8673
3
3
1566
5422
13412
16
2979
329
20740
4
5406
1034
3037
47
2863
568
111
165
8827
11
3
11
4
107
42
19
18
4
251
3113
21
11649
6354
31
21
1054
2
9402
13630
185
149
1854
16447
3724
1
3824
130
125
516
10
224
15039
178
1949
3
214
2
1921
955
3768
7
108
1585
47
6
13650
2
52
644
7177
4
2919
1259
5
15
14077
63
22
9130
10465
5
364
53
4085
1
976
9
10
15
4682
12536
8660
1413
38
27
1683
1
10
5343
6
3
5
465
24
8
7
205
31
391
373
10
3590
39
1
30
9971
12647
1
11
90
1323
6
68
498
343
5
2
160
4
2
8
10
21898
17
15216
29
5
5002
466
63
3
319
1
2
1
2
4553
13
2524
28
744
6562
74
1981
107
932
3405
20
2123
8
239
45
18415
1403
1731
5
4
19
1
31
971
545
436
2
26
2
9388
44
5265
3159
532
1557
3465
3
4
12
11874
10574
50
5320
84
17012
4675
348
87
1
7757
5
291
44
3978
3
4
2772
17
4900
5258
377
15
38
2031
4
2618
30
37
1686
302
3
544
2611
32
5
253
7
21233
13
4
26
1
41
41
13
12
5
19
1882
2287
109
32
36
2311
1294
549
52
14
2376
661
8
17752
12872
204
245
5
16
4614
3
1351
6143
14
3336
2
3
1
15948
34
140
5
169
296
2645
398
87
52
2
33
203
12
1395
1904
13
9898
290
73
217
20288
2
4
63
13043
2992
3801
41
220
334
17
152
2
4
1
15
161
18
24
4
17467
459
5551
29
2
1492
43
1353
29
2055
27
157
18
347
247
90
818
55
1287
59
48
1153
6
55
1
64
1
11
30
22
1
1
170
1
4157
16
723
453
8
23
9
2221
23
10208
456
6
393
36
7402
11429
17
234
137
756
8
98
13
1
6
411
12390
17
33
434
3164
1
2554
95
34
14
181
4231
52
2
98
15441
7930
4
1946
169
8
97
1644
16962
2505
8997
1023
9611
401
1
1166
940
20
317
351
117
1993
179
81
47
3249
170
11598
1
278
38
51
6
3
846
4
1146
950
1578
772
52
10
16
2
19
1066
1
6
1
29
13
5446
1
1197
2957
2
16
6
27
2
4
122
7511
35
7977
7644
19
10
10
733
7083
16375
6888
4829
17909
71
46
24
562
2
961
2
7240
48
16231
9
339
16089
844
2405
839
17162
16
12666
1
351
2
2
25
1806
384
1158
36
4560
2
2
135
191
34
76
404
2483
317
67
697
32
1
1239
3
566
60
28
4
1733
49
6
172
16
1673
16642
26
34
2880
10
288
1785
4807
3
8
66
19386
6044
4
12120
57
3
26
3
2708
3326
21
13610
21
2
4951
312
40
3779
9768
11098
7555
5691
12
3
142
158
67
416
92
360
186
2573
118
1
259
3331
12815
13491
63
1
12481
41
112
5567
20438
9292
3
4
1048
282
16
15
148
1625
12
938
1159
85
354
1052
507
12
2777
1329
766
50
377
11
1868
27
1313
14223
11615
11312
17
17391
9597
3637
28
141
97
76
7
1257
14798
82
3
658
9927
4
14973
22
4
37
88
5083
5
86
4850
2
71
3643
307
10059
16
13
140
5700
9499
4079
21547
73
515
9347
437
78
68
69
9
8202
7
449
1
10044
126
14
84
2
13
10450
17
218
447
2394
1
13
7
8348
3
576
2
11
83
30
265
67
5328
242
7262
274
7
97
2
3006
26
5
3
55
5
272
81
95
185
104
898
123
2
2931
44
11131
14
262
3
3
64
472
1580
1387
4
7
3
540
17
3686
2
420
3435
4091
28
12
4467
2
31
3
2712
15127
33
1
48
63
2576
7
20022
147
8534
417
9170
122
16
210
174
4
364
5304
2
1432
781
6939
6062
14
4
8622
2067
53
12245
7701
2
1
2
202
2248
2498
19759
11769
2
314
9
584
541
1
2043
72
106
2
8
635
308
320
19020
269
150
450
1
2
100
226
12
70
3
7566
17726
56
2
18388
90
3360
83
3
77
43
46
3757
164
6611
1544
19
22
2
3
2070
87
1001
6669
16136
3
55
432
2927
608
6400
2
1060
10193
17340
61
702
2
1741
2
4007
372
1564
281
34
166
2
6
12740
1
138
57
14
115
5827
62
18853
20
1
71
10
2
266
3001
9144
14
2
206
1224
8
7
5
4
11082
9825
11
17
510
18770
1632
2
5
56
619
3
493
522
2
3054
2
75
20
3
486
233
1
30
3
13
89
997
1163
467
3201
6514
40
3
32
71
13005
989
981
2141
12
409
123
30
327
1
1495
837
1
7953
9224
215
12445
2
11
1000
1014
91
90
643
117
57
23
4
3
8
43
620
6152
19188
8
74
872
84
2665
15464
8
29
909
6
14
2
1775
21
634
10
7861
239
3028
6
48
1
6495
293
28
944
14776
5818
5
139
135
26
18524
1975
56
2818
1
31
283
1506
72
68
128
5143
144
1264
310
120
59
1420
87
1
13
737
639
5
29
70
228
3729
13811
5527
1541
13590
7
303
5
947
1
56
41
1235
142
19964
4
3621
64
1
9
15
20985
37
134
1969
4169
3
4
122
1654
21358
242
44
262
2046
189
356
8
20170
1
28
10
192
144
22
5
9
45
15017
2
21642
3496
19
7
1355
12
399
1424
155
5
4607
2132
62
2076
105
207
60
27
6
72
1
2
513
13373
13670
11463
35
11
4
150
346
5913
3522
17
1546
3086
4370
786
1087
773
6
7735
1560
4
6
4037
159
14647
99
35
1203
5592
14951
6
264
4
5792
11496
19
4115
2
1746
1
571
2
711
70
4
1464
4
2
166
3
2261
268
1
3
7
9
1893
1
3
438
54
340
6
4376
23
3
14181
83
2
1666
4864
37
51
47
2
4
150
6289
28
19
1426
827
175
876
105
3365
49
14
32
8
20
2
12796
2433
14
325
862
64
10
30
24
57
221
14733
33
1678
350
16
88
4
2
23
1428
4
1
105
5
434
617
7347
432
4474
4779
16813
10
2
2696
4
11
3512
230
3937
54
2
15808
92
63
2
10730
13
5965
3321
2
20
200
531
3420
78
51
161
6438
18688
6
64
889
70
13
7
611
2
77
7
1268
66
1231
308
333
6
10
659
1
2
3
1
1279
115
32
2
50
2
2412
187
569
5375
12
212
430
6758
10969
5
56
2
231
1298
587
1967
9640
497
11
80
2
2294
15
2487
33
3
5
45
4634
15995
3996
630
8
10985
92
1803
7
458
4
645
1479
1681
7942
254
15878
2
1
2154
1639
7114
177
1
7
13
9
471
3
42
20710
292
188
1
13062
10
2
5784
4
15
31
3835
10825
1
1477
4936
204
84
11
60
107
1098
36
3
65
20
1
5061
8130
2509
14561
6391
9
413
11
877
18
13
222
233
30
4641
13
7
3183
14036
6224
58
3
118
16
2
8509
310
13
28
14
96
80
106
18
11961
7166
178
3
24
7577
2
227
1
6
610
1972
4300
4
5733
5414
1811
695
17264
1251
97
37
6
6098
5
349
452
757
140
10651
4176
1756
919
75
245
19876
10
3
665
397
59
267
3197
559
194
2
6
825
1
76
3
207
242
103
732
20140
21
66
3234
1381
4
2401
1341
1637
2
4
260
23
153
2387
28
3
13
884
25
65
7
165
11180
69
366
12463
1935
34
23
1059
1
2
23
414
11
1189
5470
2
4
14
7
1
36
10620
951
1418
1604
3136
321
1
171
690
421
2
16423
293
2607
14582
36
2
1
13353
11
20832
1261
771
16066
19
1180
15
4580
86
41
563
3450
33
5
9
26
14604
4002
668
345
3840
6
10223
23
4
2
7
124
31
14907
1149
18014
1736
29
6827
21047
177
212
5
201
3
8083
451
1769
1020
12227
304
3282
451
1562
1
124
104
1389
609
5438
8024
338
51
69
19615
9583
1244
212
4
5930
618
6188
19
125
289
2752
110
1
5617
10636
3
106
3
9
843
2089
488
2025
7219
1228
1129
4275
12
10253
1399
8
138
17
724
10
926
9912
8
6
419
143
13255
1726
5991
195
5
1460
33
82
5
1095
51
257
651
1841
240
28
24
4435
934
10921
88
51
1217
280
238
14
1156
2
39
184
26
2910
61
48
15
11
68
3
49
2970
1134
55
16
722
1555
361
1601
247
301
3543
1481
6
1311
332
374
3
12
1407
456
27
4
830
6
769
4
22
4500
1
10
13511
4
11
17365
4
20528
78
16042
1490
134
221
547
45
2
1154
226
3537
283
1630
4765
24
22
40
14
19
7
2205
2338
9682
1
2
7769
1
901
12703
561
68
1615
64
2
187
579
5658
1777
5
10512
43
190
68
14885
1289
17
3
31
1
86
712
3
371
5
82
25
424
7965
4061
604
72
842
16593
4219
4886
6
1987
13236
5
2
14057
3370
1664
4
6053
65
79
2
38
185
627
2
12610
2284
2653
5
2366
3068
39
1
33
138
47
56
54
53
19216
1242
8434
5759
1439
101
3874
1
5584
3675
5861
10
551
1857
3
539
6215
78
736
2
1
9
1187
356
121
1738
9265
9
171
6
513
10
1
43
16018
73
2315
353
248
4025
1077
146
1
676
45
12
383
6778
2859
195
6476
868
8788
19
2
357
2
1208
353
30
17778
512
110
4793
1088
11943
5
15
7803
1
40
509
4
1
3
2638
6
129
954
1
12
15
2756
2789
6
577
2
12
923
10
6
1590
8775
359
50
212
2
141
20081
11
11
1
9
8459
1835
14668
3
11
255
15
131
5
19472
8036
32
371
2
11804
33
616
10118
35
8892
37
906
10793
114
7000
2
11996
17622
71
15
14
1
40
751
3
5
3
171
3892
27
4
1
264
95
100
29
5
32
13275
5666
17
943
19301
166
39
3
3
2
125
2215
58
60
3
1
52
27
4
1876
23
8958
1
2426
774
143
2
1
108
182
49
4573
