946
84
61
6
24
8
18309
2740
2195
35
521
493
9
2
158
13
2
19
3
235
4
4481
204
7671
10
7
2058
1
8
74
20792
1540
2
7
7
98
1
160
3
19
6
11524
5
731
525
2111
211
6153
2
2
9
20
10
6882
1286
307
8
11962
18
2
3
6
3487
1923
19363
2
275
11
686
2089
17759
865
14489
2
8251
12
471
110
5
2
8
318
25
16993
12523
8407
1386
951
15
9596
1725
5
4
399
9
10
49
2
46
5
2
30
5419
11
1039
2806
237
523
533
634
6
121
7882
14
15480
5
6732
18216
4
16594
1
319
11084
10570
1
2
11
37
96
680
1
6813
12003
55
4
427
14053
13747
1696
1
4187
2349
343
10879
85
56
97
1280
12
6259
15
15
12
7
19
38
163
2
6377
190
3
424
4237
310
1
50
4
400
13
1121
3
11583
364
881
67
6
157
845
263
1670
15878
10252
6
1108
1
812
6071
5382
5
119
693
9450
209
1254
2754
3160
21
206
39
17
489
168
50
128
3365
24
1
1
18813
7
44
116
1377
5098
46
7328
107
80
39
33
51
7
8
1235
1
52
166
24
1558
11
28
9661
10534
16
8
5539
6
361
4771
842
211
34
2
49
611
42
5229
419
982
2
282
49
1
102
13021
63
2
1
5437
7
9
11
29
6122
2
481
69
2
2297
1331
28
6
148
3
2
135
100
4347
16
28
45
1
3
18247
6
272
10605
6744
4
2
1
3986
2
5409
48
2591
35
2
184
68
155
22
3
91
13958
11
52
12
87
1009
27
12977
2
10
80
30
186
3
4558
156
3886
4
3
246
5809
644
4
8322
5
14
2463
9482
15
709
5029
3
115
1004
151
3
9
6
39
34
3638
2459
2
1225
1055
1271
8
40
9960
171
1160
4048
117
996
3264
9
884
2704
35
3049
7278
3
2605
15
152
148
1212
46
151
429
18
1372
14
1468
6
70
44
1
4
4216
3075
21
217
2047
8364
3325
1
116
401
3192
10
3789
33
31
150
4
961
1
5
2
5558
41
12955
1
2
3
258
1424
1949
3
41
11
6
8580
654
44
11446
11
1778
25
2
2
4
342
5
3
3
30
15
5
70
20408
379
45
22
45
3498
73
73
54
73
2787
9793
576
17579
3209
16482
19
18
97
2
8085
3
175
9694
14
601
20
1929
99
4
3725
90
25
2
50
16
52
5760
409
963
252
586
1458
3
6801
48
948
16651
674
8
2587
44
8
697
231
4
2
76
4861
135
7
19
3
4
18
429
984
359
2210
1919
7568
12
20
195
179
15532
256
3269
966
4
9339
21
21693
16
167
57
2
768
979
1088
99
3
2
99
16
3815
126
42
389
2
20582
3
6291
110
475
3900
2341
1550
3
9547
4124
2488
7
40
71
96
16
2
4
1429
506
1
58
565
1320
1018
134
2690
268
1058
1855
1
145
1840
964
1172
412
7
6
1501
4281
6
1
18093
150
3065
2
392
166
811
6
215
10750
3738
1
1524
335
16622
753
55
3
321
3
8741
138
28
68
230
15
1
210
547
9229
367
2978
9307
6
274
2329
29
5
8
13
335
44
937
3
2
273
128
177
3302
13
3847
3258
236
19
3008
28
12694
4
6
17138
76
2
72
60
207
33
11
329
1
5124
260
1367
46
6
1806
20099
1
10696
61
3
6653
1962
2
12
1431
563
191
169
1
8697
12
8
2
3
33
18
39
13402
355
2
158
102
3
51
144
54
152
7
2
796
1192
1601
4597
4
6
1884
43
12802
2397
16014
79
197
8
4581
4
7542
262
18559
477
425
6
4391
4310
1
16
531
721
12
7
1516
14538
2
10
2
174
157
272
6
16679
3854
91
1
3
7
1
9
1881
54
377
20
23
12759
427
4
32
835
11
1821
2
274
1
2968
3
322
376
34
16
712
4
145
251
100
8
1
42
129
22
74
4755
8
154
12502
13
4
30
5
1176
819
1
12629
4
498
8
2
15852
52
47
567
1223
7428
1
1910
47
4
3719
122
36
36
1473
5
1722
60
1
6687
263
73
648
592
139
2898
1
11159
8507
224
15
7
35
4
858
1198
6
3
126
795
2
2
105
110
61
3
13
1101
5
18
2
1
801
1916
1728
124
123
4
1135
4443
4894
2
7
1
2
3481
8210
4
143
6541
11
36
2286
632
32
19694
71
13700
142
12480
542
9
471
2
13562
3399
6
694
84
41
2
9
34
5446
1
49
2266
55
90
14
1757
2783
17
2232
1620
7180
4
15
177
17699
231
156
741
11408
1084
316
2
1
16
5
2
15744
7192
24
1365
13
2421
65
4230
2
4
4
1874
2
36
5493
3393
18
136
490
14
132
6
17971
5989
15
12
238
64
2
4
12271
1
31
3
676
111
5
164
69
2061
1
452
44
17283
283
4
168
9579
9977
11235
21
12
4828
10
1
5
344
1615
1252
904
53
1939
724
12867
32
43
4173
8126
8951
19265
2
435
7
3650
2574
20970
3155
284
18
136
99
5779
349
4763
4007
7842
4919
79
8
1003
1606
62
4
5663
30
8
670
916
421
119
2
3607
5003
1
25
437
723
61
728
343
238
86
2
3656
121
5185
154
30
2
725
3
232
177
6664
13
16
13
1370
733
3
206
787
887
2764
56
2654
290
1051
100
3
584
128
59
31
14687
2
758
5
197
6
7365
14
7
943
121
65
456
1
164
174
15
1166
1
1737
89
27
6552
2983
34
4303
967
10217
41
87
126
2
19005
108
2
37
125
13244
118
288
11
2
2631
7353
3
305
24
7
1
5355
6185
43
29
354
308
101
346
5
24
1050
18
9
26
11
6030
5
38
5828
1229
172
3
3
13176
320
3
203
74
4110
4384
17940
1
580
5
8
4
31
3
3
17849
389
1
10234
1048
117
2973
3973
3493
7156
3
278
3
2
3
4
3933
1
14938
491
2377
23
4
1
5
2
1553
9
3348
762
17
234
2
7
4
6
6195
2
1628
5
13
3198
37
3034
5
2082
15691
18340
42
1656
8058
141
6387
16964
340
1013
5
807
2
7
10971
1006
739
5
15798
349
3
12064
2
85
3
915
11622
1
106
82
306
17
108
12
82
67
4
2365
131
20065
61
3139
4
20
3
9843
4837
7
21437
14989
3128
2
32
78
12824
159
159
9
201
1936
25
13221
411
1
46
104
1
11427
2
5
1
2054
326
5055
2
4
4
17
2282
21583
1174
12672
4
11197
2918
33
22
390
76
314
9531
7340
24
2
992
5
133
95
1
3880
2
1687
19
21
788
1
3
6
1878
165
15
32
21656
9043
750
109
18278
3669
13770
679
924
9
705
5318
23
387
111
3
1868
68
16
66
7963
8921
20
3
1395
23
1
30
18781
48
29
8
1
594
26
6143
1894
56
418
6
140
1206
236
1204
73
1849
361
23
1246
19862
3
4195
20
16
11
260
19828
1180
33
1511
70
1514
3
1093
299
136
84
14
2
987
10409
991
495
103
12023
227
93
6
849
36
26
3
170
4605
35
5568
1391
138
3510
355
9089
1579
5750
604
23
21
5
18654
195
4
972
1566
16068
67
26
605
6
2501
2
1
35
3388
13
17
292
15
2727
147
19628
32
103
4489
779
161
25
19896
428
280
187
5769
4
14
444
32
3123
311
77
4691
12544
7
3
1
889
4953
4
17
5474
21
27
327
10
75
8638
4886
14270
16454
21878
1794
3376
33
2
7658
861
186
7855
47
15
633
52
9
2
174
1537
958
3919
852
42
58
78
2
48
4
152
4
34
16
5615
1491
20
11781
15
4295
572
1
1787
11821
7
2736
24
30
11603
2
3
1451
10427
109
85
365
32
603
13
540
6
7
1
4062
5625
5
3107
93
2
1748
434
22
2
30
19594
36
168
1300
24
22
6
228
112
14712
13065
29
132
4
89
12146
932
2640
1403
7
4259
11216
1506
2
15
14101
1067
479
27
441
3675
11
261
1
377
8
1231
3
188
9276
3
8
229
14
18
99
165
10552
685
101
28
1196
11
522
11983
2
1419
783
5
94
41
227
88
4361
21076
912
3
2030
10114
5
5
2518
439
15
89
374
142
68
8
8493
56
123
16
994
196
16041
350
21
16
1529
3
39
218
3893
449
21
447
6
596
13
11841
100
81
4152
6
5
514
10
49
420
4
164
285
39
84
18
828
9
6475
248
90
92
9
10
170
37
2107
20
13356
6
1
2535
64
3
3
1862
456
7737
926
6366
555
9466
22
37
26
971
1662
6
8
4
9291
2357
64
4180
362
44
895
4820
2321
352
83
3
276
276
1256
3
253
212
1313
22
133
20
1324
1146
2
13493
107
21
16935
9677
13311
4527
206
557
19929
71
14
74
1106
13841
11065
6
9213
703
934
83
3
503
391
5
1631
15427
1
12
78
613
21184
284
7976
6
300
1
665
41
89
3570
278
2
14
60
12
394
771
3
11
5
3070
2
6009
432
1702
19037
1
111
91
16177
27
3
6519
135
52
4
10
2426
288
1604
8
1639
4
6
120
4034
40
13379
3469
8982
6906
145
1
890
10953
617
12044
9645
4731
6
2236
7
3463
34
4
6269
3
51
65
3
366
19761
58
10
15
19
214
290
45
373
285
139
8072
31
21952
336
5
84
18941
2
5
541
14077
3
1
1057
9
5
4
2
34
7684
7
10
1
16288
3
2
1289
24
29
1890
28
56
10374
24
20374
9
10
597
510
878
1571
896
5132
1218
2759
1
7441
3091
2
1812
25
18
3769
7303
39
251
27
131
54
8594
3
4
2685
70
12
44
5
12
7060
9876
28
3540
9355
15453
9
294
1
38
5
2825
3187
104
562
717
1999
7869
287
1
145
10
160
12
14
2
8682
10
11544
1326
378
2446
141
1214
7
954
5692
5918
14837
7
15
2
15585
708
3662
18001
3
8168
64
6597
5283
3
12999
12
2
5
3516
10805
2
20617
15323
310
8421
95
58
2
3906
1952
6917
543
829
1
1
17254
2663
8265
17819
91
12
549
5
3
11102
8031
19495
2
10
2
544
161
2874
558
404
1
312
30
468
12
546
1
17
15
3
1293
10
8
1091
15905
26
3
12375
17
2636
313
3112
178
14862
1679
94
10
730
21364
247
2672
3336
172
55
12
663
149
14
23
33
9
216
13
2694
6
9
1
4041
2
171
16
11
10
18
4
2
348
588
88
446
5
13
678
455
6174
4
50
619
2830
1379
240
6
1
2139
1
201
4
45
82
163
258
537
17431
38
113
7315
1082
13
38
13154
6976
1
26
136
2475
12
5928
1
61
3782
4788
10
2
252
76
10
27
7
653
13
797
31
268
2305
185
20
8
6
8
5
720
4
298
1023
19330
50
26
16123
57
5291
143
19
20
3
85
244
66
306
3
488
1
20
749
4636
33
297
4406
1865
51
74
3687
623
5644
9
2
9418
5012
71
511
128
2
14006
3
1
11178
41
108
54
1114
9
3475
443
3060
346
2
1577
3
86
69
13888
1871
10148
2
475
11
4550
31
12
6
19200
1
26
1932
376
2247
8
43
18
3286
2026
13
7909
440
21989
189
8
249
21841
363
4
1519
211
2613
6894
3
331
309
3
82
950
5309
1117
111
150
460
184
4845
1766
2430
3
15349
59
544
3086
1653
5
123
10
22
3589
6
23
840
18
5080
39
7
26
9910
38
561
42
21
1
9012
2
2
4936
7291
12
19
2202
23
1233
30
3
2
2
1791
1824
2301
825
18
2816
20
48
21148
39
16
29
6453
183
479
134
1243
10
21915
14
8
5465
381
183
14
3241
6060
34
2
702
3382
7
3165
6
4683
501
2722
9628
791
1645
502
6
59
1410
3
8237
12
213
229
1593
18909
15065
2
5740
21
29
31
67
94
16095
13289
2618
72
4055
1590
500
5502
55
97
2020
77
5549
5
5
14440
2
5
1011
527
4
459
1069
6964
299
1
230
125
11
711
1020
504
1077
4660
2
31
42
18
204
463
27
43
2
1684
75
4995
2
127
6
5
43
13
15
194
7
518
1
421
95
1
5
20512
2
50
2180
1775
183
2290
384
740
17520
257
6
30
19
14
25
17669
53
2
11902
7205
63
85
1273
9
44
38
13199
63
822
7
25
11801
1
66
2
3331
46
1158
55
325
3
1453
3
9
57
17
10
115
4804
1716
249
504
53
22
8
760
7802
517
186
10
93
2093
21
366
13
7723
7390
956
207
25
157
445
4812
6
88
317
62
1110
2
869
2
2259
334
229
101
9994
4
2717
31
784
106
5888
57
14197
57
128
4398
60
5
207
21510
12354
80
5
2509
19
64
24
7606
7
112
88
189
1
12126
3913
2
1769
10787
1763
10062
81
9776
11
9
2750
53
902
7
23
18
4
347
4644
11
616
2129
8464
1
225
41
12
15
3081
1295
1
1025
3044
4870
228
395
3
799
5
5
3
2086
98
2933
815
560
130
5
323
2
7
2
51
3946
4928
8906
357
1363
5
3
3
11121
4436
345
3
260
24
330
4
209
2013
13334
18
69
74
113
14221
1393
17609
17
130
485
40
132
20
33
2309
102
261
356
152
2
3
36
1815
8
204
18
3
3
66
558
6
94
77
359
79
11
33
100
10897
1992
7378
5
2492
2884
8279
5721
624
18
42
114
195
18
2998
43
143
1
2
4
2
21292
614
292
661
55
181
13
266
568
28
2745
61
282
3252
9499
7
19
224
2
76
7517
65
10028
49
424
1966
5
2
37
1466
552
6
29
93
3
1545
1
3
10916
2
31
2
1210
927
871
167
9
193
1534
1
405
414
8294
32
818
520
283
12780
14415
14
13
202
2
11273
2
113
19795
3808
2121
718
68
193
24
203
4739
5587
29
1016
2
29
16707
92
707
772
61
416
4
5220
396
1073
2
3024
1
17789
11
1887
757
7168
6767
3
6709
2
5969
12
269
13
4497
906
16371
1104
192
38
1112
2136
2
65
8393
14
5606
105
11
67
341
127
1478
11388
913
17549
4535
454
12291
539
3
3
13817
5908
49
120
12085
36
832
7
577
56
482
3
8831
6
23
5868
19462
2
2158
8
2251
8
103
874
9
3776
719
5
1498
12715
43
15116
17
267
12188
7
675
8017
403
1772
6859
246
14
76
105
8196
2
9
2
352
5327
766
63
2
7789
17372
3
16
19396
5
12608
5
6312
1071
4014
369
15
320
4
672
1
1265
27
37
19
5
2
1164
383
63
21
11
4
5
27
10079
29
13425
253
11741
67
1
5
2496
154
2811
4
146
3
358
182
48
19
58
230
2
30
107
303
151
16
2
1152
5020
652
7
2
4089
10990
3428
162
338
45
10183
33
810
17
17
160
2543
11
2600
16
146
2
43
2
21473
776
1349
437
1471
19
1612
242
164
2100
27
18
2845
1053
118
256
25
19232
2
100
12737
1
47
4911
977
12
3291
2
1154
20031
10
1037
2009
205
2361
1
18434
5
6280
52
30
187
18686
4
243
96
1946
45
22
20687
748
4
1693
20547
3
5938
3867
43
120
953
442
7266
18124
4853
1
277
989
8997
1956
1
7
20
792
75
114
773
221
23
1
2317
9
24
162
1080
2849
264
1276
2
32
2103
201
1
82
21112
2
34
44
19
3
15
4
17313
1
2943
13
1
4
2172
21
328
25
20
3619
59
4
3370
3102
22
6988
1
6333
2
859
4
1751
1
8
35
548
219
280
9
1830
2
649
69
1587
6824
3
95
1374
199
137
6050
19135
14737
5
1
8
142
17167
2
20
3214
4
17
52
2
31
2037
332
6871
98
12651
12
222
106
492
7
18497
450
23
24
1
8
6081
62
20339
470
689
14318
58
3
58
29
1
4
16538
62
1
2
80
1
7
607
20
6216
907
639
582
14812
244
13110
26
149
20270
54
3613
45
1509
3
13608
2154
7555
2676
300
3
1979
179
4
318
9
2522
808
65
372
8876
24
72
16
598
12250
1
331
9
175
4332
16764
4273
2
54
88
11
9
422
4
30
16
1
2240
3
35
253
46
38
5346
16205
10
16260
10
59
986
10660
1291
1046
6164
1
16
101
6574
8435
29
8623
21
2
10
101
12
2
579
95
5
178
17
12
53
11642
4474
25
10934
909
3
1659
3
2988
6
3
333
46
3
892
76
8522
7529
1338
8
4
1239
1
7254
8
10
11761
1116
28
210
15611
326
25
112
16
1
4
2337
1360
2
6
382
4
9
74
1
1
2
415
47
22
10
11485
836
274
6836
10269
4970
4
3625
2963
10623
72
545
358
3528
1347
7
1800
19167
1569
5
51
89
3
695
6486
27
5
629
2627
7217
3966
1
2
28
559
53
1448
126
19
36
46
147
512
6698
2769
116
176
13447
5999
198
804
2
2003
107
687
4780
271
5
265
15959
28
232
269
57
7
735
2699
134
47
3546
8653
688
226
97
149
436
233
286
7
12
12438
232
4027
3149
1
806
1282
1461
446
6
171
483
212
89
48
1241
220
1
13677
340
387
83
91
5
1439
3
9
2792
19429
13794
245
151
7
385
4
2217
72
17401
1
14
141
2948
23
8
7
16
4075
14464
494
14
8140
2325
32
75
2442
34
27
8
8756
86
8771
2
94
54
1527
1444
10200
138
20305
10
19728
339
7
20
831
8
102
20
408
696
6
2183
8
9
4
105
1913
4628
1263
293
2213
21256
2
115
8966
7
701
109
11861
6941
28
824
181
13
4903
68
5
52
6
1926
11
16232
843
526
1976
1986
240
160
10
7750
5176
626
1522
51
1415
147
3
198
54
1555
6
5202
243
2840
4
4
3
2165
11
163
3133
8478
2
1734
55
71
39
7
137
52
5337
1041
2552
3
2
22
295
2
163
13
3
9743
124
245
2
3821
254
83
297
1574
2
5089
7120
1
9944
170
4159
95
178
8
36
18877
5
28
7241
6
32
115
1436
3
13
7697
620
839
62
3
21
1
22
1075
5150
37
265
20757
33
3744
14
372
2681
5391
49
16
3029
3308
3
11721
2
1220
104
15297
6
3
94
4068
1
3
45
271
3117
1
79
2802
959
11
6
2
216
313
1148
2
16907
4082
6
2923
10
550
2044
109
866
23
98
124
262
1
473
1598
6091
139
3
68
71
16821
3522
315
3
219
2
324
682
1673
126
458
3583
636
3939
4223
1001
202
1351
13585
1642
43
41
353
59
2369
9
8
1707
196
6
40
36
237
45
40
44
268
2
67
379
9182
35
140
643
4589
1
1
2
21328
7
2125
486
4
84
24
4944
3
15
530
19
403
5247
22
556
12889
448
19102
92
3
6431
13
27
554
3
8
3
5
368
1190
1719
49
4
2
38
79
14125
1
4
11
5274
177
2864
10516
880
10322
12911
9260
10165
193
40
241
36
17342
11942
28
233
3926
32
657
3
304
241
153
1
8
12167
199
26
4
51
1
144
155
60
1
37
3
1344
1
3
862
2051
96
3
1
17022
2255
173
1441
9
1837
1
21
69
14173
6112
60
474
8
3
22
21041
945
19561
29
7
9
2708
1
3
399
212
5730
10
383
4699
104
1237
16566
7
1561
745
1
2
3247
34
169
4519
144
367
2
438
156
4
56
121
13
641
4
1
62
176
1
21
6
4131
4
1
9
43
15
93
342
1
10339
202
11
419
1
20167
453
6
4715
25
4878
2
7108
21767
21
11
5194
42
467
41
15638
20899
59
1
451
510
5167
92
3220
122
2
465
83
10678
77
14
17910
48
2667
41
19
2385
255
9810
8154
3
64
21804
6409
6
88
2596
386
106
37
2
20934
7096
350
5
872
291
1356
14
19661
3003
453
192
15
324
591
51
1989
4
1843
140
19
338
1
6133
553
3
8003
10
2
6464
4675
33
875
8
5634
3
2
13
1412
12
10
14514
25
5400
2313
134
2
16150
3552
2
16343
2191
140
534
11
1144
12105
10732
2778
7816
122
20
5
2263
3
13
77
1818
20863
4
10480
780
214
4413
4339
2
17
4317
1
4
127
2
179
8846
2
115
173
12565
1
466
137
19
109
105
41
46
1066
7949
1315
32
2
1
18
11
2556
2
40
26
20
15219
34
1
15
2
1
1
2
2
32
25
4202
5
18
1
4
637
12
18
630
208
20
6675
3039
4
4987
46
16792
214
19
5
2
1
2
73
6
10
70
385
286
166
15194
107
6
8
1102
289
11922
3405
3960
56
15245
172
71
2
1
15
833
499
4
53
5682
125
8816
30
57
469
279
1
17729
225
17
42
5
10
213
1903
176
139
19963
298
3
6
93
302
281
3
21
22
36
3353
14588
714
18
14612
25
15271
11702
5
2
1548
27
1626
10
893
15014
117
7
2
1035
664
1585
57
5373
222
8113
27
141
108
2
1
264
726
66
381
26
1
14
1
78
525
2
11662
524
41
79
3564
105
180
2198
13
69
5
13
19
645
11466
3445
2405
5238
1
2908
1
23
190
1
1637
1542
294
1
1354
8336
589
10
2
11
14245
9027
153
642
30
15401
1322
976
785
8786
10
157
2
4
1
3
2
5
143
19
3
77
130
2
12587
17
248
46
9
2649
4
114
1131
2
60
1140
215
8936
6442
2
817
3
12
78
3434
113
38
9135
9
130
1
18371
34
84
22
1
88
20133
14
146
9
161
19
1284
1182
6248
1202
899
16849
47
1532
120
5711
123
72
81
8450
76
14
48
2565
24
898
104
6
4
31
11292
615
1651
22
14
777
133
196
9
9612
13087
5
14342
8
877
266
1
1496
46
8182
1
5979
42
58
6
12208
6
16878
154
432
435
5115
20
2
1027
3144
216
3
9166
277
659
2505
194
17639
14391
5838
3
75
499
1
431
2225
302
7012
2
273
17
1
4961
180
5256
1803
11882
111
4
6
770
12333
3
27
9
106
821
3
220
328
10357
14762
1
222
3
5511
6
1227
2
45
289
8
2561
14888
39
26
1
224
26
59
247
16
1302
11
1690
20
7036
122
3
2609
13266
351
185
16
5
188
13
19
17
1
72
6953
20443
1064
14
315
3
9
225
1
433
463
12
27
2797
9
82
700
55
14
102
1
57
8
9197
409
529
457
7990
18032
181
221
240
3
2
789
7710
65
18
2
364
3171
1
31
14149
3342
4
763
173
85
2
16
1784
2888
144
2622
150
182
1
2
9563
45
8
48
304
70
4
2079
9
3013
2
65
2
263
1139
24
10714
938
47
11140
30
3
6420
1133
22027
1
10860
296
15771
2
11
7581
7936
8308
1021
31
56
26
655
850
77
535
97
2438
646
6
7632
1
8667
7
226
3
2
2
4
119
3700
330
2484
3953
14
14
1250
407
1258
81
1125
36
7
60
2
4
9860
31
662
2
61
9
2393
15932
6238
53
6
2040
9710
7
25
1760
2938
6206
112
517
8
13
9
124
1335
37
1
1617
4369
1827
4
2
480
7084
3712
1
370
50
33
7479
4
4
153
2114
8350
374
440
87
590
168
72
2
18973
397
209
3
846
1306
369
37
8099
6
2731
67
20
3681
9727
2
15
11
1
2373
1342
1595
35
6
25
20
476
131
9104
1982
8861
18717
24
8
5530
4
16735
73
18
3
3
64
12
129
1456
19
1
2471
270
3176
736
90
80
4
1278
215
1
3411
2531
68
279
3451
10392
3802
22
1308
10
416
116
7
1
764
6
1317
5
1400
2869
1358
129
10097
257
59
22
3
9073
16
3706
121
3182
918
112
9058
30
191
923
17
136
17
40
12
534
81
11046
5
62
4667
239
4
9
4
493
1
63
28
16
86
50
1682
11254
33
1269
4
39
1078
4421
4747
3096
3
7645
2
293
6040
21
26
864
18
969
767
87
488
414
699
25
13
37
68
5
7048
1
729
9434
7776
5483
5
65
656
17
110
2
60
4288
6227
392
16426
2
2401
14
484
70
27
2
3
1797
3
3
814
5577
2
398
2
9
50
12933
3834
4
2
10587
15
3980
2
9
301
571
6
137
3
4
5455
35
2
11
388
1
10
484
15559
26
1754
935
1446
117
13
8726
3
56
5
856
8
410
3
461
17
1
11
1463
19298
66
332
10
8
3
1
58
10641
7
7
13539
5898
7504
3795
103
1743
1
1
940
7415
15506
236
47
635
9
39
3
1405
77
6847
15
118
640
2006
9826
868
119
18
2
1208
9
3
18528
118
5858
13
443
71
39
3
66
800
919
6585
4
40
9
1381
2993
41
120
1328
4428
1
3297
11
26
1667
1
15
1
751
1
2033
10
2409
2
3
15
974
8
2958
631
2
1304
4652
78
18749
138
1942
1142
5848
2
69
13043
235
110
11
36
62
1
270
2
15040
3757
81
1028
14
8
838
2539
221
47
1
2
13470
21
6
191
3
507
2065
117
7594
51
405
81
2893
108
21619
5
5
127
1170
508
496
4504
7453
8
2353
31
10498
93
7
12396
6398
165
14
118
44
4252
11
2
4459
1
406
196
3827
7896
3225
1340
9760
4620
6323
8
19070
22
21
16510
32
1563
1
1129
472
602
28
123
2
7403
38
4
98
2075
1897
25
4723
5
17080
21401
2
886
4
2
536
14913
15168
6641
6
17225
1
8
344
942
15
15
3230
1634
255
1710
59
16
17880
8
15987
2
2147
86
1
2132
12
1015
11
200
17
50
826
31
2
322
4
9
5265
48
96
997
356
2645
53
1186
3
12
2
2
9120
1
26
89
8
5
28
29
172
57
13
1900
133
9371
9323
673
3763
175
3694
7000
2583
1731
10
20202
314
5
497
181
27
5
519
371
13911
570
63
1184
3
3
1427
104
5063
2
2381
14
51
1
10011
62
2
12459
8891
37
487
625
2548
4707
13
194
28
6
3
1150
2903
775
1859
11
6619
175
8044
66
86
10842
4209
5
14787
2161
3359
21005
13
1
18403
397
1216
20722
1137
1333
132
307
2
430
6530
10769
295
407
158
505
14367
999
7024
91
54
5
20652
2
1481
5106
4
6355
1
9402
6
6497
692
305
17460
69
242
17
5
31
9
4542
14030
9927
6
467
2821
8565
587
2
4166
25
551
3
5
9
32
8
162
5428
1
3055
2467
18591
578
3860
2
27
1713
402
2274
347
4
66
42
4
22
1188
42
7
18
19
706
3019
129
5038
2480
1846
5
21
1267
12
18063
848
2
7
22
5
1
303
180
2
3457
2
7
5
10
4796
4512
2
3203
6301
18845
5
450
7922
12
38
35
125
1
2
417
5672
16315
1384
12
5
5
569
102
45
1
2
15
26
4466
15091
275
2278
362
87
198
4
4138
2
2
11
146
2
575
595
21
54
23
7491
16
5
3280
715
1
593
79
2118
21
29
4
161
42
26
11
628
131
32
606
109
2
1
509
2294
2
12
566
8378
1
6102
3558
462
23
282
647
6
3750
29
1
250
21
205
2
11311
3
2
2879
610
188
2068
4096
17
754
8
380
27
13
7
321
609
3416
1
793
14294
574
6508
1099
585
1097
1781
6
6
738
34
6
17
2016
1
3
4
10
1417
9244
14
3
4020
37
11
187
2835
44
167
618
37
360
5701
40
192
7
12
142
189
734
103
12
301
375
50
14963
15
478
75
666
51
1178
36
1476
18
5
401
5
133
49
13631
6929
63
2713
608
238
11
2243
713
16
6
85
2270
2434
119
1
4
13
14662
7
4
1086
2450
6
671
2
30
1168
1
47
651
1609
9
8
5878
11505
2333
200
10463
39
1665
3236
4
53
28
9386
250
14
1200
129
325
35
2
155
394
35
5
1834
759
1248
2
205
17
3314
8
159
627
10
5
5
2
4
17490
11
20
28
4
29
18465
223
8536
2
4376
9
16398
12
2
254
600
1095
4
4
3
14
5819
10
1
11
9
6019
11
7
10445
38
83
8
10
10
3440
2206
4266
35
1042
125
148
3
528
2
2
50
5
1034
3
2143
883
10
755
4
227
2
1422
5
96
3731
1852
10823
10
62
7
683
1
15664
107
8
1127
2389
17051
5072
10
149
267
58
5364
16
5948
8224
7829
3576
4451
564
4566
1089
185
11331
2
413
1
1311
1483
2
5
15142
4
4
1044
7
2
7
4
312
83
3504
2859
981
81
5046
2
1
21220
2578
1156
218
80
7466
4
8551
79
199
12
40
309
19
3631
184
746
5799
1959
2
122
3644
11027
217
259
2150
7
239
21546
247
7
393
44
57
78
6344
2023
53
4612
3
4
80
291
1260
464
113
33
3
4
1297
40
23
658
7
13
15
2072
38
929
1906
3534
1162
6
234
1
423
2
334
583
1194
1623
182
681
460
7
3993
13132
15375
690
1123
140
412
4103
4
2228
1008
13516
2454
24
2
40
55
200
9
210
1493
64
5521
667
101
11682
223
1746
8801
921
23
1060
23
781
8609
7
34
6630
7
91
131
12312
5
1
337
8
23
185
2
281
930
2
2
19528
4
1969
2
4978
112
12
5141
532
87
2
90
19
515
64
5
242
2
16
9893
2176
2569
3601
910
3
10
18155
1
4245
1972
14563
855
2
853
2658
20
4
3
256
190
2773
353
16
18186
250
3
70
12229
34
6
1
3
155
1119
6
72
22
7144
29
2913
13935
5789
339
3275
15
1
11009
3595
1504
22
9
49
316
573
82
2
90
24
1
1488
803
7619
1
35
17
203
208
114
1032
1648
311
20236
245
1388
4354
75
24
1407
14637
4117
10304
11564
1699
20828
1
5159
23
15718
287
5
15825
36
1
3873
2513
336
234
7
9515
34
1
6
8712
7229
6721
3422
12845
319
1
259
17
218
148
41
12
2
2
5653
74
13724
52
47
1398
2
3
20478
599
4325
4
40
327
668
3
10
5
23
13864
5211
1030
169
116
1705
2854
33
7
10045
2169
4000
6608
1062
1
1676
10131
6
64
14
7072
17109
92
99
612
2
17
13982
11350
13654
3840
3
48
2
1582
426
2
2345
49
19997
3
3
743
538
6755
1434
9
8
6
1996
2413
6789
63
97
10287
219
2417
17196
170
2096
18622
92
153
9151
114
158
7
2526
55
1
1
135
1740
24
147
86
7
516
7132
1486
1809
7
2221
2928
4
901
744
391
4
98
73
6563
5958
581
17
12417
621
23
43
7763
2953
3
13
371
5300
21730
513
60
2
296
14
3319
5596
4573
11369
2187
4145
2
166
2
6778
7
