949
683
399
483
9676
7
6
17
41
15
3
17081
2857
1
61
819
16
72
3
2
10709
79
18
159
1690
2
20600
6624
7793
5
22
6
23
565
71
7
11495
646
2780
6
50
226
34
37
1
351
8790
2072
103
57
3
13979
3
166
31
142
4499
30
16
31
5384
100
18
2
17
1426
775
3
29
8
546
9
157
1
4345
6
281
10
25
74
77
113
42
201
3
76
4632
21
23
676
2880
3632
640
57
11
47
2317
2
41
1120
5
202
4
5807
9476
5286
21
623
387
140
1
327
67
113
2
9098
5301
114
1188
24
1148
3158
43
478
524
1615
7038
9919
17
7
205
845
2
223
842
1644
10074
4991
714
103
6740
2
4
20
2291
10
275
8
2
1
361
2
1
237
1454
1
77
4453
12009
19500
45
333
433
108
9120
91
10296
3
4
4
1566
3
26
2
699
2054
1
1069
27
1879
954
871
1449
145
11
7
4
51
93
2
3
4879
1
1635
7
17
506
1
7518
30
265
468
103
1
3
3
11
195
2003
15
12
20
17603
9258
5
2
2557
1002
136
7677
3945
40
2
3
59
7
6598
170
773
727
37
4
1642
25
11258
15
19
4
1175
3346
1975
61
39
2
19
9
53
459
7
3
283
2440
263
48
4456
6531
7
27
9
14
75
1545
10
870
44
38
64
7292
1194
4415
3580
20791
2
2
661
1543
49
22
1054
1209
2
9597
4372
21
2752
23
4
348
1
66
356
1081
2
8
24
426
73
19079
4
6585
5861
66
71
310
1126
47
56
79
6
945
173
7000
3
196
4
264
2
648
26
1669
964
19902
7680
31
2316
67
14752
2
907
17331
2073
4822
41
1283
1353
3
70
4
16
18
2
16891
79
13499
2713
3878
2
1
25
785
39
1599
1
5156
70
12
301
20
3304
5204
186
4
130
3
10
534
922
226
3
330
2
2
105
5
15299
2744
19
272
741
249
2
14225
1
2
7055
8
23
1
2340
15
12448
39
32
1487
1310
6168
191
432
91
517
15
14
5
388
6
3
2467
28
11407
18978
7
1176
3
1636
9977
11269
10
4042
59
87
12686
11824
24
74
4490
1328
5023
17
13
2
4
2
380
17373
1
634
1
8
333
2
48
10
783
13271
6839
1
19691
14767
5696
18
3785
19
25
1
19116
4723
204
14
828
24
1536
4
16
4
14
27
1648
3861
1132
2
33
2
21
211
19
3470
60
3
6141
1101
2
53
11
4
15
268
54
1730
730
18
1657
20106
16091
2410
1874
74
21519
6
373
3
195
135
28
470
11
10908
30
10554
667
30
4024
1396
673
5586
144
12
292
29
8
215
16232
260
5376
3
957
582
11
2981
5970
11117
10850
66
190
18
535
2
18
3
2
1743
475
66
1
107
2
188
565
5030
149
4
7076
500
156
16
342
4
316
59
28
1
6011
131
194
44
3
20
96
11997
49
2
392
2882
3575
2159
6899
6
970
4004
1375
15
1254
13492
2332
847
1
245
9
18
21
47
501
2
3010
197
375
65
712
288
1
45
3119
32
325
7
285
1
9
95
1557
446
8
58
1190
660
2711
1
2353
590
29
73
3818
5
2
265
35
9
2496
3037
90
5
2
5
616
216
5
1748
3
14
161
414
6375
220
14343
105
578
2169
71
9317
4
1
61
99
15329
2
3
318
4
517
2796
7981
3
320
471
25
73
350
71
2
4
21436
23
21
4
5827
431
13690
4630
96
86
945
6070
1
127
14
467
16998
1891
11744
1585
107
6994
7381
5965
6
8
6078
2465
2
6
4965
20
268
17064
1
2
50
507
386
23
66
27
5
1605
2
80
10336
4151
2
4769
757
389
1798
42
9499
11
12
2
24
24
268
2102
2931
14853
9592
2
2
63
1
7
11
6803
15159
286
43
2130
100
12015
9
1476
1
1
1067
20640
5
10
24
2
44
13
36
21899
1621
63
60
12
1
725
3095
1
4
1435
8
86
1500
4
3741
520
2
204
4
28
27
5715
1
13
139
5
46
13
1074
54
9
3
11445
218
1
3611
6310
705
1009
2
11568
8317
18758
69
47
264
5699
18541
23
2101
18858
3
3
354
13
9
7
115
625
2723
3
95
1964
1183
76
12
2
1579
182
630
111
42
9560
438
377
1217
3
124
15
939
35
7643
5
1698
504
7079
7
61
2
2
353
59
1350
772
11412
46
17222
2
29
41
589
186
4
14
3
279
229
1100
1021
149
12667
8
96
6849
18
671
2
806
138
128
813
33
317
32
2288
3081
2566
1276
10
70
602
11
4155
6
2675
3
13
3
15262
2630
3
7957
92
110
6
23
1954
78
340
23
294
1076
73
180
544
12
86
20381
11529
61
7
16
2
1157
12038
1070
4
9672
4737
109
3041
212
1817
711
58
2
670
3056
2728
2185
12250
10
1
459
15812
14
2
2
2941
6919
3000
1
3
3117
1007
2
3497
3535
8
1228
469
9
1597
54
4818
11
11721
250
643
6
768
95
1
12
429
10182
13
5
1
462
1
35
84
519
78
268
4
43
62
4462
3203
189
15
666
8
31
21
344
6763
18273
63
23
8
63
12
2
217
8722
18460
31
23
826
7614
20
15359
5850
215
206
109
7
8
127
1877
15
135
1
11214
57
6359
63
153
8
11812
1
12
1411
2736
46
2216
3588
8863
17147
2569
2517
34
12673
14399
15411
3169
7
37
2
81
15181
8
72
14497
6
206
485
1757
470
864
1816
17
1
316
2033
302
18722
1413
90
18676
274
407
268
232
15426
4101
2334
327
2
31
50
16
1301
2
73
846
442
1466
2471
246
7
109
8381
7138
13
13965
16
936
67
16916
114
27
3
43
37
36
2
1024
8
1420
3
2
4641
932
8
591
290
12
3
518
144
4567
2178
11
22
885
57
3678
20233
16044
173
601
2
1876
975
84
81
799
2
10108
582
9578
503
105
120
120
33
151
1091
50
24
1
22
156
617
329
35
6
3
5962
59
1776
6
74
2
265
937
10
16
2
56
6292
1871
3927
1026
498
1040
37
11302
671
22
1658
34
21
2
12
500
129
11
8583
8
722
4834
260
3893
3
2215
530
6
1
2
10560
10529
6040
16
519
11307
3
52
2
5
2
7
820
2
40
99
12
3
53
7789
1831
5415
7165
67
12
244
153
409
218
5418
26
7
149
47
247
788
103
7186
100
7007
7
17568
14
2
16
1595
11
7
3783
19
1047
294
2058
521
33
2
2928
13790
48
888
21846
17449
43
240
7
1
11225
44
18096
5779
277
2
311
3
460
37
105
26
4047
6
1019
717
27
206
279
230
164
13
10
10362
2818
1
206
124
559
2934
7
1
857
2964
76
40
2
649
2925
122
3123
1545
328
649
22
16
123
44
4307
3
8435
7785
18
278
214
9
15
478
2
14
44
6
178
9049
26
1
24
12
91
11390
19
19209
32
174
25
307
2
289
903
119
16
79
5
723
4
3
72
419
2
2
54
70
21635
9339
2012
549
9
6210
34
677
11
43
2
2
1
21014
19
1831
8646
38
1
83
325
11
3
257
370
6
45
17
620
910
10232
1
1663
3601
788
2
3
3
3677
65
91
14392
47
30
80
128
530
2161
3
14
746
409
17139
183
14795
467
3
6
9
4103
897
31
24
7880
4
2307
5
19
85
3
2
2528
3
81
6
4189
42
6576
174
7
16470
2629
824
16867
20480
439
575
25
2409
4177
474
2
99
351
12173
89
674
1
19444
12735
60
686
2172
2
610
263
1617
1
3
151
739
632
13
1
325
2810
21
2
8760
2
17441
494
77
6500
7707
11
140
4
10903
4659
102
116
2
12
133
64
18586
5
3
14
12
13
341
504
13188
8039
58
267
145
184
45
22
88
13
557
35
482
122
10735
9
12
33
7763
75
2
32
28
144
1618
4
50
1
34
647
692
319
76
18
538
14
9723
3157
37
14
343
13
8
2399
2813
373
90
21
78
470
219
261
484
86
802
116
1623
256
284
17791
193
375
12
21
3897
1
2891
158
248
18
45
1388
108
818
2814
22
4
34
114
1296
1
1515
3
12
2
22
181
1110
3131
62
17
2
3
38
536
769
50
103
1114
64
25
7
3075
93
12922
3491
303
7
1
8406
7107
40
731
2
9
524
8
8637
1
4
6
28
18
4
25
8591
11
930
3
65
1
1590
590
8
976
23
17
104
838
1267
264
10972
4430
6
5273
13
393
15433
5
8688
55
23
1571
2
8
64
18371
8
13
3389
9036
1629
6
6
134
5
820
61
178
2
5363
15538
9085
97
7
8
2
24
148
414
11670
2
1065
76
130
341
14539
1942
10458
9330
3
3
27
13931
5278
1060
116
1404
58
2973
33
347
82
15
26
117
43
10478
40
2575
1
1
3530
1
2
1
2
2
6
1
987
90
71
1
2296
233
201
1
17264
2
12
13
2
30
3
237
1
1746
631
1
23
232
15
5
780
5985
25
16
57
1
64
53
53
18
178
81
8
7
30
26
59
869
14177
6906
9
8248
12915
658
1
1
576
115
1370
433
6090
182
26
16591
6222
895
1
4888
449
18
8
36
152
6
9752
2
2
20
783
13414
100
62
8
35
44
11818
8082
4370
134
934
4290
1
1
12
542
2401
4
9
6
4
17
12
16
931
2
1022
310
844
9236
684
11692
4727
677
7
382
4032
24
6014
13329
14026
14810
358
12
7
9
102
3214
3
88
4145
7
648
254
1
34
33
1
3299
16
47
14
9
85
2
2
1
8537
20841
7
3
2
20067
8
11
1272
40
11991
1133
10994
2422
1
30
39
6859
1742
27
4119
98
5
685
25
43
2
15820
6061
1909
7331
5939
9
178
10084
2773
2
8932
796
11
225
280
1195
216
2184
1952
14
16
30
143
823
21984
1753
5895
123
5159
8
168
5546
1043
7
146
748
62
1754
157
5
8554
10
45
190
17340
8
4
2699
24
1659
2596
2784
379
896
35
2679
413
317
13
3
55
1
540
2445
682
1339
776
17
4898
365
32
11927
21
9923
7
9719
8
58
19
10
46
10
1231
52
4
34
4917
6816
6734
2492
11
107
817
17247
20
295
3723
13207
7232
1674
12
5329
1
3
2
447
4
7673
19
7453
42
196
31
792
5
128
5
14759
19463
912
2
556
7
3
252
38
5
4067
6
1306
1127
17869
5
13730
2
11523
15225
12
1337
416
1
13571
3447
4
18035
121
611
8
12
5
1630
369
27
10321
1304
4410
4187
3543
14674
686
548
8675
8658
8
3021
14990
246
34
131
2
4
1
8165
242
33
3
9
222
488
23
1803
1839
4652
3
2
7424
5498
4097
2
107
60
4612
3979
1064
8871
7
2
3
921
4
528
107
3220
7274
16744
7621
13584
293
1
1705
67
1575
26
9
17
8004
15
277
4
113
574
464
442
5
3
8
1
24
3848
148
8837
24
68
30
9747
1
46
6
10
196
121
13591
62
17
163
89
584
1897
767
32
1
7533
2413
12
45
2
10
35
7
2
182
59
8
12
3052
1
2828
24
3089
62
101
5729
2470
810
580
2
18550
1
15218
2980
252
13169
1
1
1
10
10407
2
16599
18
12
1667
6
1517
4014
20
1438
5654
1022
7
774
202
272
19931
1
1984
10251
495
1788
265
152
440
62
11
397
319
20912
483
26
4432
6984
73
16430
39
276
135
5141
4374
6
13
299
9
126
24
2613
12114
3
234
7
184
263
74
166
4
32
4271
58
1
27
2064
11922
3
166
255
110
61
876
39
59
57
19237
55
1
1
5732
10025
5139
1
309
1078
3
5
4
19672
3
3
16068
18950
2221
3538
21374
14781
2
39
105
613
198
159
122
8550
957
4929
105
1
901
700
6
2167
1
2
41
2
12
20932
69
4
1656
1
1
30
2
4204
2
3
38
17948
51
299
11
2
25
4040
60
7603
91
5
4
18
1132
756
3540
5
13
11384
5107
1280
738
1709
106
2066
17466
27
278
57
1463
2567
898
1801
1939
236
214
471
4334
15
111
855
15629
1890
493
17705
2265
294
377
38
243
126
292
2349
2844
8476
929
1510
5
2
181
553
4311
2506
1275
5524
37
288
5275
25
889
4
5
1
8
4
17714
22
12
147
7
405
1
75
15
6
810
191
15
20
2
27
6
12
4910
5690
4451
11
555
36
173
5
2497
1929
4
26
65
57
3
84
1761
2
1041
11
1898
17
2800
3891
1291
5
924
67
8272
3833
7
235
14659
2121
51
3
10001
8513
343
292
6754
313
63
21
2
1093
5
166
179
8
1
12496
249
4
10595
1
2
50
13
5164
13433
2351
8
6
176
7072
1494
3485
9394
6
5516
19
24
12
14
18877
5
19
1
48
3
169
18
62
9
2
10035
5
6
1
2168
163
363
7
955
14101
2486
15
21
17534
74
132
353
463
3480
10
311
583
46
20963
28
104
1
11
802
14709
7
11373
78
9504
1346
21
33
15
2489
87
2106
5532
7
1624
3
66
1535
50
68
30
1
3
5
7584
92
4
997
45
18932
814
12
2297
4328
30
8604
10
54
156
7
78
11
28
49
97
20
29
3595
496
81
13770
88
220
1091
1096
443
6
444
33
338
1065
805
5324
1
15951
303
3634
1325
1
11329
41
2
11090
93
2
2
485
631
23
378
549
1639
1242
41
417
11
12997
1261
1239
514
37
13777
613
2
7
1
59
13
7684
25
1143
515
19
2
5
143
3
11
110
4
361
554
2424
167
2
272
147
917
186
16359
25
167
481
8
1
316
8
9804
5660
2028
16
10079
2
45
52
9
328
1807
4
198
2
5
33
1169
39
64
426
269
4273
15418
5
4
1527
2
20
8
8
4
1233
1
187
12797
16736
288
78
1
34
473
5622
705
5988
6
146
3865
3361
52
4
20
8
250
342
10
2
7
102
747
11
5423
21614
9
1089
23
3815
4
4
25
22
7
540
3772
11
8
65
33
67
20
11
7306
3754
4298
1
8
3080
1
7547
14
90
138
222
390
4
2851
195
61
32
3
6449
62
225
5671
1781
6387
729
76
2
36
959
170
249
1
6144
9
52
2
18
3
18
58
12947
128
14490
251
191
2
488
5353
8
3966
2
3981
1
7
8121
6
324
1741
1978
392
9041
848
11
915
1
1704
9
131
61
4893
626
48
7748
809
4512
1934
4
352
720
44
10787
978
664
3
20341
7496
294
923
610
4
689
8
9
10069
7
56
46
2
1376
1
79
4648
16615
8353
16826
381
1058
10
49
372
989
102
12624
4
948
1
21250
2
10387
480
10
133
1
10
58
108
573
5043
11085
541
11557
9
33
655
1167
437
16
8962
40
129
145
312
11
124
16052
779
27
6267
458
21
17
13079
4445
2
1
9518
720
17
3
1
9948
2
43
203
14067
260
11
13472
378
331
421
40
20174
20
125
39
97
16
4634
1
2840
13736
345
2987
5
9
1594
15166
560
13877
1
42
241
4508
609
205
359
19529
6430
738
184
193
2
13130
28
4673
16752
22
4950
10503
1
4946
2
1395
1068
67
11473
2889
2535
793
155
342
6180
3128
7363
4
21931
1922
5
1768
347
1
19
45
392
47
17
334
2
14239
10437
3
4220
5
14
600
397
22
5712
565
11
107
12
19
15
160
2733
721
81
538
447
5
75
511
1
14253
6
1383
34
1168
873
4
253
7
10
1583
3962
514
7345
4
12
1305
15905
566
966
15554
6786
5
18622
629
1983
2
893
368
555
1
4
2295
3047
16272
8410
9178
5
3
1230
7493
19
69
13
1593
87
926
17
3
199
34
9367
8940
40
2
3432
43
16
633
1063
23
2115
85
6
3
907
45
4
991
336
2160
4
2
1181
218
166
21582
17
8
29
3
21488
73
1097
4249
10
2
5
13837
11
19126
18061
1752
38
1
70
886
2
6
1
2183
22
203
245
5
10402
852
58
2
11
672
538
245
6940
961
218
137
521
4
9
5
2
1943
20
181
28
783
8
6537
525
313
6953
6
678
80
42
6
145
26
190
1381
445
1
36
5
1777
80
23
5219
51
4886
4
29
132
1728
2
5060
17
1772
726
6198
1843
21095
9809
405
3
4
20
27
18
5554
62
153
2
1551
288
3743
4
2
12
2
1
13
1735
19643
406
21177
2441
1907
3975
4319
1
192
112
73
5
5
5
85
2085
88
12
215
3
12357
10432
1791
25
149
231
2
71
84
2
84
2835
19758
87
21
1028
636
3206
25
2
6437
202
100
175
1445
2
8
87
5
17688
3151
4778
11630
1322
3239
38
542
2
13972
2362
106
9276
5
173
189
10089
28
1
65
3376
279
4
15
857
3208
556
1335
8377
355
3
6943
5
9
251
267
1
115
319
830
1146
1
212
531
14
4
1
880
119
74
148
140
2633
89
2031
8
48
134
6
5
4385
1054
661
11
355
61
2
88
18
11015
180
12418
9890
4
36
7120
11
66
7820
9
454
7
8
502
78
644
37
52
6682
859
15912
2148
1
5304
4458
702
716
5394
80
1
4
11
305
273
1
54
36
4
83
139
312
10
34
5979
1652
599
19510
21498
18667
160
27
3404
83
535
2133
3
2
27
82
927
8
3
36
9
322
10
4232
1271
24
8910
1
3098
9
344
30
245
2
114
28
39
154
5450
433
52
256
56
3
6
11518
99
38
4
1
21835
48
49
138
55
1
1763
10
13355
5
3295
62
5
425
6
13
1823
9546
1
3038
4053
85
29
1960
2
3
1068
59
8
2641
443
24
8
14581
5
5
1787
339
4
2846
985
552
5
4111
8125
1467
106
13
1251
319
14932
7
13
9
1534
2
7
742
46
1102
1
1193
2
2523
5
73
2
1
13041
11264
6
1486
179
371
1
5740
49
37
330
1
8443
14
257
6381
6737
140
3
51
7200
1480
23
688
24
1053
17348
3
4117
5
771
1
5898
502
87
83
70
259
8012
11106
5
1
1
400
2
182
7
1105
1452
2
33
3074
15388
14322
159
50
80
339
16932
2000
13316
8430
211
2284
321
1
18
23
2
41
1609
242
5199
8309
1034
8157
3
759
11
571
119
5933
40
4924
1
2582
2942
186
669
6
2004
10
121
876
9
250
12
4865
2
117
688
28
6588
17
3822
126
180
522
1696
62
15292
7
1
1
6186
2
13035
14406
2
1158
7
759
26
22
4
3618
7
48
2
14
11
1237
122
2
4338
10
1184
5887
1293
1
6
1394
7474
2
7402
4
6
11
27
111
104
10
13
3142
228
43
14033
854
857
1866
8414
2
858
42
6
23
4464
5
3
230
71
1258
394
2
1
23
198
14350
41
145
551
386
2
2013
1449
5426
223
299
26
141
23
6
6225
1221
2270
600
4
335
14040
20983
213
7
4
14
41
3394
1447
21
1684
223
76
1
2720
6316
5126
100
1311
26
13265
1
10
75
87
22
9587
6
25
372
1214
318
81
3178
6
21301
10
27
11881
39
100
3
33
45
13
58
13
7
4804
12655
20
4
129
107
141
190
1033
8
16083
1
21
171
1
79
11020
2
2759
68
3800
379
489
19
23
106
6
7873
3
15675
3
4
1430
3
16
1119
95
4639
167
4
18694
7384
13697
3528
43
62
3
972
5189
71
1
229
8402
146
8321
13446
178
2
3072
129
3657
2
24
13945
52
6
81
91
35
39
43
12
13830
520
13924
320
89
4955
8
3886
248
141
1780
1782
86
2
1
138
1
2
7427
5129
509
658
2963
3060
2
13
1892
169
10217
3
2283
2
1034
2122
298
5306
386
4419
79
40
3425
1
15789
3
579
6427
64
11
27
2
203
942
967
115
104
39
215
2696
655
339
334
20302
4368
9771
18184
61
215
1541
42
550
4045
13029
9453
5
3698
41
85
2817
17
38
37
778
808
2719
969
3414
8679
461
2034
44
521
42
37
17895
3
2
3
14
6
90
22
4695
1511
1186
911
11789
7
10
54
13246
3034
168
2
15
49
5
742
374
774
7
96
2
158
5
6
1
1427
16
22
5721
3
8
1298
902
5439
11155
13
12928
882
1
905
1240
177
31
7413
4
663
9756
109
26
5368
2
24
3
4
2152
49
504
14
562
29
18
14108
8117
14
4
2837
27
5
6926
19786
3
967
2
4
207
67
2779
1563
5
3165
26
14518
12
1457
25
21
4
8
4
1
161
1734
3219
3062
161
816
13
7
1834
13870
1103
80
496
2030
16
11
102
724
7
10
5535
270
39
14
6
8667
1825
10
182
272
1
17680
63
2
3
7113
11
1453
9852
5
18
1
21
7
8
5
3664
1493
7
14
7
13
12
8
14
2329
4519
7
1078
4943
6506
1496
23
30
7028
13763
2
13453
2
1079
172
285
43
1533
15
2
11
2988
1152
1192
155
380
72
952
2
1275
49
207
3171
5099
3
19098
15
108
654
72
2678
6331
18
2
4
1
16
23
6
276
19844
7
16550
4125
14802
9
1886
204
19999
2
21
7842
56
21
8
7
5045
428
9191
5
4073
88
3
2449
1
77
20
4
1211
59
18
2
3504
6
96
15210
221
394
24
800
562
25
1257
2
5777
3
1346
388
251
3
22
20
23
1691
7
1
282
1437
8
188
258
9
10962
11395
324
7
282
112
29
2864
2
549
16
10
331
10642
882
8329
49
2127
64
3
102
64
17
8
123
2552
3
6378
63
7
34
7
9
2
44
21
130
2
1
98
20
49
1531
1985
118
1878
8730
4970
93
19
2
12
92
10
1157
30
635
683
5
22
1
8113
276
1150
1390
648
22
1288
1489
259
8
198
103
349
1
1589
21188
3
42
162
23
8
13
8
172
210
10
6
2
2
2354
25
789
5052
282
372
574
60
378
754
2
9
11738
1574
19387
1318
1766
20125
340
15
3
761
1
16216
2
169
57
11
5
63
4
17399
5
980
268
321
4794
1592
1625
8
122
560
368
1012
26
170
13505
4292
5785
6
120
11
5
205
3758
1416
51
222
5
133
4
4
1
1927
634
75
9
11
15
39
441
97
2
30
28
3
1312
3669
1
3
115
50
4471
636
382
150
16193
1262
3
16671
45
5
6135
48
101
6276
4530
1
11
7
7442
18
9794
832
43
466
11
3
697
54
98
6
83
438
1227
3
16
348
3983
13
3
3914
41
715
79
316
4
8264
677
1
342
5
14462
11
2869
953
135
73
25
587
27
5495
1607
1
10
250
73
7
513
8
7
3661
25
3
4670
11
2
3
16311
463
5402
61
2
2702
32
1
834
3
2097
4
2298
1
46
32
3101
9
637
2986
8333
62
1084
2
361
14308
2202
47
1172
19
18326
5676
1423
118
6
32
2877
13297
1582
31
4183
4
5214
893
29
2
139
941
236
5805
117
932
75
4
40
1136
2
4
471
2945
194
4
832
5242
1
12
9440
362
8571
21034
2281
3105
5
2910
1
104
2638
10
1
305
91
4
423
1
3
2983
868
948
4
62
313
48
2954
15774
90
963
2398
731
7782
40
940
17
11841
17748
1
4514
6243
187
8192
136
266
425
12600
1
14
2434
16
205
921
69
3405
15027
1092
6990
6
147
1135
228
5
1
53
317
68
111
7
2478
916
91
1371
12
2
2687
3205
2
4167
101
326
19181
24
6
280
212
1882
16367
77
106
2
10
832
8224
10694
1073
10
5283
108
4030
422
890
685
47
708
1996
7896
5953
7725
2089
4
62
20851
73
1
1201
3
15012
2977
1
988
41
16327
6114
52
14
2555
4869
142
5
7190
1086
15
52
20610
11368
8
192
3195
2
63
3905
1956
85
8
310
578
10011
764
30
25
4171
1013
1094
13
6
138
3
3
1009
287
6219
54
455
20
367
2
62
105
1294
217
56
588
40
403
3
26
15188
1
1
6563
1783
136
1061
4043
22
17
8345
650
2
309
4133
1
3162
13
16
3102
907
72
2595
3
1236
1994
9
2
10
541
301
38
3
333
2
15093
3166
33
64
3
14553
74
3428
1
4
212
19
52
1720
48
2
4
3859
4
903
7
2
13
5250
3989
181
6967
18
8149
82
7
3926
3964
160
10
111
58
7
1452
19
14469
3
16842
16
2
1302
883
980
234
100
599
399
293
11681
4
188
1769
12351
219
1243
8
15
10020
47
714
9780
1
18131
21920
861
6
8500
4
10539
591
240
104
41
3019
1885
13
2
2509
3233
2
6
17
2
9856
5833
90
50
2
11
1848
10
244
5252
7907
1117
1247
103
14364
5
211
266
245
52
12484
5
6
21280
187
7
7
142
656
7
3995
12
15
1756
2749
1862
2290
197
2124
268
8
10967
4330
106
7
64
64
839
7
1197
1
903
717
2380
3
1
2
45
875
3090
7869
2
239
1268
16
939
6
897
55
14631
4
15
2623
7
57
1931
22
2601
10
1314
444
4
50
1719
56
68
4
6
9
17645
3972
737
2
3
19873
16
494
10
14645
15
195
4
856
2210
3
129
9006
42
427
14
237
2276
806
12466
10983
8288
10
57
1296
23
236
2
65
18
3
3
838
47
16391
8
180
14
15
5
6240
4
2
5704
26
132
1
8820
2
551
63
3712
2677
5
2
200
761
70
3087
5
1
24
18114
253
762
24
4
64
10143
25
1
8
14
8880
271
159
45
3
93
3108
5
230
2560
5982
18451
6
1
865
12
5
5976
145
7370
5468
2
235
900
2907
127
40
273
1
1464
1
7610
2
16
18211
6
1
9
1225
15
1
4109
1189
2350
748
10
96
33
279
1950
3
125
5
12
10856
170
1
19
9463
10
513
1895
12847
29
490
7
7721
98
524
2
5
2
9495
26
5
3
2
172
6750
6
43
2868
3312
841
171
1
9486
26
3186
1369
14667
18
29
8
18
170
44
2
12959
213
1291
4061
15
6
11198
2657
74
5057
187
27
15721
2484
486
10
740
3230
4
91
998
607
586
2
114
6252
320
9700
13
31
10
11
33
18
3
189
7
3
13518
3
3
20351
5
6727
2103
2
2550
10580
2
2
10
4
1
80
12091
1714
1422
5760
1668
9023
2
765
15
10468
157
7
17483
6
7718
14
179
22
80
158
1263
11
859
5
34
402
4
1293
16
332
118
484
19
160
27
135
602
9294
374
5062
367
97
1726
4
8798
697
12978
776
7744
4936
293
911
1094
1226
1
16663
766
204
432
2337
54
54
9899
15
17
863
71
4844
147
12
6034
986
1158
1
8141
2
7500
8
258
1464
38
79
304
86
2
1
1
39
632
1
28
248
10417
1256
1
4347
45
837
251
8
2
5
3888
1614
6234
6347
160
4783
1
52
2253
1112
9
15
4
11149
6
853
8078
41
24
2
6608
2627
1
130
6
2826
35
202
15690
2
9
338
9991
3
4
352
3606
4
2
12
11
5
4139
9875
5154
33
3353
2
143
9231
439
142
32
9
85
148
146
2256
70
2576
48
14
15
4477
42
2591
439
629
286
8220
2
163
10266
39
505
205
17
598
187
2029
152
5594
691
4846
566
6
4
364
19312
1
17577
9173
20
357
1
17560
65
196
863
67
13577
3
10652
3044
1827
10
69
88
176
15889
14
70
2320
257
366
10
1
1
88
34
18017
3
5
18282
55
1
879
8496
7
225
66
97
14
134
1319
18
1
1528
38
57
26
18785
620
169
3
2
79
19
1502
13
9
2
363
302
93
2260
1
160
169
2
8
125
791
4
4
6396
586
4
28
2698
1
5202
131
1071
5131
6
98
164
116
69
534
105
845
449
2
22
2
1
3767
5
4693
3
617
2843
1
2
9107
12
24
29
550
1344
919
9
29
89
14
502
49
12138
61
233
2222
7
8
1420
2
472
4785
3
3
8
17
460
133
9204
2
3907
3
32
2190
4931
259
593
1
35
142
1
31
9828
19
2427
13
240
3
15
438
68
1377
3474
13
1202
2
2
1310
15
18
31
10
15
469
2
1749
11
9657
85
12
7
23
3769
69
84
14652
2788
11010
61
19
2
30
1647
3
4
1621
23
11535
1
1344
611
179
2
42
41
5
3024
5
252
2847
7
4587
14
1288
9766
40
4
3269
622
6298
2
4059
3
177
20
1204
21
15
6
2
6249
1200
4552
821
4083
3
391
1
237
962
21
64
49
167
71
178
795
4
540
20
13
23
379
36
572
4
522
18959
4
1
6
1688
2
5447
1
220
6
10887
2421
1
28
33
15
7285
1
100
13810
3
3092
8313
59
1
7714
1
1
218
28
301
581
78
23
19960
6
7435
15396
2051
8
11
234
53
4
24
1808
2
1328
59
150
17458
58
396
108
6
1
3
223
44
50
113
475
84
94
2
3465
5
3
20391
4089
56
14745
8373
569
426
472
1769
116
4
1
300
92
21
19368
686
7
5
169
4
7
296
179
17
1836
2971
1122
2
2
44
2
4
31
2
21994
41
37
124
7
2
10
11658
116
48
9458
466
37
389
23
44
412
24
113
38
21065
17156
14
520
241
23
41
7
8244
7
621
652
11
618
7
2302
53
19
996
21332
81
1716
131
242
1
12262
7
2
266
2
20490
3
3306
13388
6
68
17
19415
102
2
3
814
68
2358
636
5
6350
2
5
12143
2824
9541
3
19
219
12
1299
95
17015
109
16
3
65
75
5
2
37
6496
13
2180
2086
140
9
3791
2683
7
3
3850
18559
20
154
4905
1287
54
335
252
8
337
54
185
15728
642
30
607
18
18
7
9
7349
131
1625
2
3
19107
89
15
1670
190
86
16
32
2331
2545
15078
1450
1
14716
19548
18
134
2811
9
15493
8
424
9
1
141
2059
1710
12502
57
102
685
86
14
2038
4036
64
3252
4
495
33
1
792
14019
61
48
82
123
40
1583
7246
5941
19567
11
5
10935
1820
9
4
63
63
655
6659
5
3
17357
39
6
14
9285
3
5893
1
4
117
2
70
825
3415
572
97
810
75
60
2
4
85
51
7024
571
22
337
5387
549
15
19
16655
165
68
12067
1136
2
14688
3
9
1300
105
215
14413
2343
9
1
1
3168
6005
5944
22
11
2186
1
29
5
4
99
21
135
755
12085
12754
6325
2
1
19
1828
27
8
2
1163
6
982
297
271
27
93
13252
3409
6893
6
7
1014
18
6
23
13278
19
109
19
4
390
125
8181
194
14
9550
3
2761
3
2
5
227
385
10683
3
3
415
2
312
36
28
7100
20
15
243
91
116
273
6569
1738
51
786
1198
185
30
17887
12
3
168
43
7
3
3
3236
1
13098
88
2
84
5559
2395
7
13
14
9842
304
43
676
16
44
32
1180
11
2897
277
1900
1604
2
25
1
73
3
1278
3
1
25
16
30
4
1315
30
19228
11
22
16319
8
3716
35
5
9639
102
874
4
7
2
168
12
9
10
343
28
15
2890
13124
9
6282
1848
222
3274
2
7
3793
75
5
6
338
3933
9
14
4
321
3
213
119
1052
7915
2917
147
10940
264
22
10372
2232
687
6800
203
4853
242
1
105
5500
4
5229
4
17
432
5
780
137
9254
206
90
213
2
595
14
77
71
1195
2
3629
1
5018
1223
6
2
804
13
732
3443
150
7
2
1
5562
1
13
20
20204
2429
4
9
9
13
459
27
852
154
16
185
1
9
25
589
1338
30
1675
3
11
334
17
16
63
396
17
11
10227
1145
6108
2
3731
15144
94
4806
24
36
11440
101
1140
22
662
3433
3
1468
5
12612
210
1937
2
576
1
942
414
1
3
6
2940
103
1
135
23
19275
2
6
8
2
6415
5
46
10
8
2246
4
4
2821
1588
16
9
2
3
1
10
100
840
118
1
1846
5
298
6721
5649
431
262
5268
6
3
21
7021
43
1
3
2647
18
16777
290
171
162
10256
3
2785
1655
1
6869
7
11835
3521
76
4872
4686
43
2165
2024
14135
185
16
83
10
56
1
64
1
3
669
2529
53
14
1148
393
1
62
7
14
11079
433
20
89
83
8
112
803
4
206
18433
3
13
2
2
1
3217
12784
1224
1059
8
164
560
668
1
238
37
64
596
32
7
480
4764
926
129
6
2
1207
1249
2516
5
47
426
59
16
20
46
5293
4
23
28
4
1
13092
3
1269
5
2146
897
114
645
9
14260
23
163
62
11
314
1373
28
17
7580
1527
47
65
6029
3
6960
191
18813
1109
3648
9321
914
4755
2052
3031
382
3303
19359
302
3
7
9014
2
26
17
1
369
10673
14
1169
386
234
295
39
2
5682
3916
17214
1
3407
658
17
5751
144
14774
2
18
294
3970
3244
44
2
3116
2533
2
1
16
355
5627
3314
3805
74
14
5693
1049
1396
69
7884
20
21
53
3
4934
3
60
805
2
82
2
353
7662
684
1336
2356
239
148
3700
554
8
245
211
12478
114
1
72
1953
615
8
332
16138
162
37
158
9
2806
3063
2224
5
21
16414
4
605
6120
2997
11
4
2690
41
9
171
1864
1083
27
74
11546
9962
37
387
5999
12220
3
3609
71
1
18
3
1930
913
227
14
31
10
5350
13
23
55
1899
35
253
3
2
292
8
746
16
55
1641
3
2660
9
1462
553
456
113
428
27
7669
19
877
8
1429
952
993
1
10861
267
5
11346
46
1940
4
6
57
3
1
2016
40
890
286
108
466
17620
2
318
13485
116
3
886
12766
345
1944
315
33
8
2234
5565
3
72
3
11
13016
414
1264
29
40
1170
527
134
204
604
30
1
5008
26
38
5296
4079
24
422
129
316
17424
14
3
21167
38
2
1
23
785
3
7388
12
1717
10
111
1412
30
22
3253
57
18424
481
2
5
297
2453
164
11
36
9116
56
3
7302
17
1
694
28
843
1
9
8
221
4301
153
15336
19
3146
364
5663
711
167
17
55
1
626
118
8
103
3
3604
46
10930
81
2009
4601
33
51
4
4
277
7
2
9
49
789
3104
98
32
24
32
1
5311
573
4321
1039
6
1061
99
15049
7041
880
2531
5743
124
3828
129
10
663
3145
66
2369
2
1
2
3
1
51
15
56
124
1469
29
10668
4
2
680
20253
22
2
28
2174
3
5
41
11
8161
766
55
126
69
62
1926
2
45
2
235
659
3501
1
2
15569
7
50
822
2975
28
2
159
4
1923
14
2
24
4621
11904
6216
273
9885
388
107
3
3977
2597
3053
923
3569
21
15
2731
46
2474
21
568
227
834
7
380
13
1137
9
18
47
61
10699
2
516
366
1045
2
1
17628
50
25
353
48
2927
16
4
5
19
41
1
4979
6
2098
2984
4
11974
6620
1821
2
462
43
2809
136
46
6
1
3
1
20
1
1454
6
3929
6
57
1
3
2468
263
260
16818
18487
7
7446
6826
4547
125
5112
2
12460
10
208
4378
8426
4581
214
8958
5638
5
27
57
2483
937
11
266
4
141
183
1
163
591
1715
1130
6592
7801
9648
1050
2
2609
310
82
1162
12096
140
18
7
1460
1006
48
9430
17416
510
21
2
2
126
198
10
5
6156
1790
2741
127
416
7759
545
1997
3194
68
633
39
23
90
112
77
638
33
3542
7
1839
16769
79
99
3199
5087
354
762
1
44
572
40
19005
7482
94
3333
85
794
2100
547
2
377
8684
19
4
2
101
6
92
25
2
209
12298
2
64
1391
198
15
1680
27
11624
2
6
201
2681
10
445
2947
26
3613
1
13
8979
1948
39
638
9620
5
73
25
4
5
17
5
26
20
5813
642
33
8642
6
15
501
654
891
12
1970
2
14315
1
16
375
5
6
5
4
6017
12
481
878
78
115
165
1285
2379
396
21085
4895
6171
434
1111
1631
9
1856
17
31
11
597
665
19153
2
15974
240
2
6604
10397
8
27
101
562
6
51
130
3
3903
533
1
26
2
1177
2
2304
3
132
2668
492
2162
155
1245
60
3337
500
45
12
489
16
1800
20
2
4265
196
7
743
368
6701
7159
2717
2
8988
5
2
24
120
246
4
13
192
16
10871
3562
55
2
1
5
2
4
16558
73
14156
163
55
1764
417
113
199
10
2490
112
25
8625
4016
2094
60
6
27
458
295
3
19015
1584
182
735
12
81
1008
3083
8
16
847
1004
158
961
7471
91
14081
933
1902
6547
10
18
18362
97
4825
2026
96
13750
216
28
1
193
8
710
1
243
2060
3
72
11
146
383
608
12
18
11
12
112
18
2604
23
2010
25
583
6666
467
691
573
21
544
60
43
104
67
21
12
2
8777
1398
1443
3809
2
1
1699
9
5765
157
8
43
5197
7
10
11
1
13803
28
168
816
1
6
314
4
292
29
27
1763
465
4
216
210
145
1967
73
2579
17039
5
3472
37
314
5508
6
14
10793
442
1
6
143
269
33
6997
11687
13817
5179
159
39
1026
4907
27
33
9
21116
219
2
9
3
252
1
14441
17585
48
194
7729
9904
1017
1
5006
1975
125
14
122
210
1
94
2
6
1163
59
182
2709
4460
63
20361
111
165
724
362
7242
26
10
23
410
4
255
1
9263
6
4989
5
87
32
2
3
4808
7134
79
13
4
96
15441
13
10
105
62
2
21
14149
569
164
17
20145
1064
35
25
90
12
9
49
74
11
1106
22
11852
110
69
6
2081
157
2
2150
321
6
180
1628
3
1184
12
49
3
37
8
1912
526
11274
833
136
65
5460
2
260
97
34
58
2125
1147
6
46
10
1
10050
5
2795
37
598
219
2
7
409
54
39
271
9
298
326
1102
743
264
11340
224
67
426
220
61
3
9490
21
337
10
1
2
1154
37
29
75
2
3155
4
822
1
4181
21147
21
216
1
19
13
6
13797
119
3
1
10
145
14301
6
440
3
318
27
2
1995
943
36
7489
5
3
6
20770
2803
54
1955
8
4
3
2850
2
2
1332
22
506
423
24
2314
1138
4
537
27
1
118
7313
2
1972
417
2282
2176
2
386
7
9837
4
465
499
5
3638
40
804
9472
2271
20
14
11641
888
197
4
1
10
5260
1
835
974
472
2092
24
7
14
247
442
175
4
14
2241
3
1032
2
153
5
382
189
47
7145
35
3
8066
5
2674
95
1360
1
3427
2
13233
1
1
2211
2765
435
27
24
148
12643
184
1893
6393
24
52
690
65
10534
13
242
275
12897
13003
3
142
1461
40
174
4
873
1806
28
36
22
448
53
1421
2
7
64
132
42
26
1
3191
6
385
114
2
1563
176
778
1
97
11
12
49
8153
7
110
1174
11829
2
9823
7
4
1
23
140
2
8
14
194
341
1349
1573
1
3
2
85
9
2
40
4475
801
125
12424
425
836
289
10
31
461
3952
251
100
52
21
15
61
37
126
17
48
3
1
7341
248
33
197
3
6
4
10
11
1
44
261
11
4
16
32
173
25
192
812
20
2462
208
8824
614
2
2520
7207
5782
18
17239
1081
2
3
68
2777
21572
34
2
302
6
125
9818
230
3228
12698
3093
18840
438
6889
3
109
90
21
7399
16
3
7
4
978
2
191
42
11
15843
12
5094
3707
94
76
226
995
10
348
12
178
322
3
1
15584
33
628
4
7950
665
60
5176
8236
4773
16
13291
115
11285
1685
12363
19
200
53
4576
693
2419
2
8600
21
9513
1362
283
3343
19519
315
15607
48
19
262
5
2
21
3
37
63
2
61
1123
2651
10
99
3359
2
19710
62
153
3
12809
97
4259
2
226
19892
7
868
34
860
7
37
1840
11
6896
112
2
61
4395
2
5
4
37
113
4
15456
24
19051
167
1461
277
58
33
57
4
347
1164
3602
3
10
1581
1
4702
15203
24
5
35
3309
1025
13440
8047
21
17181
70
25
133
18167
887
1
13239
133
482
19
3
81
19
2
145
5
105
1282
4210
13717
2
3
359
17106
88
495
1
47
372
17
3
137
4288
1854
1
225
6409
931
5340
31
9928
11042
1101
3450
8
14624
18
32
7969
8692
1
35
45
373
3122
925
3022
66
107
8256
20
119
35
1048
557
11418
83
78
449
2347
47
540
1645
1681
585
1322
1190
2
23
16438
113
6
8
1392
14546
155
25
1
2859
343
6
44
13
405
3071
22
4881
12
9
276
3335
67
171
672
4
66
11401
251
173
18397
545
2525
1241
5
3400
10177
239
159
381
6
224
895
23
2
1043
1
1969
11047
9
11074
102
6334
2729
3
539
4438
123
213
1
5
13060
10575
207
1979
1117
7591
934
734
6
2
1
109
5
61
5
2
1
2
11296
11182
340
4
47
21
45
260
2495
13
19
51
64
389
9
18
249
415
2277
118
479
20831
237
31
5904
1794
77
151
1727
14094
119
331
2
33
2014
5011
6
138
5
179
7
16351
19
11242
16518
17
4679
6
46
2
20
2620
5619
153
3
9943
70
6338
2
5
2477
68
4175
17921
14
1
193
115
3356
10133
6
73
4
33
15
4257
359
618
9
6550
21
2670
503
7155
8
34
1811
940
1678
1897
485
1
2
6
9299
9
173
5901
4
7
201
3
2
3597
317
44
246
27
15
1125
875
8558
1560
812
4848
129
1637
18
2611
4623
3
936
6980
1432
54
6
378
12834
282
88
18
630
32
2
154
2459
438
761
2082
4
950
1
188
8
2182
5
754
256
10442
161
25
34
9799
1672
60
40
13
450
15122
713
771
21024
220
1165
12
3882
120
1319
2
5097
38
262
3026
2852
1413
3655
117
1
10311
850
6
19989
449
505
257
18255
36
6150
2
8
11939
2789
6
7774
6866
95
12430
1271
131
146
3
3502
25
396
1289
175
35
33
3703
2
71
15
2
437
14588
11
25
5281
19538
10840
2
910
16
333
21
164
79
8015
251
1301
18
1
413
11
32
16639
2376
60
7767
1197
238
1333
2048
6627
35
1
1283
1706
4179
26
37
6
1
31
101
93
28
8815
145
70
4
13
1736
2513
11
13
2
19453
78
14
139
7
15
102
156
4
7031
15591
5567
1106
82
5
43
42
64
3526
10
4
3924
14983
637
104
458
2494
3794
278
2554
32
3
3947
1
18
10
10
15
568
8
7752
1784
1520
1938
84
2129
15561
3
2
815
409
2
845
40
1740
25
14
14115
7
488
795
450
4
3616
11
5771
50
188
11
6008
1222
2491
2228
132
159
5342
4
3
12197
585
5
68
22
915
200
29
1
3839
20
6
224
659
10
1326
2883
1611
18
2
5
73
16883
239
7
6595
10382
10
15
5921
26
289
212
13
3
22
23
4725
59
1653
794
2932
15920
1608
2993
6322
32
75
2
8
125
1100
7
11187
4598
286
3549
177
296
372
1
1569
4038
6204
32
1280
133
4596
12
305
75
2300
5
2
16107
1139
27
528
87
241
4730
19033
84
26
621
8
13
11
2
5316
4829
7
21
2
38
29
58
2
11
33
2
33
21260
110
3666
437
2
3513
349
14
107
3
137
2
36
1
2
20155
47
2138
751
2
4
136
244
2865
123
1232
84
6
7
9080
4
4668
20
1
2365
87
3
16
152
23
1
3
5482
2238
814
17
556
1215
1
402
1616
17671
2
148
5
10247
7
34
77
1552
2203
4
989
1
1084
444
1977
5608
39
1938
4
2871
68
154
3
2
25
8
3734
3732
1
10766
18044
2
430
5070
195
6
1408
14
5930
7
21719
5605
20096
35
3
26
28
4099
104
1691
93
2084
1300
18749
91
8
41
5
59
1921
261
209
55
6
14
4077
18079
4202
6
1113
709
3
473
75
1858
3841
4
152
1542
26
4
99
21
9417
3525
208
587
35
43
689
7467
23
4
1
6
7052
4278
1
52
34
3587
1134
1431
10
624
46
1
341
14122
759
618
19
20
9281
6
31
1378
892
10
6617
660
5227
1134
8
16122
1
1837
95
5701
593
1
2
20421
1999
7124
30
68
12003
2393
1
93
93
928
491
781
3
29
756
23
9611
3802
95
4057
1235
1178
11
17
376
157
20
23
10276
6
12274
1209
165
1129
18
16908
2
13
3
111
8975
3
5322
106
5
16957
17
49
1
27
126
26
22
4020
2541
6402
212
18
36
3271
5774
1062
309
755
7127
6231
6484
166
1546
18
10
316
8
7169
137
101
9444
16728
548
9408
1
3680
800
8945
15523
56
435
38
27
23
6679
1
3
289
4
190
28
4
5124
4049
11
9
5
10473
5
1171
9
346
3
1
189
3268
476
1
380
478
29
114
410
2524
279
89
4953
34
3
20
9
72
488
16
1016
958
117
12
2673
11
89
16502
4157
4561
7
4
748
329
1607
303
13
3322
9996
351
395
4510
18228
299
7
9389
101
413
5212
2420
13258
6261
13375
322
193
12381
3292
2294
258
51
379
3003
16
441
335
33
21198
74
229
153
77
708
184
1
2114
1208
7
46
3234
2
79
28
2999
1
19
6307
740
5237
17
2006
1
4
746
9
40
1
315
563
20
123
2570
7831
3
387
21363
67
2
10824
10
186
4
1
700
81
1
4131
4
1
160
16
68
9
3
197
96
3721
94
16990
9093
13512
625
10
428
11231
12
211
31
7858
2712
18968
2
87
24
7797
5
777
1724
6
44
319
398
62
4
1
15277
5245
133
2
6
9
10
9
811
6
1
38
22
2
15501
1910
18
667
21
11619
83
3789
1
3
203
1
2485
12322
3442
148
12226
164
63
1036
2061
401
1586
8098
3
137
90
175
14882
49
745
17697
625
30
7239
1
2
1
2
17
28
918
4169
7
3514
604
1
4
31
350
1554
73
30
23
452
291
10626
5
1747
5
2636
1687
11171
90
1
13181
1179
1071
5
547
13643
3
41
1824
48
5
7
953
828
362
226
5830
682
1233
9421
5
4
9
1
10
121
706
11
252
16
121
55
170
19
1992
35
5
1600
323
18
46
36
71
317
10
3
8
71
5
13657
1851
1442
8841
34
4087
41
1
112
124
1093
10162
11916
24
18
23
36
3
788
10898
10
59
20
366
10
58
10
555
34
5
8966
1144
12
13
11
1442
8
5
1530
1
11
320
26
8398
369
7695
25
4286
3950
4
619
6916
133
15284
867
622
4107
50
343
122
586
43
348
2212
15982
25
2
3
1
3
52
17930
23
131
404
11247
98
4
561
89
493
1
5737
1
13
548
5
624
74
3209
8
18
8173
13
19144
28
20520
1522
382
1822
1640
1
1833
706
6
2
2
1
2488
21877
5
2
1482
55
515
11
662
14378
1213
968
2057
161
11898
4
172
1030
88
11139
1153
2
53
1040
45
3
249
221
5
4
960
43
16785
108
10814
157
2
8
7544
50
373
1183
2
1
8070
23
5
45
758
20
5
5956
225
10999
74
336
4
134
9
21
14925
1507
12268
13
7
2716
73
18712
11
6
840
47
2
884
5603
9880
22
150
3
10
91
45
3941
229
62
8
106
58
4381
10
3
12
254
66
86
332
291
17365
74
42
150
4
613
129
1682
650
3
65
1671
26
117
41
4574
29
2
5442
10
48
212
53
20861
31
3583
16
1
17390
16
3
2
138
136
172
66
37
30
2377
7
304
5
27
55
3771
333
975
1385
12
1072
1
25
1
2
8888
4
2
29
13
672
5
161
8
3
327
7
7
74
131
2
16
37
6
1
1941
69
10601
3445
603
744
8914
11985
1005
1289
111
2
9
6
9
458
130
376
2
19163
2
177
22
3
4589
4
15967
173
174
1
197
17
31
12934
120
836
310
51
3
236
7
8
171
1379
181
2
66
18
4
1
2480
11
3348
4
3
4173
1
83
12539
3993
258
4707
2267
6649
859
1133
269
149
4
12853
53
72
21
1
1928
1
2
23
778
12941
3
9209
121
336
18
2705
3650
12
14
2756
2005
19061
17723
5013
5192
2
21
430
4
584
4075
2
878
160
11
59
12
24
2
19
18
87
189
1973
1030
3338
431
384
244
1281
1162
50
3
139
31
8
1596
3
1859
153
1
86
218
1509
2269
4532
2
21136
6
1
1
68
33
1620
29
4115
2
4762
54
16224
3
147
32
2240
60
13918
11095
5
15959
3084
3
538
12587
10197
15034
1234
8325
4503
4
267
1
16
27
9
9737
6
3
656
77
11
16
13
13
411
23
14867
10
18
4
8
9
752
1473
10045
298
6886
4711
4550
332
1525
8
13
7204
22
935
911
900
155
3
6
10803
13
183
8
2
12
61
252
135
3114
3
9742
20700
2
127
310
2
49
30
5
11945
1142
12
56
104
53
1230
2
75
1082
1961
421
447
13010
77
159
156
1445
2688
2017
1949
10637
16
2602
1
2
615
4884
67
26
1
28
11479
7
92
5839
2
205
1308
12208
2326
42
66
1
11052
9240
78
12
192
608
10946
2237
342
7
60
148
12102
15
19
35
938
1516
46
6037
1559
223
3002
8751
1779
287
12
21208
993
12191
24
5
7
127
12
72
2
21803
408
1
2372
15866
115
559
1
15705
12909
14940
338
841
508
93
16
43
3
6
492
83
71
17
21219
350
2394
248
2
186
1428
48
6301
3
2
5
751
612
27
74
325
59
271
4
9583
2
250
67
211
486
17817
464
17
199
21
5
3835
4714
11063
116
13459
209
7
5
3
46
692
4
6509
294
46
50
735
2
183
10123
30
117
4
258
120
1501
365
1
54
21003
15
7577
300
37
669
150
149
1664
4
16982
8949
630
433
14702
923
82
3
1471
16
123
434
14
62
9
5
4105
1284
29
11
36
22
369
3
3
29
17500
19
2581
559
26
66
6783
1
123
384
25
7235
17965
13407
579
13
16704
2
6295
3
4147
28
117
42
5413
275
21384
4
567
24
1225
401
25
17306
99
696
5
8035
4141
3
3013
4212
3
1
7540
32
155
8439
4199
5
4
667
33
8
135
4689
176
15137
2632
48
177
12661
281
138
1418
2833
6
36
450
165
536
2
194
8043
19662
1
4434
8
1
641
4
44
47
247
68
208
140
11761
5635
4
5652
1
111
2436
1
83
14
12
199
3
2412
9027
3260
12884
3
6465
1549
239
248
1
243
5121
790
131
5
24
4
6
131
20
19
6796
487
3496
1
6
16161
3222
69
1085
2751
5
924
50
5490
33
14846
42
1128
37
5255
412
596
7
17740
12
24
474
497
7
7973
1
3
1456
10202
2
554
7260
2
20680
7877
1140
16850
616
19
134
7688
42
115
9
3
18149
12816
2703
3508
616
594
21793
1484
147
6770
23
4216
31
14013
5592
1
14
3856
11
107
494
29
128
820
3547
323
1089
11176
5
999
15
791
306
15
30
721
4903
363
14947
38
1
5
72
497
360
101
2384
796
2825
5847
5584
14
8
31
1
8992
228
38
21
24
2154
750
88
1250
48
90
10412
46
4
42
9
1000
1751
24
1067
5
8
20500
6553
17991
58
101
2191
4815
26
435
5434
332
6
183
119
1189
941
138
3
8
138
231
15
42
5222
103
9
2694
18317
112
20
1366
48
3255
2
823
3
529
867
9601
13
16343
20
8
2405
171
1
142
9218
1072
1495
172
2
90
17
42
1382
18
256
5
9728
9667
7835
208
793
455
15
15463
3
27
12594
3622
2915
13111
6
545
143
17
5
1410
2435
33
9643
184
5
6440
6046
231
15
4
374
4
15797
726
287
84
843
3869
1129
3
7934
1622
2
350
625
2357
97
3631
6213
10
2894
18496
7
7093
4
3
5557
106
15
10657
8633
2
165
74
1548
3484
973
17594
16099
390
14
67
3327
6
10172
1015
19397
17
581
523
21888
4994
22
6
11
256
3968
6
17
8
11
77
9629
3796
1
399
4
117
997
7096
7
1459
143
6
16687
11357
1160
4984
43
578
82
20
72
25
1506
12
2
135
88
2
282
15
3997
2
2
123
54
19
17
75
334
17982
2
3
312
17
4
9
38
309
8696
5959
106
445
9
11749
775
7338
35
24
20
6067
17
3
29
1053
280
497
352
228
2
33
399
3
200
219
2
3057
2
185
6946
4113
1
280
19425
1156
3571
178
3
195
627
5
171
782
21
1113
4
1638
46
3
1
2105
605
42
1
6165
81
10
4340
943
39
5
58
2018
3
25
20560
8
3
11
1245
1
5641
74
373
75
12286
15
1
17
28
3
9
138
6
1255
21
25
44
62
108
7888
3582
4
17783
144
41
1
2
2055
120
4
626
1002
2
166
41
337
797
3345
8
354
37
9054
2
176
12
170
9
7
1
2158
1
29
406
13683
9160
749
5079
200
15
8936
7740
155
5265
17
3608
110
2056
212
722
90
5
309
174
2740
15897
1
71
65
4071
117
191
5
181
2
6
24
291
10054
4
165
1
383
1090
3317
15
3
6
38
2
14638
7984
38
14
4
114
106
94
37
7
14197
33
84
134
8
7996
5040
2
12120
24
46
93
11
1036
15
285
370
1229
1
584
265
1536
2
17289
935
44
786
619
7
16454
2110
1
100
3552
8
1051
1
2099
26
539
2
7892
69
13
1
16542
53
305
6
9403
4
3397
2747
1916
3
6344
3
86
1368
2036
628
4
1908
4721
590
16
339
187
20292
2518
5
215
8
1861
3
16940
1309
15660
2
2324
1
3
4
29
210
86
19265
2139
7218
26
16185
2643
13143
1
91
4400
3
1492
1
3
1
1035
239
3
234
113
52
110
454
69
2861
283
1652
694
2669
21446
1651
20821
1487
7179
475
112
21126
6
365
1
2930
2918
3381
6731
174
12032
102
37
39
35
5
7
927
3
1883
359
13
870
2
2
9
2
4245
10
35
30
7699
9
66
98
1809
2035
2308
3
3
112
393
111
16924
3
12
1
2
2
28
1082
18
3
192
5573
17231
6
10
3
13985
9245
2
1612
26
45
681
576
13538
56
1123
1292
52
13
1392
2258
9
2
435
135
46
4521
358
5
7
1793
3225
57
46
1
3390
32
1
7148
8349
9
36
755
2040
33
35
43
5
1
707
31
604
43
2
1
2721
108
23
12149
81
1842
4801
4
3
254
2586
955
8051
4787
2193
1
995
14
226
6228
42
3012
14
3643
2
4
3004
2
261
17172
2776
410
70
69
2
167
108
14874
10513
39
727
1
6
476
5
9
1
29
151
13637
668
2323
20
5479
4523
8529
27
170
122
398
16494
11
11
7636
321
3
129
283
195
781
35
9
24
2
12044
3455
5
132
19825
534
2
1
7551
1713
20993
18237
51
236
710
11647
2594
6255
27
3385
6
3
7555
9
2
11
1904
580
32
11
1
14918
174
421
10493
28
12280
1508
2
9704
152
19
16
1990
3
23
3
13
273
1911
8919
2
2
5
20164
2
6
1011
11
10
22
1263
31
30
127
4
1
30
17526
1830
7
6
28
8
199
7
1
3
307
72
8
1
418
38
101
10261
20650
11
468
110
340
269
216
2
95
13911
82
131
47
3
1239
400
2181
2255
813
3718
2
183
5089
172
1
4091
14
10798
4
17006
10331
14817
1677
9
7
3
417
165
3379
4034
2
230
2536
2361
19
7
4069
411
1
85
4218
37
1818
552
5
1936
862
30
12772
13
15
12
3440
1
4
2
21771
3
3
703
6384
10040
27
12
9
835
100
17517
30
3126
2
77
8
1
38
198
771
97
700
136
7288
1092
4
556
2
70
15195
20
18388
44
11
134
3939
8
870
47
9071
53
115
149
38
2830
8
3738
46
19
2564
15
45
88
1
118
210
38
34
6064
3258
90
300
51
155
4
355
606
149
86
2
4
557
113
7478
11
1352
16
48
6
7
15
9326
17904
2854
2
7
1393
7529
21740
453
892
8971
580
1080
275
34
6
276
53
18794
3111
48
2
1
4228
1
24
580
6319
11462
10
3867
198
5
11
31
1
155
1
8
32
10
18
21457
10
323
3
105
189
173
2482
9
140
103
3863
92
75
1850
250
57
1
469
18
1
739
2
891
248
2727
1237
16478
278
1
328
349
1211
6
526
2303
65
533
1315
894
127
5397
68
515
1819
21
5109
893
67
31
17766
2772
6
4646
546
30
11772
1762
3
44
5
2069
3363
18469
12
1321
6237
7692
3
20
167
1029
11
9
5
123
2
169
1
4
3943
36
2039
1026
13
15366
3
12
247
134
1606
38
15
43
31
1262
320
2
366
39
59
703
3
930
14
380
1027
2
55
21941
350
389
15531
10
13938
10519
8629
17974
3172
42
20263
3
1
341
2364
3
19
32
16
496
2
4543
16
160
829
134
8
879
4563
73
16
331
115
11026
331
36
119
937
2
4655
361
91
383
4539
3
2624
1159
36
508
4305
4
3
9
121
434
1010
2
4
20272
312
3
91
45
205
8
14184
6493
640
19
4
2
76
22
31
150
71
33
32
10
2686
18
1
11709
94
6
1246
6
4748
4185
83
11
121
84
6
14
142
3
5209
4018
3922
7
1576
482
64
1649
3177
5
50
73
3358
14
1327
2
12079
85
106
2
12
2556
1508
2
3028
121
3693
3
3
54
90
16240
200
12
265
20
4
3760
1178
352
1705
367
36
3
1
22
51
5511
4578
6
3
311
1974
19863
2663
6
3537
8
408
743
4958
15486
4610
2330
168
422
10
1182
269
250
15
1
475
5936
100
13118
602
23
13368
2
18
2310
128
213
23
318
715
1
1802
7356
2
6132
89
13022
5
16
2644
2
3
4
1055
434
8
615
481
30
3364
11
6
5
1244
226
3890
4469
3136
4
2312
8587
18922
30
376
160
65
13525
5
83
1548
32
37
2134
499
2682
721
170
6
15448
6688
3462
2408
932
10447
6
1
1865
235
11704
207
1745
7
132
1
751
153
416
19595
14
14
22
13
47
7
1038
3
95
2
8
11
3
8
81
13284
334
833
2
650
400
238
32
148
4851
2501
32
313
15321
25
3774
9
7
4159
41
624
14724
150
7639
2
2
10
5
2
1059
2700
9
17843
4569
3
13
7625
256
130
188
20
139
7861
358
441
28
2
52
3213
56
3
43
4
15
7
14
3453
2
3
322
2179
95
760
20
7927
10064
2
9426
8365
2
10242
8394
333
8705
45
13
7
1069
16130
10148
87
19256
734
1
61
8923
683
3
27
12972
28
40
21
663
21
2
4010
19
10
28
9
14053
2
1
510
32
76
287
763
2164
673
3749
1330
14788
1377
10956
7
11253
16
478
12533
1358
50
137
1079
10
31
2
274
2511
85
84
816
1
970
36
8390
7710
22
30
14
18
765
728
199
6856
119
13
2559
13610
29
3761
12375
4
1551
25
3
6099
2
3216
138
314
5
987
3
10030
1
7
5841
2522
7
1513
821
3
8
440
143
7
21
1
3257
220
2
26
3
5
3566
4
7
3
4
7299
8
2313
600
7
20401
848
2108
7256
728
252
12
887
4999
3
114
1335
3
53
1
19024
2001
2
906
512
472
1021
2197
147
8
59
543
13
12
194
1
358
21229
12
19
387
4413
172
3987
12
3592
5856
2078
699
19340
1389
131
1
16949
13
9380
13
6246
2815
1
398
1277
17
2589
42
69
3099
94
574
565
48
881
2046
95
92
13
139
130
1
1
19472
3675
2
229
8200
9634
43
2
30
51
1003
14911
161
1596
17956
211
33
2
360
412
5476
2
522
6823
1110
728
6557
628
117
3293
1
11636
10
41
3129
112
20135
4
84
717
5458
13677
992
15403
82
1724
13703
52
977
15936
2
1986
19
249
1
3
17637
1485
2107
20057
8663
173
7942
132
2195
6
4
14574
25
120
2417
109
27
5
5
213
247
107
16
7456
25
4
9371
2226
7267
8
1
145
473
42
31
11351
23
3
16574
59
6
1
2
2
635
15
448
865
137
121
3
65
5047
118
24
121
49
16
29
1107
581
80
985
21239
6
4
59
1
5
14
864
79
435
18
10508
60
1
958
7352
5754
11
3477
1689
1180
1998
1
12
3
9813
293
404
1200
107
9
12
225
6076
535
55
365
5
3725
5768
3
146
12581
8
2286
176
2
1
779
13
14
1
243
15
49
4428
113
95
5
459
3
4677
10919
6406
96
8
2
2293
2454
2
9957
1143
4
58
202
953
11
69
3
12514
2
974
4616
772
1470
9
117
36
1472
2
1354
27
10549
60
1203
59
340
8
174
4
452
6572
4912
14420
1109
18767
4
102
651
19
23
7
8
2
308
191
12741
4
6611
948
4
3435
1324
232
95
21
76
46
1
4962
26
18996
3578
8
16712
5973
21415
10924
56
400
339
31
3
9
224
230
76
3
51
11755
10
8562
394
4
3
4
4421
336
10616
4
19
126
415
130
4797
3576
2903
6
5207
649
1
9
19303
4
2
2
1530
441
20550
13743
3
11
8
1191
19
14731
3
8296
10
2416
8875
13
13
2
3
517
3
6643
1
2
232
6
419
2200
6525
1348
2
274
208
98
78
257
206
14246
1
1
6903
3402
14
50
2
4234
41
8000
297
174
2
8
3
16
3
9
287
4
2
3686
4263
19
2209
2855
121
191
2
3
1
3844
2
1409
10829
24
4269
1
11
1888
1
381
2378
646
5
4
1586
205
10740
169
4
47
14567
4143
4860
632
21
9
2
3585
107
44
3
2
2
346
314
1
22
3
35
89
2
601
1
356
103
17
42
12
29
3325
1403
8
4006
2
2
2
8
127
139
6138
506
1398
1
444
1676
1
20
5025
10
54
12
1
946
6
19815
5
3
27
1
1
18158
59
5
4324
10463
16
6
4
27
61
164
1
148
2
183
1313
4
9
7
591
55
6285
2113
5
2437
142
12
19700
2
5799
4055
4
1896
5503
3
32
9133
280
18052
19
1
8709
104
2
5
68
5161
274
2
5151
513
3202
21
702
126
71
8
200
2652
55
29
3
2832
421
15
3
334
3143
253
254
7193
7
10
129
2080
57
36
122
19
17
436
5
7839
28
66
3
5
19
990
181
25
2968
12
963
4605
2248
3
13624
13220
25
1867
5
2301
1566
2
99
4
9
1
983
9344
391
96
1
1519
31
15
273
7628
1
236
951
12
18379
5144
4
2
2
201
125
1
17
153
5
228
88
7
291
10835
121
1
654
1
862
6031
2206
291
9709
8785
365
65
315
41
8
2951
2
1
80
92
324
62
12304
1
228
3035
24
490
16446
9089
1
7770
197
2230
8177
1358
3316
80
536
10
70
162
2672
4
328
5291
10720
25
3276
4
2
91
12161
20720
6
727
191
144
3705
594
2708
3
2217
3653
2
3418
3
11
1
15516
223
1488
149
139
10
29
2
203
44
5
13201
10167
79
3
75
13105
46
422
7017
7014
364
361
6843
4240
2231
1012
25
12729
4
11
52
563
5
21867
14
128
1
1562
7
2
486
3
10
8455
6
159
1108
5723
55
3
279
82
19624
74
284
9
1757
223
5
420
14204
12606
1516
4
16201
4874
2
6883
58
6711
1
70
17097
17
20213
12
4554
2338
233
3
71
103
2
4607
54
32
1273
115
12
193
21
750
13149
6
2396
919
17
69
469
3163
4294
95
2
3
1176
2
13
11585
1205
730
2
48
3
944
40
5104
8
831
3
1075
6
10606
448
1001
35
3479
3
9790
6
7992
123
707
20922
979
20038
3531
6
4
109
156
97
21540
46
6
3
78
69
18867
5055
63
1
5
82
1550
2032
3054
10
6207
11
24
11778
1474
239
308
5
3
4757
34
26
19
16060
5718
175
3410
1354
18640
922
5366
542
513
14280
44
49
418
364
4839
63
1560
107
502
4
15107
133
9555
41
5
189
21044
13175
136
1
193
6
526
71
44
108
2540
3438
1050
22
18
860
1196
5
18202
6
37
222
1
1844
4
11602
10
2
4230
9
9399
1
4
2
3931
64
4
4960
405
216
9933
49
299
360
19
1
2
297
2007
2
2
298
17122
460
308
3
8901
6669
1138
733
7089
2
151
157
2428
14
9
4093
9
46
906
1028
9
1739
1
10427
53
2512
1617
1
9
290
12636
450
652
2
3279
772
2
4
87
10
262
9
4
162
2
1915
5050
15232
417
2
301
16
574
4447
1
1737
1193
8713
414
102
18308
389
8756
2
4
883
2
10
2572
2
3727
134
128
2
2
6
19
76
7865
2020
467
7
4
889
46
1127
1286
640
30
10
724
2
9
70
708
2
145
12692
994
290
104
10103
3
12
1982
407
603
4
1448
148
1
3
3782
63
4
10113
1337
1400
79
1198
10346
41
127
6
58
656
1
66
582
2
563
3852
36
195
100
13
4
125
440
2
4406
15240
16
1557
401
4488
844
272
766
30
9358
43
6177
695
362
1477
26
113
9335
525
894
1920
6747
2619
10845
2
106
109
5
9
19
203
10
25
12
22027
22
3
2
1118
4
9
13992
15
17852
63
2829
3
479
18105
3
229
152
15085
10
17
122
52
6
10
15943
7
126
1547
5867
1329
412
26
15
193
674
21
57
12
19854
58
194
2
14
2
281
3
13
9063
229
461
3
1889
1
18803
6
51
21106
18
4684
451
14074
4
11
905
2
3
4417
35
20
1987
5
39
19
4
9653
495
65
67
1
119
16858
1
9
707
78
19247
51
11
2948
53
5
2
1187
11
19
14
88
14170
16
90
427
6773
10
35
3148
168
25
3371
5
198
206
5
2
124
70
315
7
3
169
16462
2974
15
11
148
10098
3
48
4361
1
1056
7
2
10
67
262
199
866
280
89
2704
44
16
982
141
12292
44
3
1
4
189
150
300
3
83
11864
2
681
20
248
6
10
213
6
2
27
128
8
1008
2239
729
28
46
67
56
20
1
168
36
11
1141
1151
6356
7
18
11166
68
142
266
1156
754
3691
3594
5
13323
9532
1320
801
9
395
1455
2137
285
830
51
20
2071
54
8
4
2247
709
45
7755
344
167
902
412
89
19557
3
183
5967
304
2
8
1832
58
1814
1161
1
2
6049
184
4637
99
8471
647
928
3
436
18335
65
1661
1525
14129
6
8612
3392
496
1165
30
90
175
10782
8105
147
51
1
614
12
114
1
22
183
1
70
1240
3
5
4443
12840
16177
84
3
938
737
2
24
2
6
143
18577
357
2
3
136
849
11766
154
14976
98
1363
4
45
18
20
5082
22
307
23
959
241
190
21
5646
17
362
158
87
10
4
2
120
15
6
2
15173
16720
127
14232
2136
6744
13
13
75
10357
4
7221
1187
152
577
18
39
3
15
2
176
8
657
76
15599
1514
8747
6
874
39
3395
75
3
564
42
3
6471
2
5332
221
854
33
154
2339
5924
26
182
476
18000
539
6084
5
21909
2634
597
11
2132
4
1
140
822
4326
140
63
10
8
54
1402
491
20
29
20371
644
6813
7965
27
9606
55
797
10422
9
3
1265
1350
25
2
151
39
88
13
31
20590
983
23
10
170
8019
10367
80
1204
4
10
15667
9
51
3
12
308
5429
29
59
2076
5389
27
16973
641
831
3
12
18
8781
2385
38
85
13336
124
532
7
4
57
20
1341
695
1677
5
5
38
74
52
1538
9662
14
7131
13420
1
385
1
17407
3
525
6192
12618
10
49
2608
1988
8739
2
610
317
7172
1115
16335
785
704
1273
13
1542
8252
254
5796
291
18
5788
6
2
84
24
21
2177
184
3
2769
6
3459
2
5522
1348
1
12061
175
9
264
68
180
19491
1246
42
3682
4799
92
12
79
1057
9138
1149
519
22
51
374
4572
12710
4402
63
979
88
4051
723
398
72
2
545
311
5
2775
11698
339
3747
3
877
3366
356
2
9
34
9775
149
5319
82
353
21
209
1018
9
306
4718
19796
14860
20184
110
3
1774
27
4261
16013
146
347
6
28
188
142
4163
17432
787
2
33
96
9
3
320
38
19
20780
124
3826
21561
3
3
14504
240
3
1087
3382
21322
5187
986
2
1
4
21
155
1405
8102
592
70
1004
4247
145
77
7938
908
104
310
1870
3
606
2
7
3556
13551
7377
3
13
14560
8
23
2
8
1868
524
528
1390
222
24
76
8
75
3
36
13226
5
2251
150
14329
35
4280
5
2
8240
25
7406
76
18505
47
4236
793
4
7
5184
6
6147
2
14
1702
116
216
7
14532
142
124
115
3
5
4
37
6780
452
79
4
5021
79
1524
3831
504
1664
780
17551
407
881
477
3
701
3
2306
1060
20670
3
9
35
22
4
20
32
3
98
49
15
2
8
13
7
2
5102
1
5
4195
84
6
3
6304
3367
19
223
2346
39
3711
2
12
26
32
482
17
19
23
3
46
2571
7
2
7253
1
11795
2
603
24
5
152
8208
15
10006
7919
63
329
1
29
109
1020
7317
7
143
3
5134
6528
153
608
7900
499
1
24
18087
5
149
12551
6026
7
1098
18
2514
17056
6793
51
4355
146
5
3
2400
17
7117
1
4493
13
2414
50
1387
1
41
278
279
13
197
4767
7
5
169
67
91
4085
2
392
3
79
10
68
258
1434
457
5337
29
179
18
1
472
3
4
4
186
6
4282
465
13
6987
2
75
30
2
10678
112
180
38
3
77
1887
13194
3
18
1619
54
10
5
15637
20
712
131
172
1
1
1797
14
20
6
47
244
83
7599
1
78
884
3032
7
7271
23
14
56
32
13604
12
8
10
7
3564
3298
351
8
62
967
17
234
2
34
508
8
151
389
106
73
7
16
157
2
1601
281
4734
26
156
966
2
5
3
1407
16398
52
20
11910
20660
2
64
110
38
402
19
1
83
181
927
51
68
126
10730
7
10647
3448
95
489
73
188
1278
1863
6512
4095
275
25
19
24
2359
713
88
17
632
13884
19
355
16146
1918
2
1
74
274
3
9
7846
374
5
6111
767
3
6601
115
47
3830
3238
43
103
42
21
2
947
646
2118
83
1
1629
1
235
2
758
2
3
2
20223
1
2461
25
96
815
531
1090
15
16486
85
356
9
1
1773
3
6117
12454
2605
1
332
12865
18
523
16209
40
1570
217
8418
17072
6
67
1297
4351
87
403
17
3
9151
3
9
7946
11
6459
1326
5171
7
11
3197
14
42
1045
1796
553
4891
2
702
21270
221
21
116
302
11193
65
15
8
1424
8
2166
17
35
8893
4
35
7
124
432
5235
20
4
7
1989
214
70
2791
2
212
12
4
5
55
225
14
509
3149
5
5
3
3320
2
1159
7
4
13
6
1632
29
1
379
6633
10
994
378
7278
208
2
1556
1219
44
133
680
1491
16
3015
23
1
2
10631
240
1665
5950
15100
1732
1
537
64
4
13
9
36
1
97
2
110
30
17
6
17
965
1
12890
3078
5
18
949
1046
11
1429
3545
1417
1703
4
1
20470
16
4528
34
22
20460
13
35
11608
13564
3377
8
14
2
1
2123
2
10565
2615
4750
49
209
7
3973
2
128
6
69
19293
1815
11
2
141
13
1425
4
1085
1643
52
38
641
20450
14824
21
2
10772
2
2214
1
484
20
14
13
2
15471
5
137
73
20312
53
94
13
277
9
66
294
16036
94
24
272
218
11313
17
67
4
120
77
116
4391
8463
546
3185
5
487
229
4255
26
6
28
2
509
16583
27
1905
1167
3
10585
6043
2
1339
2748
72
2
15
523
3
2685
3086
176
8764
12985
35
14287
314
8492
2
3
7
48
119
4
69
14617
635
418
1042
4366
3519
5
1
259
26
411
22
20
2
653
5
7778
75
84
1206
187
5
17
12
38
14476
2
4760
2
1765
361
564
89
5065
111
805
2
47
13
1483
6162
7573
246
21343
233
430
2
163
10452
18631
1161
1873
21761
291
335
98
3
227
205
3
653
2
1363
154
17878
5824
245
208
9
8927
3787
3776
200
86
4214
9
343
12
21312
162
3858
2
20
747
26
161
68
436
7923
10688
33
98
8
3
3
5
1137
5136
39
15255
65
10059
2
21
3227
3
4938
81
25
7816
2
2887
37
8654
4
7
2
125
3
27
16566
6
6
2446
56
4
68
4682
1041
132
22
1066
11
3046
57
718
5644
7977
1011
94
2
102
2
2
2
747
587
27
10222
403
568
4
2027
7334
3843
17475
3231
2
14
7
1018
392
1
251
92
328
588
548
506
2
31
1
38
5
3
2374
3
45
4
13823
356
2
8509
521
4967
798
5
8
3
6
12388
1
5
255
497
7
6846
518
1
36
15
16
10015
110
2
270
1
253
5169
6
3659
394
10714
16375
1
7961
1540
693
342
363
7
371
4619
200
125
16899
853
3960
21
376
20
4565
84
13
399
1
606
2562
1
157
184
6
20740
2
126
1
12991
827
1
26
711
59
20
3154
49
4536
403
15751
7004
1627
28
197
20540
3
2
5916
2
7
20
98
1826
213
163
18
18442
20811
199
8
401
2196
94
8
9914
5345
2614
17731
10
12630
11280
670
1131
3
1701
1
900
185
231
5
6
214
2171
69
3
7438
105
163
193
12679
322
17
794
77
1
9
11
4
20902
23
11484
3
485
1632
687
2
2
20332
54
10152
3
2530
56
7514
1
14
337
3110
3
13
1
2242
6273
292
469
1216
100
439
23
17
5
1
8145
122
1
16
19
17
202
1
79
3351
199
1466
5
12108
2153
2
9
12508
9
2447
5
241
13
12244
5
2
29
2921
37
462
63
1729
847
75
33
18
7903
370
1
694
21405
6
1003
23
6970
20690
244
520
613
305
770
502
10
11
1044
2
402
17189
5
1
6809
1367
45
215
41
29
293
21426
2
10
5
2050
79
471
12
49
8
180
7
10326
1451
4820
385
29
5
6
2
101
929
5146
640
4545
7654
2872
716
623
25
419
4
5371
3720
9
260
11335
25
15
1
130
2287
29
18264
5309
119
12232
1746
110
12872
972
1
57
1816
651
9
1295
17
1073
1
26
1813
5358
7
4
3
2045
56
4
1433
7
8062
1634
209
6929
12704
6474
6
3
3
998
220
1
46
28
4
1
666
4
58
249
1
81
4
367
59
3
8
1
1
7
12310
789
6936
211
6653
8650
464
3
18685
7
128
146
16303
2
5710
9164
1971
738
5657
1116
1
19
1267
151
5506
5
18220
12563
2804
229
10
307
15508
15
11101
423
285
1
19
447
31
16679
1125
2
1
1120
2798
12
187
42
156
10
7
14961
196
402
15381
2
3
10
1
3
123
1505
3
10
18140
1
99
207
1881
15056
12050
40
2
21
1
6560
10351
194
4705
5
37
872
321
408
2653
2430
1352
144
114
6153
1372
3
1
3
263
530
8094
3
118
808
94
17
19
2610
36
15
48
34
836
97
1253
9
6950
4226
4479
40
5
281
8867
419
304
5067
3920
1
18831
2
740
108
49
96
31
11968
7
220
4827
443
39
30
56
2
2
9
42
5611
2263
1440
40
21478
1051
26
11
5
1
69
1610
3113
6
17
4858
145
29
826
41
48
4592
94
3673
2755
1
32
3
1342
368
3
5
24
3
786
2
16
1355
659
42
13349
1308
6
2448
1126
855
2
1
2370
1810
121
6695
578
1707
2764
114
904
3918
10
12185
51
27
65
1186
8
215
5
460
6
12
17
67
357
20
61
6
72
5793
9376
1307
2
17
13
260
219
4771
720
227
4436
10
1046
6
172
347
6
464
45
451
7
1
17
15
6662
54
1
40
5
40
679
29
146
21
2407
7420
100
58
4
1
32
86
10392
47
2
3620
1683
3
2
7
3884
4149
837
191
140
5
40
7823
19331
425
17662
397
132
554
7183
16
1686
1
36
16005
1481
13
812
552
231
45
9
22
8109
327
322
1644
5
29
6
1
12
510
37
1
178
4
384
411
441
2
20
3049
18904
2
2
1489
165
5
259
286
623
16295
4
27
2879
7
612
2950
171
21603
2
387
2642
17
190
11551
105
4012
589
55
2023
494
69
3247
207
7431
1
60
1
5077
9690
255
9
1709
6412
18
6
16647
609
2
195
4732
11
12167
2
92
1088
5
104
7
357
30
9
8521
4
2
19652
16875
3511
39
1
4473
2
376
2
44
104
8
10286
13
1194
914
10138
1835
97
98
8074
11
1341
3
2093
2991
18070
11726
1459
83
44
12
2
32
3985
7309
174
14163
8086
17
2381
1422
6
34
39
14142
3
2075
6
3646
18344
1
643
605
2
12
26
9
2305
393
4
1457
19950
3
17757
407
20973
4
10914
3
16
15314
1
2068
573
5381
24
21
281
3139
4
6
209
1
10
404
3873
162
16510
331
20194
144
38
486
86
56
483
144
1
4
3
41
787
9
5763
101
5
1913
214
12716
8
1
23
187
12
154
188
250
19
378
1646
31
1
8
5
1334
2273
315
329
4832
628
61
51
2
31
2
99
9353
204
2725
275
6
1252
3
60
2
10
14
675
1
1290
16406
3
1
26
2
1414
5519
577
749
78
21973
10
460
7
82
8997
42
3
4243
1603
6685
2
154
21824
12
9290
7366
2
6819
3509
90
287
92
299
123
20322
1274
660
2087
25
77
2311
164
2875
3714
14
234
2
336
7953
10
6
1
2140
1265
34
11
132
14
14455
13
47
2
1356
217
871
126
217
2
18
1407
6
354
1522
9
1968
55
384
2958
2
2
4123
3
18
21551
12
292
228
2
93
4
13
66
2
23
2
2
500
1154
5616
13
7804
633
1
13
487
21
1112
610
563
462
9
362
5
50
1
33
3250
13
168
2944
246
10192
179
1614
7
9
102
216
53
1712
406
621
9
867
7606
1
50
6630
478
1479
13
1
14
9866
4
3991
3192
2639
547
62
74
11
19586
4
177
13054
1
288
2655
12400
4
115
699
1917
991
2047
768
133
18
2
18604
1220
10951
566
14
2
204
18299
680
44
13864
124
87
58
30
29
5
34
123
4
119
1242
101
908
6
82
2
2341
4
46
12
9
5
56
66
2502
3350
1379
4332
3489
2
1
190
4666
3702
295
308
189
757
1
9
38
7
92
231
12345
454
15071
126
3
298
8
256
1
1512
661
328
39
207
3
10
1
2
17114
4317
12
107
6289
956
4
5240
2272
6
2
4
2760
501
326
5
1847
49
764
15
1
5878
12
1369
3
2
8984
7
345
2
8292
2433
1633
16
3
15
1481
67
6
90
330
454
7
255
3
9
13086
2
15
6
73
159
1
40
1105
14
98
111
323
1042
16
3935
39
2
8
1149
5
12
3745
14
52
23
2621
132
315
12
109
7
330
3
7
2
7
128
10524
4972
141
240
70
85
166
511
20
126
17314
11112
152
2
352
12490
9
8232
346
4900
1383
6129
8
3
97
40
631
5
1131
3
41
176
244
960
27
4026
21353
15
116
3
13
7395
4
621
843
593
31
4
20510
39
24
693
1
2187
1945
76
516
197
2
4
1062
99
19
537
1
4
26
2
80
94
742
2142
32
22
11236
3412
17206
1419
52
2
20580
3050
714
2665
40
71
2994
383
1925
33
30
2
9
791
18
7
4001
681
3
3340
7
240
3
27
7464
798
10237
701
55
395
9155
1
2015
31
5
17
7
7988
31
92
35
13137
2201
1767
4836
1
4
1252
41
60
296
234
19
30
1
5
10
774
19
9
9032
20
1959
3016
2
2544
3824
277
5674
91
3671
150
15882
55
91
13
130
23
4
4585
22
2
35
2
4926
1222
3
14006
55
6
9
7
561
196
4
11379
8
30
159
2551
9
8
10212
11128
287
5
5421
227
5
1207
769
42
1
1266
9481
3937
8
5
43
15
2022
109
1499
7035
232
163
1
1505
3
1458
16
846
263
5
3817
222
1356
5084
56
3
4709
1823
1
271
16801
37
15
1
1
46
5
11204
3296
1224
49
37
611
13
2
436
11
1
8608
10
41
6640
16422
367
10
5
10
5
51
87
224
18849
21593
4
136
118
1362
2
73
36
1572
119
3
1714
95
153
3
5232
418
12394
170
34
5538
6
3
130
19738
3811
202
427
2019
4
5
7
18895
5
9832
28
1404
4129
473
221
1857
4
484
3
2
2315
7065
5484
16
3709
3
1
80
2450
799
6790
1
15
716
5
439
456
9
53
3
6
7558
4
2914
1
2
15129
152
8
30
5810
5
7
1281
2952
4
5
2
558
5
4
1812
722
2220
5
1
83
24
14
31
851
2
72
2
736
11490
3
186
18123
22
1217
523
1980
4919
6
70
106
7595
184
415
1
430
34
166
139
601
1
61
4977
2787
2
23
164
1
311
32
37
3
1
1
2
2120
23
5405
11858
5707
8
41
13545
1
3
6
8137
10
1099
1444
19350
2156
427
76
8
5492
2
157
12
20
43
1
2
12132
10483
1384
22
33
2
638
11133
296
1804
179
568
3
4497
80
1
456
1
651
2116
5527
93
1
1044
2
2650
106
19941
12
137
325
8260
1
3423
884
920
1024
2083
3684
6518
12649
1256
498
2
2
2
950
11
4643
9267
7507
56
6675
84
1786
1692
622
17774
512
5
8525
9952
4
16383
18595
309
40
3
99
15
2
2648
15
1
1
24
999
31
9981
2109
33
3
19576
3330
21
207
31
16965
423
413
32
25
2
397
5
2
118
1924
977
784
16761
1
1
57
6
13850
14
5913
3
11
10306
8188
18415
174
265
21
5194
899
4
1561
2
1119
4
88
4222
6
14998
9536
912
19
288
1015
416
177
29
8884
872
29
2
3
8
15644
12
85
875
7736
2386
36
6
3729
307
15
181
6
41
696
6
18740
4
388
2
272
266
8268
26
6390
241
2
124
138
6
34
7
6362
7
1210
3211
670
2141
12126
4
232
89
3
9147
1935
840
3
2259
9
5910
68
11664
5
6313
37
48
5410
31
3
4583
856
452
4002
13844
190
2151
269
338
10611
9200
311
9
156
21729
689
70
9695
5890
2
1700
12
7
1249
16280
13710
188
10756
3
35
2507
3954
1852
147
302
57
8828
13783
10
45
227
1086
599
1539
94
28
28
9895
4
719
1
1636
5437
2
8341
17
8480
324
28
2
1
3285
236
14371
3
2065
44
3077
49
205
344
8
6
158
4790
9
1438
451
9303
4
2965
238
17835
2175
2104
56
507
17197
21782
9569
21530
264
838
5
1
2896
3778
152
2
2
3025
52
82
1
13067
313
2
2
364
68
455
14903
4495
609
4
3641
1
22
10
4
7911
16
687
20
177
5875
942
7658
32
7536
12723
4
4841
45
1013
180
8133
5
7
1829
4506
2067
55
14831
42
1
9733
2
9509
1402
3
28
383
155
77
3
2
6879
5247
2285
3
1371
78
2
453
19777
443
219
18658
1576
456
2
1993
1436
20
16
341
10751
6
6
2
28
219
175
18
10
242
2
357
30
19
7281
6
17
18353
477
2547
40
37
4349
2131
15063
91
3140
131
6096
87
10
47
7
4657
1144
3133
9
12
518
20116
14525
1153
420
12334
10
49
2145
60
744
2
20
678
10
128
639
26
125
4
242
89
2745
1771
44
10704
2479
2
21
20630
9785
2
3430
36
28
1
29
3369
327
351
4466
4
3694
498
22
8906
541
34
57
145
22
1214
969
896
233
57
10118
128
1511
364
4
303
479
510
2
13
31
10621
12472
6873
6
4153
3
63
745
1075
7850
3137
1
185
1260
17323
256
31
182
3
323
2
48
285
8
3
2543
1564
183
5
344
20953
532
4
4628
33
306
18
2
4
203
705
3
4716
1
66
5
303
1155
49
657
493
18913
1074
1221
990
18406
1
264
18
105
2
18941
839
20411
516
27
1
2
59
15828
2
679
5
298
2
49
4
5114
21
284
35
103
3437
6708
39
730
2
23
4
10988
1323
267
541
17
76
733
1
19
15
1521
446
5668
9
5288
39
28
6534
682
3
7
1662
77
23
252
6
5
1294
14
5
698
55
20
7733
2198
16
59
206
35
163
17
45
26
48
61
4
9385
103
19378
6
14
1047
552
238
178
22
7
8
276
2042
146
1725
4
99
5822
270
247
338
56
109
254
8
826
136
753
12
80
65
74
16
34
3492
6264
3780
60
4675
5
3
12527
988
11
7
16
141
297
259
2
15
3
2274
255
1
55
345
9967
266
13
4
2
259
1
159
1
127
91
3
278
2692
21677
41
17492
320
3
1316
3895
5149
17
17509
7069
3
1031
2250
1751
1
1303
247
137
5
53
5
30
2
79
66
2011
517
42
17272
16
13999
5431
15
5298
37
20
6724
29
241
20282
1
2900
312
16
52
15115
5327
11
410
235
2
6
335
915
9
4
558
6399
3756
2901
9
20942
109
6
257
3804
121
6
7045
5
424
21157
50
3
2415
262
3876
1
600
1208
179
7
221
46
5392
6
2
19767
14
34
7812
4
102
31
7562
21394
529
175
24
1
87
284
76
4
3
15
14
4501
158
52
808
107
4
452
3287
344
94
161
58
11
981
56
61
1386
15782
1010
1212
17023
8
3958
201
589
3
2
1033
2088
1568
7
57
2
53
284
270
8
6126
1
8811
16114
1431
64
8617
5
231
7
155
664
634
2037
46
369
236
21
122
92
9938
1513
585
1
3
818
129
1
3457
4303
4161
48
1
13381
3
53
5
920
5665
2
583
36
1
179
5
1
1
6
901
1
429
12
50
381
146
7
6
208
38
2
5
14
1
17
2585
243
17
3662
7
195
16809
15
528
6
1
2442
457
7525
305
18
49
28
98
21952
2
862
6481
3
20801
13303
6714
94
37
6023
777
5844
42
348
1
4
12
9227
127
111
137
1963
20530
22
6058
567
4121
84
21856
9058
19482
51
1
1038
39
111
1446
214
49
51
154
737
5514
1397
1313
338
4
14681
21666
4449
71
531
5166
11
86
2243
1731
4
178
3284
11540
332
230
182
147
2
375
19
5314
162
6
1799
2
11362
31
8369
12
105
15
32
42
106
29
80
4296
919
52
1567
825
275
2204
799
271
36
3
12575
6452
50
3422
354
480
7504
490
1
111
209
5
26
297
196
2
20
20882
14
6371
647
2
261
7854
9124
7588
6
97
2
18
63
2
477
18
2402
4
1660
4
676
174
526
13310
512
2519
11
8504
3499
697
5466
11
29
756
35
360
36
20
850
17089
2967
1
2
916
14
1626
457
2044
243
216
4
9010
92
27
7391
13
37
4028
11
29
2126
3623
1553
196
3
3999
2
35
4
511
13401
2
5
2213
99
16
4193
258
1037
10
154
8
15306
7263
10808
416
53
1114
147
9
1593
16
8196
60
2
3
1
1591
543
7
2155
6
2893
15
13951
19835
803
7327
1080
10207
10094
47
2848
157
17
243
14273
85
98
207
12557
3
2807
144
20760
196
22
38
2
710
1526
211
2439
5
155
7
429
691
45
4
1694
24
4
1
1
3
151
200
20
129
276
11847
171
3
1
20243
5726
2
7
21467
2
88
44
12073
14
2
50
2
38
14
5
365
6656
2757
1845
3
3506
70
3
1023
161
2
1005
34
20570
113
2
483
2904
71
675
3
147
210
2
75
30
225
85
4691
24
156
26
423
115
6
18822
24
9986
6087
7
8
696
1
2955
3
9
571
4753
642
3
4482
38
5033
6777
262
3
19
4650
6963
255
3
3652
1057
72
1150
76
2
11
15
370
5
561
1400
34
119
733
16696
9
108
7197
1
4276
2
17
2458
3280
4383
136
801
6183
10
1794
3
14
17164
1260
13
325
2
20
360
3
63
11893
5
1000
1519
5028
349
2292
4
5551
3
199
13597
12238
7522
765
1476
5918
27
274
20
2117
2043
1
567
1
20086
222
9
5
1365
2
63
72
4
20
2
516
115
13
6833
8228
12179
19088
12569
763
359
6490
41
12340
1570
141
8459
2
16631
5
39
5072
17
36
5
3912
2
7
10316
3561
30
2188
20
639
503
4
6698
8701
12203
2
345
77
96
454
10978
14266
1
5016
193
3
6
2
2025
72
47
2836
43
6
2
35
137
491
2538
3
117
6515
8
2070
2753
4
2
1
2
3224
9067
64
12328
2
221
2090
47
35
16154
3
43
10
83
3
202
5858
6
849
1947
176
10128
5
34
1298
8
8090
2345
4
6
258
9625
4
2908
1
3
40
1
408
596
5
4739
962
3420
11
2
22
1268
9045
960
99
3475
1478
54
353
2
8726
96
1539
37
15005
17281
5543
1199
3182
10
13757
274
1
3319
1
1020
2
5
15
1
8533
1373
100
1347
117
380
1017
2363
201
8845
81
12
3807
395
2095
75
182
12436
14
29
1251
4
1122
5
3332
53
2
185
7
6328
9102
218
60
139
12
8
31
8
289
1095
47
7511
15
15682
9
5791
4
3
4741
4
2262
23
6418
117
20620
50
4982
29
68
50
8
3
1529
96
61
68
118
7359
6368
86
1
12545
118
21750
337
59
2
10761
12760
67
1
3
22
8
690
1853
3120
2
3
24
7320
101
25
32
232
5
8
16021
3
1
121
384
309
40
249
3763
27
377
13213
8027
3282
777
8284
6541
3277
5
11058
2924
15998
3
314
1
3908
1171
164
29
758
1504
6876
2321
48
13
437
2794
4
2822
123
3
5
13
2
64
8
400
11507
2
652
79
22
398
7
9871
4
1
17
57
2
19970
27
11512
34
5624
1019
14088
51
237
55
1474
4
14336
2
4165
12
4
15
3
1435
2464
120
4357
53
7
5
44
8301
8
627
102
2599
4
15736
29
564
2
152
5
3
5
203
4
397
6
129
50
4614
132
1880
803
54
1
192
2
86
550
4
1886
1760
490
6
6052
13558
2503
3
560
149
996
273
11160
7324
7176
7374
3
1
10
161
1306
3469
406
4
3559
1759
4664
2
12953
1032
2
45
2
51
391
4423
9761
5
6
2
80
15874
15576
3639
114
17
3175
3482
243
3689
2
191
1
1276
449
10291
21
763
14596
8
3
124
1
5
3372
8169
305
15041
42
1088
463
4
64
26
992
101
40
12
1
4
8546
14427
16
6
4398
65
1579
6806
4517
34
1172
673
678
3615
444
17031
18
1
58
40
36
3
16526
544
3
71
118
103
1259
446
35
1695
532
9
485
2
3956
257
2664
6073
51
508
1095
4
1718
10
19
41
10187
4541
4987
176
9076
4359
6055
3
768
1901
12
6
445
18987
3798
7651
595
65
674
9169
183
1598
424
30
4387
41
6365
7827
2
13
3043
14603
74
16248
72
3
2
1324
69
13857
7
125
4389
849
14
8
30
4135
1923
1415
498
111
2920
741
10
8484
6174
9435
1
4486
228
210
1673
3
201
172
274
127
2768
214
233
1076
5
562
1083
41
3467
404
3399
16
11
8542
210
1
405
2
301
1
688
5
143
261
48
5
21509
2802
9
3
25
20
1218
6
3007
1406
6
468
247
72
2
4191
14
4
121
6081
3
1424
4
4625
3568
1238
2
16
2
1070
164
51
408
1351
951
2
94
177
4
28
2389
62
20009
28
3899
6637
4
13663
19135
5746
5836
60
6424
1
17
3
8
4941
533
11
303
22
13156
5864
2
3
181
8803
32
12903
62
7110
14
1
269
1175
525
2392
143
383
5
14
2
3
8
946
9
2144
1254
95
4
281
1805
118
35
464
133
2
9
165
18246
4309
2911
2
47
7
1
53
25
2695
4
1721
45
192
8579
89
9222
8
1
2
8204
474
2079
4
82
92
1492
6002
27
388
2
21075
24
2
76
34
81
6
3
3263
14
19806
2147
5
30
5038
108
4661
2225
984
7141
36
881
69
6258
2077
13
64
11
1650
7152
620
1
22
2456
69
597
3
4
31
19912
175
6
1441
52
5361
5581
9
346
1231
858
347
10
614
6566
302
9195
19883
12
8
290
2
39
4206
284
48
17
7
237
13
7
4
108
13
35
1
1894
4
975
7
2906
65
401
15373
42
17
83
3
10
50
4867
5270
76
1243
9
120
5530
187
531
32
1775
12
4
135
493
2
5
21
8
162
2
6863
12
328
2
8
5
8
1098
60
286
22
518
14
132
1669
171
5
2278
3241
25
18193
2
1439
21
2771
141
2
9348
2096
22
10281
14294
5
2
34
10
19200
349
5
12
2
8
2
1333
43
6646
192
2
3
5540
8
3
9
41
21
602
367
5174
104
2
15
3550
19
4
536
2876
2455
7
169
1872
4022
22
319
59
30
1
9564
218
1234
3627
238
782
5613
112
10
56
98
3
3
5119
1380
54
6
11456
7249
4393
2
11291
144
14
3
238
511
3
207
346
38
326
13162
4
595
31
1066
283
3387
12
127
8
9467
217
5685
25
453
24
2
8451
9
2584
1139
8621
4862
13
2
11
69
14
1
1
657
1
3272
16
2
224
261
529
3354
11
4
2
2913
3249
394
4
1723
3
13
637
2
113
1
295
3573
9
51
10
543
5400
78
78
22
94
11
372
1660
10
1401
105
226
2367
18703
734
409
4
11
9
14
8
17382
21708
2
13
5
218
1693
1152
1711
1565
24
1475
1
51
851
306
1
4315
14
16
2
3494
7449
44
29
1312
34
4
1343
228
17
9
6
657
9
19729
15
1558
3
571
10
78
46
56
14738
14
2062
2
3
19070
1342
16075
6159
165
4
3
393
40
2
80
12778
1876
45
431
18
824
69
4
286
14483
99
16
11
4776
2432
7
817
253
2
14
371
6
15
53
18523
6
156
1
6201
1
22
35
279
8
5471
71
32
64
396
1058
89
4
8850
151
1248
326
16
1957
10
201
13073
172
224
3
58
26
55
220
307
83
645
12
2
163
40
254
1490
3
1
162
1
2
36
2452
2960
19719
2
89
74
9861
110
15835
1656
2935
2371
102
3
4594
9412
92
42
10488
7
296
450
83
212
12
1048
2
113
7048
475
442
285
744
2235
719
10590
7
335
1
2
2
27
21291
19
56
28
683
4425
2322
645
3874
9
834
12
2970
18
1
4534
1257
318
21
422
5
19219
142
87
50
971
300
629
4
1440
653
3750
1
7228
1
14
3189
28
13723
739
11
8567
499
38
4
1841
150
1124
58
1906
55
34
2
3040
4253
5
421
2
11563
3
570
4
773
25
2366
39
2618
5487
3518
126
27
18
6
698
1
8807
410
7
146
4792
15858
156
3065
16
13
241
13891
306
1
381
292
6
2600
237
5
2
306
9
14
1212
28
10866
17
6
2
19633
95
201
918
6
5853
296
8
1104
5
192
5816
3059
93
76
31
1142
11
14695
1838
4
1056
4
5455
2625
55
269
137
5
56
5263
31
712
760
11
141
3
6
1
14
3837
21
348
11
4
1
6672
120
419
85
23
177
1770
570
2
9182
153
32
248
1494
3
4
41
42
2
56
20018
37
726
1792
26
8008
54
3
1025
7808
3096
5
19191
885
8953
370
263
1365
40
16
1039
809
1
80
36
11613
6456
1518
61
4558
29
769
1
112
588
66
284
38
2783
3328
9
3
17
2
81
1103
4
31
166
351
1869
4
1361
559
60
5996
4975
1331
461
10893
21
3
17826
1976
533
3765
1903
14838
9527
3
1914
3645
6189
4
3160
6
5907
3
429
569
12
2143
22
14954
3
6
78
16
262
5
1
428
1
1722
4484
32
2886
933
206
7082
1801
43
5735
9187
6579
2715
4
2661
10
2862
491
213
2735
5474
246
8
12256
4
2074
142
78
4127
732
53
20047
1789
1330
5224
34
3311
301
327
11144
592
20892
52
9615
221
17861
49
18
231
134
2646
3
2
3
2978
11
46
16
1750
1
22
3246
242
129
3813
13
5374
280
2
492
1613
12
134
22
2
7
6503
245
4746
64
2
890
5001
2
8
134
175
15
3
233
456
4
168
12
289
644
11732
3
9362
543
2781
10
2
1201
6
2112
1367
110
418
57
4780
14889
664
7
157
82
2
17298
1
10
261
17256
136
6477
2
16
9714
1919
143
10
2207
6
1
828
1
2157
65
127
38
4
18
19
66
2
20
326
434
235
149
1654
253
501
3134
2443
3
7
8
60
19
8422
3880
2382
4
11962
1174
2
24
259
1409
12
10
947
1469
16
5
2
2
254
2192
93
22
607
29
52
4
167
798
3
1
20750
354
4353
2957
120
13362
110
1
3
1697
587
5
2
52
512
4
8
1417
72
898
198
11004
619
185
93
147
27
214
9129
2
3
5870
222
1037
20028
303
6446
3
50
114
91
8
5
7
1
830
463
2
1
31
3
811
140
18
3533
6705
21
1331
13479
15
1
1484
2280
3516
413
253
56
695
430
704
973
169
357
33
345
505
1544
585
476
2
13342
1
1479
2
13
65
1248
544
8517
2937
13
85
10725
6544
93
2
6
4
6105
5
2254
6
61
161
142
3
1875
3
57
20
12
1
185
80
8
7
4
3180
569
202
8185
3
3668
3290
10271
2
366
8
28
32
35
7
163
19748
3696
13
9686
23
67
13
95
9
1121
3417
1589
3
340
19
130
2348
82
1502
4813
11
137
9
21962
70
2
1498
2
5
11596
5
1147
2707
1933
98
11715
391
3341
2743
8575
9522
1001
14
7
140
17
9249
6913
2
2873
93
4336
109
1733
3
4
70
4
9681
221
390
1099
2244
27
2858
4
289
1
122
3
3452
1
25
45
1166
3460
480
21
3
12
1991
6829
6
40
21
52
9
3264
1532
112
19042
4
35
6
21656
2
158
61
371
5
285
11
112
2527
16264
1465
43
217
9573
33
2460
1259
10
429
6692
453
80
114
12828
60
1946
4
180
10377
514
54
226
52
404
2549
2
4
7
238
16834
16
14
6
12442
11
25
5688
5679
22
93
2
2388
1279
507
1016
10
509
6341
1170
2
3
3
245
553
15269
16
6
775
23
135
125
330
116
14448
11579
29
1
577
88
4
87
10
558
1
3183
3
63
40
2249
5
235
30
9019
985
116
2
3200
132
1958
28
706
5
4
2606
807
166
17611
116
10
12369
139
76
96
73
54
5570
7103
9449
9001
5
6421
12155
2173
3820
7225
1
43
204
5548
10882
12020
189
11
527
12
515
11122
4251
21
596
2
2763
11
5444
1128
75
62
17048
7409
23
3
186
1965
2799
6614
5749
1673
2223
47
1600
9
215
223
28
116
1573
5217
144
24
2
3
1
1587
2194
807
6
12822
204
2261
106
14047
101
173
1
11324
3261
35
481
636
2218
3
95
6279
9308
31
451
11
1
15713
6
4
136
1555
58
479
503
166
120
2899
4081
300
32
15
15851
196
38
9
18
1014
100
47
4
111
6462
21
34
2
4
7
48
1951
12966
13
34
390
2003
668
4
1
9
5
770
2
2
976
4137
7
1
2236
2
76
2534
5092
1
141
20730
2574
864
32
470
18
8734
9
1228
2
2
3487
87
288
446
11
300
139
12
878
11956
13
5
3009
1433
3
97
9
112
13531
43
1219
594
6
1426
10
18
151
204
1386
167
7
519
10341
10
1
92
2499
2
322
28
3
3
36
2
3152
11574
12520
5
3846
10
2884
4
7295
2264
781
55
11
14
1
51
33
1666
411
4
194
1740
11468
17
82
819
5600
20440
3188
290
2
944
34
103
19172
39
22005
466
33
2
1205
11951
2819
7617
618
8
43
184
6
6
3554
666
148
917
3
397
3599
107
8854
48
824
2
2637
11875
7214
16
6
16029
4
19
3557
8
494
4
14896
20871
56
50
7062
77
5
4008
106
124
3636
5
1
2590
7930
1227
31
38
718
66
2938
15
1
2
8897
4855
21
1497
1
4
692
1
26
2
19
19406
281
2
420
4
8447
217
8832
55
14
1
5035
5117
118
17800
467
6102
4
6270
550
1
89
53
19979
12
5
6522
2355
1121
18009
2656
18776
84
725
25
1744
224
2
176
114
177
4948
104
230
3
51
2
3
1
21624
9
2328
2002
10
583
3
5589
5
5
1648
61
122
104
4
2
81
94
1719
3464
101
11
2325
2
171
4404
18532
18
18
1686
645
22
323
2500
217
2
32
140
11675
34
1781
224
210
19
1270
7647
11653
20
2063
9
1381
138
45
239
33
2
8337
732
2208
8
9111
24
363
7162
1
1374
150
6933
9
12747
6973
3752
20077
25
7632
2
18290
11031
2466
144
8
272
359
3
3288
7086
1602
5819
1
45
593
4
131
650
16
293
7
72
57
2
2
2739
1
50
12055
3
3
2
161
1
468
735
19
10301
1500
598
13670
1
7211
10
1554
3018
15344
713
5257
231
13904
557
8054
78
9909
20430
133
81
8
2
13
3901
448
2111
93
158
2387
330
5
2
186
47
1388
607
445
2
3
1
22
233
9
2
78
10
59
3
368
116
133
1966
2
395
185
271
72
8
11318
3
89
1
15
16
54
39
5
7
5
2724
8
1981
21
2659
662
6977
7566
201
9
165
15652
1145
38
1
11
38
4238
2
30
16
534
2
5
1415
46
1603
11784
36
1679
2
105
14
4224
10819
16
43
5
4698
97
9
154
13650
77
866
14357
162
37
2592
128
15622
3
2
3
167
15
1029
278
7460
2
2
1359
5
49
489
1962
82
39
2135
3006
89
4
532
3
6353
143
29
6020
28
5873
283
2406
27
15478
51
3948
1700
1115
4
20
34
40
66
1
22
2839
18026
2
15805
2021
168
4313
684
304
290
17
407
2252
3107
33
7569
1286
12
2
42
1695
308
854
1006
1497
3
376
427
527
665
80
790
2
5
5927
1580
392
605
6909
2
324
14511
5884
15614
7417
54
14
1185
16256
85
11501
67
2391
535
10877
10570
2373
2
232
39
11870
25
170
1303
2472
2
180
2
77
4
15743
2128
4
5
18
2
7703
46
2
4
81
9
139
639
22016
14969
1577
5881
20
11220
329
1932
50
122
13
377
276
65
86
6853
10
317
6
39
861
14
34
579
1855
29
2666
1
151
246
15
2
6
74
11
21814
1866
227
9
8
3523
13048
130
9972
19434
4
796
17
11
1179
1
14060
102
3
66
7
2
1215
2
127
63
7
4811
8280
187
10
14434
1
14610
8
35
2
122
2
2
72
24
1191
4603
3625
5074
3
2691
57
11
53
2
270
701
1
406
4
592
198
36
29
5991
26
6
704
2923
6757
1537
267
47
3
313
19
130
16607
14
21
8031
1860
11036
30
66
1
2
1
15
4
4
1357
3871
50
12
11
2
5379
2505
2
32
2587
20
6718
753
729
968
11068
420
1
5947
9
18568
8023
1052
505
2767
167
2866
2229
5181
2
723
2
15247
151
12791
9312
4556
2049
1730
576
358
2
2
971
11933
16623
13466
4065
457
11423
6923
2
15990
19
20
28
175
1049
77
160
11980
8743
43
10157
1471
98
4
1375
2
477
16
5
155
1023
28
25
6
226
1394
12026
887
63
80
1
15759
202
703
6
60
282
5633
8
869
2
15928
6
18731
1097
4208
514
2737
1
9
4700
1857
57
30
135
3
13
872
267
6443
30
7
109
3
4
1610
1910
598
13
11801
984
11806
55
36
1116
324
92
10777
2
1
842
29
369
44
113
67
13630
160
11
904
123
2403
181
135
14190
1
295
149
194
138
271
44
3
3
4063
11
9
15
26
295
118
1
9142
164
570
1007
11591
143
17131
18613
615
6
13
2
92
1735
3068
1795
4
8
86
1
270
5757
14218
12
20
39
522
5630
2
26
5
462
11887
15151
59
47
2
4267
829
643
307
1
12878
82
1
6
3066
1
69
527
58
41
53
3854
965
752
58
3590
2336
15
5335
1345
8361
4342
6836
2423
26
5
9
104
1360
238
86
36
350
8773
447
4
10
5578
3384
19605
458
3736
6956
70
18886
14
7
1321
38
110
1682
37
120
352
45
8794
671
698
424
7
17809
108
3242
236
16793
2
4
5004
14
2
2
39
575
3910
5
956
3
6582
386
1
736
16
4
101
2561
17
13617
3
1775
5408
10
1533
26
2
36
28
8216
12316
612
16287
4364
19284
2227
47
158
67
1758
3
9272
665
81
17543
8488
4197
27
19
2
12406
15
17939
784
257
1
807
2841
6
7
12412
119
1317
9
162
113
8386
8305
180
1
431
2476
234
20
65
100
3
1523
6093
899
44
62
128
425
15
15
26
6767
954
6195
78
2041
82
141
71
8596
2
6
4
3
10
3374
37
1364
1955
546
4915
5802
2996
2
3029
178
617
371
2473
2333
16
4
13
487
54
19681
35
34
4525
1503
2792
2
404
2961
750
190
3
16169
244
32
1778
13897
306
40
6760
301
1182
255
2008
24
6123
235
45
1055
8858
2
139
97
17
1
203
5
17654
3308
13
14211
10662
36
106
1077
2990
4
964
9213
2053
2426
2
80
627
424
10
104
10544
13394
17
173
1708
675
60
18514
3
3301
4376
36
32
103
489
4743
530
1849
2342
44
13
151
103
1305
1
14385
45
9847
1755
4922
18478
455
2
1166
44
60
11209
15766
909
818
14
2199
1218
6
18649
21687
11429
2
193
16534
385
358
575
82
1399
17913
403
5575
26
6
3
65
35
2
268
110
6
54
19614
4
1027
19
71
8
14
3324
2546
4
5
6
186
57
158
168
2
53
4
24
18
1808
35
3
2580
125
539
5
582
2732
4
5
925
71
5452
87
3
3687
8058
2
3
5
8
10746
5994
112
312
8768
2508
1284
4
17
233
1
17
6
374
86
4
3
12214
1270
107
2
4
6
5
3
1785
1578
20710
15
48
2
293
2
7058
1
2
227
2163
12859
4
31
21055
1108
108
8
4
3266
22
225
8129
230
5
31
12
465
11451
2
715
299
3
2
1317
5
49
8467
99
19
8671
18
1788
852
827
4
7011
15
7
53
36
296
719
108
1173
22
15020
266
12
2616
3069
15
679
998
12803
9
3740
82
34
122
22
1
2
5355
15698
31
282
23
9
109
2
6
96
4284
1031
346
5597
762
2275
41
182
10498
8717
18
208
63
2
4408
54
3
52
336
209
144
4877
188
26
6
241
77
2
86
1340
375
1
6
2
6
329
19321
5348
8357
913
66
325
1
7
4996
2539
33
19921
10
283
8276
28
1
18175
8
15546
1236
474
156
3174
160
1884
551
2565
60
1107
11
7485
1640
981
16
2577
21645
1
21698
2
17
22
6
13427
79
1411
5463
101
11434
6434
8212
356
909
7665
8
6
2628
96
492
2266
370
96
12
209
3
507
270
15
15351
58
4
3125
2
12
34
117
28
265
17
4441
70
6
38
13958
2319
437
752
239
566
6487
1202
7
158
6468
3
84
2
30
33
1447
2091
7
16
391
415
26
49
