324
4
3807
7522
2555
31
389
133
2596
102
27
116
103
60
4
397
3460
36
406
76
651
363
7
8146
12401
53
304
1
61
26
98
421
13079
3
152
4419
123
468
5952
41
2
5796
111
8
1
38
29
15
2
558
35
6871
935
7
11
627
2
4
2872
1
3
1102
1
2582
43
163
624
33
6620
13
34
17430
1097
5047
8366
308
541
138
1040
178
744
8321
4
4442
48
14
3869
10
309
5
19699
3
73
56
1742
6
219
6
271
36
41
2076
34
2098
18
2
1
20555
243
4
2997
16
15755
5128
37
1150
2065
319
9709
12
361
15423
11450
6835
7933
3
25
217
24
11948
7
3
2
3161
7724
8500
7132
8
10799
125
17617
10
576
108
17523
4
114
1
2422
3994
35
2435
4
3
1
2
2
27
658
3688
12940
8
30
3
5889
191
2261
293
1
7482
5827
17
2410
8
3747
6
43
54
15
662
150
7890
518
8060
355
9658
14624
10516
1157
4124
34
250
10132
2918
353
3889
2
13
1937
4514
10
4080
3
1132
12205
11209
1
549
6
7208
8
18
131
242
11150
21
11
4941
836
19
915
374
1
16094
4538
13
33
3351
2488
2
6
35
68
20
2
7
6515
717
2
4280
19
70
64
357
679
9
1062
694
1
524
127
41
19284
116
1
21910
68
88
132
2827
4
200
451
151
19
84
3
4967
3
2022
13
62
19804
7
182
21335
22
8870
2
68
2
8190
439
9061
13009
5
340
2
85
432
1057
2514
27
1
601
12335
266
158
2384
535
5
489
1979
187
51
73
5
9455
4586
1469
6
8
58
90
6
408
5
92
5
70
16883
15
16008
12803
585
4
2
62
48
14
14859
13
478
66
16704
1321
37
877
296
4
65
9158
162
504
3649
17
403
6481
1948
9
105
278
1
832
11
28
34
2
220
4760
19
1233
3
2949
2
295
65
2
21563
16
154
2
38
28
4
129
14090
7
7
740
209
515
207
1
2
16
11
2
669
63
1408
1
101
196
2
342
854
5
6
314
225
4349
12
3
6
2359
54
127
72
8823
521
365
18091
401
2
9256
313
28
3
21
6
4735
3
49
4
79
6
1226
230
2110
3369
10349
1018
22
61
249
45
4
5
428
5
756
9
221
5020
2
16527
1091
2
906
120
8103
76
6048
6
1253
50
555
454
582
1541
46
53
4212
344
2054
62
19182
2
3405
173
2043
71
45
27
391
3061
3
63
91
109
30
5704
1378
4
1917
4863
12012
129
52
2297
39
159
75
665
22027
6
3
5156
71
3
31
26
284
4037
2087
21
12
772
14
53
3
1213
12
9556
1
3387
8
8637
7643
3
9
84
648
2709
728
7056
136
20446
175
160
57
14
330
3
125
430
189
4
2
567
6
573
1239
3668
3
215
19
12
15
51
3423
100
1558
144
21
9
4562
960
13
238
18
104
5183
21109
13218
21
2322
277
4235
486
2
955
113
7
10460
13647
53
58
2
16
1
20775
61
3
97
66
18678
176
720
298
3
378
142
502
1454
16
22
5
2225
27
3
3478
11759
5
118
13
4
8
1687
2
359
395
328
14
6691
27
80
41
1
3767
3534
637
14
20
1034
6
143
9
2981
2144
8
845
9
7683
20886
1120
7094
3
16615
82
25
59
2
698
185
456
9404
8
1990
281
3973
55
2934
3
4190
6
237
72
4685
2767
494
5
7324
2
458
3094
776
2
1733
2
1724
592
122
1847
49
86
99
6446
5267
251
1837
8591
107
27
46
94
139
8
20
10078
3931
8730
1446
1678
3
1
1867
3
10
611
12
970
423
1
77
275
6
213
8233
1013
683
52
17805
13793
194
21678
64
9
11
4
156
19080
18
2842
2723
140
1
195
245
14316
4
1138
59
1887
6244
17
8
3
5101
24
16266
6982
40
15179
190
24
1349
2
133
11884
218
16
17
64
78
713
2
87
1789
15671
3707
5
476
2033
81
2
655
532
7
1023
18778
89
1114
471
3013
2610
383
15
13
227
1
709
20
5644
7849
44
2
43
841
326
752
9
2
7
32
2
1
20
14015
12076
204
5295
818
19
1273
33
1897
4
231
37
3
882
30
6799
4
69
23
39
1200
85
6727
1
2738
11
5437
15
10240
2
121
17338
2
417
40
910
128
16
55
11
5
17
25
7
4466
3
4994
1029
8917
1
28
2
253
4490
16
1
2
1175
859
17063
381
1371
9355
15923
1
10
4
810
59
29
7285
88
38
14
5
481
2666
34
84
2
316
9918
1108
11
33
23
12467
166
991
14702
117
8683
254
161
29
6412
147
2
42
4
11696
19490
8546
2
2346
2
56
169
5466
93
8
5
1
1280
2
2
8
7403
9
12735
570
2501
6145
1857
1
1
43
806
20
3
2
153
5
76
180
192
145
4
7
3515
21
18
1051
1259
3
141
1314
8965
26
210
6
6763
461
10024
896
768
26
22
6550
11
1
3144
7602
789
2213
1617
11
124
496
5614
2
24
45
306
269
5
18
95
13720
886
193
1181
21793
20122
797
22
9
16
4
13
15018
891
2
538
21
4837
371
435
3194
4
412
1827
1
513
2
47
290
1342
12
12
1
2
107
7442
29
14
526
7562
41
1669
507
2
2273
39
6
9
16440
7
10
4
4303
9505
82
29
141
4102
18
14
10
6211
15260
1246
2
50
1126
5351
311
10742
676
1
6
5
1
2568
945
264
15588
14165
732
552
1770
10
96
369
40
67
6585
3
17995
3
5554
1
4660
2
3029
52
199
13941
32
9
5211
6
106
449
241
63
10
262
32
335
54
74
5
16
1423
2857
3177
529
1
8
44
997
1144
5380
25
976
1
14
393
2
2132
2
5074
10
9
2624
38
3246
4
26
186
6311
3910
2652
1188
7
9761
247
3
2
155
2
348
172
2
8
4635
4
40
3553
46
57
79
224
20
181
4326
42
46
20229
1
51
240
268
134
4
3952
1266
55
234
2190
1634
3591
1
28
9
259
47
2
2372
42
2397
901
604
17154
2249
95
7
9
1
100
300
23
11
4
119
13431
43
1
331
2
2
22
1163
22
3
6655
2965
10
15
74
1
32
36
672
321
18878
1575
4
5674
13867
1652
3
5
483
1779
14781
1608
2
87
16
337
1798
7
5496
2
1
346
4
5
3
1462
146
5
4
50
90
16973
4
1401
4786
292
21
442
1002
20337
1
965
18
3
11
7170
4395
9
564
3
3111
3
5525
425
37
123
3572
333
5920
26
950
103
2334
3610
26
499
3
5
92
15
925
31
2528
165
202
1
22
117
65
11573
872
4611
183
780
12534
7
701
19
69
33
2782
11821
36
10186
1335
86
2000
8
20015
3280
24
3045
1
11511
121
814
19
31
18
15341
2752
2
201
6112
1
3
3078
170
17246
1958
11269
164
1007
15
17
2
6277
145
3229
7766
2201
4
2541
30
2
1818
131
257
850
2011
130
5
1
289
8455
1
8
7
7
10
5
1438
1
19387
760
29
1643
157
5
3
44
265
3
17
5858
12140
18382
1969
4058
2448
7
179
2
1525
1
1
1485
11329
1696
18
598
6
14240
8277
9
5
1501
17
6
226
4
10572
108
17
168
4
1
1509
2
4889
24
33
9
5
1207
5
1
940
2
5
4
634
177
15
1591
301
31
19
1
17
97
1393
6016
74
2
5
110
19
614
211
9206
11389
687
30
9813
6
930
4
13
2
589
13
1583
11
2
272
491
1300
3848
6080
14
14393
4
12601
21221
148
1
3
4915
8
2
3
77
55
23
205
5
1
20665
198
1416
49
35
446
13
1877
9305
10295
7
70
2797
51
981
112
543
4
724
3316
10
232
1364
367
4
37
1
16
7
1
1220
10915
1
7
1357
736
48
30
67
7
466
15505
3
135
78
2461
113
8776
184
5584
1566
546
2121
19909
641
4
2237
323
6
81
2
136
437
6
8
1
1169
89
58
49
579
6
93
75
20
18480
3
385
110
17900
23
148
228
17
21448
2
258
6378
15
126
8017
5
5
338
2155
2475
11
6178
16352
7
10405
162
7363
1751
138
10628
12
94
11
3
24
2903
56
13575
1386
16793
12270
236
149
11634
4710
48
222
14
3
1
14469
20997
1194
2638
26
282
764
1
3
17711
801
12871
188
12
9971
15
174
8
351
42
372
9013
4168
11032
1517
4811
463
6344
7019
212
4
23
2680
2166
10973
31
23
3333
793
80
2
25
69
7
376
9607
1705
1
3
279
96
4257
2694
4015
8
50
2178
2309
11
1
10
78
8
60
827
10
60
10
3
13
3497
1477
13503
5735
1600
2
47
621
823
4146
15098
32
36
25
12
3
3
1
2
920
1907
115
595
868
59
2
2
13289
3
5
13360
4372
9
1079
23
986
2
10857
1626
5765
2
705
6
1
157
5409
617
8410
2887
14939
399
66
473
318
18579
349
9109
1761
104
13148
14
3127
6908
15
1493
18188
1550
303
106
11
18285
57
12
10
214
3441
9866
1293
4
6945
90
20
444
1
410
1431
3787
631
1328
99
35
3
119
25
102
7975
287
286
246
81
44
5984
197
32
6
2
1045
10685
12
12668
13
1
3629
3298
2
39
203
1
608
11090
35
1
7247
2812
137
5
10
21
1808
38
2
748
3828
29
13
1927
2
7
2
12
101
1533
1085
1074
171
6
784
206
1
561
4
9
274
12
644
510
1661
2285
6
14547
3211
261
2
8
4
387
16179
3
3263
3
83
3727
2
28
1068
5239
3
5
47
45
3
1714
152
690
863
83
255
414
1286
24
19594
5323
111
233
419
72
1307
170
2
22
2
1
1
91
39
15839
7807
10
18979
167
114
