10
16
16
2
6358
3608
1267
5178
662
2
386
9
3240
182
112
26
6
9617
137
591
13
32
169
14
7863
7352
240
81
74
1
151
786
7433
137
1169
2
17210
3463
2
209
8
14
7
6
2862
8890
34
22
19878
20652
36
3659
65
471
10207
163
3540
91
878
17
2
63
3
79
14
305
5795
551
13565
4382
1238
13925
1129
1113
2
43
474
9691
23
3
427
836
32
11
25
2950
21
30
18
1309
4
3
208
85
1810
35
12900
3127
5
3796
19
11731
383
7
8
2
4000
1494
5932
73
246
3
2
3
1
4515
1625
5
2
1347
38
30
168
302
14974
2250
10
8939
1787
261
3978
3
9
11680
97
128
61
232
296
6
4
17323
26
383
23
179
7
483
7
552
1236
1456
91
12553
1
20834
3
1146
153
4879
11
11
57
620
718
3806
62
42
5
2034
47
7748
417
4567
2
5430
7
12
362
143
11
13
1
12893
4
2788
2
810
16234
46
680
1742
952
4
429
3633
207
25
1
35
34
3
2022
3
4
2
611
17107
4
32
134
1555
2
726
15
9
28
491
14
36
2887
1538
4
175
2003
3
99
3720
1
1161
79
7756
8
37
6100
757
8
1
887
1
10
286
5
183
7
7
55
73
1047
2
1049
1092
11248
19
115
8
20811
247
2
10
104
887
2
18760
17
12781
24
132
75
2
2905
1
367
5
110
3069
494
13
13156
22
2
8736
970
21
81
19
3
2
4050
18884
5820
5
544
20
27
18305
11310
15
1954
1510
201
428
3
5541
3
10
3
210
11335
619
1100
21
2355
152
130
686
180
10118
1
597
6331
2182
749
2
9680
219
2179
166
32
22
18977
8
16
54
380
3
15
4
51
107
190
36
1
1278
445
1097
8900
2
17285
1
45
61
3
9
409
164
1
14
1231
2
2919
8
3431
9226
19922
18987
890
252
3355
3295
10940
2
12
550
18
1882
57
76
16
2
2
330
21823
186
744
56
5
1768
39
953
9
3
137
620
5
18750
99
57
31
4
3
2
121
2392
115
6
28
4832
169
5
47
51
93
11
30
16
222
27
7272
7
1275
9368
1559
2
45
77
1148
628
3689
7626
961
8
432
3401
13
702
1818
4837
46
3
122
14965
7642
1
3228
29
20
57
560
20664
47
11
6
10263
5710
965
3044
2
83
3
8249
4689
2
21328
5
1025
162
1590
199
2
15548
18235
162
2
31
656
4339
26
5227
15840
4
7
11
728
713
58
39
1949
3821
19154
3110
671
751
53
308
7539
4
5
22
16
5028
426
1798
1
14186
3096
1247
64
1023
12
2
4
122
6833
6871
209
2364
5
4
40
9
16
3
3
14
370
19770
1582
20228
115
89
8
1
170
26
44
12342
18720
81
4257
46
1
330
8436
14
25
3
446
7593
17871
12
1428
11802
9
4
3
73
22
9803
5439
2614
2447
16977
433
513
14835
4735
2
4229
888
3
218
2
12
7
43
249
7469
372
5
267
36
2
9466
16
1290
16331
1
1769
58
2052
11668
13
15438
9894
312
63
25
1209
18946
3
2724
412
632
46
15196
2
225
10
7019
407
2298
2322
169
15
2776
1671
6
5147
1909
4
412
7
372
2
3602
10
4
9
10
53
3
3946
4
2326
570
5
1793
14
307
5
306
1
141
185
47
3
570
6
39
5660
30
6722
1496
88
60
3095
1
81
78
138
5
71
5386
15146
6
1606
416
781
117
5738
4
1
1311
1416
13
3
610
63
7053
1
7630
193
102
93
19164
7
1204
21943
14
10063
11808
915
15796
3
795
5058
3
837
2353
7914
212
8098
5916
29
1
2966
7174
1
15693
11796
1580
2
6
2053
16260
4
3086
41
2
2071
13035
66
2
17988
1
3
147
528
94
946
578
2
124
10240
2
11572
5319
649
4
5773
10
27
1178
6107
16
674
9
20052
3643
477
1196
19
1073
19008
7
12
1
2
521
1241
225
89
6711
6
8
2
5139
310
9241
4
1656
17079
6017
12
3
17191
11120
1398
5
194
3
154
18
125
4095
5
13
6
2093
4
1
12
7
515
63
212
222
119
2
10196
698
9
582
9
2
1045
15
57
176
1517
962
5
866
5
1
16
1277
350
22
141
106
7893
2278
5
4
1505
2
12914
2
285
604
34
5
8358
7
167
7
2662
499
19619
15961
407
73
5
24
181
693
134
5
7388
2
7441
35
3
1864
92
10
15
1086
2
10472
485
163
6
1252
2
96
6275
3
381
371
492
21
15
16136
13
34
23
11
17409
4447
23
1
1
3
69
1045
5
6184
73
10576
28
16829
160
9
1326
475
15321
4
467
17229
37
3
2767
1
5508
142
163
1
2
798
4
9
11
331
2
7380
3
5782
14
10
33
1727
1511
5732
2
20574
1131
838
7312
2
40
248
4
288
74
607
5
84
148
1
24
3
96
4
44
1280
3
172
11
328
15540
55
12
20
377
15
19
5
20031
1
8049
479
121
349
1
20096
4
89
1
33
122
1669
923
1
38
885
7
9
12423
75
16
9937
6
65
155
5
4022
3
28
5
651
1
764
2721
4800
3
3
4545
8741
13
89
8
132
2204
27
18
241
194
4
1341
1028
1
11
1916
7966
15
83
6
20
282
1574
122
139
214
19
1
1
1051
23
1
45
572
70
5
1287
14957
52
1113
8
77
156
2
6999
5304
196
1
17182
2451
4
90
1986
4358
904
629
2
6030
22
24
647
553
533
3
1335
135
3
40
114
1488
7
21
44
1936
2
1373
6
4
4
12
3129
452
11
166
16421
13
18106
9927
5694
599
51
2
722
5
7
6
89
804
355
4683
15
107
73
17
4093
56
7
2
2685
8
3031
563
11
7
742
8124
4808
811
8998
26
18456
14531
15848
293
3
1
8717
2811
2170
20754
7
57
1062
15388
148
3043
15633
4227
3873
46
278
63
5707
2
482
88
27
12
2
14698
1982
1
8142
18
792
44
238
20
1607
14
207
743
6523
3
5
113
296
342
2984
65
1429
139
24
35
5663
360
3
1362
38
265
12
374
31
2663
5688
170
18405
2
882
12
17304
93
70
5125
95
7
2401
131
1
11
1
2
19259
19534
1
52
242
322
413
2
1
1
294
55
2
3777
18
1062
7
33
2977
5
6
22
21
5
12471
10085
18
2
1220
7
298
3
11
65
111
639
2
1
2
2
44
13
877
1529
21954
58
53
4520
63
4645
2
16
15728
16
9
10
1369
1
9
21
17371
13
217
155
462
3911
19544
2993
192
177
2029
529
6
446
228
571
8
194
2
19112
3
822
4898
3
16057
1295
6043
2340
12922
1467
20
5884
1
4
7
1093
2
76
130
56
2974
221
525
2465
2
1188
29
20879
3
30
372
1905
4776
14
113
4
3
70
13895
140
2607
1529
351
123
10
1386
1
2833
1
20
1
16
7498
141
39
11932
7
181
113
8182
6
12
501
415
13294
15
72
581
22
1546
23
344
3
7
20890
12235
4
740
8459
3
368
2
57
237
2
10
848
231
9
2
33
1640
4
1013
83
3
6796
201
9
61
135
233
7154
5
658
149
79
30
10449
601
171
3
1562
19
1
4
9554
2233
23
2962
101
127
13418
125
11
2679
7
534
523
38
26
1394
16322
1
21
2
1
227
544
48
21
15857
23
369
809
4
5581
2
1003
7233
46
2219
128
3894
8651
1583
1364
2
199
12837
2105
10190
6863
8510
1745
3
6
439
1598
1
3
5433
7
11030
58
8
6
5
109
5729
2296
4
6923
118
2
1078
2
8529
35
144
6157
24
139
154
1
15155
126
57
6
39
451
19
2459
6686
5365
42
14
359
91
191
15
9797
276
218
424
859
446
3
529
2068
6
45
17219
4863
51
2
12403
60
334
13729
2
9
188
1313
1
161
182
101
8
737
3493
4117
120
433
17
97
9900
4
3
16
292
34
5529
853
17
4355
97
5374
5313
97
804
370
1089
18
1434
4
4998
920
3
657
1
28
10
255
11636
3490
9
3
36
1173
29
145
274
823
65
24
1
608
870
921
7
8155
78
1691
5
88
520
10
240
1696
16092
400
18536
245
2875
2
7030
20462
1939
3
4635
370
1984
2
329
8377
3339
28
15047
87
298
18
193
756
2
5
9067
695
12485
1
1773
5
1
42
2639
6153
1047
18
32
893
113
3054
1346
6067
6
1308
1291
3351
113
16278
28
4
11
14
11699
16
5642
1
11
7
21
9
1351
13
282
7
24
1293
2
6
90
2
16765
480
1051
660
3933
7332
3
3728
40
129
39
158
88
7453
791
10
1
263
25
3
37
25
4387
8
7
33
5
122
16022
1203
1061
466
26
65
16646
425
5502
1383
1
2089
1775
23
3
89
54
71
738
210
21363
141
249
3524
226
434
28
2674
5061
62
990
53
3
7
2
1
1440
13
128
42
8299
8138
21247
1
37
2746
765
37
11
18699
2433
76
1016
38
54
234
20902
122
26
11
21598
1628
3214
1674
5929
1534
1443
20
2271
12102
4
3
2
1
1101
4602
15
5
12
2224
11347
21
98
22
1
29
11491
8
54
5267
33
6435
55
19998
1
1
5039
2979
310
19641
66
5
55
1068
1
8684
9126
12
2530
8
20140
13
47
295
8
104
1588
212
7
1
114
5293
2
9
164
1213
3
98
117
3
1714
124
16
11
2
1
1592
61
1136
89
37
21
15
7
1181
4327
4
6574
14
79
23
1734
6
6
308
9
460
1063
11
12
1
2
378
243
205
109
8
6
7
9131
4
8
2
2
893
41
2324
100
7
21
2209
56
1162
10438
2
7
13572
1240
744
8571
3203
6241
7197
6
1
9206
14515
4
8973
2011
85
35
8
149
2
12505
17
7
20
16
5
6
9
4
38
8
30
4
1
11440
86
232
20
423
38
779
83
2
25
21835
18206
784
21669
15097
4
21
896
15
175
2
3
11751
32
9707
2
8
15
4
55
1
2509
65
30
47
94
323
5
2
1700
13
22
11
130
47
1
2913
528
5
1
7
2
11036
15213
30
4
194
8983
3429
509
2668
779
8949
1213
1
26
420
172
258
955
2318
975
1162
102
5
9
2646
59
69
1
178
2531
171
2
2
63
108
2
1996
9638
12
11
14
65
123
246
11285
3
139
734
110
178
212
31
612
292
40
127
41
29
3
78
441
2922
9824
2550
150
1
1178
9317
6
491
2
12
9
21
76
15
46
4
2
6566
37
5
8
124
36
2
53
20206
374
7490
14658
2508
6231
7
5
562
109
3
2151
2764
13
5
3667
34
6
3013
3
7
53
3
10
7
6103
1
264
26
2
13106
4
16547
2
184
7217
261
349
1880
8
4
2760
1
235
4135
1436
78
70
512
705
130
7
16412
10697
1140
6
3263
1
507
15455
37
95
18
2
179
8111
67
665
7722
95
5418
2072
14396
3
4039
23
7
3
1103
3
554
48
2
16511
1886
71
7845
804
1
277
3
183
3308
3
6
18
6170
2082
3
1448
9905
634
3258
60
220
322
1114
19206
4190
4
645
5325
1
32
49
1020
68
1190
10
10
53
7790
6317
7514
2716
84
17
44
228
66
8
2
10674
10
546
790
11
6
158
1340
579
1329
15
77
238
60
208
364
663
127
1563
2
37
112
21
13
1
3283
27
64
9
44
15
593
18
2
32
2519
14318
4855
22
4126
6037
26
2247
13602
2
8
1125
9670
13520
15287
90
39
150
125
878
169
2865
1368
13
8
1857
9
11497
1
11447
83
3
187
122
239
104
16968
1262
369
5
14093
6
2
13
16857
7150
11212
7
808
2
1885
9
6197
1931
7
172
45
165
144
3
11
40
5
53
625
111
510
6
58
51
9
16774
8
9
1015
164
3
1623
5
39
1008
95
15229
1699
20709
3
770
288
5955
23
21
1229
31
117
1186
174
6238
8093
14139
59
4655
2
2125
954
8
18
1978
2757
4
147
2594
1265
19029
3
3632
121
173
6
111
8
33
1025
5
447
333
5
3
5
9
4398
33
217
2
51
10218
806
9
2
7061
662
148
5247
400
693
5
10
1
1466
5760
11230
1255
950
4287
568
311
106
7
1873
30
9518
9
10
2221
1
147
610
18
19
12
6
27
663
26
3
16005
1
6
161
5
66
554
5204
32
57
8227
7
4444
3
884
1515
689
1263
275
34
52
939
1526
95
168
149
2
37
16358
64
1
21752
2142
21692
480
82
1193
41
11
75
53
7
11416
278
2
2286
3
4268
3
4842
936
36
732
49
1813
7833
60
23
4204
775
18
2
1422
59
89
24
55
2713
80
5170
40
5
223
2
11828
37
10
11384
5945
5
21539
376
6
458
8552
3557
845
1
196
1967
4661
4
362
311
11
60
100
6130
19
997
8254
12
10
157
3926
223
413
754
1005
94
1557
21028
6950
18486
3
256
252
15
736
35
27
218
236
2
2
9
2047
8
19
100
2
48
3
70
56
2805
1
1723
9151
4547
5697
24
73
8
241
3675
16075
1763
18446
4
474
15719
644
15
2
1
37
262
9781
24
40
5119
9
324
3335
963
5
8
87
2
136
15
284
39
14650
20
3
1359
4
10
639
2568
80
8
2
1752
1
1198
239
21457
94
3245
7
12
34
52
1
677
50
8
16
26
43
9954
216
6
13
19
18
237
315
5212
26
7
22
55
4941
3
103
1730
4
42
17677
54
7975
2665
214
12
4
20372
833
8
594
6303
1
32
1374
82
161
32
5072
340
12
2
13
4
4
784
2410
15
688
70
12795
694
89
11693
217
2371
3154
35
1991
43
1337
16692
17
12
7726
12
17
3754
1
776
23
69
67
31
30
422
5
2
2
5401
283
156
2
1
562
1
20
2921
157
5380
60
20936
7
5
29
2856
4525
238
21
7760
513
3961
224
3407
119
2
3
5
15668
1158
8
15
10489
4668
16
443
1
6120
15
6
175
9733
278
17
1
174
3
262
49
3
7
8
873
16
1003
9
1596
8496
2
1
537
4088
143
7828
2
2
28
14
329
795
20162
32
1
297
2
7506
654
492
836
164
2562
4464
10280
7264
746
2
2488
92
5
18
22
342
4
13834
400
3021
6
182
1
4712
22
2252
73
3456
81
19791
31
10535
188
4
39
66
16565
778
8041
21
3
385
1
435
1
4308
5
691
879
1354
2372
9186
4
422
350
143
1327
1138
2666
497
189
31
4185
9665
29
129
9487
56
1551
83
10815
26
6660
18
10
3
5167
791
46
9
1
1
1
411
107
10102
8708
22
4
1975
930
5645
1
274
237
4
9916
5
10
2
10
3
3151
97
6563
128
229
2
311
200
6
129
12
4440
4
11
9409
1966
146
684
21
5342
1356
1
7205
15
6905
407
6
3635
15
633
74
356
785
16
2
868
5517
884
2
3261
23
5
137
200
4452
6
85
10
77
31
20
3
2
193
20
14
8590
1
14
3388
1672
69
1374
557
4261
91
2
138
1
50
12
391
2241
12663
3071
2
243
72
2
4572
386
7781
3
63
9
1
129
7
37
2
144
1463
61
5316
445
28
502
346
6815
9
23
8367
56
20
2
1838
1002
7
29
334
58
735
7739
13192
969
4
3
51
15163
2819
3
27
178
29
1952
17
219
5747
99
14357
69
17
1067
613
54
132
2872
1502
5
11
5
13513
3
28
14194
81
19481
1283
320
13410
151
58
12
2719
6
5
9348
188
38
21
5
1134
183
7
16340
17
1
1521
916
1
6785
80
196
126
1
3
11
13879
240
168
99
2121
277
14
7284
111
5
20
369
1
103
10
19
37
114
4882
121
34
2
533
385
723
14
6
1
2
36
10
8703
112
33
559
4064
18
38
844
44
24
605
1
35
5685
150
8317
1600
129
2
4
2169
20
531
1
512
3
14
279
1
19
220
58
6
211
17
23
128
288
2260
657
2200
116
5
2
3386
544
2
20
2
3
197
80
580
116
41
1
916
3
1737
3134
3115
183
509
183
75
113
2
102
10
140
2802
237
6818
9
70
69
8576
1135
3
6638
43
3
22
1937
338
2357
318
21799
18
1
360
11000
5
12242
21
25
2785
15
3
108
481
58
3
117
590
10
13
11126
5
202
6664
2
3399
2463
33
1
50
9921
4
37
4073
339
317
101
309
3
76
172
817
12
25
82
21
194
79
4
162
4
301
1629
27
56
36
2
368
9
33
352
13121
11
75
13804
166
1444
7
12
10
181
7945
207
733
4481
2636
1445
967
2
8223
178
475
11
151
4
401
1449
64
156
7
2017
159
4099
4
78
5133
5377
102
2881
29
2
14
1842
3916
2934
1085
49
1959
110
2
880
372
4650
2306
5
59
41
15
76
2162
6
45
124
271
19
20
10
39
91
80
1207
9560
1597
6306
11054
569
3
2
11
3
176
2
3905
40
1
5
13381
405
3
259
36
9252
8712
61
12
59
1217
30
3189
2083
1
2543
460
142
2330
1
114
27
4666
7
5535
80
26
2
328
100
274
108
4275
842
335
7
5807
91
83
572
1
15
3
1
147
86
90
2722
27
6
42
4070
101
13535
385
1433
2441
7
6748
932
15
1977
990
632
42
333
56
4513
1577
219
2311
31
15
5
3
17
14570
353
2349
24
281
142
695
573
119
272
11145
4
5
1
146
10
13
18935
17
1
211
1604
31
70
2
4758
7356
310
23
4017
61
1034
3
9835
46
5193
14326
398
7
87
99
16
1326
120
17657
4282
47
179
128
46
21154
1697
7376
235
440
15
102
83
10364
21
839
5
206
9581
36
8
3726
16
15745
84
28
7045
35
281
3
4
5
4353
81
6
2895
17783
338
10657
69
5
2122
137
68
1918
9
79
5596
43
6
229
4
57
82
277
144
6708
2
8722
1504
14
1029
7502
4968
1418
147
51
2450
268
3505
18
914
232
17
925
47
358
1
151
17447
12
50
6
2
63
185
22
648
235
1722
6
8547
232
8
2763
1817
25
35
5
4
14
13
1194
3509
518
13323
6
2166
4552
5
78
307
7
368
1649
1095
17542
6606
174
740
1116
617
976
42
848
832
5923
41
254
51
9
857
3
102
3141
5
8
417
1020
55
285
685
27
2
1451
545
75
4
2
56
16
5
6
7962
48
30
9
10235
3
4
1015
20596
2
112
2
300
92
5
14
2
18771
2211
15
3
27
385
3561
133
9451
61
302
18
765
41
22
25
13676
5559
2
4020
3379
7705
2739
930
306
3673
4930
652
3
2992
33
7901
1028
23
152
343
9
507
73
72
4540
456
144
25
4
220
1
1862
56
9353
16
18587
167
18
8
11
70
2484
54
24
3075
4
1
2140
226
4236
5469
340
3812
8450
1073
1402
4914
38
6
72
66
7
374
2
2115
5
3
9
95
371
4
9712
245
1155
12594
7
11006
436
3
7201
4917
3
36
981
149
237
2
12560
3
60
8441
736
46
485
63
43
1197
4442
659
3270
7
2075
4199
398
17
476
1
119
13766
42
7
73
18415
1
535
730
5
587
701
2120
7131
4483
3006
408
700
3
262
199
392
5122
11
19353
630
867
15031
1392
12289
15056
1
27
577
141
2681
236
26
9
73
2
215
478
3
3
11
58
10
341
752
49
422
1231
112
10069
6
17
21
9420
232
16701
90
370
7
715
4
1240
4
190
4
286
2474
1070
11
1
429
159
579
4
33
7
253
16
1785
11255
2
18077
3
25
18873
196
9717
7668
30
26
1201
6
15599
2
2
5025
1437
177
511
933
66
108
7522
106
10129
801
750
257
2
13
3
8750
10185
5
51
8
519
100
21787
3
3679
15
20630
358
10
763
706
16574
5
5766
4933
7
10325
16
9456
2
21
2
13910
103
4
596
98
11
1612
2585
2421
42
331
82
56
371
25
754
3292
3888
14
19
249
19
583
533
2
2
7
357
1107
30
1
64
16349
1
36
22
2
5
2035
682
730
15952
1
1
847
3
7
51
48
335
87
4289
18668
5
1398
3200
352
2
4
213
24
3808
7
10
797
4612
859
10715
4
339
7884
8001
1535
4213
1876
8501
152
267
67
6
245
57
21
4
13811
1812
40
306
1665
6
49
21657
2
8286
3390
67
294
6
129
20361
121
3
172
4946
133
2
21740
13
211
1
14
14827
3
897
1342
68
5003
21
1392
162
8604
6653
671
4
6
8
488
23
3
180
10
5599
37
4640
70
6
276
2613
580
4
23
1629
1097
273
18547
76
12437
4
2
979
10868
155
8905
2085
5
8674
3
10
2
11157
78
4
129
11629
13498
598
116
91
17832
10821
294
382
55
2728
2
2
19
716
165
1414
142
2
1
179
1
2
29
15
21
51
247
67
68
5
4024
207
2249
6
1617
21
9
240
5
11
908
1980
6
9975
181
1
2
70
3
65
5620
16198
2
354
2
20
5
52
59
4
22
603
1930
60
1550
21527
6
3503
3513
262
4
8
2
7049
16
1505
29
60
117
9
45
1693
4
7
1945
31
15892
9136
1459
101
32
13149
2656
159
3251
144
377
80
15
706
130
27
2741
1099
3972
5673
45
1
9201
22
50
12155
77
1544
210
1
1396
547
2
26
3
3137
2
1
4344
1307
45
2
2
26
622
69
154
1
197
107
2
11706
201
14666
17
122
3
6456
820
6
61
2
345
2
266
36
1
3
64
5
136
497
6763
187
3
1562
1383
3122
2697
6
44
1380
36
134
3998
248
167
43
48
222
156
50
816
1585
5278
3
12
191
27
29
3
25
19965
354
423
1
540
657
407
6004
34
66
1
24
36
40
24
4533
1889
2
458
2146
1115
41
3547
13
2
4
6
22
4
18
13
104
8
5939
8827
2781
520
9257
9374
6167
4
158
3
27
76
3041
2001
233
134
4266
718
2
1
16783
2640
690
526
19587
77
26
68
2
11
9883
216
155
24
8
2
1
7
4
30
1
3712
20217
10
54
11770
8214
1
9277
5006
7
4906
346
6428
86
6704
10
121
31
357
3
20686
40
192
16
3734
4
1
25
7
187
9
2
438
4311
1619
105
2505
53
16
284
3576
17
11
2478
9
50
5
344
10
443
488
16
3392
10
5
3
320
2
838
612
2
87
3
86
81
2295
4306
13506
3590
622
51
719
702
7
179
6
4
5330
2
53
6073
7026
6730
10774
11648
5496
3
46
82
29
18
20
261
1207
6534
2
4296
4
2
2935
189
12
675
23
763
12329
183
86
2
8
28
2
55
87
21
22
565
7038
2
3920
11938
178
7
12
2023
3742
200
541
4
43
485
1187
506
19846
4
114
41
76
6
14
3187
3518
12498
248
4565
496
191
172
1
5033
388
14
5574
108
1
14
2537
13826
157
2280
2
4
45
14475
619
81
6774
195
564
85
8
29
549
10
1
292
2
14
58
704
6
32
354
19343
2
106
92
5
27
6
34
3
17
110
399
12
74
611
8
9
3120
18
15
12082
329
24
12
2423
14
3398
542
8218
5
52
13
802
3620
336
436
11
3835
12168
3
5
101
16656
4031
11096
9181
600
34
14
24
642
2691
7638
917
16
8187
60
72
819
2500
10
3480
14
3
16931
8655
202
7651
1404
396
27
11193
26
4
22
1709
4821
273
1268
20107
4
9106
1189
20
12
1024
2
944
5
55
1
40
2926
16225
6
9445
16
17
973
9565
2128
139
116
1658
865
501
99
6
1
1633
202
11
1120
15
41
257
1405
2
326
9
16719
17
12
59
27
6407
30
55
97
3
18648
2
21317
918
465
4
31
13
58
73
778
1
19
248
3435
2
3
13
18365
7304
21
16
4
2
1090
941
1083
4106
13
177
12
2
2256
7
15371
100
3746
4
1454
7
2997
3330
7
412
772
202
8010
530
7
1
48
8
2156
3
1
427
7
128
9196
120
956
2281
4
4224
4
744
12
281
1331
8027
12879
118
2
34
4009
2176
2850
32
115
16189
121
486
3761
6047
7693
907
28
5
231
1263
154
139
126
2024
13374
20317
234
3596
15771
946
4
1
5
3
1713
693
12
2
7
89
8632
2
8506
586
709
555
16637
5792
310
2
1
4
1
8054
115
4
2186
7
1
19332
20
12
1865
2
28
138
13
292
21352
5011
3724
21633
760
1607
2
2945
2406
5
194
755
14047
2153
1
2
8
15
36
2
2
3
8
2012
47
7
85
1
14594
108
2630
2
745
634
62
83
10
49
4406
5
1824
242
8173
1089
18156
3100
1
6289
2292
8
3
6
17135
21
912
18
1
234
1
280
105
2
1225
127
2
865
2
7088
6397
27
271
2
19
48
22
33
54
403
60
257
5
32
626
1
2310
18476
208
4748
424
5520
8
1938
1297
28
6
4
1388
13
39
2462
324
1
2
2
36
13
1499
10928
4
2
100
233
787
2
13
168
10892
6
9
936
149
63
3
309
52
11
11
1
268
12
21
19
14062
28
71
20925
106
5636
418
32
107
12268
5
24
19
11912
24
902
4
313
2676
19727
2
1853
5
2
16457
2733
18894
9
33
20
1630
4
733
7034
32
4167
499
3
1
166
158
2
47
9221
91
1953
1208
13337
5887
6890
257
117
8
102
14
65
5
15753
14349
98
8
15
126
54
12
5804
19
2837
165
1
2
12444
210
3130
3
1655
194
97
4
1
12315
216
12936
6190
11
18295
2268
16628
1413
112
383
335
159
1974
1
1
2
134
2
201
2
8885
15338
566
15883
82
131
2
65
839
23
1259
10
8641
1103
498
213
1622
2254
145
1608
4449
195
104
1
4
29
768
3372
3781
756
27
9549
8
322
46
3353
2
2
1
19438
334
1223
8
4
6867
1069
337
875
10
12383
8779
3
162
595
446
286
10680
76
1455
2111
15
924
28
5
4254
12
10179
5
1376
2
26
1339
7
2
95
38
6657
10
478
503
5
25
1322
1513
236
26
1
26
3
2192
6070
336
4384
6
65
61
119
1
10025
1170
1
2737
11102
1955
6
1618
4192
63
831
1
25
14706
3
231
6
138
3
12
44
4805
102
135
2055
86
994
94
3
4348
522
39
8133
18709
5997
494
1605
8067
10797
13
8
918
7888
23
8
17466
22
18
771
36
20
258
430
3922
2
349
127
2
15608
1001
405
97
8
3299
766
318
140
35
5357
11
5593
4245
15
3313
187
7
593
2
557
6
11
213
31
66
992
1
364
2507
2
9231
3718
103
161
106
194
42
33
6
1358
12215
5187
2
12964
20295
14
3
812
6848
356
195
305
1
1
4140
586
172
948
186
5153
1907
3
2948
30
10833
23
1881
2
197
21
16
43
2039
2
17173
1256
154
510
9649
2
28
12188
14
2
614
66
129
4638
136
398
18
436
6
10
2334
480
11163
2
12
2
9
20350
4535
4
43
1146
10570
9
2493
112
24
3
2633
11
6
1970
89
364
3165
8036
4
169
2
3
111
313
1150
2196
9840
6
5395
46
41
56
4
806
2536
3
129
10
109
52
17248
19
7457
2
1614
14
8115
7138
745
9997
1266
258
6
3
997
3839
1794
272
1
4
32
411
318
40
1206
18832
13
3474
195
3
13063
38
17
9
1
1317
6830
31
10
1163
20041
4194
21
1266
3
144
5
2
7684
101
192
18
2088
5
4633
21
36
4
10201
15582
286
2
591
1114
9744
4
34
2932
1988
188
74
5
1154
7
5
1731
7344
285
98
4
2
97
98
144
14
2
168
181
93
2
9
1165
46
19
306
296
11
12
29
3
389
18
66
3882
818
32
11977
4617
24
1
8880
1479
4
155
2
1225
160
7
833
1
17744
99
2
980
602
170
721
221
17
5
521
5
262
476
1
1
8164
667
1
3
927
18740
169
1305
1360
134
3769
327
75
2603
1314
11
13171
400
3
2
287
563
301
52
15
4
323
175
10
10
1
20417
11919
6697
5830
332
290
10827
346
2
124
11
171
5849
92
1
21563
10
3
65
3
193
77
75
2
32
24
4044
18822
245
4
473
1750
2
17523
2449
1140
2
17
160
16
17163
3536
18
2
61
29
604
130
1
1751
20518
2
66
48
10
334
837
6
5936
2731
10
355
1807
2876
221
10
51
1408
67
12
591
6
121
16
157
185
10839
2136
27
394
19
4
13955
2
8
7
2168
325
4264
2
62
208
13
58
5
11078
455
1
56
3837
232
520
8847
575
7
243
190
192
2961
15464
11642
16884
1848
2
4238
376
7798
1
2
125
273
8
12
62
19512
1067
6
190
467
2
45
5389
33
1
88
905
4663
304
847
13971
1
1
3
3
827
30
6
954
225
22
6
191
30
13469
60
15685
1132
14755
5
74
15
8272
18116
1
1259
192
432
11
3
3
57
67
18
2
8
11
1
2
779
19018
5
3
10173
2
82
11
20339
60
102
3
11316
5
874
8
22
340
78
3161
161
113
492
1272
16296
14
3800
13
266
9
2943
276
1981
2501
171
427
239
3348
932
5442
29
15531
4
44
1950
69
3
9
3297
120
67
3422
4
10
32
602
8
504
10
146
148
2
780
5055
3
3
21
9002
82
13
9012
9
1
390
1056
21
3015
10
523
63
2
508
6083
5648
3
3
4
2090
2
56
1
253
2
2
5164
2
166
1666
1
606
986
1
3163
2
99
14467
1769
4493
94
1736
280
1
124
6719
98
2
3
410
18
54
6
2
7
268
947
1299
20
113
180
28
18
15430
93
905
258
911
265
365
4530
101
22014
6113
18136
81
225
3
17
377
557
7841
7997
9141
45
67
4
105
14
337
17600
53
19673
1
9
841
7531
22
42
4183
1323
34
829
1727
6379
14147
472
3976
1
6509
128
13
3628
6620
1021
4234
6
15064
17
268
1
536
3
3
312
144
7
266
982
2
161
12760
8
16866
600
196
9
2
6057
5900
13557
63
7170
10
14444
19
1
8
146
2
15481
4
43
2969
109
40
4
136
204
84
14240
5487
1496
915
417
926
1
511
10052
5
16556
940
11
906
106
2982
32
14
1202
3
14032
71
66
9404
451
4
19
9
153
3
839
1
2
15363
83
17
5
17201
3231
9
5670
2
7
143
16792
330
788
775
15
2916
57
6474
5078
4839
18
2056
2
3
83
1264
308
2
13
54
3886
1
127
161
88
111
913
10
1039
396
58
6
8
113
111
36
917
9
624
10
178
4
2383
9
6893
320
3
18997
767
509
6
173
380
553
62
3381
491
2
2065
11298
51
85
26
12
459
234
3
63
3
17485
20250
13819
436
308
40
16
3704
461
1686
558
64
6682
158
963
9287
4562
616
6
2
82
159
19
237
66
1
2225
22
3
91
537
2
2404
283
20384
478
12309
14209
2
3098
232
9
1761
26
3
1944
122
1487
6
4413
1866
9236
4
5
398
19911
396
2
1405
3
3058
2
35
44
1706
5184
9862
4
1094
11
36
752
4285
1
244
1106
7
12567
6
7
34
3569
1
13243
1
1631
4486
33
2
253
66
2672
2582
395
2
5
507
11
5826
2599
23
2316
189
1536
3
10157
5156
199
18925
6599
38
11018
7906
3
1377
7372
101
869
1
16
342
1675
7743
13
1963
24
1074
1248
2167
14
899
2492
331
142
8
6545
1610
91
3
962
13
26
29
88
314
3785
92
1
6552
24
1035
7647
1170
396
62
4
11
3651
244
5
5
7
5
32
7256
82
118
4220
11535
301
2
95
23
1
2
1490
251
465
26
10
125
412
2
2
10558
2
909
6
7971
64
198
150
800
9116
244
3
296
20
949
726
30
7
1155
43
2
5075
384
12767
1587
79
36
599
7494
19427
40
17
13
15171
302
822
171
995
2
853
2377
825
4222
1
45
403
6
5571
2504
617
3112
76
2
1788
11541
1257
167
996
9
111
264
14
148
1
8295
979
8
6
7949
6
50
9612
289
25
943
960
2
6942
131
7057
7181
33
850
8
464
18
1440
261
2
2
6
13
18
3301
526
65
14
359
10599
75
625
9
1148
3124
321
21131
12
484
2050
19
5523
170
691
17890
391
32
1589
10
2
2
3987
42
6531
29
2007
32
842
14263
14
940
283
403
1
8
7
713
17
11
19
669
2
2
8
204
4973
3
1
64
576
19091
494
1
47
2551
5345
3901
1
18
12532
284
67
4
937
1726
1564
12
2496
2160
4160
2810
119
3
673
16
4
21895
479
455
1469
394
2
16995
2341
661
11
141
5868
1
183
9539
1705
10
217
79
150
264
1185
39
23
16
5
19694
28
1
1253
92
18
4
56
101
6
55
1586
3366
230
13
8
13
1614
15
50
2229
7
29
2940
4505
29
22
10387
4
882
711
375
5
11292
2150
61
352
19759
7659
65
607
3
618
47
448
250
21051
27
3
2
7146
590
42
21
12222
852
6
27
2619
12712
236
36
85
9
4866
2063
46
550
1179
3944
1531
15472
30
2
5779
34
1004
1482
1348
8
31
9
761
2
19856
1
10
123
31
4432
20
170
85
1
6
181
1094
15
101
50
5
4722
118
8482
14
22
260
362
2
69
442
1
531
15
172
1634
7
9
11623
62
4165
269
57
8120
140
14
2116
63
39
3
15
76
3
291
4
56
37
7
742
1202
2749
4
90
2078
293
3
4847
300
676
4
4013
52
2
11725
3850
45
5
25
1859
2259
1119
99
7
4459
60
957
493
43
2704
4
124
8851
23
6916
2747
171
653
53
2
2770
5424
1056
1519
18801
2
170
2
74
2
35
2
19237
4
1
4079
1
2
5
250
2
3937
3144
465
4
80
21504
455
15
2
37
548
34
4
305
2
2
380
6
1637
403
31
1899
856
150
265
801
1
6
127
8746
1139
975
21
25
58
3
5
2133
7
157
24
186
7
166
4002
907
4172
4
1
9312
3444
6
59
11738
9
2
578
2442
5
63
3
1
19
222
6
9776
12774
8
14634
11391
1214
725
1
15
4
2
15
7
1
3
105
13
26
15296
1
31
16838
1
57
4
772
387
687
18047
720
7
1527
787
3899
2800
16385
1
9
254
1303
1
17715
7837
1
15
2
20
1050
5
14787
1481
14055
93
95
15
3409
400
15
48
1668
4
28
32
4
1
319
8005
2
152
105
64
23
11
781
3
10785
10
3
16084
23
1
874
3
656
1091
344
49
13857
1350
18
1412
157
286
57
18
1
2
4984
910
86
171
9
852
12
2827
32
109
13006
320
443
4615
338
502
692
159
773
2054
9755
5846
224
6
19280
34
140
2
9
2761
1644
12363
2
1012
12670
194
6
665
3
41
70
2902
12
9
8
6020
17257
1759
803
7
4673
17619
14
5215
5704
2596
112
12999
456
1
462
1
1
12
290
2
615
15080
1
516
1122
187
11236
336
117
5
635
2191
440
2059
4181
63
4
19122
2
3359
9
4271
9749
5553
14
3939
7244
12587
6897
18
264
251
1133
11242
4
1
4766
10003
13
3582
12
2956
20
7076
2
8
104
132
9191
4491
395
156
31
104
11151
26
9338
522
9363
3
3215
103
48
20970
2
7
1306
3
27
213
210
7
139
9
1102
155
115
2
20
363
8585
2
6
1615
135
1560
6
6
2300
1719
2
4
26
1976
7764
88
978
28
2616
635
58
12129
14248
579
5
348
390
2
1234
2
4415
1
16207
3
10
41
1017
178
66
9032
3
7
2139
593
2
4396
3
1105
3446
25
9
5145
8129
7022
2
8
62
1380
3310
6
2
13
376
7689
9
8395
2438
27
6163
294
8
2589
239
11
2
4557
40
7
5159
9
373
231
13609
2092
9
8
13
15
7564
7209
7
608
894
4
3
17
2623
2446
43
9482
18345
10
96
137
256
2
7
9
4
1
1491
8
12030
15498
2
394
2541
6393
40
13
2
23
708
1
7
1167
51
60
668
31
9728
9970
125
2
12056
22
25
457
5833
15015
20284
1281
259
15779
1212
8
6
3
3
1780
9
3
1185
7103
37
516
5811
11403
89
3750
25
2
11
106
1
90
4
15
843
7
2
3
8
3
249
1
1871
327
8524
2566
3
371
1458
24
3
711
1964
535
4518
45
275
5511
148
2
83
2
328
909
12539
97
2
3142
7
8646
4
1102
3
8363
2
182
16
130
80
52
5097
353
7535
2345
3
16
22002
2
152
1
16894
471
5
32
21445
3
116
20
12275
9302
855
14
201
768
3
13135
127
1
2
2
50
7
5142
221
4
165
2245
598
1292
12622
46
14916
2
199
11434
1
12478
9
16
885
18843
2684
9723
20822
148
9358
3
2972
13
86
21270
686
11
2891
67
366
6
60
14811
9328
9
14819
42
252
2
317
206
96
318
65
30
1
259
1
1
3792
14310
12
397
3440
6
872
424
2621
3653
9
452
1946
3
13736
6
1
8
34
2700
5
8
2
77
13
347
449
88
17764
3
6
12
471
117
115
9628
3810
8837
3
5
904
3207
2
81
7710
6
9
259
4
4
1
104
484
549
21
17
5457
55
122
311
1334
2
2911
20948
627
66
5514
1387
1484
393
11169
88
4
1
7580
31
2
143
259
387
4648
7
7
49
9792
2282
9
1
5
4774
16
13933
109
290
10756
22
19
3
16529
1084
78
298
1350
3612
62
313
45
3
1058
9415
3
139
1217
20982
2
1486
14876
303
19227
2272
2514
734
464
10692
13440
1422
1080
8209
28
21492
2
189
4
3
1758
4587
4
55
124
6137
3
3
556
159
1175
37
1
583
39
1
12
20551
4
85
3
1829
800
74
75
8866
226
846
2
1
16
94
7
627
1680
2
11
3
2
31
59
272
28
3985
556
2
5
101
2
9121
11459
21919
1027
116
84
7
2
2
47
3437
16921
3
3091
472
2394
5
16
1
4503
48
14155
421
1121
5
55
245
2027
3
221
16610
20720
98
19196
2
203
26
4877
2
99
3
5
4
2
14
98
361
8861
1238
94
2106
20
1244
4294
388
20743
321
40
2312
21
1994
2
2
203
10
8
15
476
9889
370
141
10
338
2
21259
93
485
670
12
495
48
135
2
4
6
67
2
255
350
5161
4510
5
9
3
359
496
33
5
5626
10663
282
37
107
1180
10628
378
14
1732
7473
7988
42
3884
8
83
125
153
289
1
2
4015
1872
123
17
32
206
4
15
65
172
163
16
75
2471
11108
2
107
186
85
426
28
87
6
10686
5
2
87
1141
88
4605
19070
3403
2
319
3649
1279
358
5590
939
214
2946
1219
490
3
14884
1
4701
152
5666
1379
9
7
3
244
1477
458
33
1
6
8349
46
132
20
5
24
156
38
34
2
47
2
1
4
1789
377
3748
18
100
85
4318
4
3
929
37
2
36
4469
231
5
21293
3549
5
41
55
2953
5354
1919
73
3657
5
738
2
1854
60
52
636
204
4197
4151
343
88
24
9343
4
1
4
3914
23
652
9
17978
3
2
1
1
17
4
1537
2
44
1827
1467
2
883
5252
1420
2
3370
14763
6
536
20439
2
4
1525
313
1
6
68
597
3
1487
8
16728
7336
879
68
5235
90
11360
420
29
2
143
18
5
19802
95
1
24
5136
2
49
5
28
1226
12
9
218
3
219
20
258
18
132
10
5971
184
773
71
161
9
8
174
25
1904
432
1
1110
7731
3
11
12
6
61
47
567
147
2
729
5244
16
11867
6
17939
4375
5855
10135
343
19
919
7
62
758
6
2
90
12
1
83
5
97
17418
14404
1044
13
69
1
8561
71
16502
214
21410
6
65
732
4
278
6
8
5
20328
99
16
9696
205
79
4351
12
27
161
3073
241
2
94
516
10
6556
2
20184
2067
2
7777
2
46
1271
448
19
6
63
5190
3
2
20428
164
8543
20395
10
192
458
18
57
32
5878
6286
10
375
3311
141
2842
3610
165
2108
23
16
4
4178
7655
7
1430
70
193
3
2
4
749
502
3616
79
5
92
4
4391
18275
20
16
1096
9
1
196
11
341
505
55
643
144
1070
56
18956
3342
152
3677
7280
89
454
164
9
307
816
19
205
4363
3637
2
81
9523
1009
1
2892
1183
200
2927
201
2
2
1128
1951
5
35
405
4153
560
969
214
3
348
16
19
23
7
4
8968
4403
2
11
7803
1
2
1632
9878
2
2
2558
19417
14
37
277
42
25
5
3488
25
87
1804
110
6
167
154
3867
1
5
1190
1
3
18
9965
2
307
1
44
21166
12369
2
568
783
7
46
10
133
648
114
12069
6180
13344
12546
2335
5
59
254
4
55
78
17
134
180
1011
11951
62
365
4699
1273
698
8
87
76
9
2
462
5
6
8
19470
42
10
4
27
26
11
17754
966
6001
357
57
1239
3730
236
767
9813
18087
7
1
621
1269
330
13250
174
32
85
14
1549
17571
7
3
16820
54
25
3
2
24
17
1120
17
11744
125
29
56
19684
1702
140
5296
1
1
10
98
17
12698
3647
782
46
2873
1532
6520
16110
60
9425
42
1075
571
898
20
4437
3
3
582
1096
19311
47
8
720
29
13580
19
7134
123
4
40
54
15
15304
2
9867
5
1
8
27
13
4816
59
5
2290
737
3698
453
18618
64
138
32
48
4
147
2
942
30
18
1
4
1968
3
4750
63
1
5769
43
8
314
3
8
6800
1578
7158
14412
5086
3
16172
30
1060
9
23
61
6411
2816
2
4
16
36
2
244
21681
23
1375
2402
5255
29
69
6
13
302
17380
8599
11
5360
1328
372
3814
13207
121
6087
32
2
1
227
134
174
418
2
3969
1675
8
185
15900
667
3
3
2822
2
19060
4
50
34
2
37
13751
1321
4
10
10
189
19566
1
651
1093
21
15805
12
13432
17
7
44
2123
13021
1911
2
703
4
5
3274
1661
20
3063
80
1
29
1650
250
3
79
1084
409
151
164
12322
13
299
314
160
413
17023
133
13113
49
6
1
25
8613
1
8
13
5890
130
13078
67
118
9739
389
156
3685
101
11
4
1553
15676
138
8469
6470
146
1
29
12
337
6362
13639
6
18
2
10
205
2461
12
93
14
3
13781
1
19835
176
152
5
10
1571
1
15
1446
525
5949
101
49
3
10547
107
2
136
353
8520
16
2113
16163
7100
435
50
43
5
8594
1
613
88
295
1729
37
780
3
9
19
1
56
308
35
7477
3
717
1
97
139
117
228
6123
16538
7
7
3132
10353
1272
405
260
40
1
35
18
189
75
5
20
613
7364
7
3
1
1111
158
1721
2744
1581
207
1227
1223
1209
1104
2
4
42
312
7718
315
1
5565
1043
16811
1770
1
1
39
392
5
6
1
2516
16
16
8
11366
32
274
1153
1144
1399
139
5763
4
11
145
15
379
142
4457
13265
11757
2985
81
4
2
2529
8580
820
7
6973
266
253
394
1286
11
215
38
781
1
896
6
56
86
3
559
5862
796
11560
1408
85
234
10616
650
1164
5
464
4725
101
1
157
7
5042
343
354
220
7
58
20
1076
829
8178
2317
2227
22
7084
774
299
694
5785
77
449
1270
11
1602
4
13
21398
28
316
107
10
3918
250
10
1
10587
4727
227
828
1801
3
109
8
1077
9622
304
31
14271
118
1228
369
482
8
151
8473
6
9
10
48
152
1355
13
4
2
358
1216
345
2329
543
63
1244
12
181
625
206
26
24
2
2043
6752
2682
309
498
153
74
100
8689
1725
75
33
599
18
1356
974
408
586
21
19491
5250
66
2900
5
64
195
3580
8
51
4976
4
1459
11
791
2
6
3259
282
229
222
8
3217
10
1367
13
8
1211
8832
81
1210
1
10
82
1806
5
2073
1235
662
17959
22
9992
633
35
4826
1316
1122
2
18395
20
5064
2
58
10392
13
952
11547
47
984
24
4743
2277
3433
26
10529
5
12677
3288
46
203
27
3196
4
20607
16
9534
15
31
2
27
288
2370
1657
12
4
1248
1
895
1
14
8
228
136
336
17005
261
19824
131
1
16
80
4
16031
68
13228
3
24
215
3
12691
1692
3929
1476
9
1576
7588
36
2
90
11
80
402
2520
13388
1
8876
8102
3219
12396
4
11175
5
16
7
42
4597
58
7348
34
970
24
2494
22
69
70
281
3198
5
260
2110
191
3877
79
1
84
2
21224
2
115
17822
135
55
2620
488
2473
8259
5
20540
6
2753
1064
2540
2
54
1279
30
16
17
19
10
4628
224
4
1195
2710
1
11712
12
5427
1
33
277
705
8693
341
2
6
32
57
123
431
10
287
3003
21847
5
141
4853
7
8895
589
12
1
3959
22
149
5020
14
7
3317
7142
8618
10
107
1159
2906
5
4138
14507
7
12
2
2
295
280
3093
1573
49
2
58
419
535
24
2
175
71
19
967
9430
12
34
8755
1849
98
3036
13070
4062
293
30
438
25
3368
13
88
301
1
6
527
2
4550
2
1
592
248
49
5
5654
149
3
17696
61
5676
284
32
381
15762
14
49
524
62
47
3000
49
11854
342
50
5
1766
2013
166
16040
14674
532
443
1411
1635
524
2929
58
166
196
54
1922
3
4803
7
14803
2
254
537
2660
13
1
3
2
416
972
3
65
423
3383
264
16958
3622
167
5
5
16
928
3
1514
1771
1
1473
30
3
105
309
2
105
15329
17580
30
5988
2409
92
14
82
45
67
2
39
686
5903
146
3
18
771
13
3574
6631
2998
21811
52
1
6715
5
4
83
1860
703
1
17
140
393
1105
272
9
470
1010
2
42
12122
96
2
4
10512
3
1
21097
63
451
50
185
18853
4
168
313
4211
67
647
5351
2
55
2
164
77
12417
146
2443
5
59
1512
729
144
132
6624
6992
22
5754
307
5
21
14499
3
2375
486
41
7
271
991
136
20
243
1
3229
5839
11181
202
1
79
2937
1
103
1
34
212
419
224
1124
197
631
288
11604
5
1
2518
1294
8
629
26
165
869
26
656
1
14562
4
17
388
50
4
3879
147
93
1639
2198
137
333
255
18
2
40
2
4
1135
9
1830
379
1
844
2080
4
379
11
1665
6
1450
12302
15625
7042
14
2
19
216
373
11484
7
4367
1141
6383
3
3168
78
2157
7
93
21
1489
432
2563
15996
204
2
36
53
4
126
1684
2
1814
3
54
200
2
4
919
9
1320
2
21
94
106
500
5
270
2
4582
8765
62
18
1036
2844
9292
18
2804
6
7605
6
6
864
18436
1055
544
123
64
11
131
3665
821
24
25
8
23
8993
1760
14001
6040
1687
1063
1642
57
114
1
2
4
11873
2025
19
2482
19217
3
35
10
34
28
1664
3567
143
1
12
4
1
2
3
2235
2
4
604
3166
210
864
43
59
119
5926
1386
2413
437
12649
4555
2869
1621
94
4
7618
17
3
10
12175
8
2415
11783
87
33
44
79
6228
484
29
1552
219
2743
1429
5894
59
8
2
4
23
1012
125
4
20675
199
19
1453
1133
998
108
28
3
112
18225
4
2148
876
82
8
584
17667
6513
9047
28
3
10
4
1362
16
126
981
1157
3
759
1
3235
2158
4
332
156
176
3
741
6337
2359
13
17
1
999
20
44
45
91
2
1779
145
150
463
18
5881
135
4280
260
45
9513
5
3965
7096
170
20698
800
3842
467
8455
7080
49
1363
628
122
555
704
3
11516
1934
701
145
119
1187
41
6767
128
136
9
4471
32
6
986
1965
25
21
3
10
3
397
4
198
12
14
15
8
2
44
746
666
2
490
127
32
543
104
15926
17
3
31
5
16
526
14
16066
13887
23
26
2
1
16
30
3
2878
489
1
17969
291
7
183
20
78
404
1127
96
46
284
9399
9
1249
10
143
9
2
1030
2
2
38
17342
125
99
436
8263
15
227
501
3
15422
2898
1
1087
3520
934
7288
5
163
11
16619
71
9216
309
69
8533
523
3
1686
4057
8409
21201
1667
51
2
10432
6
369
39
7260
3691
3
21
6262
1
3
4053
1568
1812
11
1000
2
18
10
441
110
454
2470
1601
1
1832
14101
4113
9
468
3
886
40
3763
12
8
14
1022
1846
117
469
1
673
934
7
1143
76
390
476
3
1
44
21
2149
177
92
53
4592
25
5
5
1427
1
9948
42
4686
9
1543
2
1066
2044
2
2
151
2037
12
2230
16
2
42
222
10
287
27
3247
14642
1289
6958
6376
348
1200
19
7449
9
11617
12
8
13
1
6
31
9
1603
949
2367
2006
17793
515
565
8
14009
146
14
717
449
53
5679
3221
21
7
10
1652
14373
30
2
59
11465
1744
21645
93
13085
4623
4
75
29
68
25
4523
277
968
32
2
24
36
28
431
1410
189
29
851
272
290
431
1
267
2
69
3324
35
160
1
4
4893
12
223
4
27
2174
3459
33
5
1524
287
714
13425
3193
3418
11880
5460
252
984
8538
20
629
2475
1
1
43
173
45
127
25
1
1
758
1002
14843
3
1
1447
149
121
13403
2
3465
2091
12719
104
2830
8
1
1
3286
103
14459
6675
1
2
7
3025
13
4
363
4
17116
71
5445
118
1844
20
514
8196
11
4676
431
1
317
7
119
14
16
2715
4011
43
9675
49
5017
347
4570
14
2
4133
18
21
4874
425
4
342
33
100
44
2
111
10146
158
41
110
3118
488
1
25
35
71
5
525
1040
20
85
1594
41
70
1
2
6
190
3
33
141
15237
2481
14365
16049
29
3
328
166
91
1561
1119
5629
4
3
3
11674
388
30
762
11114
36
4761
2036
571
49
25
25
39
1
3
4
682
63
1626
1
12
4
43
6841
21704
5448
11
3
384
448
163
2
1409
2308
2028
6093
10246
595
2
151
2
4
38
16
21
2556
8418
21005
18018
2527
3076
116
9042
12
7634
44
1653
23
66
7
901
10
314
799
336
1533
14
3
134
87
12732
3224
4
447
3507
1774
3461
68
6
3439
3759
3290
223
4
94
427
13286
364
4
717
1251
3
17
1245
3696
94
3
12390
154
4435
3865
3
561
34
145
24
8
19
59
11072
17352
11
3
6
2
417
8
88
7979
1
415
2627
240
2164
1704
29
275
128
5562
114
1
74
10
17144
13
603
440
34
25
184
64
11
1940
2
20
115
17
3
11267
454
4
75
3
121
166
20
90
4795
6
115
6
2096
169
48
16
13
1169
5
1321
5602
577
692
114
793
3
5814
2368
75
2814
2791
10946
20856
11341
7773
59
27
6
8
1
524
1995
875
85
5
15
14
54
43
14
6177
10
4365
117
11971
9384
1790
6792
6140
5181
18791
2
304
17648
37
1
1
20788
7
31
2313
8089
123
3068
96
5913
1
4425
72
3
289
1257
8
444
33
573
158
252
130
15
371
9808
65
13
13164
110
186
180
4
81
11522
118
7858
3907
47
18689
2
4925
2703
5230
1334
1753
50
6007
15987
8670
6
10
3177
12
3956
40
213
136
11
21
4
38
53
7609
18
33
66
2
2
5241
4217
6
5
14
2489
5
1
22
37
16
8
17
2
8
49
39
6
2
20495
62
4792
114
19143
13543
1
12
10
46
687
2154
89
5
38
5
12
2046
1099
3
231
2
79
227
312
26
2575
637
10047
189
2632
11
1621
3
17
623
13454
23
267
2315
14
7875
811
16
72
140
12726
382
386
8404
2385
444
543
5
6592
835
378
2523
2263
1406
4131
1315
35
1877
121
44
5
173
17841
1987
938
450
1365
3
6
2
2112
39
355
4048
17276
96
1715
223
1
7
4
5
15
648
7368
3645
173
84
3974
11409
397
437
299
221
2794
227
78
12003
13
51
21
1323
50
191
3
1436
958
1743
60
67
33
5258
2
1
22
17609
477
1654
1
14
10910
574
1204
505
6
7
2698
326
304
1196
2087
6
14
1243
8
880
47
131
186
36
6
13
20
5
4903
17314
8808
2
554
3740
451
10
1344
477
293
2
205
108
65
1330
81
472
48
2650
21212
5
716
6
734
7
3860
57
900
2
509
447
2388
11
1979
64
16520
54
34
646
1929
9
238
866
2
1254
14
37
54
5275
25
5
7
9
500
437
3752
20
72
41
641
7065
177
16949
1116
2
38
3
469
13
15413
1926
9052
3
10427
76
1616
3
3848
1662
4
22
8
760
569
135
1
5
4
419
3
42
16448
3322
5150
12907
50
450
8
1
12656
1
1361
39
2
2454
1378
27
230
14039
4
10880
414
3
162
2
2
112
192
3254
6635
4
6248
131
9
6221
2
5
5
2361
18
4156
52
1189
5952
4124
31
1
16
618
1879
14
1130
2503
4610
530
1221
176
7252
2
8
133
57
44
355
3
4
9057
7992
5100
1900
2959
8818
2097
43
77
8386
2143
21340
6097
250
36
1
2
1826
4824
28
6
16
11
463
19
6
851
950
3361
382
19
18
7400
29
231
2
3
466
80
324
784
21978
263
552
980
6
959
1784
246
1
5
81
3090
5
19
38
40
19385
15405
174
12
160
3010
457
3275
249
2084
922
678
12202
12608
3053
54
11591
5
38
1027
1
4037
18577
10
96
5919
11553
1
305
71
2
1
2
9910
116
111
3
3538
10229
6211
6341
56
5
68
609
136
3706
358
883
2
15
22
38
21
19269
29
2
171
207
263
3
238
2000
14
15702
187
4
12
105
28
70
6
108
3
2
8032
20868
628
2
339
6293
10
26
3896
6143
6463
9
651
7429
160
1819
575
5412
3
28
186
11
577
4332
7
3
3486
113
17
11776
1902
9
1503
399
9323
45
8
3516
15822
6024
17
5
2
12
926
4122
20913
1471
1516
39
22
8427
13099
3149
149
134
11428
10506
121
2
26
14295
17
60
6
11422
150
188
6
9846
30
3492
11199
14941
294
902
6741
3048
3693
6
4144
2
4303
2
42
6
2894
107
20
12
163
676
298
421
433
1
11661
1064
25
42
470
1128
4231
99
18
39
402
4
1055
6
10727
6811
2730
578
1
6
5
1
2
5871
232
101
2
2958
3452
6
49
50
14
1041
158
14
15
1233
281
2
19
7
3
2445
1
1246
13
142
3279
1
12629
1
47
37
6541
5
25
11
67
1
2134
2390
3341
316
652
18315
173
6977
2
74
1423
16
1
1
1925
54
3514
17
17
77
315
55
3026
89
3
892
31
731
17333
479
8
39
1
9
12
2
1894
6502
107
4
110
6
297
61
4
19
2
1
2490
7
7166
55
532
16
112
3
4869
4
15
132
724
22
6954
1034
77
3362
564
2
1
13
18966
229
6207
1333
448
8774
13178
13
317
9
18904
2828
2206
356
3
368
71
14
428
125
4625
106
7867
7
280
11
6837
53
1438
6733
3416
14078
2070
213
4
4935
31
2
128
50
5
1
1311
218
142
12943
1932
62
5410
5
790
1912
276
5
5053
552
890
15831
2
2
15
157
10381
130
9
584
17
4
29
13963
15188
490
48
5454
2366
62
747
7
2
360
12
94
1057
1506
10
2
5404
55
1138
43
41
3333
163
2799
152
14452
3
1
8
23
1
415
105
102
230
34
608
2458
2884
3243
12809
11218
3
85
3
5
8
4944
246
21143
3663
6
68
9111
1
38
13
13
9394
2019
81
65
103
761
2
399
5836
10041
2
2
4
1611
4147
19406
1707
169
9
1809
2
621
854
1997
60
38
1679
2914
44
3281
96
39
1108
118
31
12
14982
13
1
2
20129
5
856
14
162
6
51
4
11
6939
3242
1822
12376
13
90
943
1609
27
12
5
5
2
129
3
8
41
3924
86
390
1
12356
66
814
64
1
1282
8
419
32
56
1
16
9037
264
132
16
857
834
9
6
273
14302
13624
1572
306
529
45
4273
303
18
34
792
7
3639
2
1
7
35
55
10
19
10552
1447
248
19954
3
3
4090
9
5451
73
214
112
58
180
692
133
14
2988
14116
1174
572
11
6027
5284
776
3935
2049
230
278
5605
14
54
11945
6882
889
546
1
2
44
7
365
11990
2669
976
50
10268
3
41
2
12
2
5
8
4176
6
776
7
2
14
67
13684
430
12
1377
7092
2275
85
1072
2303
76
528
2980
55
5210
4
924
20
10
108
941
59
2114
2
327
41
37
2
13
1
6355
73
7786
3471
727
42
3
8698
6
102
9
297
21189
10
416
69
52
31
25
1786
177
269
539
645
72
5
1
172
802
3
419
1300
5
325
499
16014
17126
1841
34
368
5368
61
13
11
74
10
80
111
12886
17399
33
20959
2
4560
55
8
6778
447
126
34
106
317
105
20
395
3046
152
2752
1230
5
5550
127
1
38
1215
18
61
13
4717
31
491
84
11964
1
9146
17533
6516
120
7248
47
12
55
309
8566
492
12
7568
1856
208
793
19
3268
2
495
8023
8
52
46
4
25
1441
321
2
16439
2
4
58
133
4115
4
12
3
1
4004
5022
15
90
3
828
4
21039
17812
40
44
2
2
14483
321
453
6856
289
17
17561
5
104
2
12
966
298
7300
20
15
53
29
415
44
13
514
1
3
23
18
2
605
10
1
15105
2180
1031
7936
150
2
1895
217
4
594
11048
8929
215
1270
2
5
49
3
82
9
7
646
1595
67
73
88
1530
1509
2951
18
3
211
1755
3357
17
1
103
85
2
1935
11509
1
178
5173
128
37
27
2
262
384
265
24
18375
616
626
12
2
135
2
1221
76
11
46
2695
2
1435
14539
9096
22
3833
21085
6390
76
73
16269
2
3
45
14
9
10
72
10
1
8464
7
41
29
6804
538
8798
612
21551
290
1884
861
18658
4
8381
6344
5
1
319
67
697
50
14070
18
320
71
16592
204
2171
194
2
48
1166
24
14389
18
765
2
12
2
3420
1
35
6
1942
154
1088
7
42
76
9
6
39
10
9760
596
10
815
126
17
640
1250
2690
5475
13661
226
15
3614
15396
6527
3
3497
468
8345
5398
813
4756
197
93
3
769
2
11
8
13042
1
8
7420
2889
4108
15279
57
3
4
4719
438
4
363
242
9492
2
142
2265
4
7316
1452
1
6
30
162
626
76
431
8045
3
57
6689
460
2414
23
4
314
128
10
18255
860
481
271
11397
21907
104
5842
4971
251
2032
227
14933
1059
887
2
3
582
61
78
473
27
6080
16242
17
434
11
2511
8679
3559
7119
26
102
1
6133
11
6
6
1540
6
14523
2103
7
6737
4
4
501
21
27
7
2030
6
326
1740
325
52
813
26
70
1206
98
4
1
584
19976
17
13842
19502
4
20993
1815
428
170
2
1
201
589
209
29
534
19
9166
3
2
819
8
2183
12282
4
2
176
2193
25
1
2
106
9
1407
31
8
4
38
439
145
4
636
9
14342
40
17
1550
282
270
6
8
8
742
1575
903
12642
335
13
4
60
117
37
4
9981
6
1834
3
4129
174
240
320
3002
81
6050
129
2
1748
9765
44
6912
3765
25
8
50
93
10
375
1425
124
72
4
6053
224
7213
1345
16
8326
931
3738
11
10651
1
339
32
19889
4
1647
24
3
1366
4890
37
642
13092
14225
7
3236
71
14690
2
1041
3
6
26
17
17
10982
17513
3528
570
14
247
1
25
1
10398
8
2
3
690
54
98
4909
11353
755
38
131
11899
3
4
7
8
2396
7127
236
71
130
1683
2033
3630
2853
2990
3186
3
2606
12109
45
18
173
4059
13
5009
25
4
7576
39
409
513
397
13
4247
3
3
393
14163
24
703
3
1867
5
14
10809
2210
7
27
2255
78
59
29
1897
2587
1927
3
12
8803
242
200
2
1908
2469
2
13359
5975
2
43
24
35
6425
1501
138
4394
219
1342
23
20777
44
3
126
4075
3179
2
6
19932
815
512
50
2
1
3
13396
12
11
669
14998
3661
217
16
2223
2
3
1016
19748
19
72
2
1215
3511
14
16
17628
469
2712
2
210
32
1
2
6
187
4
32
2671
2
4252
21716
14602
7
7
614
43
2144
5436
51
27
1
35
1682
279
812
2
1391
1123
617
2
54
1
1746
2338
13
4370
3
1920
39
401
1943
2967
126
1
228
31
12746
161
3
84
155
38
5744
1080
6628
1032
92
900
18
4
4
5965
3
1690
12
423
6
2201
420
19651
1510
249
107
955
239
2
6
64
2
27
27
5463
4
4
3
4379
19
138
4
25
24
7
1
2
14900
15313
1
79
1483
3364
3716
845
316
144
6258
73
1520
4
62
6577
5
11598
18812
75
8914
1005
3
1534
495
2
11
17
2
2533
1172
2
27
3
2
2796
374
2
810
435
15
2
15874
253
30
53
1749
330
1331
3
19
9022
6
901
3
16430
20506
8
922
2
206
3
2609
1
149
1
19
233
6
6
10036
16
13
4169
121
59
3854
143
3
4
4922
11
7
375
53
7007
2701
10257
13978
31
17475
1851
1
504
15489
242
558
10668
4102
6090
16403
3337
11
21515
13330
2100
10358
21
39
15
6365
1
2
2499
4
10721
6477
11
6127
379
24
102
256
101
2283
14
2
8
5981
3034
44
1
510
272
11
1124
9654
7328
3
11841
5657
1
3825
545
4
18
3
2
2545
8085
4
1910
51
2
1401
77
1382
2
37
2
151
216
17
5
674
48
3
6
13
142
1
16903
8
3626
21
23
655
17638
115
40
7
12865
11273
6
517
844
4292
1888
2
353
4
54
47
305
279
9
207
8151
90
297
16
6
9959
1431
73
3
7910
4
133
7927
78
197
7481
19987
1
218
6
9
1013
685
24
3277
2
588
77
83
17
2
3
15651
2649
3
17504
2602
4
16
1337
19364
96
3344
296
15979
654
4
2
24
450
6235
2727
5
3
289
4
10
638
2
352
452
6
55
12049
5
4
269
2
713
133
3
5
3
8
39
1711
2217
2
13315
12
12
12
14586
2236
14
2
721
35
38
10319
7221
1040
2
15
273
332
6446
2203
667
1
84
39
1
3
315
424
803
83
11478
15
93
12
568
1402
18567
9
3414
225
7824
19
46
1370
11
2
11261
1
72
2350
2
2734
5117
5392
192
2
21764
2
2579
4
9333
16
6
349
2
4
228
805
23
16
48
4995
2
22
7123
20173
67
2173
180
670
8240
275
3
88
18
929
782
40
1
6
8822
45
254
9262
2
2
1
5
6931
112
56
2
64
208
159
4
1457
14795
7
2
43
2
1645
10
20
23
76
824
1304
407
137
48
117
3
964
1776
508
7
1318
461
20
614
152
10330
6
9
48
5
2205
581
24
4
280
16
45
3
3555
993
725
590
2380
1
8
343
249
302
11
18
16
2147
9
2
287
18
1
15
1
840
22
2554
25
149
70
12512
69
17
2
5584
971
2647
10014
1451
1179
8978
340
120
1224
39
1659
2
3
633
2
90
42
225
3
284
18385
111
1
3
13721
41
46
17
15039
103
421
1359
43
2497
4
1800
11
2
202
1497
957
16145
13462
15710
1651
649
5
51
9
395
500
1
16583
165
2384
1127
1
10296
655
2215
40
3
24
15138
114
251
688
4325
1567
348
1419
3
18915
21108
7396
1026
1498
14381
1303
11
871
278
10952
2291
5031
16484
17
22
4
13
8
2042
479
20
12023
15
506
862
2486
1177
5339
7584
1071
4201
3
210
223
19
10
3
1
736
7597
3
12182
10904
4630
14851
4
2327
2
204
337
181
41
9
270
120
3
1117
271
5942
4
13
12
322
9
1397
15659
1
921
4709
2
42
26
9
88
1
504
1
468
57
5128
3293
110
106
217
3049
13049
8770
12971
2
1425
62
730
52
7
10768
783
5544
1060
27
1
60
3
1
675
37
881
341
3
4528
275
4834
2040
241
258
9
2
1855
537
118
20845
3530
1
1495
1
71
4
3205
72
5
11329
19
8322
374
8789
91
165
79
366
131
238
2769
564
1
1395
6460
9601
414
1554
51
2287
1389
10976
2
49
2593
3
102
978
1580
15006
2526
2344
1
5532
16
5
64
456
77
1796
928
5
2352
4
948
6845
2
17851
33
37
1
5
1
9
32
503
2600
7189
712
2848
35
285
155
1
72
1739
5050
3
21621
30
245
6
2858
503
1915
26
86
100
5817
1
2
2
45
1296
8
4
13714
3
351
6
739
4
6204
153
87
39
367
205
10274
551
659
2
20
139
362
162
23
9
3
16376
86
1861
3080
409
6
7
12349
103
6187
7
4
496
1439
2320
10375
326
19737
538
5611
1006
4
46
18
818
6495
1
67
2
63
14420
37
722
2
234
587
7
481
4
1
51
4498
86
137
1
52
2064
439
789
4643
100
4
406
51
1
3226
6595
512
64
1150
26
8071
105
2
2
5
54
3941
18
39
3702
548
11
1637
3033
2
48
170
10
120
3
1728
11984
28
4423
8988
3592
28
3
5
11042
3
826
835
18
247
145
7
1
138
10415
163
1
643
2
31
14555
60
17390
182
103
3016
3175
19716
4607
29
1584
214
3
4
6369
198
55
21
2
57
3482
115
24
107
34
1031
70
19609
106
351
30
6174
366
1
674
5
1
153
2
2194
134
2
1390
2
1
14217
34
37
8
1
190
76
14908
1
3
867
10409
3783
931
193
1579
287
3
13
2908
6
3
677
184
1971
196
3767
22
1316
1
242
2
5
255
6421
2864
75
1033
28
1167
1
1194
346
3
1176
2
12
63
1845
3411
2457
7572
1260
20
3
416
10008
1
2104
61
242
7
4
6822
68
16466
3377
3
1
34
248
434
4981
23
3078
50
10
16
3714
64
9943
255
992
2216
2
16
147
2
2847
2626
9851
22
9
3
52
100
2
15814
8
1
789
7
98
24
350
815
2
658
168
2
319
7
4
5
788
1
751
13796
6
256
1285
105
115
2
25
41
42
5556
14
93
624
401
7680
453
15
4
2
2
27
186
3
1
9
15072
56
18
2
4
15918
11925
8492
4887
77
3948
93
6
10
2694
2
11
3051
4979
6218
9
2358
323
99
16747
23
1442
4653
33
12
811
589
1
28
16912
17
303
1
13
100
6272
120
1059
26
10970
8
341
384
3
10058
39
134
41
42
8281
34
1035
4
5
2
631
144
3789
189
2207
159
55
8268
303
489
489
123
93
87
16
96
5
26
3
8205
28
6481
2339
7
611
1403
13669
1
1352
38
2425
10564
66
17361
3827
5
437
233
7547
1026
9176
973
209
25
404
873
14860
521
21
5
79
24
14287
4
4046
668
30
3
41
30
2
10
3
707
5
155
45
8
392
66
2062
2707
17686
8
11886
5
8
295
541
4
8308
28
198
1
2453
13
3
3105
21610
486
8760
4987
494
206
6327
1933
54
13
16367
16
5207
18
284
16475
3708
16802
6965
2026
300
722
7
4
323
1125
6
4
225
253
86
131
406
4
125
11
31
235
405
1
107
11
303
5741
4077
5
580
9575
2544
13
5
2181
530
140
33
7551
1198
14
21
4871
28
116
506
6
95
1
489
1
7
2
770
3
13352
208
1
148
11847
493
93
11
267
487
36
7697
5991
1205
8
221
14024
105
128
2
40
4714
74
5
3804
4
1660
8924
1
4
2797
5751
17861
349
72
6
3
10336
3
3655
695
5201
40
3
180
78
7714
2
387
2
1
212
24
27
14
21305
2
1767
1
841
381
1153
1
7
142
1
44
19
2185
157
17051
109
98
4
3
27
143
2
8
11763
10
5371
4
947
2
91
52
23
182
5
2240
25
9
20
1
65
202
265
1
4829
723
61
19
11
1
8
2246
204
3
224
88
30
216
129
235
118
6807
246
21062
86
1291
260
14626
6
4
7518
73
99
11
17
860
1522
22
17
889
292
58
1
10
20
672
1
323
179
2
1
33
12519
741
253
9830
13257
23
561
3
4
2
8160
35
6759
6
11
50
331
2
15523
3
200
45
12
5716
147
11012
12
18557
84
7
82
8058
7
2048
549
17
327
62
357
162
18628
12816
198
1
21
728
9596
7
707
422
451
2
62
104
8
12
151
3982
5962
28
4408
5281
38
4
126
650
15380
3
2381
566
14232
1424
9544
2
386
49
1109
2
2
5577
2
3
84
6
13
110
1277
449
150
1
2942
19290
19
6
18
68
15121
6
2
25
2820
6060
8
4
4
1145
4789
6
310
10762
10964
12195
12017
124
8076
1999
42
14
10791
9461
1168
1142
971
20
1
1
99
57
1332
1365
1641
2
4954
3117
200
356
44
3315
156
133
242
153
2610
33
16
5623
182
58
41
5044
7162
288
17437
345
361
204
19
9
3
9
30
8622
1
11
585
246
4542
38
95
153
162
2213
146
57
2
83
777
19705
1558
59
768
751
211
305
3
5
3
80
3039
3578
316
14178
6
92
911
1
2583
2439
69
361
22
6492
32
9
538
81
13986
1074
6
40
286
90
7416
256
108
108
2
29
8
3
315
505
2195
222
3775
3191
1508
57
989
13
5336
5083
1712
2
402
3669
553
81
82
37
16
2
8331
10
8
10898
25
54
116
10080
3
2736
49
24
38
6269
142
68
141
1
2
3
2653
8487
78
50
3586
3
7
1765
59
44
4026
411
4
4346
471
4960
94
10862
951
8
168
12844
283
827
90
30
2
72
1
1
3222
5
1343
706
95
24
1663
23
2611
1
235
5
335
1066
4420
424
1
15
2
5719
91
46
67
203
430
35
13214
2
70
7701
7240
74
26
45
6
333
10958
5
266
834
289
10461
345
881
6034
7984
24
840
6859
7276
4
3011
1698
93
44
684
2
1110
36
2675
2775
2343
2
252
19
8422
1
1
9017
3996
2
263
757
4
787
13
5
138
411
23
2437
18781
10703
6245
6
670
1255
367
2855
33
3954
9
6646
1
4
1171
9171
3
48
126
798
9787
3
1
3457
155
3779
1747
4
5333
654
11
10421
8080
6279
28
172
314
831
4858
2228
38
21
326
1892
3265
8
766
6414
37
1052
1
1
274
153
15023
35
3
9
956
1151
212
2
6755
5176
7807
1219
12036
9932
6
1
61
690
22
4577
2066
215
42
14771
7676
176
167
10
22
5
9267
9
10541
10113
3744
5
5
33
615
47
7
2397
1
19375
35
4454
470
83
1184
34
2137
115
4
90
556
473
3
6988
206
2693
261
195
1348
1
10
43
1
2417
398
151
17
104
68
7
17
972
133
14
102
11
17070
43
1108
3
190
4
814
13272
61
642
33
1261
5
43
66
3863
49
61
6
6265
196
6852
20
73
13
40
61
19
12248
214
1252
113
17773
773
328
49
5481
2426
126
4
116
33
33
5
39
2
48
3424
41
11472
22
697
18146
1878
40
12255
18526
12
6320
1158
3
215
2841
153
26
4
53
1591
4418
3252
1368
35
30
17
9476
1132
219
40
964
7
1
80
2
6
64
4461
1036
187
10
560
29
3
7
1519
11585
14
27
999
8354
79
1
2
9702
48
467
25
6
19
12957
8784
2
69
2758
7
5069
53
6147
4496
2
601
7324
203
11
8731
9
3
13
33
129
160
135
2658
1569
146
3722
4
10
5
17
2
48
71
6011
487
1
139
2
241
363
2
17
6
988
95
993
2238
2
1151
4427
80
14
51
365
9
223
7
86
83
11566
11
113
7932
117
548
13
9
13849
45
578
551
96
116
229
1
2880
7
11
1831
1
581
91
18176
21
23
739
4
251
1
12858
188
4215
35
6506
15506
20
16738
217
391
6
1
951
296
1836
4
983
2547
7229
850
6077
98
6
14730
17
12978
17
1
319
2604
1990
3
5958
1518
12992
2
598
454
5
3
2
684
12526
10
22
1282
2
283
28
3306
600
21387
1
1
4
4901
7820
15616
51
12788
13706
1735
52
974
40
92
2
559
6
14
60
1757
1412
6
2
6
41
1
46
9
4206
35
18027
1507
148
26
8
4
10604
300
53
257
3469
254
4
220
858
3210
2687
1236
9
135
36
11
9
5
1400
8
3681
5238
39
22027
82
3495
75
332
2
346
1053
715
168
1523
2784
2
897
19049
69
4707
6
10
8
3
1
632
157
3875
360
2
457
6
185
4
1901
3
11378
20273
31
2
10
86
17
36
22
645
3
759
444
209
1655
23
1891
8062
95
720
49
17456
13
74
1462
120
19
1
413
315
9633
22
4035
30
40
215
18
10
111
1100
1152
473
74
3
5
61
28
240
10744
4066
7
12
3454
764
74
74
3787
146
3829
317
7815
3991
48
10
282
87
5
255
10524
8
825
14990
21
82
6442
123
862
2
10
13
3869
8
26
1539
7871
1432
7543
3551
386
7408
1079
4082
1
10
4
8
977
1
68
330
118
59
8
14
269
1556
26
42
20
3
6617
3
31
47
29
5
75
681
2
1
8934
679
51
13
3
64
28
3412
38
116
3
19943
711
1805
70
11958
18496
5
5682
4753
4006
6581
164
93
23
4
1492
567
7
7
671
18
316
9856
45
7672
8727
12043
8
2808
2
2
3
4508
203
45
3950
2
16
30
16101
6
4797
87
62
8
683
2834
1443
4
1081
12430
5
4
13
11834
5
13
4
4
3
27
1081
30
28
2807
1792
807
331
110
3
16
24
91
21883
2580
27
67
14779
33
10994
1
94
45
24
13789
609
4
987
22
1474
203
4538
47
5735
1
51
5
5
15204
2
96
2
937
300
2187
59
1
18607
8
2839
20
2995
796
34
8
6
542
190
13647
12
3
8665
6
594
6252
28
1646
17
9
257
6418
72
31
20
3
3201
2773
1
2
1720
3858
5327
541
1298
1242
15
1
88
212
5
35
28
70
1455
1007
190
76
1
14
353
188
4
49
3064
16154
846
12
94
145
13028
182
36
212
4
59
100
2
1371
7
635
6588
1
18
3
2
1261
7384
594
35
4
6
728
161
45
5608
1670
4389
324
4
2779
3
6
22
13528
270
610
13550
17
1
74
2
4488
297
270
1470
472
35
68
10886
59
1038
872
175
16251
453
191
22
267
224
2
8
175
592
6334
466
2
4
316
13366
49
753
2
5036
16674
1069
13
2
86
2
14
102
2005
3
1556
20
482
263
7958
187
20
1
3600
12336
122
6538
1
17
17
515
4
2188
8
15
108
22
280
248
19
2
177
429
9272
119
5484
565
23
1816
8
2218
12491
184
13221
42
300
17
4730
1052
8191
5
10
2597
55
2407
103
2
85
7613
3018
135
373
327
124
7
482
6
794
279
308
5131
2161
483
1
420
1883
1145
9508
9771
5272
255
4
295
621
14436
137
169
3
1298
103
206
26
20085
4315
13279
1
2750
14
18057
52
11906
28
106
12
1961
1843
298
366
5
1923
84
20
347
2362
5
10224
411
26
15591
8231
3
32
3846
20
3473
279
28
16
3170
3173
623
15736
3588
1112
373
260
49
12
109
73
1324
478
1077
8
213
3373
8336
1001
10844
123
17
78
19101
10
14
5261
99
7
3
33
2
41
43
32
2
17
21
748
2
72
11
4
138
8
12802
11
459
7
80
7940
2
95
3020
32
15
54
2552
119
319
3172
8236
2
4
13864
53
23
2
7752
14
1242
16683
36
9
5067
10
20239
10856
556
8
5232
2
5
4
367
6
1624
20
11090
9
6
46
24
243
2
36
680
1
4478
1
5047
127
1308
56
19555
33
31
875
2
13476
20765
5108
1
32
1092
1
154
131
41
17910
540
268
3
3321
168
6282
1958
149
66
89
4
3909
2119
2387
120
20
3
99
12
797
6348
530
65
2
2
173
113
47
114
1
2
696
11
35
3
9
16756
10107
167
1276
4466
1289
2038
19081
4341
8
13
12
2273
31
49
12
1049
1500
1924
14
174
1
4241
4084
19301
3
170
185
9062
2572
173
387
5
17949
2
299
2
2782
17803
542
1627
410
123
12
1863
3
30
1
2
5651
3
59
17267
3
239
8014
3852
2709
2
266
5505
13
4
15
17
120
3
66
385
18325
3
6
5
48
4850
203
6969
517
10074
2
11
4769
15221
4671
606
77
220
27
270
120
14868
135
19248
8
69
17
2577
536
10
2555
1906
2
2538
33
21966
1
10313
1
5
1835
19449
3272
6908
10484
2
291
461
925
23
6467
2
1258
983
295
1372
2624
3
5
146
195
100
155
56
179
84
17098
97
7
29
251
11
3
34
265
2
43
33
92
29
27
52
724
2
47
77
25
2
5
933
1126
62
3963
44
1
31
1
7
2897
13185
6
19
14256
28
1
9
20
6
12
197
24
3467
190
583
119
18597
244
2
393
7
2004
29
16305
73
2910
5290
3
2938
18506
30
36
35
28
547
1
27
8
899
73
2886
12010
20
169
143
125
995
2141
64
35
1199
4818
9502
334
539
43
65
5
1
760
15
17042
9
34
857
53
8
23
39
14201
5
57
1371
4
43
1
920
1149
321
3
9873
661
4
28
540
164
86
12149
3771
134
89
67
46
8856
12
5865
15
176
8557
33
121
914
57
27
68
1302
20
1136
2861
7
11322
1
9
4681
3008
147
3056
9586
6744
5224
42
114
6
8
16601
124
193
830
3
128
9297
6
2074
18
6224
606
1
13
5
910
396
2285
698
927
70
272
21
1778
184
2
701
1
8
9
3
748
113
23
25
1797
5
15179
8
2015
547
2020
8
1
1
22
21728
2101
33
80
198
125
3
10
1418
5
5
24
4
597
59
1485
18425
9211
75
724
49
2559
48
6117
46
82
37
31
12115
1478
41
183
6372
4
12851
16181
1528
18
8794
22
18
138
1
1432
4
5
616
786
511
65
97
19133
36
38
9
1
2
4278
2076
1828
9101
163
7412
17706
6400
1
17552
2867
531
2
2617
3
53
15944
2
2175
11279
1542
16710
1762
1
325
79
4658
1754
69
12
301
794
3
1568
12929
60
9
339
150
279
2057
618
1808
444
696
545
175
4810
38
1
77
156
86
20
12
19459
5
4
3
861
89
1
1548
6150
226
5
77
414
5910
10302
2
184
68
1712
2
21375
1087
2634
5091
2
8
1
229
474
10404
4501
1868
44
84
15909
3
6296
156
1
10645
595
709
271
50
34
4
2
1694
15935
4
3618
5726
1389
3
4
53
5
19
37
542
49
6
2772
12
237
235
38
34
21
310
2851
12601
350
215
1
297
11
4
11132
16314
15
13
192
205
9
8
5
9
2
156
4
14
12410
10850
1415
1
2261
126
3
76
5823
3
21282
182
1
460
14
585
4
45
18
361
130
1275
11
8944
1993
4313
1023
435
4
230
25
234
8372
105
11
31
4
34
5114
164
30
7
2
6
19577
22
21
3
35
2118
2332
4120
34
1
11060
1
46
13
1471
3328
2095
895
1
4
1
8
1006
4055
110
824
6
196
2
6602
9007
2
73
1336
2008
104
1284
18
20450
1893
48
6
12135
247
291
1156
1
8399
7
384
21469
6
191
131
318
175
97
1875
1782
2
1
127
550
1
97
11206
1286
7811
1840
198
1
1465
575
5978
20
19867
1
9156
23
12
3606
111
399
33
12
2831
1339
3
16
13
1039
1
6693
18
45
20063
1483
1803
200
5994
659
564
10610
3
7527
445
6
23
3
2
184
1566
72
1118
3
104
8340
14547
140
343
18
10916
669
17
20
808
5639
269
5
3005
116
858
1
20306
1917
1
21120
137
1823
11
6
945
17
20799
3856
2422
2427
11
10252
3
158
4
4861
1
4372
4
14
39
299
2
7850
21480
2127
1791
24
17238
2
16
1
96
5
514
7
46
269
440
206
4949
4580
4
5014
11
2257
1515
487
209
246
24
352
119
5103
3
6
4771
4
11
1
2
11579
985
6310
2740
4
3
138
1044
4086
18
110
2
3532
2
15
3476
24
80
20
3427
10733
1928
91
167
15
3030
6110
15
1301
241
355
3158
2
2
1
83
1
6920
199
47
3732
331
1
7
254
518
6386
1385
1310
21
8
7
29
38
677
136
58
154
64
11084
14016
40
959
4
1
10030
177
1076
325
6613
28
7437
6
1493
58
7115
52
36
6255
5
59
10091
3061
3892
4111
12
4
4
6439
3385
2
3088
44
52
83
5
574
9440
942
143
5362
50
44
5
20262
3346
441
40
1143
15271
5757
239
2
137
3
24
3
235
1037
2755
1288
3
61
34
19598
84
207
6
4
3478
28
31
71
15
6
79
10518
2244
2
466
3
97
179
1426
10988
4
1312
59
2642
7461
6
1
19
1
3903
749
14
1
3
27
8910
1648
3425
2045
1475
2
87
19
123
10
3180
69
2348
211
7425
124
1
1574
6
21586
877
639
3
4208
19523
22
21871
3
199
4787
4
2129
11
1
3
3
84
10
4782
13587
221
259
938
2
5
220
408
1677
3059
2
329
10
3
2411
1
54
1724
15
484
30
1745
1480
4
1117
71
5587
4163
912
60
5
459
1057
1174
8
5691
1
21178
180
1947
244
216
84
6
38
961
140
1222
2239
5
3146
205
1
960
3501
81
1
41
763
9607
502
217
392
605
8637
10019
285
22
26
96
5
4
2430
5094
987
3113
2331
4158
11
52
160
7510
2307
11
664
521
4595
2
8
333
177
2
16
178
1
5713
236
20009
10455
29
511
8515
13308
71
375
996
16
9086
7953
32
41
7003
640
1847
2
7735
4911
2
154
2918
10308
16848
2199
4
8019
7
700
21
35
9
27
6
26
4
4360
21422
89
1395
23
2098
891
2
389
3
5105
418
31
10140
14
195
16875
17428
19
11
1903
2
2354
10
1037
2
24
689
3
3598
5198
2
1620
630
6642
63
335
20151
534
340
5
2132
696
2293
2
13
4927
3989
359
31
8
19
18863
137
1
274
455
6488
2569
116
9091
1
9
1
5
6874
251
26
3
550
74
20
409
131
21
62
160
21
891
3
1
3543
563
1
25
39
4430
2824
36
708
523
2212
5617
2321
6
2267
2586
9
7601
1468
3
1
25
641
8
5
6
50
26
5472
20195
42
9
11687
3931
3980
189
18
5788
404
477
174
2
34
15
6789
3
15130
5
19
155
112
43
5
17
15
1
1
1421
29
1
3844
187
78
4033
8
4990
13
7111
11503
105
2
3
181
393
130
185
8445
681
50
637
209
7
163
311
205
8
2301
982
6
2
7268
389
27
9
2
1681
105
57
14738
12
48
52
2
347
178
1019
31
20484
10
47
10
98
6063
1176
154
416
104
2
14
5801
849
13
3
389
2
4
12739
546
141
243
8432
10934
11789
14
7185
539
51
12142
2
48
1472
1
148
1048
69
3083
824
160
3
6935
13
1
11
2276
1160
1
2
132
6826
2
46
567
3023
273
3
13948
4
32
131
6313
1010
11997
3594
487
1741
18730
10
1
36
47
649
38
2592
8304
29
1764
2
8290
1703
1
21
4
5
32
247
188
1284
120
17
7
5
2222
8107
15
26
9659
9
21
6
1417
1
66
898
13902
4042
14
15
13
72
1593
13
43
42
37
1
20
1
2
2266
1695
98
185
203
344
274
51
15246
7
26
906
9
71
863
107
12
1319
7
20
7
383
18679
10633
159
1
201
585
3
263
462
362
3326
43
114
183
111
19
329
3798
16394
3890
11
7560
9
653
62
1833
474
21
19
84
421
809
94
15
17
20020
553
12
41
2
607
246
849
401
15
91
727
2346
97
547
15113
15
19
13
81
2
326
27
10
33
5
10
1007
2924
1
5
1777
12
2643
1825
216
27
13994
16
17
52
48
1160
66
2130
8
5
33
785
13142
3534
11
1233
3
109
26
3267
3148
638
21
12451
1157
4
34
7
1
953
380
381
56
17088
19
609
158
13
3584
3
184
15
3
17880
9
9282
4600
17060
13
7
12615
630
1
4737
2859
1701
257
1960
10
1898
7919
1636
12295
13
442
1274
1799
5526
11024
3541
9686
140
279
19
660
27
2058
7
507
2
3396
19322
1
218
1
6726
2135
9379
16
562
520
6
1
18037
5
1329
1956
4301
1054
376
228
1043
24
139
6194
7
63
9081
22
91
68
392
3
64
177
11
14170
5
2
197
35
5968
17
7
2
1014
20
4
325
12
19
3
854
10168
109
10
6
5874
28
2
252
6
18126
1
6
7
62
15514
5776
1048
182
14
13200
328
1042
5633
34
34
115
426
19630
12
64
14
1545
39
96
22
25
14
7225
3
1
9
20
631
51
49
100
87
3
77
3563
935
36
6
27
29
21
24
361
1
259
699
4
11
6160
5722
3101
175
1795
11610
1
2
8
2
18265
850
1685
2
2270
12
3153
6878
92
12684
6
4028
159
61
1
15574
646
6946
17725
2766
1962
2
45
10803
1130
34
22
2
758
1716
14892
3499
39
623
3160
1
2363
588
1
5
45
2
675
1887
908
3802
5407
3
39
4097
32
4
3
15
135
4745
20
74
15
16
7
65
5310
8
4
653
38
3
1
71
47
464
6453
7177
47
1
8
34
4957
2
1890
14578
2930
89
11
527
2
16
3284
87
220
4
124
28
4763
58
344
13
3182
11304
9
271
1172
75
1
40
16
3
2
17735
43
518
18
539
357
17
351
1
2232
202
41
5221
68
4691
3
250
602
211
2
7011
23
28
2725
11
463
229
5
679
78
14279
450
4575
22
18
13917
4965
71
3757
470
4740
426
7794
441
3
48
892
6901
147
2
10780
2418
87
2
5195
7
11
1
558
2
30
18638
1
3687
4401
31
118
72
10
199
1022
3
421
103
209
15
378
429
208
133
3
666
1
1078
37
11187
351
11
17295
226
1839
60
5
215
1
2525
12
3624
280
241
8
32
410
3
43
17
3
72
15
16665
290
19
29
36
299
108
301
5
3
1200
5
49
132
4188
3
404
832
516
10495
293
348
9
110
3
753
47
145
31
1
132
8
208
109
13056
1599
84
15354
1547
13491
3526
64
283
38
4
601
1461
5852
9
10
1463
1570
506
3
4
2
258
29
10
3
6
256
13940
1948
4895
6
52
247
2
3
2
4
379
5322
90
1
5
10
70
6214
35
179
1030
3331
20074
31
45
7193
3
2
222
7
673
7
210
3
37
5
2
2467
19
8842
126
188
3
7465
5858
2400
13699
2243
239
1
302
5547
106
5493
2288
2
2099
522
12262
1638
12
534
48
140
414
4
7360
8919
769
127
290
31
8
1
10
21
14610
4250
6570
44
11
359
24
10151
165
11
1301
14086
820
28
202
5
714
5270
35
4
5568
322
8660
4
285
24
495
3
18008
381
425
762
1
4474
18335
5
13872
3
20585
108
731
7
504
50
3773
2429
15
39
25
7555
20473
243
47
256
15
307
1802
2644
1313
680
2637
2
2778
11821
1
19813
863
4
101
30
75
1
395
10622
5
2
2189
1
6
18166
11138
13691
3
10501
102
4
44
6996
4299
9
1
3156
240
4
40
95
5
1646
456
35
1163
1
923
67
15788
2
175
457
3
92
167
4813
19396
26
1147
62
153
1338
5
2
62
291
23
87
1
1008
2
5415
68
8
14
29
1325
17014
28
2435
5001
3993
227
6
10
1306
1850
2870
1111
527
181
1017
3
20731
86
704
1593
1393
2
4
3125
2014
11066
12
12823
1018
644
4149
14109
176
8958
148
817
23
276
14618
6
356
10
5307
74
231
2234
5
480
13
532
130
7
1586
3
14
169
40
322
41
13
1349
91
3816
9
1
337
4
111
2
19
10466
12
2
72
56
18067
10
683
1011
13014
9307
8390
3136
12753
151
6432
1353
2
108
19
21574
1688
25
20
53
21
17590
56
1357
21
9247
18516
1
53
94
1870
6300
11
38
566
37
569
2
165
5
1
7854
50
9643
68
2477
3641
15346
30
4
10444
14
76
11
4
4845
29
2
10
9
3038
25
60
1227
7308
750
5
1032
12
3545
11
14
224
380
1545
67
5111
25
4
98
2374
39
10639
37
22
2836
263
2
1540
2061
3
1
894
53
1613
555
63
133
5701
14
304
21859
5
1
13632
122
347
888
294
8
85
561
6
16
1071
3
281
24
525
16493
363
264
1718
3683
11
33
268
7072
20406
211
8
2
3
198
2297
52
2515
442
5
1065
129
5
52
40
8
3553
171
747
2
4320
2975
5
4
1182
4962
1353
8
469
12574
9
104
145
84
13
3256
30
166
12096
876
18
430
260
425
382
2
1318
683
303
18466
2
11
2561
3
58
3081
770
2
2
6781
5
3103
1
1
42
8
92
4620
3450
2
681
30
62
433
588
1837
170
23
833
16216
4476
338
237
23
2325
3304
19781
3139
576
592
13594
11224
31
1000
92
3604
517
5421
10
69
5499
14949
15866
16986
2016
59
903
350
20562
7292
20
2
4104
7
2845
5614
22
4
2512
197
22
146
7
18215
6610
27
2534
29
3700
5
4696
1738
22
36
12457
23
2
4142
2
1250
2
498
13774
855
19
6
15557
116
3
11
21
4694
113
136
1643
15
3
743
157
3
3794
11
2018
6927
12
1
14
124
1
6
82
17494
1086
376
8
18
1710
12872
118
2
4885
7
6499
2
710
2
2790
15
355
47
406
160
6700
193
1
401
366
275
10
1232
777
3
25
12
22
19662
4
230
89
2688
61
596
6
43
1989
2793
13
5
1046
9819
7069
2419
7486
15
10478
103
5
24
821
5478
17
8
47
514
23
15
1268
391
19
68
5
10347
4
1
1
28
15
1
6559
26
24
3
79
3819
15970
21016
1
9435
33
15254
15642
732
830
9986
6
708
8627
12830
332
823
12
8
1
8277
19
2
6
3565
710
700
5
2
9
5
78
17
333
12
6
5897
1992
13
269
8
4
10922
4
80
21775
5080
233
4938
13236
123
114
191
16
19
4
3
1
72
913
428
209
2576
14124
8
2
18
42
28
498
3
150
2573
14714
9
55
6201
16119
9528
11860
25
230
19
461
53
4590
4
148
16
85
5
54
47
6886
267
7320
37
2081
10874
442
636
2
251
354
1
2434
29
2
2
3085
9
2659
9591
69
21990
38
1
2398
5301
2
75
797
10
3
4337
12
176
1501
2
382
2
12228
25
22
136
3
7
2678
2
137
13447
2
6
6
110
145
4784
7
402
193
2
8953
185
1
23
643
5
108
4
1
2825
26
7
58
5
7015
12076
34
17
4
2466
4
1192
292
10
666
807
119
7404
519
3736
180
3
4
4
6
45
718
19
68
1218
3233
48
3522
5264
3
15
6
5089
16
1698
4
19
2652
11719
7107
1475
418
6678
30
8
712
1293
105
14
1983
36
574
4
3484
442
19
31
1492
4377
100
2
29
3
2
794
218
6770
1
3442
46
95
475
30
1181
14925
80
1384
5
17929
1021
2485
5383
13484
35
119
6671
103
4068
2
16
439
20118
6
843
276
15565
364
1
74
15
9
665
3
2
2
1
4
57
483
109
4
18097
1
2718
10581
6584
1
1
3
989
19900
298
2
1914
8
34
2251
3
1733
4
497
3
1599
8313
3405
5
994
12580
2177
270
4
3350
5
4732
9076
624
1
1
886
17154
5287
9
17920
15
13301
33
5984
373
6014
2
61
1676
1
111
65
21074
2163
35
10285
122
7
1018
13654
120
7
1
1
4678
2629
3208
14
2
687
18
9570
23
8413
3184
11815
338
346
27
7
1
226
1756
1183
1821
9389
5798
201
118
5298
306
21433
7
20
14
6984
2
10738
4334
573
103
13759
1973
13
5
117
18
26
428
30
282
10124
8871
19039
3
2376
293
226
261
1
13617
865
7445
53
25
9
195
10750
9
2
3
3319
560
518
7340
3
311
28
15
615
1246
1689
3
4
3194
4
3
408
2883
42
568
619
5218
11528
9027
414
21
12985
2
1464
11655
18285
3710
2971
11
1
2
5907
224
25
23
86
3
56
119
2
54
14722
12
4174
3448
345
107
658
7296
678
3
30
16128
173
1237
63
1
445
114
312
14
9
1874
4
7622
2405
2
9161
4243
4
101
14682
496
1345
2548
7
5
7236
1229
8478
3
12705
1
10
7897
36
799
74
71
1
808
1969
3375
13744
4
3249
30
2817
8169
10212
2
5538
96
109
410
2
42
3238
2302
14
871
33
25
8608
44
21
6
21
22
2
9
434
2
109
13128
403
3573
2
82
4992
483
2
4
1053
1
2
266
15447
3
54
11
3
2787
27
10
148
22
2
2336
24
198
1
90
9
8
11893
80
3302
51
245
3
3108
2
738
9471
573
46
7769
7
774
2570
5
829
17900
10
19185
2002
20
11372
365
4704
228
1858
576
238
10593
468
2
2987
2
95
663
2
805
1
113
10341
12063
12162
406
638
30
233
6351
213
2305
7
2
753
3
2393
12464
15
2
38
53
6484
944
20641
4952
106
110
10
664
6
2964
1381
9497
6449
3
17
78
1913
1479
14
10
41
3
12208
6
1098
204
1107
2
4322
2389
56
97
1
1524
16
50
96
3
304
40
4411
5
6324
1415
13
3212
1708
678
1
2009
7
719
5
16287
19175
11453
8813
1165
11
1191
29
179
1781
229
3831
3
122
3028
158
46
18
7
230
2
3
1541
4
5
387
735
7
74
2
2
2
6980
1
70
715
2
11
603
233
2
4
14491
2
2262
367
11
1
106
43
1211
4
2565
3571
3967
153
4919
12
18355
77
162
26
1090
620
94
112
746
360
710
7
78
21
12089
213
2
647
165
36
184
8147
3
15088
4779
634
186
132
262
51
10162
6961
14
52
71
340
2522
52
1
6548
8963
4329
37
17
60
726
965
37
15262
2590
1820
115
41
8200
10291
18186
2
14
1565
1673
200
3107
173
1
69
1137
26
1
26
6404
508
14334
17033
323
13
7880
826
178
3671
519
5
8
35
219
22
689
19
532
14132
51
143
10
10
438
1783
70
32
2
23
192
1083
1678
1
868
2
250
223
11
2
18196
17998
50
6668
2903
275
377
38
244
3
1082
8245
390
28
1
112
84
1
2479
20529
1460
132
12950
92
50
23
5466
68
2
587
3066
32
2155
15
1717
313
18245
9
3952
10709
935
2
17
2813
236
21931
7923
49
52
463
6
755
2455
6
31
117
1
1192
7663
5348
661
225
1
10
10
4259
2655
16940
452
7
19
7
672
1869
2954
1296
16
2
1811
7
7
35
1
291
2
1
622
142
171
10096
459
3871
2
1
493
4
870
186
4585
5
167
220
141
641
1
9072
14746
35
133
8
585
988
7392
1
10
499
2079
3
168
640
4
6
16
123
22
1
324
1772
10370
4
13
2126
528
29
44
8
10
12636
9
293
41
64
2107
2
265
1
2379
6
58
79
5490
6649
3
2
13
15
6
20619
21235
277
14428
9
255
4
25
287
740
36
3823
5
3394
2706
2431
9
699
1
