107
361
6390
2
115
3216
1
3923
5891
52
1426
5998
365
66
4255
88
3019
9
156
20677
18553
155
3818
30
4179
3
185
17574
16056
199
6565
1
2
16
519
5733
474
2
49
34
203
830
793
28
4658
47
2613
2366
2
7936
1191
4
6
11810
1870
656
22
5
20
118
4
425
134
4
150
7
699
20491
3
1
8154
1
299
3
13524
5
3995
15
19235
421
8455
11
32
7
23
711
509
8766
51
32
2
281
241
103
100
98
210
3
17
195
884
92
17
2084
16
10
16
1
4
9
2323
7
18
31
16202
6
418
680
249
2
205
12
14
273
145
6
324
1
81
310
172
1088
10
18
50
131
1740
457
11917
74
162
234
1169
2302
28
4616
1
25
13
2886
7383
2475
4492
3130
14
6685
177
110
13770
6506
731
1
5
5
1068
3
165
245
2
21
1
3
10693
8
13
13
5238
321
9858
4412
17259
15
41
316
371
10313
96
3
2282
197
10
4294
24
307
12244
52
10790
1
11
98
20
14
6994
259
30
19
4
5052
252
10
24
1351
1180
6
1
1
3046
14
10
2
11
3650
13044
62
3245
10597
7
333
6448
194
1854
64
129
5
11391
111
9254
605
33
261
1339
2
392
10987
26
27
12
15627
296
2201
674
900
1724
686
2261
7724
9594
6332
16
491
627
7794
4142
38
2181
2066
1003
2453
6
4
9
1
2497
445
214
2520
87
18386
2
247
13
5
65
220
16
2
64
8687
4031
1837
10221
8
15486
1
5
11288
4
5333
166
1268
12810
5
6625
18
1772
143
399
1957
1619
15
6
8303
123
23
4
465
3334
37
1078
126
29
2
271
11
17416
91
2
2142
20307
31
3750
892
139
175
1128
5
2
12
159
6107
1
2
5
589
54
13646
14537
84
4574
547
14802
38
19
18
16349
3
263
1
318
330
16
10888
21
8081
1
4
10129
268
15912
7057
2543
54
27
3
1315
13282
2
28
15
3
6931
925
33
5580
12
174
226
34
5
75
2
1
1246
4
12134
6052
4372
3
4
8008
765
7518
12468
662
8
8531
49
133
1291
23
40
8
71
5
79
53
815
69
9338
108
6
180
2
10038
2
7186
2733
48
182
276
3584
2
10
22
976
17894
523
16950
35
2
1452
1108
933
11
3
573
122
26
5
1159
1414
9
2011
11187
101
8925
7
3
3
4700
1212
1148
68
3716
779
9947
1201
18891
179
6
19
84
148
141
20
2
1633
256
594
12581
112
6219
349
2241
313
14149
3784
552
2
114
6
15768
650
1
633
82
1388
76
5
10
3
152
4333
9681
461
4
2
668
4
7
3
102
3
43
3365
8
236
1992
1678
266
48
1519
9508
5
5191
20124
18721
5
1
2938
21
2
1
12
786
144
4
2
1
2103
19410
3
533
2344
4
950
916
2
16497
13402
106
8609
11
35
6
95
15209
93
7655
4
53
1
336
171
3457
4
3
44
5007
2
8228
17104
3
3
3
1904
5
3158
2
9006
1756
2
1
1
2860
395
4
105
97
2709
8
18220
7
8845
160
3
388
1939
70
14937
9088
6807
2161
6
2
1098
1
1804
24
22
2
3426
137
8
1
17
3
42
36
822
12
16
2047
7
2
2
2
27
14
24
6
21
55
453
433
14
19764
22
6745
1648
208
19586
1
1
37
7
92
7121
3074
157
21
4
478
3304
19062
8
11
2965
13895
302
23
3187
32
3
43
20864
2
557
25
2808
70
1257
50
3
46
2
1303
17733
80
2430
16647
218
104
1021
11494
14
13
81
2
4
5382
39
8
339
116
13
12
4
1604
2636
44
692
9171
9
36
3
845
130
304
63
17
7
19
12
7
45
283
2409
15072
3959
168
751
11599
8
6275
327
6868
837
1820
62
2
9
291
16798
59
8
7
113
8
2684
4217
63
3888
254
4829
7
5285
959
13162
18
12
46
1506
22
4
190
9423
441
9
1
87
66
146
385
1
3
109
4962
868
860
4533
40
7317
25
1561
4917
29
2660
3
5480
10501
1547
29
1479
2
4
705
1
1012
4786
2566
800
2
967
83
1040
58
406
5785
4067
2
5098
192
286
124
4104
59
4
1
2
2
410
1118
3520
487
2
342
30
74
3853
2
11086
15
222
5
243
2
876
2912
27
11704
5431
3683
21828
1533
5838
14277
5
9
2
568
13
30
3
23
4873
3
345
6163
189
3
3617
1
232
1376
39
14021
6
3
14669
1663
2
140
73
7450
5682
1030
14
496
9
169
31
6
583
18057
2122
6
1049
67
187
24
538
26
10
543
616
72
44
13
34
26
50
41
60
4452
7586
2387
1439
8379
1
12356
4
2758
201
1788
1
17
2
852
90
2992
21438
528
9
1
21245
3395
85
5
5
153
6
9769
2834
45
375
1
6
14406
136
807
941
514
32
4742
11
738
2
2
35
135
3102
758
3
46
1
11
578
378
41
294
77
128
22027
25
29
12025
12926
15347
4
429
94
10
2
7
718
121
3
60
644
1280
57
20
35
2589
13
1234
238
4
10
500
638
437
599
21054
1327
449
56
3275
230
7865
58
89
7
72
9
47
288
163
56
36
57
724
55
3552
1709
184
470
563
117
1
69
985
18
3
2
5530
17
216
1
9
3488
355
2
5944
19
12695
1492
78
621
1975
10
99
2
127
33
37
42
4
610
206
7
38
1466
86
9
79
6
772
8
19943
40
61
414
119
42
1
1922
358
1590
1
994
1575
51
908
5
403
2783
76
6
3
505
20
2029
278
482
228
2221
7251
67
1059
28
1887
1363
212
120
1401
5631
1693
1223
11
368
2
15
1138
20
744
381
149
21632
5144
10407
15
1
224
19
352
