1
5076
22
6
8
11043
147
2499
57
20102
2453
2
2442
2
34
5
6179
14397
4
42
283
17848
1567
720
47
8
195
17
2344
24
30
120
1970
1882
793
1043
68
7
1404
676
782
28
1663
22
188
4
351
1979
72
20
2
4761
1865
64
52
48
1908
13
19558
6
9
19203
8
550
3098
1511
13628
20
15002
497
11
23
81
90
1988
6
86
49
2556
6
29
291
9
8092
1656
2
29
7055
2725
2034
779
1
3
105
2
235
7351
8
180
3
118
2
7873
595
58
2398
2701
380
1128
5849
37
2
398
660
409
46
82
2
92
8
38
3
100
210
328
4
151
4057
19737
16818
3333
1
3602
2973
3
8509
93
17
5
30
543
2
27
11
1
183
2110
261
18
13
471
2015
2545
2
202
1385
5
1773
15419
8
7
830
3042
2312
1317
12
7
6
6293
1117
12
289
411
6833
957
17
13691
698
2376
877
1
2387
6
7120
72
992
103
11247
7837
55
87
648
80
16067
16514
333
3669
237
122
578
16
17051
18683
2487
61
2
3000
7
13880
4
518
309
14933
1148
1
13
4
1020
3112
2
12268
1997
5265
5
8
3155
84
2006
2280
14201
5
84
4
1
2
8989
10264
8
368
2
18942
881
21042
15
65
5
12
3014
1219
6801
13
217
29
682
14
2
266
10
158
13199
139
1
707
20473
96
948
4
444
257
167
7
11
127
80
4805
1336
48
2
1311
14797
17
5146
24
73
44
4827
1
9
12
3
16
92
39
2431
2354
159
20566
4345
35
14
146
772
5
7
141
9941
9410
191
11
64
2168
3184
25
808
1087
1
1582
1
6
514
10598
4189
1
952
525
337
714
2
1798
218
576
20
2
122
8746
2
345
49
15
5
452
17
187
164
2738
4385
21826
2713
1247
30
13566
2
17525
81
15
21
211
2
11145
181
1154
21
7
2879
826
21
754
10
1
156
3
3840
2
7
78
130
31
155
2
12842
21138
7625
8
6587
477
586
5030
4
15349
19
32
148
239
25
3
2
18
26
1497
4632
233
360
5796
35
838
1
21430
1
617
25
979
7
19468
3084
3521
84
98
16140
111
6
7
403
76
8204
717
35
1443
1679
364
7
81
3228
193
1504
8
3858
10
857
811
1
222
1934
4
20
112
2178
12
8279
3426
1159
1
14
301
2
4
18
4
319
17286
2866
1373
3
168
11
450
51
5362
724
2
77
1379
373
1180
88
3
1092
4
36
914
38
143
207
1
67
163
12
5
63
10993
14331
657
13139
3
1450
804
73
3
889
3
2
110
9
2
39
16665
448
14071
8908
25
82
116
295
965
3457
3
47
7
17129
105
50
26
14
24
10843
168
7
500
3586
23
12551
3
340
685
2522
47
5
15632
209
3
36
3
197
11
3
91
3876
282
5
2
10
214
845
2688
9761
2
5241
4
2
10
935
663
6
1823
39
43
10
385
17930
366
36
4
213
1143
462
16973
51
46
54
86
52
24
5
103
8129
584
775
1
5338
3
17
4
11936
3619
1
2919
204
18
3169
416
3805
286
14
100
4020
5
1856
4
1010
30
407
1112
3
67
701
126
138
4227
67
206
265
13504
4
64
7
744
45
6497
18
41
27
4
19
7521
18513
24
21726
121
160
849
10
7023
2
1
14
1589
198
5436
1213
10501
27
2188
49
1
26
4266
5822
2986
11
39
640
430
18769
14
12
355
711
322
16
7
156
1694
4247
1
823
20
7185
1001
6895
9
66
4
343
11
1288
1710
3489
36
172
6
1437
101
73
226
7152
1107
324
147
6
263
1686
20010
18012
5536
4984
2
1
3
901
10695
1490
10358
1470
19647
2892
140
424
5
196
13943
3965
23
175
70
1
1790
57
22
1873
4
2219
3
3635
57
61
560
1282
15279
106
691
2091
2053
4038
5387
12045
491
628
446
8
1417
394
15
20
1
6527
1806
339
19828
1611
507
6067
5665
19
10311
5
4
224
2
21529
32
268
2
6409
32
18
6
558
316
12380
2333
611
10550
3
392
96
528
23
535
331
2
8055
1839
251
3028
2959
5587
10
11
1477
17
2
1546
3302
11
70
45
2
7
119
1917
47
5
389
4405
11196
276
6
278
1097
3788
170
1671
399
14
114
12667
2592
247
18
318
516
44
19
26
176
36
22
2652
13
1
7
5
18
13320
2604
751
9
634
5562
29
22
1006
390
9
1258
8867
59
3
162
1058
8548
1525
31
730
533
62
521
16438
1024
5053
592
113
16
3
3754
44
4
432
2
1
9672
80
28
20755
1
101
540
614
15775
14
4675
1
38
3
2
2676
24
44
178
2239
4
54
9
20194
30
34
184
370
85
4
2
272
11
6150
15
56
7909
14463
14007
19116
248
8393
8
2568
5
140
34
4653
7
28
14
29
504
2322
1641
1348
19
67
113
9496
3
16
99
1
2
40
1
622
7385
2776
31
2409
9
2198
216
4
4739
667
10793
27
2788
2
597
8317
1
7218
3348
46
1329
24
2580
2
32
3
16589
10
3318
5193
1
2664
6770
21627
111
25
12156
37
62
1360
23
244
77
5639
8948
1518
2
2906
39
1034
11
9805
3
2
1411
2
47
42
2
1
2
2129
905
11094
236
6468
4113
475
1029
4365
4
1
11666
356
2
5461
9239
2
12
600
68
12783
10171
13079
4170
312
1633
3
1
2
6207
3
765
7
19
16
12725
6
7730
169
1596
10
3
2
376
6094
171
5902
43
1048
198
297
228
93
6
4569
9
375
74
15
4132
259
37
22
2
58
3
9
11827
20
79
1765
49
970
112
1
637
6
3069
50
26
26
38
31
21926
997
1342
1
200
9282
152
4
3505
4590
16
3272
20286
19291
819
2
3
3
35
23
7660
5
165
412
10646
12212
1293
1463
3
53
14596
7695
20946
15
482
2249
11
63
6
3893
13259
26
9197
311
33
3
41
18855
11402
2
12
15070
53
24
22027
1067
418
13
10
4
7
13
6322
21
125
6
212
19
1354
2081
1102
7
3410
75
495
5
6
3257
358
20379
11507
4425
2
22
1398
815
32
3
11
6011
15
4076
4
177
3983
1
3
71
4445
60
7419
336
253
22
299
2
1253
95
23
1
15139
4611
383
8706
130
270
21
238
2
15
4
149
5
2
3652
8
2
109
603
223
3686
9628
1323
6709
436
271
3
1133
75
1
12
21
12901
1
107
2119
1899
19
5511
4
2628
18261
28
6959
17686
33
2
1574
869
267
102
4
8
38
1
6122
24
469
1952
15993
74
3569
34
2365
49
1039
48
16
262
4
4916
1733
734
50
2159
150
41
5289
144
7
553
98
6380
1848
20
5411
4208
7453
8166
6235
260
897
1
62
673
16
17207
48
60
1
174
688
405
40
42
2
679
9
9
7284
5313
12
4548
11881
12494
6
17605
39
605
3
2
88
1392
16289
21
99
387
5984
3441
440
1831
87
71
2
76
10943
10406
2
11560
293
190
2
1123
162
737
14266
2
523
124
3
5
2801
1457
581
5
842
6
342
308
2301
1077
12324
9072
92
6617
14136
11
348
104
1305
1
18429
1961
9986
3213
7
57
473
4
5717
128
2
3055
116
9
631
11719
9
242
9031
1553
55
3771
5743
6264
2
8627
1757
35
4528
11298
1
2
456
18
129
939
3911
145
45
5
545
10
5
2
2025
1
1208
5
3
37
10744
4
414
10453
18598
3929
7
4
27
56
306
1138
83
6648
321
1
1
117
108
6
62
28
95
401
23
974
15
13753
1
3553
16
1
182
6557
3
175
1170
2100
8
90
234
2
190
15490
203
2
19
4
227
149
115
25
3473
3
1781
14
14
571
861
6927
95
298
4871
3198
154
1
129
6
255
61
245
1
75
1
1082
10
1191
55
11613
4325
2640
1
285
4
3
2510
4
85
4002
104
185
1
1202
2
14865
2139
119
15704
2
1890
4
3287
133
8
8
2
2932
135
548
127
2043
4
442
608
740
131
619
1626
17
6
1072
2750
1186
9850
173
22
2149
31
834
758
1
137
8
161
166
460
102
3
109
1
2
6350
2
3
86
13
2
3
5930
145
18345
789
3
14
114
3
2
4
3
11
1
4
8
25
1
961
6
2
6
3
9
1230
2
7
9
254
1366
220
9540
9
33
7556
5
1943
30
3
1015
1925
378
2
1560
4
22
1
21
29
3823
135
46
5
8018
56
3
17
371
6
15
13
131
40
6
10032
12101
154
12
44
15
13
10
14529
464
12
1
4
14
7487
2
4696
10124
1484
2
12
2260
5613
4
72
7
287
511
4466
208
4893
4
3
40
5
467
69
13381
643
11
1725
65
361
1
9
42
52
16
1
1
34
78
5
8
7
865
74
2
2
14730
7087
13442
1241
13
334
277
83
18095
52
9453
15561
21333
1
563
488
3
3
2
327
10
363
5
11350
7982
243
1224
121
12
16895
8
396
1164
2
3140
20661
275
2
164
9
59
3537
1539
302
10
670
88
434
6864
66
32
3
325
58
205
573
2
1053
1
18
6
17445
1
3394
25
63
8241
21
4094
8588
50
11990
8
4
1063
2
1264
51
768
78
5007
18
35
294
7251
27
29
126
231
2946
19028
11
9895
19
9
486
9
229
23
179
97
5217
281
1
2
56
133
893
3
2420
12
51
7801
3363
2291
1276
273
18
2
53
3
1814
5769
1
6
426
54
201
3
1175
184
3
199
1532
9324
885
347
77
6678
33
12609
2072
136
153
6
350
123
2853
5
15209
988
138
5169
252
246
1
6
5
71
538
60
4
3
97
786
280
1
37
64
230
16
7590
1741
91
256
8786
10
2
28
10217
2
3719
18
1618
1604
17
157
502
3
171
2
2
8
9
118
3702
695
589
69
40
143
43
20
6991
13816
4718
8826
4783
1
10
305
25
2
11
568
6039
11773
123
4
853
509
4
19380
66
422
20
16214
454
21235
2
2
15
2229
15
1197
480
3
37
5
9367
304
6438
10
458
2616
315
17
13
6
9
89
240
159
68
1424
3126
10
219
8
8355
29
13
4486
136
3
3
124
12
65
15
141
2476
13
1236
14
3
2
10893
16
910
1717
797
5486
27
5690
2840
761
34
428
55
7
60
555
41
1
3736
4151
31
41
94
7945
5
1270
7
2
46
42
6
13
13019
5
646
5
1
5
59
727
931
89
5
10078
1702
23
20850
115
17767
1
2
12437
30
212
651
943
4
186
2
2
8432
1
290
2533
90
28
2827
625
330
747
117
2
82
20
232
79
7766
16
28
18178
16363
53
19919
99
1
1430
42
6
21
2
59
16742
4
484
6
983
2465
69
800
1299
76
8
107
12960
8666
2270
13
38
1
249
3
33
3379
194
1
420
11455
565
5
36
2814
70
221
8
4
9584
14663
19
4938
10
5
5099
3
142
8
32
43
1
43
4305
3
6739
704
2062
353
45
51
13
108
6
2
9114
5
2
94
179
5876
438
3947
926
493
17365
313
654
34
31
54
4849
1
9716
3
1
27
530
7
7
15920
1648
4
189
12
918
10
8471
873
382
9155
1
192
33
2208
11
5957
2763
17
134
5122
15848
4507
5
3243
5
8
1749
106
1
7318
4286
151
1
132
2
110
3
26
922
4961
215
