460
61
6752
7890
537
10
826
2966
65
4
3759
24
1397
2510
7138
2
198
199
3830
40
186
34
13
1
562
2446
1074
1
282
2847
2673
271
926
132
31
141
95
1434
97
145
88
1
6
6
72
252
19
9638
2357
133
12
497
1387
6411
6981
5001
2401
44
163
3290
54
8127
1
34
21945
134
45
9
122
1307
553
398
696
40
111
3704
29
5
10
475
3055
516
13911
97
1392
12633
11861
153
7
187
9391
1317
23
947
1209
105
54
48
870
123
13
656
10151
4
4
23
89
798
1
1
1090
1499
10
983
10265
7
22
1
11
1
2
607
15
741
635
4
3
26
4
1
1312
3
3858
7086
2
2263
3
3816
12
126
1944
148
1
4
683
1
3
2
22
15
535
26
4
3
1639
99
1127
482
699
3
2
694
86
2743
365
1
5631
115
19563
5038
23
36
3930
5
819
1342
11515
196
3
14
1
146
189
7007
26
6
1461
6
10
2
7
4
7631
4376
1
17
1505
99
165
5
2595
4064
2
30
1
160
195
1
1016
291
7
3
200
3
3
87
11055
368
5528
7218
527
5
889
80
19
239
11
5
2
16
5076
3901
303
24
10380
2
632
15
37
310
1050
22
1456
9
2
2009
18
2944
173
2
249
292
277
91
2
13
1347
11643
17898
97
8
1
23
3718
2
34
5
15720
28
1009
10732
76
1152
1102
2383
33
6109
1
451
1227
74
218
129
1214
20453
41
2024
5190
1367
138
4661
11
15
5610
209
77
24
1
1
15896
1288
9602
2
7491
316
68
148
19
40
200
5673
11345
8
10852
1
572
15662
14
202
3677
14
99
2
2
259
605
11014
392
17
8883
18165
237
216
109
9
313
18098
12
16
7272
1936
25
33
1585
174
149
9
2
2148
2437
61
1418
6
3609
5736
6
2
10
4873
3596
69
823
138
3032
4
17
43
5152
892
407
50
3
132
124
16743
2164
329
4696
9674
29
20
8
5
225
19855
5715
2
9151
12
92
38
258
443
6
9
3229
5909
7978
117
20835
110
1
2
31
40
5
18991
1929
3787
2
9
1785
20152
23
5694
1483
179
184
14
342
8341
570
94
686
4217
33
17504
39
255
2547
2
1
4766
750
7
3
7
4442
5326
3351
17700
232
1494
979
2238
1027
135
369
15837
3
2
375
1174
3478
994
5
3364
793
11
5
20990
56
5346
2
4155
2109
193
2
9782
21
11303
2
4491
8403
21
45
725
2
58
21068
1
38
8
3
15489
9083
10
3
844
3
35
3
1115
5
31
77
2774
6
4
25
701
37
71
5
1148
5
19
14
294
83
226
3465
519
18
58
12
113
121
44
185
1852
493
430
20913
4644
3112
171
96
8
349
39
5
7463
264
18
302
775
7381
541
6483
470
3
4525
63
11
78
68
5
5095
3
3
1144
1429
323
4
70
29
8592
58
44
239
48
47
39
27
67
1
4
248
4
2032
12586
450
114
38
4983
1
204
155
25
17
1223
2868
20
6507
7
5
183
4344
9
110
13
18
2693
5287
2
106
576
7
11949
2482
7
5931
1838
12869
18
235
67
3
816
4801
57
4837
1
134
2
3
66
20529
4
50
6
20
2
4
1670
299
4475
13
8949
18574
2
2
4
15
2
12539
3
4
31
2999
5
9855
2566
35
389
227
57
2
12
112
10
2
9
2900
2
317
2
9
7
1915
1866
1327
5953
68
2
56
3
3401
20605
2
41
66
958
778
20
147
1
10
1663
919
42
2271
933
150
276
10076
7
19
6
6178
2124
2
41
107
298
152
103
19419
8
3
19204
133
16014
5
1
355
518
145
15148
2
3
1
13
2
6
29
9
2
13
3
4296
1424
13655
106
2955
170
26
19133
385
3
2205
119
5652
11730
262
9
15
5
3339
348
5
1293
12
1733
46
678
468
13
52
42
12
2754
21
1
50
4
46
70
1
18712
860
484
1591
61
2156
433
9818
5
2529
6
1987
83
4004
13
529
75
950
98
4233
38
461
4
5822
1024
13
10
3844
1908
2
9710
346
41
602
1527
2428
10039
54
19
12
19491
3
14
646
335
300
2
829
177
9
5
36
17311
183
968
8
7
18
7
74
873
13454
250
7716
413
158
373
2
246
320
27
9
230
866
7575
2
56
1545
127
3043
36
5
75
688
5800
126
1573
140
15261
807
504
3
1745
6853
289
1
8097
8818
47
1
1298
4
2
1894
30
363
1232
176
9
140
7
7408
64
3732
16805
11220
17832
8
514
343
1873
17
21
616
3
14
2322
46
3
1752
1
3
1255
26
3
2
916
7659
32
4
16
24
3452
8
3158
1951
16375
63
2816
211
7
21304
265
1
5548
220
12309
997
1973
8434
486
44
5057
7112
9
2305
6
8
739
3100
659
208
1136
4
7
525
1657
6387
499
2
10
3690
13
3
33
2
24
5779
16496
69
16619
12917
923
84
4312
1
52
192
3
4
3
3
164
42
353
233
2
930
1
4
1161
15
101
19
581
30
38
661
18
2
273
3266
330
40
12
35
14597
4
10457
14066
24
6
600
1279
399
3
70
142
15432
1332
103
10341
41
9567
3314
61
40
10
29
4
510
160
221
11
4
13859
673
224
3916
7
1
155
332
2
311
5
625
314
38
568
4891
11600
3773
151
6
241
15779
19
16
654
642
712
4713
39
440
15375
108
3
422
2805
5
100
663
232
3491
20377
8624
11
512
704
21462
6
122
16
2
59
8
11994
761
1
566
1615
533
477
810
1078
1
547
24
707
90
2
21
1264
8
1
9
72
165
15318
1246
591
2
986
23
52
28
2392
19929
4819
758
630
1
28
6628
144
1377
79
185
3327
11
4
60
6
506
1241
13
11
295
6364
124
5
9287
4
30
65
121
7688
5
3
1001
82
48
456
4
32
37
11430
6
8
16993
267
954
7
2586
432
411
20
767
5
896
361
2
1098
17964
4140
181
1106
101
1
7802
197
1260
3
95
1805
44
5
256
64
352
157
2
6435
1694
4186
3066
135
1778
854
7326
14
3376
3
2911
2221
879
4855
131
4328
651
1
26
11096
2
153
1
728
3
6201
2062
118
9426
781
15
1086
10
1
86
127
17
26
110
49
20758
2229
15037
912
8
1
3945
3556
19062
78
1
347
446
18368
8188
243
9219
120
43
287
11
104
549
108
1005
3
2140
5487
7
2279
81
2
609
344
209
4
32
2
2
169
4
4019
17
2348
105
1707
206
55
20
393
9
4
268
448
2
6828
57
96
8
1062
3
8656
23
128
11
73
801
7
88
322
52
12
19
339
14706
24
43
6
283
21
22
2837
2002
18851
5997
17
6
32
81
19
1250
22
60
1
15
62
20
131
263
51
3
2288
1
909
1
3217
1556
16254
37
2
12680
6930
74
337
3
16
181
4784
2070
804
435
9
17635
90
12774
8
1
4
173
55
3
2879
6579
31
359
10418
357
676
4575
10
2
402
119
328
3
2
30
2
1539
16194
972
21
3
523
16930
13757
1
35
6317
6132
12
19
9322
621
1
16
59
5
76
5
4409
17440
1633
182
12
1
12401
2
6777
82
210
2
9
1
172
12
491
53
15604
10613
18505
508
57
9891
285
1119
46
85
14382
24
2
35
47
1
55
10574
33
1901
80
1123
266
3623
1522
93
2464
3
850
1
5887
863
8
395
30
975
11817
156
6
709
857
1
666
36
2
3427
445
1958
18
2419
1
1302
1645
18
15
8157
130
2172
2
100
3
557
2
3
118
8983
649
7
156
19709
1
6087
45
16558
151
8720
3
360
6
1511
4
42
3253
13158
2093
13404
275
7
13305
89
19
3
6
215
9965
3517
7
25
2473
3
2933
1066
9
15547
3530
3010
1
137
351
3569
2
20
3
10
1621
146
14436
722
8
1
521
1020
3873
2254
628
136
90
4425
10496
27
7
9496
25
159
1
28
3439
8
2
117
10
223
205
48
1
1
1070
18
7165
9
1627
14760
4
16
22
902
3
1726
27
3021
3
12
139
1445
92
34
2132
1131
2374
2713
2
5569
26
212
11
34
17375
10652
1
106
4
3
68
19
3
7
2
7
13110
9
5248
10772
22027
1
64
1
5
3
6042
841
6
5
11261
8850
6
8560
1
596
10535
3960
2
8
2
1047
6459
116
7774
1322
279
217
16
1
4094
1196
9
43
11
7
16435
50
23
2
1408
247
1
7
178
5406
47
1
2501
1012
5
17056
1
5
2
84
539
1269
502
555
6653
4264
7948
4592
6
75
296
1
3
2
116
21
720
60
1
8008
2
2
47
2
6
2
8218
92
2
5426
35
1651
240
28
3182
1372
2988
747
28
51
2519
203
4
14
4508
424
11
2
141
11774
2
10
142
3
11472
139
4
19636
65
5020
5
24
197
6
6155
2663
583
2614
4
755
4731
2
2491
10303
2
2
2
25
2
8916
2055
20227
2296
62
251
1579
668
327
12727
98
42
167
2
23
559
1
1
2795
127
10
458
19347
69
543
30
11387
5
102
3
4
4
60
201
2
62
4946
11
10189
589
404
194
62
421
1682
234
157
408
9461
13
59
6
50
73
3389
166
5
1382
28
1688
3504
4
1094
3746
5114
6
179
13207
5
2
1
9117
8
2
13
3
14
1676
6019
5386
20003
69
438
733
338
18
7
847
12
4171
2890
1
29
16074
84
13962
3170
9356
281
44
396
2
3
254
1
4
16867
13706
112
2826
309
414
221
10
274
376
1
190
1713
1562
301
12
4
14
188
4
9928
4
784
17569
364
6956
6
104
71
883
4
7
16
6
226
1
15092
17247
481
115
1516
16
5975
2117
91
21
85
72
53
4
168
16
1
9531
1533
5865
26
4
1357
76
8
67
15
390
1818
13605
28
12264
2538
4
37
8279
11137
10932
3650
1337
20
2
11
1466
906
1798
1283
49
180
2
1
80
2
1
2339
2
1
20302
14981
31
380
14651
34
9185
253
5307
257
85
284
12
1887
2
8
222
2
2
17119
144
7
8067
6
231
7435
11
49
2644
8
769
2784
36
943
12355
102
11
6224
111
1832
32
681
7831
598
53
9
1054
3
14276
42
6
321
1362
26
3302
2180
27
20077
6270
18031
4748
1200
213
2410
66
70
4280
12128
3
175
2624
401
22
27
2683
286
3123
1811
19782
1058
6
1603
1043
104
95
2
14925
367
7299
21702
379
8372
24
12
623
120
1
3
83
308
25
118
260
21225
45
15
2
15955
6247
16
10227
7
6064
594
2455
36
611
2
886
77
147
1
37
11
18300
2
5
1192
7191
2
288
290
7
2
1
4
1
29
4964
2
6803
10812
940
1170
65
1845
8249
10
16314
2
5589
8753
618
3194
19275
796
7519
13355
1922
14223
5
4393
386
16
4610
11
13
45
7919
7603
150
14489
2557
18437
671
12821
1082
71
405
2
12038
1205
18
88
772
112
1111
51
2
324
102
125
4202
11
22
305
14
10
17
143
3583
3
13061
8688
9
587
3241
21147
3147
13
32
195
280
162
57
20
899
2246
9
20
27
1880
3
81
191
333
29
248
48
13
7745
13504
15
159
495
3135
2313
13
11178
1765
192
15
6
7059
297
130
21383
152
22
19
3
94
425
21542
473
787
64
2
1
1
1791
17
2213
11
736
21
21622
388
136
11
2
12173
245
89
5
691
15
52
14815
29
129
5
3
2
5
32
5
6
14
2
91
242
2653
12
23
35
644
15
9
578
162
13
18233
488
1
6727
8
3
8310
2977
585
10
12218
53
3
55
4
3
40
4
3
38
22
2
4
9
1
1140
53
14171
551
4
2
278
5
9
93
372
2
5268
4
8
1
2
382
15205
54
14014
10973
41
2576
16
3414
427
33
7
1
6
7
207
3663
34
545
18
13
1
190
10692
56
6904
5
12447
101
93
27
109
5
1413
5229
6
4
26
24
574
8
9
2723
3206
340
272
14
128
1772
10892
4124
21
416
73
441
2703
2922
5
137
2078
16681
714
8
2
35
17766
55
66
4
238
36
8528
84
2
228
87
86
78
371
1274
2085
203
1183
14329
744
4542
2
5209
5
12083
5844
59
9253
8037
6
17
2
8
531
33
3
1035
10
22
39
4109
33
81
7033
2634
876
21
98
6
163
9746
717
1477
10
10114
1
306
14
14870
428
5
11
7353
1995
214
2365
18
2
49
32
113
6
16
270
12493
378
790
1758
501
8
20
3989
356
13808
838
6604
17
74
2047
37
6555
7
1165
51
21
2858
1609
764
639
467
2
56
12
1
123
1218
14
23
6293
47
11557
8465
472
961
14
334
4
13
10002
5133
5366
5171
3
4
3543
4360
82
614
2188
49
64
107
43
27
5446
6678
14
2101
8
479
1
30
3
2
261
8497
61
4627
20681
3887
6
5758
6
1965
1859
3
17
1472
3278
10
4049
50
63
15
2
3
6340
175
17183
13554
1568
10
1237
5466
315
6879
2196
3974
5
4249
20
15
2
114
18781
187
67
832
490
936
2
3
4
269
2764
4079
7546
990
410
79
1597
72
76
436
8
63
813
17
10
114
2040
46
3801
25
965
8
219
383
417
22
236
3
2331
4458
1450
25
1488
3
4034
73
4
753
3089
48
731
2733
7
12965
1031
2
1
463
27
44
18
79
3
4
244
121
9049
8785
13256
213
32
9016
154
18921
108
166
16134
7861
14
6531
39
7
6
419
3078
45
4
5507
1720
229
455
1
1403
171
161
4
4678
5
51
217
4
1
16
326
318
4928
7245
17
2
1701
1
59
1
6702
1
3
78
2017
1157
22
1550
18643
125
835
54
43
465
31
6
1187
25
28
58
87
1825
21864
17
21783
1440
1739
453
1
11687
12
4559
14543
4
1039
2
1178
29
11905
170
41
8
14118
31
1980
2605
168
39
5
564
307
10
13013
3636
12
177
94
30
1352
3
4909
206
34
637
