21582
20070
21661
20804
20103
21070
21615
20012
21158
22132
20356
20176
20487
21995
21246
21352
20068
22144
21661
21195
20703
20644
21659
21819
20847
21513
20816
20621
21513
21708
21931
20995
21428
22033
20056
20020
20973
21815
22049
20963
21747
20682
20554
20471
21927
21833
21222
20342
20341
21673
21574
21313
20581
21094
20177
20382
20987
20000
21418
20726
20361
20064
21274
21021
22031
22076
21935
20545
21843
21219
20154
20370
21214
20787
21409
21153
20522
22050
22070
20640
21494
20988
21679
20868
20537
20225
20330
21687
22081
21530
20280
20291
21859
20135
20277
20677
20490
20449
21401
20023
21242
21792
20475
20251
20647
20547
20393
21036
21854
20784
20042
21856
22061
21663
20818
20872
21540
20199
21780
20775
21187
20421
20954
21321
21806
20033
20330
21789
21587
20568
20080
21053
21655
21943
20974
21329
21805
20205
21723
20278
20501
20916
21176
20267
21895
21680
21839
21443
21818
20107
21096
21617
21285
20268
21710
21762
20722
21576
20521
21494
21975
22047
20500
21564
21085
20165
20723
20266
22055
20075
21745
21230
20396
20844
21649
21745
21506
20668
21578
20041
20042
20408
20616
21319
21867
21303
21233
20508
21917
21518
20694
20902
21585
20677
20963
21039
21598
21780
20674
20011
20771
20148
20675
20106
21776
20706
21254
21309
20043
22119
21870
20058
21508
21048
21292
21042
20897
21688
21071
20273
21042
20703
21971
20928
20075
21943
21082
20935
21663
21174
21603
20081
20403
21011
21900
21500
20191
21181
20528
20217
20964
21967
21654
21604
21270
21021
21569
20554
21183
21867
20967
21852
20537
20810
20496
20382
20253
21749
20868
21170
21036
20533
21729
20534
21842
22094
20470
21346
21939
20490
20673
20747
20162
21848
22108
21752
20379
22092
21823
21118
21767
20742
20859
20046
20371
21772
20473
21644
22034
21097
20621
21403
20268
20402
21153
21743
20535
22046
20837
21982
20056
21813
20019
20555
22096
20308
21447
21460
21868
20898
20722
21591
21798
21001
21682
22127
21952
20611
20192
21709
22032
20758
20267
21129
21931
22010
20572
20057
21094
21390
22139
22102
20553
20114
22146
20414
21136
20627
20508
20595
20408
20778
20734
20066
21774
20815
21227
21020
22097
21474
20287
22030
21759
21335
20724
20093
20082
20103
20090
21550
21419
20325
21402
21703
20628
20659
20906
21242
20727
21708
20606
21958
20614
20843
20878
21230
20058
21631
20906
20112
20356
21933
20713
22109
21699
20124
21942
20200
21424
21008
21574
21135
21944
21941
21057
20393
20299
21981
21659
21305
21637
21093
20256
20306
20628
21195
20240
21929
21450
21120
22104
21900
21470
21005
21371
20381
21813
21736
20975
20314
21983
20012
20222
20150
20092
21112
21053
21659
20250
21364
20357
20751
21153
20322
21919
21325
21527
21250
20142
20379
20862
22037
20879
21157
21742
21410
21199
21075
20415
21203
20285
20191
21194
20940
20225
20750
20469
20528
21918
21429
20706
20698
21925
20493
21102
21667
21267
20288
20502
21934
21242
21901
20674
21147
21417
21243
22006
20075
22107
21552
20308
22083
22035
22098
20159
22148
20514
20979
20909
22138
21368
20326
21860
20369
20722
21890
21549
22028
21990
21603
21990
21250
20044
20907
21666
20425
22106
21390
20178
21275
21775
22152
21851
21669
20251
22012
21286
20150
21965
20333
21123
21454
20877
20351
21477
21528
21232
21851
21253
21450
20271
20008
20600
21757
20874
20934
20442
20256
20418
20014
21302
20072
21139
20781
21127
21353
20353
21809
20394
20200
21521
20421
20986
21640
20845
20408
20052
20324
20893
21849
21160
21202
20586
20521
21523
20490
21829
20864
21636
21371
20195
20744
20962
20081
21159
20813
21074
22025
21976
21328
21904
22136
21565
20072
21062
20751
21959
22130
20436
20724
21379
21626
22075
22106
21541
19999
20844
21944
20574
21989
21556
20677
20451
21851
21306
21477
20171
22069
21168
22016
21257
21479
21705
20063
21176
20651
21865
21745
20992
20386
21403
21479
20875
20038
20466
21484
20383
20151
20416
21241
21923
21808
21084
20380
20675
21651
20087
21721
20120
20271
20331
22075
21183
20525
20206
20859
20518
20467
21941
21802
21189
21027
20062
20195
21324
20313
21427
20580
21589
20045
21556
21931
21938
20478
21821
22122
20748
21654
21627
20460
20568
20699
20355
21235
20193
22069
21989
21404
20984
20672
21730
22128
21086
21868
21145
21031
21587
20007
20373
21654
20969
21034
20382
22056
21992
20852
20528
20484
20044
20685
21025
20606
20019
20655
21627
21768
21030
21906
20591
21677
20322
21559
20598
22006
22013
22092
20726
21352
20119
20625
21677
21948
20432
21070
20762
21151
21825
20361
21564
21008
20285
21375
21054
21476
20575
20032
21236
20323
22110
21881
20310
20531
20060
20231
21368
20863
20188
21976
20068
21960
20833
21210
21470
20974
20927
21846
20431
20230
20758
20746
22113
21552
21947
21661
20062
21384
21453
22110
21136
20009
21760
20595
20295
22147
20133
21049
20514
20952
20489
22087
20249
21363
21491
20148
20209
20694
21844
21258
20435
21951
21115
20065
20985
21771
20655
21708
20324
21333
20087
22006
20217
21328
20076
21255
20625
21672
20427
21766
20411
21364
20606
21700
21393
20485
21822
21464
20992
20329
21565
21886
21537
20937
20270
20409
20825
22135
20124
21144
21712
22035
22014
21571
20037
21988
21495
20519
21816
20841
21205
20684
21368
21328
21063
20643
21940
20779
21407
20048
20748
20119
21440
21266
20423
21790
20749
21369
21425
21984
21230
20981
20990
21199
21465
20923
21912
21448
21090
21272
21196
20794
20959
20361
20857
20368
21744
21096
21986
21386
20581
20366
21045
20023
21554
21998
20388
20619
22089
20875
20587
20107
20441
21485
20438
20556
22063
20917
21418
21373
21707
21526
21203
20116
21869
21975
21197
20887
22005
22015
21095
21594
20691
21547
21623
21909
22118
21157
20824
20598
22065
21337
21759
21152
20505
21576
20798
21254
21968
20577
21466
21018
20121
20368
21904
20190
21029
21132
20762
20950
20629
22137
21846
20901
20951
20675
20754
21675
20057
20069
21305
20573
21092
20354
21533
22013
20157
20827
20702
21794
20124
21520
20504
21152
21086
20025
22116
20124
22011
21789
21391
21123
20059
21425
21134
21757
20659
20351
21814
20179
21146
20003
21995
21766
21252
20970
20901
20042
20700
21955
20821
21284
20589
20039
20003
20720
21545
20660
21179
21672
21306
20189
20916
20467
20829
21281
21816
22001
21242
20510
21499
21210
20598
21309
20075
20831
20903
21494
21304
21096
20143
21914
20575
21612
20504
20572
20192
21054
21710
20230
20138
22068
21771
21869
20724
20896
21700
21712
21446
21597
20898
21112
20795
20210
20066
20555
21964
21394
20692
21581
21634
20966
21843
20434
21414
20979
21433
21027
20252
21661
21464
20217
20641
21724
21411
21184
20707
20210
20983
20051
22033
20659
21669
20918
21994
21647
20240
21854
21389
20743
22047
20934
21669
21361
20078
22057
21627
20869
20627
20125
20925
21882
20750
20734
21988
20880
21019
21092
22129
20456
21982
20162
21307
21646
20244
21146
21109
21975
20562
20868
20549
20340
20798
20153
20563
21822
21354
20940
21344
22098
21215
21294
20168
20051
20049
21854
21906
21217
21231
20591
21542
20317
21652
21673
20780
20849
20191
20266
21051
21334
22109
21518
20333
21463
20320
21372
20442
21611
20933
21764
21902
20701
20137
20709
20171
22113
21635
21063
20190
20886
20292
20556
20476
20412
21038
21404
21786
21140
21359
21149
20588
20710
21674
20800
21101
21231
21523
21849
21852
21879
21903
22131
22062
21319
21668
21663
20497
21950
21618
20711
21872
21833
21592
20565
20208
21066
21268
20359
21410
20174
21829
21485
21968
20688
20690
21439
21079
21070
21266
21900
21047
21679
20075
20962
20417
21453
20553
20026
21436
20631
20051
21000
21319
21579
20970
20108
20334
20664
21084
21736
20408
20469
21456
20705
21729
21315
22155
21464
20743
21193
21540
21662
21971
22142
21132
20306
20293
20184
20716
20995
20367
20459
21601
21284
20150
20432
21652
20884
21724
20203
20556
20515
20076
22052
21659
21922
20661
20747
20533
20831
21863
22065
20594
20761
21751
21464
21642
21055
20050
21494
21190
20067
20068
20875
20519
20332
21079
20688
20146
21767
21573
21332
20941
21081
20417
20535
20486
20615
20622
20930
20892
21485
20697
20244
21291
20668
20650
20757
21123
20283
20096
20983
20262
20375
20449
21507
21891
21528
20473
21435
20325
20324
21492
21030
21546
20862
21257
22067
21992
21995
21652
21373
21918
21336
22126
20566
21431
21807
21548
21040
20396
20693
20588
20231
20009
21037
21899
20939
20243
21418
21738
20315
21134
21097
20825
21484
20076
20916
20216
21374
20655
21332
20835
21347
21088
20795
20024
20085
21315
20789
22023
21317
22154
20537
20389
21782
21672
21102
20643
22105
20606
22055
22027
21865
21834
21657
20194
20088
20216
20270
21062
21626
20669
20506
20703
20633
20637
20954
20330
21420
20574
22144
21726
21089
20000
20587
20789
21709
21310
20394
21469
20214
21947
20560
20235
22121
21034
20242
22125
21401
20411
20744
20654
21049
20008
22142
21831
21419
21765
20671
20650
20028
20133
21837
21226
20743
21200
20830
21555
21163
21506
20804
21410
22140
21689
20493
21121
22094
21348
20212
21347
20516
20898
20797
20303
20858
20351
21344
20274
21662
20900
20189
22068
21810
22125
20690
20783
20935
21152
21866
22085
20454
21737
20792
20947
21044
21703
20958
21255
21561
21587
21282
21472
21111
20347
22153
20575
20871
20714
21111
20087
21569
21621
20437
21037
20475
22111
20307
20652
20285
21730
20137
20317
20672
20261
20067
21283
22115
21344
21004
20263
20197
20041
22039
20444
21698
20042
20841
21119
20205
21945
20494
20879
20318
20589
20627
20793
20458
20431
21811
21197
20441
21276
20720
21941
20439
21494
21480
20183
21046
21694
21920
21652
20310
21336
21205
20836
21791
20026
20564
20367
21959
21413
20873
20808
21740
21143
20768
20665
21806
21074
21855
22103
20719
20565
21419
21155
20697
20995
20983
21629
21210
21079
21193
21846
21227
20483
21168
21487
21033
21175
20838
20004
21678
20125
21748
20703
21300
20034
21142
20975
20892
21087
21532
20216
20846
21207
21438
20579
21071
20011
22085
21167
21292
20525
20971
21085
20590
20511
20555
21713
20252
21035
20364
20582
22022
22077
20837
20719
20059
20945
21941
21039
21002
21077
21377
20233
22146
20820
20797
21834
20353
20810
20766
20626
20695
20310
20026
22152
20595
22115
20656
20816
22034
20395
20458
21526
22056
20229
21658
21299
20251
21736
21358
20304
21623
20657
20663
21149
21051
21628
21801
21985
21644
21574
20352
22115
20615
21616
21690
21560
20642
21110
22100
20786
21992
20228
21153
20615
21682
22078
22135
22094
20547
20359
21353
21730
22093
21539
20624
21892
20288
21242
21213
21032
20195
21430
21583
20109
22075
21595
20042
20678
21198
21650
21752
20421
20249
20353
21030
21578
21481
22041
21246
22023
20060
21347
21683
20781
20306
21916
20982
20194
20110
20005
20623
21671
21812
20099
20844
20310
20277
20970
20186
21076
20390
21666
20268
21698
21579
20825
21991
20426
20644
21023
21844
21824
21838
20594
22033
21037
21921
21218
20312
21683
21042
21565
22087
21093
20914
21354
20185
22115
20303
22097
20903
20886
21724
20740
21012
20170
21618
21363
21355
21492
20484
21683
21647
21360
20552
21199
20937
20762
22075
21166
21160
20941
20502
21834
20232
20212
21447
20432
20221
21396
20714
20911
21237
21951
21713
20262
20179
21606
21952
20584
21062
21387
21181
20212
20593
20844
21488
20612
20464
20599
21860
21510
21271
20691
21739
20622
20532
20501
20584
20627
21525
20737
21974
21183
21267
20840
21231
20913
21795
20007
21087
21675
22005
22072
21797
20074
21444
20735
21448
21050
21227
21283
21267
20514
22069
20861
20892
21412
20964
20299
21100
22014
20771
20181
20900
21232
21003
21901
20628
20660
21022
20410
21967
21556
21074
20420
21184
21439
20630
21780
22012
20810
21041
20386
21103
22111
21397
21453
21813
20698
21492
20678
22019
20598
21539
21128
21122
20268
21920
20241
21590
21487
20439
21311
20697
22009
22045
20107
20167
22021
21828
20830
22097
21655
21264
21312
20477
20102
20203
20828
20387
22070
20148
22079
21698
20287
21067
22106
21012
21151
20727
21140
21594
21060
20363
21563
21324
20135
21579
21870
22064
21114
20873
21002
20305
21077
21547
21608
20957
21349
21623
20711
21039
20996
20200
20710
21672
21212
20357
20102
21843
21828
20230
21431
21167
21664
21909
21290
21773
21474
20609
21159
20093
21518
21253
21595
21461
21872
22132
22017
21740
21802
20519
20512
20217
20618
21760
21430
21953
20887
21766
20097
20844
21541
21259
21411
21927
21065
20121
22150
21121
22100
22102
20897
20554
21016
21495
21950
21060
20792
20516
20461
21800
20588
21155
22098
20900
21264
21707
21279
21311
20734
20579
21399
20665
20046
20619
21826
22070
20841
20913
21747
21921
21999
21967
20694
20667
21535
21985
20354
20621
20787
20090
21530
21666
20207
21048
21250
20359
20075
21745
21417
21832
21849
20405
22048
21599
21232
21767
21482
20298
21323
20294
21361
21500
21658
21010
20700
20256
20885
20028
20774
21639
20866
21859
20306
21127
21102
21611
21229
21321
22142
21126
20590
20916
21694
20785
22070
20837
21387
21630
20678
21268
20602
21501
21321
21988
21141
20073
20676
20118
20459
20531
22080
21749
22063
21333
20979
22116
20653
20832
20860
21468
20094
22119
21106
21864
21538
20817
20825
21425
20473
21329
21698
20819
20847
20366
20687
20391
21190
21857
20592
21371
21219
20789
20545
22114
20092
21649
21858
21070
20344
20335
21482
20139
22136
20254
21138
21344
21684
22018
21071
20780
21055
20646
20518
21923
20051
22048
20304
21604
20321
22073
20931
20003
