58033
56348
56526
57974
57617
56440
57999
57386
58044
56413
57035
57198
56625
58035
58357
56809
57873
56931
56159
56835
57084
56911
56843
56676
56093
58270
56840
57010
56934
58133
57716
58079
57187
58326
57191
57339
58090
58424
58075
56512
56742
58423
56460
56166
57540
56619
56258
57587
58294
57795
56499
56796
56682
56403
57482
56740
57465
57815
56178
56826
56810
57184
58405
56616
58196
57482
56604
56356
57684
57440
58049
57257
57258
57337
56192
57321
57963
57381
56855
58127
56880
56184
57451
56583
57477
56485
57588
58227
57548
57310
56517
57247
58325
57695
57455
56141
57166
57637
56156
56595
57308
57841
58296
58275
57827
57675
56607
56969
56634
56312
56777
56517
57725
58035
57160
56865
56195
56086
56861
56338
56671
56545
56568
56325
57626
56769
57566
57232
56473
57639
58041
56648
57913
56669
58427
57137
56537
57971
56686
58276
58002
57623
56298
58208
58271
57738
56982
57214
57199
57079
56472
57242
56361
56190
56197
57828
56983
57194
57307
56402
57423
57366
56773
58137
57172
56678
58028
58447
57711
58203
58067
57781
56862
56721
57967
58046
56872
57065
58349
57500
56699
56146
57440
56484
56419
56557
57831
58171
56287
56106
58204
56186
56973
56503
57092
57829
56112
57814
57256
56336
57216
56186
58210
58227
57512
57632
58136
56395
56861
57607
57825
56100
56830
57788
56344
56184
57244
56902
57862
56895
56410
56359
56366
58209
56508
56960
57895
56434
56522
57276
57006
57252
58333
57748
58405
56282
56721
57847
58259
56581
58092
56977
56539
57390
57438
57292
56460
58051
57512
58057
57515
56093
58232
56161
56786
56539
57708
56799
57321
57369
57702
57571
57877
57179
57286
57708
56960
57225
57123
58430
57319
57530
56192
56374
57185
56362
56170
57064
57698
56796
56465
57075
58057
58217
57563
57492
57493
57588
56266
57438
56232
57904
56390
57539
58010
56607
57138
57433
56916
57277
56820
56745
58024
56319
57571
56977
56977
56768
57669
56776
56796
56841
57995
57442
57801
56680
56745
56508
56281
58444
57578
56571
57521
58198
57699
57806
56744
57973
56204
58098
57359
57130
57727
57498
58030
56509
57222
57665
58260
58357
57871
57990
56665
58057
57582
57189
58152
57428
58086
57192
56817
56971
56913
56719
56868
56602
56992
56665
57050
56308
58320
56326
58011
56827
56886
57512
56889
57832
57389
56488
57918
58398
57650
56421
56595
56929
56324
57573
56555
58137
57900
58393
58132
57163
56788
56108
57023
56227
56469
56554
56450
57979
56686
57517
57516
56094
58099
58293
56895
56794
56795
56316
57890
57952
56286
56805
57990
56834
56879
56321
57096
56306
56886
57515
57943
57345
57334
57205
56707
57649
57178
56117
57919
56234
58381
57914
57018
58152
57690
56343
57996
57943
57631
57849
57801
58082
57261
58071
56115
57894
58321
58227
56300
56400
57269
56734
58348
57651
58323
58101
57346
58446
57893
56750
57272
57122
57238
57813
57648
56653
56094
56422
58093
56615
57749
56536
58432
58356
58144
58353
56822
57979
58256
56950
58066
56591
57586
56358
57799
56617
56623
57452
57492
57754
56433
56453
57336
56353
56801
57536
56543
56175
57014
56762
57985
57327
58200
57640
57753
58318
56814
56542
58022
57424
56234
56593
56359
56628
58216
57854
56994
56794
57168
56716
57888
56462
58029
56631
57622
56502
58366
56517
56973
57347
56778
56917
56686
56343
56231
56957
58113
56282
57986
57634
57544
57406
57946
56336
57416
56952
57238
57557
57889
58255
57430
56423
57142
57603
57174
58109
58441
57473
56270
57135
56285
56341
56846
56160
58179
57372
58415
57963
57756
57315
57102
56396
57650
56236
56991
57073
58304
57219
56098
57669
57723
56511
57597
57852
57604
58260
57749
56455
56864
57093
57558
57689
56586
57760
56832
56212
57890
57770
58262
56945
56510
56817
56478
57968
57526
58282
58288
58392
56380
57246
56511
57530
57771
56328
56369
56142
57513
58034
56738
56720
57334
58210
57338
58021
57890
57757
57614
58438
57243
56540
57796
57625
56139
56437
58324
57651
57067
57068
56649
57312
58218
57945
56332
56768
57312
58423
57790
56891
57218
58324
57772
56520
57085
58015
56444
56864
57826
56099
57080
57435
57973
57354
56312
56642
58214
56592
56192
56578
56857
56362
58109
56526
56963
58169
57722
56617
56307
57032
57666
56203
57262
56906
56705
56462
57381
56561
56458
56765
57293
57322
57409
56431
57683
56306
57635
57234
58023
56220
57145
56420
57716
58268
56703
57336
56417
56203
56195
57686
56296
57651
57652
57775
57854
58118
57607
56458
57756
57835
57386
56090
56687
58005
56803
56533
56993
56871
57076
56866
57342
58250
56486
56917
57346
57600
57990
56893
56464
57130
56726
58127
57360
56361
58295
56101
57380
56511
56525
58076
56264
57434
56562
56334
57679
56505
58009
56378
57296
56337
57461
57603
56966
57079
57709
56447
57249
57746
56579
56485
57095
56822
57815
57395
58197
56763
57610
56757
57439
56718
56262
56954
57633
57534
56394
56926
57762
57648
56460
57629
56282
56415
58181
56796
56869
58105
57078
58051
58097
57104
57365
58228
56472
58165
56705
57537
57858
58156
56442
56169
58173
57737
57882
58202
57398
56250
57571
58437
57840
56561
57014
58080
57902
57876
57075
56664
57996
56630
57241
56349
56345
58196
57617
56868
58338
58191
56705
56923
57323
58266
57240
56526
57527
56920
56621
56182
57323
56304
56521
57801
57934
56285
57747
56284
56340
57058
56129
56398
58338
56446
56828
57648
56133
56225
57089
57884
56561
57504
58218
56638
57332
57342
57386
57324
57671
56618
58313
56781
56420
58195
57082
57592
56415
57974
56963
57226
57753
57477
57312
56702
57075
58275
57755
56493
57577
58362
58114
57004
57923
57634
57532
56521
58021
56555
57966
57209
56753
57463
56196
56263
57956
58315
57247
58062
57973
58307
58424
58158
57675
57180
57390
57134
58241
56339
57817
56673
58390
56925
56458
57800
57228
57613
57020
56438
56429
57433
57266
58098
56254
57948
56728
57266
57114
56355
57830
57146
56291
57579
56283
58422
56268
57769
58026
57381
58421
57602
58274
58162
56431
57811
56654
56515
58318
58103
56940
56734
57908
57086
56777
58210
57628
56492
58263
58289
56738
57520
57084
57052
57097
56277
57128
57821
56517
57487
57798
58222
58118
56958
57990
58345
57264
57545
56271
56240
56738
56294
57997
56377
58264
57438
58047
57539
57123
58286
56722
57257
57398
56968
56914
57560
57424
57901
57212
56253
56400
56903
56883
58416
56951
56205
58357
56381
58008
56838
57069
58095
57451
57994
57150
57440
56581
58354
57500
56745
57971
56132
57563
57075
56325
56635
56211
57478
57889
56512
58360
57056
57672
58338
58082
57419
56551
57546
58113
56961
56448
58106
57629
56970
57071
57276
56477
57070
56280
57348
56359
56342
56908
57238
56862
57800
57777
56568
57295
57631
57875
58421
57877
57800
56123
58332
56567
56515
56287
56616
57341
58296
56464
56089
57933
56457
56692
57381
56629
57435
56960
57388
56593
56662
57611
56560
56889
56361
57621
56954
56183
57147
57946
56206
56542
57267
58001
56401
56914
57917
57130
57817
56180
57973
56574
56728
56438
58213
56722
58097
56330
57850
58017
56221
57748
57838
56607
56974
58036
57367
56092
57951
56916
56443
57878
57671
58386
56434
58356
58387
57897
57134
56585
56275
57593
58147
57721
57188
58211
56214
57400
56543
58293
56936
58316
56311
56695
58062
58137
58441
58144
57406
56685
57425
56122
58142
57463
57420
58339
56854
56692
58431
57481
56505
56541
56661
56621
57307
58156
58115
58255
57110
57934
57741
58004
56253
56429
56579
56803
56361
57509
56847
57710
58339
57515
58335
58241
57815
56382
56894
58101
56143
58066
56342
56435
57962
57366
57924
57379
56817
58130
57466
58400
56508
58198
58372
56176
57905
56512
57123
56993
56187
57459
58028
57666
56730
57517
58084
56725
57268
57275
56627
57954
58442
57198
57157
57735
56654
56491
57798
57887
56104
56415
57380
56781
58422
56363
56283
57026
57455
57712
56202
57691
56284
57462
57053
57996
57839
56154
56290
56983
57922
58050
56317
56449
57578
56560
57609
57247
57172
56345
57739
58378
56270
56973
56177
56860
57125
56919
57209
56227
58391
56090
56605
56134
57453
57050
57247
57178
56504
56388
57679
58211
56881
57638
57869
56692
57329
57527
57567
57200
56900
57681
57851
57180
56453
56974
58049
56701
57063
56824
57270
57572
56700
57439
56911
56906
56868
57758
56560
56554
56290
56210
57575
56980
57972
56892
56197
56915
56938
57003
57669
56710
56751
58299
56546
56145
56534
57983
57285
57045
57084
56351
56922
56625
56343
56423
57417
58283
57958
56606
57070
57733
56384
57325
56504
57829
57730
57093
57221
57821
57874
57643
56349
57955
56172
56090
56499
57151
56147
57941
58407
57391
56350
57943
58249
57293
56086
56219
57696
56087
56917
56974
56184
57612
56306
58078
57377
57879
58241
57599
57145
57474
56995
56911
58151
56211
58279
57524
56740
57830
56298
56250
57608
57237
56408
56996
56337
56917
56807
57311
56857
56191
58097
56174
57185
56447
56302
56940
56188
58369
57566
56382
56620
58429
56152
57313
56109
58009
58206
57077
56314
57393
57556
56484
57763
57462
56921
57327
57895
58110
57350
58379
56650
56571
57098
56833
56463
58359
56540
57285
57118
56596
56595
56092
56437
56447
57998
56544
57847
57749
58140
56203
56928
56471
57121
58028
56379
57191
56750
56590
57203
56430
57856
56911
58259
57556
58266
57304
56507
57565
58071
57465
58048
58176
57191
57195
56538
58333
56719
58305
57080
57519
56861
57498
57547
57002
57694
57115
56768
56255
57777
57012
58124
57125
57513
57798
58058
58072
56704
57788
58006
56770
56198
58343
56668
58287
57310
58318
57524
57442
56485
57997
56588
56828
57999
56455
56894
57180
56547
57754
57243
58034
58350
58321
56883
56641
56752
56249
58356
57808
58326
58282
56959
57412
57617
56404
56950
56098
56953
56227
57735
57112
56206
57639
57777
56912
57358
58367
56252
57533
58269
57410
56621
56164
58210
57069
57549
58322
56233
56706
57581
56421
57282
56502
57561
58142
58430
58443
56406
57586
56977
58069
56487
56331
56518
56429
58006
57792
57339
56764
57633
58170
57216
57328
58388
56687
56404
56310
56547
57775
57569
58037
58215
57301
57442
56604
57385
56729
56439
57348
57320
58272
56492
57860
58191
57718
58445
58264
56290
57967
56443
56879
56400
56114
57662
57154
57869
57531
57663
56328
56985
58177
58446
57183
56379
58294
57754
57354
57377
56237
57413
57403
57743
58115
56888
57727
57392
56836
57837
56217
57054
57288
57275
58198
57003
57824
57737
56131
57883
57425
57108
56294
57373
56279
56412
56089
56195
57783
58315
57768
57261
57353
58404
57208
57324
56649
57830
57382
56637
57423
56959
56949
57894
57350
56184
57903
56361
58048
57677
57702
57114
57155
56767
58314
56833
58048
57810
57188
56751
57537
56586
57976
56973
56208
58239
57851
57946
57620
56110
57053
57058
57278
56742
58306
56138
58134
57479
58315
58154
58420
57920
58384
56094
57799
56400
56997
57375
58418
58019
57501
56154
56978
58167
56692
58312
56783
56859
57689
57943
57040
58346
56289
56285
56153
57557
56586
57928
57776
56809
58274
58214
56142
57688
57500
57909
58314
57877
57920
57772
57023
58227
56963
57523
57054
57074
57419
57457
56572
56614
56696
57590
57997
56850
56260
57196
57154
57412
56547
57059
56346
57574
58272
56388
57204
57235
58379
58332
57035
57907
56812
56813
58411
56479
56481
56763
57681
57015
56770
56089
57886
56754
56404
57482
58298
56345
56867
58162
56302
58381
57416
58249
57953
58138
58409
56611
56286
57096
57180
58053
57022
56661
56621
57784
58254
58171
58318
56656
57837
58166
57383
56981
56165
57438
57840
58079
56675
56374
57451
56151
56849
57707
56131
57758
57302
56166
57386
58273
58033
57238
57906
56893
56931
56710
57249
58415
57427
57969
57126
56655
56199
57500
57555
57567
57138
57775
57432
58076
56804
57950
58350
56439
56197
58423
58180
57056
58261
57196
56381
57873
57692
56472
56840
57109
58001
57726
56421
56257
56746
58299
58076
57377
58443
58325
58413
57917
57700
56403
57023
56117
57488
57454
56297
58065
57596
57038
56916
57318
58350
57428
57325
56622
58383
58041
56308
57137
57735
58421
58297
57708
56269
57491
58202
56141
56452
58408
57627
57302
56855
56193
57876
58387
56356
58165
57496
58257
57065
56517
56812
57149
58372
56613
56768
57443
57994
56673
56243
57120
58098
56103
57828
58263
57868
57248
57700
56274
57996
57169
58212
57120
58375
56585
58152
57775
57984
56334
56956
57083
56524
56521
58139
57940
58133
56237
57024
58203
57277
56759
56543
56652
57703
56996
57016
57309
56210
56345
57829
57419
57848
57425
58438
57290
57931
57875
58308
58067
58084
56240
57222
57091
57906
58360
56163
57090
58242
57309
57201
56816
57233
58326
58057
58358
57804
58123
58247
57900
57054
56248
57843
56176
58079
56437
56252
57779
56154
57829
57773
56823
57351
56280
58282
57353
57251
56332
57344
57347
58034
56419
57091
57080
57718
58176
58422
57097
57918
56465
56704
57268
56216
57601
56326
58052
57643
56913
57992
58050
57004
57862
57195
56625
57075
58302
56995
56617
57535
57728
57731
57207
58205
56670
56267
58237
57945
56946
57406
56593
57036
56093
58074
56089
57472
56990
56618
56276
56824
57166
56229
56799
57229
56399
56563
56274
57456
58294
56412
56875
57111
56264
57601
56587
56153
58181
56981
58382
57233
57936
56104
56627
56985
57389
57355
56138
56590
58408
57853
57145
57119
56507
58434
56177
57918
57076
57593
57258
57737
56941
56411
56436
56472
58289
56635
58075
56115
56594
56274
56165
56328
57150
57239
56208
57968
58300
56215
57932
58239
57437
57432
57147
56415
57739
56816
57002
56543
57828
57859
56660
57752
56836
56612
56091
56577
56870
56859
57571
57036
56795
56353
57096
58425
58302
56888
56680
57073
58261
57538
56475
56761
56552
56982
56256
56280
56419
57064
56562
56463
58129
57620
58092
58081
58255
57006
57159
57832
57925
57207
58088
57438
56639
57582
58091
56824
57430
56481
57609
56266
57590
58164
56646
57572
57958
58329
56424
57142
56187
56557
57974
56144
58203
56569
56809
58357
58184
58058
58402
57818
57099
57884
58116
58162
56946
57491
57534
56140
56534
58206
58248
56430
57420
58178
57720
56619
56927
57607
57154
56379
56955
57847
57208
57438
57160
58177
58072
56879
57238
56906
57943
56881
56140
57281
58254
57593
57691
56696
56391
57687
56640
57433
56586
58436
58378
58436
56267
57504
57373
57466
57717
56241
56433
58026
56619
56672
58369
56426
56575
56706
57498
58189
56411
56848
56503
57938
56983
57471
57402
56771
57410
56538
56183
56221
56248
56554
58339
56160
56307
56150
57424
58070
57939
56628
57662
57413
56867
56948
58343
56090
57329
57830
57495
57696
57964
57583
56427
56881
57052
56334
58392
57882
58102
58370
57103
57021
56762
57794
57629
58441
56326
58411
56459
56459
56749
56416
56841
57747
57964
57638
56958
57961
56355
56940
57844
56297
56173
57292
56692
56960
57505
58313
58047
57847
56896
57854
56345
58215
58169
56748
57869
56172
