61887
64842
62179
61582
60555
64019
65472
60999
60804
64646
62480
61733
64176
62779
62223
61364
62246
65655
65367
60099
61764
61246
60735
65488
60486
60333
63067
61150
63331
64720
60960
61629
60062
64116
60086
65144
61252
60997
65369
64344
60686
60871
62855
60337
65007
62975
65627
61339
60319
63495
63750
60197
61563
64913
61202
62370
62648
61992
63160
64949
60889
63310
62811
59940
63764
65255
64219
60484
60735
60162
64598
63546
65246
61821
63992
61494
62114
65069
60629
62270
64189
61480
61983
65177
62114
65069
60801
61189
61768
61073
65538
59875
60851
62786
62407
64018
62710
60690
62194
64390
61855
60168
60712
61071
63656
63289
61470
64597
60829
64800
60565
64920
61246
64177
64450
65627
60369
61496
64295
65018
62391
59885
60665
60238
65616
62333
60644
64506
62587
60509
60822
63095
62276
63482
60016
59815
65235
61260
64472
61622
65631
64936
62177
65349
60311
61600
63385
61194
65407
65584
62576
60239
62869
61478
62979
63518
61305
64630
60397
65321
62191
64022
63343
61441
65172
61001
61859
59942
63351
64452
61069
65644
62188
60065
64602
63182
60602
64408
61930
63085
64283
61453
61422
60217
64846
64435
60415
62301
63715
62521
65085
62436
63928
60784
61539
65447
60612
64592
62727
60498
64149
64262
59831
64894
64402
63249
62831
62999
62555
64341
64387
63786
63227
65196
64087
64560
62781
61225
62281
60442
61260
65050
62984
61719
61062
60677
63429
61988
61748
63022
61707
62405
59804
64343
63000
62290
61277
63943
63152
60368
61552
64087
65554
61811
61413
60505
62715
63960
64497
63036
61232
61929
64358
61059
60831
64617
62404
61752
64915
62583
60016
60490
64868
64843
65551
64744
65026
63791
62747
65473
63455
64671
64012
59905
61351
60365
61433
59827
63641
63090
63184
64872
63626
64077
61620
64951
62464
61270
63362
62750
62343
65429
61629
61803
63035
65590
60412
60730
65502
61666
61147
64243
60921
61759
65196
61232
61228
63060
61532
64750
62595
63924
62216
63986
61006
61954
62432
64879
62475
59959
62075
59831
62782
65052
60825
61366
62207
64274
61945
59905
63010
65241
62888
60142
63983
61585
64605
65367
62613
62344
64114
61704
63505
63122
63464
63212
65315
65246
63127
60571
61058
65008
64072
63827
61358
59952
61213
63976
65653
63053
60749
64164
62428
60503
61142
61361
62085
65398
65604
62637
61340
61887
65367
63475
61310
61413
65222
61393
64851
64068
62240
62660
62968
59923
63362
63583
63706
61480
60249
62507
59995
62093
64156
64807
63286
63438
64268
62444
64040
61631
65508
62352
65303
62579
64916
62480
64607
61466
62917
59965
64183
61499
62410
61497
62198
61168
60390
62036
60294
63086
60697
63428
63206
65008
61273
64765
61481
61554
61328
61169
61630
60646
63124
63548
60789
62481
61110
63129
64507
62142
60056
61423
61492
63216
61592
62018
60844
63322
60990
63939
60755
63750
60499
63090
62350
60008
63544
62449
64646
61263
62355
60877
61899
61146
62130
63635
60156
60408
63849
65196
63918
61024
64999
64999
63516
65436
59988
60489
63660
62333
62233
62058
65024
62929
64501
61864
61265
65053
60885
60087
64964
65046
61642
61623
60389
65210
61564
63159
59856
59830
62802
63440
59803
60679
64968
65226
65619
62408
63107
61125
60063
64748
63172
62048
61450
63542
64937
64806
62085
60985
65624
62305
64649
61796
62931
60687
62828
62720
63916
60876
63737
64549
63931
64923
62726
60187
60961
61316
62237
63010
61368
65152
62658
61344
62051
61030
65648
60961
62128
62699
61570
60766
63704
60292
64437
64120
62812
60719
65013
62307
60556
61313
62253
61309
65291
64552
64320
61886
64972
61655
64268
63919
60545
62706
62845
65024
61280
60605
60226
63929
62570
60117
60623
60977
65612
62527
64830
64535
64923
62853
61006
64423
63563
63754
64993
62897
64559
63953
61924
64712
62572
64121
62815
65382
61160
64156
64650
62968
64921
64391
63436
63699
62969
60240
62851
64170
63568
60418
64489
64017
60547
64098
59858
59838
65620
61525
63953
64801
64587
63733
63651
62790
60917
61813
60300
64037
60336
62435
62557
63025
60603
60667
60927
62112
61462
64540
61795
62621
62320
60755
64908
60786
61979
64540
60284
60557
61330
64067
61978
60349
61345
60677
60078
61652
63887
64473
65187
61146
60496
60793
59960
60987
59851
62104
61573
63921
64228
65241
60895
60755
61339
64068
63200
65031
59844
59850
60999
61564
60220
64199
62365
64329
59933
60314
61895
62563
64388
64140
63979
64581
63921
60573
60487
61892
60485
64534
61380
64554
62974
63823
61375
61427
65553
60995
59963
63824
65404
61609
64998
60243
63674
62418
64867
61730
60777
61266
61551
62426
60549
60752
64512
64443
64654
61193
64169
61066
63290
64382
59875
64369
62803
64565
64957
64097
61496
62903
61842
62388
61798
61479
60288
63747
60065
60888
65013
64642
59916
62232
65108
65432
64216
65144
62595
60152
60387
63172
63721
61905
65261
64432
63256
61463
61238
61281
64943
61739
62204
61025
65369
60408
60602
62746
62002
63621
63578
63774
61889
59996
65429
60468
61645
62667
61694
63069
65368
64460
64026
63809
59817
61259
62013
63885
61108
65555
60483
64027
64446
61400
62506
60776
63200
60115
64123
62499
63137
63642
65523
60286
63645
61249
62538
61163
62945
63285
60191
64592
62733
63462
65565
60648
63092
61466
60926
63417
61432
60856
63857
60680
64820
64526
61880
59841
62409
63553
62614
61953
60721
63641
59889
61497
62099
61762
60641
64099
64868
63062
61196
61428
60894
64073
61508
61077
64167
64135
62545
64214
63194
64596
62870
63424
62814
63453
64852
65557
65437
63811
62943
61420
65202
60646
63186
63197
60134
63515
63313
64483
60949
64802
63957
59972
64622
63501
59956
61713
60723
60020
60162
62705
59844
59838
61553
62966
62224
60738
60746
63711
60792
60333
63839
65181
63628
64834
65052
61908
60142
61789
60917
62391
62163
64812
62787
65489
62816
60144
64961
61280
61977
62943
62787
61691
61408
60606
59916
60742
63158
59971
61821
62384
65537
62936
63827
61260
63943
60909
63359
65315
61045
60232
61068
63691
61901
65576
60055
64863
60745
65342
63565
65678
64408
61065
61233
61157
60258
61537
60067
63080
65078
65079
61569
65462
65463
63490
63784
62382
60657
60768
64452
64096
61487
62510
63544
63233
65350
64905
64771
65526
61824
64382
64277
60937
63237
60927
63669
65021
61357
63069
63283
60435
62068
61335
64865
61150
63525
61189
61601
60428
62779
60198
64945
65269
62485
62985
64425
60636
60990
63450
61574
64101
61002
65517
62650
63423
64462
62735
59817
60114
61175
65135
61152
60803
62290
62234
60065
63755
62522
61292
61400
64601
60253
65549
60983
62455
60383
60222
59917
59897
60073
65589
64118
65413
61863
65096
60623
65140
64806
60057
64718
65643
60551
65262
62547
62474
62730
60633
64698
61999
63948
61911
63757
65650
61205
60581
60934
62169
59926
64467
61523
63389
63698
60966
61086
62251
61835
62833
63167
62110
65258
60624
60606
60454
62752
62763
61799
61881
63284
61302
64981
63638
62209
65494
63123
62818
60279
62491
63023
60849
63084
62493
61244
60539
62936
64565
65591
62786
59891
61068
61301
61670
61005
60977
64943
63456
61366
62829
60650
60044
63949
62602
61413
60229
62829
60493
64486
63204
61307
62417
65422
65505
61152
61929
63006
65452
63430
61044
60707
62154
59798
61268
64746
60179
60653
63530
60062
63124
61612
61718
60616
63603
60142
62305
60014
59984
60677
65002
62555
62318
65232
63516
62803
61883
63880
64568
65156
61974
63806
63315
63504
63911
60222
60786
62848
63821
61056
62235
64357
60465
61770
60123
62456
63741
59784
62974
63960
63761
63173
61829
63897
65132
60539
62032
60082
63357
61107
60886
65268
63735
61132
59958
61680
61129
61262
62224
60061
62800
62361
61537
65200
61361
62364
62853
62425
63319
62888
62589
60172
64539
61928
61500
60247
60448
61752
61398
61011
61034
61572
63504
65583
63950
62899
60730
62922
60004
64479
65648
60985
59875
61279
61277
60984
62819
63614
65373
61506
60738
63155
60869
63061
62275
63534
62081
64224
60999
61312
64090
61310
62360
63850
63197
64178
63910
63756
62191
63666
64456
65378
62693
61455
61389
62024
64866
62141
61740
61007
61701
59970
63905
60378
60901
64895
61126
63067
61057
65243
61884
61356
60266
62157
61655
61783
62613
65009
64973
63978
60810
64285
65547
65158
63286
62219
64242
63030
62258
60548
63214
64240
60997
63204
61754
59827
65281
60911
63567
64399
64399
65535
60770
61443
60775
61519
61059
64225
60981
60403
63015
64657
64959
62866
64155
64120
60116
62288
61154
62954
65611
62300
60402
61908
63301
63918
62074
65244
61225
62505
63010
62726
60747
62355
60349
60561
60885
64381
62466
65139
63707
63975
59825
65145
62587
65055
62389
61100
65266
60876
62798
63632
62291
60303
60059
60833
60706
63493
62058
64364
62000
63294
65257
63044
63963
61141
62722
65040
64717
65446
62999
64088
63804
61390
63143
64027
59795
64623
64779
62904
64699
63744
62565
64208
62314
61485
64062
60331
61251
63615
61014
65059
59945
60414
63459
61383
65075
65473
63269
61225
62356
62227
60472
60698
60788
59794
61348
63679
62737
61656
63007
61881
63818
62199
61091
63308
64531
63054
60544
62409
62809
63016
65502
61694
62489
60828
65606
64197
64009
62495
61251
60327
60879
61171
64647
64600
60834
61825
61150
62469
63099
62163
63686
64940
62800
61829
62138
61088
60184
61688
61532
61285
61004
60738
63169
61817
65296
60186
63165
65643
64123
59811
62743
65653
64990
65645
63478
63783
63718
65250
61177
62080
60520
61830
61422
65550
62152
63445
60935
59949
63293
65298
61208
64403
62480
65438
64239
63422
61791
60648
62493
61955
63426
59878
65347
60392
62002
59831
61408
63219
60010
60476
63147
62225
64263
63943
63380
63845
64023
65342
65267
62052
64263
63201
61540
60253
62598
60162
63458
61430
60016
64181
61712
62184
60805
60952
61141
64325
62068
61256
65344
63473
64810
64182
63095
63346
63275
62337
63737
61749
61172
59832
60466
61162
61459
62963
62861
63957
61593
62654
62290
61999
61246
62572
65141
60822
63648
65136
60671
63544
60138
65568
65673
64916
64133
60235
65353
64307
62456
60039
62770
63285
60089
59938
63943
61865
65383
63015
64101
60123
63681
61180
64448
60938
61850
60201
61289
62944
60710
64756
65537
62106
59796
61361
60243
61913
59845
65242
62294
62463
61152
61955
64996
64096
61336
60240
62057
64044
60145
61303
63865
65443
60779
63790
60158
60698
61253
62766
62484
63175
63979
62289
60281
64487
64035
64338
64896
60314
64652
64190
61352
61892
63149
63141
61534
64370
61545
60469
62862
61728
60845
60423
62040
64123
61620
59899
61034
63764
63899
65001
62655
62405
60899
63754
64348
64921
60595
64771
63514
64335
60600
61405
63573
64885
61684
61211
62485
63616
60662
63767
62840
60733
65529
65628
61136
62450
62657
59962
62096
62711
65263
62920
61348
61522
65417
63275
62807
61415
65470
61497
61830
61783
61755
63480
62269
60958
63050
65072
61891
60700
64463
63298
61430
60245
63063
63614
61027
64682
64369
64559
63933
64735
65663
61663
61356
62073
63262
60892
61957
65036
61494
64831
62010
63188
63554
60441
61885
61274
60512
63900
62711
63851
59790
65538
63886
65641
62987
65022
60094
63889
61979
64016
62108
64951
65269
64400
61217
62518
61353
64535
63346
64089
61822
61028
64599
62299
63216
62310
64442
60840
61174
63949
62093
59907
60000
65437
60743
60685
61660
64575
60277
64294
63153
65312
61189
64593
60372
60404
60648
62685
65124
60817
62928
64212
61282
59886
61189
64734
60632
62568
59844
62789
61641
61133
61783
59835
64328
63037
63223
65460
63624
62370
61032
60833
60333
63442
62505
60043
61269
59838
61283
62775
60624
60937
64059
64015
59821
59927
63803
62200
62954
61081
65271
64577
60723
62501
61726
63921
61104
61400
63240
63870
65029
60856
60737
60796
61071
62963
60596
65661
61842
64725
61430
60561
59857
60088
62505
61412
61087
63630
64973
63238
61894
64846
60999
63447
65443
65175
61870
64171
64701
61496
61373
62127
61111
60809
62581
62507
63917
60006
61274
62597
65390
62376
61712
63445
62788
62343
61857
59894
61596
65050
59830
61849
65354
59886
62346
61132
64505
64063
62876
65670
63355
61422
59803
63441
60801
62071
64408
60480
64558
64461
61537
64498
63497
62765
62313
60408
60160
60956
60949
61185
65197
60890
63294
61867
62250
62940
61058
64570
63058
64851
64183
61953
61911
62408
64667
62725
60508
61645
61418
60809
65600
63979
63838
65131
64989
59846
59988
62227
62568
64435
62135
65003
65489
60704
62896
64187
62197
61761
65492
64064
65191
64626
64079
65048
64968
64343
65273
62919
64754
64143
63657
61393
61247
64580
61073
60292
62421
63664
62070
62761
65522
64212
63934
61690
64048
64082
64208
60545
62477
64020
65064
63734
62488
60221
60649
62111
63594
62444
61899
63954
63530
60096
63592
62016
62288
61639
61588
62621
60941
61870
64342
60973
60747
60873
63189
63079
64813
62350
62539
63318
61621
60941
61257
62096
60089
59848
61309
60361
59834
60440
61177
63851
61625
64779
64595
65326
64114
64073
64604
62795
63607
63038
62589
64145
61867
63024
64655
63181
63465
60996
64876
62306
65593
65123
60916
65445
64378
64196
62209
63889
64332
65547
63401
62960
60630
63862
63770
59834
59873
60719
63882
59858
59845
60523
60570
60975
62341
65659
60979
61195
60290
62391
60792
61953
61223
61356
60698
64191
62886
60728
63007
64896
65300
60922
59906
60968
62599
62212
61186
64445
60348
65501
63544
64238
62563
60764
64739
60200
62628
65680
62316
63023
61708
60616
61215
63596
64836
62648
63479
64921
60673
60617
62217
65426
60888
61954
63205
60774
60964
63180
59985
62795
62261
60321
62411
65151
60681
62868
60348
60344
62486
63308
61544
60231
63446
65424
59884
62273
61048
61532
64415
60523
61886
65239
61573
61718
63787
62407
59839
61511
61231
60054
62748
63645
64335
63323
65343
61504
62425
64192
61156
63352
62449
61514
64428
64062
63357
64897
61384
65294
64210
64380
65168
60887
65204
64554
61209
62955
64340
65151
60907
60891
61692
60633
61850
62860
62674
64118
60181
64412
63461
63514
62529
65255
64686
61528
64993
61776
61864
60847
62679
59828
61972
62692
59858
64582
61017
64508
60634
64743
63911
63122
64752
64952
60650
64073
59827
64313
65526
63767
60308
60788
62986
61507
61894
62529
60856
65465
61000
61141
64505
60752
65475
64659
64792
60104
60103
60938
64530
63335
60517
62699
64325
60487
62901
63105
64641
62205
62925
62269
65621
62865
64987
63017
61587
61845
61003
62353
59914
61289
64014
63905
63414
64897
61179
65381
61101
65496
63520
65394
64445
60658
61136
61244
62224
61373
61311
65529
63674
63743
64824
64342
64393
62551
61798
61641
64025
62585
61190
60632
65084
61863
60983
64854
59934
61073
62153
62709
62315
62651
60907
61263
62974
61270
62682
60669
64261
61658
62683
61688
63119
64798
65108
60794
64000
61298
63151
63600
61774
64676
63502
65102
63236
61563
62305
64230
60071
65026
61028
60774
65418
63367
64566
62891
61156
60778
64689
63907
65172
62705
63998
60519
64212
59947
65340
63850
60069
59803
64882
61849
63496
60736
62215
61400
61230
63635
62607
61057
61287
64235
59873
59876
59862
65281
65550
62792
61077
60676
61210
61764
63804
60670
65450
63338
65649
61219
64740
62097
62729
65162
63702
61159
62686
64451
63257
65281
65045
59996
60340
65135
63610
60751
64558
61973
60453
61503
61712
60853
64925
61222
61594
63468
61226
63278
63721
63889
62324
61661
65393
63381
60202
64095
61661
65448
60958
64701
60521
64352
65417
61139
63418
61962
65096
60351
62581
62779
65230
62638
62394
61281
63077
61925
61154
61386
64071
61917
61177
65117
60534
62671
62831
62983
65227
63081
60688
61818
62561
63409
63443
63667
60797
62926
60343
62653
60158
59965
63638
64918
59863
61774
59917
64660
60055
64640
64505
60982
64008
65277
60208
65065
61156
60833
62635
65140
64550
62440
62086
61045
63056
59946
64976
61597
64538
65419
63239
62184
61375
64992
60320
63099
61064
62719
61736
60034
64369
65594
61354
65267
61736
61052
64676
60219
62158
63832
65304
60674
60097
64315
59899
63132
60706
63279
60807
62790
60799
60335
63318
64836
64790
63508
62498
63757
60022
62535
63392
62901
63872
61316
62948
60342
63543
64752
59942
63881
60796
60605
60547
60980
64943
59842
63969
64922
62448
61970
62024
61374
64137
61303
61544
62157
61039
62535
60374
60322
64841
60340
61873
61634
65052
65285
64621
63891
61558
62151
60996
61137
65264
62269
63469
60723
63026
62012
60536
61231
64234
61679
63918
64240
62965
60761
59901
61234
61681
65186
63861
62239
59985
62578
63534
64643
63598
60837
60361
62077
62333
60956
63455
64519
61600
61659
61736
59784
64844
64386
61856
61608
64090
61799
64727
61154
65487
60342
65390
64047
65372
62218
64693
62819
64088
62018
60685
62821
63831
64401
65531
63363
63661
61143
60889
59996
65079
64811
61188
59848
60612
61625
60448
62601
64458
61716
64553
65135
61276
62449
65451
62750
60609
60067
60878
60345
62880
62047
64571
61621
61683
63756
65667
60762
62247
60058
59930
62396
61901
64872
62008
65189
61576
62805
61360
61843
59831
64378
65293
63593
60594
64009
60518
61263
61688
61274
61323
65498
62897
63876
60590
61797
62432
60458
60386
61813
60427
63188
63284
61344
61132
61925
62817
61137
62958
64785
62442
65348
60734
60658
61158
65329
61328
65472
65097
65200
64193
65133
60455
63975
61432
59981
63552
63555
62253
60288
60428
62647
61994
61185
60611
60122
61836
61403
64535
62114
60353
63953
60991
60361
62293
63138
61531
60603
65300
60218
61706
61448
64837
62416
60922
60563
65051
61831
64892
64691
64670
62919
62146
64080
65076
63809
60984
65215
60583
60924
61345
63230
64589
60948
64328
59907
62265
64648
60835
64081
62438
64861
64840
65578
62946
63466
61758
64087
61907
62698
63159
63212
62436
64457
63221
60056
59821
61639
61905
59823
64313
63944
62085
64326
60742
61994
61631
60246
65328
65337
61679
62232
61368
62691
63671
62945
60370
62174
60105
64163
62356
59925
64621
64341
64140
61079
61834
65278
64090
60652
63572
61959
64308
61983
65286
60723
62365
62888
63922
62435
65609
61673
60012
62878
60793
60336
61084
64806
62746
61424
62733
60870
63112
62955
62837
61611
62848
60165
60946
60199
62251
61257
61452
64525
62621
60351
59890
60206
62472
63802
61661
62853
64322
61929
59819
63148
63512
60037
65550
64863
65531
63790
62479
62951
61201
63617
64282
61802
65330
62353
63663
64210
63796
63757
65015
64036
63778
62088
61650
60957
63861
59938
61235
61701
60636
62973
60716
59797
60300
63921
64583
60031
61017
62274
60651
64230
64342
64297
64200
63127
61093
62872
60276
64656
62305
64132
62573
64639
62391
61012
65373
63561
61681
62274
62066
60699
60534
63752
65070
60507
63252
64459
62156
60641
61051
64038
61280
63602
62037
65449
62154
61495
65293
64999
60048
62730
61950
65598
64406
65316
60645
60568
61286
62895
62783
63526
63941
61693
60147
63622
59819
65131
60633
65497
62328
65108
65532
64131
62208
61287
60014
61333
60672
63630
62429
61704
65452
62307
64121
61893
61812
63083
62040
64051
65361
63735
61291
60375
61056
65455
65255
60532
60465
59898
60271
60599
63004
60813
65492
60454
63450
61771
62701
59926
64969
61244
64303
61258
65052
60851
63179
62894
64397
60672
60202
65449
64108
62265
61938
64452
62702
60095
64413
63265
61469
63804
64266
61330
60578
59983
60119
62644
62265
62209
61468
60064
63497
62037
64448
61696
62721
61881
62535
65179
63431
65322
62600
62338
60874
65292
61296
63854
60678
62908
65024
62741
60434
61362
60758
62168
64776
60789
65396
62446
65386
64558
62584
64496
64170
65102
63759
61690
61678
61544
63256
61449
64853
61299
60859
63816
60418
65201
63266
65241
61667
60696
63133
63512
62857
59977
63280
61257
61881
62942
62605
63725
61576
62187
62721
62484
63909
62339
61272
62346
62244
64388
64141
59978
65378
63933
64034
63704
65291
64396
60588
61590
60619
61270
60955
64452
61934
65001
62520
64069
63675
62951
61000
61990
64846
65320
60466
60824
63800
62639
65059
64474
60081
65082
60501
62762
63850
64297
65604
63738
63057
63775
64362
62171
64203
61540
64234
60350
64573
59835
65466
65468
62538
62215
64859
61827
62741
60192
62783
60601
64459
60158
60056
65190
59965
65553
63999
61348
63117
64122
62799
59920
60842
60507
64309
65518
63272
60460
65261
60463
64183
59810
61556
65202
65312
64797
60951
65107
64930
65149
63075
60922
61287
65576
61352
63697
61013
62666
64679
61341
65128
61878
60864
64209
64804
61560
62974
65258
61305
63743
60383
64735
62920
63002
61730
63322
64714
65095
65369
63696
61679
64250
62121
60760
63755
60755
62392
65263
62555
60109
63917
63343
60404
60459
65630
65194
64693
59886
64122
61995
61622
61519
60031
63024
61892
62339
64836
63267
61622
61387
60737
63793
62368
64428
61295
64043
61446
63959
59827
62271
64360
64809
62605
63652
63151
64227
60404
62317
63316
62320
65340
64575
61754
62725
60274
63068
60130
63858
61545
60130
63089
63404
62284
62628
62097
62158
61463
60343
64229
63410
64726
63128
64576
63422
60990
62289
63001
61937
62923
64960
64867
62894
64418
64530
61743
59917
63048
62971
65021
62006
62058
62954
65286
61584
61858
62267
62765
61194
65004
61445
60060
65189
63699
61436
64908
63644
61672
59940
64069
62948
62711
61563
64074
62929
62058
63467
63612
63719
63574
63656
63202
65262
62270
64310
63496
63393
60443
65637
61681
63098
60769
60836
62784
65469
63977
60775
63125
64103
60801
61838
63711
61206
61566
63845
60713
60328
65059
65199
64378
64741
65180
62351
64499
63116
61188
63419
64287
62395
62949
62582
65542
64138
63622
63816
59788
62781
62394
61116
61001
62906
65014
62923
61366
60268
60665
61454
61878
61066
62642
60376
60041
60934
62177
61468
63019
65168
64872
65288
64995
61658
62460
64993
60724
64265
62265
65008
63019
62699
63497
65178
62060
64470
60927
63087
62013
60457
60560
63913
60928
60228
65201
62100
60780
62283
60258
62824
61182
63348
64365
63097
65121
60743
61799
65356
60817
62092
60880
61593
60047
64713
65590
62118
63326
63095
61628
65176
65062
64931
63093
62921
62088
60686
61701
62096
64082
62044
59931
64045
62548
61453
63886
64240
61321
61327
60486
59873
64873
61777
64150
59937
65549
64582
59949
64438
63806
60087
64895
65619
60781
60842
63258
62270
63259
62977
63467
65285
62654
64735
63726
64977
60122
64098
60128
62472
61125
63738
65147
64297
63976
63404
65004
60428
61460
64647
60409
65331
60539
61189
64870
63379
62002
60482
60158
63108
62734
62009
60701
65077
62063
63398
62748
62715
61296
62319
63191
64626
60818
65662
60369
60277
62163
60289
65126
61550
61990
63440
60113
65370
61971
63081
62339
64798
64499
61574
63737
63399
59832
60575
63644
63322
60358
62765
65635
62039
63603
60592
62082
64610
65068
61502
61260
60503
65591
63706
63024
62010
62240
65008
60528
61055
62331
63392
59945
61411
63674
61056
63281
62568
60673
65563
63740
63405
64463
60641
65303
62918
64231
62615
63178
61629
63712
64562
62397
64431
61816
62981
60661
64428
63448
62868
61578
62092
61164
61124
64619
60079
61541
63140
61406
63133
63173
62758
63267
61090
60498
64012
64515
61453
64422
64523
61656
63689
60333
63265
64268
61807
60572
60336
61900
63887
61881
60564
64882
65085
64164
61341
64517
61412
60892
61523
63780
64684
63481
62259
64149
62203
65002
60342
64736
64852
63869
64759
60598
61272
62608
64093
63349
62705
64960
60059
64092
61363
62658
60356
61253
63851
62478
60917
63386
64251
61438
60977
60977
60114
62818
62698
61634
60027
60395
63251
60373
63150
62373
62269
62622
63646
62704
62661
61876
62345
61990
62542
60649
61828
63026
64707
61648
61778
64871
61145
60970
61091
60979
62232
62456
60039
62178
61618
60843
62284
62787
64144
59882
59964
63119
61164
61231
60771
65442
60500
61973
64943
64053
59888
65585
64725
60571
62760
60589
61564
62615
63535
65598
63911
63041
60001
65631
60045
62998
64874
60832
63444
61332
62926
65614
64374
60019
61009
59944
64846
65226
60488
62930
61511
63414
63843
64649
62253
63355
64959
61476
64342
60856
62721
62107
61205
65609
64457
62290
65272
62094
63429
60806
63260
61234
62360
60874
61524
65394
61938
62559
64020
62109
59814
60074
63515
64446
60231
63548
62966
65113
60971
61293
63434
64367
63035
60161
62130
63008
63977
61653
63834
63385
61402
60273
62883
60397
63129
63344
60587
60091
65022
63275
60245
61369
61907
60476
61883
61340
61854
60754
61820
62684
63427
61472
64206
65456
63616
64424
62270
61281
60712
63464
60669
62374
61359
61871
65632
63733
65379
61919
62276
61695
61986
60422
62186
65350
64838
62863
62653
62660
65488
61150
63291
60662
65044
65391
60713
62022
62751
65103
59923
60525
61369
64861
63324
64435
60808
63545
62054
63950
64343
62011
61600
63639
61289
64968
59866
64380
60821
60117
61475
61032
61784
60096
61450
62406
62677
61650
60091
63405
61117
61776
62622
64343
60584
62607
62411
60000
63493
60476
61577
64277
61602
64941
61379
61028
61097
62697
61765
60232
63357
63596
63616
60542
65137
65106
64337
60995
61978
60395
62605
62359
59828
65000
59852
60705
59934
60810
62557
63562
64919
59800
64599
64243
60671
65284
63094
65488
62297
63077
61443
60791
60718
64354
62323
65178
60166
60221
63783
64050
61348
64797
64842
60592
62104
64749
65599
61641
60631
63529
62642
62401
61303
61001
62458
64109
64051
62161
60885
61836
61678
60785
63161
64034
64129
63341
62715
65585
65585
63872
61963
60391
63180
64318
60080
64577
61961
59986
65281
60569
64378
63472
60546
63325
63599
61695
63328
61846
59983
61279
60928
62441
59880
62067
62936
60607
62672
62809
63566
63756
59947
60679
64350
64208
60086
63449
64993
62750
63671
62864
65106
60970
61632
59804
62105
63486
65344
63857
63175
65104
60717
62764
65537
64349
65185
63244
65536
65000
59919
64492
61805
64983
63950
62311
63835
65003
61461
64405
61403
62025
63934
64957
61090
60227
62893
62863
65254
63770
62550
64073
61651
65082
64868
61402
61513
63690
62926
65404
65654
63608
61477
62990
63366
60240
60940
62062
64275
63570
62039
60828
62558
65201
63957
64211
64620
64217
64935
61447
63144
61860
59804
61245
61279
61540
64112
61667
62114
63906
65376
61422
64086
61022
63698
59907
64459
64096
60716
63914
63819
61848
62797
63675
65236
60319
65232
61863
61246
61448
61326
60373
61885
60795
63923
61712
61851
61340
60339
62069
60412
61722
64437
64050
60106
61382
64302
63855
64667
60755
65435
61868
64014
64145
63076
61210
61135
63495
64662
60671
63244
64001
60768
62417
62130
60871
62656
62686
61275
62894
63802
60086
62329
60520
63223
63389
59818
60155
59998
63476
64737
63606
60288
59947
63749
64235
64059
64557
63667
61443
61355
62939
61433
62461
65460
64024
61516
64026
64525
60300
64528
63356
64476
62459
64165
61102
61725
65042
65003
63053
60381
61764
64445
61358
60344
59784
61101
64456
63094
60209
62086
64206
62032
63793
64035
60506
60258
62819
65675
62743
63064
62628
65212
62447
64424
62811
65364
64865
63885
64256
63637
60043
62006
60981
61347
60466
62246
64742
64498
64882
60513
64276
63235
63346
63141
60497
63570
65121
61008
61217
61298
63522
63119
62862
64756
61109
63047
61766
60272
62568
62359
60938
63677
64861
63497
62753
61629
61653
65587
62559
62842
61367
61565
60077
60382
62278
62389
63262
64764
64936
60900
60062
64165
60647
62308
61642
62428
61452
65260
63693
61463
65466
65662
60179
60293
60321
63497
62446
62961
63474
63424
64838
65220
61641
59845
62853
60594
63846
59906
62934
65387
59916
64827
61851
60516
65211
62503
60960
62743
61664
61686
63305
61835
61573
63149
63626
65400
60730
64195
60653
61821
62564
63704
60435
61035
64227
62693
64318
60448
63982
60583
60582
61486
59883
65202
61781
62188
60571
63417
65148
65167
62361
61406
63008
61099
64398
61715
64130
59976
59915
61841
62139
62365
63277
62490
63990
64874
63456
61730
64806
63288
62103
65521
62299
61592
63657
65616
60371
62870
61961
61310
61182
62285
63158
61402
60846
63207
64919
61725
64051
63745
64150
64425
61378
62106
65338
64062
62757
61366
65465
63013
65560
64490
60853
60935
63828
60547
63135
63674
62814
62570
59823
60267
64795
60675
61284
61218
61600
60481
61280
60037
61151
63930
60582
62310
60438
60707
63309
62202
60656
60848
62815
63033
61171
61511
64094
62490
62533
64093
61026
63754
65520
65671
62809
62501
60042
64730
62421
64040
65036
63046
62152
59964
63015
60979
63968
63488
61388
62440
60795
60555
62396
64086
62233
59955
64254
63421
65556
64458
60944
64072
60887
59945
64363
59906
65140
64572
63544
65202
63085
60378
62918
61703
60558
61219
62994
63848
65619
64155
60013
65565
60891
62393
60497
60007
64637
60686
59966
62122
65248
60706
65607
60491
59792
59925
61007
62500
64048
61506
60199
60832
62420
60816
64716
63794
61277
64897
62848
62828
62095
63762
62129
63801
61972
62165
63738
60286
60818
65013
62073
60291
63713
63824
65348
64353
63184
64096
61541
61167
60141
60196
60108
59839
62041
59888
63627
63737
63043
65213
59984
60519
65150
61813
61375
64344
63222
63409
65637
60699
60024
61762
64288
60682
65232
63002
64887
64382
62105
60913
60224
63649
61376
64962
63503
60297
63304
60756
60614
61163
65577
62058
62454
62343
60124
61545
59977
60027
60960
61320
65298
59966
65479
61735
61682
64345
63072
60729
61741
61669
62787
59895
65118
63157
61815
63526
62491
60042
61743
63438
63939
64259
61442
60205
59876
61681
60595
65191
64230
63324
62741
62544
65096
63339
61547
62029
60769
65462
62363
61587
64489
61395
59834
63755
60960
64118
60784
64767
63043
60467
59795
65026
61861
64171
61963
61578
61299
65424
61000
62673
61814
64483
65587
63180
62883
61936
60298
64120
62978
62906
62000
65654
59833
65576
64896
62062
64594
61039
65127
65121
62448
65149
61394
61853
64248
64225
61362
62516
63422
64490
60806
60682
64976
63447
62660
60344
62465
63918
63515
63580
60193
63361
63770
65473
61597
63491
64916
60894
63693
60575
61575
61742
62313
63417
62454
61912
62761
61715
62110
61256
64231
63071
65264
61894
60791
60262
65132
62157
62446
61909
63688
61360
65013
60491
62710
64065
64078
61094
59966
62167
65679
63701
60292
64146
60886
64766
61921
61756
62804
61852
62441
60579
64322
63847
63312
59907
65438
61751
61017
61335
61757
61785
61518
63839
60274
65033
63497
62267
63706
63235
61376
60766
64533
61078
61901
60139
64892
64530
60454
64427
62843
64863
62461
65318
64482
60186
63338
62602
64879
61353
65026
64995
63422
64718
65479
65191
61415
60705
61228
61828
61430
63533
62526
62322
62771
63182
65421
62605
64292
60261
62498
61627
64888
64649
61307
63697
61405
60751
63750
64534
64474
65314
61480
62544
59919
63945
63250
63527
63364
60500
61311
64676
62446
61322
64253
60061
65445
63491
65030
62397
64813
62253
61825
60027
62046
61448
60756
63368
61641
60828
64101
62494
62974
61451
61909
64286
64808
64772
62428
62546
65540
59886
61891
60732
62424
61539
60433
65570
64113
63897
61539
61671
60121
62676
63374
61296
65199
61998
60953
62029
63823
65551
61972
61824
61900
61443
61721
61071
61256
60804
61994
62778
62943
62548
63246
65478
65012
64090
64595
60152
62329
64024
61893
64861
60812
60441
65359
62395
62118
60926
64773
63172
60938
65107
60145
63448
64765
64948
61290
61031
62791
62715
61524
59911
63584
61961
60728
61606
63271
62989
59930
60031
63555
59810
61110
60925
64433
65419
60877
64725
61303
65496
61166
60622
64169
62643
65625
60563
63711
61430
61119
64716
62166
62265
64054
62534
62409
65436
60003
62343
60766
65103
59837
59856
61234
61374
62326
62969
63560
60463
61617
64961
63771
65075
60430
65087
65090
62145
62783
65363
63242
64623
61071
61551
62001
63745
63183
64566
61609
62169
60582
64010
62159
64201
61899
63724
60411
61541
62184
64511
65600
61214
65602
63380
64705
60488
64556
64959
60321
64862
61179
62945
60777
60654
60527
64697
65442
65469
63785
62667
61384
62164
64094
60393
62421
62227
63081
63647
61789
60738
61728
60009
62646
59788
60685
65620
63122
60758
65601
61530
61999
64077
63291
61711
64732
64425
60425
61335
62914
65373
65580
63799
63652
64221
60829
64072
62199
62330
60015
62852
61984
59975
63347
64602
63612
63746
64975
64617
64794
65213
63394
60956
60779
64418
63481
59886
60370
63423
62079
60479
60405
64825
60097
61718
61658
63243
61091
64338
63215
65275
62834
64601
63676
63286
63021
60134
61159
62105
64803
60482
60267
63649
61761
61559
61617
65391
60100
60900
63621
61077
61856
60130
60869
59797
60074
61110
65232
65165
61561
62117
61072
61188
61163
62893
62107
63731
62140
62507
64039
62965
63813
64546
59882
62019
60046
61804
63459
65255
61188
64691
60072
64986
62183
62200
63022
62709
61562
61952
61233
61718
63667
59915
63365
60074
60170
61759
64368
60096
60122
62900
61988
65198
64097
62382
60105
64410
64975
63640
64072
62513
65342
61361
62722
64582
62714
60300
60407
62389
59995
62185
62332
64713
60282
64916
63944
60686
63811
61056
61834
64540
60987
60882
62009
60703
64154
61625
63198
61746
65618
61167
64349
63053
62849
61770
64785
60268
62730
62479
63409
65510
64376
62794
63125
63162
61144
63566
60597
60022
63525
62370
62504
65451
61912
61832
63669
61202
64935
60976
62877
60996
61543
64651
61981
62339
64031
65546
60373
64061
61877
65096
61652
63864
64990
62433
62021
60427
61199
60256
63516
63042
63916
60268
60407
64579
65322
60751
59854
64995
61134
61931
60205
63244
65156
65020
64348
63226
64730
61930
60692
65234
61983
64119
63603
65033
59854
64147
61884
60535
61233
59822
64699
61580
63721
62272
64066
64939
60714
64796
61928
60901
61654
63748
62170
61679
64247
63375
63810
61138
60449
65129
62105
63631
59921
61686
64961
63539
62661
62564
60647
62209
65319
61424
61902
64513
65171
64465
60075
60528
62428
65534
62938
60073
64834
61240
64015
62012
61185
62217
61579
60248
64788
64552
59990
65191
62702
64701
65008
59820
61356
64987
63932
60836
59795
63504
65500
64610
61517
61931
60696
65098
62116
63265
63086
65128
61959
61700
62755
65398
62526
60841
63793
60109
62596
61299
61203
63591
61213
61043
60763
61113
62812
65214
63241
60255
60085
62187
61666
60128
62322
64772
64612
61063
65093
62264
60133
64912
64426
63747
61428
62329
63458
63730
65483
60611
59954
61280
65448
62162
64947
61689
61794
60477
61022
60750
60456
63897
59860
63659
62566
59924
64888
63520
61534
61528
60586
62838
64618
65102
64975
63289
64766
64186
62357
64657
62494
61054
62848
65239
65643
60448
64443
62718
60505
64771
61401
61206
62737
61669
60261
59997
60083
61362
63813
63133
65319
63874
61264
63011
64438
60874
62847
61507
61517
61166
64419
62584
63390
64538
62721
62474
65189
62534
64471
62261
64191
64196
62202
61058
62464
62438
64632
60243
62664
65534
63313
62248
63267
61208
64119
62440
65215
62276
63572
63059
64826
61534
61279
63077
64636
65031
61096
62228
63805
61073
60718
64656
62880
62573
64229
63085
61470
64385
62382
61433
60659
62482
62873
65190
62230
59991
64760
62756
59848
60440
63098
62897
61362
62176
60869
64941
60642
60331
62666
63230
62525
60816
61345
63664
60349
61451
64811
63190
61284
62699
63059
62760
62960
64032
64242
60567
62054
60770
61970
63535
64526
62361
64039
65546
63059
64009
64960
65320
64610
61326
63182
61865
60985
60427
64134
65622
61857
65028
61214
65141
64797
65495
65048
61850
60417
61372
61306
65293
63348
64107
60295
62870
64702
59982
59892
62173
59967
65473
62009
61739
65031
62528
62718
62017
62927
62938
60476
65608
63521
65294
63980
62976
61526
63316
60928
63899
62856
65291
60629
65023
62929
63117
60269
62905
61154
62091
63452
63868
61620
62291
63721
63908
65639
60828
64359
61426
61086
62866
62459
63631
61879
63074
61007
61603
63365
62758
61815
63132
61709
63339
60527
60324
60784
60901
63973
65650
62950
65512
62302
63022
62333
63722
61087
63438
64961
61306
61079
60197
61339
61874
62329
62089
64417
63689
60158
64044
61199
65104
62706
63618
63644
62065
62237
61197
61853
65468
63162
63844
65565
63688
60787
64233
63117
64587
62593
62805
64330
64213
59836
63665
65625
61468
62586
63087
61007
65374
64386
65668
61552
64051
60745
63874
60163
60752
64293
63601
65626
65520
63753
65011
61501
62174
62157
62265
63030
63953
63814
63175
65462
63807
61610
59891
63004
63561
65555
65485
63338
65420
60176
61370
63245
61329
60866
63393
64359
60350
61504
64655
59946
63977
63451
61900
61958
63730
61619
60549
61795
64130
61752
64226
61102
61823
59959
61090
63538
62922
62159
61706
64549
60067
61102
60726
61110
63915
64534
60519
62573
62835
60081
61125
64784
63256
63330
62318
64066
60603
63280
62435
62916
60637
63685
63040
59825
60545
64746
64559
62492
63779
65196
60447
64125
59989
65002
60324
63671
61990
62161
64414
61591
60741
59870
60711
62093
65564
63086
60414
64748
61499
61072
63675
60380
60144
60412
63970
63411
65147
64765
64152
62559
63912
62626
60461
60547
60207
59969
63271
63371
61089
60024
63387
64308
63188
60862
62978
65147
61952
64871
60409
62322
61224
60977
65083
61224
61174
60043
60104
61298
62806
64559
61437
61387
65599
64099
64981
62059
61203
60183
64038
61765
63428
65097
59960
61176
64572
63065
61948
60546
63493
60941
63514
61170
63673
61785
64415
60421
63059
