62310
62314
63217
65835
63374
66359
63285
66058
63577
63586
65545
65009
66021
63474
63971
64981
64378
63408
62658
63349
62900
66912
63252
63436
66403
64187
65117
63339
64968
64767
65245
65732
66609
63771
64502
63027
62305
63869
63464
62629
66966
63486
63392
65940
63134
64655
65033
63217
64702
65072
66128
64910
64900
66315
65231
63559
62374
63181
64661
65854
64598
64689
63470
66774
63666
66286
64411
63362
66412
63739
64216
64304
65467
64079
66462
62176
62877
65661
66304
62209
62224
64847
63725
62861
65815
64810
64999
63225
64976
66975
63713
64484
64894
63220
64440
65243
64883
63171
64610
64182
62217
65361
62381
63754
63086
62337
65886
62340
62313
64251
64937
65781
64106
65369
62749
63076
64149
66204
66587
65351
62880
62747
64503
63826
66527
63093
63894
66216
64134
65094
64298
64527
63748
66289
64580
63807
63531
63192
63485
66860
66553
64636
62373
66886
65930
63677
64425
64074
66938
62520
62401
67005
63895
62634
65675
62802
66950
65263
62726
65351
65049
63151
66786
63737
62915
64416
65169
65864
63066
65186
63274
63557
64156
62473
66482
65605
64713
64711
66165
66960
64851
63137
64315
64832
63770
66959
63425
64149
63514
65376
65338
63594
63498
62464
66851
63408
63558
66742
62444
66531
63379
65382
62762
64005
63889
63444
64946
62592
62281
65993
63100
63314
66089
65511
62839
64766
65437
66338
62393
62327
63003
64843
64150
65667
65211
64280
66160
64398
65539
64200
64585
66057
66409
66165
62844
66692
63947
64630
64150
62945
64364
64359
64698
62345
65377
66274
63485
63066
64017
64412
63178
65773
62350
62521
63152
66688
63841
64945
65310
64871
62569
66862
65559
63941
65130
66180
66724
62700
63405
66216
64353
64981
64269
66945
63995
66307
64842
63680
62700
64925
66526
63427
63490
62488
65334
65636
65533
62209
65673
64088
66812
64920
65490
63922
64303
62293
65817
66852
66900
62781
63374
63060
64748
64421
66174
63862
62295
63552
63109
63294
62454
64065
64659
64590
62500
63113
62916
65760
65518
66979
62514
65877
62455
62631
64377
65559
62221
65590
65662
64783
65607
65495
64048
64367
64097
62237
62744
63097
66147
65438
64040
62753
65901
63538
63737
64585
62324
64737
64486
64271
64686
62596
64345
66397
63813
62410
65188
64535
62466
65202
63752
64028
63877
64727
65003
66598
64539
62617
62741
63052
63283
66254
64926
65281
62190
65562
64047
64656
62734
63462
65948
64162
65656
64797
63326
64425
62742
62804
63032
64685
65775
63306
63175
64406
65877
63956
65081
66789
66530
63992
65725
64119
65362
63415
65830
65268
62680
65133
65550
63809
66961
62246
64122
65843
64623
63819
66630
66865
65480
64011
65516
64646
64604
64728
63993
64047
65440
62266
65287
62491
64771
65701
63854
63150
63762
62547
65626
63605
64684
66024
63213
63419
64502
65711
62807
65060
64732
64629
66734
62464
62214
63930
66839
66320
65003
63317
66697
64078
67003
62189
66837
62386
64059
62515
66200
66480
64830
62807
63421
63027
64430
63888
64037
62767
62669
64489
63995
63585
66802
64756
65467
65481
63147
66977
63617
65449
65892
63590
64615
65111
64234
62645
63431
64143
64070
65082
62535
63760
66372
62472
64607
64297
65762
65917
64228
62222
66120
65232
65891
62888
64037
64901
63650
66850
65753
63382
63441
66902
66669
65191
63741
64774
66240
66728
63513
63297
65174
63318
64565
66627
66389
63074
65429
64850
66204
65652
66483
64806
64882
62203
64853
64789
65096
65495
62546
63279
64136
63387
62631
62725
63663
62483
66422
67033
63583
65369
63375
66343
66657
67025
63001
66939
63419
63344
65035
63814
62779
65907
66351
65356
63035
63145
63786
64608
64446
62559
64842
63142
65926
66533
62219
63789
64752
63901
63107
62478
62526
62940
62844
63223
65009
63962
64074
62442
65934
64030
65061
65691
63642
62889
62897
62179
63888
66650
64514
65841
64299
64885
66670
66137
66879
66999
64252
63979
64893
66128
64699
63712
62487
63853
65073
65389
63417
65135
64286
65818
62750
64873
63275
63841
64620
66715
62296
63693
63776
63532
65977
62270
64547
62212
64061
63939
66379
66283
63975
63572
62684
63030
62210
66892
65044
65752
63420
62551
66011
65115
64030
64697
65576
67040
62652
66512
64662
65088
62977
62296
62226
62659
65413
66151
63126
64906
63347
66335
63667
66933
62304
63065
63792
62301
63420
64441
65465
63601
63676
65249
65389
65510
63896
63658
66438
66760
66400
63867
63557
64940
64370
64157
64291
63133
64971
66622
65270
62634
62525
63270
64039
62246
66428
65403
62581
66581
66395
65672
64652
63618
66077
64290
64271
62806
65004
64910
66225
63350
63323
63451
65589
66608
63981
64177
63101
62647
64174
65624
65062
64719
64415
64480
66159
63784
65864
63553
65812
65505
64365
64237
64174
64359
62408
65076
65600
63900
62597
63936
66425
65126
63227
62190
63672
64229
62666
65137
64796
63989
63433
63502
62689
62709
64767
64377
65865
66383
62393
66765
62547
62766
63545
64946
64203
65341
64212
64529
63886
63072
62718
63257
64193
63075
66659
62665
63292
64015
63781
66342
62237
62321
65884
62709
65510
66390
62744
64475
62491
64583
64076
63792
65050
65504
65403
62700
66081
64881
64951
66899
65594
66416
66389
64850
65725
62377
63701
66339
66154
65515
64860
64319
63323
64549
65752
66850
63517
63948
62353
64895
64914
64626
63320
63371
64464
65134
62506
66507
66637
65947
66009
63417
67017
66281
64853
62769
66458
66309
62378
65727
62762
66742
63282
66225
64698
65475
63531
62277
66736
64139
64059
62718
63782
66976
64359
64771
62549
64299
64978
64046
62955
66123
65686
63553
66921
64842
62558
62976
65756
66968
62682
66061
64988
65500
66659
64986
66514
63435
62914
65067
63212
62384
63456
63093
64355
62380
64170
63962
63178
65676
64104
62879
63869
65431
63178
65644
64427
66439
63576
64694
65555
63889
64364
66236
63743
63178
63802
62237
66309
63925
65196
65604
66683
66709
63540
65435
63738
63814
63551
64600
63094
63542
63578
64143
66443
63234
63740
63368
63709
64996
63902
62566
66707
66215
62231
66922
64817
64019
65598
66724
63621
65632
66601
63845
66205
64968
63328
64308
64920
66075
63180
62518
64656
64091
62978
62237
65323
64265
64831
63480
62699
65928
63062
64346
62653
64709
62210
62790
62869
66899
63560
65448
66476
66343
65992
65832
65980
63198
64841
66935
66009
65581
67025
63317
64101
63363
64844
65287
65144
64107
65605
66598
63023
62953
63232
65073
64444
66841
65492
65358
62713
65477
62253
65254
62696
64087
62260
63057
66345
62289
66196
65380
65048
63080
66557
62317
63842
66373
63248
66190
63475
64352
63591
65694
64424
62687
63093
62953
64726
65189
65269
62877
65159
64396
62854
64257
65420
64806
62858
66237
66756
66436
63022
65746
65414
66502
65324
63957
65115
62904
65055
66336
63251
65773
63879
64324
65663
64877
64004
66145
66871
64052
65787
66567
62863
62577
63140
62571
63748
64077
65544
63347
63624
65113
62827
64920
65559
63370
66716
62894
65514
62720
62454
63567
62772
62970
63226
66003
64536
64548
64608
62759
63841
65713
65914
66549
66893
63385
65369
63232
66234
64890
65050
65637
66433
63419
62791
64302
62934
65577
64097
64771
64903
64368
63488
64390
63172
66482
62862
65469
63150
65806
64023
63705
64440
62946
64875
64513
63719
65474
66533
65430
65981
64483
64501
62811
65660
66020
65772
65762
65301
62302
65135
65585
64872
63426
65479
65086
63834
64594
63518
64141
66720
64415
65822
63837
63057
64381
65198
64312
66079
66641
63139
63797
62883
65101
63391
63720
64189
63029
62450
63241
65436
64503
63080
63012
64910
66803
63410
65382
65022
62787
64450
63446
65726
62871
65036
62950
65357
64517
66290
66848
65131
64655
63588
62593
62839
66321
65623
64007
62379
62404
63903
62815
65225
63460
62599
63846
63963
66550
66792
63115
65969
62929
65944
63325
66065
66177
65160
65095
66740
64218
64748
64529
66701
64309
62723
63795
65965
65031
64919
65514
64616
65162
64809
66606
66631
63084
63427
64967
64680
63571
62196
64706
66936
62361
65056
64763
64778
66621
63265
65141
64828
66264
63174
64243
64548
65963
64210
65160
65351
64638
65966
64618
65862
64598
64913
65848
65312
65458
65699
63751
62219
64857
64886
62638
65986
63294
64767
63622
62701
63057
64771
66311
63982
63443
66351
65845
64057
62366
62475
64943
66748
66219
65938
63475
65492
63592
63779
62562
66778
62856
62486
63522
62384
65752
62781
62796
62818
64003
64529
63039
63189
62187
63669
64576
63183
65161
64259
63044
65340
63574
62976
65805
65461
64050
66906
63697
64489
66693
65831
66588
62647
64131
63347
65759
65521
66211
63046
64631
63351
66833
65609
63583
66374
62830
64717
64282
65651
62336
64890
65508
64389
65825
62289
64974
62948
63743
63923
64365
63105
65363
63865
64507
65284
62746
66024
66112
63052
63879
66780
65897
66771
62456
66087
66637
63168
65496
63794
62225
63670
62693
65883
63435
66929
63589
62804
63264
65228
67027
64069
66316
65691
66007
66210
64341
62613
65655
63768
65462
66659
63537
64687
63129
63559
66279
63596
62810
66361
64804
62281
65162
63596
65858
66658
65914
63512
65665
65537
66965
66308
62706
64903
64460
63081
66829
63658
63619
63129
66441
64508
64549
64462
62615
63481
63267
62617
62711
64206
64203
62900
65141
65893
66266
65662
62616
63078
66295
63989
66694
62419
63196
64149
65400
65113
65165
64205
65732
64303
66012
62332
65572
63273
63936
64999
66037
63884
65036
66442
64446
62588
64885
64267
64400
63552
66821
62453
65362
66786
66070
63692
64270
66989
65431
65686
65745
64701
65044
63217
64687
64498
65608
65223
64389
64367
66356
65278
63587
64383
62669
66519
63250
63959
65626
63285
64740
62219
64576
64721
65419
64459
64192
63290
65634
62271
66696
64478
62247
62572
66824
66874
63491
65720
66075
63849
63185
65224
65814
63733
65601
65200
66755
64808
64473
62756
63313
64270
63240
64973
64434
66057
63668
62738
63485
66592
64007
62266
64099
66737
65155
64394
62885
66401
65325
64570
65853
64092
64403
62343
64069
62717
62648
65759
65883
65328
65031
62717
64614
67029
63032
62764
65238
63712
65104
62284
62191
64260
65630
66248
62231
62591
66335
62501
64868
66961
62549
62589
65481
62213
66588
63320
64816
63072
63525
63381
65482
63499
62338
62629
64432
63324
65367
65223
64415
64373
64145
62672
66177
64867
64155
66510
65895
63698
63810
65006
63895
63332
64403
63146
66726
66799
67010
65290
64619
65752
64995
62283
65211
64980
63566
66985
63623
65640
63873
63113
64027
62744
62895
65834
64367
66755
62868
65186
63786
65098
62686
65790
63164
65304
66093
66105
67025
64379
66279
63851
66835
64195
63523
66305
62854
63949
66904
62389
66004
63418
65472
64077
63236
63102
65580
64334
66516
66892
65699
66358
65137
65774
62912
66486
62916
65738
64918
64807
66556
62818
64648
63440
64912
65009
63209
66365
65238
65697
66420
65750
65912
66609
63992
64323
64867
64191
63052
64810
62418
66714
62520
63757
65737
62658
65857
65861
63659
65952
63569
62268
62909
64459
66544
62991
65198
64383
66745
62344
63249
62831
62402
66905
64966
65444
63617
64496
65302
63747
66709
62561
66165
64741
62510
64423
65642
65026
62510
62459
64308
66876
64584
62517
65453
66145
66459
66516
65956
63535
63579
63757
64923
66821
66536
64786
64908
62465
63239
64358
63874
63570
64787
62977
63918
65952
64607
64501
62229
66828
66574
62837
66367
63482
62421
64917
64806
64387
63235
65731
65780
63950
66894
63082
65340
64034
66604
64411
66372
64485
62772
66438
63774
63660
63076
62416
66419
66963
64161
64382
64638
64509
63592
62889
62335
63035
65011
66319
64348
65480
64893
66378
66955
64452
66681
65278
64974
64242
63127
66205
66717
66085
66250
66351
64120
65511
62346
64075
63468
63761
64680
65481
65641
62581
62919
66122
63372
66331
66965
64615
62182
65571
63581
62331
62962
63088
66590
64544
63448
65841
62246
66227
63352
62829
63622
65952
66118
62598
66274
64769
64029
66099
66275
64312
62476
66161
64412
63144
63094
63191
64507
65717
64978
62365
65966
66973
65143
64455
64455
65812
65150
62807
62317
62827
63443
66069
62527
65539
65804
66386
64158
64207
63512
62688
62329
63585
66361
62639
66249
62838
62431
65008
66375
66296
64496
64417
63982
62646
63280
62411
64996
63123
62225
62414
64927
64699
66216
65364
66254
64372
63467
65042
66815
62893
64360
64911
66240
66927
65082
65066
64864
63699
66570
66521
63561
64219
63117
64510
67017
64314
66754
64635
66484
64654
65816
66223
64503
63380
64394
65515
64799
66040
62987
65769
65382
66841
65929
66261
63970
66238
64152
63469
63989
64236
63526
66228
64537
65585
62752
64595
63601
62763
63407
64560
64896
64970
64744
65658
63014
66356
62420
66210
66381
63288
63700
64114
64756
62455
63147
63284
66888
65099
64445
64374
65172
66873
63072
64412
62656
64518
66643
65950
63113
64481
65704
66341
64011
65592
66818
64696
63452
64638
66489
66678
64542
62340
63661
65563
62503
62864
64124
66537
63208
66223
64707
64423
65428
66024
65909
64741
64709
63210
63367
63619
65346
66695
63417
65533
66645
64786
63035
62189
63077
65805
66627
62653
65731
66010
63768
66848
62791
63794
65840
62870
65538
62401
64802
64231
66551
64347
64745
64178
65490
63905
62858
63987
65452
63846
64448
63060
65029
65814
66378
66340
66058
65578
63443
65139
65791
65524
64747
63860
65394
66388
62505
65238
65883
63284
62763
62893
64602
63191
66064
63436
62952
64744
63273
63509
65148
62509
62901
64995
64670
63342
62922
64919
63199
63362
62411
66160
66344
62590
65639
66849
66286
64566
62396
64678
66765
63872
63933
62832
65636
65246
65375
63360
64106
65210
64100
64395
62932
64966
63222
65475
63404
64001
62312
63859
64517
65734
66330
62789
65374
62252
65601
63852
64660
66326
64343
66387
64401
65719
66745
67033
62434
65313
66572
63243
63245
64461
65969
64266
63322
64340
64591
62302
65691
65992
65729
64174
63381
66736
66206
66604
63856
62580
65890
65582
64496
65077
66654
66787
63178
65288
64460
66996
66589
62931
62436
63769
62731
63875
64985
62699
63186
62606
62489
64967
66827
66080
64323
66165
65115
65280
65632
63950
65133
66616
63919
65185
62504
63586
66035
64053
66725
63017
67022
62936
63086
62795
66014
64146
65083
63493
66782
66137
65380
66017
65700
64561
63748
63077
65783
64147
63639
62213
62270
63660
62699
66589
65849
64406
64330
63091
63872
63521
63582
66796
65368
64069
65344
64357
64567
62854
63543
62707
64130
63090
62314
63979
62471
66949
66567
62312
66798
63879
64233
65013
62728
62545
63408
66461
66636
65739
64893
66187
62275
65345
63027
63684
66531
64971
66922
65025
63111
63484
66973
62290
62296
66427
66333
63264
65192
62427
64945
66992
64231
66078
64755
66240
64818
63359
65733
62787
64359
64263
63233
63184
67017
62917
62495
62991
65490
66788
63466
63794
63468
64201
64463
64536
66252
65136
62895
66274
64302
65034
63336
62805
65466
66211
62988
62365
64542
63093
62350
63821
62801
66155
65072
62204
66729
64828
64858
64796
64021
62516
66380
65993
65325
63056
66722
63205
63514
63799
66388
66656
62659
63131
65721
63690
64381
64461
64404
65489
64489
66591
62795
66849
63514
64511
62909
65343
63183
62186
66232
65068
66675
62810
64959
65080
66692
62808
63349
66195
63225
64437
66484
66615
63082
64258
62746
63451
62378
64706
63458
66135
64919
66978
63027
64800
66337
65681
62311
62287
64472
64457
65114
63639
66349
66769
64506
63150
66449
65251
62578
65636
65178
64346
62880
64390
65765
66038
66313
63869
65896
63578
64683
67014
64430
65761
62926
63395
65087
62883
62965
62892
66857
63017
63144
66262
64824
62701
63044
64367
62869
63251
62335
64201
64293
65296
64184
62858
62527
64462
65100
65044
64505
63228
66686
63007
62256
65404
66690
64342
63897
64291
64074
62221
66662
64882
66163
63208
65150
65036
63287
65656
64469
62267
66884
63166
63743
64535
64320
63813
62427
63241
63281
64675
63756
66392
65985
66169
63861
63942
65956
65895
64889
62857
64793
64757
63335
65627
64680
62208
65532
63853
63112
63500
62273
65142
67032
63060
64090
66168
65101
65304
63265
65556
66657
62998
66545
62975
62893
65088
66404
64266
66690
65979
63683
65779
62328
63582
63255
63863
65166
66518
64294
66568
66496
63969
65083
67023
62861
62749
65428
65278
64050
65917
63504
62974
63522
62698
66970
65473
66636
63112
65435
64568
66332
63657
62527
64312
66195
65943
63795
62287
66014
64778
65380
63224
66715
64869
66712
63376
63707
63751
63884
65819
64983
64610
66922
62814
66361
66754
65697
64912
65054
64375
64027
62986
65712
66090
66184
62954
65839
66803
63294
63307
63339
64053
64040
64313
63197
62770
63515
66841
64623
65139
64188
62783
65582
65708
63147
64410
63149
63867
63576
64810
66144
63382
64286
63189
66075
66886
66442
63187
64770
63603
66945
65964
64179
64486
64839
62212
64823
66694
65007
65454
63393
65849
64713
64178
64448
63319
66202
62756
66602
65287
63307
63698
64200
63646
62628
62639
65614
63262
62191
63103
66897
64198
62776
62885
63448
66201
64459
65313
66334
63230
64076
64640
62802
62624
66948
65785
64957
63181
64064
62849
62747
63609
63157
65700
64899
65907
64897
63550
66250
65616
62780
62579
65288
66789
64249
63601
63512
65329
63421
63162
64518
65694
63953
64550
62295
65442
65498
62352
65165
63660
64801
66420
65291
63493
64345
66012
65203
65791
64174
65448
64018
64320
66125
64508
65641
65589
66486
65020
64978
63277
63978
65159
63077
62387
63353
63476
63429
66793
63943
66154
63824
62834
66724
63205
65499
62905
65643
66147
64331
64768
64245
62508
64065
65232
65881
63591
66985
65461
64567
64392
66578
64744
66595
65172
66487
62516
65245
63857
65272
62816
63070
65214
63977
62779
63503
66112
65110
64775
64163
64771
65283
62397
64933
64591
66704
66077
63654
64999
66784
66097
64295
64619
65473
64774
63347
62815
62326
64004
63168
65397
65331
64993
65408
63442
64956
66352
65734
63236
64765
65822
64874
65282
62694
64925
62515
64937
65843
63452
62456
63100
66223
65307
64698
64389
65421
64734
66254
62370
65617
62317
63670
66106
62563
64870
64915
63869
62965
63472
66201
66871
65936
64486
64989
62466
63718
65357
62227
62444
63657
63984
63119
65690
66957
62776
63759
64020
65647
63583
63864
63632
62546
64120
66857
62736
64226
64773
63035
63257
63218
65803
65326
63316
64308
65503
65998
66038
63035
63644
66256
64012
62645
64439
64138
65528
63867
66222
63058
65044
66532
63557
65503
63856
64288
63145
62817
64080
63898
63399
66491
62612
64571
64055
64389
63893
62655
66793
62536
62560
66208
66068
62915
63607
64698
62352
63325
62489
62851
63707
65501
65602
64820
64450
63106
64223
64583
64496
62276
62754
63901
64522
62726
62589
66002
62770
66095
63316
66819
66167
64611
64727
62306
66870
65269
65772
63222
65011
65278
62404
63943
66764
65734
66517
64670
63175
62269
66736
62693
66001
64430
63485
64746
62617
63559
66849
64102
63351
63505
65373
65062
66168
64834
65937
63893
63492
66120
62437
64307
64199
63232
63209
65824
66030
63489
62351
63326
62717
62782
65507
64164
65472
64921
63193
63313
64068
63978
63767
62952
62302
63284
66754
64685
66492
66977
62390
65909
64080
65857
65917
65129
63278
62511
63035
63454
64180
64170
66821
66798
66959
66944
64137
66970
66759
66591
63907
64578
63100
62908
66251
66107
64416
64998
64423
62960
65487
66463
65353
62487
63243
65005
63515
63715
65849
64166
65014
64188
64029
64375
65651
65401
65928
64135
62480
65055
65889
63788
65201
63383
63233
65096
62913
62884
65586
63823
64037
62909
66471
62913
62279
62406
64854
63694
66297
64715
64749
66940
65534
64543
64235
66114
64550
65000
66742
65964
64738
64090
63793
65474
62196
62721
62993
64586
67039
64325
64110
65899
66487
63824
62711
63592
63230
63697
62246
65439
66764
62328
66631
62244
63691
64832
65734
66588
66886
63934
63758
63139
65386
62820
62580
64052
64483
65381
65407
62365
63946
65099
63710
63096
65988
63464
65495
66615
66585
65659
62932
66462
62509
66626
63229
63917
65214
63118
66090
64251
66756
65204
65836
67029
66456
66350
66934
63206
62358
66229
65606
63504
65462
64670
62411
64868
62193
66089
63127
62242
62355
67019
63688
65852
66191
66677
63391
62975
63440
66594
64208
65551
62774
63033
63924
63770
63697
66208
66847
66110
65473
64712
64809
64425
64926
63384
65658
66240
63310
65191
63658
63583
63916
63562
65160
65479
65549
64753
64767
62682
66733
63443
64671
64761
65970
65235
64276
66406
66524
64671
63290
65186
64419
66658
64150
64156
64004
63326
64907
65660
65256
66848
64731
64047
64254
64320
62778
62314
63396
62326
64845
62427
64268
64072
64087
62945
63291
66630
65412
64132
65144
64795
64847
63605
63189
64997
65525
65469
62812
66121
64762
66431
62565
65190
63354
66768
67028
65355
65661
62843
66425
65933
64113
64364
66707
66847
63228
64218
63259
64742
63977
63279
66969
65217
64719
66264
64051
64279
62996
65433
63005
66381
64584
65327
62681
63307
65296
65029
62970
66636
66788
63451
66924
62768
67016
63981
65722
62643
66876
63493
63033
63101
65066
63030
65567
64215
65787
62965
65676
62717
65272
63551
64171
65426
64422
62852
66684
65312
64516
63546
63847
62244
65834
66270
65991
62808
65494
63265
62747
65165
66341
62690
65920
66662
64980
65209
63945
65600
63033
65311
62574
63630
62498
63545
64020
66341
63390
66863
64406
65446
63098
65609
63480
64843
66883
62876
64736
66073
66495
64396
63863
65673
65706
64556
63618
62244
64868
64848
63266
65294
66698
66372
62986
64108
65254
65329
66052
64726
64003
64878
66567
63814
63445
63066
63809
65031
63749
62621
63698
63179
63318
62747
65650
62373
64538
65989
66596
66846
64672
65224
62294
66009
65392
65523
65563
66123
62580
63104
65156
62748
64174
63385
63148
65221
62513
65352
63485
63310
64160
62645
64790
63223
65992
63177
62833
66569
62323
65578
65776
62808
63020
63417
65827
65544
66487
62749
63709
62201
64358
64190
65174
62506
64081
64142
63442
64680
66941
65723
66458
65865
64779
64590
66959
66465
62758
62829
63111
62440
63536
62806
65312
63638
66475
62178
66332
62231
65880
62280
63531
64910
62944
66805
64920
62182
63362
62671
66283
63585
64080
64056
62621
65373
65504
66660
64713
63161
66225
64180
64726
62185
65466
62561
65701
65376
64326
63296
65673
66525
65014
65225
63788
62798
65914
63291
64829
64987
62380
66010
66861
63071
65496
64991
66928
62285
64002
64212
64216
65388
66108
63962
65381
63766
65294
62382
65276
63631
66753
64950
66070
62667
65491
63377
63149
65074
62490
65081
66772
64156
65970
63108
62957
65381
65360
66093
65465
65680
65585
65570
62750
62320
66100
66484
62436
62345
64608
64455
62461
67037
66786
63902
65390
64897
66843
64825
62556
66146
64159
66671
67000
65880
66867
63333
66724
65106
65574
63037
63746
65086
66623
65841
65945
63934
62248
65904
65986
66842
66834
62687
62486
66026
66320
63320
64855
62966
64820
66613
65421
63420
63794
65625
64016
63531
62932
66694
66481
65733
66994
63442
63731
64639
65797
65953
65001
65329
64931
63248
66503
63566
64383
66617
63360
62577
62702
64279
62962
64495
66095
63912
66359
62872
63939
65352
66641
66733
65410
66926
65910
65905
65257
62254
65152
65164
62379
62296
66502
63136
63654
63283
64369
63609
66010
64019
62921
65874
63237
64572
63411
66681
64265
62679
64264
66667
62503
66135
63328
66260
62704
62670
63096
64892
66682
62626
63145
64206
62933
62814
63781
66345
62325
66431
63745
63312
65843
62589
66913
65985
66447
62630
66834
63678
65958
64666
64896
63740
63661
62732
63152
64543
63986
64966
66307
62452
66516
63132
64129
63665
66840
63634
66628
63195
62314
64569
65377
64660
64313
62334
66703
65506
63151
66353
62991
65169
66663
64134
63292
63526
63008
65402
63432
62733
64989
64747
65629
66639
64890
66973
62717
63971
65763
65330
66000
65954
62738
66134
63220
66189
62412
63527
65355
62784
63620
62399
64695
66129
63815
64396
66470
64401
63256
62969
66767
65296
62965
64921
66239
65729
65227
63605
66770
64861
62267
65645
62986
66922
63357
66811
65141
65087
62862
65064
63184
62574
66496
66781
66391
62567
64464
62514
64105
64670
63865
64699
63521
65487
64497
64543
62245
63312
62504
64749
63163
64998
64829
62753
62623
66561
62413
65481
64873
63581
64602
66891
63178
63297
66526
63640
63336
64526
62582
63163
63662
65558
62355
64589
62444
63645
65047
63029
65202
64200
64465
66227
64128
63345
62919
63533
64727
62679
64338
63324
66680
63274
66071
62686
63503
65355
62340
62940
65588
65370
62744
64236
65575
65159
66003
65413
65377
62243
65563
65919
64407
64432
64496
66925
63250
63533
65140
65465
66228
64004
64473
66987
65161
63968
64939
62607
62760
66361
63520
65665
62717
66134
64983
66977
66755
62997
65020
65019
65366
65508
62416
65273
65705
64066
64859
63887
67003
65295
63456
62427
64962
65701
65526
62577
62330
65952
66311
64073
66434
64448
66926
63205
63113
63464
65959
64516
66137
63102
65681
63759
64725
62476
62590
62294
63045
64752
65449
66445
63663
65680
65473
63467
64368
64917
65399
65280
64008
64144
63928
65931
63279
62628
66822
64746
66950
63014
66629
63002
64021
64555
64631
65882
63642
64404
65451
65575
62247
64068
63276
65815
65507
62905
62549
64854
66597
65784
64538
65455
64852
64816
62285
63649
62736
65619
65546
66445
66391
66537
67034
63213
66940
64271
62257
66487
63036
66832
65610
64877
63309
65953
66602
62233
62399
64631
62198
64562
65912
63342
62258
63008
64847
65401
65309
65447
62793
62794
64446
65191
66269
62725
64662
63435
65839
65610
63827
66874
64000
67029
64259
62562
64081
66478
66035
65749
63995
64154
62352
66608
65349
64111
65076
62625
64605
64560
66714
62996
62312
62293
66148
64707
63648
63741
64521
62840
66310
63279
64918
65239
66984
66793
65402
62732
64494
63120
64601
67020
63759
65166
64141
64130
63744
64838
63338
66103
66155
65077
65574
63564
63243
63118
63667
63727
63410
64898
63903
66835
62546
63911
65162
62683
66743
63846
66868
62960
62412
65557
66100
65033
66172
65588
65007
65546
66926
64251
63609
65396
66318
66054
64023
64434
65528
65249
62922
63690
63885
64721
62290
63630
62317
63357
65656
64734
62995
62991
65033
64242
66947
62956
62635
64471
64333
66239
63663
63399
63697
65085
63482
64743
64408
66961
66498
63208
64101
64442
65734
66279
65683
63927
63194
66209
66986
63227
64711
64229
66412
66056
64378
64160
63339
64184
63982
64756
66833
65401
65338
63131
64672
62724
66126
65679
64203
62735
62667
62859
65451
66521
64401
65491
63855
65098
62459
65323
62586
64017
65633
63878
62244
65287
66471
64086
63070
64794
66463
65393
66509
66821
63387
66364
65444
63206
62462
66022
62272
63240
64926
63403
65555
64540
64663
66301
66157
62867
65008
63580
62484
65329
63706
62949
63584
66543
66422
65977
66156
63945
64690
65766
64334
66163
62835
63643
63477
64701
65297
65604
62943
62985
62346
65519
66423
62807
65351
66620
65363
64125
62237
66495
63102
65761
65849
63308
65744
65919
63557
64414
62295
66410
64467
63713
62345
64303
63233
65628
65237
62362
66971
62459
62648
64414
63336
63880
66899
63661
64238
65059
62929
63882
63666
64619
66584
64223
65010
66376
63462
63118
62774
63699
64603
65189
66985
64911
66790
66756
64465
65692
66107
64280
65395
67003
64278
64111
65958
64093
64630
66986
63419
64249
63177
62434
64526
65079
63108
65078
65514
65130
65769
66267
64615
64569
63508
63652
65010
66559
63962
62782
62689
62267
64135
66990
64367
66998
63945
65327
66275
64352
62227
63716
63541
66252
63850
64073
66852
64923
65840
65459
63665
66578
66886
63446
63370
63922
65444
62679
64716
64888
63971
64792
65248
63900
62267
66253
62586
66018
65169
64716
65631
64434
62429
65024
63022
63558
65929
65477
63883
65870
62256
66301
66462
62850
63063
66297
66660
64775
66226
65005
63226
63718
66736
62558
65201
63744
63387
65677
63944
64363
64702
62398
64443
62689
63715
65504
65863
64832
64150
65251
66459
64760
66290
64184
64140
66816
65689
66834
65727
65843
63730
62237
65838
62397
65431
65487
62836
65071
65736
63790
67040
62613
62423
66419
65659
62550
65550
66607
63556
64935
63373
66358
62419
64841
64886
64644
63649
62874
62298
62716
63480
64012
66694
65625
62224
62335
64825
64410
63854
62842
66815
62325
62729
65153
64175
63303
63805
65949
66164
66847
66363
63587
64463
64171
66476
66780
62413
65009
63800
62201
64657
64762
66940
62967
66531
63060
62412
63430
62337
66449
66619
63946
65348
66438
65545
62801
66668
63992
64201
63328
63195
66934
64745
62546
65000
64322
66811
63860
63566
65304
65715
66922
65408
63357
66150
64332
64363
65796
63162
62532
65195
63417
62483
63931
63503
65768
65404
66319
64764
65116
66358
64594
65368
67019
62716
65706
65046
65367
63228
65593
65171
66682
63618
64954
64421
66773
66256
62757
65164
63137
65712
62911
65590
65270
63981
63559
66751
64684
66470
65135
66831
65145
63840
63409
65792
62638
62520
62473
63477
63263
65835
62921
63801
65237
64614
64439
66588
66332
63808
66749
65867
64269
64885
65195
63908
63591
63109
63591
62807
63604
65813
63602
62293
64994
65808
66037
65241
62184
63395
63793
64323
62629
64475
66498
63318
64799
65883
62568
63533
65721
64953
62902
64288
63118
65157
66931
62923
65821
65500
64643
64005
65668
63725
65309
63723
64173
63411
64119
62788
66495
62829
65667
66616
63910
66100
65294
62661
67014
62451
65830
62175
63271
64897
62911
64733
63704
62253
64878
66222
62862
62793
63960
64340
64374
62802
62836
62526
65308
62411
64354
63728
63396
65000
66007
63521
62511
64375
63261
64757
66851
62622
64386
64914
63051
62667
65755
66182
63228
64625
63299
62717
63282
62656
63307
65446
62736
63397
66655
63386
62791
64051
62583
63199
66997
62188
66149
64748
66242
66061
64916
63978
65833
64060
63613
64163
64408
62201
62401
62285
66942
63835
65947
62253
64539
64545
62943
66426
66878
65965
64065
65122
64979
63396
62369
66594
62532
65023
65398
63069
62775
63381
63496
65063
65960
65181
65648
66201
63275
64131
64689
65003
62436
63244
63563
64204
65468
66202
64093
66131
64601
66595
66241
65016
65668
64568
62407
62264
64481
63253
65469
63400
65407
62393
63614
64300
64764
62891
66000
67031
62661
63122
65914
62291
63515
64640
65607
63177
62450
62335
62930
63072
64523
66813
62657
66527
65798
63180
65617
66401
63638
62797
65452
66502
62780
66543
64871
65814
63317
66624
62329
64249
63699
64246
62401
63729
65369
65205
64360
64388
63315
62913
62522
65529
64547
62906
62812
66323
62448
65880
66824
63820
66184
64527
65665
64856
65184
65743
62473
62462
64343
64339
65130
66091
62687
63431
64229
62742
65760
62321
63747
64803
63617
63134
65589
66262
64124
63596
65781
62359
63670
63827
65396
62837
63645
63271
63387
62376
62392
65715
64883
62854
64080
62492
62921
64657
