31164
32327
35420
31730
35135
34104
33795
31576
32981
32618
35759
33085
31837
33756
34188
34225
35090
32548
33112
30865
30939
35573
34156
32909
30822
33112
33370
33940
34784
34609
31986
34320
31734
34370
34417
33320
31607
31533
33637
35683
31231
34707
33159
35237
32462
35273
34707
33889
32864
32501
34767
32347
34652
33402
32246
32590
30930
33273
32826
32194
34432
32905
31605
32472
34164
33063
35746
34851
32408
30835
35233
35227
32282
35883
35137
32616
31812
33221
31392
31388
33153
34903
33971
34230
30947
34830
33588
31204
31975
32434
35481
31925
31416
30862
33944
34298
31121
34750
34411
34261
33513
34813
35210
33148
32612
33749
34566
34083
31160
34633
34255
30974
31918
33823
33416
34507
32274
30970
31508
33020
31652
32533
31363
33679
34855
32252
32895
34965
33878
31640
32898
31273
32548
35109
35633
31884
33233
34090
31489
35350
35302
34680
34014
34497
31252
31095
31529
31451
31317
35036
34710
33422
31939
32866
35478
32321
35609
31883
33229
32460
35266
33620
34850
30832
33467
33693
32252
34997
31756
32884
35574
31576
30937
32305
32194
31612
33674
32284
33327
34446
33612
35782
35028
31529
32880
32133
31528
35145
32209
33883
31774
32932
31150
32609
34440
32268
30824
34245
33437
34869
32439
30932
31864
34699
32360
34926
33958
32634
35059
34648
31776
35819
32548
35615
34564
32651
33442
35381
31830
31046
35296
34640
34906
31308
32542
31130
35641
31554
35383
35306
32370
34397
32762
34210
32995
33765
35388
34869
35577
31731
32222
33395
32580
32882
33507
31269
34189
31797
35651
34384
33044
30857
31749
31285
35516
35889
32495
31927
35722
33392
32803
32220
33547
33674
32012
35259
35295
34778
33543
34367
32623
31835
32100
35581
35332
32771
34121
33633
33660
30891
31710
31702
32047
34358
33784
32772
33326
33026
32506
33780
34487
32113
31621
33788
35668
32011
32264
31420
35754
31518
31939
32369
34284
33604
33038
32257
32845
32346
31908
35424
35305
35389
34450
35397
34679
32870
32569
35528
32857
33487
35876
34466
34576
33272
31278
33643
34283
32468
34130
34746
33865
33017
34979
31436
33840
31004
31752
31990
34371
33920
33535
33389
31291
31954
32704
32436
32953
32291
32022
33082
33892
32538
33222
31109
34581
31386
32438
33233
35500
32952
34552
31434
33684
35125
33152
34388
32916
32055
34219
33207
31096
35615
32535
34665
35184
31324
33137
33351
32419
32845
32534
32104
33846
32056
31992
33772
32908
34501
32036
33872
35889
34212
35663
31454
32041
31608
31957
34336
33537
33287
30909
31526
35788
35436
33589
35240
33746
33433
33405
31768
34266
35196
34187
35262
31984
31991
31121
35695
32035
33893
34729
34614
32547
32412
35583
32127
35577
31084
34724
34444
32467
34605
31253
35385
33858
32674
32002
35307
32226
34254
30892
31359
35411
32953
31560
33543
33809
33197
33166
33941
34891
32473
34361
35751
34083
31846
33099
33341
30858
34002
33004
32267
34857
33772
32638
35082
31712
32456
34804
35761
32410
34304
33992
32624
34410
31401
32222
33274
33217
34513
35751
31200
31523
31642
32526
32185
33245
33866
32306
34662
30922
32702
35342
34182
35283
32418
33063
31908
31509
31743
32289
31082
35311
32993
34683
33176
33552
35193
31942
31742
33958
34070
32106
31790
31856
32832
34274
35689
32709
33751
33389
31150
30987
32994
35491
31068
32276
33563
32939
30972
33635
34120
35458
32544
32443
35416
31476
35032
34352
34544
31294
32133
32860
32057
32869
33564
32791
32878
33111
33928
31900
31457
32628
31337
34108
33213
33868
32079
30994
34757
32159
33231
33379
31290
35638
34495
35369
31609
33875
35352
34868
35186
35778
31946
34114
31768
35364
32370
33732
33419
35482
33461
35029
33600
34645
34311
31870
33606
33744
32146
34337
34109
32329
31506
31898
32149
35077
31281
31759
31479
31084
32241
33423
32489
34248
31395
35790
34283
33447
33880
30863
32193
33217
35095
33456
32424
32605
35575
32556
31728
31203
32732
33207
35060
34785
31443
35822
34252
32522
32037
33216
35047
32484
34701
32026
33067
35266
31936
35191
34155
34597
33842
32336
33205
33812
31551
34887
33182
35268
31960
34259
32123
31511
33149
34669
31004
35137
35391
31112
30954
33009
34099
31328
33109
34312
32422
33163
31639
33332
34789
31706
35054
33047
34635
30936
32672
35670
31957
35350
33757
33197
32240
31897
33209
34116
35299
35177
34792
32980
33146
32369
31133
34361
32815
31009
33601
33896
34208
30828
33983
30860
35869
34088
33921
32768
35714
32568
35411
31201
34872
33725
35672
32905
34702
35552
35260
35719
34785
32544
31980
33592
33446
32684
34489
31264
34377
34960
34278
34197
31540
35454
33985
34195
32153
30858
33601
30870
31235
31302
32160
31837
34168
32529
34870
31993
34084
31062
33516
32242
35692
34468
32045
31943
34542
32007
34364
35131
32938
33000
33386
33700
35149
34465
35740
33530
35818
31817
31634
32331
31122
31057
35075
35456
32842
35770
35734
32268
32489
35496
31646
31622
33822
33405
31439
34288
34058
34855
34726
33598
33028
34352
31372
34515
34149
34383
35769
33908
34339
33331
34635
31408
34344
31120
31038
34779
32202
35334
31596
34710
33674
33344
32806
31535
33908
31877
31158
32223
35011
31331
33628
33092
31583
32743
31945
32406
35610
35479
32283
32521
34918
35488
31181
32524
30874
35745
31351
33480
31706
33823
32320
33949
33920
33293
34015
35419
31003
32488
32087
32283
34686
35460
34638
33239
33070
31290
35409
34506
35538
34706
34541
33087
33583
34862
34361
31089
33852
32894
34956
30912
31776
34115
31304
31647
31226
33058
34948
34335
31880
33798
32333
32765
31395
33477
31092
32728
32030
31895
35396
31569
32083
33954
35123
34828
31908
35027
31050
34566
35206
31223
34636
33935
32681
35402
35292
34138
35731
32526
33074
31243
34967
31348
34278
31227
33588
33480
34639
32780
35475
35811
35479
32957
31859
32905
34621
34210
34184
32826
32402
31072
35407
32594
32021
34183
32735
33277
34091
33012
30988
33055
35417
34455
32386
30832
32552
34829
32765
35782
34855
32554
31216
35071
33268
34649
32521
35055
33569
31453
32476
32673
33541
35452
33704
32217
31335
32635
31382
32612
34752
33519
35529
31383
31787
34745
32446
31220
30825
32117
34081
33614
34520
33154
33161
30940
31964
34377
32584
33089
32157
32384
32287
33410
32778
34582
33491
35715
35771
35484
35696
34661
34169
31702
32442
35238
32058
32289
31657
34642
32383
32409
31842
35410
34085
34302
33024
35329
34290
34667
34180
33112
34508
33723
35394
31314
33355
32080
34752
35425
32230
33264
33426
33586
33008
32532
32342
35810
33925
35449
35243
33166
34846
31726
34018
32534
35553
33193
33450
35559
34015
32175
35724
35460
33046
33910
32894
33722
33004
31398
33625
32529
35384
31038
31692
32659
30831
35107
31665
31341
32781
35690
35007
31566
34862
34512
34173
31361
31402
35030
34974
31695
30967
31671
31310
31098
32303
34115
33487
31341
34734
34047
31169
34694
32702
31775
34059
35229
33499
34755
34679
35542
31199
32062
32795
34467
30993
34021
35490
34785
31787
35897
31564
35480
32568
31584
35554
31327
35555
32091
31519
33642
31079
35895
31026
33567
31026
35539
30919
34171
33395
32562
33268
34585
32359
34460
34891
35668
33571
31443
35789
34513
32550
31292
34506
31613
33598
35179
34420
33334
32886
34871
34696
35043
35892
31967
35802
34093
33473
34254
34063
32111
32534
31543
31643
32141
33018
35360
34973
32900
33427
33913
34830
31644
35600
32398
35078
32386
34175
34559
31743
32053
31345
31308
30926
35553
34672
33367
34762
33227
33389
33956
31345
33040
34852
31426
34614
33196
32267
33888
35339
35068
33201
31548
35335
34074
35136
34563
32810
32713
31049
33960
31100
32947
34097
32419
34830
34120
32675
31753
33450
32555
32851
31470
31386
33682
32459
32999
32172
35091
31618
35366
32909
32971
32042
33078
33033
35775
32691
35424
32649
32526
32005
35430
31461
34004
33569
35135
33984
33572
32558
33790
32199
33556
32494
35466
31091
31618
34342
33419
35818
34126
34008
31812
31141
32750
33819
31071
35261
35650
32937
33992
33149
34889
33924
32101
31530
34180
33375
34108
32373
35172
34088
31726
33677
32573
33747
33696
32295
34132
34752
35360
31644
30995
32414
33302
34730
32726
32284
32027
32687
33324
35785
33998
32772
32041
35517
30937
33005
31038
32662
35472
33755
33814
32473
31851
31800
34621
31725
34684
33050
32638
34923
35463
31762
34691
31054
35690
34702
32090
33452
31317
35731
33027
31242
34040
32083
34678
34514
33354
31497
33103
30983
32551
33571
33015
32214
33685
35660
33014
35034
35026
32728
31896
35602
33035
31361
32321
34733
31471
31629
34720
34595
32186
34636
32448
31075
35038
35404
35787
32776
35830
30852
31875
35674
34741
31912
34155
33740
31717
31074
31779
31053
31491
35517
35269
33109
35449
32206
31335
35621
35716
32742
32567
31817
34029
34634
32257
32241
31693
32894
35683
31655
35479
32524
35605
31272
31913
35465
34705
32009
32568
35161
35218
33105
33257
30974
33157
32151
34205
33717
35438
35405
33421
32643
35432
34709
33077
35560
34375
31172
31566
35185
33835
31647
34667
35495
31988
32525
34304
34314
33137
31930
33656
31340
34341
32372
35397
32038
34625
33355
35664
33047
35376
32166
34894
35064
33757
32365
32064
31606
34657
33139
32350
31198
35480
31765
32801
32788
35393
31020
35568
33487
35277
32033
35318
34044
32754
34235
31327
31273
30841
32371
34039
31345
32977
33938
35113
35017
33708
35008
32638
35627
31306
33525
35780
34000
34465
31475
31839
32698
30908
32908
32301
35608
32673
34634
33255
31552
31705
35512
33349
32318
34105
34600
32755
32427
33609
35356
33708
33893
32313
33670
35451
30882
33659
33190
33560
32373
31541
31039
30873
32054
33229
34248
34245
32562
31868
34693
35754
34695
32820
31270
33256
33940
32357
34477
35497
31930
33013
31527
31953
32307
31932
31534
34880
33935
35227
34259
30937
34774
35126
35518
31159
35831
33724
32142
34200
33184
34889
33421
32195
35657
30903
34476
32147
34676
30954
33062
35442
33793
34726
33253
32382
34661
34443
31236
32269
33966
32499
32590
30865
34614
34359
32687
31756
31937
35411
32605
33360
31070
32835
34643
30953
32505
33877
31856
35049
33560
35850
33757
34484
31529
31674
35789
35744
34057
33909
35455
33796
34219
33211
32035
31104
33686
32130
34446
34559
31276
33023
31514
31526
31827
33033
34753
31375
32213
33669
32810
34391
34056
31810
33030
35249
32960
32682
34816
35371
34867
33943
33521
35645
31814
32707
34841
32556
30999
31426
33862
31263
33060
33530
35632
33868
31772
32818
33257
33933
32666
32592
35097
32825
34736
32437
32734
33945
35497
35508
33035
35291
31252
32039
34239
32885
35017
32616
34331
32700
30947
32168
35160
33086
34358
31302
31629
32800
31137
30925
35866
33978
35025
32322
35259
33494
31228
32679
32943
35251
31717
34996
32718
33543
32733
32856
35680
31736
34501
31568
35227
31815
33608
32087
31243
33239
31830
33270
32709
34404
35836
33802
34398
31731
31010
31598
31901
35095
35729
33999
31214
35485
31069
34517
30931
33882
31356
33711
34305
32304
32603
31462
30915
31138
35843
33579
31849
34297
34401
32327
34389
32816
31665
31327
32786
33920
32455
35261
33526
32607
33705
31467
35225
35310
32963
34743
32677
34272
33332
31520
33606
31671
34520
34700
32211
33494
33558
31831
34798
31010
34816
30950
32411
33551
31054
33200
33037
35141
34426
32467
31975
34289
34588
31526
35896
32765
33361
31473
35438
33257
34039
33852
34633
34450
33567
34022
32313
33022
31094
33031
34937
32985
33257
32977
35021
33617
32698
35580
31941
34297
30881
32667
33290
32426
32147
33327
31168
33628
35848
33187
31624
34241
35476
35378
32528
33325
31497
31287
35256
32735
31840
34888
32350
31071
33239
32625
32904
32661
32624
31794
32882
32581
32167
33267
31138
31147
32526
31564
31452
30928
31448
33664
34054
33593
32077
31591
32267
34498
32350
31196
32897
34070
31068
31050
33177
35280
32366
33842
31066
34336
33993
34542
34495
33175
30894
33883
32251
31653
32108
30932
34417
33625
35717
35292
31849
33446
31937
34091
32780
34515
35779
33528
35499
34461
32636
34940
31617
32026
32424
35472
31046
35224
31881
34577
33312
34524
32795
31077
30847
33292
34835
32041
31863
34256
33280
33753
30865
34643
35408
30904
35896
35556
34746
31013
33593
34002
33423
35684
35063
33437
35253
33370
33164
34381
35567
32306
32462
31060
32604
35593
33091
33964
33838
34003
31681
32985
33230
31922
34707
31733
32028
35779
31072
35621
33312
31548
34593
33566
33338
33693
30937
32180
33186
33390
34318
32447
32108
32859
31420
35221
34839
32657
33681
34213
33295
34710
32148
31242
32653
33990
31769
35676
30829
33944
34863
32464
32219
32183
32011
31456
35529
33343
32768
34157
32351
35606
32114
30876
33540
33087
35708
32716
31523
33156
32117
34812
32142
31024
34479
31092
31277
34586
34337
35417
34755
32029
31173
34101
33718
33564
35364
31745
35497
32348
32369
31185
35086
34920
31540
33533
33314
31852
31212
33969
32695
32779
34636
35234
30930
34371
33065
33956
33192
33198
31187
33580
30988
33539
33924
31476
35192
34326
35646
33697
32044
32748
33441
31201
33783
35685
32243
34973
31560
34153
31052
31611
32264
32211
34436
31579
32308
32095
32292
31317
31558
33386
32453
30875
32443
31589
34650
33711
35794
32000
32831
31284
34374
32016
35564
34154
35849
33828
31502
33871
31171
31777
35892
32056
31779
32808
33589
31899
30820
33127
33691
34249
35850
32413
31844
35695
34762
32053
33463
32139
31989
31972
35132
31986
32201
34251
34641
35482
35061
32322
32391
32945
31162
35065
35572
33794
33382
33714
34311
35382
31637
31188
31887
31918
33125
35686
32052
30904
31451
31607
31739
31064
31629
34213
32547
32038
32206
31687
35285
31003
35435
35757
33949
33036
35766
32571
33656
30933
32049
34892
34737
35306
33863
33695
33594
34482
33705
33743
34463
31928
30822
35623
35705
35072
31578
33223
35265
33526
31541
32372
30946
31905
34629
33090
33934
34931
31774
35208
31881
32172
33910
33316
32537
30954
32803
31497
33302
32980
31098
31181
31380
33162
32560
32195
34657
34543
32683
33577
34435
32110
35268
35160
33492
35371
31142
32775
35844
31185
32146
32146
35026
31353
35057
32438
34318
35453
32294
35760
35309
34200
31004
31967
35127
32821
34453
35347
32244
34520
33997
32126
32374
35877
34938
34563
31457
33316
31000
32268
31210
32095
32875
35276
31584
34257
31630
35342
32740
33417
32645
31233
32544
34498
34517
33415
32790
35787
35601
30829
33662
33550
31272
33322
35772
32588
32653
31703
32298
32167
33081
34668
31453
32988
35128
31942
35678
30963
32291
33760
35091
32520
31129
35436
31370
31570
33840
35443
35637
32096
31782
33623
31697
33808
33096
32554
34991
30877
35596
33197
31947
34824
32656
34894
31222
31327
34675
31172
32583
35512
31172
33486
35350
35770
32914
35251
32544
34865
35093
32322
34313
31017
34589
34070
32076
31356
32659
34842
33683
31811
31339
35165
32437
32355
32928
31057
31943
32460
33979
35776
32340
31896
32778
35706
31396
34380
31101
31669
31172
32352
32496
35780
34003
35101
31289
34927
32622
33534
34832
33084
35264
31616
35085
31886
33891
34339
31664
31447
31709
31634
32910
35394
34032
32523
32505
33108
30896
35007
35079
32577
31782
31759
34307
32399
34380
35353
32555
31095
32740
30970
32454
35320
32597
35604
35871
35075
35783
33988
30857
35179
35216
30993
31442
33503
35011
31358
33591
34675
33046
33242
35044
34386
33844
33304
34987
31333
32529
32110
31551
35410
35199
32980
32008
31646
31328
31387
32043
31194
35435
33735
33486
30883
35086
33870
31773
32304
34574
34655
33200
34422
35717
32297
35622
35157
31397
35245
33022
35076
33246
31097
32811
32950
35132
32780
31004
35484
32817
34767
32187
32519
31961
35713
35398
33960
33658
30993
33971
35626
34703
35424
32630
30999
32019
34155
30866
33472
35504
31197
34247
32995
32655
33170
30853
31279
31869
32082
31210
35170
33407
32114
35454
34285
32189
32146
31269
33131
30926
32856
30927
30964
34957
30945
31476
35120
33198
31195
31806
30933
31659
32803
32395
35468
33357
34905
35300
33252
35253
35095
33014
32207
30929
34447
33233
32374
32791
31992
33476
34103
31667
33723
33752
33238
32796
33533
35396
31908
32445
32886
33845
34051
32889
35072
32474
34635
35240
32021
32237
34012
34999
33835
32373
34150
31494
35841
32922
32985
30929
32450
35682
33004
31748
35335
33579
31881
33705
32276
35478
32646
34534
34205
32667
31150
35297
33359
32655
35602
32478
34504
35692
33441
35240
34510
35408
32177
33814
33087
33398
32398
33353
32878
34014
32971
33594
32700
32609
35723
30935
33299
32879
31326
33410
33184
33074
32622
33687
32412
35155
34418
31807
33383
31548
34778
32472
33429
35323
34135
32424
32986
31715
35653
31030
33124
34220
31519
31071
32966
33282
34466
35262
34809
34926
31409
32494
32183
32573
32221
33397
31401
35384
31345
33449
32108
35698
31242
34088
33670
32597
35482
31356
35575
32037
32854
33944
31844
33421
33199
31153
31139
33874
35669
32544
31128
33312
30897
32971
35893
35609
32313
34071
34212
30818
33882
32821
33188
32247
31094
33319
35898
32579
31738
34833
31661
32022
32989
34641
31849
35611
33365
35397
31342
33624
31480
35321
33358
35026
31721
32587
35654
34776
32539
35367
35629
31555
32071
34860
31644
34858
35675
34011
31577
35221
31031
31199
30997
34765
31663
31138
34636
31063
34716
35795
34465
31084
35011
35567
33856
35386
32571
35331
32423
31846
32285
30963
31567
35105
32044
33050
31640
35675
33571
31982
30824
31040
33062
31529
35871
35812
30897
31691
33011
31554
34988
31197
34734
35792
34742
33283
34301
32897
31793
33638
33124
31634
31566
34085
33060
32834
32683
33188
31099
35637
31119
32505
32654
33824
33541
32809
31698
34922
35742
31785
33922
30819
32759
32288
31994
31879
34534
34817
32572
32083
33795
31752
31017
32420
35569
33061
32549
31612
31423
33544
35678
34855
33813
35689
32507
34013
35157
32115
32279
35746
33928
31598
34742
34760
35432
34557
31323
32736
33728
34444
34024
30907
33675
31656
32212
35251
31822
34950
34197
33658
31983
32993
30866
31210
33004
33324
31835
32091
33345
33254
31983
35184
31983
32615
32096
31493
32607
32037
35481
30979
35643
30868
33211
33468
31383
32778
33565
32167
31199
32321
31343
33376
35361
34974
33521
32809
31421
35772
30956
32935
33357
34282
34354
34765
34209
32314
33387
33060
31479
31745
31897
32808
35141
31031
35561
32959
31088
35241
32433
34055
31652
32530
32475
34573
34669
35614
32439
32634
31660
33241
31106
35413
35395
31921
33183
32831
33307
34895
31619
35052
32261
33382
34154
32358
35360
32668
34297
35529
35421
35339
31399
32820
32393
32306
31994
35250
35892
32692
33370
34668
34195
35031
34214
34096
33302
31787
31144
32156
33642
33367
30836
34819
34907
32590
31452
31637
34151
31053
34975
34685
30834
32825
30880
34816
35554
33325
35654
34797
31116
30842
32244
31537
35307
33677
33698
34149
33071
33643
31096
35760
33499
35746
34881
32966
33831
34487
35148
34845
34827
35498
33654
33578
35575
32483
31283
31062
32785
35873
33606
33931
30984
31781
33861
35686
32031
35586
35294
32941
34885
34513
31954
34035
33414
31190
32788
34493
32477
34976
31411
35529
32895
33066
33051
32969
33057
34758
34139
32378
32325
35400
33126
30993
33874
35355
31728
35557
33405
31603
31297
34377
35523
32665
35144
33870
34625
32931
31108
34987
32799
32301
30868
35681
32705
32506
33082
31654
35566
31813
32424
32626
34858
32810
35674
30987
34253
30974
33918
34318
35217
30928
34971
33998
34720
35424
35578
35862
35209
31639
33012
34851
35256
31781
34116
31019
31575
35121
35168
32382
34029
33721
34069
33013
32814
34019
31842
31259
32283
31423
34529
34679
31877
34821
33613
35663
32826
33685
31932
31326
32260
34972
34833
35033
33162
32947
35153
32251
32396
33929
34747
34278
32717
34534
35417
35495
31504
30909
33774
35716
33760
32333
33425
35267
32197
32964
35753
34201
35513
35603
31475
31890
31800
31643
30833
32668
34175
34009
34424
34484
33324
31720
31983
30999
34580
31521
34612
30906
35191
31972
34562
35156
31331
32192
32142
35238
33308
34528
31815
31668
34364
34179
34542
33912
33508
33028
32127
35420
34273
31843
35437
32897
31089
35233
31996
35533
33043
32852
34505
34123
32174
32951
31420
31747
34675
33398
31653
34017
34372
30904
34783
32967
30947
34323
31130
32393
32800
31906
33443
32676
35328
33864
35237
32097
31979
33546
35280
31522
32985
35338
32390
35488
31549
32897
34891
34335
30965
30985
33841
35069
34165
30836
34757
32539
33649
33358
31487
35547
32704
32758
32289
31888
33403
32467
32253
35020
34490
31646
35448
32978
31728
32410
34602
31210
34488
32263
30984
32803
32470
35858
32779
32211
34327
34217
31908
32994
35463
34187
35857
33019
31325
34001
30874
33323
33376
32792
33019
32151
32655
31863
35186
33937
32454
30891
31252
31685
33072
33894
35585
33025
32205
30846
32471
35526
33093
34220
34108
32997
32271
34469
32973
34535
33026
31673
31583
34331
32063
33257
31719
34646
32510
35848
33055
31059
35674
33196
31126
34296
32922
33079
30860
33958
31919
32897
31356
34611
33538
35786
31655
32951
34687
33779
33835
31144
33387
35326
31080
31300
33561
35890
34076
34655
30846
33345
35528
32711
31694
33792
35243
34784
33582
31375
31864
32400
32759
34237
35410
33973
32516
32647
31246
33612
34629
32983
32876
35455
34169
31249
35501
31770
33295
31122
33042
32120
34292
32827
33605
32475
31518
31845
35256
35833
32543
32505
33494
35757
35251
31274
35514
31403
34051
32430
35172
32006
33076
33308
34525
33977
31624
32124
30956
31299
35606
35578
30949
35078
34219
30908
35720
33357
33896
35310
32394
31397
31629
32423
33832
33261
32582
31932
32195
34097
32366
31600
35299
35277
33050
32483
34712
34153
33720
31647
30932
35702
34026
32681
31420
32420
32041
33993
31522
31193
32114
32501
34065
34965
32461
33504
34948
31191
34997
33826
32147
33397
35141
33663
32447
35654
32999
31633
32592
33854
35471
31308
35337
31098
34385
30897
31944
32308
34977
33673
35665
35238
31836
34586
31232
32811
32615
31588
32718
34407
32434
31981
32459
33367
31859
35382
33597
31517
33612
34134
31781
33943
32813
33322
31892
31041
32254
35788
31861
31552
33737
35469
31563
35157
31017
34944
32087
33934
32981
33983
31839
32441
35558
35523
34154
33148
34665
34942
34282
32490
34891
32513
35402
34678
33877
32809
33139
32396
34637
32754
33961
34682
33340
33956
35592
31018
31866
35625
34260
33052
35080
33620
34298
33538
31597
34182
35116
33521
31821
31805
34259
31542
31620
30961
35479
31454
35782
31314
35023
31500
35397
31736
30901
35798
30931
32776
35412
33437
33573
32608
32838
32039
31135
32624
32692
30967
31774
34760
34170
33833
31151
35732
33859
33354
31233
35149
31099
32528
35543
33676
32196
32986
34182
35086
34394
31645
33756
31847
34072
33937
32233
35050
30865
32080
33566
32523
32430
35799
32200
30867
35460
30961
32811
32428
32468
35163
33847
33153
31328
35614
35696
32375
35296
34908
30852
30904
34361
35160
35455
34839
31083
30969
33397
33545
31797
34294
33839
32774
33899
34157
32893
34951
32001
35214
33576
31518
35687
34049
32247
32785
35862
35865
32962
34735
32694
31894
32205
31212
34413
31586
31813
31563
32576
34248
33182
34022
32758
32262
34576
31470
34146
34289
34355
33677
34547
32571
31572
33131
31944
32340
32198
32431
32645
34562
35676
31860
30908
34966
31544
33728
30985
31653
35154
32666
32517
33505
33235
31220
31236
34234
31341
33107
31507
32507
32398
31419
31995
34588
32739
34210
34441
33033
34302
33925
35216
32621
33388
32967
32716
33382
34241
35639
35414
34752
33069
31784
32358
35458
35603
34958
30890
32761
35249
31292
34934
34637
31761
32351
33268
34706
34045
31328
32320
31910
34041
33916
32253
35003
33775
32973
31189
31533
31088
35828
34687
34548
32707
35542
31349
34181
33429
31966
33019
33210
31207
33892
32321
34644
33784
32245
33604
33678
32798
33292
31578
32649
34644
32530
32318
30963
31838
34802
31107
31896
35679
34209
35280
33026
35202
31785
32573
34478
31648
34337
30818
34559
32061
34617
32437
32789
32169
31840
30972
33166
35803
32194
31883
34063
35619
32448
35620
31323
31722
35490
35163
32532
31187
31522
32319
35780
35269
34514
33073
33594
33390
32368
32326
34012
31581
35322
35769
30966
32346
32695
31836
35802
32629
34328
32483
31174
33504
35258
31916
31774
31826
34694
32598
32668
32942
35791
34991
34838
35654
35294
35425
31509
35864
35707
34230
31771
31882
31069
31068
33594
34866
35611
33962
35265
35081
34605
34433
35622
31013
32251
31689
31838
32613
31341
35416
33435
33199
32714
31901
34842
35419
33008
32902
32636
34997
32188
34088
34086
33514
31119
31348
33039
31307
32551
31296
35768
31929
31618
33691
32668
31200
32304
31308
32666
32548
33150
35380
31822
30904
32380
34785
33285
31190
34101
31098
33131
32855
31486
34533
34513
31003
32379
34043
32221
31629
31799
33000
33755
34412
32197
31480
34069
31442
33331
32298
31655
31252
35673
32794
35502
33629
31672
31135
33466
34249
34553
32031
31350
34063
33072
31583
33725
32537
32258
34363
34163
35758
32317
31388
33388
33805
34351
34352
34907
31820
34727
31947
33357
32846
33720
33067
31894
34982
35741
32391
31584
32972
35833
35470
31759
30884
32485
32247
31190
35459
32302
35004
34143
32846
35362
33287
31924
34107
35265
31782
34808
33385
35778
35834
34887
31768
31575
31741
34860
33560
31819
33636
31345
34324
31787
32881
32247
32689
34503
32066
33116
34079
31996
31567
35707
32148
33234
31193
31084
32598
31740
32947
32913
35459
31661
32517
35019
31705
31217
31495
33378
33423
35863
32475
31857
32250
32595
31515
32397
31684
31642
33218
32065
32241
33569
35103
35765
34010
31432
33212
31835
35495
35855
35251
31232
31353
33103
32999
32927
34190
33629
30829
31911
35691
34683
34299
32443
34202
33903
34785
35478
35355
34980
32681
34451
30945
31676
34437
34528
32244
32632
32320
34902
35690
35035
35226
31805
34384
33559
33406
31189
35426
35299
32101
31565
32194
34436
33633
32758
34915
32989
35380
31421
34507
33441
34314
31609
32066
33874
33969
33475
33764
31039
35855
33230
31170
31276
32971
32625
30961
31749
34682
32553
34867
35254
32122
31216
31751
35084
34396
32089
34257
33508
33150
35239
31889
31737
32368
34370
31173
34118
33599
34526
35638
33170
31287
33803
35439
33850
33555
35597
35426
34917
30954
31616
35211
31817
33805
31837
33721
32153
31101
32397
35748
32221
32655
32428
31482
32630
35577
32498
32675
30872
33868
31170
31844
34680
33260
33984
33357
35772
33049
35704
34546
33410
31719
35407
31277
35241
35877
31149
33402
32296
34512
32147
31936
33174
31626
31609
33886
31870
34595
31425
35851
31862
32974
33793
32031
31279
34109
33064
34465
31723
32856
31171
30929
33457
34273
32730
31561
30922
35810
34566
33072
31316
32796
33381
35565
35414
32086
32621
32216
31515
31823
31582
33000
35178
31303
35141
33070
31324
32442
34895
35333
32343
31787
35755
31048
31142
33251
31042
31980
32844
31258
35341
35155
31957
32283
32146
32284
31293
32659
31818
35609
33562
34268
32846
33805
32007
30990
35778
34434
32112
31008
31491
32566
33606
33167
32051
33366
35895
31394
31521
33979
31879
31248
32669
35698
34247
33691
31532
31961
34479
33562
32295
31776
31268
34598
31485
31082
32237
33534
30875
32783
35025
32558
35817
32536
32793
32339
33618
34847
34111
30928
32006
32349
34771
34380
32347
31219
35734
35400
34576
33509
31146
32614
33555
33521
32697
32400
34318
33400
34128
32029
32871
31968
34182
34257
32801
31350
34611
32325
33306
34139
30966
33208
30868
34594
32874
35280
31362
33197
33688
33952
31738
30907
34630
32781
34626
32247
33414
35630
31162
31966
34986
32109
33832
33761
32123
31347
34255
34273
33048
33466
33388
34994
33165
35482
35614
33006
33329
34282
33357
32923
35028
32522
33985
32203
35389
32721
33211
32172
33488
34264
31323
34331
34050
33057
33861
32858
31327
32138
34749
31336
35445
34414
35521
34475
34545
33892
33318
33082
32840
35749
34029
34485
32927
34479
33698
32198
33592
31978
31878
33869
31297
31412
34804
32335
31352
34211
33112
32359
35733
34246
35146
34156
32934
33820
34635
34252
33674
31599
31399
35026
33945
34210
34225
32177
34340
32637
34957
33301
31931
33287
32775
34157
32232
30819
34053
31998
33198
30822
35249
32699
33287
31976
34939
32246
33220
35786
33599
31578
34389
31105
33916
32531
35643
31939
33953
33204
31766
33873
34231
33435
34533
34011
32031
33572
32711
32183
35097
33094
30838
32855
32106
34765
35649
31495
34290
32192
35226
32758
34724
34918
32985
32468
32703
34677
35419
34469
31392
31046
33130
35637
35728
35197
32167
32989
35502
31733
33690
34944
31403
31917
34704
32596
33554
33235
34943
33627
30929
31927
32225
35592
31677
34347
35500
35642
34090
32983
34426
34218
31845
32369
34066
35501
35543
34976
35149
35109
35240
31578
34321
33607
33030
31788
34305
33104
32141
32521
35209
31711
35853
31082
33308
32260
34499
35394
35160
32130
30867
34544
34020
31259
32882
31881
34691
30883
34707
32682
33879
32830
33192
31029
33098
31902
35310
31316
32316
33801
32787
30855
33407
35822
33253
33058
34844
32361
33657
32277
31189
31555
32948
35291
34250
30909
34241
32824
34241
34768
35333
33946
32218
32030
31670
34642
32092
31853
33161
30826
33790
35036
33924
34743
34826
31075
31364
34990
32050
33706
35193
32705
34326
31802
34346
34456
34112
33107
35889
35563
34536
34236
30893
35749
30984
34420
34993
32578
31794
32040
34791
31698
30952
35437
34172
35039
32953
33550
35317
32750
35294
31843
32119
32403
30936
31929
31058
33218
30907
34683
32424
31304
35498
32832
30916
32694
35364
34903
34807
34041
31973
31512
34238
32186
35106
33222
34029
32666
35066
32581
32410
31616
35340
33883
35249
30865
33172
31156
32828
32647
31819
31642
33942
35109
35643
32771
30982
33410
31802
35294
33621
35264
33125
34411
33584
32648
35064
32950
31261
32715
31911
34462
32995
30845
31413
34130
30913
35602
35883
32701
32926
35245
33130
35848
33787
33796
35886
34358
34088
34555
35139
32306
34628
30978
34041
32445
34413
32154
34309
33965
33480
32535
33411
32963
33455
30987
33418
33588
32556
35179
34530
34436
34670
34455
32265
34627
34298
33731
34830
33216
34904
35186
33478
32282
34418
32122
31200
32478
35556
32113
30932
35834
31244
33516
35044
31840
33375
35093
35574
32274
30924
34997
35043
34121
33029
32883
32688
34838
34611
35736
33192
34511
33934
35528
35831
32883
32237
32372
31747
32207
32331
32058
34281
32059
34194
33608
31485
34195
34049
35784
32249
31828
32855
30876
32851
33593
30832
31742
34499
31683
35470
35530
31955
31324
33677
32939
35761
33823
35852
31976
32641
34787
32462
32666
34826
34564
31732
35417
33326
34107
34339
35505
31863
32216
32277
35027
35807
31308
35657
32029
33057
33181
32465
32646
31358
31250
35701
34743
34735
33971
35887
31624
33194
35235
31468
34337
33439
31825
34530
35067
33079
33673
33387
34025
31198
31735
31990
34533
32244
35419
34233
31151
34146
33463
33932
32138
33517
32627
31956
31081
35136
33089
31935
34381
32792
32762
32968
35584
30997
31256
31599
35859
32731
32954
32414
32510
34470
33021
34159
32846
34461
34580
34669
30944
33461
33743
33422
32180
33162
34952
32997
32805
34865
33997
30817
34233
35897
34438
32255
34309
33878
34285
32405
35781
31708
31067
32208
35056
31709
32175
31026
33713
34262
32667
35861
35723
34153
32768
31807
31860
31474
35821
31116
34565
35420
32911
32304
33798
31490
32433
32526
31235
32306
30858
30893
34224
31950
33481
30852
31067
35140
33092
34596
32117
35064
35775
34194
33418
31749
32734
35781
31810
33749
35500
32487
35693
34237
33661
31643
32100
33375
31286
33665
33098
33300
35378
32780
31256
33701
31700
31520
32068
34959
31922
32112
33826
35043
34929
31466
34395
31289
33537
30832
32419
33243
35485
33946
31692
33887
32930
31395
34654
31505
32826
32461
34075
31297
32923
35173
32412
32265
33743
34058
33249
33147
31547
30882
31556
32991
32674
32865
33404
35402
30898
32569
32916
