3
7
95
2399
10136
7
874
17
1489
17
414
1059
2796
3236
13961
38
15125
2510
17875
1718
13913
2341
24
3
14
206
22
11
7514
234
11
11212
14
3
62
41
20
1688
2
4
97
1653
102
2
16
340
307
45
3386
11569
3247
235
47
219
2023
2
13344
78
3
34
13
329
69
211
15
148
8788
51
16
626
4552
702
179
1469
40
3655
246
4
23
14
683
1772
991
18965
2
5
6745
130
60
2
67
105
1484
82
890
21
3
20
2
492
16328
295
1591
1848
2
20
2
8911
3
7384
1676
167
2207
5
9587
1
3482
8
8140
3410
1665
185
2
190
1151
13625
2865
1748
4
3
41
3351
2777
1791
3681
16
2066
799
231
519
4846
9
5035
19
21
1585
86
2925
4
3
2
419
548
109
19
2
2
178
371
20
15
100
7889
314
574
1019
43
2199
88
1159
10753
18000
2
22
290
8
4
362
1030
21496
4
6
11
8973
96
8055
9
6
2
510
3029
1670
140
3
4016
453
10495
140
53
7
477
6
93
95
20121
3
22
2391
10
20
11409
20833
11
22
44
1558
8
1
7916
1474
83
5159
29
2325
2
25
67
16
188
4030
15606
35
3892
5070
82
43
26
172
2
2
109
2
7231
110
10
13
9291
356
85
8
5807
130
8517
21798
38
4729
3
630
6270
3
2645
43
11690
251
15
1
19912
4350
213
13
7131
51
165
1
1
11529
437
46
8
1
20
60
18063
8
14157
1
5474
8
323
2875
3643
2
210
12490
1
192
512
6
1913
653
582
12
2
206
8
80
605
19
61
7
14607
14
1
16
4
7
1
469
7307
9
19298
8
2
6
2493
1
53
136
5
6
1062
6
1234
8283
91
9
298
844
1778
10866
361
9
1033
283
76
32
2581
4
4880
70
124
1204
14
506
1613
1247
333
7619
65
125
697
2738
32
2
11
41
4
1564
5747
2
128
2
5195
104
17813
54
2
6792
1730
7972
9388
4897
644
6816
1332
12317
779
23
3328
6514
222
3
664
15
233
2936
788
1736
12577
1
8027
4335
1
296
24
7333
5
4664
318
2700
8942
9687
7780
75
5787
52
2
10531
489
11813
64
153
45
5570
1337
745
52
30
55
6
13
3115
25
208
436
2682
256
3
841
92
1940
707
25
12
251
276
31
30
3
39
2
264
6537
2
173
49
14
3
32
4
11
12403
25
499
67
25
504
9
70
564
107
34
1418
484
2672
13
1
14812
178
227
3
244
170
53
1
7257
418
6863
50
35
8225
1
6
65
7282
1
4
13
201
2
310
2729
2238
2416
5
977
8727
13
12621
11
3191
1
133
301
2044
730
1
46
2
3082
12798
4
3
7206
3398
941
2617
16
17937
1
578
45
5361
292
225
1
3
62
2563
121
8487
20906
981
271
1
1531
3530
475
8696
4
13
2
1278
984
1
6560
10
1
249
5436
4
3772
56
19981
59
44
4458
69
99
35
1015
343
20617
1044
72
3
11251
411
12147
5951
6
286
62
4
461
633
9
428
2285
2966
8197
38
3
1494
281
316
15935
1642
2
558
1408
114
3
9131
14
1256
1700
650
102
9036
17689
226
30
20403
69
2
3316
2131
14405
13
1
3469
11489
9961
122
9755
13
2
2
2710
6292
2
21347
19432
15
12842
37
23
735
5
13
3
12533
1048
41
1569
15552
61
439
1
194
2845
274
21
2
2
12
6606
15
14010
357
896
9
2073
11
17
265
18
3
47
28
28
29
9
1867
3694
659
350
6936
5
9
2
4713
121
66
417
2719
196
2
97
6
8
4
28
2
12062
161
5379
8
19
3811
16
6358
2
10942
4779
1
150
405
2037
1
2
6
115
17
37
1314
16790
3785
19
10
9099
15
1453
1225
11854
3
3339
11609
6380
299
1
594
41
5250
4
1171
5
146
402
174
78
4
1766
54
5648
619
17
4
21
1
1300
23
3270
1874
16
5
14864
11772
24
22
14
5551
34
131
163
27
116
16
22027
15
155
6119
648
40
44
482
10
1803
782
287
11
54
6034
1
6
4216
31
1619
119
4948
1179
13251
10030
4
243
570
23
18
10314
2109
12
21874
1
27
710
75
71
14506
21
31
7
13022
5848
3
28
4
19
3605
228
20761
288
3878
208
3
10
182
12
950
690
5
2301
9
1659
407
14
14
122
3180
154
1423
7107
220
339
21950
134
967
42
1356
250
688
3
2293
2
17084
184
48
15072
1
2146
15
10
94
4260
5
12
434
128
46
2
164
2
503
957
4489
771
5342
16047
58
28
8757
5
113
4
3
824
4
5889
141
5
16
4
1
1
1175
25
1
118
2176
20
766
10
87
8370
6
856
123
859
2
1296
46
1
3
81
6887
247
49
4931
4
5
94
6
123
146
12
11979
5232
85
1
22
10568
1505
6
5
331
68
379
2
51
740
176
5
27
84
1
3
487
10
19365
5930
4
3759
4648
830
4
11
3
3
2590
2317
391
20979
10642
9
322
1630
18899
821
1
1900
98
11650
12977
4
2222
9789
5
2467
4381
149
833
159
1282
1947
12
2
79
7
2528
2946
4
17144
17
18252
3
580
1
25
3
24
29
43
3592
2
34
1273
291
622
13
4
21
19
387
1
3
6469
16731
10
11896
1379
5
2
2895
422
2
20
1
68
1123
1742
8341
1448
1
3040
5455
47
7
21722
813
7
8
53
1
10
23
105
57
20
29
862
6675
3
550
24
4
912
3
5141
9323
55
214
355
337
5018
466
4473
877
13720
12
17
2
7436
6
6226
17567
349
19
18702
3
104
229
1
517
3259
261
267
6
5
32
11
6722
1
50
2
2
1
3720
369
666
1810
118
918
1
248
790
4305
2
1
921
138
2
456
1
4100
6
86
240
530
12446
275
1510
1
7461
12
5
994
2
5971
9162
2366
6424
1
2245
572
15284
13297
1108
3865
116
16615
501
3
15
7
2358
3019
1119
2
56
3
2
1183
131
245
11290
2
76
4965
27
7
16
971
21
10171
818
49
8
280
1085
8
3304
12
18
300
2
20
12
159
82
31
308
397
807
727
385
11
72
19
106
77
80
7
4746
998
4
3746
947
685
7
10
263
1
176
60
3
3
1139
3
1841
4129
161
191
4
5868
430
9
152
205
63
14557
94
3050
262
3362
138
203
16385
8
19
1
915
15230
1
6097
370
13768
50
11
2
59
43
637
23
26
3104
615
1
65
194
8312
39
315
354
36
722
14305
64
524
5
311
7944
1967
2277
11
3555
4
23
3798
1023
173
6013
2002
680
2
9487
3
8818
6
1413
14059
87
21646
30
543
108
4246
4
7156
657
7181
1682
26
3
2
78
2
6447
10
167
30
72
22
1463
934
440
924
1005
55
5992
13437
3
590
5727
662
1188
451
3
5
6698
2
1
346
6
13
424
1243
2
613
216
18
2
554
71
4
3
1647
202
33
4762
5687
3825
18637
7
19
13
124
20689
8576
19
2080
10206
2124
319
6
4072
526
26
14916
18
974
108
10605
17
87
1887
9857
198
19097
2
9
5
4187
15178
21
9
177
11369
15337
64
1
25
4172
31
22
24
111
539
19
125
13068
4
1127
6335
4
180
2
14
24
3
609
5106
20332
10278
1
954
1
15020
1521
111
7
27
2519
27
14
2
1
1269
14108
13864
57
6248
497
2184
183
342
1
4
89
2
48
2
865
3
2
4504
1192
421
137
135
3
147
6
29
45
1636
5323
2599
1
257
8546
4914
11
12
5
279
1351
2
28
2333
1
11134
75
169
8849
8083
5
254
46
21571
5531
21
1116
42
2
284
35
57
11019
11
6
6055
14256
68
148
13
6652
3707
785
11
14355
2
44
7
4
5668
2009
1
1428
5
7
454
11
200
6769
1580
3
5
14
445
714
9421
944
1112
796
29
1
11937
27
73
2
17
10
2349
268
15
2626
13205
336
3
18
12932
4
1384
88
9620
7834
65
209
4
21199
1829
21422
17324
2016
3008
4
16215
737
1287
6
55
143
88
28
7
464
1026
3506
10422
1479
149
13
89
2
2816
158
1070
1196
3919
18380
383
97
1
11
2139
76
1055
197
50
101
13113
1
44
3494
12
85
491
115
22
6183
2
1995
6
24
7358
3
617
10350
692
15715
156
6
7
12
49
11731
2
8880
22
51
2
1
9
1389
52
51
32
16848
119
9
2
23
20545
758
9654
2058
6
32
18
303
111
4
27
705
14
1
2
676
32
586
6
1
2
804
14
60
2
16272
541
763
3
126
485
10716
150
11
9
36
1602
53
4143
293
1785
1260
902
2
48
8606
23
89
6
58
378
700
227
101
6
4
92
2
2
14658
27
592
13484
117
801
1
17506
7
23
535
36
133
13
18316
40
1135
9
2635
937
2
871
212
2
2
63
3
112
3518
847
887
1
28
44
6
6
18573
60
2
6583
748
467
15
31
8
12360
5
6
1
33
2
4812
1
3617
10
270
1988
7057
4
26
100
188
5124
53
1861
2825
8
988
15
3
2663
8428
8
10100
46
145
113
184
2269
17
16500
1143
2309
5
3
5
63
545
4
24
9
3838
217
10
89
195
3061
12104
31
81
8636
2
390
2
39
12
459
36
6492
717
607
18189
16966
17204
1
6161
2
21
253
196
7646
6
10386
25
810
3
1822
9
12274
3374
35
2374
14206
90
112
409
74
142
3
255
27
11057
9
236
4
375
12189
326
4
62
7861
5
221
12020
192
5053
110
49
20
5
121
26
15
15444
458
69
7753
16
16103
628
2169
143
32
4002
474
3225
7
1305
3
18444
29
37
931
35
117
12
3457
2
47
2
15390
7
880
38
14
37
365
2
260
217
1
1155
1
6402
67
1066
400
106
8
3433
294
164
10
83
641
169
10679
3
8666
36
124
11
7
218
104
4
769
179
5213
868
3
16
2
73
2
147
5
1
70
2
364
5
306
160
522
12231
21052
145
448
134
174
16
8
168
431
359
17
20
4
5305
237
90
2382
17
5767
189
5
109
5
31
5287
96
480
7
5
12753
508
1375
2
2051
39
3
1040
73
3
5
1147
133
899
20051
338
11
1515
14
2
12
10829
389
1089
1907
3
462
8254
305
220
5
26
48
49
14456
2
33
427
1213
46
7
16159
472
546
2998
13
2
496
7
3
1208
5
3
7
17445
6
1131
30
893
348
135
732
3422
5512
3580
4158
14
33
1
1
9
102
2855
4
5268
1
5
6
84
755
9
2
1
36
98
10
2767
352
1370
1328
21
1037
3
81
17384
92
129
18
381
157
28
4396
21
7410
520
2
21273
66
18
401
84
8
17751
6
742
2230
127
40
2253
3
5909
8
2
14709
73
1608
320
2
7566
9194
9
68
16673
7082
93
21
7
7
1
33
79
34
3733
56
4829
7540
724
1
4231
114
4
22
12
3
52
18
3282
3
1880
1706
2475
598
1625
4
1092
7008
6076
1
1
3
4290
360
646
8
5
1574
2
8
5628
3293
1960
278
1754
17
2424
8
201
79
3
4983
404
1081
15
175
162
5
2030
5
67
6313
16
2
151
99
193
64
313
54
16557
3
1
4583
5
171
2977
29
8399
1
1443
1264
447
4
15
1
1
10980
9
2161
19
98
325
4
827
14
3
8
10
187
33
20
162
10
259
905
63
4
238
13673
328
43
2
3
2
59
6911
14
761
101
793
4680
7
100
11
4442
139
2
20191
1051
1394
2
3203
103
8
6
9
4
51
1893
513
377
58
655
242
66
7
48
4
9
2116
252
166
9226
5
10065
16
151
425
671
533
19636
4568
17628
1
58
695
3960
1077
215
4427
55
115
3
5
171
17
34
56
1251
128
3
137
272
186
4044
479
6
239
4
1500
3988
77
4086
3136
99
330
8
15
34
7
1596
2261
22
10
515
16
18508
4365
5417
3445
1712
312
5609
1163
4115
1238
1
2835
1
269
3093
33
1
528
774
2757
47
17
129
3
5
3
3169
19231
600
8
2654
22
2
39
1816
9
2
5
105
324
1404
11
6
408
1399
96
669
5
2691
1309
40
5000
18833
9
2407
494
471
321
152
3
6
58
19031
10242
9892
1291
2
25
85
2
13159
2545
120
3946
2
556
5398
3
15498
8
5088
552
7
6
45
5707
7
5
588
568
285
271
2
74
11
8458
344
382
4
1230
32
1
12887
3
56
3543
113
11330
1547
1537
7592
8
66
639
1
351
1100
13
31
1
48
5
34
7487
26
2087
6960
4
2987
750
231
132
39
117
2
964
120
44
1542
4697
3
107
1001
719
7
12
12
345
223
71
232
18
1221
132
3974
15660
266
6840
18
335
1323
2786
10
398
30
2572
2450
7
839
712
93
42
2
8
1760
1
3905
602
241
23
2
4
4
8
5
1360
2154
78
17
1
95
28
77
71
531
1167
7672
7999
211
26
119
157
1
1433
42
15770
9520
6
91
273
386
442
1104
2554
31
1920
15880
883
2915
9004
235
42
850
33
611
39
836
596
1
181
2501
2
8
39
4411
2
198
4520
13
258
3
1954
584
9823
1835
76
4275
29
9454
2433
2484
3
4
4
12
5589
83
40
4632
1
3
4599
11449
11173
624
91
19568
4
2
576
7
36
1974
38
79
16907
21125
6205
18768
10458
106
7
908
203
19164
54
1
13531
1724
4615
61
2
1933
1927
15991
1
635
2806
2094
183
960
1200
223
566
230
11096
10
1526
90
2102
156
181
25
1096
4
1458
240
19705
7726
8168
37
20474
4863
10904
2608
9553
3567
11
34
10
142
2905
7
214
5
289
38
2
24
9067
1797
7
1553
10
3
537
14761
777
144
37
560
13578
47
395
2
14
366
2885
2
15
5493
75
224
136
12709
36
678
9259
199
4796
207
2956
3214
9995
6984
815
72
10
2
443
127
5
23
24
277
3668
2536
81
2
13816
41
415
309
57
1217
141
15
18
1981
394
373
1346
3158
1
2
2
450
753
4
19774
1341
1
3072
2
103
4
8112
15825
412
5
1694
139
374
12
3
2
18
1
163
9926
4536
1438
26
38
108
3
4
6629
393
7
45
59
20
562
7033
14968
6
2
154
2
1
204
9
1074
2441
1854
86
186
3
259
2458
166
5828
83
3
2748
302
13
29
4
42
30
19
37
6
4
57
2214
56
10
35
10
7807
64
16
35
9356
6
25
853
30
1
27
1
1
42
190
7699
12665
61
19843
245
16443
282
2
1012
21
3147
12
74
3933
1
10791
153
26
2
50
8
40
1
1008
1365
170
18
20261
18
6140
5
5177
1318
2191
4058
3851
13
2
61
297
332
1
9721
144
4201
74
928
37
17025
433
673
80
3125
62
41
3
3
3630
9
4320
70
18126
2
367
2
6
19500
17
17264
126
8
10
13390
52
158
