23
2521
15128
412
21
814
55
2
3342
382
48
135
5
1
1660
7
27
7418
2
3031
3
12354
12747
21
10
3
2
27
222
191
3
422
45
50
30
16
7682
310
20425
13
14
142
67
227
3
1373
103
521
1
12936
349
662
351
2351
49
1207
9017
1
37
101
9
534
6437
11519
18939
525
17369
86
1290
4277
14989
353
1036
2416
14
31
3691
3036
9
26
15
29
93
248
2
3851
2997
47
774
8595
15100
1508
64
292
18
8723
13521
2
2
386
395
284
767
70
2425
821
8
31
16
4553
2452
102
3
14002
14
5
5
10448
7176
34
1867
6
3
2
12
31
10760
4947
82
5
7
1
4
1764
187
120
5113
3944
219
1144
5
364
4002
2
21
6
35
14581
631
10
4010
1
31
12
20500
1962
1254
276
2
3711
22
323
6
5424
9
651
17
5817
2921
8
12
7229
20275
39
65
2
23
6216
1568
9
250
3
20
273
57
225
7625
72
78
17562
16
14
4
1150
7309
3
18322
23
3
46
393
7058
2916
47
24
82
6605
12
4
2
2
1806
13
2611
9303
10980
36
11
64
26
4054
5
6046
8073
1576
9778
20
24
34
762
8
56
1200
11
2470
21545
1536
235
1
12040
5881
1611
1398
30
863
1
2430
1331
181
625
2
35
53
2278
17
227
6
12
7
4191
19220
3070
1
6
2
38
68
16225
18
48
2
147
10
88
129
406
3473
3
272
3467
15381
4
4570
14
1977
118
18120
6
390
17
1793
5
424
14
175
21
18
2
23
7
11540
11021
1
40
54
115
808
7555
1
547
98
1719
3372
52
1
405
33
34
3
5
4
3
4261
35
117
3
5565
36
2140
271
17
43
221
13546
85
26
2
1183
892
301
487
9476
691
66
5
2674
746
1381
38
1250
1
10
266
668
249
6532
13
4
12630
9441
10525
27
192
2659
12
73
9
124
464
49
40
111
108
164
105
71
148
434
3
9
1944
1
19291
6
22
5444
175
151
108
11477
2863
126
4
72
184
50
6343
1
15609
3
7
13104
433
2530
157
9
46
111
18
734
17
208
4153
1
1360
91
1225
12263
18
8563
84
1
108
6
110
18
642
8868
43
3794
2
3
832
7
2
347
20
2785
56
26
6
316
67
7
370
2
1028
5
7
257
27
1132
17
7
13
15783
79
524
210
313
14
5494
12
10
50
607
63
4
17
6
12
731
1
44
33
3
8376
16
337
1687
297
1
1530
2
89
8627
6
1099
16587
3
15045
160
6828
249
29
19
311
90
3366
2
241
7
6080
11
7970
3718
63
608
4
2625
4629
2
19079
4
6765
5189
14210
10182
3221
3
40
5
13128
3544
92
12
130
58
29
14
2044
786
3525
1
5
51
91
1
10070
531
93
1
95
2
6
256
95
168
1973
660
110
25
1216
75
4
161
663
1909
37
115
10
1017
14
8330
912
3048
205
381
2078
19650
841
482
9
7
14
18
792
18
1294
2764
4
5
9
2
946
11
190
6
154
6147
19
3995
20126
86
205
53
1087
615
3
8254
1
2
35
8967
92
17822
294
9
1326
21387
2
7
2070
1777
2372
58
43
1194
4
225
201
11
419
865
4
29
181
8
1095
17790
111
3
158
307
4
9
112
82
6
1238
6
637
14
162
14
7
138
2
172
14635
6
361
1
17
7
1396
42
1
202
4214
1121
5596
431
2
1
2
3
2228
1959
119
320
9
3
1378
11
5
250
1
10295
1448
2
47
2
2
7202
7868
14447
14662
319
1
11
7911
286
6544
34
10
3
2
8223
5
467
109
3
403
1176
74
3
1287
9372
783
63
117
33
23
102
6
5
567
827
20052
459
6955
365
20312
39
8
16
118
253
750
5795
11929
102
1153
1738
10
6204
11863
2245
6296
3185
8950
6
7
1
894
31
630
815
4
18
5
20538
5
33
10467
406
1024
2282
7767
2480
4206
33
50
60
16
56
1109
10900
442
77
90
13
3
16
38
13797
717
13372
16375
10
5721
481
1833
11562
2342
9832
35
166
67
2
25
1470
603
213
3
2
349
15268
2
3
24
265
7
757
12
13274
707
3
3780
1417
1930
100
6654
4437
202
2295
2774
64
6
21
15
53
595
15495
11647
1435
457
4965
21505
2489
4230
237
6740
3
97
415
143
3
247
550
103
97
1
23
26
2
4
542
10
4768
3127
9066
1
1
2
3
1854
3590
1422
3
57
3268
1559
65
1780
398
43
50
1335
26
2769
2759
11
3671
4
6
1034
6261
19009
15638
1988
8
6136
7
27
135
3
21
6091
255
9904
4
284
16
140
945
8
18731
50
3
18
1684
13397
309
448
15409
13
27
6401
5325
33
1
900
5
8
15
12445
473
621
200
351
13
8
12
48
152
7710
79
5535
169
688
59
1318
109
16255
3
1243
114
15017
76
2144
1675
293
5
3
20
47
14852
2
68
671
15870
1505
13
1706
1716
1091
157
30
6425
873
25
1709
15696
30
18
9
3
9269
121
6569
15
101
34
1
32
7
15212
1456
64
333
2421
16927
72
136
9
4
5464
13
48
2
5
7269
4
18
1
11247
8193
4176
5828
655
118
904
432
4421
3
20576
3901
12
1011
160
25
126
4
1113
1
15
13
217
16
17
30
287
342
96
6
1
441
2257
380
22
3
46
32
1
2654
469
45
11
53
4
156
3
3624
83
17
9
463
72
72
16345
3
4099
31
12677
179
1810
1553
345
5038
2
3281
53
65
5
49
1
7
32
13
1
2249
41
119
3564
46
8
174
11
1927
3099
2800
251
3
47
2
22
679
9134
24
178
11164
503
350
3
1051
19686
1009
17987
208
13446
14
666
207
12
1
7
93
2
2
6
12
18
2270
16
14054
3233
51
233
1424
12
81
20881
8
458
12
2
79
87
2
86
3604
10940
35
106
2
4
727
6
439
13
401
3
156
5
2
6
601
1
94
57
6
11434
17178
130
4
2399
8
6
61
162
23
1657
2
6508
65
331
54
107
277
34
14315
9581
11
7955
30
115
16
86
13298
1
3
5969
1
7
1813
838
336
215
77
475
7377
322
649
506
889
25
1981
3
65
2051
4
4545
4
1043
128
11604
2
78
7123
18355
5474
17855
54
2
21
1
328
833
28
17659
2884
51
11413
369
132
12129
2403
16135
15
2
1
2032
5
37
2
22
9
9886
7
29
12
4892
2
123
11
3
17627
15725
6
677
371
224
14236
2
45
6
2734
1467
4130
1609
2
21
3014
218
54
1311
594
11820
1
955
2
155
130
171
68
1
218
1061
15353
48
1
32
109
234
2010
605
449
2059
336
1
2
13
2
25
3597
182
527
552
16896
19
1261
315
99
2
5925
4
12151
8
15
56
35
20
6617
8
3461
10840
9
372
8163
258
3
6102
8
8454
68
41
654
11
2484
2
119
3
485
134
1
73
74
90
1
2040
1
142
53
4
1220
4
185
2
2699
20462
56
14132
3
6113
69
1123
17921
3
10
1148
2364
147
13
3256
2
2148
340
5354
19
1365
194
411
8423
4039
1691
13
59
11
1
48
4470
62
5
17
3
13621
34
4
1503
4324
1292
6715
4445
695
6
110
89
3808
3
995
1
6057
5066
6878
378
504
59
2
4503
1278
11
14501
51
52
29
4
2582
3
1
42
64
356
2852
10
5849
10800
6853
52
556
2
6
5
2795
1
36
51
397
11
2
3
4
13
1992
2
1
23
461
302
10276
419
6035
5606
3822
107
73
1085
28
8611
312
1
1672
3203
13671
693
4689
3966
160
3958
29
226
425
225
2
3929
4388
2
3448
4
15
2
15929
306
196
36
4
145
296
7
5
416
5
943
38
2
1
2
9201
2620
272
2014
157
1
7
120
2729
19
3
1800
242
11226
32
10
31
11
1189
41
42
5
15523
235
14
4
16
183
104
2176
5
2003
8118
26
490
2937
4168
10051
230
8
9
2055
21113
824
8469
14554
7738
164
10
201
3
121
16076
26
221
9338
144
46
5
1006
1
9688
1323
418
3059
933
5
4992
6227
308
21
6013
3
460
1722
4
48
13
40
3
54
7
2316
5
322
8
16
44
91
16989
7
38
203
8178
21
5679
13008
18835
4069
139
854
1
559
52
3391
342
5
3
613
2
4380
5871
10
744
1623
371
14
780
558
245
1314
52
3110
2
12286
20
91
446
9117
348
80
16106
2
38
587
5
13421
2212
4
2
358
3329
127
8269
392
21946
1519
3
324
3
17724
10
652
447
13496
215
440
1
1259
2
1
18
3
10960
1
15899
6753
1178
36
197
327
14
3
29
25
10201
400
27
5085
5
232
315
10
451
396
16435
1497
55
579
1355
1
247
5
93
11288
1
1030
1
1345
8058
2
13
11
14080
2
26
1191
1077
4
3551
24
255
7336
646
66
98
1525
1083
493
11
1218
6
535
53
2
61
2
2101
58
1386
4077
1
471
623
82
2
3858
8
22
509
43
673
4
4587
2821
2842
16195
4562
6520
648
3571
180
19578
2
122
1459
326
105
30
1004
43
2836
3
6250
8
1999
6666
18525
67
1472
3053
2
21704
14
4
10820
159
3227
17
2
206
22
2970
989
329
6
1582
564
3
1878
24
8
3
8
9
3
789
4
1
2266
27
15
10390
18870
39
20
725
76
300
145
6993
2
971
5123
442
1
6
87
8579
9
209
21269
12062
3499
145
709
9
9529
18628
2694
7
20
121
2
7
1
6891
261
31
150
897
2291
313
27
223
726
182
7753
31
586
6
19941
2434
74
4115
4
50
604
3801
20
6
14262
10622
16405
10780
1
2
12422
11082
19
49
3311
228
2116
10721
545
2
302
9
1
206
481
47
2
108
2
49
4348
21825
1
2
454
365
2
18
153
2
19
2816
2
14743
285
71
3908
3637
98
33
480
2
3
211
7839
1588
15754
2312
2097
4107
3081
19
65
6
383
5980
31
462
54
17115
1
6
1103
186
123
4137
66
4332
40
18800
72
39
33
40
2
12196
916
132
5
259
16
75
6
5
1816
216
90
8
4604
69
31
8
137
161
855
4
2
14394
11
2831
6
102
262
63
42
2927
11
5
12106
2439
572
14
55
2
79
19
1
211
4865
3
7110
77
12960
2
4511
13
13
169
11
2466
779
11
3650
2544
1
38
5
28
177
1857
700
41
2
2338
58
3
1712
43
27
359
96
133
14028
533
30
8361
10
616
22
1117
1069
18187
2577
8
1874
1101
7
407
278
7810
1
3244
1837
394
146
3577
3
7542
6642
195
1401
713
1
309
19
10
628
25
76
5
114
80
862
3454
3
16
102
948
8
3
136
683
3
806
197
2
4285
20958
1
28
4663
1185
81
11973
689
19
14
1
844
2196
13
3617
2810
622
10506
176
9
6
483
2719
84
14716
7149
23
7350
3
93
422
47
9407
7514
12
2156
187
546
749
77
20
21
9
1353
5669
70
5295
10333
2
19398
9
4803
84
2669
4
189
428
1533
143
1
1430
696
1026
465
2224
1632
23
105
2
60
12
5700
5384
1
7
1
90
3
1049
17052
18
3441
38
1
1414
159
520
2
15
13080
295
2
35
4372
15552
81
21
24
36
15812
150
3
5545
3
9796
25
566
44
1751
8
14
4
4
2558
10860
17433
222
941
714
141
554
4
1850
179
9235
134
1196
1770
5199
25
14879
273
2
496
3
43
12
7
30
3
4698
332
312
14
26
185
70
55
16
212
2
17241
858
5151
1019
3323
2
398
528
11
82
4
2
1565
270
282
2573
4
9083
927
183
857
12723
11
230
477
582
795
87
456
58
121
113
10
51
2
11
9
40
1790
617
2714
1937
2152
11
4672
1462
3
13
21
2
20
1
5218
122
1783
1
27
2321
4269
8485
29
11
19
2
6
796
7282
4
39
580
52
9760
131
38
2606
4495
2965
18766
5
1579
9424
427
6449
36
823
244
2724
5
55
1826
8
3
14
10314
21
31
1995
962
192
158
12
12
62
1
135
79
5161
1248
2
1
21
243
529
741
6
7
25
134
311
2
10
2200
17
5335
62
9724
6
404
10409
87
10
3865
30
103
598
6
543
6
1905
1
128
19795
16649
7459
1
374
379
9
1302
11776
7431
21
84
18
738
192
7
3064
196
362
3
4238
26
5
89
325
13646
39
4
127
8
8755
138
1898
1089
4
7781
299
1
1514
10107
263
129
2503
12241
879
745
23
167
6
17
2
2
6916
199
2109
1
19978
1
629
1
5690
11
2
1211
20
2112
21
84
7006
181
27
4405
122
1
3410
10
16
3354
8852
3
15466
957
2
15
5914
5094
1159
57
37
5
189
22
510
246
2390
38
19
4
18
1895
6238
1142
508
84
334
1229
23
2136
1
3937
1647
1
710
85
87
17
101
17
117
4
7926
2894
271
4830
22
148
672
27
150
1
1282
2359
1984
5
21426
8
11583
29
15156
83
2
387
36
1847
1
183
6
10544
12084
10
28
70
12770
9511
19
6285
82
103
3
209
843
20
3630
96
1370
499
878
78
96
246
2
317
4454
1803
12377
17273
21035
276
14158
100
3348
993
4883
328
27
12491
2
90
8
2
3
216
3
578
100
1
144
3
13
116
215
165
11
1105
12
4
10163
4
233
494
26
4
5
7
4
8
50
204
16
97
742
10681
10015
18288
11
10
1760
13
1641
28
686
3698
2
92
697
41
6
3262
4
20387
24
318
45
2
33
1
18
24
1
41
41
139
4919
288
15841
4
15324
98
343
282
1885
2124
7
47
11
2448
63
1
3531
3422
23
1
3429
575
1955
18221
104
2241
9
886
3
4
8345
260
2
2
9494
8659
121
10880
1539
3879
10
252
34
3
19
811
218
2
95
20997
280
20089
304
23
2
9
1
612
1227
13471
8
128
3872
198
4956
6181
1550
887
7853
200
5057
6777
6
3416
8392
1038
12
19044
39
10
45
2168
415
22
3404
1
19434
840
12
950
141
141
7
17465
274
346
15
59
133
8
34
2180
344
517
1
62
300
729
400
2
479
158
67
429
3293
978
484
34
10
19
7824
4047
111
5
7255
1
25
15
975
5011
9546
461
3760
11
1067
5
12912
1306
6
26
5
711
3
10144
5
909
3
297
80
5
12560
19
2
489
1047
20
2006
6170
8014
896
2
5344
11907
28
139
2
18491
129
7404
3
2
19362
223
236
830
11
127
868
236
175
5
24
437
1
1404
9652
165
11951
715
1170
3
430
9850
3116
1
163
11995
116
30
2
43
13
6
12537
410
1393
809
39
291
12
4160
24
2
7500
8
5524
1
11755
9
25
1236
7897
4974
1881
5
314
5742
7
1475
11205
19185
5
15073
133
9252
3
1
2744
8133
239
684
44
79
4741
7569
13
3
1
98
382
1
17
52
6
2
1
61
153
8
8983
3886
6496
56
3
13347
21152
40
4
3
6125
11690
426
5076
3
787
2
2237
373
1
13
6
2475
11498
8690
1205
37
505
20
13
13
1
13323
9
10740
332
1
5
2640
1
285
14421
8438
7032
10
232
25
238
2992
62
69
599
13177
173
984
606
1057
3
15
514
107
21348
9033
2
18087
5514
293
3250
19759
818
9
1
164
65
10
92
45
380
11
3
5170
172
6
7084
57
59
2
1304
4910
2905
2
6
71
186
14106
105
233
4
3
123
1522
12794
429
166
61
1
412
167
75
148
20804
1
8
73
10371
5
35
13571
4
8836
9
281
1343
3168
4
159
9635
26
35
2
3787
39
1562
4
1
10238
5
5048
114
40
1
116
492
259
5414
1547
618
1
2
11001
360
33
10
20
22
120
24
8
55
10
4874
193
3922
9
352
10920
91
3179
9
18389
23
9959
7597
13747
1
2346
1941
6
4595
7653
177
2650
835
3
7296
1
13
2754
2
152
15
45
7882
551
4
1
1556
7
334
557
67
10219
99
585
329
124
4
960
252
7
1
624
1626
42
2
29
1666
4
68
17083
56
851
936
102
2287
2
8
1309
1
22
2
5276
538
153
37
6691
6193
4
2
28
229
9
1728
8
21466
4
85
28
2975
11062
2
4
19150
474
2
92
19
7
10
495
73
70
20843
50
12
3
3
37
15
6942
47
240
2739
8044
10
180
168
17
2
14608
1511
6629
12
8
3
176
59
5991
1
1638
71
21191
97
9868
1796
6413
126
632
640
905
4
8
784
15
4655
1478
1
1409
348
9814
938
18
12309
9706
27
6593
54
1
20237
256
7
23
1
6
16
20
35
76
2047
2355
2
7
75
14962
28
2
18
64
907
3657
6903
9
1934
12
2
3150
706
4
1
4
17888
5555
4785
1
2
54
149
24
6390
199
355
26
2029
3
3
70
42
6068
11733
3773
1
19506
74
4
866
8208
718
17
4199
10
3486
323
14
19832
40
1
549
66
3104
4
16
1644
1787
136
4253
137
9996
25
570
14
68
21986
4
4487
19
36
40
28
1
21074
2
870
15
35
27
21
2
657
75
237
1338
204
539
1481
367
5936
9
12700
2
6308
8
6
4
29
81
952
2601
46
17305
19114
3335
3
11351
1
581
518
1
7
3009
633
22
21
19256
513
2
998
9000
5
5
739
2535
15581
3
2
14
10662
5
2082
2507
15
189
2085
2
3215
119
669
917
3
1840
3610
2684
2709
797
290
117
9150
131
5404
11
8901
339
19
6557
3
318
14527
34
19470
2
23
803
763
16772
705
2
389
216
82
18423
1
10
8284
1516
7
593
20
2516
2220
5266
1
106
2
5
22
2540
3512
2063
20
162
19868
11
5
17
4478
1406
12514
4
969
5286
94
799
61
35
1241
132
5
1368
12
4
636
127
38
1223
166
8
9
100
773
1446
478
14
526
1
85
3836
522
6
171
257
1767
12
752
44
138
131
14
151
4
891
1234
11798
1
6354
377
5753
645
14
11
444
28
1055
1299
57
2192
2779
11
6
8
7
27
88
1464
15987
3725
280
4293
17497
4397
5
37
2932
353
2
43
3139
142
4017
173
722
4
60
519
55
4
1000
16
125
231
3
9
6790
1948
319
3305
3
1297
123
163
2
44
2036
2986
667
4
2
2
849
2
78
769
10
2645
2664
146
2512
4
980
152
303
1180
100
658
2
1257
24
331
3
45
16
61
5
49
1528
6815
491
620
41
1754
12
569
5
4759
37
1391
2
268
2
1
179
14689
2216
269
884
35
11123
748
6
2
1350
3
881
15
3
123
977
188
48
55
49
62
4
32
8
36
1
1111
270
826
417
11
426
24
65
16
1174
5
2
153
1419
4
341
2
18
1
468
45
5
8
20
16
9
1
42
656
986
193
134
6378
3732
1603
4
12400
307
113
4
264
22
15
1
155
7
62
33
224
7071
13250
2526
3397
21784
3951
20614
4794
817
198
4
99
23
7
289
1
30
5
2208
32
24
94
9389
2
5
13201
21905
489
40
7
115
2386
83
5132
4
238
9564
1266
95
213
4145
258
146
8548
1127
79
231
2
17
1
511
4092
6
1411
1
28
2
2394
2
5029
766
12984
2
4
58
7
354
3
3
488
99
173
1970
929
1
597
1443
1
1
1486
14
169
60
275
9
1
88
48
3
4
7
17146
5315
8706
188
190
8
43
20652
7
13
44
14474
3
10
42
1115
20
193
25
20690
8
17
16017
452
3
4308
10352
759
25
1432
5
8299
991
290
45
5256
1358
3385
5
175
13
5
2
3
3
1
1614
57
7162
18
15
5
59
5
1
1
9459
3
28
2128
85
4
13823
4681
2
264
5305
91
3
6865
140
53
959
22
2
1
13951
4646
24
7242
147
16679
38
98
5
5
2164
128
194
94
3
110
21625
16618
46
5764
395
1725
1388
5
195
49
341
2
8674
5
4
2
2074
78
6
3076
60
18254
188
805
18154
57
10089
2954
13
8
292
1920
366
5237
18697
7
6
22
3
5
154
66
8516
577
17
19905
1375
16466
1
15
2
2
8739
170
19
8
113
1
1
10257
48
14797
882
7
5
7
6024
38
95
776
117
2
9941
996
760
2981
4245
190
1735
1757
4
3
9286
279
6
611
14289
8
239
399
1
11143
1268
777
24
2
6703
11
8
51
11041
126
41
20
2
44
191
50
42
17530
846
174
291
32
2
49
249
2
5
52
108
32
7941
6
217
20
13874
244
80
3664
1427
5180
9
8088
4
46
17
14
2
1663
339
28
17
4
6
548
16834
2105
17
650
355
7
2878
88
1
10583
6
37
13696
3
553
7
19542
5
228
1
820
922
5020
9599
2
22027
3
61
71
87
2
8885
7045
4821
63
41
151
2
5
500
1
3
590
1333
4
23
184
3275
4
100
84
446
5958
3360
7
2
1155
498
3
80
1
2
6678
6929
1138
4
39
5
1
4
208
753
8
392
764
1591
1451
17692
1
2
3191
13721
665
3
9
476
5247
74
139
220
22
24
3
19
3
21664
147
120
23
8771
1008
45
2857
674
1617
704
104
516
305
12218
13848
15958
3
2
137
171
16803
5394
114
5838
15
77
17
2
59
207
2
316
186
17
16
2749
9
1
196
29
11
201
1042
3087
248
5434
1146
9
391
573
6461
66
3239
467
21
37
1
112
10564
437
4
10
852
21
12331
15
5658
4122
29
8787
1
914
37
6273
14
10486
2
2
4856
1129
12
911
10701
9
126
5
3
36
256
1
41
10
344
8643
41
12468
38
10126
125
7019
21
4536
771
7
2679
719
124
486
3518
9218
6
626
421
5208
2
9320
2
968
338
7
6
101
143
2017
33
11712
1202
16958
141
3753
3
4340
58
2
8
1245
8
22
93
15
19
1
5732
4356
6
931
1454
3093
15
9
1585
14
34
3988
2
211
7
7
4776
756
11626
1
435
576
16526
106
3
14341
3
200
1032
96
11
3197
241
10
30
2
2299
1570
2
27
2
1
2377
12607
137
3
13
3379
2184
30
66
325
2
3746
847
7
14
359
2
1773
3684
46
5785
523
182
408
4724
5
1273
32
19722
7097
203
9
59
7999
3
1321
40
2826
26
17401
262
5364
7445
701
414
3
36
2
515
13056
953
155
57
12
735
43
4364
3
2635
26
35
420
4
6002
10
130
7696
3
14
1161
1681
275
29
512
7583
24
12889
12
871
170
145
10
87
2
6
44
12017
83
9
445
1669
507
602
16
7
2
8
29
15438
34
13
14
385
1594
514
357
8819
129
1494
42
143
4
1
5806
19
6
213
24
51
106
18
2
9
16741
687
388
3
2
536
357
131
116
33
12
2
2
28
112
76
240
1198
1694
204
11
1731
5
2188
2
18
8103
234
51
363
77
64
2873
144
31
305
4
113
1700
6366
11
136
15
4
3
170
162
3
2
3435
163
8
3
174
3973
2
8
19
3705
20766
5454
5
99
2948
68
20
60
25
6840
15
367
29
220
229
78
75
138
11
2
156
16
11185
919
13
3287
1040
1500
11456
71
27
3025
1232
23
3493
16
73
140
236
1163
6980
4316
2
14907
18021
35
155
33
29
375
2592
15
253
13899
17210
10
8
335
1015
13
4062
132
555
2457
62
14825
113
7363
9617
1214
8239
1252
1
2
2333
4
228
571
1703
51
1172
4
5
5
197
112
23
2329
10
22
5774
30
2
52
15240
1483
32
384
1
48
3
12
34
2563
10603
2172
8803
39
30
2
11
60
453
3480
7724
83
165
279
1916
337
16
375
61
1966
177
56
116
60
2461
723
9670
50
1747
3133
7323
2
1
3144
2
451
64
3
1
470
4
934
2381
283
44
294
18904
2704
75
829
1
260
1923
298
902
5484
2253
57
62
2
11668
2
3844
36
6
2
4937
4812
3162
12841
1
17021
501
10
3
2900
33
4084
9
114
21865
1545
13925
6484
7
37
6319
12865
47
682
2
3
223
3
58
403
2
199
78
4462
450
19614
1
3
2
21744
2587
19
22
12584
289
1348
308
5
1065
30
16165
3829
278
286
5
9978
1697
10429
21230
387
2
14
530
1340
3
191
1629
13
1606
51
1140
17
16
5
1573
2
4
7985
47
363
1
2554
681
2
18
32
212
70
73
436
2616
254
1678
17757
5504
7528
1081
1119
2689
18457
267
140
49
16557
4838
20015
69
125
6
614
1134
1
3
12
10
1600
2889
1
7136
1136
3
326
20728
5374
2
2
54
1157
2
7668
296
13
21308
2498
53
5617
21585
22
16865
21
18559
185
4847
283
74
15
298
3042
226
5903
277
2
1285
7
69
106
1167
4
2232
45
1620
5
243
1053
28
149
20919
423
3538
7
1651
1
2
11267
4715
3
5002
1
6
4578
1597
7
251
12
1
69
11102
1654
168
1002
221
4750
242
3
254
37
69
2443
2120
2
89
497
5104
4
5586
8
4222
2
203
2
1316
12
4429
12
2308
2066
466
29
1
5
1328
47
94
1952
7
1
2
6159
4
43
661
9
385
2
561
265
209
9184
4612
109
1
15
4
6
3317
6
112
10
39
3
20163
13
104
44
104
167
1013
8
6
2
32
588
1438
6
9
6
180
2
103
44
16
1093
635
178
25
7472
455
3
9
4
18
11
7611
1073
2160
151
2
7
5
5142
20
10
8
4928
8917
17594
3893
81
899
5
1
148
303
20350
2
2943
11842
800
793
169
3739
921
109
10642
15667
1843
537
4733
10
184
790
18
474
49
2847
28
8
6728
7189
8
214
1492
75
982
1871
402
592
2274
6
12653
5
7
9167
219
2805
4
4413
10
14
24
568
105
3505
3
80
17
9923
18
54
702
964
6
25
1830
2261
154
13
15
8029
3
1
4528
1165
3
409
1075
1820
58
9050
71
165
3
2089
584
41
85
2025
1
3
2493
2
1489
2204
8
5947
11
1264
2325
1063
66
10
21
36
2368
4
1542
3209
8
1107
18662
130
17337
1
17
125
4
9
63
16496
10
4
1079
18
97
88
95
3299
532
119
20
1059
14
2596
74
1
41
7215
9
1
1383
562
13225
149
26
14770
939
67
583
3
5
3980
67
5
2
563
2
5576
32
3
6331
3156
5638
973
3
3815
287
676
15184
36
31
2868
4
1
9
361
89
2303
4
541
73
2
244
770
157
89
3
22
13772
2959
737
9742
596
4183
261
639
2
1
1
7
31
6
3557
2
176
20
8501
53
133
110
502
2
2132
2
32
81
1744
802
4025
438
12
7796
3
23
11371
390
2630
1
107
5648
1
26
13
730
4
118
55
150
609
2
26
4
368
321
4
373
6
19
3
330
13032
565
1
230
1
263
987
71
16046
267
1125
2
2790
18054
14
6
1
245
1045
12818
4707
172
12173
8
111
6
1363
17
2
4
1
1071
1023
269
72
1275
1
39
4621
2408
4901
18974
15
1891
34
122
25
1635
5892
924
76
76
1271
2
3
6
3121
3915
144
46
3020
1864
28
7
3584
135
6967
10
9
781
77
22
14184
88
1
56
37
31
2
5
4
16285
4983
2
9100
8148
1440
1860
66
7639
60
26
69
6473
7
8315
32
178
16315
3644
3
3677
644
643
9
5711
92
413
45
3
12
12
54
2910
6
721
837
472
5627
96
15
101
3174
11885
42
4
281
2
20200
443
25
7
320
214
2
7
6
860
4
19
13596
1097
12
8
299
638
1
39
5
33
6581
6
1902
4
1187
124
5860
56
966
2
500
21
195
1888
15
692
2568
7486
1209
86
6803
1280
81
4520
27
5
30
8934
266
540
5228
1
240
210
3
13152
159
1
4
11309
1823
2
5
378
678
63
2021
15296
456
733
16710
755
52
86
3
2549
3766
63
4032
1741
3
161
8532
369
31
4
1021
433
4
591
5
14368
2412
268
2
2093
926
83
7
7
10033
11330
560
1
18594
1913
16
3003
42
274
4638
4
61
8407
1
2
11
304
20
46
23
874
698
346
7390
17954
34
376
107
16
68
5
9355
409
876
812
14934
1
7
4300
544
2
31
2
11392
32
16
19327
206
13976
2
