7561
7435
14
17
7
55
28
42
3
9284
21
4
77
1
217
149
2145
1
2
5814
22
5
3
251
4
2768
1503
8
2
9
20812
3
2040
81
251
955
1
11105
7581
9
42
9
20069
219
1252
1513
4
41
2233
1899
14
981
255
13096
1486
7
3507
17368
9186
1
228
8262
13324
2
90
741
59
1
7047
13762
2
1570
6
541
5
237
1
553
161
47
2008
1
91
851
1
1
2
5
2
2
2
175
3
277
50
20
249
2
2
4
16302
32
146
12346
70
1303
3486
5285
2032
46
3339
32
257
34
6
965
310
9615
2211
53
16667
6
1
154
286
5
7288
18
2
4282
1244
118
98
59
1062
2
1637
39
19
3406
8
3041
5689
200
10789
8
1707
16973
31
96
2
297
191
3673
11
5778
652
49
6605
106
6649
1473
59
137
3
2
4195
2
324
5158
9585
101
1
122
2
10
25
46
19
17979
1329
7214
1177
7455
169
112
93
77
898
11283
21534
69
11686
4
1203
1
2940
8
2318
912
21420
340
15071
777
18382
2
25
985
330
3293
98
71
678
4
2
3863
152
2
4
190
2282
200
1271
11
266
7
4507
4
629
464
28
4134
18415
353
1
3792
94
1
18
31
245
571
6643
902
2
120
3
743
5
1432
6
571
3
30
4600
2755
4249
79
91
3
96
8
147
2
3
185
6626
5
902
27
27
16
1347
28
14932
5
343
2
107
2
986
5780
5415
15091
86
2
4261
17
11214
144
20564
170
9437
50
8725
1103
5
3244
3760
5
36
3834
1923
1635
7
36
2678
1545
1519
231
4
466
42
57
7
281
126
772
306
185
1644
1
11129
2223
11
212
624
19
1809
1615
2730
4
4
8
9
1018
14767
1653
242
14482
211
11
7
13
116
775
15
5
26
411
5
608
119
42
465
33
11624
11
2
3444
42
28
4074
1
3
181
1436
96
742
238
884
168
4
585
2035
11990
1908
6
10
2
7
178
331
535
2
6
1
287
21764
269
129
8
1086
808
296
3430
344
1299
135
28
344
75
1327
102
363
15
13897
3
1
26
2523
253
999
2
9235
2
2
340
5829
413
231
244
22
3241
49
29
1
16
11
1257
69
17
14
568
4878
1
13
10046
30
8
162
1
1027
701
3906
3
9036
14316
17330
2135
30
288
18
13061
2978
230
125
1
8
3326
30
3553
16
250
468
17679
9662
814
13
2758
9883
4
45
1482
319
4
582
224
20
4693
774
50
5
6
2
4
89
6
31
1177
6
3
794
51
354
17
1920
4062
842
8157
3
13009
5586
98
1372
1779
2
128
6561
2
2
5
646
133
3
2
344
1600
76
100
24
713
276
9
1181
1
27
12
2
391
58
361
90
17829
520
34
678
2
10
529
6944
1
7488
1457
37
307
12
2390
4998
2151
39
3913
35
188
110
2
2
21
2710
1
6074
1060
1
28
1948
12
10982
1935
1
3
1528
362
5072
4
157
8418
3829
3
2
676
11
564
25
8
8
161
15
1
46
2
2
1657
6398
1
2
1
165
31
979
4
7
6
3103
23
55
8764
1884
3
2
10
10
87
53
1
831
72
6877
4
2
254
110
2249
16830
5301
3668
12
28
491
1371
5547
23
4718
171
716
131
18
6932
349
4521
20941
2214
21
18828
1
461
1556
137
136
1181
5503
12522
7272
302
79
1387
14
283
14
178
773
8
317
13
10581
312
1
10732
99
414
46
93
11389
3
159
3
9
7
1
2
222
11
7044
21
275
21
2
67
7097
1614
82
19953
1595
232
24
2
10751
16381
9688
1302
8
86
6741
318
4056
1
4
29
443
3092
2
12
1038
6
1
98
9
1359
13
44
2060
20
16100
1
164
127
257
271
9
2
10
6
3623
9826
15409
2080
16912
195
75
375
14
5973
5
6
1
1
21
256
20113
6
48
587
35
306
487
3023
7205
406
68
16
181
31
44
1
22
8515
30
18521
1
20015
7405
3762
6883
51
106
1
53
207
7
1021
1
30
13732
8
6
3719
2816
106
2
6435
1165
19
54
6
1345
11511
721
850
879
693
2
217
3065
1541
1505
19
24
12
18011
2489
2107
4
9
10
370
6392
1980
3
74
2066
195
14
89
1
242
11184
372
2
295
4884
9
889
5933
1047
82
441
99
66
131
131
296
10813
140
2
2
363
12006
56
14463
6
28
93
5418
2958
12
1275
4368
323
2
1
136
506
11046
184
562
6978
431
4996
829
24
182
30
11
178
1352
15574
8329
5339
5
3518
924
4
5081
55
412
962
1379
92
891
4
1598
3
14
14
27
14152
35
939
40
11800
20
147
297
1
136
8
2
2
7
3
2
3
8
3348
1834
1650
653
13
13
145
8466
5975
17
19
23
15172
110
9
5076
123
2
2
4
1
2
183
7468
5
697
4517
7
9044
1217
16
1
11
3647
20
4540
34
16
10
4
42
4
4442
31
268
2634
1
44
8053
8595
4
42
4
93
1
1829
6
835
472
87
1646
71
3456
992
1
4214
225
3
278
918
60
36
684
3
704
2
13
314
319
6199
2
8
52
2
360
140
1524
1437
19
59
30
68
3692
2
1138
31
77
46
943
333
1
9084
2
34
5
4666
7642
32
1248
8
1075
47
11
556
81
4
2
19
181
409
3459
637
1915
2
2098
10
19
557
2934
1031
9896
596
25
91
2
104
105
224
11
1364
167
9145
26
15
2413
3234
11
928
2381
2794
3305
1269
21726
9231
239
29
57
4
10548
3
6
5294
81
1394
3
3
9
2
116
1
71
3742
7
7796
170
2
7
75
975
5611
362
8403
130
279
1531
3247
1
1959
13
2540
10
17
3220
4807
17063
116
4468
348
8281
3
62
479
118
74
25
1138
1
1118
69
981
3724
891
1467
92
70
212
8
1
3545
1
2
715
270
3
88
12
1
485
1
111
25
1792
10
4
159
26
1533
20904
9
3515
128
282
1
218
6816
1
6
916
2
3
3
6463
15825
7211
12
48
887
58
88
1356
105
13
8088
49
42
3
2829
8
72
163
299
17742
2
1154
2383
7
2635
2
1217
18861
1
17
2
3
141
3
4588
3
4
137
8
10
7897
4
95
679
1
300
183
6
9
45
2
988
1572
4413
159
379
2757
3
155
657
87
158
331
144
3
240
14643
222
9822
1511
63
5
7971
29
17086
2557
1962
152
5
1299
2
6
3131
48
526
26
1988
2869
114
361
89
2
189
5
709
548
23
11359
7275
141
6
1
10
3
12
11
7
1
145
11080
4775
2
3
5
150
66
575
13078
15051
1
18
1762
2
735
14
965
2412
3
16601
3550
2002
743
6224
56
1353
274
4360
6420
788
16
578
3
1218
1651
2
18562
1
33
27
44
6
3
8
8425
3
4758
12
1928
62
3
3
1610
110
7110
6602
839
2
576
135
461
456
1530
16593
20
390
1638
8
18
294
57
639
2
28
546
20
2
1104
5036
34
4276
936
11
6
30
6296
29
2
11
20
45
616
3039
137
3
237
5
2
4289
209
1680
11219
5344
25
323
13
19
11
6679
5
6608
15
72
593
325
17844
26
2503
3025
563
8
339
21
12
8
4
43
12
33
16
4
36
185
7855
51
3
452
71
98
21506
469
13996
1
3915
936
13744
42
3
3
12097
230
1596
12242
164
5556
1
17
5
71
710
503
2
10
19412
1590
29
38
58
3
682
12
38
6951
109
275
10
78
28
66
4
439
308
3
1380
532
25
16425
4
26
7
31
145
986
269
908
6
9700
5
10
13
56
9048
10
95
13
11144
2
809
559
5
3591
10
30
228
12161
842
7
4611
96
449
597
34
111
15280
10
3
10354
101
2573
352
768
2438
20
3697
109
2374
75
86
61
202
245
1519
69
4
1727
11536
3930
259
144
25
55
5
23
27
9
20
1
152
2457
12718
18
3
6
2
379
38
472
22
2
65
8
407
144
41
3
16287
547
19
8160
176
655
255
126
4509
1913
21755
12
3
196
9276
227
1
2
1807
1
23
18
3
5
2
177
15
6
854
13580
8830
2
1
555
155
463
3732
11
14579
9
348
5
150
6058
40
304
543
75
700
2599
964
3
8
529
1458
3
2633
116
1
2
7996
34
14
1716
4582
1508
3
324
8925
68
13
2
1
69
40
636
5
9
4
3599
14392
3
54
134
28
172
33
937
142
8
91
295
12
6
5505
77
4432
27
980
1
20
2
18595
2
110
20419
1709
183
49
41
4773
8
4
580
89
9
937
103
24
5316
4
17492
11
102
519
3
2659
156
305
7
32
1856
4708
303
39
6191
198
73
18
1463
32
9905
988
4572
1
75
402
108
25
2010
202
37
15734
398
70
140
954
1396
1657
2
108
57
128
3745
366
15
9
129
7820
3
19786
326
10
704
3
182
65
18928
276
3
52
267
440
234
7
1
3712
1
5
12
1472
6834
523
2
5299
2
7
2922
8
3
201
711
2
19
42
12506
41
196
8874
9
3
282
150
179
633
20
5
2902
96
41
511
11066
4448
18538
2
36
37
299
1
104
4011
279
1415
18
22
15192
2299
161
4643
180
85
2511
2
444
4482
2
3221
27
744
294
81
2
13472
5
72
9
16215
369
197
365
5105
7
9
222
16
10
18309
268
24
1
10
227
63
4
4216
231
11
11
14
9
7789
6498
987
6
4
2
379
4
58
9
1350
16454
7960
23
2252
15125
10652
13665
7866
2
51
7452
109
5681
7
5
2
30
9
1476
9628
3257
371
66
10
7314
4
108
1
12215
8
7
255
179
15650
2
29
60
1310
1
112
7
8
310
17445
1
7
11706
2
84
1073
2
13
4029
2
643
2
6
5
1
1
12
187
25
16294
151
4
5564
308
31
1334
4
2
11298
5
903
16578
105
51
80
386
2
862
7666
3
157
7
236
6
63
236
500
324
78
1
90
1513
100
14027
1
36
940
1307
497
3
400
45
2630
6
1755
976
2
48
4
54
13879
43
5
3169
253
1183
3
14546
1802
506
207
956
2886
3125
150
5744
48
62
1465
4
428
8
14418
252
2113
6611
73
14
4
8186
72
75
3
177
2
7
408
2686
2510
60
140
7147
135
1283
2308
194
2112
16
92
1677
2236
87
481
169
7999
20
6991
13
275
294
6573
2
472
4466
30
37
63
61
38
15
1188
3725
48
4322
24
1
305
4
19856
7
222
145
1
3
2
1
4828
2429
263
4218
1
7125
591
5507
463
5
327
105
9726
3
1638
4
459
646
11
2
1213
3831
75
5
19585
2
4233
1828
244
2993
1862
11588
3
8826
37
25
1
9640
10
219
3722
3
19629
17
123
1214
1
19847
8
2924
11811
50
3260
2823
21
166
2885
16
1
2246
8
3880
7445
17
334
781
5684
47
9
15382
2242
3
1345
11
3
1815
6131
2
1
2587
8168
79
13
10
1
19603
115
2
3
3
561
261
7915
14
2
6
9
26
510
2
24
7
1607
13
39
49
1
19
6
391
264
185
11
1480
12729
7
3
11
6
5
124
2
15519
2395
28
13
46
19395
41
3
75
11732
23
19088
516
1731
7
12357
10
7
59
453
9
1439
5
1588
40
4458
81
1753
665
4470
148
9861
56
36
123
1168
1
39
19742
32
47
4103
1051
9
16674
7571
2
4
1748
1
17361
454
7
283
7
122
1302
74
1
3
293
390
14246
12
105
12911
477
38
4754
2
14
1107
970
266
470
16
14839
12
168
92
670
36
16
115
5737
2466
7
2
1688
1615
5
40
4
16
2434
3616
54
55
1024
1
6774
807
9
4
3
165
2
1182
3
33
264
826
21
3487
2848
2
697
35
7
210
1445
3
5
23
2172
10395
44
19
31
2977
20988
13854
5941
2
6118
61
2763
7425
2
2435
4854
3
8056
282
3752
1337
21193
41
1507
9
672
30
342
14083
7
547
52
120
2496
31
67
1684
1
179
186
1
3351
30
14
714
3090
29
70
483
81
4
8251
46
4
8
4
1
11
1809
1
7
1136
4
4914
18269
9342
75
8702
1
38
8366
39
3
10958
636
498
14945
1229
1831
1
1414
408
84
4
28
67
711
371
1
4613
2
4
2
46
8
3
12
64
14754
4662
14437
3336
219
60
4
1718
14
130
17
11
2
207
171
63
1330
3997
87
2695
19
550
649
2605
184
3
1247
3
27
3777
178
389
968
1
29
1
2
16875
5040
46
43
3
44
25
951
45
12
4304
7
29
1
6
293
1786
4387
980
10
47
22
88
3
1133
14002
36
4664
117
40
239
2051
1
438
1645
27
5544
2
382
1
21401
226
1459
93
1
18853
36
3
119
39
3224
20619
509
6
3435
48
14108
20830
4
754
3509
1710
169
709
1
15741
725
25
26
10478
6
254
1
217
6
184
27
57
6
10136
875
1520
247
556
1
32
1671
1
1235
3429
5461
2647
23
1
4676
113
490
10
85
2319
131
8325
623
828
3826
2
295
4888
15923
6
88
12639
1930
24
1588
52
36
317
23
445
1497
4726
1534
48
15
7
40
1231
105
2
24
19568
624
1
108
4
308
52
767
5135
2174
1
1
1589
15471
2
2
4
56
11790
729
330
173
7116
21
17
76
4
362
5
3455
3200
80
1518
6
10623
5
3
2
5691
57
16711
58
28
190
2
2
3624
16
18342
9
3
2
18
59
1013
142
229
275
19812
651
1364
163
3
354
10544
674
2
9484
2
2
15
9076
18472
1131
4
446
3
107
80
1273
2
37
7
41
431
2
830
3839
7
136
589
835
25
4
208
6302
3163
993
2101
7
7
20765
11455
663
79
80
1540
10671
2
1100
31
1
7461
232
70
8652
7
14114
13629
5466
1
60
256
17
39
4223
17154
1689
1785
565
402
4
1
670
7813
13805
2
244
673
22
7511
8
153
1
15098
535
15895
1404
25
409
2941
4
405
19
12199
3
286
957
907
2136
70
13
490
83
34
2
3266
22
15
2
200
1840
10992
730
58
12814
433
1495
11557
8410
6
71
40
165
6
170
16273
408
5641
41
2619
4978
1059
5
1338
7448
718
2441
4813
4182
6518
16682
3138
29
3403
315
187
3
14
3
3
163
13635
73
4204
4633
32
13348
1
13
1220
29
1233
11779
6053
579
2700
88
215
4
256
474
8
7
1148
9577
1090
20
267
6889
643
800
16
1
19672
1855
3
280
10377
301
121
969
22
1352
302
1
6128
38
34
1654
301
129
21572
18
3802
224
5444
6
1232
306
14
325
16
1210
3128
1
20997
3
6886
280
338
353
4
6632
18
5
8493
7113
9068
22
1639
219
38
318
2
56
3473
4893
107
1326
2115
2522
3
4
770
5
26
140
4401
63
2
604
5554
418
385
11110
7
9121
4530
18301
137
135
11399
14
5
154
30
52
11
206
1295
3
5910
4
1397
9560
26
37
201
261
1746
2
42
220
9887
13
70
160
17
29
4534
1125
1
107
36
2662
47
2625
178
187
5
47
284
8
573
1
50
820
55
17836
8067
181
1111
87
3908
1942
1147
219
24
2405
249
8
16403
671
8
5
889
1483
143
1254
15416
179
439
7
156
1757
698
6324
17269
20167
76
156
11159
6
2255
124
9
8
79
10
378
26
5
14039
12324
412
3
2347
6
3
811
376
1593
106
16
2
2288
2200
31
8244
114
55
947
13
2123
6
1965
10
35
1346
866
3787
115
16845
1130
14077
414
2888
136
153
28
15314
13265
539
5832
5323
783
57
13
120
5
1
10
6
12
104
23
293
38
10230
3113
52
2096
15132
2680
596
270
59
29
60
77
14
27
333
380
143
3
17515
3
417
12027
10
1482
35
3382
6
1429
3
2077
27
23
2
11
2
11134
21439
11748
19215
1239
127
14
1283
4956
15
4733
2643
3636
45
15
1
1
38
2
10441
4
33
5074
79
265
47
31
8299
1
1230
2
6
10619
1
4697
142
1
3461
6064
7308
17116
33
6
13641
791
4
35
56
2919
699
4
31
2653
1501
10258
2953
12651
2050
90
297
7262
10
6269
205
280
5309
7
19
8470
2
7
2
7
1
3357
3
2648
20473
476
10
373
11
6
18
3
14
30
2
1
62
92
43
890
7772
16
426
442
3785
2130
20960
2
9412
426
11
821
344
287
6771
1
6
181
6288
3
3
2
190
30
8
3158
18123
2
19
24
4
67
365
6
42
103
1414
1
2
4
19404
89
62
17
5224
2
17
345
10
25
480
3
816
282
51
14
5
2
2486
10
2
2
21391
6623
290
4
6
14
11
778
394
127
5
6047
24
30
226
1560
6
7016
11
108
353
1144
21910
37
454
2
491
7
285
11
1
56
66
129
3
4
9080
54
22
5
437
2281
1
319
248
1118
66
115
3181
84
2867
6150
5
1565
2893
4
374
75
687
85
4219
1257
124
8
773
14
33
2
10
3578
5320
40
217
10
29
101
307
3665
120
727
8
1
5663
129
18196
4
15909
2
238
5425
14
593
101
42
14514
14
597
905
227
339
68
13502
6375
5
380
1
1693
4278
2243
9178
13
122
1134
2
517
486
20033
11051
247
27
2778
5724
1085
1443
4
32
62
10
1
10656
6
334
2
85
6
64
4
1
438
49
211
58
4794
7
18
4
107
5368
1
765
2
5
413
3405
519
19
16542
465
48
65
13336
9
14
5
1192
53
8332
14297
8429
15219
59
435
1184
71
2
1250
9
4991
16
7
46
15
691
46
2024
11926
1
149
60
2
9296
4
20
7508
44
2311
20
80
134
6
352
14
303
19
13
6
469
1170
369
2614
1865
9
5181
13592
6180
2283
2
2890
1729
613
336
11
7084
4
326
34
22
2
141
8
854
41
4221
11125
19637
3
295
15526
2729
62
34
87
35
1
86
26
18464
3807
10100
6230
2
23
708
3814
471
5197
22
1979
1952
3105
85
64
44
31
2448
1
2
14335
12
211
8
27
1297
888
2
2
291
9
723
6010
2
9227
3
2
220
17
6194
309
13872
289
423
1427
5
609
1292
6
541
135
14892
1712
186
31
2
3815
19980
12145
1448
371
1780
1
52
57
4845
444
155
37
14
10
31
10
1
48
6460
2
16
18
3493
6
3
9
18
931
3
117
27
1
14748
17
70
941
19
11308
45
195
21382
5960
66
2183
2
3
3088
42
10299
50
2492
15
36
612
19
20600
20229
201
4094
638
1
348
1869
8706
32
17
2666
24
6208
5
2957
1526
1
4949
2699
84
168
17
863
2
455
1
2
4650
4343
5290
78
1
186
3
5816
7
13431
69
6
167
914
5
12900
696
564
4033
412
1708
21611
301
1
449
12826
10
4895
4
550
8240
311
25
10
2447
2
3469
1041
80
2526
8780
17924
317
14
255
10727
8
43
369
64
14
20437
13
63
13568
16476
8
12837
81
410
3
76
14853
147
778
5292
3557
32
481
2
922
7356
488
2
260
8745
624
482
63
46
43
1955
7
177
2
117
5096
298
5
112
1
315
866
7350
71
2095
1
18661
4747
11450
5
283
16165
20
6308
121
6
51
625
1
48
13084
19909
8
3235
4
1
4
72
1
471
160
176
10666
7347
823
2
59
3349
11
2
27
1723
36
1
30
2
7918
4
823
4
4586
5
15881
3440
1359
1
27
45
2357
3
2
2185
2
105
78
392
2
16
6
7
12445
507
73
13090
12
1409
24
84
8523
12
3
145
7056
82
2335
5188
6455
377
5
7141
10553
629
753
11
230
484
538
255
34
658
35
1843
40
234
434
3
4160
2187
15045
782
1686
166
13371
47
2
3417
817
3106
190
963
9
7
10944
174
4142
84
2725
143
79
51
1918
1
1102
4
1222
2382
3775
5452
82
6021
10
331
6409
1082
11
39
13
284
1003
3
55
49
188
6
1
5
4399
38
10
2142
3203
339
1
9
19
1
1
19
14559
9
5126
23
16689
2
65
212
122
150
1
234
13107
1
477
68
2488
2
2
62
11
380
4921
248
64
21
665
104
89
4069
913
34
1048
8710
30
338
3
14
45
5
5241
1155
426
27
184
3
5
4
1238
146
2
628
4
8893
12809
1
1220
3
15930
561
397
1973
21467
15609
3476
116
1677
12
1837
9
22027
10
4792
7
39
3
4858
1
24
174
78
1876
11
23
6
2
57
8
1314
11
10390
502
101
8
17
6
2962
24
9
740
5
70
40
5
4871
1
18252
24
20051
13829
1
11
5
108
1553
1086
16
7
26
1820
17
594
154
208
502
3730
3843
7
2316
721
13916
7389
3
58
1525
1830
5
12406
949
843
42
108
2
215
3
86
3475
14
35
85
8218
7186
10
3
38
1
4
3
1036
4958
73
4503
690
206
89
16
461
5
15
720
5699
2
130
31
4045
978
4
3
237
5
54
2
5
1476
314
640
1077
11194
2
3153
15498
110
11774
14
246
1383
1602
2507
21678
4554
401
9263
362
12
1284
12
5
18
10158
3
646
13
19
2909
813
2544
9
90
348
130
565
69
2
54
212
34
2229
5372
785
37
540
1105
19173
103
3
568
466
122
166
18
124
2
22017
20
3
7
47
15233
300
327
3
22
14
497
10340
11
198
5
24
10
7
20265
6
17
61
5
394
999
2017
22
11329
16158
1
1
7
1
108
15678
9
1395
288
13
2
12194
1033
14508
1
12
8
5532
29
6
10
123
13
12792
966
85
3
547
1
71
17900
1185
127
3
10154
633
5747
9
169
18
248
106
65
203
2114
6
6524
4366
7
2
945
1152
3
19891
18399
631
6
21372
3
620
723
180
526
3
757
47
20140
3
3
47
38
81
4
17384
2
238
71
264
1
35
6489
1717
2
685
8
78
162
30
2660
2
10
4994
8
2
49
12
594
173
22
20
46
7
18
257
4752
1
6
8099
8787
12917
704
4193
87
6
1
3446
115
2
6
25
12
145
23
6072
767
15
4645
19698
5058
1162
90
86
470
46
29
4331
6327
7745
16
1125
17
1015
17932
106
4
2323
6756
3
1826
3144
17
56
72
7
3218
1
1
1
6634
117
1
1391
6783
515
1
530
1594
20546
2
74
3936
209
3
1291
9
4515
126
1460
3892
1223
1945
495
3
7
2
1564
1
17
8
792
2173
3
16
231
1106
93
10262
15
42
5623
180
12
7
23
155
97
134
2549
1
20428
186
311
91
16
239
4158
348
14
42
13
49
6
153
3
9611
5363
17789
55
66
540
119
2
27
213
21
23
3
18
10
104
9093
2
86
3489
3269
172
3007
3
38
2
20319
2
4
673
17
4
1136
57
7170
130
3
3342
85
1630
236
48
5
518
218
453
841
14
8
6066
5283
817
20
2838
323
22
128
2
2482
81
9300
7
86
1
46
21250
25
5
137
2882
42
88
103
13125
218
1563
276
1992
100
18431
4
147
61
45
8
2
427
24
81
2872
24
271
37
9
7327
10
299
5
19447
144
28
273
826
12
11696
924
20555
7144
31
634
14
1076
7
81
259
11
119
2
14
2944
42
13823
452
310
96
94
28
626
105
13154
5569
9367
128
18
10895
18
13478
4378
4297
133
15
612
55
2745
10
2
128
27
8
52
542
111
5891
83
2
29
4
96
5437
16615
176
74
1
49
17
3
1268
130
8
56
16150
11
5760
7908
17562
2742
1206
429
7173
3433
2
9
1127
793
56
7028
2068
946
524
6579
11
15
391
45
3
45
2170
5
3
9255
50
1439
346
7925
1
298
370
118
1
2109
145
479
3
10823
7
1324
2
1864
3
14
4790
4
259
15588
2074
2764
124
2030
5
58
5860
20131
21
1
7412
37
44
6
921
28
125
2
6929
62
10
6676
4151
1620
2
42
9
3702
5464
7227
417
3289
179
48
13
2436
2
135
1392
1794
2
1049
2
5923
141
115
396
250
7233
11
39
5009
45
19
134
2415
31
6
36
3
1804
6
76
768
1
27
1
345
4
5
14354
24
13
80
6
175
5236
11
2
6
384
170
287
2261
56
5668
4143
11
346
2201
31
5857
12561
520
3
752
5
100
2
30
24
44
1232
1675
12
71
4
476
77
29
3962
1
20591
752
14284
15300
647
10
915
34
21861
2
2
5192
4
31
5881
6
2
155
3018
490
2975
3
960
979
3
3
13
5931
1
92
259
23
11526
62
51
2
1331
4
10
1417
233
12848
20775
13461
67
93
1982
1498
2687
12
1567
1210
1801
182
1
2799
954
20683
849
75
2
12
43
3
621
3627
1632
958
3666
1
1
13
3
60
11
6682
18
5199
4203
12511
120
1
2397
1421
5837
1496
196
9
463
61
11
31
1
3
386
303
3967
5
5
3
2
15775
109
76
151
1786
13119
2
4
14196
35
5034
3084
7034
3543
10
151
3
13131
5495
373
53
2
146
4067
15
14278
24
5824
1337
2157
2029
219
12
3687
20
5561
169
501
4231
38
3637
1523
182
29
10861
4
270
4085
11547
5
3
1230
4452
3318
3
2821
5783
11475
37
11
124
4293
860
192
16
83
113
156
2
1
59
5788
2532
9
6088
147
3094
771
2
3
7
229
776
7
100
3642
513
9
52
21601
821
2
420
3917
220
41
6997
14872
5537
9362
9
1
6
43
21716
2826
3
93
37
694
12
2
510
9
3148
145
8
2
7072
42
10145
9
8
5
90
214
544
2
13
21
4
177
3709
5939
61
2470
13
116
2
62
364
19716
4511
9
763
23
1623
1194
78
5488
59
13
10
10761
4
122
4
1295
33
5144
6271
17276
1516
475
620
15
54
2
9783
34
7201
4
2
32
766
2616
4
18895
1
7343
2
462
3
8984
114
1
11670
2
16
19
4
162
3884
22
2782
3
16838
9918
144
1722
12583
2013
42
912
7363
1713
25
158
3790
206
609
2
5222
3
2
332
927
480
4
42
4
2
18920
2
22
4426
4006
93
15
16
7
4280
2
1649
423
7
10968
30
3
1569
2
96
7295
2855
5167
57
4
6
525
9
3
18
372
20710
63
20932
7
19
11
28
2
21146
6
6
2
2251
2133
5194
1029
3
7
1575
30
3364
25
395
3
9
48
2
2865
124
2591
9
46
381
25
90
34
382
17322
96
18844
6735
2
63
19
1362
7
1
9761
3213
292
45
1368
15058
1333
21813
60
14
3013
930
3
14071
581
781
10
632
625
12
1
9
1652
165
6
4
294
131
3355
1084
3
17
34
4882
12
5
5112
490
67
3071
1
44
3436
8399
215
2
256
11354
5
73
24
4038
7848
320
272
25
15
3
1
6865
13
22
53
82
156
956
760
5679
859
1
895
1235
555
1
21
264
10073
18
203
343
12634
151
1938
2905
42
11
2839
96
288
12
1434
5
13
1
159
5
2
1509
3
2
1
900
8972
88
7
5160
865
45
44
4065
3
1
3
376
8
2
3794
1710
1
526
18953
10
7
147
25
7
3
6
3
113
87
46
14
1
10
63
204
2
2
32
19
17640
3
15
15958
10586
8564
2
48
6
15
2
4
8
2
17003
66
2346
28
11
6
352
339
1216
5571
5
2878
193
11
3
7
3
37
399
14
6061
938
71
7838
3504
1240
296
73
10718
7639
24
8031
779
482
4229
1
702
45
2245
516
13
580
4
280
3
32
2
2
8124
15
4867
575
11
73
16
16108
1593
789
1
2895
52
7
32
461
3409
10
16
63
4
10
6333
4
173
20247
15478
2
10
2
1
34
3
92
14450
68
6
3
8929
268
861
14
1
1852
10680
1454
276
18027
1857
46
7686
6
660
2389
15
104
12269
235
742
2772
9169
5
2325
390
142
7
2945
3
4
2062
345
2
5
8049
4060
352
523
816
44
35
2
2685
7659
14253
1093
579
4
30
6
1
751
4042
9
105
6
7946
402
255
2
157
48
7
14
7
316
349
2
1
656
264
104
5
61
236
16868
10
5185
1
18
1702
38
664
8
5
7714
9670
88
2
3611
3443
5
15
5742
11
4395
5686
4
88
283
351
19292
5
456
782
8691
2190
1940
15
6077
2
106
854
3320
344
1636
140
2
336
132
443
32
1
10
3
1298
95
101
313
162
2
140
375
5658
42
249
189
6570
50
2202
3490
104
8671
1174
12
1749
1754
25
8314
74
4729
406
1805
1
7
74
5
17
337
31
6
877
5396
307
2320
21939
3925
27
9
28
6506
190
4982
240
334
5
329
13
71
941
303
1316
13
6205
44
2756
22
12
7053
870
7
52
9
11061
4
1223
18
1949
2
4320
6
585
17
37
3
228
60
3920
293
869
18
528
101
5146
3
18285
316
689
2567
1016
313
168
7100
7
19464
1
806
16905
49
5711
7731
3
10
125
81
315
14501
13
53
18059
1
250
1092
868
8
12
188
286
232
55
29
4
3027
12550
80
518
143
32
5
4335
11248
1
1
44
13885
1
22
492
168
14
37
209
1
910
1045
180
804
16179
3
21306
36
1
1250
3
1793
897
10
3748
3
12611
9632
8
15
10
732
3237
2167
645
20024
4
9848
15629
2808
73
4
388
118
15671
5
26
85
1725
7
2607
225
5826
4
5671
21203
2445
186
6294
338
2779
5549
176
9243
29
67
364
12248
13
10208
12
9
1
4
847
70
5
100
1778
96
1547
27
7748
8648
547
671
8197
2
4
720
263
403
11655
167
8179
1
6249
3345
3694
4783
5
17570
3
9
3799
209
1660
688
20
41
56
2
18
125
297
694
424
52
2
13136
199
9375
29
1
127
73
321
3449
27
80
18
5
3
3458
10794
10244
1122
367
20
108
115
1
5121
253
514
1286
2
3034
7676
110
13544
213
319
4912
1603
675
2059
2989
194
367
2
1
314
1259
753
1
2
10
31
3037
1116
6
5
1
5
13484
6661
606
10
1
104
25
594
2232
411
4
3564
17010
237
444
7138
12
3655
1
6
356
27
10
1146
2
6759
2049
20858
76
319
340
12
3
13
47
2268
29
548
7521
18
95
126
505
109
4383
2208
26
252
347
4058
254
871
7
15443
3452
9658
170
1276
226
155
213
1504
7059
320
3663
8698
33
50
3302
144
2194
6466
15755
50
4329
87
187
5
52
16
13671
6702
19029
19
2
1474
3
1378
3327
5
6235
24
2
5
2191
3
86
24
35
6640
8945
1055
249
209
285
1426
66
6825
123
317
10
66
4731
11932
7531
346
39
4
2
913
7373
13
666
187
27
18962
2
3149
6291
22
7
4
3048
40
7
28
107
160
8
76
3121
33
3
3
1
10271
7
20
14
40
32
41
2
29
46
4594
1450
2
90
69
759
7
1
2326
3
4
588
3939
4
681
8
14
529
94
3
11
2
11445
86
56
13330
71
128
2
594
1
9
2
167
26
944
15
527
12617
103
2
109
2759
24
44
128
786
177
1277
3714
2
2408
10939
554
16
385
7353
536
592
2
4
1398
44
14386
15
380
218
159
99
30
3130
1072
791
21496
253
59
131
21
933
1600
680
28
227
61
737
2
15
4
89
14
5
55
4114
1
1
1686
13
92
5215
626
7
1324
17656
692
995
12
27
1733
12
7
6994
43
83
6810
4
16
17
2118
14
1700
1365
421
2
47
5176
16
50
3
2
26
1129
1901
2918
3
11947
2
1115
235
13
370
11460
8266
12
2298
8
330
5811
3
14682
2119
825
4268
1187
43
4570
4
14380
7
3733
4809
376
18
195
5
25
1
35
153
3855
769
3
1278
1
5651
100
16
13
5
4492
518
12
246
462
40
16
415
64
253
14177
1
2
122
14
4341
691
1633
2563
1137
1567
3
5
176
2430
13556
2
182
299
26
17
1493
829
2
1309
1663
712
3274
13183
1
5273
5739
3717
13
4544
19
25
5729
12528
455
2
40
3
27
2028
211
3592
1
5
6
4691
426
145
293
4
3
59
2650
3
5432
5
15389
47
2197
4026
4
18811
1
12
106
1063
217
4
9765
51
12500
24
2
2078
7041
2752
2006
2349
64
17
30
9024
13242
123
19
1
2
2
1
1
15450
14669
28
277
716
19
995
10
2546
2796
36
45
1096
626
2144
10
15334
44
1035
5989
4668
18
70
4488
2
30
3
1
4930
79
151
2
233
18
24
4049
12
633
40
13189
17
3
28
2717
61
13520
15
26
51
1428
114
75
1936
6
1784
9
21
21
1493
549
146
137
16
16564
3
12
2
2023
572
25
2
2312
14
5
219
1
5952
441
44
33
27
11974
1613
114
6013
15
118
28
76
19361
3780
5646
7428
14469
658
15005
1026
23
570
11
5
571
3
262
15
15994
2111
7967
151
3
4
27
121
7208
3
6
12
19542
113
108
4532
7
2
18
14866
2433
5
15
6
28
2883
9839
104
26
3758
297
1191
55
4
3701
4
172
20337
152
864
2086
12
3
1
256
5178
3
525
5
1689
3
39
106
34
173
11204
2321
464
745
3
2370
196
245
3256
10
153
1
940
6336
7
1014
3
113
13526
148
15
3110
3
329
1180
4
62
11
13
216
667
14998
617
336
216
5626
15713
49
207
12
240
1195
11521
4683
598
9874
4
51
186
737
700
1
171
1998
30
195
7031
82
3973
182
4129
186
2018
27
14820
25
749
5169
1114
261
3
2
61
539
15
2688
130
5
216
95
14
2564
157
246
51
8846
2
790
2
23
2
225
2
5384
1457
2
1052
71
91
651
33
1241
64
354
12854
42
5
7649
2761
71
2
342
1
13
3797
2192
94
7
7003
3535
14
13799
217
1266
963
677
38
609
24
31
1
58
20
69
460
6
4811
5243
17
1897
5
105
5
2
6
260
758
6547
56
549
3290
13003
1287
390
9149
11
9458
11995
4548
191
315
26
6
1385
236
3901
132
1765
20
43
238
6503
91
539
3
35
1400
3
2
35
1
5863
10
557
681
1568
4735
3
17376
133
23
5206
610
22
5
306
224
22
5
1143
1
5
6871
3
1982
110
10221
3
6227
20
77
1246
3576
1255
496
8968
234
24
137
379
3
6347
32
16623
112
5
2093
2851
18
20
25
3
33
654
3565
455
11874
2353
811
789
169
796
13
72
5133
11
4265
805
615
6126
3
9
1240
49
1903
13195
822
3
18
78
2
5155
2
1941
30
63
8
3
3
5162
1726
3
21
2401
3898
4
1254
430
10331
60
84
5
16950
8
167
1685
436
14
31
29
301
11293
38
16927
593
69
31
14846
1822
2369
8
1734
17
241
3
15206
2
9371
74
497
3
2
12589
14
42
1565
6862
23
35
14656
7386
4
3312
1282
627
3238
127
9
1868
69
2366
10409
3747
311
1
18
23
171
10
341
223
125
22
193
84
14663
1155
275
11234
7256
231
2
318
1383
4
532
16980
15423
24
15
923
1
2
54
4310
636
17
10910
240
21
214
11
6216
2
2055
17
50
158
14021
819
50
1
2084
1
736
4
17
13959
1209
353
1
306
7250
7680
12
41
590
10051
11
8295
1291
20
22
19
3412
16352
3
24
16
400
256
15
1
213
298
1981
1
957
60
2
283
17
2
4253
2204
9835
107
4598
57
2
25
171
10713
4714
40
62
2
946
167
1440
8
49
15
49
597
466
10303
764
13
13
15402
412
849
2333
43
9
1
15860
1
36
4
11727
2
660
7
8
935
72
46
10437
336
56
27
24
12434
400
2
7
4
422
5
16
3
622
20
5870
5
1574
14521
3
9
110
18686
6957
1
13720
1255
24
46
792
5065
1261
4076
588
7
2862
29
48
35
4722
20
3
131
26
83
5
28
70
3
1183
747
23
141
6260
4
34
32
19
2789
146
2
17345
3
260
563
7
5808
5
75
3
36
32
3778
10
1033
1
145
1
49
11465
10015
539
8114
67
14303
18212
9
5793
4242
1953
570
6
605
396
583
1
11
130
899
4118
735
73
51
4
132
40
3738
10024
2
2052
962
8602
3
24
49
4796
493
14833
2
3
502
7632
4
14807
1701
2646
37
28
2
5
11017
16
91
16
58
201
603
31
3
13946
92
12033
16237
476
676
30
2
3
15491
1
3
2
312
58
40
377
6
11
32
1007
197
1
509
4417
544
16
152
1
9292
16
1
1
625
3354
6369
7
5986
126
20
16
8336
116
1824
14
123
123
3
174
529
2
9
2711
34
120
602
292
200
5
2226
23
9602
19577
77
1
15165
4
2960
542
67
243
189
19
2582
2176
2
6685
523
517
36
150
17
1
55
6112
83
14
6
2
117
2
8
12645
123
2
149
8
499
2
230
71
12786
331
356
2
11
714
5020
41
157
5330
6319
1238
154
2360
1113
18
661
2
2
6274
2371
6
6694
119
6
69
15533
1643
9052
22
76
86
9268
80
6
3
129
23
1401
1625
6
618
5899
551
98
2
10386
35
505
18
6
1
3264
4131
7
1030
21043
116
752
1319
9927
2595
59
1
407
13413
2007
169
61
1004
16338
108
12
628
715
97
2
418
1
34
241
2
28
9709
12746
368
1845
52
5912
20
2280
10249
13
1
52
5
304
784
2003
863
105
1412
2
74
1924
13
246
9551
98
7635
1
14
1
5834
622
10
8
14488
48
264
11
2
2
9
4
9129
6
9606
280
139
4
7
3
545
274
285
183
3
170
68
12428
5673
1558
840
33
204
2574
25
224
6
8
6981
99
20
5
8
11
5
133
5
21
4
6355
1031
1843
424
26
6
71
2
2
7
2
1771
17399
32
44
813
9
95
2239
6920
1574
2152
868
22
60
5500
1830
1
452
12384
12
4
20
805
115
14008
34
13020
17
2777
20582
3
12
10
1
12
6
1910
584
491
9
2
43
15
279
5
255
642
88
5311
102
229
2746
1714
1
4
31
64
75
89
5
26
2090
175
75
13
2
1272
5413
29
35
3450
17
119
1
811
745
253
325
4
144
3447
8248
4954
3
1190
137
139
37
193
9
153
8
8310
1918
615
21
1084
1336
1034
2187
770
9534
2571
54
19874
1035
1
31
762
1
12373
309
3
135
1
24
37
124
511
1
119
3607
5
2913
29
7166
10181
3
2216
2
9
21997
5
13
5
4234
2
4574
170
1
8
4
1
9739
543
3
2
1342
997
5377
14965
80
7887
17109
3
3810
407
12011
1180
13
59
16345
2524
7
2
36
105
23
792
26
1621
46
8
241
3207
104
222
2
5248
12865
53
166
1538
3
8
11701
2290
1399
50
28
1
698
11
5
2
7
1129
290
846
485
5
20628
66
20355
394
4054
25
6
4
28
1480
511
4
7
309
1270
28
9
2533
249
2
3
180
25
2
2
39
77
2295
19318
8
94
1198
1
77
6
3589
9137
61
3891
63
40
15846
7721
15112
1221
2
3539
2
9666
9
4
1468
22
48
1222
728
1
18374
5
1
9
2
203
5
4089
834
2629
13
17215
643
3696
545
59
207
9
6
813
280
93
317
733
12319
3
15706
17430
870
3
3217
18423
8568
7419
448
27
8
4
3879
784
49
1806
697
2559
3605
54
812
2675
18
177
6538
3
4963
18139
3
36
1
64
4022
93
3809
89
9683
73
384
67
7
18736
202
25
1958
847
11
11
198
21
4092
6
463
340
9
19156
7
197
15
114
7
19525
103
8078
16208
11
95
15
6
787
53
2160
4462
445
37
221
7
313
2
31
4568
2
12758
2478
6
1004
5594
107
44
32
112
8
1303
581
456
1236
1681
13683
12
4274
215
676
169
230
168
30
4
4
4248
21034
332
213
1720
17531
2138
28
32
43
21410
2785
6
1267
121
284
2501
18695
7
13
13695
441
1
6
6
695
356
1537
1972
3
9
11
10185
4424
4
17315
1131
8259
12623
18
183
935
12
457
187
18728
7
35
118
7291
1
3190
2
2
8
139
80
11963
137
24
5
818
16359
1900
5
6338
22
8
5
8629
1
1927
13
6620
669
7612
179
5124
7
56
10
8
19
5063
1566
11
6911
18
3276
2
487
2
3
2618
397
37
5
4464
3
3
189
5716
17577
2
44
33
659
11717
57
664
16719
405
1
2833
57
5
21
9400
4246
143
4985
1173
206
14
14
621
545
10572
609
8395
16
6
26
3540
50
4476
8
178
1
27
10
336
290
2087
5936
1813
14
1
2
9
23
4
53
200
32
16
14695
16447
10335
14165
16
16
7
4546
5231
3
465
5
2950
114
7217
556
76
521
4314
44
244
1
103
36
78
5997
141
19
11958
261
596
22
206
5
1450
82
8
7
1
82
27
417
4
12
4440
33
21
3
4
456
424
1124
1178
30
25
332
3208
40
245
11821
1376
765
1381
6
7
2
16
11953
590
3
47
160
578
20
432
2361
2
2
72
1
12940
10
44
1641
1
19344
4
763
11
204
1233
39
12656
3464
54
8
60
64
1991
99
2
23
1215
16
25
343
3495
48
8881
21707
2386
2
30
17
1665
85
63
7
6637
553
1
18
16
262
20839
1376
14058
29
4
14
3
94
12707
5981
2
3827
14171
2431
1041
3
4
17908
78
2
203
18083
2
988
14566
864
876
195
1
32
1
9
6
5
40
2983
18970
112
758
127
574
494
5493
18978
295
51
15
98
6050
15
2830
15916
2
16
62
5
8
14650
244
4843
17781
84
2089
7132
8
204
985
11884
45
2
996
9568
2
81
722
2
51
1101
14146
3990
18
325
11
18
48
39
3870
1
949
86
11470
2931
519
2
1
6483
7
226
61
2
1081
9133
486
1
815
56
67
13395
6134
6521
194
6
2
1788
7622
5918
2840
90
1617
11
3
5
2
4123
266
1
179
627
49
15226
889
688
6
5775
2
161
6
1
34
3800
169
2664
1
13842
33
690
12
2
148
1
151
8
3
4841
11189
6
156
2064
145
69
434
2088
205
6145
5
310
3964
8436
11847
12
11288
3279
1
1
18
453
39
124
4496
1750
12
15
1164
8768
1377
1905
2234
13
7366
23
5
8
11
10
4687
573
261
3621
14780
2162
177
703
4639
1301
3
9488
632
1488
309
1
5865
526
48
16
1819
350
31
8153
5991
7
63
102
229
28
855
20095
1
28
26
2584
41
20
984
348
13
9718
2553
64
5821
5
21803
950
9
1388
510
672
2500
6948
1
12362
3225
65
530
199
581
148
19918
4815
4
85
1
15
174
15
11603
47
289
638
2961
2
1148
396
33
16
1304
60
22
21
207
1
2497
8
155
122
7
2598
375
3
6
187
448
2182
52
726
679
2
10520
4
9984
16029
48
7
13922
16571
57
16001
1
874
12
5
3
1
3323
1308
12763
30
733
54
45
202
10885
470
2
18
3
1016
1673
13312
2
8
7154
33
1
218
2
19
2509
2
91
3
9113
1120
21
30
62
1116
2463
296
47
19352
19
9
97
756
862
2568
3
20527
19
273
12
5
4036
19
1
2
49
419
16
184
6
12
54
1
687
22
3
627
26
3
14
1698
1461
6
5
1944
2
6
1425
47
954
1627
3
425
4428
6
683
921
101
1851
9
51
1492
867
229
692
82
3
2
321
4087
2340
2317
2811
634
347
7
9153
1150
4
274
3263
1852
36
4839
50
207
45
120
12065
3484
17
8
10
63
3849
5
362
63
16
4434
10948
659
13
8
15118
1579
1167
654
17
4
54
41
7605
399
4090
3
8
25
79
2986
20
2477
9
1353
1
1
2673
217
1
8317
19
465
4860
13
4109
1
301
1
7985
41
287
5
5049
82
1390
2747
1974
1624
15
6658
537
3
216
3653
1
4112
1370
2015
272
532
990
458
17
10064
131
17773
69
4552
13
5734
268
523
6
3228
78
7
1738
8
21
291
834
27
734
74
11
214
10
7
210
6629
2424
10
12
12
10149
2506
469
2
14
5403
2
4409
350
3704
585
3
43
17
2798
12
9479
5
250
220
2860
60
695
5962
48
969
577
2
2
2
78
3782
11900
50
7
7
69
2
19
3057
18
17718
25
15
106
4
59
5454
36
33
503
395
18
189
1771
13277
39
4
17
4169
1
20637
3
2020
450
1971
10
1
80
5
351
9101
2751
37
72
4606
1196
9
1061
143
1265
3
10203
9
26
1
286
6
356
8150
5
18
4206
4
1
6
2
158
45
57
4173
84
15
6926
54
18
128
9
2
4631
6107
9425
152
4564
12
6
6
1098
12
4208
11424
2
11021
2
6
1228
3343
2870
3
1
153
99
5306
2697
109
1
21553
49
14676
10240
49
164
41
3
6807
407
1
4
80
37
4590
6480
8
3
21
1147
18407
47
521
1622
451
21525
20446
6
5
6
60
1561
207
2
13354
832
8889
9
2
550
3068
246
5114
7568
11
16
7066
19
3415
13909
3
87
52
10
4027
7734
7
1363
400
2
651
17246
3
4
3
15484
1
56
335
2641
12280
14
79
119
90
84
5
2
2
16
2
6819
9522
1397
56
188
1438
76
8444
172
19499
9
211
53
77
111
681
14221
8823
3
11764
238
9953
9
191
6492
9
3
511
3
2604
3
8
1999
85
404
271
204
666
443
24
5770
235
2668
11769
2
13
17671
1
28
446
13750
95
209
150
135
2
8
1
621
1038
21919
2601
533
83
4
9
3
1827
10
8838
10
175
13653
27
12
17805
77
468
43
4762
15
11
2270
2
3376
317
5878
143
41
58
7009
2377
528
68
726
3333
1
67
63
757
269
8917
10
123
2
2
46
30
2606
18
538
97
32
38
9900
10694
8
2537
188
16
3
1
6475
2775
58
5257
3
4301
36
327
13
3
21851
2969
17
240
49
109
128
78
112
368
1968
3597
40
6550
667
287
8208
5
7
60
262
2
1509
67
5633
11164
6
16
15
7943
155
2230
4
20978
38
860
7
2947
98
3
29
1757
2701
205
4
2
225
8038
4
10600
3
412
5250
23
2336
3223
875
2689
7869
59
1641
2
2917
381
16461
22
1110
1434
18778
2
3562
15
10
158
33
635
3
2396
809
8877
1
2
138
349
3
12
1341
8530
3
2
1813
139
2
7
1451
398
184
2
2
6
18480
158
9581
139
89
48
14
14813
2
126
2530
114
1127
7
11598
10881
367
3
228
12091
1894
7974
728
1089
35
640
833
5351
83
21118
6137
3789
1269
47
16
9547
51
10
536
141
8
49
19
5171
24
2
10
7
4044
11618
1296
52
804
399
371
64
15768
3
132
494
128
55
1262
3626
5278
5
4
187
4523
565
5473
2
2
12001
512
2373
3295
130
1226
5099
15
11394
9649
16786
47
166
64
7
28
102
1226
8
19037
1
4
1329
9
7904
678
1474
8
94
1
3314
1126
639
79
16
903
1057
2
8557
1
116
6213
489
50
18936
132
17
15105
3366
22
117
2124
359
52
3331
20664
20
34
8
2734
11
2
6753
2
1
4
1032
54
4701
2
54
46
2994
1453
6
11
283
2
760
659
7592
12
2
1
16222
693
393
1193
759
76
381
851
11
652
3941
6361
4932
653
113
17687
2
72
4
5
5
8
37
173
24
5130
10011
297
14
337
8306
9202
1
2
21
8
1571
110
7528
9
11
9
13
2750
103
18604
26
7269
204
2244
13365
92
1360
15980
19611
6
3
7
97
58
31
2329
2
17948
19
686
1043
1005
15031
844
7769
3015
615
429
7
226
309
684
18325
4238
5
33
7304
13
27
26
145
11258
19
113
34
7157
413
56
7
7
712
16439
534
272
603
470
9109
1123
2881
45
1
427
120
2
200
4566
570
976
9
199
8
6
784
1
321
460
148
2
1051
12
2
8
7062
8204
12
36
1185
968
68
111
366
55
1
27
31
4
17146
17
422
311
3951
17
4938
2
6
1229
77
120
17
2813
5
21
10866
1801
161
3
17
17710
7
17422
6
184
4617
6188
251
1249
59
648
1321
126
6795
1507
3506
1
2
14
1
9
83
7151
2
421
14
18091
2
8
787
256
15
72
190
1237
73
36
1
2338
1347
7081
13
1
9
1878
95
644
21
3254
97
11278
2904
284
299
6
21
6708
16
4391
289
111
3005
2075
17093
10
5
15
15
13
10
9
2161
3
3
3280
8
592
11837
378
80
11
8
604
1704
3
858
112
501
7
901
10
8
10
2443
443
948
634
3619
89
3
1318
26
183
1424
26
17703
200
2
703
836
2
4
22
2
24
5
4
33
13467
17
3167
6
14
7
146
15
1761
6
28
366
19
8776
257
151
7
1559
47
1668
6
15078
8
111
6711
15622
12
27
1050
86
9
10929
36
7022
93
9505
105
45
59
11712
505
12
3
14265
13
158
82
19
341
392
5
191
4
2910
25
16
28
130
3851
1234
1924
437
2
755
5332
2897
699
5
16
78
3
1572
2
69
27
45
33
13271
4556
8957
1075
13283
21978
250
2040
1818
3019
1
2512
2936
372
4
238
131
276
132
49
54
388
432
4008
18236
487
43
4272
1026
670
662
2388
24
62
587
15
5631
11
10
2459
748
7
237
77
61
100
18587
91
123
514
3
4
12308
515
17
9182
6
25
6
7
8
31
308
2
102
1
220
16
13
16
2410
4971
113
1
2
629
329
160
15
4
1342
1
12183
2
717
877
175
2454
503
3
10
2053
70
1874
3117
2150
574
17
12204
17
375
3
3
3
13
40
612
98
13294
4706
5
19335
193
304
107
1445
9
2
144
261
31
34
202
886
6
17
91
3
119
764
1163
94
5
7
105
58
272
1207
271
920
168
21890
953
155
4
53
2
21
15
4100
1040
4
54
17
260
116
150
149
530
2365
235
7
9
198
1
21
1551
18786
5090
8
4362
2
18260
148
26
27
6765
311
3875
64
3075
405
7330
4
29
2
17
8679
10381
893
3
26
11
435
2363
739
3580
13781
109
3
2254
510
18244
132
24
1309
4
4
12
17892
2
293
3
1741
96
6
251
16704
104
188
1001
17758
108
1
5
2670
8103
2850
28
5358
7119
5889
41
35
1317
238
28
7019
363
8687
161
43
18703
416
115
3974
2
2198
5
774
6
3
822
3
165
12752
284
52
10317
6
10770
39
586
6720
10506
2
30
1375
97
5
15
130
346
97
17523
25
69
2300
1834
178
589
966
6266
732
130
6747
102
5349
10963
4251
22
3
563
1070
21006
3
46
10267
2044
16853
397
1
337
14
10837
2
2
19
229
7
7
428
190
142
10978
26
960
350
8
2
11863
154
3572
118
208
1406
1919
600
19004
2738
1
84
2
655
6828
163
11324
49
12
11239
757
1047
136
44
4945
411
37
2
3271
2237
3
2926
5
44
20
13218
19
54
1823
15199
623
4
11
4917
320
25
1
6197
170
929
134
2
2
9305
92
54
261
2
2923
2623
63
16
85
6
16432
9089
15636
13726
6
53
128
4
915
1975
50
17
7078
45
3030
2
18987
77
14373
12
5137
2
1176
5
6
6015
15
493
876
1
3
103
1
3
17407
409
108
2841
1206
2863
54
1167
84
361
2352
359
7932
1
2307
141
9679
1888
1
637
14360
3108
3052
5946
5
374
1216
1543
15
1407
72
51
2104
11562
2
83
1
9239
5999
21240
1870
87
40
3
12
620
1
322
8388
4
81
746
18
1015
2
1
1
15664
123
10
1079
4
1
2359
276
1
281
7762
156
3
586
17
9975
39
3292
11095
1320
12780
291
14859
239
6
1266
505
16086
18670
58
8
1
38
6777
880
163
2143
59
15
65
315
4
26
6
4712
2
11
2
21745
372
1744
5
18
9
2520
107
7376
7182
4096
8
1502
313
3010
41
13289
2
201
44
4
4385
153
99
6898
14
105
305
16316
2014
5
100
153
19
3
1850
8081
5
1690
136
214
2097
94
211
16726
38
2
8913
8549
15287
8
248
3152
2
231
49
8
443
3
14885
4255
347
121
35
5920
8
51
2123
85
65
1800
6969
4906
6
484
82
77
3
467
79
602
2
1330
4
7518
410
7253
62
890
3062
2846
12517
8622
708
225
7
153
5596
14
4873
119
910
88
12237
8006
239
491
276
74
13756
1
5
163
34
91
13793
431
40
4899
564
1
40
2
1355
4
16
7
3127
28
18
10
1674
5
1191
212
383
3193
31
117
19
40
21
18099
127
309
566
15
2
15
5
27
4
342
1890
16323
730
7707
6085
1
93
23
3146
4191
19
4
965
10661
1
4
76
533
2
440
2073
15853
824
312
6
4285
5435
17048
17
9
10
723
639
1139
21842
253
4
192
176
3594
743
10322
40
103
7
489
613
10516
13562
3865
118
22
4149
320
7340
5
13383
19971
2
3
37
20848
50
4
1
3
729
116
12871
7
28
5442
201
1091
49
3583
259
1
3
1107
895
2
28
12495
1
28
145
5965
6532
3277
12
36
4
6
3
119
42
1733
23
3
12
8
22
438
7458
1957
1456
1735
5983
23
100
16194
4
4
2
3
6183
392
1860
11
320
1143
6804
10
2
3
210
4
70
2
21
3
6
149
527
3
150
2
8
1256
1939
15
5
28
1
19207
47
947
129
246
33
331
3361
2054
22
117
10
1
22
5174
45
1284
618
37
3
72
2
338
37
14
20
13
39
32
5957
3031
1
22
162
1
1349
15874
9
3
4105
28
116
11409
2
7422
6
131
6241
23
1
123
1
174
7
172
18769
2603
832
1
35
43
39
14046
1
17
331
215
948
118
2538
540
8
16022
52
4850
15560
1
59
140
650
5806
7
2948
15
763
2721
305
1
13
304
111
39
1
3029
5
11921
42
22007
3
11582
167
9442
3
263
440
9496
63
2
39
3988
1384
15
399
15
17
746
8641
2
1
1106
316
323
7
1188
1184
2
12461
16
13738
46
143
4
719
507
3
911
45
274
40
6
1343
1539
1696
1530
573
795
1
273
79
1
2
62
1
52
11
240
7321
97
9
16
2
3
21958
750
15273
8229
33
541
1
312
14
2
991
12905
21949
50
8481
245
118
56
74
242
60
53
2375
6591
180
63
24
32
4
48
10
6
1
96
1
53
4
20078
404
584
1
2613
191
713
2
9
1683
10427
667
13
67
214
89
3
1432
185
2083
1319
86
296
616
231
1158
3472
2
2818
2
9
3
8714
795
3176
42
27
1968
130
9421
1212
89
18
1227
1258
195
1
23
1
1
5
5
1
58
863
15595
17040
786
1
3520
7
1355
10
5153
126
15
3872
100
5
8
2
8
227
904
6905
3
20
17971
10
20729
972
26
11
1491
14899
2
364
6856
1410
2
1917
2348
3
172
247
21
12
355
1921
292
13
4
13
22
3
393
70
3
701
149
8
818
33
2
4
794
16
7
273
6
19224
252
3994
2
4063
6
6
3
109
9
47
13
281
62
1
3
75
95
1607
668
15025
3390
943
927
20
19
154
2
8741
1
48
450
32
161
14
64
4
36
6386
14
2
13928
10253
2
1325
134
504
383
3466
3
21
8340
38
34
6139
17813
27
353
23
8
236
6341
352
46
11868
51
3139
1821
54
20328
848
53
9
1889
17585
4
22
2
5
1655
34
18554
4
3324
971
4
273
15965
2304
2273
2
8
22
8
39
1728
1586
1208
367
80
131
4
3285
1
15615
2
8
1392
7710
156
10372
19
15
35
4
9935
414
8070
3
3805
4934
8583
4154
7
68
647
248
307
8
10
1987
31
21
8752
21
13
791
9259
7094
4
8
1201
151
21
2
1
18836
193
33
38
127
8
3
12167
945
3
41
45
524
16
1726
2
10
590
1363
1053
32
1669
2
20
4
1
57
166
39
2081
150
186
8
498
87
3
12134
14
480
9949
130
291
7
156
3
7
2351
3
155
1132
1
181
13
34
455
5539
3
40
12
8
9313
499
1464
1
32
48
32
2784
1
28
83
9218
17
4013
275
68
780
1032
5108
18
24
32
92
262
9
11
102
4422
3009
1025
12
4446
17192
11
998
245
3720
196
960
11485
462
660
3
4306
69
71
70
14
101
106
466
33
1415
37
20784
1
1128
2
13
332
202
19681
4
3618
2
7
18019
3
4484
3750
441
37
21
2
837
3
3
18819
9817
9
4
12
9748
898
641
2911
13
2
3397
1
1
203
20149
34
6313
848
4
415
386
4
5
10413
2387
6914
28
7669
8
13
1487
2450
82
113
1151
2
29
30
537
402
37
2
211
3903
1310
1386
21687
1105
5
1109
135
5208
376
3
159
13425
134
4
34
15018
12
1739
11
6717
116
724
1169
119
4
664
2
23
154
53
24
39
112
191
24
557
640
58
121
1486
16469
2
4
5
567
2
16
35
2
129
233
2
5
931
198
7465
74
203
81
3861
216
10
3853
2
65
23
10082
5
17261
19989
73
11
12860
2
9
7025
8
105
6
1934
4
1931
22
2
2
35
23
3
224
16
10
2
7
3689
5
746
4
23
251
1871
267
7128
1
7901
1861
208
4
20
478
270
6
62
138
9589
1
6
10
36
18
540
827
218
1891
134
315
74
7189
3151
6161
83
4
5643
2
2
25
1605
6
1082
781
1172
8
19046
74
8
56
49
392
12302
40
1
25
3976
102
657
47
80
12684
10876
118
3
52
2
19369
269
114
2402
74
31
7703
98
2
16
820
18317
2
59
9594
73
4
834
2129
530
253
180
22
4
12
2
1790
12712
21
9
3645
9032
20885
2
28
517
12969
2260
265
8455
4345
5801
73
2206
2
2780
290
1
5327
18
451
987
74
913
11440
21
17
4875
144
1501
3038
57
7697
1
326
15657
68
3299
31
2
3
13903
5
117
3
30
8139
19198
9125
266
156
63
2987
200
21
4358
36
6
3595
39
28
14
8017
13
1691
1
120
227
66
449
382
6352
57
8580
20391
2184
29
2644
4
9830
217
222
11541
74
35
5928
79
50
6
217
3
1841
1046
2939
8
190
1752
20491
1546
657
6
5
648
355
10488
2
47
7
1456
5204
5
208
1
7122
1182
2
1524
39
50
1431
20
2440
4
1373
141
5356
3
173
9
147
795
606
6
1164
3
10
88
103
4
10
268
12
9
2458
10905
17284
40
2
18003
447
2
1039
381
707
4
12741
369
897
1145
10
655
1597
223
131
35
1040
4
9
2908
7615
1
5022
856
237
16136
4
53
9350
22
7800
46
619
2589
3
4
99
1
611
3978
142
9778
15138
29
16
507
171
727
14
4
16
6495
111
137
2569
17
8
63
3116
3
214
1
146
5
827
18366
20203
783
384
10
73
856
961
15839
7793
1134
364
335
9
11263
9
8303
39
3
4
1
11
542
468
7
17
4393
18
13496
86
24
33
481
21
10
125
8526
12075
984
11
2
1
21793
9865
5694
1
4004
368
2
2070
6
8
291
1340
18075
2
2
4266
1846
6
3
20
111
14585
10804
1
39
2
8277
10
2328
512
1
21165
388
15796
14133
11
72
3427
999
5
8545
1462
11
21987
11
1769
14
4
372
2724
24
3727
3573
4212
545
159
2
957
5
9
11
20537
1
108
1
5
175
16
50
21639
2820
943
1429
1209
2
71
8
4
10
2637
209
2
87
6
8591
2
10833
12
9713
37
9
12
1071
1
114
6
233
65
146
12
392
2041
22
11149
157
630
27
336
13389
7
60
5
3330
2
54
247
35
4865
7491
2
325
3602
2
23
8737
2
52
104
68
9387
26
2
1016
2005
7
79
8
53
3098
285
6
3373
6
15
20
45
21968
13
111
2
6
8885
1394
154
2179
4670
48
164
138
8664
10
176
120
22
1625
2265
5
169
13
10312
982
10235
5603
1
2
1863
669
23
5
19
116
2
96
5
1661
11858
4
1
5
129
3
2
15185
1680
1543
20
30
11
81
115
288
38
1416
38
10
3950
3
1
295
882
21
2247
116
7950
17593
41
1157
2
6486
5
12
4
1
63
3367
1
1481
3
2
4560
172
3321
4
553
17
40
4
2
299
11
146
139
1
8
5
2
1
2121
10
273
11501
189
21563
220
2
100
107
223
2
4164
7
2159
1
11434
13212
1172
8795
2
15
4
4053
208
103
4
53
43
392
4
5709
94
21278
133
112
6
2
3
125
2
4
12963
26
1103
5
2
157
57
51
899
2824
6
9097
13
2
2
1469
11634
16
14
3
48
1
7
19147
125
9333
8760
6
748
2
117
114
2309
1471
97
17124
8
29
299
97
46
3
3841
1162
1078
6
30
938
1
68
17177
3
648
1479
31
184
3652
38
13971
42
12888
8
72
15810
1055
18505
123
38
2
1552
696
3
11253
9722
83
11
75
1011
5883
17
122
38
14702
35
27
2
30
2
5618
2
17
69
36
32
1758
1
3180
2
19
13419
500
18620
892
1293
103
12472
139
244
342
399
18
5
17253
189
14102
37
853
15
3
1832
5
1
1746
200
15348
8500
2059
929
788
1173
67
11
5276
1730
977
3873
192
5
11
3
5151
39
3
212
5238
3
44
121
8288
1
11593
2622
125
281
2481
5515
178
6
12113
61
12
77
8
19
28
46
12439
2471
2859
9564
160
3081
6
210
26
57
4
32
61
1808
4
1620
11805
2
16201
672
3657
10176
1833
28
206
38
324
2
7
5661
12
2735
55
167
4
8
121
802
36
35
1
2
7
467
125
7237
17
2876
41
61
281
147
214
12
114
3
317
11937
1197
4
2269
11552
905
18
49
1881
4
64
10492
2
3
9
27
3
967
601
39
14190
23
26
4302
2
13300
2057
6576
4656
530
183
241
43
990
8
15937
14
5
18
840
5847
11419
1943
16
39
706
797
513
11979
2475
86
1
15246
14
30
389
57
2
560
3705
554
12
1046
5721
543
2
322
65
608
1022
88
18995
384
26
388
9
19012
561
90
93
1
5101
394
2
3
3
1058
10285
247
5103
101
387
113
102
16
3681
69
16756
397
9
1372
9809
638
3603
19795
925
591
13984
2733
76
474
6
2
11
21015
132
4
21477
2
34
3478
3
738
17
107
80
3
119
1
7873
27
29
199
1
12
4528
146
3481
382
5
1911
64
166
663
14
3306
7
183
179
9623
559
29
689
4
8
1
303
1061
5
350
437
3
1996
9731
105
1251
828
16965
1246
575
20573
9072
1
4
567
83
553
28
494
19865
109
105
1413
16
823
818
65
1764
1
6544
475
2126
67
15782
3
11
70
44
1
112
2
1211
2
1789
14
14064
13953
3080
23
2456
4947
4
129
7
95
1
81
7409
7
3
582
448
1
630
2399
6090
138
710
2943
31
7859
10919
7
7
4
607
27
54
6
106
2
11268
6941
896
8866
123
66
2831
2723
38
60
270
4
2661
1199
133
9
2479
9
41
8656
46
992
1369
3340
5
1132
6381
356
1
4
1009
1102
18358
3
15
2195
1532
65
4943
67
718
1094
231
38
3301
66
10818
4
28
5
2169
737
16
1065
14
1674
8
288
1433
57
644
1541
1306
1
3095
4766
852
403
29
2322
62
3282
2
4976
1079
5
184
423
234
10
18
1707
15
1
24
1554
1
160
5
5234
1775
12
975
8347
260
40
119
1
60
750
144
5
132
220
4764
359
2
1
14
1467
1
20
380
61
15832
2
104
8
3510
4619
12769
464
32
498
4
228
11404
278
158
370
1399
92
998
1096
475
289
8045
4
17
6
11
7
71
6
248
4
328
18571
431
313
18
6529
3
63
16
12701
286
3512
28
2345
2
2806
3
4178
19233
15748
19
6
9
13
2877
1
1176
1
1964
13
501
438
4165
25
774
179
731
4
53
892
424
120
103
111
20006
1012
2147
472
138
552
3
631
32
326
21
8222
1598
12
1163
7
49
1
5
5559
13
4
30
222
192
535
3
447
9997
8553
2
65
62
51
18131
59
598
1605
290
1070
6
901
3691
4
327
3177
102
32
2296
8
229
1227
2404
2043
12820
65
2
53
6
1
10637
56
25
9
2011
17734
122
319
8
1
12
13407
6367
173
6596
2
45
1139
60
454
3261
329
7
1219
124
6109
42
3773
78
22
2518
22
5
8
88
250
40
8
3679
7000
3414
801
2
94
10140
2
4
11007
2652
3
1658
87
218
140
57
2137
1898
19473
2731
13866
1
111
60
112
2186
1554
601
3
2
2499
2
878
3
992
10
56
1448
13236
172
2
524
10
278
10
7
631
1076
5
33
4
2555
12600
21128
1782
1117
267
3
2
15
367
12
10
4
66
44
119
22
920
45
78
248
55
21
12038
2
8905
7
166
3
5
21
2205
98
3559
5949
3932
8504
3250
21630
3187
27
525
3858
10704
2231
52
2134
16
208
11
381
4
419
18156
16
1951
49
10
433
3523
751
681
4078
175
11577
102
4
175
2
1165
343
304
11209
155
4
13171
351
37
18744
58
84
1
2
54
4020
3
417
2
25
1294
1
5269
4
41
13
1074
1
1312
21
691
3197
2016
7
127
1260
3
102
2
3
197
1287
9396
2
1
59
80
592
4
38
14
16608
25
51
17
3482
1812
17
53
67
1023
172
3532
2297
7
249
4
20
265
1740
5119
238
352
2
8
827
41
32
12456
3
466
45
21
160
9
61
15260
55
408
2
5067
3
387
2
17476
24
2
390
36
10446
1
8
4324
5
5
3
276
3501
6
35
5
363
10
2
16229
462
444
58
489
252
35
2
69
2900
183
242
535
512
1984
4
2610
51
756
1452
4
2228
1848
438
2
6156
647
403
14
11842
34
5476
4
1119
563
14
2
60
4
6
20
2
1
97
7
262
8
2786
740
20256
18579
780
64
235
4769
115
7
4
4
58
351
4
16079
4
9214
1242
8
7
222
13401
28
8694
281
13
1961
1470
17
9774
169
197
1
310
1
3
1909
10
1742
497
77
2
85
31
34
227
766
110
13514
24
21
316
18
2
20
18
4584
21081
52
139
9
614
30
7538
1
19021
1135
94
158
588
4
2391
9
860
101
458
1339
10
1017
6
4080
342
45
287
1
25
244
12
436
22
3
138
127
492
9870
5380
4372
20
18
72
24
3
23
2
7311
4542
41
2534
11
294
1
12
3194
687
105
544
48
5
1
357
2
18
23
2
1522
2
38
3054
12
2
10
1
2
477
69
3061
3123
2203
17995
62
1
1
2
2393
2038
17
7
18172
10091
142
2672
3
14158
232
5018
4
2
9878
1576
24
983
16
269
25
2
1285
8440
62
492
39
11
2
83
2
401
37
3
436
7
10028
72
19707
798
11369
8953
113
16122
27
6400
24
974
29
637
439
9408
2
19507
78
11
2067
1698
2
4
96
2
2
1
11319
116
3
1881
277
4
2372
50
5785
557
7
354
257
72
2845
34
6
351
188
21
1
15437
623
12335
58
31
7738
17162
5
358
1
9
93
55
2
1042
836
95
106
880
171
78
4580
1346
14202
1112
8175
32
4
40
15
1893
13836
14033
5
4
8182
7
6966
1
28
2
449
17500
68
214
8
824
373
4647
6389
12102
9
3112
193
12544
71
22
11
24
16
1
55
3196
7
14367
349
17
3384
42
2215
771
12
50
5915
567
4
13
1494
39
17632
1
64
264
2736
2505
18
62
3824
29
4
16823
3346
7
5
263
9971
3
1059
40
419
128
2398
327
318
5601
30
17884
21515
1063
2437
46
755
473
10
2
8
154
16
2
89
95
2
2681
689
11680
2259
6
20
348
1977
2122
30
19
13
12291
3
5165
194
10
1441
3
9392
33
52
24
7192
537
21354
2
12
31
423
930
1
65
5
5765
3
162
4
11
6564
134
1
2
442
2442
2209
84
371
9
513
38
275
206
91
95
2102
13
5447
3283
64
8941
44
44
1409
19
2108
5517
225
211
717
401
106
8433
19164
107
139
9454
17
143
12379
22
406
34
3
321
1
6
1
296
46
140
2
46
14800
3
192
2516
45
187
48
16
3
20
3396
2535
833
183
61
455
37
76
1002
1
42
5574
6
764
2
29
759
142
11
45
12
6
142
142
7282
5714
1
1
4
6
60
3
1028
1
301
800
13
542
9645
20747
1
2
17056
13
9993
12172
3575
1350
73
1
6868
2705
141
4
154
162
199
8
10
212
1
1056
21
7
1775
2287
534
23
37
2021
9988
2279
249
19
1
1933
1
28
4
99
28
7
283
33
3
79
12124
233
1
62
17
243
242
2085
917
61
9
116
629
187
14905
62
149
22
12
5542
868
817
14215
1683
1
2
54
20
2
8042
18
4
1292
1763
3887
959
165
13
226
4411
2
3743
2
3
333
1
4
11
2600
2250
2
6558
15
495
1
4856
165
19
55
4
162
9288
179
677
3
89
6305
328
1628
546
3
10
175
40
25
4
7
15
4
4
808
9
5636
83
49
1
55
112
20
165
23
1
15
62
3531
74
1
2160
3
32
239
11490
29
8538
2
8096
8
2037
6593
383
1264
5259
113
3
3066
15
143
971
20104
1485
564
716
2621
10
20
939
16172
11090
4
6
30
3
68
185
22
1767
26
28
72
4513
108
19
5399
83
3
72
598
104
136
1
43
98
19760
4
254
761
39
649
1108
5696
83
22
12667
16
1391
17484
5790
407
13
5653
31
405
197
2767
204
3
899
4
452
2
232
245
332
22
3
126
1
7663
4
3
21
59
2
22
2
10
32
2
2727
46
22
164
5
1179
119
378
2116
376
9
11
6
12423
1866
3145
487
6
9
40
2
25
136
1666
72
18
1
10199
748
3
8633
6
7
13165
675
3644
6
3079
29
2698
4
2
71
19387
227
6
1
22
395
38
2
8508
2036
15902
8146
3
3006
8485
32
13
11
43
21900
18794
599
3
11
114
4
2056
7803
3740
712
303
99
4081
4
3
770
15692
1858
186
2
650
15341
12
2
18
257
7
13
8215
20
15987
20
14183
1
357
47
7
4
4965
210
22
30
628
1956
2207
272
3
10294
5876
269
21137
6895
11
188
13605
161
2
12775
6960
1713
37
1
2704
2
5
16696
19
14
3
1
3
6
20
157
18628
2565
31
61
50
37
12
3137
40
118
25
2
41
706
3
134
585
1244
9980
57
11
2566
51
4
10
2
14291
2
6452
312
576
4145
20969
533
372
349
4
19
24
168
1548
61
307
198
127
2378
52
2581
20211
48
2626
1
7
11879
4
20802
6
11531
1774
67
17648
5
13768
5423
1
98
1
3
157
2
118
1
5
2
135
5
2
26
12628
9463
19130
34
54
53
2868
5128
18228
7
33
14015
1
159
415
9
160
104
24
879
1
9
18293
599
5772
7555
2494
2
6437
2
1514
57
7
57
3
16
416
286
22
5
155
262
97
254
9
460
21458
2
5220
2615
975
53
3676
21
11041
2
120
43
4
20
6
37
40
3765
2
15
44
366
22
3661
144
1367
707
538
12
6786
5
143
669
508
108
121
2
2914
1
5
3822
67
18
911
2
93
1
260
3
65
1
27
73
3735
374
271
903
324
45
6509
14
3
576
4
232
48
99
232
1
23
20
6210
2241
78
1262
23
1
3570
71
671
4
4627
1782
64
41
2
7
1290
1358
9
193
20
1109
2
6
18
5
1978
6147
13
1
3
2444
16
8572
10
6
303
434
1838
8667
158
47
2293
282
393
30
1008
19
1228
12797
194
12724
14
20
14
7
95
5
6
13
6
161
12
3971
19594
498
3308
8270
389
20
1739
250
65
15
6238
8024
4
18439
89
81
5
13
75
1077
2
3421
17876
114
16491
14424
4186
19301
8135
8421
4
9
99
2212
17185
1408
3
10
7
1435
196
17
8233
35
17765
84
164
125
2385
1166
1465
77
3411
59
6646
97
2
7876
12395
107
1
10685
214
10118
4
9008
11985
1236
4283
1997
297
6963
1
572
91
19327
46
728
425
8992
181
4364
33
556
2
2
223
18886
6
1
10
521
178
321
3707
242
8
448
10842
4658
7
1049
2
14728
201
240
11495
6432
3119
266
42
350
5498
11
1839
194
6652
15
12
52
14
12974
5
249
11889
4
120
292
10460
137
3
4
833
906
12297
2
6874
2302
11
5
9
761
43
20
5
717
15
3
134
11139
144
2
566
4374
195
464
7
5803
2
110
2
20
414
31
19
48
4418
4024
5
43
1251
5907
9475
101
4
18
230
16015
1055
4
1
15253
7548
2156
263
168
1
6655
5599
107
7
531
113
2
668
3
13359
146
80
35
16115
1
2
14
71
15951
4
146
6
17223
19551
103
628
19
7690
1373
33
3795
8292
6
14617
7195
8614
1153
10122
136
4
2
4
20500
12
14624
5042
138
1647
2576
21
3142
22
2
3
7
685
561
4960
8
433
1
37
581
161
386
10212
79
4
9500
27
289
682
5
9
22
85
688
479
702
205
118
7
86
2
1
192
3408
188
3
4
1
4652
8949
20
12
5
9379
1907
208
1961
2
18
138
2964
4609
841
1234
4
1
15375
4602
477
623
21
5218
396
3
5365
102
5038
13811
24
9572
1
632
276
1380
6
14741
5
325
87
517
109
8576
1
401
595
4244
5
2221
237
810
267
3
12946
2
2449
3
1422
31
2
55
1
365
1
12086
4
9
6045
13224
12923
363
133
5
6
2728
14
1
5512
19830
1
3
14209
9
3
4116
23
33
124
376
24
2165
99
130
236
81
605
53
10900
6449
14
2
2
18612
6099
1
308
1
4318
1580
1017
29
147
716
799
587
55
26
133
278
1205
2956
815
21221
13455
6005
5
4308
221
33
28
384
239
6
17726
7324
1274
12
27
232
102
40
6
41
2991
1186
3860
2
909
3
35
5449
3441
2
653
5
3173
70
8
2879
209
33
171
2100
3
15
2256
69
70
2
241
2294
423
537
4
20
15
4
21659
1720
5087
485
843
1104
2
1027
126
3
7890
1560
14
21
20
4
5
437
3
2079
2306
85
1361
59
109
3309
4835
2384
3
11
46
12578
2
705
762
13032
1
21822
1
15
896
304
1666
2
2
4
5
76
2
1
19
2669
150
3587
3772
29
3
1595
9
21
5229
12
9
3
13598
12417
862
2
2
133
19927
8063
4
3432
5
20
25
6
294
360
219
95
6
20
6
2000
50
769
196
305
3240
191
3091
8
815
1
7360
1791
9555
5027
8
1
98
3156
203
13055
199
2
8237
44
4760
2310
10
22
1
11384
12928
9446
416
1
68
281
3141
17554
7
167
5925
1522
5092
322
4621
30
1461
365
19080
4472
3369
522
837
85
11
4
188
6344
190
4
1
1361
313
4987
1331
2
14
7
24
1544
9
97
24
121
2713
96
4
142
176
14121
102
7012
34
3755
3528
61
2301
8284
5
4405
82
7
314
45
17695
3215
152
1
65
2592
14
6670
430
13
46
54
1703
9
2483
1028
1048
51
1
413
1760
18903
22
5031
42
2
11
6744
8
8
2
1
387
13
1311
141
2
9
144
22
724
4
31
2
1050
4397
4040
17469
12081
359
395
19962
83
1
5719
9346
8511
14925
21212
46
19804
2
1279
2
185
3965
7625
1093
34
10562
5045
20060
3
3632
433
3671
4
15
1297
1189
13
395
126
9517
4
118
1449
851
19
4
2047
1
5757
1
1021
239
10
2620
90
3399
17
821
338
149
14
6
19
11
2
2344
174
471
506
368
8
8807
10
265
26
2973
100
3678
377
97
503
13586
26
1839
2367
5
1187
3
1
16
15
2
75
12
1
5
6169
22
12
9383
5002
366
523
4641
8599
2836
630
1419
944
12188
154
1505
67
2744
2
23
2
1
52
5
154
32
87
7656
36
5755
1358
5
223
16143
546
1
86
8980
4
1
365
359
5
469
5
172
289
16036
251
15145
2552
1
3011
14405
415
558
2
1335
918
6
5394
114
4295
7585
5897
2
1768
6023
6
175
1
5
3
12390
8
1705
361
4
3
333
1529
2639
117
10
161
1024
1
2210
398
15
1
7
174
1892
2
8606
6
279
10
2762
16556
6
1141
2531
4450
112
18067
1466
218
33
169
645
19
1274
19
5
742
11
5029
12
258
7
1
51
2
12
5
1
7478
1157
1122
1
13
3
3
21090
2
7595
215
29
17
138
3
5
6
1060
16763
10037
946
1170
79
488
18497
68
21
68
8321
85
3083
7602
750
4
137
10418
2
5
691
5
19
5
3877
3
8834
8028
574
28
117
61
58
1866
3
20
9317
1497
749
12951
2
235
360
25
2027
4
31
1097
8
2
2
2
26
5
77
130
49
2106
1536
9
68
1442
5
42
13
4596
133
3929
26
17
8
269
3
110
228
3524
5005
30
1510
69
2
1986
7
926
14793
21
1265
195
13623
30
4
39
13934
4798
2528
2
170
174
97
1403
20400
12
132
1314
331
6
3159
1
2
5
7337
3420
16
12
6831
10423
14527
1200
1
6901
11026
6186
157
4325
137
89
13
6923
223
1006
23
19936
16043
1019
3
56
138
136
18115
235
1356
17
452
9
43
11
26
928
2525
5325
16
13
60
10
16520
1671
1073
18051
551
2542
162
36
1323
13049
9813
4
2937
18
21
15
1224
67
8
8358
19821
872
800
1
4
41
1142
2577
16890
3003
64
1
139
2
56
2
3
3
3
2
1
323
546
119
11
10595
1
6
1778
18
9752
27
4
94
176
3
483
5
6
475
3
2148
5456
18
1012
141
6
1
1487
4
14
13206
21649
8791
228
2819
3042
6322
4
1511
520
30
11826
282
3836
2915
1759
2
2849
52
6310
71
96
76
993
1083
3
148
122
10
18719
2901
2
367
16
286
3
1880
4
1321
213
2271
1
11506
2
106
4
1
29
98
3567
6
7578
2
3287
3729
1628
1145
17
159
4826
1411
4188
5894
54
3
1175
2103
124
3109
1
401
421
58
11
14412
6
82
9247
3097
64
532
3
9
521
6
1506
37
5183
964
3927
11100
447
133
47
95
25
1551
9
10756
21
17
278
8
47
9
1
12
1
733
534
156
21
13342
57
378
787
120
16995
5954
559
3958
22
21
24
25
63
151
772
2981
1
101
14
15
13
1764
6478
12
810
11
139
967
73
34
10
59
11
28
2
6246
9190
1
2997
2140
4474
8988
196
5968
133
5149
302
57
6
2
2480
4
21668
1454
5201
2
19190
11
21
4
158
38
12662
1
175
3
17
11
15
36
17139
2502
12
2979
27
278
5
106
7817
17
34
3
5579
6
13247
2935
2853
19241
109
7
17
3014
430
44
57
59
29
41
25
182
76
223
243
5510
221
20
635
89
78
2
13
229
2
143
11722
355
11644
1281
393
18
17963
247
877
1
15355
82
12
3500
996
76
2667
204
33
18653
14272
11364
11115
2332
104
17
1527
11649
14
38
5
3424
5621
7
11
8858
14708
2
3
3757
100
44
24
63
14
1
29
1926
819
152
4
5616
33
5
98
151
24
1886
19533
2
281
5
2
17546
207
247
12
17
262
14991
3
28
1039
40
79
1
2
496
7
11
2
22
28
9040
21736
4047
307
18
13
28
99
2
14431
3
2146
37
516
20
1
233
5
675
19097
11
1305
291
2
35
5994
8142
13
277
2
642
69
143
1135
8003
556
1989
3
8
17230
2
51
138
932
6750
54
126
10104
3
4756
664
345
9060
5
2
40
11
633
9653
69
125
4
3767
7
98
5767
861
2171
425
275
12
14
6415
123
1515
5
1790
4862
58
2
7845
53
179
2
1993
1
245
278
10
8380
8
326
1430
268
1
257
314
569
5266
23
20301
8193
221
884
94
14553
3
2
150
1
7936
151
454
20194
675
95
1871
111
2
374
849
1
991
15761
2
66
6007
16
448
2722
1294
814
1
6093
94
1
4
4
36
147
4
1586
17131
264
243
2741
19
407
1583
68
776
92
132
293
8644
26
10852
171
18
27
88
6501
2
2
2
11120
2
1306
268
2163
9
8
48
3102
18
17
3394
189
6039
3
4615
1616
246
731
16897
19
638
84
25
13437
19
662
2071
26
3
571
65
4685
16
12275
421
5
20
133
2995
959
3
2419
42
164
5262
18
70
16051
2
6
825
359
15
78
558
1862
1
1532
2022
20086
8
41
1126
3
162
3
10326
325
6
492
4177
158
640
495
17
765
2
18761
1484
148
1140
58
140
1405
6972
5
3124
29
94
416
7
8729
23
3
21
26
8
1090
261
110
5
2
33
6096
7495
15
458
20
1668
4
427
894
9433
5795
19
9
2196
323
383
7
4478
2001
3
1676
177
4415
10
2
21
122
13067
1
9
36
150
596
2315
499
15
36
134
44
616
2
96
11
2
1152
1
13026
10
1
10
50
134
19063
5
2655
371
7
9
11
97
8200
298
68
5
1954
31
18
5
3
3856
22
16549
11012
129
349
14096
14322
95
152
12997
2125
362
15
995
36
18637
722
2225
35
2
235
5
1810
2
11639
410
591
92
7
40
264
24
44
1211
295
3385
19309
221
161
1137
641
8354
2
12
50
5
4236
4127
6440
34
1006
2453
176
562
186
1
90
8
2
11572
5342
20646
17
19690
6
488
6
11
354
18
12
7
84
572
19
471
2
6729
12934
514
3170
13
6
53
31
1916
16258
2
13177
1404
171
92
7334
11
4
347
252
19
2
4
3
5
7
10344
10511
224
67
1521
3
7
2965
2
2
100
55
43
2220
2046
34
9
114
7929
5904
3172
2515
5
549
17
1
17868
70
51
5117
358
30
6
453
32
4
35
2
19655
2679
107
70
819
43
1
23
5706
12129
1108
1
883
318
1608
2013
140
3
6123
210
10558
279
2
277
77
14227
1
973
202
974
9
65
665
15
104
52
3077
13
655
1
68
23
25
1166
2407
4460
55
69
1026
14591
4880
361
385
215
27
35
6202
1
6429
5252
798
166
500
1
2834
7515
110
28
4743
355
4
209
970
1772
1
446
6714
9
151
3
724
3
86
3
10609
152
16
10
7091
21025
2
369
94
12567
38
130
10
37
7399
6
1389
80
1
2
6
3
755
14985
3
5
64
23
1715
13
450
11070
2
64
42
25
9
4
6418
883
4
2583
76
21
4
1
12489
3
358
33
3529
393
796
5
191
1124
3634
7827
137
43
26
20
21316
100
104
1037
4
2
50
224
6585
74
11
149
973
7
16
1631
14
5490
329
8060
147
121
2048
13
882
8921
104
132
1013
12556
3043
3
6
456
10775
12843
20
34
57
1426
3911
35
13
12
426
13707
906
66
215
12054
1
9
552
27
6282
415
24
4637
69
115
33
9028
1601
10628
3
313
5
92
103
2
6
1459
160
140
17169
8110
1897
4
6954
2
13
6164
9000
17200
90
181
2
13508
15011
4
8
16
908
1
848
3670
7779
129
420
7
7992
10
6667
17
622
1
8
4
11
6
7652
23
36
17987
2
383
221
338
148
600
3
4003
68
334
233
1317
129
5000
20674
8
1797
1711
5
484
421
531
1056
1
5
2127
688
400
19
69
1849
3
14
216
3
4
12
3
2572
1706
4
2
853
132
1
16
6104
36
478
1656
3
22
230
300
1644
172
12313
5142
7755
6
2
2930
2
9
136
9
2420
2
1876
116
12
4941
20
259
19114
4
10432
73
18148
4
486
241
12980
2
35
3
5
1619
25
13
4350
1159
2
6263
26
5566
3467
36
4
11
10
7415
7505
56
19
6
10
6299
8519
524
2857
61
3
159
8909
411
1
8854
4
11303
149
38
74
1
1732
17
5
4739
210
18
1
1995
2753
14259
255
4
4
645
10708
1273
27
2
626
9
2
1088
3183
11910
2
1
167
2
81
1289
344
1875
12
2
1
2257
9
2804
1420
213
19267
1
66
375
936
9492
346
825
10
2550
1796
1704
2
90
4830
148
1947
125
243
5483
5842
43
9141
7
722
154
458
357
1
4
38
2
2828
98
8074
12
18
5
1367
37
274
14
2
12992
7
608
1798
7
516
4623
328
256
56
16586
9
17033
110
82
368
218
25
157
7240
6
900
5
212
1736
6
2932
7396
872
31
1
1
15368
582
2474
160
2
9467
56
7894
1
21053
8
391
522
19139
9354
1
7
8
2289
120
2
57
1545
16645
4486
2
1579
23
1636
200
21591
8085
134
92
15239
3470
2139
78
80
196
3
481
1192
328
5
104
4
142
4140
1
4919
11334
28
50
235
2063
135
3
1
241
10
1994
15685
1195
19
12231
24
731
1602
6
5047
3
14
507
17
6841
2
485
1967
1149
115
4
326
10349
184
1
5
197
82
9471
55
100
60
122
4
4
4
119
2
1446
880
4
2
3
6101
2
10
87
7
1307
235
3
72
268
6535
424
3120
75
3
548
17
1
6556
1332
4162
3
11737
2636
801
674
2
15643
90
4199
62
16280
9
151
3983
551
90
934
7751
1074
4681
3
148
1
44
2
32
2
9280
33
7683
20373
2
17860
8
677
5
985
1112
27
128
13
258
7
1912
33
20
53
6372
27
11414
2
305
36
117
34
9358
56
1
1316
48
1115
9194
88
1336
34
12140
437
165
94
5
15212
2
2128
5271
2
2
2
15
487
6588
149
3022
2854
1243
5
8
83
42
867
94
302
631
1261
96
5
214
347
2543
19777
156
73
247
4167
101
2
3
11
2971
122
3135
699
3
289
457
12679
9
3496
89
1
21
586
66
56
6031
483
3402
16778
404
82
138
3
6055
12883
21099
577
10614
5287
300
6985
224
2
51
24
2
478
460
504
7
1966
108
840
4
477
1381
1
4316
1654
2
659
3
1
734
2267
107
680
1581
6358
56
248
2
23
5525
6412
58
132
43
20410
1441
794
445
16793
22
12210
13
1202
3
140
512
16
710
2240
1
35
74
1
650
8
15
3053
16498
17
7824
146
4
2
48
108
4974
163
5
1
3
1260
71
7608
38
314
4
1577
1322
9962
733
831
7693
10
3
9696
10
160
2
4
95
4
62
1313
6
141
855
20
3
901
1
12107
23
2596
533
1
14734
6175
1
1
2264
185
23
34
17
1052
1
4
41
21325
917
16
1410
7
1067
2
14
9165
416
210
6395
1275
28
18711
1280
473
1556
705
1214
374
14443
12
1271
9
5
5
1301
10934
29
330
1854
16505
79
10
1412
4847
10217
2400
81
50
52
4352
7
13
7432
2285
1
402
6617
26
252
1111
19900
420
17338
2155
644
6935
38
48
13
1
989
1
1885
788
4
2
2927
799
280
1048
1095
205
16
2012
33
951
3329
91
8
6762
914
154
7
1
20
12539
406
85
337
2
1
6789
6
22
4
5
955
4
579
12264
20292
81
5
2
1
2421
19
3684
234
236
5
265
170
6
1
47
8
6
2
501
8392
223
36
18
7741
53
389
17601
70
55
1634
588
66
6
1
8
2
3
8
5213
2791
6142
2
335
21
2
2
8
4
2
3
25
4781
14
509
672
11
120
12696
1
14
8121
194
7782
2380
4
4689
8
9
21774
14978
388
767
30
16396
554
15
9
14938
45
3188
67
3
10689
38
667
21071
7
13
177
1042
8273
288
16771
164
881
139
6034
43
1842
2
5978
449
5
15
96
51
113
9757
136
33
4
1447
4257
5060
882
2
59
2627
4015
10
4
48
13
5
194
54
730
1604
129
258
89
6
106
14
8
451
4499
13891
6257
8803
5
53
4
2
801
5656
785
43
1160
69
82
4
19
2844
94
2284
68
1
2
57
8
1
8
59
26
21832
695
341
1
3
4
17
4654
105
3
1
19
23
267
234
8784
584
109
14139
1793
198
11
1
184
93
76
1351
353
1
10847
858
45
18753
34
2974
163
175
3046
6
56
4019
4
1969
5
5013
40
17
133
6
2970
13
7
4339
1
7575
17
874
15
45
13
76
6403
215
1663
36
550
67
7
3
10
228
215
11179
9004
591
12412
1087
20923
104
474
227
343
6527
2469
7
1
3
46
2551
18530
124
16527
30
6158
32
19
2
4
173
1687
204
4
576
31
11
1158
6
221
113
14
202
6780
6285
9
4190
12
267
300
3064
5190
3548
10
11608
254
803
107
9
6582
12177
10167
13550
4923
355
6
258
2
3174
77
5873
603
2364
3
1
27
5211
303
95
613
75
3001
1891
1366
1
57
15505
243
119
11056
7379
3
147
9692
163
12
855
873
8964
16093
291
12
11
4629
386
206
2
12340
13701
2
370
6069
1198
20122
418
8
30
49
1672
13532
305
5
1
57
481
714
1
46
40
3
865
2343
1161
403
1
32
58
879
190
75
3
16129
87
6037
9530
79
11339
1648
4
232
88
13072
5
6688
5
3660
7
2213
16
42
5430
1611
3
2446
4
16808
1
1859
8
13
7392
11
7
2998
2428
43
114
2
13
353
808
117
8
3
5
101
1557
14
137
3561
922
51
9
4724
33
3270
2
738
1008
5
1208
893
1549
285
11
2718
355
2
1
60
50
199
3388
9
2
5
15867
1
3017
16483
46
70
10194
600
2649
13038
26
1848
2990
3243
2
85
9636
339
405
396
1
5
4
3
337
18
969
17307
7
133
924
2
6
30
5139
15
11
2770
42
4
2
4
3551
15546
75
130
3
189
10276
41
134
74
435
38
239
7883
12894
10474
7
2612
1906
12150
27
138
1
642
40
47
5
3985
121
6
1
446
19
18
21
3
1327
20310
73
1542
3
7
57
1218
2513
61
1340
2132
8117
3981
7831
3753
16
10987
11629
229
4407
9450
539
678
21
13160
41
600
159
838
525
5
4
6316
50
1178
8
22
7646
222
1975
826
14
398
156
3
568
102
199
7
60
11784
197
17
120
91
161
9857
577
2
57
15361
736
198
20176
1270
10
201
23
450
273
16860
10483
13611
2236
9
517
1121
39
5
265
1
8489
47
1249
1405
18
4
8496
7
1279
4035
427
8819
20
64
20
3
1976
4576
12
7135
26
8211
8960
8189
56
358
2
17663
473
300
16
86
131
4
90
911
292
9966
1536
3844
1499
5346
1044
5868
16
919
881
60
15
7481
2091
790
269
16065
43
7
15
8414
18
85
112
10033
5297
1
189
2069
10
73
10
7
6853
1011
5420
1054
298
285
21363
62
6
11154
243
5
2274
4291
152
133
2
6
9744
1087
2392
2
635
2
661
6446
92
172
1315
1844
16309
33
24
1010
2
1816
2
11229
103
1766
12
61
25
2
1066
3423
1
8815
5094
2033
1374
2334
1402
1095
5
1701
6
3
54
12
3584
37
1333
16
15457
1083
16244
2
182
10367
20346
5
89
35
698
1
1100
7
127
1
1770
23
207
7
213
50
3
3517
88
2
21
76
67
8
1161
958
756
3479
20
534
29
434
15512
195
3715
4
493
8
16920
16
467
139
21156
2189
86
8
1
5280
1489
29
2
378
32
8587
4
7
307
5318
15
131
6
8
10002
1190
69
1
10
2049
49
100
100
116
744
39
404
1617
263
938
12
242
13
10
3
124
3568
5
744
21
2
294
994
3099
55
36
2694
1
7266
32
179
3076
34
2
3948
7
9
24
2
649
2
493
7
52
428
4820
226
14
7
2966
580
715
1907
42
20
5313
248
536
197
11
2674
84
152
1123
11567
9940
13965
28
299
694
3867
180
2
183
335
10172
4720
1470
740
3
29
377
4
41
102
103
43
12
3
2
24
3370
886
335
3896
5406
321
230
619
159
1495
23
205
7402
11085
86
26
3205
10
8
2
1877
2
6
536
779
364
690
21
615
3162
68
1695
10
3
1585
9922
3613
8625
4
14310
3819
59
65
219
65
3072
3045
2
279
2
1119
5749
2355
1029
1756
1003
1417
485
64
6
58
37
1088
43
1
1
1082
7
1389
357
93
5
2
8384
11816
8976
329
887
1
3393
4695
2
5
175
17
9787
2110
3526
211
23
1288
38
1
23
457
330
157
9735
444
32
531
3
113
41
12
85
346
3
1
1
3
2590
21
1805
6768
842
13
191
152
1215
16410
3
341
98
5
1344
33
2
1
4703
3
2
3
67
11
16
982
1
1
12803
19
2
3894
2899
51
17616
4430
7
107
1101
8
2
16418
16367
552
35
10069
9309
17539
1
7862
24
335
2
7103
308
24
3882
8799
106
30
251
52
18
1562
15
14
470
28
20
10
5375
42
68
3
1343
1
904
53
2451
6
5
370
50
94
13
265
6
80
6
1
26
39
8
9056
48
180
1
799
12017
11
2120
21
2
453
320
89
38
68
32
35
18
5
14572
3
21929
611
1326
1743
100
7758
29
193
21544
16958
3
3
302
16
7765
11002
20
3
727
82
2
2
720
4936
10280
21
31
14089
2
11374
6
4925
10
3462
1
380
82
5752
287
1836
832
5591
157
4
21871
14240
15
3049
2485
147
6080
2
55
4327
983
21620
59
354
669
15602
32
12
2
2
38
1811
15
196
396
467
64
73
23
10404
29
3056
4121
32
3
37
164
4227
8660
163
2
3198
814
324
4125
1396
35
251
5845
1
1149
403
719
459
489
355
1036
2
15727
314
1750
33
3
1745
187
36
1
36
12
3334
80
10131
7989
8
907
21
14
1960
5
2
2
72
16265
23
852
3
3
14
1
10
6082
2218
22
4562
14604
144
753
2578
3184
9
177
121
25
21
4
3155
2
3
19250
297
2
11
5
2
6277
1121
45
6700
931
2556
2
29
1555
180
1573
5
454
1
13
183
14598
290
97
149
2
5
3
10647
1120
508
39
13
15321
176
6738
49
1
17078
278
3
66
4381
244
265
272
17821
3372
7
2491
4
10567
10
21
28
891
15
3
56
8226
9513
5
19
7922
368
379
3132
332
3
5007
504
2403
1558
1
10742
5
7176
258
1384
28
10539
103
1
1
13774
2467
6
26
4
2026
22
1054
2
952
2
25
136
43
2928
5
291
1113
5069
106
34
10604
3674
12
176
51
424
6822
4
141
766
493
5083
2
176
18
100
1144
10
290
6
2277
2
1
74
25
404
9
2561
776
91
13
15
5589
92
5839
113
7
13015
5
4678
102
178
8035
2
15
3379
7535
18
2180
171
2425
45
2783
146
18
23
33
2416
1018
3
316
15
2
254
153
2164
7
419
2070
223
25
7
2
429
2
199
13
38
1174
2061
135
3
1610
1817
90
150
29
7259
2
6
52
19
65
242
8
8
20756
43
22
1130
2814
2
28
258
2858
1569
29
439
420
5
10
2
12401
3
1
1
1
1171
193
417
5581
2042
245
839
2
1
5
4
64
1064
37
554
16815
46
7
223
8561
47
3
14826
3943
527
26
226
11379
4817
15
47
20610
15581
379
1
6847
11660
3
58
11
93
6
18107
1063
4
8
2
2692
3
3
1053
5676
93
212
10
8
38
7224
6
38
3186
17
14
7
1776
76
2632
1887
4
1970
441
35
1660
1
9064
4989
5440
2
11313
5
3
5
10973
3
107
4
7
4779
5
3608
4
1503
3683
4
1069
271
14
3
701
71
11969
3
2158
1
2707
810
1
140
177
1599
433
19998
26
17353
27
27
2575
4716
1795
11224
2
81
32
151
26
4
25
1422
323
1
2004
398
4299
16741
1
7957
1
20185
409
888
167
18
24
5522
9509
844
11
4969
4
495
236
2
129
10828
261
88
497
2
1477
1
6
9
9931
7551
301
8
427
2
78
469
838
23
2809
745
20
200
1
4
80
17
73
10006
13
197
15065
7852
909
2
288
721
50
2117
6697
1
5576
3
578
17
45
65
54
2790
3418
24
134
8
50
66
10
14774
115
1
5855
29
76
2058
26
50
8128
339
409
18546
14630
13848
54
121
1
512
2580
29
116
18
3492
6
3231
3160
169
149
8756
8255
909
1098
2
79
1156
12606
9
7
8
5
3426
78
10060
30
1023
482
885
109
1694
20
4083
8
9
636
9
9791
6
26
12022
131
18513
93
3
19
258
19516
5
19733
338
10
203
8
1946
1020
5353
82
75
17624
692
9
2
71
8092
17018
63
138
1
1382
7
52
122
165
44
654
4737
6
2
7629
6
2
18180
3710
21
80
375
16
15817
2
19378
50
2149
10
2
204
1
7
2
2
192
252
194
11795
2
2
81
1667
1
19284
9
51
19430
123
110
2892
24
1298
4526
1407
32
494
1612
10042
7
41
601
170
9
9598
3
35
13
5
2094
845
11480
2286
2314
9
2
736
142
1197
2
2
9404
7978
933
582
9619
15
2
327
205
51
218
21
2238
3658
13
4
2739
391
2362
19751
252
735
2548
3
9338
544
8
145
197
2
7485
173
332
84
543
3
4
203
4107
10308
1
2
5389
360
2952
47
4741
458
19
15
1
8718
179
43
484
857
3699
133
66
124
2
7
322
158
6
1
66
14
3615
26
194
2682
2368
9
44
7841
1767
56
199
925
113
21784
199
6
150
1
8373
200
39
27
20
3
548
114
54
2
3
10723
1472
2272
19664
135
72
164
22
3
6443
2
683
4
15038
2
20
160
51
11
907
60
3
21
3
7
59
87
7501
96
16
4
33
1224
6167
2422
9016
98
9
1942
32
6469
2
9
475
1
465
1096
14
522
5481
3
2
1515
16942
9
1
457
12
73
13
44
16
321
125
3
13617
4356
4
5401
31
3
315
20158
20913
295
21
99
13
9329
46
357
231
88
93
71
3763
2873
122
117
2
6423
239
44
16
14234
610
121
25
3
32
23
1
15
1
5264
505
25
6813
24
20895
75
569
4802
4
3631
32
3946
36
78
5
220
12
153
4
2154
514
9
5
10780
16
4
1
3
125
1264
7598
3086
234
6
79
7050
5
1
17797
5
2141
934
1642
2409
1444
1025
11691
480
30
65
164
560
5
15
86
7106
1985
5
234
3050
2
11199
1
1
90
3
5
397
2654
25
60
21
48
1081
4
18188
83
1847
2
13043
6553
99
26
1
11344
347
17916
411
185
44
413
1797
7
2
500
2
1699
422
1
11
20950
2199
3
8
2
6
3
1484
15567
2585
8
9
6
2099
8
1305
78
18456
2
23
12043
37
12329
7243
180
20655
9
12
19
290
237
1097
242
221
2
729
391
5
5
406
15179
754
6
2
341
223
115
5078
21062
1114
12
170
111
3
14
182
526
10890
2
20738
30
32
2
1
3960
3021
12
804
2
27
121
507
50
31
11
595
43
749
1
4101
916
2
127
7179
9
70
156
9909
11
3391
6029
20
2
7
942
11
225
361
203
3438
82
4
2719
80
15
1913
2
777
318
316
802
10
15
14
2
15
9272
3204
555
457
99
29
40
10
3768
2
14
19
2461
44
7786
584
2324
74
1
673
1929
601
365
26
413
18
2
249
1835
652
266
35
85
34
61
4017
2
225
94
10
142
478
1612
1085
857
1357
14879
39
87
9
29
4
3
4
131
5
61
18
6
679
725
1937
90
1
161
1
9770
17438
1
70
4891
12259
8
7810
24
23
389
180
559
869
3
5
14611
1140
129
102
3
9210
24
192
1
125
895
16374
31
1867
3
4
14
1009
1
2
17
471
1221
464
8
19
1
2
21
8721
168
1225
51
2
270
12156
3918
1
41
12
310
228
589
4745
14689
27
3
5534
31
16534
9843
2
2
2
38
541
4
13
4263
1883
483
4120
4
872
408
8
382
5
19725
1022
173
5944
586
20220
1252
2193
4
762
7
5011
22
42
269
18
560
2805
19421
2
4456
115
237
88
12735
107
20719
6
7382
3910
4
495
42
165
5
22
174
24
1948
9
335
54
166
1436
534
284
10
1629
414
4270
58
2906
1
14
18645
3358
14958
34
219
8
850
33
110
44
1066
258
510
7442
11
336
171
22
17609
41
2484
260
1
38
932
95
10
2954
9251
5051
1386
1
147
110
905
3
33
7717
2
780
1512
4
5798
1036
656
128
27
3
184
342
9
240
1402
15803
17
1659
17461
951
404
18448
16
3
8749
619
49
153
3
1204
30
18678
53
1640
128
30
99
3
21109
87
14
64
11613
10
68
54
122
4072
1
3
3315
233
4225
14348
2
10525
6
1606
11516
52
538
11349
1201
5
2
768
399
5
21
5613
4604
21184
3
2
38
2774
16008
1
504
6
997
10
1879
87
25
8
977
112
575
593
8870
2640
4699
60
1
206
897
1587
2
148
164
13
12450
246
2
8447
1990
9
12
38
19054
17
5
182
162
1002
2
6233
16
53
32
445
1071
1153
127
3298
10675
2
6406
2715
360
3889
22
7230
686
18
574
1019
2
99
5056
13713
5727
6
14
3
23
6
3286
18350
13259
54
232
2
8132
11036
22
190
14
66
3
7317
124
251
34
652
2005
3
33
981
11
1
2597
9
3639
607
75
143
11244
2547
5
6350
2
10590
19
11075
5606
3400
9325
2
3503
6378
5
506
14
3
4
878
845
8811
10
15
1
10127
32
41
65
4490
9543
11
4
5
165
73
23
1729
4
27
3
10642
27
23
139
37
3
1773
4
34
18
8996
1826
3311
435
4147
11
2031
2
277
6792
14721
10455
31
30
2815
2
6
30
84
117
344
2
5054
16
1822
1
2793
13
4
61
10363
789
52
59
227
22
14
52
3
3387
1
10809
21231
2
10358
7
552
747
204
25
1
7
610
48
345
22
6
167
10
1
3957
3
8
3987
45
528
127
47
115
20
6
2
53
213
2
5
42
31
4
35
15
1128
2
20482
1
644
2
45
2
4259
18
9117
994
148
4
202
37
1455
3060
3134
340
141
2427
2
4660
84
74
704
30
112
5648
624
10534
9
923
58
2082
859
4
2
1072
918
11174
4210
148
806
1021
3
14
256
1646
2493
7
2
1724
16652
1
1
7525
8
1
21
8
337
5427
1
2835
165
2039
103
64
26
9198
8637
3650
5
3
8013
641
9429
84
3
5819
7
55
4438
3934
1
1904
6426
418
2656
6515
2
1072
2342
6280
373
1682
91
23
3
106
1930
208
17071
4
10857
263
5
5
1902
4897
661
2094
566
2
34
1
17
61
2418
15
10
262
5
4494
10
519
15
71
4
515
12
4
6
2472
12986
279
142
10
72
6472
83
15553
271
100
51
1
5
21259
13
31
280
2
14637
3
2
418
60
1
858
5
1245
9222
6115
1990
9
1581
26
21
3201
1695
43
490
9
2529
342
6330
3073
97
33
351
7
3
208
132
76
2
725
74
5
254
294
65
1037
4
2
460
6
339
12
285
20
2
51
1268
14912
45
14
7
38
8
11429
31
1044
80
36
608
126
17852
4498
36
602
2
1
6859
9675
2999
2
29
2
192
1142
77
174
6
4
6917
11
243
589
378
88
135
18
4
4
6892
3
2
16883
1
35
6
79
4347
1
111
4
22
3
15464
4
1045
3955
32
2
65
16748
8
66
5361
12
807
229
169
5
1003
7
16
18164
10095
164
10924
42
1478
3026
3
6
121
562
4
8
1
1179
4505
3
3251
88
5
2177
63
43
1817
1
18911
1721
978
785
484
961
13
5
33
19883
10799
3817
1438
9804
65
14
11
5
13
2
709
3
2740
409
3211
2227
37
6
1034
8478
35
1692
3
3267
5
2
29
39
1
20
4184
8459
2263
153
3
2065
23
19
24
270
2222
1005
942
33
1475
59
218
4
17
1452
7880
257
5
10633
13940
10190
3899
3
2
30
24
4
11
514
9
2
326
5704
61
18
266
3233
5
387
5
3378
15430
108
3
1375
89
170
420
11916
656
1
12070
2
1478
595
226
327
1
4832
2716
1256
189
188
1
59
1697
115
34
4550
3
9105
5
8369
27
3992
3
1
11
100
73
6
3273
4869
884
2
3253
473
12
1
2105
279
3546
1649
1334
53
33
7471
3581
1
3
18204
186
85
3
11
243
16
1
3848
11
5701
18
38
7246
9958
16
1
1925
41
34
15720
4
98
436
2490
8733
126
920
18
1339
81
4110
8
23
8
1
18878
1872
177
4
20042
20701
41
84
117
2539
17
19481
12957
421
77
3
27
2
114
451
1263
10576
436
2504
1091
4
1
10
4
216
723
6
66
56
617
19438
8
21297
237
76
2703
6
3556
16
4910
29
192
201
4
1997
1936
23
734
2303
206
40
16
9020
88
2
5520
7834
72
16512
1
520
15
761
244
377
70
82
20
17
2
4
1000
222
7
2
2072
3922
8772
56
8
205
27
2465
49
41
36
2034
13659
97
5304
1
155
4
194
17
3
181
63
4
2
43
44
20867
3554
442
8
7006
19
1
732
2611
583
90
205
193
358
15
49
1
1156
2
4
15152
1583
886
11895
5
207
558
9
5852
24
387
4886
51
2843
3498
19455
14761
1
2
108
5732
39
39
20518
2
11
10
11
274
20
6
96
1
488
6
1168
2
210
36
111
2
1278
131
2
128
30
83
41
14
26
3
263
21
189
1609
1591
319
13318
334
66
915
8534
1
58
1550
486
8897
700
3
284
7298
5
44
213
7163
11
15
26
21
65
17750
3
9
395
614
220
20
2
6
198
25
17292
39
14
69
4
4
1534
9
4370
2
34
2891
29
23
950
4
306
2
3953
260
2748
84
13201
1549
646
259
46
22
2
1630
845
205
922
3
1584
67
10226
56
713
139
27
1427
329
3
33
3
2
3
6705
128
1517
2291
143
6
7
436
972
18803
72
18489
5
363
35
388
27
430
989
360
13574
4240
3
9157
18220
3
1517
77
198
10
10497
2
4519
45
568
136
4
3
8
172
4
4
707
216
23
4
499
1
6
21
38
618
885
357
23
565
7953
10
1902
5666
35
220
16186
39
6880
65
7
28
324
2082
952
15396
398
190
9
499
9
9
81
9
9
1491
9
12059
683
14
356
18
174
44
13
502
10
41
36
10785
6975
2
1
4
160
2350
82
1200
187
3
1348
9
21
447
49
1
1010
14787
43
6691
459
191
1652
12831
6
201
159
1370
705
3
710
3
598
18
4
37
33
37
12
31
22
4
1424
2
7700
1064
12673
4
4
7
20464
1286
1354
4
15
71
953
3
1582
1
6
1253
1393
2
90
40
8343
20274
463
803
41
1
156
8
1
14
41
55
11
4777
7
304
2
1431
16
8610
474
55
11942
1323
11
11758
1247
2921
47
2968
3
5255
26
22
1
3
1
4635
4674
1547
138
5
72
2
9
27
13
10
11753
32
6798
42
1
20821
368
217
8
2
929
2
708
4
16630
1099
2262
103
88
1159
55
9
301
14
1857
9526
4
8542
700
21
509
101
3166
48
6512
31
272
165
19
42
10
2949
31
47
11
1
2521
258
1
45
1030
666
47
2800
422
211
23
6838
1
2766
4625
45
28
5
9174
1
373
9538
2
257
13
2887
18
36
47
181
6614
13
12351
1
33
9944
11
5
99
14127
6
797
551
2
79
24
520
2
21174
17
5
754
2045
177
3
10871
6
3
24
2460
346
318
2
18043
440
1239
109
2676
12
18869
99
3542
19768
18
793
2
62
49
2188
1020
3
2
22
63
4
145
873
149
20
482
28
39
91
13
102
3
462
5486
168
1781
8937
118
7
55
5
6541
12
41
2253
702
19
1
1814
5638
3069
4800
17101
2
583
1169
11675
8
1203
27
15158
1
284
50
3937
6
6
1563
4
1
934
1
7
2140
15307
3
5110
3
308
25
21
11169
25
111
1922
3838
14
11
5
162
164
53
10699
39
9
2712
2985
10163
3924
5
40
4824
14052
21
132
73
8
4420
10464
57
194
4852
39
39
13
6
16
9
5
809
39
94
386
10469
328
1
2810
2
4153
292
1
3904
606
5
1500
4
14495
11
1626
2
719
570
26
250
1154
20455
513
11
12
9
20876
16
173
777
270
6723
5471
126
6
2
4672
157
16388
10
106
4
4
6002
29
5584
473
22
738
23
40
5
21448
569
19105
3648
8
185
4337
7438
435
611
88
1400
96
5469
1
8
432
4
5
2
42
2706
6908
1
171
1
186
972
9
1716
2
846
16
1
3453
7475
1538
67
16
12572
33
4403
439
1078
21
10
4
10737
205
16
6599
605
482
10
1300
192
578
15
14919
783
14952
1146
51
185
1
1
13377
182
425
5459
1932
13148
124
183
381
3
8850
253
604
254
250
10
1664
191
428
2275
2
109
4
10077
3
8
597
3
4908
2
5850
152
871
6172
2
1241
2
47
238
195
5
9161
9321
26
3
2
60
4
75
5
8
2
78
741
5762
17
316
6
2519
9913
1
91
10997
4592
17238
39
3230
1
109
569
5
6252
9
27
70
18
1747
10
26
6
8933
422
5245
46
822
47
8
62
5
180
865
1
2224
19
1
266
1194
34
1
3610
95
3832
7
141
1737
2166
2356
58
97
47
7
8
221
6
5552
10400
3165
3
2
28
75
508
6
358
2168
10
9852
117
37
7
2292
5
13787
786
12595
25
4
12226
3
87
10766
112
1290
14
726
1
7279
101
2
19490
3
1
1751
13230
1043
6
6153
1
14
567
55
1
2131
181
1312
3
373
1
13
29
65
212
173
2019
451
58
2
1
12253
81
8
126
13306
528
2
5
1590
4
115
1320
10055
7
259
12221
159
111
101
1468
91
13817
146
479
4536
36
515
9
6
6
1760
10
6
14
927
21582
1
17
333
1014
6
153
117
5
16
4201
216
16
12
125
1743
3
3
87
1
1068
2982
203
1062
803
4444
17025
1736
602
3
6664
1042
2219
29
1
143
4
2
2514
549
298
6
1963
8
4
6
3363
101
42
12
246
674
3179
411
836
114
29
616
13
9
1419
19
17391
2874
1
6567
867
167
18
135
812
3640
5886
555
1
65
17507
4
1
562
3629
21335
10
829
311
79
3821
9
1576
273
188
6850
492
7964
3
1783
36
7285
15
1463
19839
8474
37
12
4312
126
240
19181
25
1662
10530
86
127
26
8
18
42
459
4788
11
13
1
751
6
10914
4379
74
209
10
2
1
1069
4578
2
2
1
16988
30
1001
23
4750
919
305
144
1
3
8
6
963
11
92
1886
1150
703
118
2
1983
2
662
197
101
62
3
1213
1242
6988
208
76
4132
13
19944
7
10953
429
6
7
21269
34
46
7301
70
3087
8
247
274
888
5
13443
55
10746
38
6844
83
48
5392
66
7069
1193
15
2030
4710
5
19
7673
1592
320
5016
173
11
5527
15
7
66
5
267
5628
15085
60
19122
40
7
1
1
158
8
11
16
124
317
1207
15
1719
212
11853
875
4349
686
19559
2
3
8451
2
341
949
6
322
92
2
4031
432
7498
11031
2825
4
35
926
4
3
11743
2
369
2258
6
3033
419
126
18333
2691
83
620
1000
6
9
8862
427
47
2
246
2181
9
9892
2693
1
14972
8021
2406
31
852
12
6
13
1
2
2
3
112
22
941
1633
296
3
14456
6
94
1259
612
1
4837
1328
41
14
8
2
20509
5
663
2
1
658
198
55
11273
9
4
10
68
4
6
798
19258
29
341
6673
8
7087
8164
5411
6457
113
17207
10
2608
41
75
234
14
289
4071
599
431
298
2178
311
55
77
592
1281
474
377
350
4
5
793
2
5408
85
6177
1
6726
10
12
1067
58
2628
25
53
3770
611
85
2588
2
6732
52
26
1
10020
24
34
39
478
4
614
58
1
72
1
3783
4
136
4136
122
10
7
843
62
11
168
362
1031
7
3
4967
6244
1
2
6801
55
8362
501
1
3514
18390
4901
11
15
52
4
3
1117
4
25
573
142
3210
20
4
2468
775
1349
11
17299
1099
152
8
739
13677
1670
12049
330
47
21
1133
20
9796
39
21
394
2
25
350
12368
4098
2709
5
40
132
2337
389
6938
3999
10290
3868
1
4051
1623
5
1
54
6
374
2
5902
26
657
1578
64
124
60
63
23
461
6383
2462
86
214
14533
77
49
4
242
83
4558
364
685
3227
10
1057
1678
3
5
79
2
3944
1
2
11
3248
10109
3304
18945
10502
18
43
63
496
112
166
154
93
2
312
61
1
4
7
2455
109
2
1369
286
19
4785
292
778
28
12877
12483
20692
53
224
7
193
27
2417
7160
3804
1950
15
35
2341
74
9
16935
9
11
7565
8377
857
508
113
2
2
61
2432
3
2248
2153
3002
2
3
241
16251
3
7588
1094
6221
580
4
4
7037
3381
17
6
2
15972
5
760
93
830
120
19
3
14
64
8
2773
6
4436
1378
15
12
9800
91
17940
108
13
2
25
12
20
322
779
8106
35
8171
4
92
1
302
5
1418
29
216
118
1
168
12
7727
6
2
1
2
2305
101
13990
13
3
383
577
3
696
31
3337
4
83
11905
41
3214
3
67
225
418
2
440
83
285
1288
5
163
49
431
10
1
17
7939
29
51
2
617
6
24
137
1
1799
252
1171
77
1
4010
274
17453
893
138
3
17955
5
7
69
12533
11
13490
7221
66
30
566
2
19
209
1080
125
711
7
14
4287
7
3
1282
121
9705
310
283
2
98
20
2
12
1
84
162
1
70
44
2
446
3
1
358
76
49
32
8406
134
5387
1499
221
425
3
21287
522
17415
15
8901
26
21
4354
468
1
1202
9
19
135
53
67
79
13253
402
3980
3
2
2266
66
4
63
3
121
12
3
8
2
503
10113
385
7
19646
1
2
10086
7
468
3
4001
48
52
91
2
99
1110
3
9012
16058
488
43
309
8683
45
393
2
8
13449
605
50
13142
10
15
2
21
382
443
5
129
19
1447
9206
68
6
4538
37
163
22
4175
4
311
14
545
7724
13
2473
13
25
50
206
1058
1873
14715
16800
166
3
3
1
334
20
2
4
2
44
3035
5334
2
2558
806
5370
11
109
182
1
225
10
18
330
2
64
6
668
2022
14
57
22
6219
308
15539
1
6
287
102
769
8
19
1
300
5478
2
1205
2593
587
2
531
12467
13860
7
1
416
82
23
527
43
2769
6120
7
1
7
15944
2864
241
4
6
9
4
579
39
1012
4
1080
9
8675
6
78
12286
67
2
635
15266
1955
621
1007
92
4
2
22
2788
20
6018
3
1
13538
846
797
747
4980
2
9
5
2803
2
739
25
32
1853
21429
618
2175
4
19620
1895
31
7982
155
7541
5
8
2025
2
99
9
226
7911
2541
13
684
3296
613
6
4822
18277
2217
8842
12
63
429
1141
7807
7075
1151
7
19
11
3352
15
4156
1
96
7
3
2
2379
4
682
3
1787
19
277
5
2
4
5970
894
181
693
6
81
7
604
3
2
4928
4138
34
5
434
266
7
167
695
2
5529
333
1526
37
14329
53
2
20238
1366
11832
35
1189
26
2801
1
3114
16637
24
97
1692
7
430
1313
23
66
70
3375
32
12
277
44
772
3
18035
147
282
3521
37
42
2495
43
17
233
16330
46
4
10
3846
1
11
20283
1
272
178
2278
10
36
16
192
322
3
9
3
10450
3534
3058
1199
2
202
20
15699
23
479
18
830
1277
1007
202
442
558
230
68
101
8
5382
741
4376
13647
978
4
450
61
3885
13
1
57
135
3101
89
34
1245
6
428
306
231
3
385
21486
35
1
90
1
11
14476
2358
4805
7
2
159
606
4501
2092
3258
20
4171
87
401
210
1
25
110
3
2108
2
1068
5608
302
123
2423
34
16734
775
343
17
43
9417
230
32
2560
5025
1777
11
49
18
340
9
2
2896
139
4389
20
47
12118
15888
7619
387
12
2
19275
2
14
3812
25
58
3
2657
13977
1
20793
163
43
3969
20382
15327
662
334
2009
1753
19
263
7
1
3
2
4333
2683
706
26
67
4197
67
12
12
35
1679
8
21697
91
7545
4
20364
8351
3537
3
185
607
3
178
839
410
16072
4
29
406
4952
1420
105
271
837
3360
1089
650
21344
29
8010
19071
21
53
1
8
1387
476
8
272
1
6255
13113
1825
642
282
6
30
1
5
9
15
5
805
140
345
758
86
7558
1528
1092
103
873
648
260
79
73
3245
21
48
432
15
118
4
54
1
5085
13101
7
2339
2
33
385
1882
36
1535
74
1914
560
5
1618
15789
62
3191
3995
93
18
12690
111
3600
3
20
5
17
195
2663
3
1489
68
2
4454
211
773
30
5
445
201
518
14540
191
1490
16
3
6
8462
17
46
22
174
680
15293
7775
77
6042
684
5227
3
4771
1
110
5
1896
7369
4
196
27
16659
30
166
5
148
447
8618
2313
3
1723
870
12478
4180
4480
6
24
2
14341
3
3317
4
2331
78
1423
32
1443
19
2
3737
2235
1
2795
366
410
3586
8
149
5337
70
4
2076
2642
3686
328
1065
65
21881
2
1803
14399
7198
718
292
4904
13689
6
2
11665
442
9
6026
5
2
8
9
91
312
2330
23
216
174
2414
146
6364
162
496
14
