877
1
136
1
5
85
462
2598
7
14458
57
7
16
56
22
264
889
22
3
649
842
32
496
79
136
5684
9
2
5
24
3
1060
59
5666
744
1798
2
45
2
171
1
2905
2
16525
5
5
12225
14
1340
10
40
3
3300
35
19152
182
1895
8
2
2
8037
41
14753
28
11
433
323
30
4
113
108
76
1
114
2
392
1
8162
108
2
21
3325
19
13950
2345
4761
1590
20893
88
3872
13090
188
31
2838
15
808
44
3219
7
23
2
763
11
5308
3
83
1114
265
48
460
4205
6880
2
102
94
12416
1
8
14169
110
4
44
10225
3
87
4
4385
4
100
20
831
95
18
124
127
2
569
128
15969
317
1539
89
12928
779
2
1250
49
66
2316
337
2
17611
20
317
461
927
15148
2045
2
7075
17
2
1751
51
19
4973
12
1979
2671
9
197
2992
4666
9002
5
3
6
1692
415
2
14
43
6067
456
7
13
3
56
109
172
215
2
53
182
1781
36
2
572
1045
91
530
10597
2
12
41
24
9
639
12
2
516
955
10696
418
14684
51
2152
4
594
6
137
7
6
18027
1034
83
2179
2
7864
18
41
22
2126
1
24
14914
1301
43
1501
86
1408
161
144
781
52
21620
276
14
345
1473
53
1013
3
12
3295
188
41
35
3189
9
33
42
549
2456
14191
33
2960
3120
413
659
8
52
2
311
2479
261
1
1
5631
343
6
855
3204
18
978
4317
140
3
213
31
4
1146
81
20317
1457
412
984
115
25
7659
1232
101
399
5
377
3115
37
6396
7731
272
21721
48
16245
1029
142
63
12532
77
275
4
2
1002
93
1490
4996
3
2
4057
673
3
116
11524
31
1380
14
326
2
367
17367
9669
3140
17313
39
872
40
53
1
5043
1
94
9
49
1
61
249
2709
563
119
10729
8
1
15
151
1901
1561
753
190
896
2
21
32
25
88
74
195
6366
1
40
17721
1970
292
441
334
574
1595
13864
234
3
44
10
79
741
45
4
8
371
3854
151
90
1568
3279
31
11
7791
57
21024
481
40
4433
3
1
18
7276
370
6
98
15409
2051
4558
2
124
115
54
3702
604
2659
2
92
21754
31
217
4013
5
538
112
3957
2048
54
10
1551
2411
1
3616
963
59
2
3030
1743
3830
3
26
3179
83
4
13440
17
5992
84
76
130
3125
107
17832
951
12
7
2856
1322
439
8433
280
251
9
312
8672
2074
2
5
19212
68
6764
2
330
139
25
5
8932
1510
2
1
2
5162
17
61
40
1
475
97
5
8974
12
2
2
49
4237
287
3
182
28
687
22
35
6628
541
2366
315
10
9
8
4
10564
1
246
37
2476
2887
1
19452
70
101
3
5613
6426
90
2
115
2
19302
925
5
2
16
1004
12748
1
1344
912
3
460
475
16
2
9
175
2483
79
5
269
829
4358
14984
5
14302
406
4297
183
547
8619
15650
190
372
5587
11
15626
55
3645
2341
89
3
14
726
155
2955
2717
88
7
2997
13295
15994
43
11
88
44
1070
19
4866
3696
1010
465
3673
1
21
577
33
16
40
11
10679
1
13
13336
4
16
16194
38
1
3
15553
5
4
433
6
7
3249
353
2071
2
2781
1817
87
74
7
9534
5
19
10
25
4
28
8699
7401
70
1928
846
13069
4
27
1
3566
17
14776
2
91
116
35
176
2010
162
2054
14
7459
11
30
27
520
31
2
210
436
1015
60
324
2
8
325
62
17
7576
20
491
2266
3
27
9344
6436
4231
122
61
78
1846
24
2017
211
75
2847
3484
2
1
2032
870
6977
69
526
38
216
3159
20764
5818
206
15
7876
3
3
1252
126
289
738
22
4
20732
29
2400
2730
16576
3945
1229
8175
6
202
195
1973
34
5
6
235
796
14571
1
4121
550
8
35
702
2
19
1460
1448
15
7
7
1398
1
6278
1116
4
15
2
95
1854
8
3
1732
2751
61
11224
13377
717
58
4
4673
178
38
39
7925
2747
274
12397
302
844
3988
4
801
581
11
2860
48
479
2355
42
92
4644
7
60
2790
9594
4821
187
1740
24
47
2418
6376
34
171
21
2
13
83
1
8
512
2
130
123
6
74
141
13
11741
3742
1
9520
14
49
362
16
251
2
3
425
617
17971
1570
2
512
13
1032
11686
4911
7
8
5773
24
3372
42
609
3214
2
2
3
34
3719
435
6486
14103
2722
2
20507
1225
724
635
1
6029
6711
101
21958
18682
20603
17776
76
12
7086
11578
12
268
33
1635
13253
6
505
53
107
303
8
6416
1020
236
538
236
9835
4537
8
2
38
3239
1365
120
757
21
1156
18
2558
13
1087
122
168
423
247
2
12868
13
19
12301
825
8
612
5854
8605
41
15361
9579
1
360
120
6
3
68
221
2
6
17448
6
850
59
1
150
17
1607
15242
72
7
13
14235
8740
9157
3082
750
564
1716
41
6
17421
60
2
58
386
233
111
9185
205
23
5
2
3
22
209
2220
5518
2
1
4
4324
2
12669
1503
98
4
9431
21
752
3
17
4
4957
3315
1012
2
2
2651
6859
12
25
71
1435
2298
3633
5
47
36
3650
15
4813
3
40
9300
32
96
1382
8150
597
3
3244
14
36
4
19
2
4
5
7506
67
84
11
4211
5881
4
3
207
4
132
7
14
8473
60
3
3135
15
1
2156
12888
2
10337
27
851
12
37
21
299
173
12111
7287
678
10713
20
2503
206
1042
46
16019
4
5
1
14324
907
408
824
368
28
14845
120
4
743
6
35
15
102
232
646
3
12474
1527
2530
2
1759
2
2224
50
24
140
34
3351
3522
10
8592
14
5
4
7
2
285
2100
2803
7
8
9490
2
1315
3555
6587
90
1
59
1
5082
25
9609
1976
1
2
1
12
34
41
1193
15007
4
3
3713
22
25
2
3
19
68
1648
3909
1
1
437
192
667
114
9446
134
898
8781
5114
152
4
7
2692
598
36
3
15748
3106
2042
929
16993
644
6
3
91
1244
15
240
2
1158
165
54
9
1338
645
19818
1
2
263
2
3
2
135
1
589
1734
1
81
1671
4
381
2113
2
18
22
43
620
4702
523
1293
116
41
7
1215
2013
13524
6547
7
1826
3
4
6848
147
2
2983
3
1
1385
459
5493
1
1
521
11
29
114
8394
8794
395
7010
909
29
5
3
8
11346
11943
1
7
3748
2312
1419
6
1
5692
280
285
3367
1
1587
2630
40
1009
3
3
1877
2510
55
3
35
5316
178
6
11
3063
5836
19
7529
9851
1
8
16
12244
3
1164
142
3
20412
99
25
2
58
374
1185
1406
1
3500
198
13
89
23
1
565
9
11925
6048
12808
11
20160
336
9417
8
8
2843
1126
1068
114
23
9729
15577
16628
1
30
61
5728
991
7
386
7
6
9549
35
5074
164
184
3
9
16679
1
4277
730
65
576
3087
7541
1437
21924
618
2
1100
10385
160
5
90
3
8
1
5890
3
7321
108
15846
134
95
3388
158
360
190
3
19849
225
199
16835
17
8
473
3383
19788
8565
334
73
65
3
2
1334
1102
317
16940
517
3357
5
6
78
4502
153
2
515
33
14
14413
478
10257
18
691
3
13315
1546
17
1
697
7671
1
7042
21
91
1532
7378
69
681
4
324
107
1
1767
14
2941
3
1257
2426
1
10
1640
14391
1961
6
2
34
216
4
110
8835
599
9624
129
3473
2821
5
30
207
14662
771
8368
339
5
83
4488
168
246
13608
21452
14
7
44
1949
10
2
215
11
803
354
7
6
18
92
693
406
137
2
1291
2
1
4746
282
9
41
176
344
162
2359
680
56
46
275
1197
10401
4516
1729
65
8012
20191
72
688
4
10
699
24
12055
7
17557
128
551
143
586
24
46
47
16
3446
179
169
4
7053
1007
83
11
12
97
466
836
2
24
126
47
109
15
430
3420
3528
1105
1
731
1311
7
130
625
301
14
11
10
8659
86
140
30
9
7950
637
1674
7
240
2163
33
6249
34
32
52
38
1849
12948
12571
10
3611
99
9
144
16219
2
3
90
18945
82
193
634
5
18
9684
187
8
8
98
4
36
1745
5218
60
331
17
21
5242
608
30
48
86
16
3933
7
2
5936
12036
184
15
1812
10
6
4224
46
14125
3662
1271
6
21
288
45
170
12187
101
5
4
183
23
3
111
809
32
36
2
10
13566
6
5746
7220
3
15
74
477
3224
7164
2064
9
3072
363
136
109
1062
562
7
4858
9
1592
6956
37
1585
3754
822
29
10
1097
1444
18595
184
2
1279
34
121
51
17
18624
65
12
4828
67
14730
12
270
19
3
13110
5
1
2259
8
4
1615
21155
2
5
6649
1
1653
5
7
981
969
42
1
18509
707
7611
2
13735
68
555
3976
10
602
2
5
9974
13
15
2
1
157
1307
2
3
72
18055
1485
1548
9
1359
53
30
20958
18
41
71
2
46
8
54
4630
104
3
1
2083
1281
18975
141
328
96
2004
10
8988
2534
5234
13
863
173
248
3
81
47
5
2
39
11470
305
16
99
4344
344
11
415
2
27
74
1940
663
3
19
3463
119
193
2
37
110
144
11704
148
26
6
2133
1
7588
58
939
9912
310
47
674
22
257
747
17694
2713
1144
2
1128
10
87
3067
1124
1248
5
347
9639
26
607
5737
519
10948
28
2
16069
243
232
1
205
1
2
367
2
1462
2139
5019
1889
1028
1265
2
365
1184
355
113
313
14707
3
20
12074
299
21653
304
2273
1681
24
85
4
6577
250
9
16371
5
1
145
180
2077
1221
177
227
387
291
7
8
10531
703
154
210
64
1580
6
16731
4
8
19
6
1
3
2
558
105
8
5782
12
1
28
3
32
1400
7
50
145
212
264
1269
865
3939
16397
280
254
588
28
43
22
1
29
3736
958
1
483
287
11
274
8303
3393
27
3194
27
9
11137
4460
6
18394
12
6317
4026
4587
2
19911
1238
128
2
86
22
44
1
6346
5
2491
211
3
124
18280
35
14
513
869
837
10646
1756
8
926
2
2
60
1151
6732
3
13
1650
3
1040
6670
108
760
104
8
559
233
1
15218
1784
370
1
10
6743
76
2214
566
3
6
9
57
1705
73
10466
4
9
89
6287
6659
8946
181
253
12263
15
45
54
16
67
329
451
2
5
1121
41
9
497
1
10433
7
65
4754
10
127
3915
4
98
1297
12
71
389
653
454
369
5
4988
5
8
3
6171
9
2116
20
20861
10999
8754
4
13
71
342
126
1263
28
14
10547
15
445
1346
25
8
23
17943
6
4453
17
11
318
39
4
3970
638
37
239
20
7
2
1541
5035
4
486
4
948
2799
121
159
352
549
2
309
18
7707
1
26
970
5
11962
4
1
1638
2570
2
5
2964
160
782
814
2227
4717
2023
34
117
1424
614
53
3
5675
8
72
14368
1
8808
5
10
8552
6
7
12435
936
36
899
833
208
5027
171
358
2764
17
101
11051
5358
5809
11294
15674
180
228
117
7974
2
5374
5450
4440
2655
12513
2334
89
1342
3964
27
49
35
3
1
14
5955
81
15505
16809
583
103
7
141
135
1
3
7719
440
22
267
31
10
4934
1919
891
5
9
1
21122
22
18
330
2
118
5
1831
3807
701
494
718
17073
44
1
7767
21
651
4
7
1
2378
8
23
93
2248
13461
2
78
17206
6476
942
12
5400
5
1913
142
1
122
2
21
6
4
139
3777
3
19543
373
164
915
26
23
35
1
83
196
922
5
935
2308
381
785
10
7552
9030
8
13503
2499
919
14
17749
270
15
16
4
640
3771
1119
11
200
20
85
1695
15
17529
4405
1
2106
102
2
5267
1863
68
510
268
10
4351
119
16346
542
6
4
643
33
20349
68
1684
2
25
119
84
2
75
3
5
80
1
33
1764
4851
8
23
5
4
210
38
1
26
55
4089
45
4371
15433
491
20066
133
374
3
95
44
2756
5
527
347
12650
3044
1916
9654
50
1455
10
45
1
25
1
448
10
714
34
11
10
12
1
110
616
4659
2
315
26
19604
987
1
59
154
2
4904
302
5579
3091
250
9
518
11869
20635
4051
1583
1273
115
1880
23
4
14
21
212
2
1
24
50
32
21386
487
4
2667
2495
17
560
87
2
4
2
229
1324
10914
14
3
5283
173
1
417
8
435
4
2020
7
557
81
14
8024
5366
561
2878
859
21553
2
149
799
15
79
5
111
217
385
142
3436
32
13545
1753
2
30
30
22
2
534
87
2319
4
111
1724
10746
3
12968
1
834
5964
960
1031
14
474
39
9100
7
5
245
1
33
10
2
168
13
3
417
12
10114
4
8
11
197
1047
316
3
13274
1
7
754
8
2
24
226
2
783
4001
4
410
294
1
25
6114
15
371
11
2
2093
144
1534
3
19483
115
21286
1309
4
325
820
224
6
36
917
1044
94
509
38
3
4
92
24
768
242
15101
16
1
2
59
737
348
8726
54
47
4544
570
28
447
8
52
441
979
2
11488
2
3
2574
1612
110
2437
488
28
79
2
3589
400
484
200
913
29
79
16
297
776
8486
1
2370
17
2
96
2169
116
7827
118
11632
10161
847
1
6
15
6701
7494
61
124
59
51
287
12378
4290
135
2190
9699
7
129
38
9
138
3
593
54
20223
239
12908
1178
18
4
204
2
5
1
746
3
4
34
102
2326
25
772
19242
19034
1661
166
11
5
31
26
145
155
6297
30
2
373
106
14
16
9271
194
51
2
7
8
17915
42
4447
48
3
827
3
346
6806
9016
3
450
13821
5130
4651
175
42
36
305
1
3274
13714
17126
419
25
10498
36
176
1402
3685
6
1494
414
116
117
4
21486
21
2
5341
457
10
1174
1513
9475
16
1439
10630
69
2
11
128
39
157
12
5442
5
1
2
1
21253
201
75
84
3656
1518
389
18452
65
73
3
471
11723
8
686
99
4
26
1
20699
10
4
20
3866
19634
514
4044
9820
1387
445
3229
13
13
4007
3884
4523
18916
2238
14799
88
49
28
6020
10
1138
4
2
5333
650
132
120
11364
16
153
8290
380
290
427
11
18
94
12
9
8
20
25
412
44
241
27
148
7253
18
2
1
4
6466
90
15266
54
5
75
155
4637
46
580
5
25
4
3
1065
10
43
80
11
2
326
175
2978
16
9
26
5202
3
1187
1111
28
157
5872
291
429
7021
1
632
3
16
1668
1702
3
1658
33
14
5066
677
62
74
1211
223
72
670
231
17
97
66
21992
13419
1195
571
271
3878
127
777
4419
139
298
452
123
4
29
4843
129
993
4791
9
337
849
19
19665
2
6753
2
222
2
6785
1
3
186
12
1700
134
13
26
2
296
2
375
47
2
35
1
21822
16
156
524
140
15945
7333
77
7852
3254
1090
2
543
13672
10353
16
86
2578
648
56
10813
279
7
3
62
100
64
31
1
208
156
8
67
525
1
6891
2
13929
2
18
1
5
206
16295
4
3399
4
1597
11906
3
4
2
220
58
4
4608
2812
9
4
8
49
158
5
21
3457
661
5
2007
502
823
845
6181
41
2932
676
3
2
6
641
6870
9
77
6
1018
4
1
3
93
10193
1048
2
204
573
1563
2
8
400
11102
19696
3001
23
504
1
20
6
11
7
3020
85
9128
3
1992
343
906
1378
7
74
3
12
5
149
23
30
5
710
134
1492
715
166
199
58
2777
1
5
257
4
10304
63
79
2
5484
2392
255
9789
854
138
2283
11382
2129
66
51
71
11
12358
5
61
498
8632
6
1080
421
4
19
18083
1478
48
152
3
42
15895
23
318
11596
2
213
73
19
2
16
2173
141
64
17394
2217
7265
838
13
758
3
66
45
876
1
533
18309
1
600
4
186
3639
4776
263
5178
16757
1357
7
7
20
920
44
9
4
9044
3890
19
2385
17286
489
6095
4
5292
14436
19272
16653
39
107
328
18
7482
33
76
2
346
11453
6945
60
32
1748
1336
1206
163
2
12093
70
40
356
1464
3
14
18799
1202
5
31
49
13398
341
9881
57
8767
2
36
2
9086
1287
1037
2
218
36
1
12
736
7
713
12
1627
76
5
2159
938
759
143
8525
11206
179
5
7
1332
5259
9759
2
720
3011
8
292
43
11171
2080
11
2
4474
132
431
5
10
20
10965
6
81
5
4
732
4
5
473
151
3264
76
17475
4
2626
6
15481
1934
9
12988
2734
267
2
6999
200
94
216
12828
11417
149
5918
1469
146
3
163
2
3
18337
33
63
2
11999
136
23
2
2705
1189
1
1078
5275
9
2445
12
6
262
1075
2794
3495
446
350
2760
43
1726
5640
98
18653
3
55
2
5325
143
421
528
47
3667
14
684
656
3425
50
53
458
9
111
15601
20286
131
43
17804
6
5800
14147
1426
24
175
7695
42
1
4
369
114
3
605
2546
2
11
183
568
3
16
2
363
18
5945
672
135
13
93
207
2
8877
8
3813
10369
7299
3
1762
25
14
4
805
2
3234
2
265
1
54
2
1630
4127
46
25
7356
16888
29
2287
448
3
58
169
14257
9
57
61
64
10982
209
5
1355
6191
19
25
6
36
11068
2
1
208
21
1982
2987
535
8849
4257
54
1198
57
2
6
234
46
866
1368
2468
7888
23
1117
126
62
6
1
17259
13192
22
42
4140
1395
159
311
12
14503
3
4495
398
3
20
13994
3583
3015
277
8
48
8201
1
164
220
259
2
22
13
778
209
6
304
2
95
10663
11
3539
69
63
70
2647
6
1052
3441
484
10897
68
4
77
3
30
2
15
5
2
28
791
306
6923
10177
9
6
4798
5
1
1964
3
2
203
281
967
2396
6
6
1391
14
13
64
189
536
5098
2035
4
365
893
289
2
63
2090
13
198
7
1283
11614
7
1039
17887
5827
552
3
2464
8
73
95
2834
1275
3
131
5927
21
666
450
1
16270
26
80
748
8087
17
7
2203
44
1925
6934
180
51
6526
201
840
4
6143
122
923
4095
4264
6722
3
3
39
520
10931
17
554
266
106
11
59
48
86
1417
3
20667
211
137
1886
73
14037
23
5
1299
1946
2638
6
252
1
21687
14059
2146
601
690
4
6618
765
2
3
1180
105
20
271
40
3766
4378
2262
7175
4153
3053
185
14081
321
105
28
4038
8112
9
123
50
5
1219
161
13693
21320
3
1057
22027
12788
248
2
2039
8960
4
3690
153
14
1277
32
24
2
87
1
3
8446
1
657
3825
578
4
1558
174
3
1411
13
3430
8
321
64
97
5657
5845
19
6
45
63
1123
4
86
4836
5
27
6124
35
6356
307
1655
19726
32
1789
3
1326
3982
10241
793
806
13
15077
722
1176
1
258
18567
6838
2301
32
27
62
6
5226
28
112
1085
985
3795
4509
946
46
11
1
6
69
14
1
78
11851
2
17639
4
28
1016
2
11435
12
214
130
2554
6086
770
7
13757
3468
3628
18
1
11
5
189
72
5
930
2
2
1024
1142
219
828
2
77
5755
50
33
31
75
52
284
1
8
482
27
10
9989
7962
1256
10
13778
8
23
2352
4710
9943
4
1544
11888
2
35
55
647
32
14213
36
4
4467
10
138
15772
14
8188
3
30
223
112
73
38
13
20
391
11241
10098
335
27
92
4398
832
19
7344
266
613
6
9
8316
37
197
633
19
4695
28
6105
9
52
100
9
19
71
94
46
9
3
16144
18
319
15
3
23
5
15699
4063
4
4192
2
5764
5349
19973
17502
10036
1910
3452
219
4927
2
27
1210
1
16
6680
1317
34
964
1095
2562
878
15920
1
654
50
698
5561
19574
47
4
5459
310
12
1
5425
3
2
1843
21353
10020
162
2422
1295
8
6
225
51
164
331
327
5605
16448
577
2123
1943
131
528
6
597
10
181
20
2
46
15
51
14891
71
3
137
10863
3209
2
24
255
1
3
9
146
3
11796
16
1182
10
53
2
80
12552
6
16
1
221
43
7
721
58
10146
7310
9
1955
10580
2
136
19392
160
1
12
2896
8
34
1246
131
1770
3
1165
38
5544
55
884
21056
12
1
1104
1773
77
976
28
4688
4
73
2807
55
77
143
140
1508
1
1413
426
5
127
90
309
5
2538
882
42
40
18
9
7471
2
4980
1679
14525
283
16094
39
10
7064
3594
5
93
7600
16602
8904
596
10
2
12
3605
2200
172
64
26
4179
1
36
6
1372
5
2
2
103
4
14937
23
7436
6966
611
77
1005
31
5
390
7
4732
5
16
13
15797
56
17152
16119
2
2
61
8
237
20
115
393
3
84
10052
13
273
1107
9
293
2
15
11
1169
167
2196
34
3362
3760
1
4101
8329
2
8342
5
212
17
24
2
3259
4680
1643
1140
5
43
8686
17
2294
109
46
17179
1135
12
804
61
468
1
2323
4
13
17
38
6
2610
6
248
658
6
533
5535
3600
28
5973
5
8
3708
2
556
3
319
226
2389
15870
704
12
15
6827
24
2
1370
48
1710
96
17020
2
81
8226
75
8125
14
29
5
152
1230
13049
2
9
119
49
88
20129
21
7
2923
1404
8
6
12206
6076
4082
133
2590
185
8863
6506
183
133
396
3
19
2865
3
29
34
1204
9564
9402
2
46
1840
3848
1
1442
20476
1857
405
238
19422
156
1
9805
1191
2
2
9
30
8499
975
1697
1
217
104
5
69
163
21419
2622
80
99
755
22
739
93
1907
2
2
11
1
1
943
11311
2910
2506
40
8
192
7779
652
2
2
24
5909
150
2
316
13
298
3
103
1001
6
78
4244
11
2
169
20
4
1602
8
9
2
1073
146
3
355
3731
14
14
988
3
2
6598
102
167
104
1
9214
44
196
2415
1
1259
903
996
3
39
6557
413
2
144
9315
235
1515
19004
277
18770
3
242
1689
56
3
350
13
351
8252
3
260
4
2
548
2
1806
15031
6336
2
392
1
579
9
17
5
5
2
70
57
1
284
11
185
62
1422
1
4573
2166
12591
419
728
888
17859
9
1
9
8049
14
784
18480
20571
1
4
3
1305
37
2
1
155
1
853
12
375
127
6
2
4159
15124
19182
629
3577
38
3
11814
3048
5467
11980
4
9171
6
6
1
7131
4251
394
356
4896
30
21
14
478
18
495
91
20254
1050
11085
110
1829
18740
5701
11259
740
6
885
19
63
655
2
7
3284
64
39
30
37
2816
41
16
6536
1
156
3
1525
336
881
1
767
1537
6
1
7
6
7
32
7
2874
19
314
7242
4
237
9
3819
4
3404
42
13151
1
1261
32
149
1167
12
428
623
4146
3305
2901
123
5899
333
13
112
586
20
17
467
5570
561
82
329
357
173
798
194
2460
49
8213
2726
1
13
1
5
12282
118
188
4
33
177
340
85
31
905
4
19
1
545
314
2001
1869
21089
2
1
21
439
16422
23
18
7937
17
191
29
1617
1553
43
20035
8
1
200
7
27
3
139
5106
1998
188
2
745
397
818
1792
84
10
12689
82
430
39
7
5154
2
6
13
103
58
1
31
158
4
161
7231
12
3801
5719
6
708
1
1860
149
21187
2
642
8579
45
2586
126
70
4
5170
500
3378
263
6608
1
158
20
81
7367
19362
11668
180
508
15385
1866
2
7803
416
5051
59
8
3
3
15529
16
9897
31
21
18857
7
387
5300
2441
10005
5
8
3
4580
13
17
7
20
103
5527
4
4
1
30
322
25
727
470
364
2
7413
2946
159
5863
96
295
366
8
1795
4623
17
3
82
15
13
5004
278
5476
3145
1453
1053
51
1
6912
39
11
1
19063
1
3
15
13029
861
3
6
503
5
1
67
3
67
1800
166
1496
6795
31
21
64
880
14
29
67
2
48
56
603
3336
2210
2869
4
294
2
10067
2
449
1112
361
7
6001
251
2
1
9
9
241
2290
12
615
11
213
9329
2618
50
2183
5
7743
18167
1415
4806
1
8381
56
10321
404
203
121
112
83
66
982
22
10
17
1875
5
511
7108
20539
16499
422
4
1851
87
4566
1
7755
11
437
7
539
174
696
231
9
2348
10
13
2193
339
4783
4
3896
11542
453
4594
66
295
662
34
10779
945
2
1
1313
1
665
995
10
75
148
3
3
2434
323
795
5553
19
933
98
3550
3346
4
313
8891
106
20
1077
1363
11033
2
2231
2
9
19
19123
43
13
403
47
82
5186
11759
6010
19
1809
4724
3
11
2825
60
4185
1092
31
3
13650
590
254
55
50
457
38
7186
961
4310
8265
8
4
5983
1
8512
26
4
1883
3331
92
30
10
18
32
15
6
2374
20
427
794
332
291
378
1575
7987
129
108
178
104
3169
72
4412
2
3199
3783
1351
8
19
59
66
6039
567
1131
1
470
6516
165
3
4
7153
15337
504
89
5
7424
2
18
80
11
91
14
1389
7209
195
1
2786
3533
9228
841
1
4
56
32
358
102
383
11832
18
3096
7
3111
9
113
764
1
22
1
12
21
2
8539
6
1
11
6
789
8355
711
774
1605
7
2103
425
256
35
272
6988
6
74
7815
338
3184
297
92
244
72
125
35
3
16473
4
2
1837
3058
19942
553
6
9866
147
916
17
1
6567
80
4530
70
2252
8
26
6
117
700
146
5210
15
3
6133
4
4133
624
7390
13629
1162
159
218
9058
85
7
8
1320
57
45
38
469
773
308
3679
11
423
139
5
998
2
14
712
2937
501
2
10
8
4
8
1137
3789
16914
3
19513
7900
138
14
6
1285
5090
23
242
12848
9257
2
403
584
49
47
18423
245
42
232
6
1
22
214
6774
2241
8137
2
1778
7999
40
250
6446
349
185
5
636
189
2453
45
304
689
6239
65
1
409
1
62
6386
2
101
10
8277
444
229
3
9143
1904
91
695
125
14593
2
800
24
1
733
31
21
10
43
1620
9
4
113
10
15313
283
19
14346
279
22
64
366
239
11276
591
2518
1
243
10
626
18252
7
4364
240
1
80
10273
2269
57
3
41
2594
19332
17
12611
222
151
1
6
28
1
8239
2
5
16
10
6258
383
4768
3
10830
202
312
2
2
1
2606
228
3
15
14
2
16783
28
3006
154
1573
123
13009
3
2
384
147
1467
393
1234
1
3164
15
1529
1446
18
227
3034
7
6
3
3
11
42
1393
13800
2851
22
3
6
12
30
7
1
11
2
501
19
90
17
2
93
1
13
2
507
2
2
29
20380
506
532
5012
819
286
271
5
79
260
9
47
2
25
4392
6
288
2
1480
862
102
67
229
77
2280
10847
82
22
2
12
107
2526
1823
256
252
18224
5
2
5122
2
40
1
815
5
10209
68
25
38
2381
44
2
443
11399
8099
15
12320
16
15723
973
1931
18828
4615
3
3
5791
2
1937
3
6816
35
18538
11
4481
7142
1267
27
9
402
198
31
21856
5194
39
2566
1
165
4108
1
13
8713
172
492
6268
3561
395
2
1
281
29
4032
3
13212
15054
2
18711
7564
7
181
2176
243
4873
972
954
4
63
5
1
14
153
4889
23
150
1
18366
2773
1240
7097
125
245
27
19880
89
6
21
6
2096
9243
6
3921
63
247
26
619
12630
37
24
6
8
332
2119
146
3
14961
494
169
1361
7647
18
10
7448
4
2
19093
1
7517
1775
165
1676
2337
6
13
1
78
43
6691
12
26
2
2234
225
23
1133
7
2634
1433
214
3
12
104
18887
2
452
2701
2
463
1
1171
4
2
8
97
1431
4
18
25
3
161
4
231
11506
340
11189
4
2
2449
82
13357
4942
8459
17
787
11777
26
2
100
27
9
196
27
16
11
53
99
69
544
16044
3025
199
176
1
351
1088
1471
2
900
5
222
3130
2061
193
320
2969
1063
2487
15195
129
37
65
1
4
3
7
52
902
14480
13
125
133
2
122
15
15457
24
17
810
276
9286
21
1
610
1173
29
3
223
109
137
17
664
322
18139
6496
2684
582
349
20
895
19
3
4
10880
41
6200
95
18
18
27
14616
1058
39
5
2
2
15
1625
1
11
4
55
202
52
10
2026
1687
455
2207
15
249
105
2675
48
7
37
8074
22
6219
1109
499
7
300
268
55
7032
307
940
21
5416
16
10763
1
58
4
3
867
3
30
31
34
38
20
3
10450
3490
1718
174
269
1
26
3511
29
2663
17584
2680
2
555
1208
8062
858
1483
729
7
16
65
2
11
27
9
1
1023
3
7
2
181
1506
55
1
1
4
37
362
1645
5058
4
12130
2305
6
5
3622
1289
3
9
56
1737
29
106
278
9744
5510
13972
61
3310
7
13587
48
33
296
8
1803
1
60
13
428
1303
178
21788
2407
606
26
9
6327
118
9
376
4
33
3
342
14
668
3
2614
4
5
1072
6307
57
20
1
33
16
6152
719
1958
352
3341
2142
274
21586
26
105
167
1
12455
118
228
68
1952
10
3
1
10
613
8
52
42
45
3
11154
766
3
306
3149
4331
18
1
22
34
24
19757
9200
2
669
4
170
472
361
7119
2743
388
236
3
1
23
2
1082
4
14
6
1
1622
13
12
52
1
51
7197
78
1721
2696
8407
12
631
50
540
1
6
485
33
152
12
443
3
4
952
1995
5
6
587
82
2
6639
3
685
2768
1
84
53
1487
628
201
2087
2186
12494
957
38
125
16967
186
16550
2109
679
121
230
46
75
40
585
1814
3
147
44
816
2
1522
67
379
1200
20004
7683
2
162
1083
85
273
4
10
464
4076
411
2
476
17
4270
37
5
24
4
11
2
1786
1353
35
121
75
11
13
4
3077
107
62
2688
1666
4019
3
215
253
3842
11
41
10796
2149
1067
6
9373
3154
543
5
23
10
301
396
2
4337
221
6
96
3
246
1476
163
3414
892
2
660
1
4
3
2928
238
7
54
524
2
516
4
114
191
2029
487
26
2404
36
21220
37
259
2255
378
53
706
761
9958
20926
2
14548
2
4
33
49
227
2058
6
6
11329
3572
2642
69
12
18111
1820
1242
5
3174
69
4
192
1328
10613
377
29
15
2542
2276
257
1
157
11
3
2
131
15
11
2
9
261
1898
203
887
54
4
2883
4172
4
32
17232
113
405
17
283
3
3
286
12018
276
2
966
359
17
434
20
5
13171
308
220
508
17046
5
4218
3
17340
70
622
455
21
103
20
73
11
21519
36
990
105
3
23
1
682
2
11016
1600
5622
12709
12
12
219
5
18
401
39
7
14
13886
14279
18195
874
1428
438
23
1708
97
119
2
78
1
1376
1556
3
9114
88
10
123
60
1
10
4198
2
6
13
3
32
2
8918
172
11
2
85
5
13
14
694
3860
47
49
4601
66
2514
497
27
8822
258
6057
1254
788
59
25
303
16705
71
1055
7623
10482
671
3995
57
36
15
5383
813
22
1892
10
6902
194
72
9714
66
4
204
12768
50
3544
19
790
1
15290
69
1
420
13482
253
11
338
407
2
595
117
1
293
13
42
53
13843
873
29
22
1610
206
111
237
8420
4965
15821
2
723
1520
26
5710
10083
3
2
8
99
5
3
5146
4
3506
10
2
17666
1989
2330
751
3
10
48
537
3
949
320
87
1
1099
4
2430
130
10
1
20
3
630
8
16
627
9774
14639
30
2
17
462
235
1147
3409
1967
160
2
9
1
244
380
3903
6456
4
7
2
20796
2
26
191
1
932
9
1236
22
23
16
13
112
16
2739
2
3479
71
5251
1834
345
546
5
51
3836
7
97
14868
2522
3
9461
5
12
17999
63
2
12729
12339
5596
282
10130
467
2892
20
179
20991
3290
255
58
19
3951
21890
493
5408
1155
67
20444
63
52
4304
5
170
153
6
117
7
5
2
25
1
224
1
109
9927
150
1021
5
910
8645
226
410
21
621
1578
6
398
7
9
5391
22
5138
230
592
1213
154
15
133
1632
31
1153
266
382
683
2363
2
8
9505
1330
7
13907
1
5
51
432
11560
2829
55
5
465
4
709
1227
187
62
3927
168
2914
3269
2
1
100
424
10288
2951
12
11650
4739
442
569
390
7839
408
1217
3
1
9072
3
1
37
166
13233
5
14016
2550
1223
297
15171
37
167
171
45
66
2582
16
44
1499
6162
261
25
3
196
3
2067
4
4950
100
1
7
1
34
6
9
401
481
128
1
24
2
1130
20
1
7
384
12
17099
21
4
39
132
575
15
6229
29
3725
3039
4551
1149
2919
190
6
177
13
4
1713
1374
15
4
124
15
8
300
27
529
262
205
16
193
353
4070
40
5433
4284
5
1565
20097
5648
999
1663
4114
3
6210
10515
4
2974
6406
142
26
10
1026
96
7635
2602
22
20828
108
132
14822
335
27
9358
18
145
811
259
5
490
9387
13
1160
2
18
76
29
12149
10
2
531
6
148
1036
4426
28
18
3320
5501
45
15
1
7
29
1922
12168
56
57
16169
32
7
4881
28
8
16862
3
3101
70
16320
33
17
735
290
106
5
233
3517
857
52
2
7913
13130
1872
1093
218
2
2472
4919
3
522
62
480
120
134
357
50
9
3
1
106
1985
2245
8
4166
8
1451
11120
1349
333
10417
2136
5
