12
1
292
28
3961
13
2
19
795
27
2380
5
6266
905
6
13
146
178
10945
46
8
41
45
93
12368
15
11489
45
2840
8415
31
4524
344
2
108
7
249
11
3570
183
4
2
27
24
13483
304
1171
7297
3411
21
297
9
447
341
7
16594
22
6798
9291
157
3458
33
1
4415
1
64
2
77
1272
3
200
1
16
36
4098
13405
3
40
11041
715
1
123
3803
3556
13523
3773
10
2
267
96
2
8190
1
68
1
7
2
3033
6972
10
13976
83
20343
146
1232
12142
218
395
16
523
202
2360
850
131
13
1
312
64
9336
3
3915
2
34
773
55
1
6
20283
352
513
79
69
365
3
9
4
2
2
5162
3135
58
2
298
39
1578
8
11
2328
38
4
35
10529
4837
73
149
32
34
1154
173
262
25
4398
5912
30
12107
355
98
8
70
1484
2
4975
61
1365
179
2
6212
5
15
19
2560
3
2
9
1553
44
95
963
14
16
155
111
3
130
4424
1605
3
5329
5450
18391
4537
9
106
7476
1
112
15520
6439
2465
16118
8664
1471
4662
1
725
1
579
10
4846
292
15854
58
1
2
27
39
2
1321
88
1
279
1866
5413
20
8
17
56
6
200
361
12037
6825
2
53
1573
3877
1
265
43
2
3
12598
23
17100
15
2
1359
25
9715
11456
182
123
83
49
264
19894
333
11
20
4
130
4
155
2
9
798
312
4
10
10
11692
161
14501
556
4
5335
41
3
1213
251
1
153
254
26
6063
101
2
1
3
1
3
1
4102
182
2
573
15474
1
55
268
954
345
18879
1742
13
34
232
14305
1
409
8
14
19436
2
203
1776
12586
2719
311
2623
91
90
208
3
15133
168
5460
2164
5
1214
9762
6
15901
302
36
10632
9165
166
1039
25
2713
2
2
10
5594
1635
7426
15580
8
1
21
5
5
2
55
4
242
487
4467
749
33
46
972
2
43
2
161
11590
3
341
4870
553
38
4
1049
12
789
51
8723
2
42
67
2
103
1705
16530
2
4
67
2296
98
186
72
333
14
1912
50
17435
18
9
69
2
3
16
133
214
495
15
4
4186
19417
1
3
52
506
11192
933
1292
34
9
370
156
769
2
4
5
564
128
3
29
11601
7
1938
70
6905
132
409
15045
632
5418
41
1316
1805
19
1141
3117
1
2695
4
13
353
2
135
3654
42
54
606
13936
33
7
30
110
1
197
4725
7
10118
64
62
1984
21188
5
221
605
1043
8302
1584
1064
13
53
1
12
993
433
16658
468
366
14099
13
2
6
2
17
132
11840
1
1648
2630
110
439
875
16
818
514
221
164
8
125
2
271
54
47
22027
10001
2188
15266
16952
6
18266
7
26
15
5
76
1
26
283
127
38
181
51
19
8
16853
280
19
424
89
209
4903
1364
4707
52
3
157
72
201
87
139
14628
10327
3832
7
38
1819
10
5082
801
31
1215
8791
1391
5
861
5423
53
4657
2
2
35
29
748
21
3114
492
1
467
843
12
132
25
368
23
3553
18678
6831
5147
3529
4
510
744
412
4
1
9
330
303
2246
485
3169
426
788
3010
11
1
147
13
296
8
4804
3372
1552
59
3051
16
7
2750
188
1
234
1302
2898
27
10
117
5
5
14642
15118
68
256
17
37
1730
225
17368
91
35
658
15251
10070
1
39
13
2
4
11
12
1463
34
383
261
333
15747
242
756
3
2261
2040
43
13
9409
739
305
173
107
471
1497
7795
209
4951
5273
1528
4
4
4795
44
34
18337
530
845
5799
11
206
263
2721
4117
18302
39
1077
3
274
2
615
43
36
4680
356
7033
1
8111
5053
3526
8937
780
39
19606
17034
46
793
403
30
3669
387
640
2
271
21666
652
166
2413
438
143
2740
1
6433
6752
58
2687
9
610
7136
1
2608
18213
173
39
11898
27
18842
2148
35
28
477
5
7
2429
28
2780
3
116
1266
11
20244
154
92
5
3
6
143
3
1707
21
16
1804
2
27
2772
272
8
1114
117
64
363
62
347
9
786
5172
19
1783
278
57
14017
166
4
6236
270
1417
12635
90
2
1468
35
2
4617
252
874
7542
1
3584
4
2565
3
16
349
1
22
2628
2
21209
12225
6
2
74
5
4
17520
2
9
479
20
2
5
10138
95
2082
216
6
4145
770
5465
11
26
543
5
4
9
602
3278
69
1499
243
3
17760
124
458
45
423
1
2
35
81
54
1953
146
9327
3495
1369
2661
632
1639
460
338
1400
1286
14
8808
11944
706
57
26
230
14
7
4
1
16
1267
39
31
9809
88
12249
3
2
402
25
31
5
40
245
1968
4
108
10
6648
5793
5
17933
1
4170
136
93
6871
21
11501
20561
4
13224
1674
92
14
1136
1447
5355
178
12
11434
3
1
2086
276
5
104
29
1506
33
41
22
42
14044
11
20701
1048
17
175
3
5
2364
3007
66
3
172
2
4
5
99
705
4510
7
15177
9
6540
3715
3
4235
2
3862
5573
5340
1079
1
129
1021
127
3733
6
7
17
14972
1
38
1961
2535
9953
137
5212
11
12
1821
1
1
4922
8174
30
8522
1940
6
322
2
5
113
1964
7
19
796
2
5
157
307
3395
7347
1
429
8399
44
6
20842
5776
89
8318
1032
33
16
18
45
3
3150
6891
459
152
105
625
8
247
137
8270
28
4
2
3
10
200
4314
1
697
1429
8
7040
87
876
11467
14
1561
14828
11
694
1081
4
736
28
17
17334
1762
22
354
575
47
980
37
7013
17
10798
117
8
445
45
867
240
163
9007
1354
151
3063
41
1372
4684
186
2
7
298
308
127
651
1
51
11921
3
2620
3126
513
338
7
1206
250
15
5028
3
13
33
27
14929
49
5167
23
29
679
4
5929
5
14
1112
111
66
5
9
1
6668
2355
2832
31
5787
11829
21729
10
63
17
172
12
3
12
26
1174
4
32
1
7
39
10
998
252
124
3415
157
4330
28
253
284
2
4
7
5381
3272
51
3
7047
292
3
6
34
4689
3
26
14
1
12
37
130
4
2
81
122
14
227
21499
66
21
407
102
13497
3
25
11
8842
1944
325
8825
4
14571
24
35
4133
4074
518
14814
562
3
9372
18
4
902
7
76
5
131
5
1052
7863
42
20984
4113
6
2548
196
32
12697
3
7
1426
23
2
800
20501
66
3
11
2
7
6445
3
3
186
1871
1175
2674
119
551
671
209
549
137
2
3
411
6093
13
13922
1236
54
3992
537
93
4
702
7810
19
1294
17588
3401
2068
6
6546
759
21
21
1901
45
6
4
1
19493
4471
626
35
1658
14431
13575
18751
710
6527
1037
1
4385
3
184
62
40
108
397
2793
289
384
26
65
766
4034
7383
32
5222
13
103
2015
6
18
12
2
2160
7901
49
13
11863
3485
391
3
824
37
229
129
69
13990
1
146
11
5
15550
4190
15
5
286
2
9094
1537
53
10357
3
2
1152
18570
5660
14473
2
241
6081
14
14140
34
944
135
364
46
21
1
278
1
10
7095
2791
12647
1897
5
8
1642
11680
13
282
11
27
10735
11
1
16902
111
5
19248
31
89
207
21835
2
343
3
28
1344
729
3
77
21291
3243
12
1078
8254
115
4554
13
4
1
5743
723
300
80
108
33
1122
27
3938
2
970
1153
4
167
4908
14671
6766
42
2470
6674
1576
18769
17
342
481
4
1098
359
753
71
1227
9219
851
11031
262
2592
3
12332
7817
2239
2
494
47
2932
12
1
3
15
2
2834
256
1655
243
83
32
135
1262
48
4
7871
8
14
4
18934
17
41
1
841
2
2
3
10
399
20
12
267
611
131
9519
5732
6992
4970
21
11
88
2796
6938
2577
302
1609
189
243
137
4
173
1970
714
5
166
11
6
5
5
233
4
63
10367
716
6010
10
25
5
11203
142
3881
156
38
1
11
7462
5
1013
78
1249
1
3
400
107
1
137
678
21
5
2353
1062
8
6
3
193
19
413
1
2319
150
5
518
6
5
9886
978
4
43
442
5
773
9482
95
1846
24
419
199
2287
929
18534
20
30
5067
1279
1306
545
2
55
1
7404
1850
4251
2
251
4364
218
25
2910
864
104
27
42
167
264
135
21
21436
356
269
14
2410
171
877
785
1503
54
1930
684
898
5759
169
15
1261
1616
3247
308
619
108
842
69
46
7
99
3
1504
3
5621
4
2102
92
235
28
9992
283
45
183
12
17
501
4832
6521
12
21
7
1
3633
1974
3
107
160
5682
530
2
11
2823
203
310
10
37
1914
4
1204
37
583
4046
330
134
10560
154
868
14
18
20362
152
14
995
167
77
48
4
47
26
20
22
406
20
5
19
194
293
4
6918
21
2362
8359
1160
27
3
9
2
6334
482
168
4339
4
1621
17
40
4318
346
281
1051
10
420
33
253
940
7333
12441
303
18
109
130
1050
2
879
1428
1414
461
5350
17
777
71
612
2
119
58
829
19100
120
13895
6170
73
43
69
3
3
1473
5
58
1023
16772
17503
893
20
5709
2
141
218
32
24
117
22
8
6260
459
1396
17
7682
80
4
2
17469
139
8
20
1664
3
7
11760
1837
2
3
2312
14236
5
653
102
5487
484
693
123
82
751
74
1
69
545
906
2511
32
5
7
9838
63
3
421
1859
50
29
574
4698
2742
4
13602
11568
9
205
3
13
42
1702
4639
23
147
14
462
7623
1457
5
139
2
6
12983
16739
466
11
6
39
505
9668
27
10
1402
2
3
112
4347
3644
9
83
8310
976
1
3
403
569
1
524
1092
2
2
243
2348
1168
4
68
1
1708
866
3
393
923
11624
104
1
4015
4790
97
957
4
7491
15
6
6
67
9463
1095
28
6383
3
3297
4
7
68
6
443
5611
1651
125
2
2
8920
101
1
3686
220
346
38
3087
101
32
5
337
9602
3923
4675
23
4
6502
1
481
12
34
3
176
1875
83
12
8834
678
1
1143
720
488
2949
23
2
571
19
91
580
13549
6402
12002
28
2080
4
121
2
169
2371
6
33
328
300
2761
14857
2
4
75
9
4
11
11512
4
17
1672
15089
6489
3342
4
136
9201
307
142
4141
63
9
19118
417
3
113
3661
1
10808
55
9273
16
4599
92
15686
18516
49
4
2732
25
21772
1632
1627
1
8
62
247
6
3147
3368
4368
1
790
1124
43
2
969
10337
5314
301
475
6
1827
16
15505
1934
2807
65
1663
451
3
4
40
2
67
407
1
5127
280
73
2
9574
4129
8
61
2
8
1456
2
6
7311
13
9
2
2
1
21147
1199
17284
18787
105
49
2682
3
189
7549
2
3178
10
273
1015
2
9924
575
134
15
7
2
65
12
28
1518
150
3984
7269
102
3355
603
193
228
290
9
2987
4874
1104
7940
1899
7206
13173
1919
1
12
7947
7
39
197
2
4
3
70
8630
926
10570
19286
2062
6358
962
1
4166
19
3153
2651
21899
883
181
33
4879
37
1788
532
248
10725
4860
5987
16546
19
13
374
11214
1275
9934
2
4
889
2
100
6
1
2859
3
1
43
11886
4
414
170
1
129
697
255
1
10
3448
1877
15236
97
90
20461
10
5
1
20923
50
12477
380
88
38
2666
809
25
3626
5
60
87
19211
8214
63
1476
43
479
7
52
994
32
746
23
60
20721
23
10935
1
3602
2
21
42
1
7697
17
21
7593
297
662
4
1
1041
88
971
13
96
1786
148
75
118
1925
2268
2
401
51
3
1091
1
5
161
178
913
2250
2
9895
16370
147
56
7742
2192
3
20601
163
5
996
90
1
1089
88
283
8
3
7652
1888
1
235
11
1265
207
5
434
2
224
4
1107
1
1
360
2
4
2259
8142
13
169
3
1993
3
44
1192
5
362
64
1165
12833
6739
17
12
2990
871
27
8
12
1387
4
2692
40
215
567
13
1978
19361
6495
35
997
2
2
1629
5
2
2050
2876
10539
303
6
357
40
2
366
340
66
103
19721
19
1
10
1
78
329
50
983
3
1328
2
360
22
3478
2
2
159
646
2
48
2218
64
157
51
2
73
1
15625
3066
4154
1566
8286
197
171
127
19474
1115
20
94
460
6164
248
4
5754
896
12
4
304
1
9174
1489
20
9
64
15
12380
3
1
1096
5247
109
1
5
66
10
100
1
3
651
639
53
392
7579
197
25
9
616
90
59
3
8497
533
723
1
1404
80
2
9
87
8
1
14071
373
2
20
5
2090
275
153
7
6273
745
240
1185
446
2394
56
29
7
2
10407
20
9649
30
26
8
84
4955
2
5009
8
104
2
624
2
1682
79
451
1242
12
1486
1301
934
57
2
3
3945
7088
2
326
155
60
2018
11
5
392
22
238
2
15535
454
8135
15
2895
56
11806
3
27
16
2
302
4
2
2821
4577
548
163
1
586
4
31
19
8
159
2
34
2815
14058
9148
13
2146
5
7
429
3
34
266
20
249
206
358
5192
191
2
175
202
1812
2
10488
1
1807
26
34
6315
237
968
9743
1
953
5844
21004
2
2
812
11909
5
3019
148
4
3193
37
338
10
992
1221
362
2679
1197
4082
5324
2
2873
470
1
7586
1
2
4
3
6845
12308
1
1841
965
3851
7
3
13
33
1296
1
68
145
2190
11117
42
16291
16402
3
6152
77
14543
5
142
85
35
234
11
8989
28
2
1
3502
17300
111
10683
10
169
1017
3
133
97
2038
78
144
225
2
5
3
601
86
595
13392
9130
4
12574
548
28
1
144
8564
17863
12771
11258
8
6
924
2893
49
22
8095
98
1334
12465
302
1
20
8481
20146
37
94
3
28
3
1529
98
7
14
60
2927
10
721
10977
62
45
266
14
14347
15104
716
5
92
5107
5
2
2
367
6
2
2
5444
1
14003
7
18195
132
4
2
4326
187
180
1011
17
1140
202
102
56
90
82
31
150
19
11
12356
16
2
226
1156
8
700
665
2870
2152
688
184
2181
1
1477
946
62
528
1330
146
393
13721
10704
1
42
1105
1610
5
7
6
2
94
79
6
1515
688
1385
25
217
2952
28
4
4
97
558
2602
22
2
7
7455
12
2
3751
102
9
3722
15400
12
331
16
1
10694
7498
2171
11
504
847
16
30
2
62
5237
60
2
1225
17
21708
55
39
1305
127
11579
52
4
6
47
4
71
886
4
507
106
235
5
59
488
1342
99
2
4
20
2
18
58
2203
1637
8
3329
158
6
899
110
771
15
23
600
417
5
46
1009
162
2
139
1
129
159
53
34
11545
463
1747
1070
86
279
141
8946
29
11
805
471
18552
151
1422
111
96
1732
15430
581
1449
6
74
2
9473
390
12072
6661
527
25
1003
1
253
14417
3748
760
1373
73
1133
649
534
116
753
125
121
11
363
5
3651
106
120
17
7
228
7
10
539
4
48
47
495
9
2443
5
1
2
114
11703
126
4377
4
3045
29
6
68
283
3
15
233
1406
11
5941
136
7220
17
7825
1
2528
2
78
8
1
2
2
3
27
187
5
5
7719
74
20
32
227
16450
9
151
21250
14
53
1161
18824
1
151
7
13
351
8
9
3
15793
82
2753
2
5004
2330
3218
7963
8
31
27
33
45
1126
2
2
1864
348
24
1240
712
65
43
9905
21582
120
2003
61
538
10714
15640
14
123
13
2
1
7178
493
2156
1
2
6
2
1947
17
646
44
9
9318
427
207
465
66
104
12416
104
53
2303
8894
377
407
865
96
3197
813
38
352
18444
161
623
4
47
1598
58
13562
54
206
144
94
40
6297
3307
93
310
2
354
126
23
12
25
18
3972
2
42
616
939
129
8
249
14
11
15060
2254
8
1363
78
38
15
15
844
9
2248
23
21941
1238
3577
110
89
4
1
6
6591
1273
13
7
4
4502
10
15385
124
111
72
2207
20441
10050
216
59
4493
33
2804
3451
1117
9781
13748
2
90
13
54
3
43
4716
2
1444
22
5
14
25
261
476
22
34
4062
503
1759
849
7909
12404
120
7
8
918
11783
675
10237
12845
2
6
49
3704
12623
48
2290
3
517
10307
493
947
24
236
2224
43
1
2
1549
7
5918
5
917
43
18
21
2659
2252
290
12684
3
12
116
19026
1923
3
24
15075
17967
1
7026
7932
677
2
257
23
74
7340
8
31
1480
60
47
1
1740
12562
17
3166
2299
17
6965
7
54
23
108
3
186
18642
28
2
1646
13655
17
538
9112
834
41
6140
6
21
1166
2580
2070
2060
2
2387
382
6885
542
1084
1233
5182
6925
4
174
472
877
221
4
46
1519
11
838
8072
274
32
19
1408
6851
5872
19512
2
14333
16
6
3
82
21333
44
64
3
18480
81
3726
21
4011
11794
1371
7765
42
12
9982
8774
4497
114
4
2
7
8
5497
4
12709
64
5
219
15701
6
91
1818
2418
61
34
14515
19
2
8851
6
1555
5
36
3
13084
9611
14600
5901
4841
764
19
981
220
2458
4
10
16968
128
216
16024
220
2
26
4
4581
2
11423
23
2
166
13
4590
4458
18143
24
851
12213
1593
16
1
10
16
14
2
5
1
9
79
4
21
1
95
203
441
2698
23
225
122
1288
372
154
269
28
13963
48
2
6
12958
2
345
1679
728
2474
259
6812
327
5
2376
1
143
5
597
4
12
1
3025
121
85
12996
398
5771
10
12858
2
52
4
10
3539
6477
13097
17811
27
254
15
64
6
1244
1
704
1158
902
903
866
16
567
491
2026
38
825
1464
7
641
8
3
3892
2
3665
547
6779
1226
27
3712
4608
114
328
9
175
25
4912
118
7750
75
29
3250
271
234
4
16
6
1661
39
1
28
19
630
821
387
9509
35
203
1162
8
15325
89
15
699
8
448
1
5720
13641
368
2425
14
1
2036
99
3
19
1
81
6642
569
16
153
758
3
309
15
8998
19
827
6
245
8656
9500
222
10
14
5
40
101
5455
7
272
12
3907
13
1703
192
2572
7712
3
78
1103
707
1
5832
40
9
121
12
6
18
1687
3
2
2
364
18915
2845
25
3
3
39
19
12
16804
21
4
7
137
13
1
21520
68
378
527
5
6230
1623
5
2799
1
1087
9
831
7185
76
8
410
131
23
6
100
1
3885
2
8048
24
9
2064
5698
21
86
49
14
16
13
852
37
5976
8514
6
2
22
3431
22
12178
3266
10
2
8
285
264
11
384
1435
134
215
1
10387
4070
6
1
75
1139
170
1
35
1
2198
57
2508
13276
127
30
1949
11
83
1208
236
324
10
13071
5
541
4027
647
6
2625
15340
337
3
4272
16071
592
2
65
118
592
373
269
32
2
26
5
8
2276
701
13
3256
7
3175
9
2285
1432
1535
6818
2
3288
10
14
181
1715
10652
3138
1
143
19
20
4
347
2
76
19
48
11
424
94
642
14987
2173
1541
22
10
3096
1034
728
1
457
792
246
1
94
19398
8
14
93
72
143
2
61
38
4
3444
12
1
2724
681
3900
2
142
560
168
13
50
595
2
10
1
34
966
3
1060
65
19230
2
3
14
3181
8448
32
809
9790
6
7
708
26
18231
6610
2
3
783
1
25
14
316
10
2881
6
2
274
22
3375
20481
439
19
4563
18
47
486
3766
355
7520
4231
7971
2
436
1604
306
15656
1
856
3
405
51
138
855
2113
2
107
76
53
520
1120
2385
419
380
2133
1
22
349
3
343
8
126
189
89
2332
65
3081
1
15
5849
1466
92
2056
3
1779
20903
20264
45
67
18002
8150
534
55
41
941
5
22
46
24
6720
578
9537
8
12014
811
1945
45
2
5117
2
66
829
1879
2946
14
13615
202
3
353
2
52
117
563
21
2
7
8672
3
58
4603
1
259
6
895
13
57
1
2408
664
10
3
4823
34
45
196
204
9390
1862
307
59
286
2915
2
3
10
2
591
11
9
10
30
125
4
2
74
7
103
42
4931
705
5
3
3630
8
6303
366
201
14
2448
7608
47
3078
8928
2
173
1
1
153
2
490
169
1
7772
11956
2
19
177
133
6772
18
372
2072
51
87
594
8473
16165
1
932
82
3
16275
2
1
1187
148
485
37
11367
70
1211
9
2
8
5043
3
6134
115
5156
2
1198
51
2
8238
7
17794
46
3
2399
8294
4
2
21478
15
2
23
4
1
4
15
18
20
11
9427
2
1076
83
128
5
10168
29
554
5
2865
1102
155
1
2
2
369
59
42
42
20862
2
35
8350
13
300
19137
13033
289
117
11
5704
10509
14195
38
3206
4
1029
47
254
287
7115
36
3093
10829
29
2618
5387
1
413
24
2
430
13
10
2123
4202
6034
11160
2144
8
2
48
413
29
1310
8
185
1
122
858
8954
18037
3132
9
925
30
158
2501
2567
10
2
1271
130
8817
276
2
10
779
1
4
1769
67
12611
1955
375
16149
17
18319
51
1101
435
18733
917
14
604
1
6
8206
2518
18
7248
137
118
35
5906
1
1868
686
13
10
13855
26
1521
339
77
3
9
3336
134
315
20382
6248
16322
908
18
3
84
4
3
219
16087
672
3378
2775
23
11
2499
54
152
124
6285
1
42
11
70
60
428
1184
523
8
1
7081
3013
37
13
370
578
7505
21457
17051
1
1
5298
28
112
136
4078
1217
770
6
119
34
8
10
20
1
1040
5
3595
43
3
8
6623
28
165
425
2
10
1814
5
10
43
3069
177
1093
7304
26
2
4
90
2716
100
11
1297
3391
2555
55
123
535
63
301
5
4206
1
4086
11
1828
70
435
167
1
31
369
8799
2125
3
3004
3
664
479
44
3102
1
6
2
258
45
24
23
1695
1351
10
4194
14
11
11771
15310
2344
519
529
3200
189
12
4268
1281
1207
768
4121
2672
60
1259
179
3788
100
938
69
1
298
10257
128
2
911
1
8
9
4003
70
1179
3
15
194
3
12
210
24
96
71
696
1
2
525
272
3
195
22
202
7
46
102
1752
1
11523
11127
12
12
15162
5
1936
49
160
3708
16
3
10767
11646
7419
7
4042
1
14713
66
8
3
1749
129
9
660
2
176
23
32
20
991
888
10
16562
151
6346
20
2
11
18
680
1450
65
661
3
1800
11852
10128
2434
5503
196
8
4
17
4762
24
703
19702
32
16
19
2
239
32
231
7447
10
450
2
2455
12344
47
10
21877
288
799
2
7060
1
1700
2984
15
180
71
32
5924
6533
154
164
277
7
2439
3
5
68
5
10914
2052
2
13199
17
88
13536
4
1454
109
461
3519
1870
1510
89
669
3647
31
2557
380
2
85
152
31
155
5
1201
4
29
7
7855
730
48
4
71
43
1099
9
1
25
5
44
1
1399
235
3
1169
2
165
11378
588
451
3762
9584
4
385
222
149
16821
1902
2802
59
5810
737
10590
1
7
3847
304
2
3522
379
107
9
3
547
5513
11
472
30
6733
144
511
10
1959
922
1717
873
2
2129
1795
24
17725
18
11658
3221
4
512
97
1224
1932
42
3365
4
1460
6099
75
5151
269
439
14085
30
2462
16578
19625
71
2788
2
18660
358
13909
1698
24
48
1020
339
1
1737
14
960
87
45
399
24
7986
2030
17217
8972
15
2
16
24
27
12285
2
7
9677
1347
5643
19
1
119
10267
108
21
622
48
3
3036
3275
6046
360
4066
2540
62
15
2
12
260
4
6051
1675
14
186
390
2
5
118
776
23
2
9
5519
99
20303
2
14250
13
8246
1
9
14445
2734
40
14167
140
5
75
4
7318
3060
3
747
951
103
5
3042
4630
34
38
28
17622
104
7129
2346
41
8
204
740
4730
86
57
1356
8230
804
1
516
129
1
106
107
7192
6
2
2
3679
14
19455
26
10
2373
468
5981
288
168
7660
11
24
30
15595
425
9
15824
6
540
30
319
8539
5
6005
208
3
46
6182
18
6
1
8
7
38
2
83
3225
15
217
5687
8
1150
9
17385
3
7
52
19
118
6
398
8
1303
17
180
9
209
21065
11269
5
9
322
3
935
4
1722
2
714
4223
1713
124
9183
622
230
8465
5861
10397
63
193
12
986
6371
36
12820
10
8
52
223
2279
89
15
364
3
1375
2484
4360
15
4
121
4612
376
12060
55
61
295
282
5
441
19855
281
6
6
285
13366
1121
1437
570
12
34
31
474
1
1
115
41
3737
5
10427
15
5177
32
12501
3
23
944
2
92
11
9
35
1319
2
9
7440
273
18
751
6364
7802
6
87
3598
19587
3567
1
8087
5
19971
30
7157
3730
6
3
75
2
20185
48
4
453
10
4994
669
57
159
107
12190
2
4
12
1
5376
1116
7
120
7255
22
91
6
61
650
11478
2
4
7557
337
1159
3
101
32
1745
9800
1193
79
2
1771
3821
2131
842
20
65
139
9
762
5
417
26
722
3988
4174
115
263
138
213
25
525
6
5816
26
29
6420
8002
1985
2
743
94
16
1054
5
4
2
3072
16
1
48
155
21814
326
14
337
2496
1882
7054
40
1425
11
562
13774
5
3172
1942
124
17117
43
5429
78
7
6508
1173
4941
2
26
9593
25
7
2009
4648
4644
46
59
6
86
14
16513
6242
3471
5
8
27
8
11
6377
1339
46
140
2938
18
140
3039
1329
3658
2310
2901
682
6
24
1569
4407
172
7109
69
1
184
14
2
64
10
140
210
234
140
19267
37
453
6
12920
114
1844
6911
51
1436
1490
781
349
6451
3
11
46
9
772
1
122
8572
7
2
4484
3
83
3144
19530
158
191
650
1760
16
1531
3129
16
8
3
1186
832
19
212
446
179
211
17
10448
985
4984
315
1
2
15
1340
8
13431
10227
130
1313
214
85
225
11
181
2
2
320
1252
30
4
20
5
381
5
1
2829
5
6
13186
1066
7
30
2
2
4703
2084
5038
160
109
7
13
57
36
2
12970
17691
2851
1170
3690
55
6
458
13008
1024
78
259
21793
4
17486
42
201
190
2
8
10
99
98
1
1071
2737
2175
3
4023
131
27
85
1
316
802
2
21963
26
2
6759
192
16
77
11401
4
85
431
4
5671
544
208
40
15
426
1
3
6
21920
318
3
11
18178
52
18
421
3
1276
532
7020
12
20205
16
4445
1582
23
2
175
9565
3
29
20
2972
489
5366
100
6
2884
25
543
3957
1
871
948
10
158
73
692
110
113
806
395
21
5
27
2
656
774
2427
2907
22
311
10377
1966
3
799
1
20
50
13059
4898
65
19740
46
825
608
2
3434
12428
39
2
148
183
2339
44
35
2
26
4
5187
69
2
3
4
7
814
3
1
2641
46
56
36
2764
2314
549
142
1057
125
91
1
2837
2
38
3028
63
8
16
12273
3
699
24
557
1733
483
4721
2460
329
2
5227
9
4
17708
108
6
603
14
5
12
72
738
57
21
21
1
8
100
4054
9
2257
1
54
348
437
474
438
78
249
56
3
5033
8
322
6898
1
45
1
135
147
22
3
7397
20
602
6565
6
3
2
2215
500
10777
2
1890
37
1564
210
19797
2
37
5546
613
1
102
1684
214
17898
137
2
6
5
1
7690
58
1394
13
3
6464
2981
53
2
73
11
577
4
15947
42
41
406
6254
46
5737
856
442
71
4489
5
20
241
3
690
6
422
16418
105
6945
61
171
2244
33
41
4
148
12131
120
2420
105
24
18
9
6224
1785
1055
516
306
187
20068
295
5371
16
89
1287
2
7433
5
17
13327
1
7
170
386
1725
1
497
80
1987
12795
21353
18970
293
8
3694
3
5
2
8278
323
440
950
5
6176
1006
979
314
7
238
9363
984
8
29
13
1163
8127
836
12297
164
17267
3
21
6694
7
3968
907
3
13
10
12
2
784
267
29
4
1
3
21168
833
791
32
8547
1587
1324
6427
4
30
11074
2
1
1
381
4519
6200
3253
370
67
41
198
31
6
13
1
8
8064
2054
14
10621
31
3
618
10
636
267
2366
94
23
55
66
35
126
55
1650
2
869
10
1119
10458
30
4
9445
1257
7
17
22
18715
198
8
13
32
3362
500
1132
3866
859
237
33
1750
286
16181
8
36
16307
2482
9
6655
9
2
5407
41
9
46
29
2
9077
64
61
3858
18
4753
189
143
30
102
5821
2326
5258
70
416
8877
6116
15
3574
261
1
1
2648
70
18160
2
1493
10060
3
295
20963
8
2
1
97
4541
6
7
2317
7630
1534
7375
17
709
33
76
8731
2158
15
2
285
8
2
40
29
881
1544
1
96
6
115
128
2
21
691
64
3421
50
17
104
81
10
24
17915
1312
1194
8740
74
45
673
1
14487
92
294
1
15565
7886
1575
2
1976
2
258
486
2
5304
2
15415
383
242
2305
4420
214
2
7757
2
1149
564
117
7
8119
56
385
15610
1
17
206
870
1
1135
2
2516
3237
54
1138
6
37
2
1212
1596
1283
4
943
31
10611
12
101
198
806
16642
1
1
2635
138
1
1
2756
4343
456
8597
757
9354
71
12
40
321
671
15
4
77
987
2
128
2
12
11291
3616
87
563
511
27
2
6
1
13868
11236
21025
1
5
3
1
32
68
11
36
106
50
14886
1411
13
3
13353
1210
61
1
3550
4297
208
11009
4
14
8
20581
1298
2
1891
8
9
667
3
15
8
24
3
373
5
2042
73
1398
1
2
125
1843
185
3999
10197
6218
18
4550
177
1440
326
62
1004
2643
3814
5748
37
11
4
15
2432
404
9300
1880
4
41
81
10967
131
84
275
2
47
27
2
499
33
5
103
340
30
102
5439
5638
24
1509
5
307
5
51
641
28
101
3
20
361
5122
178
37
5
80
3
11247
19836
3
14
2958
3
1012
44
9050
620
837
49
213
5
878
94
2
5
82
2
5
9192
8
120
1
52
188
142
3
6
1607
12119
1118
3454
7
4
6700
422
111
275
1
299
4
1929
2585
73
861
609
71
2
68
11
10
515
41
967
125
11
958
12513
7
735
643
149
34
95
31
1
1
1
645
1
2
8
455
16228
1293
1855
3
830
4
191
4748
1
648
106
3
415
4893
7
2633
1
3
401
120
5
15
14403
17133
44
970
6636
593
33
6707
3
272
13
2383
1
854
343
4280
1915
16
3105
6
2613
574
9282
84
1384
15762
15732
761
265
4019
9
82
4
5529
2106
174
1
3123
7
2
195
214
54
79
6681
169
5878
2
8
4532
2921
28
2
1289
5293
257
19
91
10
10
242
25
610
21687
106
2222
930
81
4227
4214
41
12084
2
381
10
14871
21624
8
19063
11
133
345
667
4
185
1167
1
10988
2
17
3424
14
27
1421
8981
25
33
2
11990
16
145
1546
55
12895
6
76
121
665
539
378
11932
35
13
1
10
207
16055
3
1
8885
29
1
6
466
3980
7
5
7
344
4150
223
3
613
75
247
3926
132
175
7
15
212
7
2
114
3806
3492
1
2
2479
990
122
15
26
11
145
13
6340
69
2
1325
4
557
8440
325
12
127
3
434
253
127
250
1
24
580
45
91
43
5252
3
16
36
108
4
18
19759
9819
3
2321
735
1757
10347
164
3
19913
1
14
10
1360
4
17401
314
41
3
289
6
17
39
389
259
150
1581
17250
1
4666
52
1255
9399
3855
5838
3
3792
284
2944
4559
78
14
2
12489
5
9103
3
8
28
26
1
69
1300
4735
3
2684
2104
18
463
629
57
5855
44
9696
7
8859
3
56
901
9381
1478
4781
14126
17233
80
248
24
105
200
1190
293
14
3640
102
1680
5
2415
1
4
3
280
648
1513
7
2
11875
12
3
738
1550
58
83
210
53
3965
92
36
40
445
19
2
6
5
5
6
4
91
494
18
2
5
10
207
1
10
22
5600
170
3836
9528
733
2
2403
362
1982
1058
62
2
14799
83
1291
4
5
19304
4
63
323
1
19323
687
35
8555
336
4
593
925
51
12202
3
1728
7917
3285
72
2
1671
10
695
51
4
1317
16
3
13
415
1361
16
17067
1322
670
8
371
178
239
165
475
87
9914
2154
2538
56
388
621
9
33
13
13788
7
31
2022
20
2
1951
1433
542
50
3
1268
4
3461
3
21229
246
157
882
6959
19044
20029
35
4960
223
11149
268
4
13
1131
2
1904
1033
2904
1
1355
3
3
260
8757
11445
6
480
121
233
54
3873
124
3016
1538
248
2
213
382
64
378
3
17
9
47
1823
6
58
1061
4264
1350
36
18
3
18
38
120
3
26
2
72
157
4
8009
16338
62
2390
2369
13109
171
16212
20127
3488
3
2494
6321
1
12525
17018
5715
2879
566
70
113
4572
598
80
17537
4
11
9
956
9943
11334
2294
1991
7
560
3438
555
660
2
730
19
216
132
277
1260
376
48
17742
353
2341
5
4394
4
8
5112
1
1
7
1659
215
6746
14
79
1532
934
4
21
10549
97
81
245
27
10819
11084
988
1
4
327
2
17829
18
18897
1
1
77
1781
1
4
260
229
1
1111
3532
56
11356
517
19817
224
3
22
4
528
31
74
6
136
334
1129
862
9068
39
1
16
15916
18090
36
19
807
18696
30
13510
75
187
17
331
150
16
122
139
1
8040
165
300
44
5072
38
3
115
1151
17
614
15281
1
45
10297
15
8
508
7955
299
31
215
3591
921
7527
483
654
211
109
3
16196
138
15
8
8166
487
675
180
5397
6
7
310
17846
355
7978
5589
171
155
25
952
2
6
50
5
96
7780
2
13588
244
188
200
20
105
1320
6
11063
3
42
3942
1239
6865
964
107
196
19
8198
336
7
787
9033
74
1083
16
989
16674
1766
414
5309
20
12945
7
2
3209
6932
43
486
15
2
1927
1643
2335
4335
11280
104
33
6414
496
12
591
4247
556
57
4476
20661
211
13302
2610
288
145
740
199
74
24
502
49
3
489
100
10
1403
13
1
7994
4182
3840
43
1980
2119
5057
212
8
15
1
478
1
85
122
20822
105
627
13
16837
13814
309
113
49
9
266
64
12660
14
2
36
2
1230
13628
522
1231
1772
357
3
14
1496
5137
22
813
119
75
5627
2169
6578
61
16434
215
2
23
8782
2545
16009
2467
2
6979
955
72
750
2705
1895
1
317
71
6
12
10277
13457
13263
123
92
3428
8
2
277
2292
821
21856
2
82
5092
8
4546
190
236
4158
21
11345
68
2100
4
10
3
18
582
13761
12783
23
7276
9724
351
71
2270
8334
154
10
268
30
63
60
4
163
5207
17183
291
2
4480
15978
1
28
9
2301
2
607
1798
2
2
25
351
24
75
37
14
30
3
197
44
1419
5
31
9
67
18588
999
245
294
209
11
1
58
10
394
2
7
6
2
7
154
6629
222
5884
26
778
4381
3546
5616
192
428
3953
14181
1
452
173
915
20088
3
33
329
5782
49
1
9
17
9621
7
22
587
2137
70
97
1666
112
7
3
1525
2
13418
19
75
11669
26
257
3
170
240
44
11225
20323
18125
707
19192
685
7213
2
16
291
2233
13340
4
7924
158
44
68
36
5217
4094
2
412
37
4373
111
7102
1380
585
6999
3
4927
23
220
3
220
470
1
19990
2048
1
2
31
2783
123
11714
4454
11
14
17
145
116
6
195
2
8
3
4
437
6
1
5
2
7638
20
21984
2
22
387
258
12
236
11
3
7667
5268
977
10287
138
97
2
1
9
1
379
5
3
3740
1
110
2
47
3
98
239
427
53
30
2587
13
191
16
6
58
3
6616
2
11138
4
34
13949
789
2
59
1
2446
19
459
6
6
1500
8765
1
890
213
125
2
709
10
447
58
733
278
718
20
6
1556
10187
2
1483
335
375
393
468
1082
164
2436
40
797
4
2
2211
10417
11534
4809
9
12758
313
6
3
17
503
2969
3
18
2441
25
17
5492
18
1
238
7390
5
27
112
389
226
76
476
12
3
792
1522
16102
22
37
10079
2007
4432
2523
180
16
255
2066
927
2708
1130
5
1413
5
1572
482
6470
45
36
15459
16870
76
11
1
12
25
731
95
4
1018
1001
37
153
2005
227
464
112
66
1811
2
270
59
5278
568
1
1072
17
19
2785
2179
3
919
3
1
359
50
6
27
34
3
53
129
4450
2646
14
14
254
2
782
222
6
100
3234
3843
218
2486
3509
24
11
4293
13250
9828
628
142
24
690
3333
20521
1368
12154
11635
73
2
287
2766
4712
96
36
7
188
6
2
135
18989
310
17317
99
2
219
2
139
91
262
317
251
86
94
297
17200
6785
421
727
2
312
19342
2758
2228
15
84
39
241
10673
3759
14389
5471
4
1176
1222
356
109
205
2506
72
11
2
21374
2
5
1228
65
3001
16985
8367
1
1690
8432
1146
1311
13801
179
6603
12
8605
2777
106
44
8158
11817
18284
4058
1767
28
1612
110
22
49
5062
7
40
1250
88
7
3536
57
60
8
185
31
2
14
8
9752
10787
1
16
1
5
16610
2088
4799
5402
1056
455
39
32
15
4
762
3605
260
3795
524
3
25
10642
6
57
27
2
6
1567
20166
1036
7171
36
717
181
5540
2
4621
1
56
2
318
25
81
1
22
72
12883
2
4767
636
16
1
79
10468
176
3
67
455
266
9
23
2656
11
6571
718
188
69
3
1389
2
17
8
5
106
301
41
5197
233
2
12
9972
4
55
1
195
7
7
683
5726
1972
3
4
176
432
67
11
5
692
888
258
12
320
2453
745
2
15370
136
2
464
274
151
9
2
2
3
3
4758
1348
2451
8
9
7
6194
1
1
2
9436
52
88
2489
75
2392
1
57
24
2
89
59
219
12025
170
7
82
8902
144
1908
12933
3
19
12
20
3259
7
174
5
22
499
18
571
686
2
7
33
576
1085
3281
21
5
6
194
324
7513
1620
2
6
247
9
134
4
11412
4
3
490
7199
713
4
2
201
1
103
1
112
4
110
22
4402
2034
4
6
8
1685
5
11
53
8681
3
3
21
10
1014
246
6
4
276
9
273
1723
9
18248
136
17
10
1
9630
58
4255
759
1357
9
9024
826
18
5
5958
6158
4441
3
15
51
73
2935
5392
50
75
835
9139
4965
149
1182
8
47
3
332
1461
13694
1256
5
232
294
5
1
113
60
162
7
5
7727
4506
579
130
32
16
1379
17
13148
2590
41
2
50
2
3
6
9
7
4
8080
15
328
10924
114
16
72
14685
4390
1008
84
409
9309
27
15
20541
7283
2200
313
405
12
187
3
2
95
51
63
2975
35
4785
3
3755
2
10247
34
3
6
2
3231
308
1626
117
3
21
33
2
60
1
1540
19380
7
1
742
6
1
11
2
2
3
52
9210
31
5
587
20
86
85
306
1
7484
241
14915
512
124
16
3269
3
3
1917
19952
176
3
81
1
6
26
177
4
2
2552
846
318
8056
37
51
1602
177
448
4
36
4105
174
179
7
7
139
880
391
3
1
1446
1068
5
2177
1430
2
1910
67
1453
10871
18
134
4
5087
95
418
113
116
57
400
2
92
13708
1
1809
612
1178
8706
18
1
138
13734
78
15
22
13315
1278
11737
2
101
3320
31
1516
60
21
187
244
748
13470
35
14728
163
299
408
10663
133
86
9
20
6
1962
55
426
20
150
327
238
145
635
630
62
43
51
38
11
2001
6
7
6128
78
198
6408
30
52
765
265
15
39
16134
3
2
235
5
18
150
25
17001
9
41
336
452
15931
168
8
41
25
16259
3
8715
11052
2
57
8
1
26
30
13021
2
1
90
473
1277
1
609
2
4917
185
4463
7
8
15
2826
628
13828
3
20
505
84
428
3
8
4
3190
625
478
153
13
1053
15148
4
10207
1
3099
945
2350
179
1
32
1857
4
5345
6559
13
1481
1
12049
22
1
2
882
182
1218
3388
35
196
1100
659
802
12
2967
8025
14375
2
54
1128
19932
29
529
5605
2570
5
2
18
11556
38
1
40
146
20
9345
5132
4
280
22
9847
6858
93
18
2669
2729
2918
10
14
10
40
21
40
469
3784
6104
7
7878
28
2
1005
22005
74
10
7
11
10519
5
84
10148
331
14
20
242
3313
694
2677
2
313
105
16
895
1
10
54
2378
25
2032
860
122
1045
4
1
11095
10840
3
2868
1
3
70
2
6
86
6
35
35
186
19778
8342
1086
982
12320
56
38
2
19664
39
151
7234
2993
509
35
212
9086
4744
17
130
29
3408
192
2
305
5
1027
115
7
9
1
1022
9418
63
2
397
1376
1035
341
1200
7
4
290
14
501
2550
2205
3
1063
223
4
96
79
211
1
2
910
315
29
872
30
4
5804
1254
2964
24
1202
3
2530
40
3
445
5023
390
198
4
7
1615
10850
14756
2929
8589
11323
81
53
113
3
2
27
2472
69
32
3930
431
204
84
2491
18
20224
10
20621
4351
8
21
50
3
7
7006
7
19568
1220
17351
126
20
1834
20
12672
9639
13444
416
526
10158
1
5018
1
26
72
37
21
3976
5
4305
47
61
2745
914
1
423
226
13
645
83
10178
817
10089
13122
810
444
2995
296
39
12
255
5
13
5562
3294
1
9
3637
67
496
19
60
5
4
779
41
2
726
48
7
90
5481
3
1599
60
1653
80
71
6
5
11106
2013
8
37
4090
21106
4585
50
2
1326
1957
295
6597
231
684
31
21
232
143
5102
3817
320
4239
268
3
2020
15192
227
5
418
1442
17084
50
2
3515
2856
4125
3
239
815
99
28
8
25
514
16
17
3301
4515
3
21
928
2
7
334
9156
6952
515
6206
147
128
3888
375
4989
10040
2664
989
1388
5
1
11
3
20
95
607
62
2
3505
937
1853
371
5964
4260
101
662
182
4739
1884
1183
9
23
3719
40
3
5202
4198
4
216
5263
4813
2690
15885
96
1839
225
1
484
231
350
8
9
314
12
11
467
19007
897
680
20
2
508
9
12
281
228
2186
653
2
598
9
9255
21561
4
2117
14112
8506
4356
2
9
132
1
3084
22
1113
6028
2
15355
3
26
536
561
1059
23
4
2
16354
5
250
2
1067
144
12537
1487
160
332
80
7
1
663
22
14
1
541
11
3
110
2513
365
228
7
14319
3
25
408
1144
210
17
7164
73
2096
732
20943
230
4865
4
6291
25
13841
78
5288
19
3
5
5632
48
115
2597
116
18408
6
7
24
50
17881
3829
3317
67
13
1
3581
4999
1
565
3
18462
7
1
2
14
21
231
17985
1764
3111
263
194
287
1527
86
9963
3
589
1191
56
3
1007
61
498
900
88
1
149
786
39
1
50
942
4889
2308
246
719
2998
2
2115
59
12
4
7
2
2854
3
4178
104
16
6122
6
6
18
12
8407
44
45
226
160
1
162
817
246
8
14153
5535
909
14900
4568
55
521
9
2167
1
1601
222
1
795
1243
170
13
6
19
7894
36
5360
1377
3
1562
6352
3
6
2
56
2
13
9246
2600
2
21271
5
14
1
154
7705
26
9454
2
22
8182
93
465
2
6552
17
49
34
5
4
6022
1
1251
3
2
15002
4
2703
1754
3323
10
23
920
10
3
10217
3896
2
10317
2397
734
2
8
36
621
8
1677
4
93
22
8
701
6514
65
4
507
223
23
4
12
9264
20781
6
6328
11
1142
1
100
2150
9
1
4
8
282
540
21645
4
23
1
633
152
208
8748
8639
7368
2209
141
17418
32
114
2
44
1906
3465
15207
25
70
17639
1038
504
885
70
2912
1
98
2
21395
59
41
2
8
6
191
7840
5
2
3588
3405
47
6
1861
5999
15962
18
48
600
50
8531
34
134
1415
17554
21751
9
252
3560
1656
8326
3
13046
145
7
36
5
59
2
2213
5013
330
3
35
9
863
85
12
1410
117
250
369
17571
2848
12550
10
4276
15295
8
3352
6
12166
28
126
2
12870
18107
5
11020
5827
1075
794
436
372
10
4856
23
634
21
190
823
956
15839
199
2
6584
7
2
5
1189
2127
17674
3
1697
2
27
1
13379
8103
463
29
892
2
46
480
3160
12
2700
7122
2
1
588
20741
64
2017
2748
1418
46
23
8
65
166
39
4772
2265
4
14656
53
10
568
599
348
2
3475
17
4936
1579
3
1028
1097
2
15490
2
3120
776
4309
2562
53
1512
606
84
20422
12808
803
71
4109
2862
39
20882
9
4
49
8
3
1669
81
18606
11
4
2
808
782
1507
4
14
18624
9121
14
30
4
440
553
12
7227
11
837
5889
86
29
47
67
5
33
4884
42
2961
4
16
339
319
5
8580
32
2
1778
15
5
1047
743
1205
19644
36
171
1
52
599
456
2046
116
34
6
59
83
5
1852
33
28
14
172
200
112
5583
91
402
4050
344
152
1073
2235
8
5993
1147
3
115
1
2543
251
357
6389
4
18020
725
35
23
19
35
3
14
1712
10893
3770
3911
975
15
238
1
2
38
17
1999
10580
5
103
21
149
7601
17
125
1
10756
5142
140
107
31
3
12
24
37
2810
9876
388
498
1
290
156
31
29
119
1343
644
391
53
160
15778
51
4162
365
619
11
12
90
4
5
6
6279
1
10
34
103
45
161
2028
5232
14459
8647
13135
20
94
1
531
3048
27
5508
5242
217
5077
58
8456
1016
8
13
13
49
12
244
10
6
4
1640
229
65
14614
111
2196
14
11390
2
1026
111
264
30
3
13
1
13
2
2
13
33
206
11
184
11749
2
1019
1
3
18
820
3
2406
2503
5578
205
819
38
97
584
29
767
7290
3683
1307
4
11
11967
19683
698
558
2058
1237
298
570
2139
96
2111
5
5765
2
17
54
21045
2
2
6
3543
141
816
265
119
13160
469
1
165
2887
16
1832
16886
20681
82
1886
1177
39
2
11
6
9
18
1352
411
35
61
6
10437
184
195
9
1816
9
24
23
183
7326
159
8383
6687
2121
3215
6
655
1109
63
552
67
6
105
2
40
2818
9
12237
13882
1331
552
12
3057
5
28
149
7074
144
5
4
3
1738
9
282
37
2
147
2
1367
1830
8689
2711
14585
2
5654
1873
4437
12
1
76
33
183
3
15
9
23
2
182
3
1381
133
491
13
23
190
6110
6483
17167
4594
2024
2924
22
2044
3
6
2525
233
496
276
3031
16935
11
3
48
2812
3359
374
1246
32
3
1710
347
5551
4
7571
1
1
15016
12
833
4038
55
25
285
15221
10861
5
1727
1335
1474
9
27
296
2
10
520
11
176
31
19
1080
3
194
3995
668
3291
1790
3304
140
6986
450
10
1106
9
4
3108
224
119
305
5
582
4137
350
19
2
3623
2
5
1491
21603
6040
22
658
17656
8698
3
1570
3022
230
147
271
24
15
22
2098
190
55
2272
3563
29
605
132
6
19174
395
398
1282
7734
16
755
5895
5319
201
5
27
1
3676
1000
1755
11
109
15717
4289
6792
894
624
279
5
6
32
2595
3
3382
18
20
631
32
46
62
8262
77
105
657
559
1720
4
1002
6
4671
142
38
551
190
162
76
3212
6
5
10601
4411
8017
3
9
4
7535
3
15
4
14771
27
1467
573
6
317
1
288
10
20641
1234
84
342
18
16
13681
1
3
2
5
420
118
7
386
4
12
10
18
14785
1
63
589
430
28
385
6
510
3
33
423
3619
18805
66
14
7
3
112
256
90
756
1
4
4
164
63
108
11
15808
10
8
24
126
2
56
10
10021
168
9
118
3
891
4
1
2237
1
1
2
767
77
2
21
931
1044
66
5
85
6
6069
3
20010
13668
8489
1
9
16466
237
2162
19
7
41
2
454
388
4626
262
1592
15
2401
4
114
643
6458
19
2477
712
1181
4219
1893
229
284
66
4
175
1
141
7067
156
16626
24
15
22
244
3
16
17605
2
16497
5
1590
5
1793
677
18055
3609
79
109
822
526
3184
37
10498
904
8963
1
227
6
2
741
6
11
884
4
752
3
18952
14557
1451
332
1338
65
1395
5693
1624
3825
1
7848
49
74
1618
156
448
18355
5947
2194
13
2
4
1157
45
7787
8
3
3
497
46
1137
754
6
44
10109
5935
6805
138
1
2
3
72
2
109
1
73
12746
340
596
9
3228
51
6838
6
44
9
396
21
502
1125
29
363
38
5
192
309
1585
30
131
14
444
2
66
231
5
473
1547
65
25
7411
7
219
131
217
2575
98
405
10011
5
33
352
80
2533
27
6
26
26
1196
11613
18426
62
5
3
2
3398
6
103
44
134
327
3
72
27
6087
53
5
23
2
2092
30
82
4
16756
4693
9
15
6057
57
9
76
14943
1921
640
4
555
1995
2109
2357
12
4
8033
279
23
8911
40
119
85
6
25
11182
411
1
2011
703
77
3
4
85
2422
775
473
2
19
4
26
9857
2
2
10746
3346
368
637
431
73
533
152
1088
3
324
12
82
16
3919
3799
2231
1315
174
148
16040
11302
1069
492
256
3090
1
1065
2
19
66
18072
9
4653
1
2
20049
6
6726
167
3
14278
3339
9658
12
1
56
16919
5866
204
2078
1
1774
410
2890
2
689
61
2337
28
5665
2263
1
18373
36
29
89
4
14
335
44
1042
2
29
43
87
1645
2
584
22
18
1
14
3810
159
311
21312
7
162
15
550
14291
69
2
2
7361
141
916
135
4
857
443
24
3418
5567
16788
29
840
13
6
43
11312
182
7
1248
1025
60
286
2605
1443
14958
22
4
80
4
13289
2
7150
1031
15031
522
19
1588
178
1346
3163
9866
93
74
974
2
52
3697
1689
6188
7
5
13212
3781
3468
26
321
666
29
18860
141
21541
3777
912
56
123
8622
121
31
1407
50
14
6713
18
3
1
7
1494
9237
6
42
2
2135
3701
314
936
5
656
20801
42
148
9015
5524
633
3
99
28
3
28
21
5
6
6
14030
95
20
7
1502
7833
1030
107
949
18
98
442
400
531
321
1383
16481
59
8
13
1543
1
9546
7
21416
4284
6146
2843
195
29
3187
2226
2
80
52
8
204
9771
19
87
6
184
133
519
1
52
1219
86
164
93
1
26
68
6016
11
4
403
277
7
16707
1559
5
263
292
354
2
4528
4
9228
1634
18
2769
15671
1127
848
10031
14699
3141
14208
394
252
3612
54
655
99
1989
4
433
3744
550
1424
5
1470
2074
12261
135
49
77
7469
7645
3441
221
62
10099
291
3949
254
2
1263
199
11171
79
4031
273
77
6395
2241
4827
11726
4007
61
2978
12
10478
2141
1
11
7
2653
853
18
617
1524
676
15444
449
1558
10903
4
10
15870
30
15
7
7
887
95
2
2638
6878
8
17
342
3203
1
5
10
21086
1
16243
7262
15993
585
1
6
1
146
3
17
14
457
11
38
536
2323
3
4
13
12
374
42
9
25
24
12
1
2
322
16
23
432
12
359
316
3672
16
18
18
36
6075
377
25
29
6
3
15
13
203
5
2726
1245
2
9059
293
317
43
54
38
20
1458
618
98
3
8
2283
8
367
22
4
68
384
61
546
7564
15
19874
6
377
128
11
47
335
13
257
20
1
165
32
21
2
419
205
11
305
4851
79
404
3
167
2
74
80
53
161
56
2
3
1595
544
1148
16386
9
7
17150
100
5
39
1
34
60
959
334
2
9
909
3
8
18
21127
5952
18
961
1743
9556
159
163
23
449
19
2
2
2274
36
5283
3512
15
211
19
627
11
48
1337
5
48
58
21
24
537
217
4
3
4635
477
14742
674
2615
2
673
70
2
3
5048
17
2
47
1692
8614
2
1797
17
4428
16
172
1848
4
20107
2
161
6
20402
4
590
565
24
1
126
1667
764
14264
5676
5649
12095
12392
47
20
5
682
3
13
4243
3
1613
87
113
2076
45
98
6
5476
1439
89
13237
638
2955
506
229
3054
401
114
14842
71
15
521
11979
8
3
31
3
4
18498
7354
1308
1718
1
10
48
16
12908
7
232
9
17452
4
2
8222
16
59
2
8
1835
76
4322
6
358
10882
13
15
2520
3262
2
255
576
17950
3349
839
14222
8391
3157
52
14
3
462
9
396
323
2
19081
39
1802
3904
325
4
828
12734
2183
1
433
5
116
116
1791
1
10999
177
122
192
5556
77
415
16723
4776
9042
14529
1
1
1010
1
5970
31
1997
583
1392
4
101
193
3498
7241
3075
3
237
7
721
63
319
7615
49
1
8868
3
8424
10
615
1
16
9491
18
3481
3240
846
57
382
52
2
44
2
26
7675
1090
3310
49
509
3
14361
1
2094
1046
240
181
2582
1108
11
270
1693
973
8375
172
2
158
4301
635
711
9686
10
68
12453
724
5
28
2
638
20
1
4
212
1825
3
4
763
2281
205
7143
50
4210
93
199
9705
32
596
4
12721
2
8
12
3870
1
1
3385
5097
4
28
9733
7
17777
10956
559
58
40
36
2
2
12
21
2941
26
5434
19549
7
3934
33
7
156
4818
1
4
9
79
34
1631
224
1
13
16691
4980
1
62
54
572
3326
7
193
13
396
1
1270
88
84
30
3
1333
6309
3
29
1735
3
1
1284
162
19155
346
2220
4946
4
436
3
6
7
81
3
1
20761
