1087
92
2
121
27
4
574
2
5
3941
369
3
38
12449
19220
3762
159
9
4743
2
19697
37
7350
87
555
8814
2
5
19325
126
5
10
360
3
2
8
2
9058
2
8927
26
7882
80
1
2816
24
226
4
7684
45
2
2
15
3
1951
1
7
27
7
310
12
9548
454
51
35
4039
1676
865
2587
994
8
127
297
8
26
100
822
1540
46
2
178
8
3154
5485
7120
9
4135
690
450
2
18217
768
2
3589
11950
335
1212
637
8703
116
2713
21
47
732
7
558
7290
4
6
1710
2618
106
6645
2
21927
9
272
5
53
1
643
4
6585
5586
44
18250
7
7178
5
5694
80
3221
59
2
1360
16741
41
11896
57
212
6
9626
4
826
2
248
1133
299
16291
23
313
85
3625
5
25
55
3
4
120
3
7
10
65
3
64
4128
5
2
26
1
1530
1
145
282
3
11778
20077
11
337
17
74
115
2
166
31
40
5
154
2115
1168
8385
25
7410
2611
959
5
8
4083
210
1233
168
68
6531
12898
1558
156
359
390
13
9462
184
234
1793
409
1537
6724
24
139
502
5888
13063
1
169
52
658
11461
53
220
13845
1727
4645
1629
52
4
13
123
878
3721
393
169
801
1458
3
19
1679
33
7
386
9679
48
2
91
4549
8
2386
337
2081
224
423
218
384
184
5551
1544
142
2987
489
2
1905
10922
13
45
7
20
5041
5
480
18019
103
11
216
3448
508
1351
6051
4
181
39
12
191
829
4355
16187
11832
465
100
28
8
15162
1385
21
6
32
248
6
10804
5793
38
1147
2
16
3
372
19466
315
18
1563
1356
8
30
10092
10
1
3241
40
1762
2552
2419
5
1305
19751
12
21010
5
4
6
2408
198
219
1
894
381
2590
407
6
49
23
366
31
1321
13
2
4537
26
43
50
16085
33
35
3
134
3838
53
5
4843
6711
24
38
246
8324
15809
3873
18
61
132
3078
2
4
18
5
10
225
225
15025
29
497
2
57
1
243
5
8234
41
2
3451
3310
9
10
1
1003
9
50
11
377
7911
68
369
40
4
7
15
2
4009
93
18400
20445
4905
1392
306
144
9
5
60
2
1322
229
948
717
12770
9600
5
1733
440
12
536
3715
5
414
3331
2
1083
16665
1
26
4874
13934
18
62
280
780
33
158
439
2
19
1431
89
586
307
155
5087
1037
1246
18036
3969
951
18686
1506
7
3092
1
1564
1
1599
14
2
18
14542
15
4139
49
3
1
1171
353
323
419
9
769
37
16635
246
15
196
24
20
7622
1320
128
2
1
38
3
18
477
16
54
4582
520
26
18184
50
2583
4
2
190
1
176
65
8189
490
3
114
766
61
15
22
38
436
179
8279
28
8903
9
98
3
3
462
180
148
8
607
100
84
3863
11358
16
1852
1
2
51
1119
4
18
684
112
24
26
4
23
69
5
747
29
1
4296
3658
2502
4616
5251
144
5772
2
12170
3566
4
361
13
3790
2441
648
4
4215
88
6
2043
260
764
15581
10
2720
3
60
227
36
13
126
19
4090
189
8431
16
4
12
11286
100
5
361
8968
8377
65
1554
24
3
1229
1956
3
13
164
104
21
1
99
6361
69
21
263
834
12337
19
1738
32
4
3524
9812
2933
91
7832
20
4455
1359
1
4
173
12793
181
7
1085
2
98
5
3
1603
1
85
4
13449
1
1
176
11503
6095
89
22
8
26
5
238
3177
677
211
5627
5
21
18
1515
14957
40
62
9
2
9
31
2831
2
3759
6184
7390
2
3
3
69
427
2846
3
119
4
6
1684
1374
867
14
14
256
229
61
14
2
305
2
83
26
1
10466
78
14568
3651
2264
456
86
28
188
11972
19
2
7049
214
183
3247
162
46
96
165
56
3215
32
19950
1825
1673
1952
4865
10
4688
445
1107
10305
1203
10259
8
9157
1922
6035
798
45
2075
4459
69
799
35
535
1722
117
21144
724
833
3277
1493
3283
1144
2
102
11608
47
4896
47
1
17
318
2747
126
8
488
52
1
5392
4
5964
213
18977
1465
311
20
17
1
601
6
2090
25
370
1355
3
109
18283
36
35
9342
12886
11907
4242
896
6
746
814
3
335
729
2
12
337
8130
7
5985
5059
248
93
74
8196
1749
247
26
39
22
2
1970
13
1
11
20
277
12933
2303
5980
1681
14
3319
1470
13183
97
354
139
1010
1
2128
4
13
3328
23
28
5124
1341
483
773
12
5
7740
50
4451
1573
1
112
8
7976
6
771
157
67
1412
15
4591
18
651
44
444
7424
6
17
81
21029
1348
563
8
2625
21240
1155
934
3
2
93
6
3
69
9539
2
20
14
12
17840
7998
5372
2
6513
6437
81
121
5261
469
36
56
10
6
7100
370
4
1326
9965
881
2
50
13159
8
50
614
236
2
16
4
8
1691
12
5
8798
12049
10658
4
3
132
1
1
1
38
19
122
995
379
575
5
7107
2124
110
771
242
2
44
17889
7
1488
3
97
220
425
29
16
5078
138
7
12
3262
264
3
13
1149
1
7
5862
35
207
10333
717
16955
4169
5
240
6
890
937
8854
6841
24
18
13498
820
280
1
260
1058
7172
3292
458
1414
9688
178
25
706
697
4
17663
72
915
66
14112
821
3810
568
97
14476
10
209
46
5
9166
3
3
7
1992
2
2
5991
17440
135
1
2195
1896
223
1
194
3
22
13123
15426
20877
13
1281
860
99
12
302
20858
352
4791
10833
733
1190
278
10883
138
10
35
21610
15
99
43
2444
7
7
955
12
11123
3527
2
22
193
6190
10
40
35
3
22007
49
231
1
20520
1
47
2
354
302
2191
5782
8316
6454
207
2
3
4637
29
5
33
17
63
602
6
1053
93
10
2973
12438
10418
6
511
517
11
223
2
4
1869
3
6407
2578
16817
20
52
7
531
4
4
9
50
10972
1665
52
19
1481
8159
9182
32
77
325
74
2
280
249
12303
7726
83
36
6
151
3
133
69
13708
617
59
103
433
8782
9714
989
1128
12
11
59
16
3
5
113
8182
4982
2
7532
200
192
20688
16070
215
2
3
11640
2
21
1034
5004
5
731
106
24
192
72
11
1295
16
7
2201
3
67
85
1419
110
777
53
2150
1
350
327
1832
205
3334
6162
15384
105
2
2450
2765
3773
75
1
3172
107
8492
88
7
14984
17079
2
1854
41
7769
3265
17297
2
49
12
1048
9
4955
15
895
26
73
3140
14151
98
19590
4
127
56
48
4795
360
122
10
408
291
10667
330
133
446
435
6754
5
8863
28
19238
49
60
19
5
2
703
1802
373
7868
3
7
28
409
8
2
23
2976
1519
21337
4
770
5
168
19
115
2
128
5
66
9207
6
4
15
40
106
3432
3
8
7
2637
1277
398
5
3
1
2
32
5
2
10755
5495
52
21
3
7601
160
20389
5
3877
446
195
5
229
137
18
8
86
2
3
46
1
179
2158
68
913
7
101
519
2
7
6
666
15107
5
10
1
191
80
4545
4
3
24
4752
17
1216
51
46
21395
2
3166
25
459
19
397
32
11
4
7
2
15824
1
3392
94
5
45
3
843
6
107
11
1643
7
7940
621
264
71
2
36
11
165
22
2
672
10
1036
4
10648
8887
63
206
2
2
3
68
180
14849
171
21
9839
62
415
2098
1102
1
1
144
2
6
8
5
437
51
8
1172
412
14795
238
12
5
681
7
4
166
147
99
279
17
19
8137
231
4
56
6230
11555
23
31
30
1999
883
120
8415
3
4
923
39
317
981
318
4131
113
624
4
4
2
23
3
7712
556
1
114
131
2800
4
5314
6396
44
297
1024
367
11337
9938
1125
721
32
157
2039
1497
37
10
65
52
4
163
228
2
159
36
17
9274
2
2
4
29
7484
7
4124
3189
9116
10
344
3
10962
7
1026
46
1070
6
15273
21125
15
5
17017
478
153
2
2688
10
485
30
1881
38
11440
12
42
145
118
13808
966
79
1207
8
4995
20371
1
18
4230
54
5461
2272
493
149
97
2
1641
24
656
110
3
9
1
28
31
7
10456
70
72
7004
4
12404
426
1
688
17125
7
141
11306
874
14
4
4813
1423
723
429
1
1796
15983
16012
18703
14293
4561
696
5
6947
252
7296
4064
61
5
2225
15
463
11661
82
9
462
685
103
640
1
324
329
38
5
39
203
116
1965
4
3
27
75
500
21
3955
140
1354
15
968
44
34
2
6748
12
10
1
7
1346
960
13
6101
10129
6258
120
163
807
1270
9866
2
6
6878
2389
2
2
595
6872
1661
387
434
10
2
12
4
12608
225
28
1285
19
1644
82
1
2669
258
3149
59
61
14
1557
4
159
18754
21
21087
3916
10
2
1162
4
908
1
4105
33
283
1182
925
394
7
1395
13087
488
110
7
4
2
19
11875
5092
5073
8
978
3307
527
96
58
10
10475
1135
4
4
1801
63
1091
2
1254
1370
294
1386
3800
8
2
15245
2
115
7
27
5000
3
129
17063
29
31
38
33
4
695
653
221
137
1156
2
31
15
292
1942
216
7553
1
4
40
2
295
4641
55
1
2036
7
16
90
14903
2
2965
832
66
1390
103
21709
857
54
31
471
483
6402
152
2
90
12782
48
22
178
6501
3
1
73
16276
46
11
2
1
105
28
5
86
928
6
11
1
17487
16499
36
85
351
971
13267
1
546
398
2
1283
196
16
74
99
80
2428
6
3
8
109
4024
2
1
10824
8806
3618
19
2289
3
2495
253
4046
10533
1
24
1327
328
156
141
2
19
593
263
467
25
125
277
493
29
90
787
213
94
2111
15259
20538
2
3386
46
21
209
5725
29
43
2
2
12125
1542
852
7
10287
2229
4
3688
2
55
1243
9
8
3
435
1
728
3505
762
866
402
3
641
1234
3
1335
66
196
8339
18085
525
1
169
10111
6
2
5
11
3
90
9224
1289
107
1
20315
5996
1707
2086
1
44
1638
3137
60
3783
146
160
262
273
3553
3631
9124
3
216
24
174
5
544
8
199
4
53
6941
35
1001
5576
2107
12
36
5119
28
34
5046
376
11
19
792
2
3678
1065
19662
230
639
2
4343
92
2862
16056
2671
1
7
20
14
11
301
13758
13231
5
6
54
551
40
21
249
6
929
28
2
90
1
44
9
29
1
64
5441
95
31
90
5851
38
47
1535
24
89
96
4
210
3
19448
8
2
121
8
1921
17
17455
18
5937
8
89
2661
9750
1
10629
373
16
2543
2740
16787
12147
12
5
259
9
6
22
11
1088
17
74
534
1652
4479
15638
104
7
3064
2
16
21
6
1824
9033
6
17
2
94
103
17711
113
8
26
477
40
16
17905
2642
14
16
69
1076
4347
15
7797
131
468
6
20896
185
5
5
7
282
43
4061
699
3742
12
75
119
62
12370
2915
8671
11853
885
1269
233
11
2
261
429
972
13
1
10362
6
2909
251
405
18534
19877
3797
441
11
1
28
6
4808
12
486
5
112
198
704
5
5
2
63
54
3
5
35
2
14755
305
8879
2
279
286
65
509
184
2
14
1583
21434
5761
2511
1
13571
1257
194
873
1781
6608
22
7818
356
332
7567
8446
2079
17551
219
7011
2
37
446
445
15
24
6
50
9232
2
2922
18233
55
8362
278
11
20
22
1693
1
4
86
94
2185
5110
230
14048
3884
219
19
59
431
15
1631
14
17
363
381
300
22
5185
87
186
14423
9776
633
457
48
62
180
270
3146
163
2
2757
60
3
748
142
96
3033
1
4
4566
75
3
1139
137
8
6355
47
2555
2
35
2335
65
5
45
12005
98
16335
10863
5
234
12910
378
12
63
6
7
1687
4277
5
387
2
194
2
3473
2718
46
2
4447
187
370
36
57
15
3371
1
5767
6
1
37
8984
10638
11
146
19
9
4
7
5
6
639
496
108
163
521
4261
63
3891
26
37
6213
33
42
148
30
199
22
67
2635
11
1815
7430
2486
2280
318
5166
15
8895
186
279
12247
3
33
7217
1845
12
4
162
2
1
17631
331
8
7
10
1591
17
218
6
2852
12
1247
4463
5
12038
33
811
1
106
4
17
4
3
21454
363
59
208
119
1581
3
599
294
91
17
1574
1447
12059
2380
1178
1267
7
7
18840
5
7
4692
235
2316
34
592
2
1177
6007
117
3842
1
23
6
609
14
1
854
3
38
72
161
209
3047
429
15
21
16
476
4595
7
2301
500
886
12
190
30
892
29
3
11
5
1
204
389
18450
12
50
1
1
8743
5904
18
578
5
20
26
32
1588
44
113
1
4492
4057
59
22
66
3476
2314
2256
22
11143
2
2217
374
1158
65
14
15
201
847
74
2
23
2
9
63
839
125
4968
56
8
5606
2750
12586
3
2028
2
42
2
936
13
4
2248
622
3198
5
2
219
56
608
13
406
2
251
10
157
382
199
28
4658
20
33
2
1023
22
3951
2211
3
4079
82
872
2448
10873
2
851
742
2
13908
7790
202
2
178
7
4
1817
10399
5
287
875
1
12851
12
139
57
6264
6196
4
9009
4
708
2
149
740
7
5338
253
67
16589
6966
198
408
20650
2
26
137
1507
6315
5688
78
7
11
1
24
2
3
6847
237
13219
3
730
2700
1
16
18
239
1
32
2
41
8423
74
434
16
3
17
6
1006
76
38
4154
349
3
846
2752
81
111
14714
42
3
5
39
15
178
18
7512
7250
47
18367
4487
15553
11
5247
11767
56
1005
32
12
3995
66
498
2199
49
105
5704
38
160
12
25
15795
1201
3
179
9732
9662
236
4
1500
2
3
17519
89
114
594
18
4
4
782
220
508
487
2001
3206
11153
13135
11650
114
21
15853
2
16
28
3
2156
84
13972
13
21847
10843
19537
84
3
198
434
43
1194
208
29
16
605
2105
1045
4
4
650
1
18383
7343
986
265
4
210
2
21
7478
89
155
13584
5
2559
1732
2117
60
21
16
78
12540
30
7670
146
12292
22
18134
1621
773
5683
61
142
10065
102
547
73
774
15080
30
2241
48
5
6
23
23
68
2
990
6
3648
1
1062
6
2
1
28
366
3
250
59
9
16484
342
11703
1192
1593
1
6269
3608
1
6
68
3
764
3
2
3
886
113
37
130
292
4
14241
1705
1954
542
8
2762
7444
13
333
812
25
1175
3749
39
7587
946
545
10437
132
9956
13596
3698
2
4
1714
7133
12
14
24
2
13
1
10
16
87
195
203
2
424
19502
2562
6
7650
25
9883
21947
5535
25
28
587
8
6117
565
7498
27
1653
10
286
9376
8632
2
279
13
2327
137
6
4
56
666
14
71
788
100
451
2169
345
1
36
2278
6
1325
23
4973
97
3
1454
436
604
10296
5176
16
1339
6472
83
596
84
2246
6218
1376
3817
15356
4
2
20
7
1
1
34
11
779
381
1069
6
3
45
14
1340
3
11012
6
41
4
1391
8
1910
388
1757
760
30
1221
1
709
50
3
9
4300
12875
1634
4284
239
1985
18317
1
7075
48
4331
1258
1
1804
1441
6
4
3
1560
6442
1
134
18771
276
695
70
3766
2
448
267
10
582
209
19
287
33
2
6367
14
12712
14
103
299
1329
64
1
4
3408
22
137
4
171
251
11
13
64
3
513
8790
38
200
12
1331
3325
1482
2187
2
4
4662
957
8
271
701
339
84
11
442
2404
157
14
499
6304
2
5242
396
9
2424
10
15
14822
9091
87
5699
35
13997
361
3543
6909
3058
367
2
1
1
13621
1791
18
27
4265
6866
14
131
4817
400
2
1018
887
5673
5
4774
7283
14
195
113
4367
477
615
6431
116
3681
3
6
34
5
1
272
12
14
18652
752
109
3001
7904
5064
5
282
1160
727
44
1262
235
8286
3
654
686
2
1
1
26
3123
4
179
5894
4
5143
14
206
4
6979
5055
267
1
2
999
234
9050
16
4359
12805
4
17987
4504
585
222
30
4
5
1604
6519
17424
3429
11378
4607
413
355
1
3
8
43
1
3
1837
2223
34
1
3464
21669
762
687
147
3445
11693
1396
1
5
22
15595
1512
1145
397
2346
1304
5101
3821
1628
1159
2
3870
275
18
836
863
4423
8152
6
62
15
115
11597
12
1417
7
3
6
2
365
1
261
10
80
168
104
12114
40
76
9
6
187
479
756
2623
1451
5190
13279
64
58
80
86
3151
2179
15
818
1397
16
15
20501
7
4709
48
2130
61
1847
14
2532
2
3998
13
82
1
192
6681
1
1568
10
33
542
91
2
5
21318
2227
2
1496
25
385
22
71
17
12945
101
519
227
2
7663
18151
671
1
9
4
177
90
5
105
9017
962
1
6916
386
52
12
1797
482
62
699
332
1551
5285
214
132
37
1449
1780
3
21591
2
1103
21867
16
342
1
3852
42
646
18
2019
453
2
236
16544
34
24
14345
9670
19913
41
5
123
9
6602
36
406
52
3
18
1632
18
3
649
2
182
9
24
13959
536
294
332
401
510
356
22
11194
27
5910
8616
5
272
19
61
40
543
4
9992
2813
1
3
3160
2597
8554
13
55
2219
9099
20168
1567
298
2513
4308
12
19308
17873
661
1108
7
3
2
19
6663
2982
183
2
16
32
335
2
4
827
547
12
4
347
15
81
13
12
79
17695
7
6
801
62
19
1122
3100
419
22027
12325
5824
2805
172
979
8
8577
380
15
9445
23
20934
6112
1
1518
142
87
31
24
10037
16350
84
8838
6
30
172
173
1819
15
308
8264
42
300
10409
7244
609
266
1
1
1116
1
1
3
1958
12758
455
83
15
549
127
4516
128
199
1367
707
530
20132
16158
125
18943
545
111
4
330
75
129
10784
8
315
2839
2534
2
4632
330
14
2
66
234
40
9
567
7
290
2395
467
49
17
173
37
9
13351
5426
432
2
691
255
2
15412
1338
3
7
7237
2
48
13
250
6
19
4
1
8
9
4
1724
4
131
571
909
30
708
277
151
2
13
1616
5566
20
765
12092
1543
20
4234
183
7
2231
5382
1308
71
1382
31
271
278
52
326
146
8
5
5
41
725
4
2
82
87
22
154
13
8952
8
2
460
129
18960
10552
1151
28
1462
319
14
257
3691
58
105
1596
3236
26
386
20205
3343
3668
92
943
10074
15
17
4
28
14
26
9385
24
9
1972
2276
11746
1
2
32
8400
10504
88
5
13016
1820
3793
2854
1571
8
14
1806
553
2666
11
1311
2
2
78
1
13
3467
1226
325
7519
11534
20763
6972
22
1
438
58
13522
3
3
4683
2633
4
4200
326
2
1020
13646
722
19
1587
93
2
14
276
430
6
207
511
8
2393
4
554
612
14
364
2518
1
5
2023
2
5581
11
56
358
5601
23
11092
3
9
10
1
2
10952
479
3
11671
94
587
111
29
3
79
2
20
60
2034
4
2
107
2904
213
1041
1044
2096
21
29
119
3
17
7
4
7
791
636
692
142
59
253
2
124
119
10
3
65
559
889
8992
4500
2
964
205
417
12081
1752
9767
101
45
4
749
3
2
33
211
9453
3930
9
27
2
2
10
1063
1888
9402
195
31
304
20
612
7
18003
10523
2509
16
5611
8
40
1664
457
1893
3
21279
51
20669
2103
7
89
712
1468
2917
16380
3056
2
10
5
2
2649
320
4977
258
150
19
73
810
157
14930
170
704
6338
147
6
9283
47
42
4312
1
21807
19290
870
4
610
14189
267
3
14489
21
1
96
563
39
208
1439
1
3
7457
3461
71
252
12
9
626
1
449
11
1164
1051
1
129
1
12494
53
19396
12
86
126
5
21
126
10
726
2859
2
1570
525
2
1202
5421
5
9
140
293
11255
22
61
17
11
14998
3
1278
13195
190
4
5436
109
1
10619
7303
3856
36
3061
1
21
211
1949
1082
180
805
4
1456
1074
29
3322
8
5
980
11
1
24
7383
78
515
40
713
850
439
2
3
35
6
4475
2730
15
11587
2755
882
285
4
18
60
9
1
2
12381
6
1
90
322
5451
222
1369
918
70
877
15483
514
13
12
4578
899
5556
37
452
11
65
2803
5809
25
366
22
3
5
20
3346
19
607
3
747
187
2
1721
1214
13510
6
61
2010
190
14876
927
4113
9
2798
288
2870
6627
60
73
6
1252
82
6779
38
2
4
3
5920
668
404
743
2
18
32
251
4
817
17032
105
122
27
27
3218
15666
51
8
2
3674
3
291
15135
3769
349
10
5
94
132
6
2175
263
2
11864
1345
4098
2254
231
1096
181
93
1
13424
275
16
804
3628
3
221
17647
6
15511
22
21512
6
10
8
3316
1
6241
1646
36
25
14621
3
14
4
351
15
2
14889
360
3212
384
7
2912
5
7
6
8751
50
5
1
10
3738
31
6810
719
5204
31
2
220
761
11
387
16
3585
422
2
4765
29
158
3
1650
9
11
73
18
216
7
12
359
172
22
93
97
436
20915
10231
245
954
262
11399
44
417
1437
41
113
17094
662
1219
117
109
10
2
2497
29
1
1314
29
426
702
11275
1
13
10184
2468
1977
15724
1
88
1855
25
14125
110
31
5
17
13028
9427
4852
44
3
1872
21
31
18200
2415
61
11629
39
62
2
14555
21967
3072
166
522
67
6651
78
496
14061
7191
1
6
71
1
1334
1590
19
95
21887
1310
52
205
2525
206
140
67
16246
42
17
3
20
30
148
28
12236
15
15094
577
8
433
503
17
71
13315
33
660
3
11
1504
293
8
403
595
29
77
12
562
74
533
4050
1
120
194
21048
20260
7126
14228
15218
6555
2
76
524
84
57
1
11
2
17345
341
7
136
849
17
10
51
61
14944
69
644
155
52
2834
127
39
9025
38
18500
920
255
15
82
794
466
25
613
3
5199
368
15
418
39
629
37
438
3
128
490
1
2144
8354
10203
13
6350
212
6235
4
355
2154
1
190
304
149
863
46
177
337
14808
816
22
54
15624
228
1489
9066
205
1064
329
13111
29
243
19968
3067
2
59
745
32
4
5
12
6828
2
11316
28
23
3
327
6960
169
8943
42
13303
259
813
54
62
49
249
17775
35
93
12
1199
1
19
363
2
1025
10120
14267
262
11
7
244
5756
152
65
141
76
291
18
72
16710
4557
79
442
5
5
18
16410
3374
26
5209
37
2604
119
8
2
375
2
17471
39
3
4273
9
884
12
66
1
2621
4
874
166
39
46
4238
297
1
2146
8
10046
546
8078
2613
6
753
718
17
2123
37
319
9
124
2
1688
20
583
1253
13
18
1
685
417
388
3364
1606
1799
237
3
91
207
12
4861
345
288
45
102
494
5899
36
1094
2
78
3701
3
9
161
1313
4
11983
378
204
1
43
28
147
44
7
13985
1
3
3
3
15066
2891
1127
3
5
52
17235
40
6
369
1919
14
48
9
4
521
64
665
362
74
430
8241
41
32
7
92
16
5194
123
274
4
6657
5
19519
778
2
17
2
2654
9
8469
13
372
14
5
9266
8
3
530
24
1
5256
13534
1056
42
16971
67
4
43
9
2371
730
3
2475
11735
1154
775
4387
18467
754
12
3
415
15896
1362
43
13
931
4586
1
7
14074
6797
138
233
293
2
4
5
26
7263
6
19029
31
58
13
9
3
28
757
420
3
2
871
24
13436
4075
12
45
17
49
147
27
1
10
93
10
2
2960
3521
75
22
1161
692
6
253
16041
274
87
766
7
8570
152
867
2
47
679
238
72
4150
2
43
118
4800
16
3
3253
3926
4165
5
281
18517
15
1914
1
783
1
15968
3
4
38
82
916
8
2
2132
76
6134
19273
13388
615
234
921
158
268
2160
2
25
34
6507
27
1
153
27
502
36
15329
256
2
58
1
85
2516
2
214
241
88
110
17535
76
2952
3
81
1729
25
6
450
4
3887
7
3
3
1099
2
237
2197
5096
10
6998
10794
33
287
2
4
308
326
651
46
4042
2365
13720
7897
2
3
6224
2426
401
65
210
3705
72
262
19012
70
740
3711
1708
138
1
4
81
132
399
590
257
17376
2041
12
115
282
1
9
2
7
4848
7
2785
4919
5411
312
2148
8
20059
43
1786
159
3280
165
9513
700
34
8523
4280
3417
1935
1
2082
9919
224
1929
3169
9410
10
392
671
9
397
10
2
1
2
31
8219
1344
715
44
195
3
5
1690
5
43
118
13
16878
11032
4713
6543
6168
7
574
2
2171
61
13099
5
2
54
3
2374
112
2907
3
1656
18585
576
56
4520
6
27
30
1704
7
108
105
630
2
3948
15
6
1038
212
1
26
9
17
30
2
558
503
3905
53
13
90
6046
6
186
153
21630
230
586
4
5348
27
9947
3
3
2992
17
8
425
191
55
277
3835
3
2274
12
12
394
5
2
154
5
998
20040
311
1
1
18
46
13
3
17157
175
258
285
112
77
61
94
8
76
2
5
415
319
11022
139
5
121
52
133
38
22
19
689
17313
2250
315
2
3988
5777
61
15
20801
1
1926
973
20594
30
6897
6
8766
101
1
15
2378
269
3031
25
1
4
8
26
51
5530
22
15
88
11
3044
418
4427
1685
14358
39
3081
323
2
473
5
10
4
43
14728
5969
14916
577
18926
103
437
980
383
4512
78
171
152
259
175
645
2163
7330
10
92
6
2
58
2957
53
664
3
3
174
14306
14
14
233
353
6579
115
537
232
254
512
96
10
864
11682
99
789
3934
1
4
2322
1
120
5333
2
791
1067
2
944
4
95
382
3377
59
391
4
506
5
1180
253
1
8249
18
3859
157
2421
4666
91
177
11002
6128
12863
13547
528
1961
3
59
1275
6669
853
1
184
127
984
584
4612
1
288
349
412
1
2244
4870
98
307
1118
4739
11799
39
1827
16129
1
5
538
3511
970
374
4
739
3661
1089
411
2
10
63
49
23
7
1
11918
2233
3
238
13921
67
145
17856
1
67
914
557
2735
290
77
5152
306
13412
25
1
4
9393
11
14661
189
34
46
303
9803
53
13559
29
8
1435
33
7
2
284
532
104
17
6525
472
4761
336
14
2844
14
31
6
18
1
3289
34
659
174
16
155
10
2459
19
5668
1807
2295
4143
1381
1491
10447
932
111
3
2
2
69
45
634
1163
89
97
11062
17
800
2
4292
9574
29
41
903
553
340
32
10513
2
8461
1129
11
7417
81
4219
859
601
83
33
10
9
1114
1384
1130
2
9479
28
6
3912
226
4628
6705
1
8
16099
5
217
1357
2
7
129
13896
13
11
95
2742
1
34
3845
69
17
12
75
3304
76
1682
950
64
641
2
5
5
674
7608
656
2
1436
1290
4253
2008
3
2
5
33
132
1
1187
78
105
1947
39
2
80
8
16940
8
5814
247
56
338
4
835
1095
128
8
1886
3129
1
153
19
21493
1
26
6834
3563
13871
499
13
11451
357
1352
540
1
31
14
4
1105
161
5
1
89
5
1138
10
22
6
409
5
6621
6
48
37
176
87
2285
318
3
19
120
12
3
27
167
365
856
19484
18
3
5637
245
5275
136
3
548
13833
674
30
4072
3022
4574
347
1
4188
3
6
6
15
154
1884
1895
2252
13795
6
18
55
2203
2
132
455
162
2878
8830
12654
20
308
16726
39
7
4
13
9618
2
9419
56
362
4
5
471
4
20150
697
39
4
1775
6
150
235
74
56
240
2606
974
8
6378
62
9
7159
2470
314
2331
3
2
2
26
1713
573
118
21
5
82
992
8
606
1549
26
410
13
2550
5
16802
9
57
1316
9
2
96
3866
998
448
129
2
169
20352
3
2
1027
10
126
6
6
1364
48
68
1014
450
5
192
211
16
21
1743
1719
2
4
7
1702
7
420
5
167
18720
2
3502
109
5
3615
3
2
73
98
122
96
30
10268
3
10726
120
1
6
47
136
1
24
7042
48
702
6
3
993
1460
8
15
8601
5
21
1
46
1735
250
202
548
1009
1242
371
665
1
42
233
9741
10019
36
1
126
517
2293
5746
170
1857
166
21
222
11
131
13376
1
1580
54
1
8
1294
1532
3
1
8438
45
3598
3301
2
3592
90
17
6816
1208
14
2
1464
682
18118
40
2
195
105
139
4
4
24
115
1043
53
828
475
946
16320
2
3131
1077
635
45
7
3
19081
1
3
336
79
75
2239
21907
31
168
324
57
5
4
127
1120
7397
9149
87
3
44
4
6
1612
20
47
3576
2014
1
6
1081
12
861
18069
4
1
7776
1840
70
210
2
983
7
8408
13658
961
3540
3
19
14
488
1
7
8020
18602
4120
469
3423
131
9983
540
8585
1287
8500
8
23
34
3
190
6
492
11368
580
182
91
25
420
80
1029
4
2060
900
672
3654
18908
12
2
1469
3053
14138
2
71
5014
2
4
5
484
11
106
3480
564
734
6
260
3
8
2841
44
3980
89
16680
147
9592
7
13400
6884
1115
1
22
13883
1
1
8735
192
15752
758
620
57
54
12415
1968
14
6615
1
643
1
466
2
3635
47
10561
86
2
781
1445
28
3962
482
2941
2984
2297
7257
17
1106
2
6928
177
2310
40
185
289
539
24
10157
51
2287
385
602
10371
818
808
37
7185
2564
11
3909
110
3395
49
12517
1224
807
2609
5023
6484
183
2025
2
4
3
6736
561
10
559
2
1432
69
9928
35
12
611
4946
1492
9325
18
3036
1783
3
495
2506
5
1
121
650
45
184
1
1967
5466
4
2077
21551
2
10853
227
3902
79
2723
61
474
39
30
2529
1
538
55
13820
679
30
1
16
328
3
1
144
140
18
2
11
404
11
13670
911
5751
62
218
4
4
1137
4
5
785
14
32
2
513
15315
5
1
3695
43
1086
1623
7875
20632
33
2
15695
4
17
16
70
907
2432
2580
1
1401
10
1
796
8063
20482
683
140
965
1379
57
2193
273
100
14
9
9644
201
2
28
2
1196
7
142
116
6
8531
6
54
4
1057
578
19
1
101
7
34
14
95
5069
14502
744
1879
15
9249
6
1974
4624
611
5
5840
2896
63
368
7270
4
315
309
3
5157
5546
893
284
2
3
1741
5617
17
94
401
187
1
9
1
910
7
3
2
56
2
13
3
9
83
27
2595
423
1
1
2652
346
2569
27
3
122
175
9
22
8
12735
6
320
71
3
2
159
7
3
2
11409
5
6156
560
35
1389
7747
2678
7
19
20
12203
23
1030
255
4
3
644
2
2710
100
1
7087
2
15
25
716
39
427
862
3
5
776
63
670
14634
9531
238
13485
868
1850
298
5
3
1328
58
20095
7
1
48
1134
463
3086
448
1453
541
2
3089
20
100
19986
3
1050
5
1080
10101
1
260
2
273
23
11513
37
12597
11214
23
260
189
14608
170
2142
221
339
908
19
1223
10932
350
13
3
11725
334
56
214
4675
15
1508
8546
987
4821
4339
176
2
2
1667
3134
8
10
1271
55
2883
949
2
193
4
5431
2
185
969
8347
1054
1697
19
8
4
2
98
208
11
6384
68
8919
4
85
35
830
923
1
73
3
10
442
34
313
11
4730
4
6922
1
1440
83
416
4
4
3
3017
7
296
388
32
14674
16
1
3
5
81
555
51
1343
208
19168
1814
922
4
128
163
17
2783
977
1184
2
8226
2
1778
9
125
228
12574
2686
454
9
6
85
3
1
6179
4
117
11
23
12
107
83
27
7113
6822
738
20
4
165
13
4
10
25
2
3725
2437
38
676
4
14
2358
176
3
456
58
111
211
152
49
657
5
5
81
65
3233
145
11
23
23
5270
12643
25
9488
3069
21748
334
130
333
57
1111
2
20
17
8
4
6002
49
879
3
6
3
18
25
812
2
2930
95
43
3
1655
498
19185
1444
341
39
58
108
77
10
1046
557
2
4
1152
5309
2003
591
130
2
17583
14
38
10590
2
47
2084
2
7636
1
3
3
4
2
2
2
153
83
10315
3
1
5304
2
35
526
166
17
21
669
300
11102
6853
1480
19133
150
2681
1240
372
1
3025
12
29
288
127
54
2
1
11714
36
751
5714
1866
8
14
20953
3014
50
1
3436
122
11
24
1487
10
7
6
44
1186
411
206
17360
132
1
3
14688
129
1302
5218
28
7
1
2308
264
573
36
2728
42
858
207
15867
3966
2482
2872
181
10600
10542
38
473
41
2
1
3227
3368
759
7691
441
7094
1891
246
10
1995
732
30
3
6773
213
776
268
9300
1890
227
143
114
306
804
550
1
15
3
2
593
22
2566
10166
3389
289
2461
2
6413
1584
5
197
170
20820
6
405
11
501
18
5396
7204
21
9901
5525
97
3203
1
16529
109
1225
247
8
6068
3470
15
65
3
1215
2
8049
598
1981
16
3426
9308
975
597
2
80
2
11524
693
15204
1503
4246
11472
88
1931
474
1079
6
38
2435
14
12348
6
12
4524
1204
4
27
26
130
10
1222
4
3973
17
68
85
14
10814
4603
2790
15
8
33
2
6
100
8593
24
2522
5
2
2
4717
1994
11576
6
70
2
1
2
8
1
281
14
4
11789
36
274
13
72
1142
99
1945
23
2
14202
352
71
133
13
35
20
5
1148
15053
790
3
19
15652
504
5
103
6298
2
17954
35
66
325
17679
506
41
6448
7356
8960
91
4
3398
5730
11
1031
30
20576
24
41
3612
4
10
43
13
7
526
242
3200
28
5867
4991
3003
327
4
13
4
2
48
1263
4
25
270
9
585
3
5942
16
12
49
51
57
377
4222
8935
21987
201
1
232
2
14
23
58
4620
3944
104
151
1
42
13
1
6639
625
60
2
14
35
383
138
10
118
2683
65
101
3020
19932
11482
34
13207
8
9
1979
8711
2893
6766
6145
272
124
49
496
2602
22
180
29
3
447
31
6693
529
11545
19555
913
14581
75
2
8
3
6
229
1
2071
772
486
9
3
51
12281
1075
19046
2
9
443
2348
2
40
5647
1124
20744
1499
49
2
52
71
8071
68
30
71
6
2793
136
3
313
880
134
3
29
4162
11
48
12359
1511
114
3355
16
324
23
2
956
5
10
317
689
126
8
1861
2
3880
104
2493
1789
10706
1000
108
8005
737
307
2
4211
162
917
15190
30
301
17
4533
17
1744
8
3
343
2928
4
4304
594
5237
9
1260
314
1671
4
44
1
3
16261
10
9
10
2745
2
2821
453
3
9
2
22
13
1
2
140
22
2
12
57
94
3
1834
198
6699
9083
6
2
402
5
192
362
663
705
7
1092
680
11
2
3
4087
1
1
40
1
57
266
4
1
322
72
10277
2
26
280
14099
62
3959
112
16424
77
2
4
197
23
20726
6
12225
1
2062
1200
119
15
384
5223
53
64
102
312
2767
17
945
3824
9
25
9557
7698
5
189
19608
1566
982
6791
6
5663
3404
512
2
12969
44
5
10
123
3011
91
481
15039
5018
682
6466
17001
17172
2
2266
414
2056
348
2
25
55
769
41
11
6123
2849
958
1
2
35
4431
4941
34
58
10175
4
3
7224
3
21298
1
2946
21
59
43
2541
20279
694
5
77
5591
16924
3977
2
3605
8
1255
9
143
102
3
4
76
20
6
336
67
203
1235
27
226
54
18
16832
3486
303
11961
18857
11042
2339
17792
70
22
15766
316
2
524
11072
258
422
15939
2
32
46
3
88
383
10
75
1068
43
4
6
3383
7947
2
2
6
14
84
2320
5290
65
15
1
3508
150
938
803
66
5
1
142
11566
20
4892
1307
7990
7152
62
20991
14087
14332
1
4
398
694
15468
168
1457
3
23
53
21
11
2100
2237
2
7
186
100
6
18333
757
6
552
113
2
1
3495
763
15
3
10083
5709
344
12016
1
47
203
1773
23
7
301
5500
1
226
141
9
10
40
11
18
605
588
6029
7
91
3
16894
11082
5
139
7962
572
2676
40
1228
13
1166
3420
859
68
224
16
30
26
2
230
124
3
124
1495
3274
17615
8
11234
39
1059
3
9785
23
8122
18
933
1484
16
447
44
1
70
460
963
8454
14
5
37
1
7573
16863
2
2995
30
2
1
6561
1928
21
283
14
62
2695
1259
1
1822
5
11
16
8663
734
30
18
2
249
125
7437
3664
45
1002
58
41
329
380
2938
1
68
1333
177
95
4363
4
7560
7017
9
159
3
1867
357
8
11
1
5357
167
20
6
1716
4705
10
2715
1
1
10912
7
45
124
24
967
6
638
54
120
269
7
2
3
2030
522
1917
1640
10
3
4
4
9
484
1193
3
9216
130
54
2045
1529
1
424
2047
151
10428
444
84
11
68
4528
12
182
1174
45
107
20
16
5082
1
13858
7580
49
637
5050
755
235
348
10687
5
3735
2
9505
338
1090
465
476
533
17
19680
6
7030
14164
3
17
1
14
793
1
464
5232
9
23
47
110
21376
15497
9522
1
321
3514
4
1
85
7
668
22
203
2640
179
20839
6891
139
64
3
6090
1
320
327
118
2
2
3
1237
566
188
21
2213
1767
3195
2
6
1371
11
2592
3
44
75
27
5878
13
4722
9
2477
569
32
9892
14701
4
5
6
67
66
164
556
12314
35
17
3559
11
2
135
9334
1410
9
878
675
1
18101
1
17
2
342
39
939
13
2826
60
1380
20187
2
8294
1250
3
3
1536
2466
84
4
905
2
25
1020
821
2
29
4
9
44
989
12
8369
6
92
87
61
4379
947
1576
630
111
6935
532
6332
31
43
14463
17
7
1
9
17
118
2
2484
11
99
11
85
8
313
73
18568
3
9
2
710
21202
2
303
80
5505
82
11
1577
3
25
2
6
715
3
124
357
6018
222
64
60
173
20
3
713
7
16514
10992
6
9
12
2017
1317
19733
2
902
6
116
346
12
11
94
54
5
710
5
11940
4101
1610
146
2
3
1658
1539
3
2
2
19
32
8624
44
1188
4
18
2406
42
9974
8
760
17203
11885
3
13
2
204
290
4496
155
7
11265
13
40
155
8256
2258
58
1
37
10390
39
66
10
141
11420
137
2268
17048
1022
5
17727
1366
1117
2811
16
13
1238
31
104
175
3183
84
9697
341
3
77
2
11
1
165
3
11810
57
2616
1
41
492
296
781
74
240
1876
240
3
1332
6
19823
1
1
55
179
265
8
23
9759
283
2
1098
12
33
380
487
9
2
26
143
19064
2119
6903
5367
21183
100
107
20
153
96
15
3
2
1
21
223
2585
1711
1677
2628
1309
19
468
45
1292
33
71
8
2
31
14
8211
2725
378
101
6
3
554
48
1
6
6326
2369
32
3671
5658
1394
1763
203
1296
1600
8041
14
20707
11
346
7525
4383
6425
23
4
2
112
14
71
6597
793
2183
485
1
8
109
9
516
796
21
114
376
1
4
2140
4443
115
9
385
4467
580
3
122
64
17
17266
996
4964
1
286
824
1066
6591
12506
95
421
13946
1
5228
14
11
60
66
162
20
57
22
10494
33
16
20
14319
6013
2
1
325
7336
3
117
1
16454
38
5846
2
501
13339
2402
3
130
4196
2
19787
603
2571
4173
1874
14176
79
141
2032
5
364
7839
3
8477
997
3
425
314
5480
1428
10
275
371
181
1387
6
256
3143
29
11
869
21532
204
1179
55
2
151
1
654
13
669
4
146
3337
3
71
2576
953
550
25
17
2599
1883
114
57
5387
13
96
2
15287
19715
5280
3095
1561
410
85
5856
3489
2161
1073
217
20408
419
2968
20
19
72
2
31
736
14
2
3
37
4700
17808
14515
3
1039
201
7310
4
2
16605
736
136
3
18267
728
9
4
299
1141
5475
899
3442
2703
2
11327
167
12158
8687
1625
17
19
27
1424
2049
3
5931
45
1
504
4
2
21768
1
16
9368
4335
49
1140
1
219
11
5
70
3
678
1586
535
2
379
18167
10
79
8392
81
1626
515
215
6
4435
10
457
3
8
133
6785
836
108
2
783
1983
42
579
2101
73
2
15301
2305
1
4
1405
7
2693
20557
7146
3537
7403
5926
284
13
29
51
583
271
10343
1
738
24
78
509
3
20
5
5
1736
1898
42
121
7
69
10
16
19203
4
77
1323
5
53
3831
897
130
2136
5
54
1
15910
10
2012
256
8144
13695
28
32
7370
5622
322
15
5835
2
2
2
501
265
8
3106
54
160
33
170
47
175
4
16756
453
117
5
60
224
133
2
34
2888
19
12666
4
176
16
9
316
4
4
5720
3
1
2
232
3894
24
8
1830
41
18
130
6460
34
1
1
202
2384
2
14
64
2
1408
6
29
178
5740
1
5138
49
7
9
19413
11245
5032
1
160
16
301
8911
31
2
21
1375
870
32
32
193
13
5819
2818
833
27
507
165
6
17
22
4
3595
17
21
1859
2165
2
1100
8
16650
29
464
4508
1
4778
78
3
73
6201
3
12181
1361
1694
2026
184
6
627
6390
8167
24
7
241
7643
2
3
11842
180
1
21788
193
4257
1770
5
62
1181
119
1730
1377
1284
125
10
6730
1862
66
3
1812
103
341
79
468
1301
2865
148
3
9
98
72
1
41
3163
214
11
795
395
1
135
21
3
3718
128
19
1
2064
67
636
38
12
5
403
1
5266
1
1251
1
15
21
30
6
202
8309
12840
29
4
2
269
21
392
375
240
8093
568
2705
2557
3
15231
6
1047
4407
10
7
930
2
2
9191
1466
2367
5915
3
4671
1
7
1
2971
7
2949
1902
2363
6
589
1
48
46
33
3
4928
3
2
1299
63
3
19
59
4
51
684
2
6
1282
6573
2
53
4826
17
67
86
67
1
1
3
239
1522
2775
34
6
3807
2
43
46
70
4031
5678
13255
2
5213
8562
58
1
3
21728
252
7
1
1718
86
17
8
2109
2
53
5788
1011
1485
27
600
6717
2
1474
53
4158
6
3
15
2
107
4403
41
78
3
7323
4035
725
3
2
8822
242
19
390
928
1
68
531
92
23
60
15
171
2
96
1
2262
170
33
8507
19431
149
8
965
1217
1422
113
4
4415
53
2473
21
1
204
20
677
461
36
3483
5299
10
6633
10
15454
20
2354
268
197
17329
9
5323
1759
121
285
12980
2054
140
16365
19
26
2
788
2
46
17970
9565
3
28
1842
2
12192
8
58
1
1
514
143
1035
1
5510
93
18
149
1
753
339
237
4439
544
30
2073
21
7
9351
8
53
1173
125
92
18619
610
298
1
1
15
7363
33
3
5
164
236
5798
5
16
305
6478
12724
16
1
1
25
1
12563
148
36
346
12
6073
19098
576
4
9
2
3
2
11
3244
495
15
1007
2004
17282
10696
10
9
2
79
2457
570
2778
5377
16026
43
1
3755
9074
1123
51
407
12
21356
2
34
12214
221
36
1266
68
19
35
1
26
4959
18891
9
12631
64
24
819
1
4
50
11296
150
1613
9107
33
6
7
5
2920
18433
5
8
7854
6151
1040
3075
6
331
3814
3
1547
106
2
4923
188
21
2
12
221
12
3572
155
621
588
6
633
117
40
27
3923
623
478
182
2
1
281
1
309
582
12
5872
169
2
4
2936
5632
1
9
797
2828
10
1
8
421
12483
32
5
2
51
76
4203
2
16114
1053
2836
2
720
623
12
15370
6803
28
2
5343
5
461
15
2350
852
4
2
432
14
73
13
5
2382
1768
14971
470
78
102
1514
64
18
7
3621
343
2
27
8774
9141
1
16306
2397
31
7
36
264
12700
78
1
30
2500
95
3
27
2
215
2400
3
2
164
1751
66
30
1907
591
7783
51
123
3
227
2051
14371
494
1084
248
189
87
11
584
1244
171
1473
18
3
105
1
42
2376
440
108
10212
164
5180
289
87
12
7471
2
10
423
46
1
1
371
7
144
76
3
6
596
255
20004
6
1755
1461
7
6
226
17938
64
7
1197
6373
449
472
5
41
15176
2121
261
806
317
10609
8871
16202
7
4932
1209
126
278
15
124
31
102
13051
841
12
407
1
1
2
58
3313
63
626
941
248
3117
57
1
6321
1
14
217
2
66
105
10
8100
51
6
28
389
3186
3919
216
200
632
1871
17824
5
9
296
1
1189
2479
30
2015
36
4
3
2
1900
619
7847
4269
21
6
6495
77
73
40
19
47
1430
3849
1403
13004
33
34
21067
81
4879
2205
311
15
186
6247
2
599
89
2173
1013
809
23
5456
46
112
7811
36
2
1021
3
1033
1231
3380
7139
69
9
16
77
6344
20223
1
2
3
4
2
127
108
13291
830
201
9
2446
3804
24
13
20
144
174
431
197
153
358
1477
77
579
9
7
8034
4
15
159
5
4
6
7
20022
5
13
1241
7
60
1
19805
3268
69
123
7754
138
40
4735
492
13
8
15610
2772
2
32
1205
1274
2352
1
5133
34
12393
19573
741
34
19644
32
1015
1093
845
10249
5
154
6567
50
10677
12922
7081
14397
4
15
112
2886
404
9
8
2464
9
16143
7
1399
18
1131
405
99
8056
185
213
2674
107
305
298
1
11
185
4
5
20
3
2344
17219
15539
39
121
4599
3
1849
475
1052
3114
12
1126
7
5
355
134
16848
9470
289
4180
2
51
43
68
618
2189
134
673
20
1510
2
3
1
94
23
3
41
267
15
891
102
46
393
3
51
3828
3547
7933
34
9794
74
116
3361
11
2337
7629
46
37
600
50
560
161
6859
898
9
6
9609
11
4570
2
87
1
21
4
14
2
30
21163
50
107
10
16469
798
37
6675
714
10
43
23
3414
1746
59
11
3401
21
3779
2
25
1754
136
296
21
4654
32
8640
2134
4
3530
187
1912
8
2
3174
1578
7491
1
690
11
18
5115
22
259
3112
1546
2
2
3
2088
1
523
57
374
2
20
399
150
10
4
1553
16
660
17567
5
4
3
7762
38
10
5883
2092
9635
11
23
3499
7
4177
7
3937
619
72
14
168
4748
882
5561
838
183
10
18551
101
1647
26
107
2021
10893
164
10138
422
19
3991
229
17
1619
3
620
17
250
19
15709
89
101
3256
10
334
1427
1042
116
30
112
7
295
2
65
345
45
2417
340
15
20
14023
15925
148
8
22
786
2
1
549
4
293
1
2
31
2990
135
3708
1990
3
167
4483
154
4
13
13
4839
303
2
952
4
10147
2006
21106
1136
24
5105
4
182
1350
1049
24
19859
11163
1
14
2
571
2732
2167
109
37
4
13040
2
6991
7
15781
29
171
13745
174
14
40
400
2
2
197
2410
778
7
1426
28
17503
2
2283
4857
2067
21
331
1725
48
551
14
265
4
321
15738
2058
3
1
9
2
90
6024
3
3042
11133
10775
72
5490
133
13
4017
1206
2
4769
35
4
77
5
47
3
17
7068
1280
2
5147
3
659
156
5036
460
4
7
14741
171
5
118
6309
13
19841
2
4914
51
837
1
133
4207
135
92
7
15567
20464
2
15
178
3286
218
516
4679
3
19
3
1028
3728
47
698
11618
2
1
3
217
338
45
4756
3097
1413
10
14
5958
13
10942
20
5
4
20
63
815
4020
7
28
6537
34
4
17599
10
9
9910
7594
18788
4
59
3454
8174
3180
198
123
8
1
5
6
24
8
34
1649
1940
275
2
1936
200
34
6
22
411
606
160
9258
7230
4
254
1
11347
183
19895
13327
2455
77
74
14648
13
3
26
631
2
5
6
5642
904
5735
1
47
10
2
27
5328
9041
8
309
1
356
11
5
2
13
2647
11
1
56
4696
12677
1183
172
145
1132
11
185
3518
12816
452
3439
849
4192
589
231
3224
11
7918
243
2
15
491
292
1
2
3120
10
1
743
161
5947
1
3569
2038
2
7
138
395
1297
6286
10
6
9
17
676
27
1
13683
8
5571
10571
270
624
11
9317
3157
55
9
252
1110
6
1078
12551
15343
83
330
2
23
942
8846
19378
7277
1
269
19
4835
2
161
8538
537
528
10240
2439
104
13
5803
1276
890
2491
36
52
2
26
57
15997
21415
2
5596
432
52
50
84
44
2
1303
2
143
78
6
15838
6173
2788
131
510
54
7023
3103
17
6084
9
1
14
3352
98
41
390
85
16
846
855
3684
3295
7376
134
5
4395
46
8679
1963
648
48
150
10485
15
8
2
14410
10324
1
1943
5
474
103
34
815
3
4
5129
1528
80
42
256
1
20427
36
2
1191
4
191
3
1
116
306
242
11
31
20
1602
10028
2
15
123
940
8758
1794
5
10
173
5
28
125
254
3
2857
8
42
1153
10
97
110
35
3776
2452
3
79
18
2
117
157
16395
3
19
4391
1
72
4419
196
3
244
3
451
4
2955
94
58
8
19626
1298
1
7
257
11757
1809
706
16
333
1
5
152
1
81
1
146
22
1526
13
2
3
12
16
25
130
188
30
6292
3238
36
1622
844
4
11
220
63
4
1829
42
8727
13
11173
95
63
15149
4094
2
24
13
1959
12
4
14035
663
143
191
924
3349
182
5515
16
1
25
12529
1
7
160
1101
1452
230
1
2691
2299
312
395
1
83
8108
3
26
856
711
7
1016
64
14781
10010
35
6760
10194
9
539
11052
1
328
16695
1674
97
108
6687
438
471
430
416
888
1
2795
2
7539
3
75
2
322
566
3
142
42
16
8
3050
10
8
290
20297
82
1109
82
3
352
71
640
7464
9
125
2
4901
123
29
114
237
1415
1211
824
194
106
4
6
4351
653
11389
400
3
4986
37
16
281
28
2659
3411
1433
17
149
14768
244
73
3209
1
166
2
8976
2
376
20113
6
2
2
802
7
20
3
36
297
567
352
1448
2181
7
24
6
6207
1740
5319
26
2504
9
9
18417
55
2
518
135
2536
5830
2
41
391
73
15440
7719
4028
9000
1765
48
655
9723
60
470
16439
225
20
235
75
24
617
8
1
7
50
151
7036
37
9653
2356
31
14
18
393
8
572
7
1864
5
312
55
38
86
26
23
193
121
4316
3638
1261
12
5362
48
316
276
31
367
1
1501
21571
27
9830
23
3
749
5
2664
6
60
1609
444
16
7983
1249
4
47
26
1409
3230
2
3898
4
81
3
396
6
27
186
6
750
413
8
117
18
115
786
86
147
9874
16559
254
88
9
358
5
531
212
4649
1
167
38
310
8012
7954
109
292
33
42
1839
76
5352
9199
266
745
11
1
20
379
50
3358
6
16
3298
35
359
1349
21
191
26
10745
5
18
895
18
3
481
10903
14528
188
2
1997
24
10
14862
200
1525
9
506
285
3271
4
9291
13
2
2215
3006
17408
16
302
131
12
991
4
1291
3
9359
10056
1788
208
5
74
3
465
17141
459
4
1072
1615
17743
9
1
34
6
3
19
245
276
10765
4471
273
135
36
11
29
118
79
10
1071
711
3
1771
26
2177
90
5
10
2527
9
5
2
52
12689
12
1
402
5520
1365
70
2657
53
1
13
8
33
5652
7
11
635
377
1
4
8204
1
1176
108
6
99
17
1517
268
8271
9583
8301
49
1760
2
34
173
14010
3250
2548
263
1
4375
365
16574
7211
153
62
8085
3602
2573
719
1273
4
12747
9821
14384
5
4371
21260
19
368
2
7
6
5
14254
241
104
4
647
10352
13473
1
3
1
10
2
7
562
18737
11
901
628
4249
35
1835
197
3745
16986
32
5
2113
1903
32
47
4
11
973
3582
575
3
2737
6281
21689
1227
1
396
13608
5
158
18
200
3
145
906
2
662
1265
1288
392
3
4
8
4
680
2880
101
616
21221
1700
616
104
4787
25
50
9
266
1017
164
29
412
4
3
3
2645
66
246
98
1811
9
163
2823
4411
6549
988
3028
42
1400
3039
231
1637
51
625
4
8115
4288
513
755
2
4
480
228
2
320
52
1550
8
42
1
9
14215
3
144
48
32
3645
85
294
2361
45
15
489
19343
31
72
7969
1533
215
3
241
6953
12
28
14835
88
940
18
9
23
2329
174
1
149
152
84
69
12
215
8
8648
118
2
119
2539
343
18
1
1
985
18
561
5
1146
59
11
1
10001
2270
141
4883
4
827
14
47
480
934
37
1908
7055
13
16232
3492
1315
1443
19360
9
32
629
463
19116
5416
2209
80
37
27
3
261
45
74
23
8
6742
40
209
9
455
16
2138
27
2901
375
12269
1
6
2
10381
23
1
10221
8
53
63
2944
37
4
16
3457
919
134
4830
1594
95
59
25
223
7165
4226
4399
507
2
26
33
5161
2341
2
505
3
8332
1088
1
726
1319
12258
2
1061
25
723
25
144
18635
2
1019
9
14
20613
6489
5294
1696
6
13
1
2488
497
4068
353
13363
56
8
4804
308
784
4
310
14280
10
7062
12
12
13
9705
1
11
41
1121
3534
8
840
1
2126
67
9848
7
7
5975
22
22
16173
7
11821
151
6079
25
103
1
34
2925
36
1597
47
3
2
93
2
687
11183
156
6140
2
1988
4553
520
12
48
2
63
7
1
49
91
2
11493
735
52
1
4726
11430
18806
935
2
1
6
4
1
8
2318
110
38
243
9174
2
3641
8515
5
19150
6040
16
19
2291
156
13
20334
7
2
5
245
55
12460
2
56
2808
2
20
8
80
16620
80
428
202
24
354
102
4
56
4937
7615
14
20242
484
102
527
116
2963
652
8027
2979
16217
14
310
58
101
5
12070
17250
7804
4053
2391
3
3579
23
8484
99
13633
143
163
111
2065
7451
1034
7925
12472
1938
5
9
1421
1
11
8
24
33
3752
3786
30
7705
4184
283
5
29
17
1004
13770
552
70
8
12
2
2
1915
15525
35
55
4013
2333
848
12136
92
1
1032
232
12992
4888
56
24
172
20
16
194
174
350
3340
721
4
11
18823
1104
2
10982
918
300
5009
9
13461
6
206
55
344
9241
6
75
274
333
2413
2
1
76
67
59
3
91
5027
976
25
35
9436
8
7677
1
7
15398
75
79
1
247
7656
2630
14450
9
598
106
1060
4319
39
55
1
3984
139
11224
3
54
7
29
505
701
120
27
68
3
149
1
30
28
172
20782
7889
122
3109
3
4
4
4
7
9
1012
3
5446
244
323
147
1213
1372
6056
257
2
564
5
13
53
19
11
543
13243
2235
2780
1844
39
8695
2069
2875
8
3
3
1976
8
43
2
340
529
175
2
373
18994
647
13
520
842
518
14
1556
136
145
96
20
751
1337
1
2698
1659
14436
1662
223
2052
2
2094
6
2
16909
4
565
295
10
4782
27
2
1699
27
122
18874
628
3
225
321
83
4
7546
239
2899
12
581
196
4
222
4146
912
5
41
1521
667
2520
646
1
3009
108
4323
2152
7316
114
1472
1670
271
12427
284
3
20
8656
2
1476
27
6
35
9857
199
5
8
5
1668
18300
212
25
4
10716
34
41
1
81
3550
13733
3
187
3126
158
8
156
4002
10735
128
1
8609
1232
30
1
2
952
39
348
1055
6275
52
18052
15681
270
177
224
4
6
84
37
111
62
42
391
632
18350
2
88
134
250
5401
106
2
20972
29
3
1
1245
7825
3
32
3
2
4950
904
25
11
414
2260
9
5406
767
11994
1418
162
2
44
25
26
4
2
9
2
41
111
2
3
6106
2
50
1523
15954
27
232
22
4006
218
2
3
17110
2998
16
839
1143
27
831
6252
1406
3
1
205
137
523
287
2
12828
5541
82
5
42
13171
31
3732
2
3
21
13
614
97
18
1009
265
13075
6
1268
17921
138
3
3
3
13783
4327
1
534
7
22
161
1478
4
958
4116
21
246
17188
8
21
5
4
491
2324
20
2221
3
1
2770
154
1
2
5470
10
69
140
128
4
3
18
148
115
6
1097
39
111
5
5171
347
4541
15121
1607
428
13
10
4
3
89
11929
15
27
5
7
17392
12957
38
7505
18
6
92
11113
825
18484
10
2708
61
1
3192
2
55
23
2546
8
7733
304
8719
842
86
1404
28
5
10
2
158
10581
4
1986
16
440
12
15881
11
28
145
3
12103
2867
9496
76
541
7861
19769
18
2312
1635
158
1
5
364
2
2
43
3
4910
1747
1157
21827
98
12027
6
4109
2
2
8
14
15
2207
5
2
29
45
1112
3
124
1165
25
3556
2760
44
1218
1170
12
2
135
16
11204
70
604
88
3
156
6062
244
3259
7
217
7198
4
49
1933
23
13147
1236
92
39
14595
1167
1776
188
212
458
70
8
12620
5953
16771
21
21473
31
657
2
427
4
6
136
22
408
2
83
6
443
6
1008
1
6985
6
23
2430
24
926
569
141
37
1878
20
1924
65
1
809
351
181
1195
1784
6419
4
9132
169
1618
15012
205
6
3
1
93
9
50
17759
21650
43
19255
5
1
102
242
106
5
642
45
823
3083
1
167
592
129
15
18669
876
64
