948
363
2
2
316
322
144
79
738
1
4119
3465
105
14
37
17900
2
13114
458
12344
12
2
2452
11720
1051
6
6
7
13
3
20
2027
19348
11
198
5
2628
594
4
27
513
59
2
2230
3843
11
5525
3
550
2
12
500
40
7
1
5384
1
108
1166
5
424
1
790
8
7
214
3
2865
3
1327
5
21095
491
2
1
4
58
112
4413
7
455
15
3233
31
16704
6236
2560
1720
13458
16
14
2
731
2
4
4729
11
246
2
22027
157
12778
2
2
1828
7223
20378
28
33
242
35
10
4608
180
10119
185
4
3
17593
179
5671
2
6182
3
68
228
2791
1
99
13
36
1633
605
694
8294
1
311
25
744
1876
1079
1781
18
653
2650
17
19
339
29
4
195
386
3318
1107
8152
4
2495
54
564
15
6
8
6
1
132
757
2605
3435
5820
1460
1186
118
1
32
111
4263
30
869
1498
49
161
60
7807
665
11
35
840
202
324
5156
17746
2
23
8586
148
1
725
9775
21
261
11
176
471
26
2
10
313
11
16996
174
750
2
2099
8512
1126
5
250
1942
56
1271
21649
10475
71
167
637
9
63
3
207
3495
17
8
569
81
1662
3
4
21278
10
26
3
145
63
8
9
11924
15
9
271
153
3
1
9945
7099
17
13693
298
19516
193
2
10
1033
3944
451
5
183
24
1207
3
439
6625
22
12
5
2
2
3
2
107
66
4490
5
1
2
17
7
57
7
300
4338
5
3
43
6741
131
2991
171
2
2
5024
1538
4569
18691
21
21
1
173
82
1
273
333
7
224
2
259
2010
579
244
915
6512
30
13228
4
7
5
10
1
1
11
39
11
2348
3
1239
3587
1136
6
16561
435
105
3
51
188
48
18
8
222
121
19017
1
5292
40
40
11519
504
12
3178
659
5769
4
589
51
10384
6
15321
165
9
2
2966
487
17
26
7286
2
20203
1473
216
7
410
5870
18
16
61
238
8888
2767
3347
2249
4190
12
13
44
2
81
4154
136
70
1976
18853
5
2135
14547
2673
154
4300
1088
818
17
2
342
6
825
46
20
5
12
11420
6456
209
4981
5
15
14
1564
2308
10
14
119
3
9361
392
9525
92
113
7
31
1156
1
96
37
5431
10032
2
345
7349
13
283
3
26
143
348
3
47
22
53
305
12
8812
1
2890
559
1
2
1
517
125
75
2288
6
1796
5921
1410
1551
599
27
106
4048
379
1619
3123
2081
21
784
804
443
21
1260
9
47
1374
3017
190
1
4854
382
7477
20
1
4
54
25
15998
2516
9201
18370
41
142
170
2
114
1176
1362
706
9
10
6
5246
275
399
10
1691
327
7608
3
255
1605
23
13812
6
2816
13
14175
48
39
3745
61
53
11032
3
6858
285
797
3290
182
1060
2
73
126
2
18
862
1
7
22
1
4
3910
30
29
13932
15
1316
1042
211
1
4013
631
7875
884
5
8965
15189
14673
18056
1844
811
406
12
1447
2
5068
87
462
24
38
3
5338
2
15588
89
8
1386
48
6290
3
4
2473
2744
8
55
2
5
220
51
50
240
4896
6400
10937
2
16
16
7038
6918
29
64
2
14
2583
29
197
308
908
2328
5
50
854
19686
17
964
1422
52
3261
137
763
46
44
369
373
1592
14
19182
4
1
4
13
70
4
6
1282
1015
496
8013
4
138
417
354
574
205
483
3556
3405
712
43
8
5972
626
34
98
5201
4689
3
13001
5
19
20913
31
421
10657
303
128
147
6
428
9
2369
360
1
116
12451
620
413
2154
21463
3525
2
156
610
1398
3
2697
396
26
123
90
15
2269
122
62
35
939
3
2
12028
13
4083
32
83
4
14929
13342
1578
18
152
4
1648
160
80
956
1892
71
69
34
33
6
49
998
1
293
981
93
8661
376
28
1146
36
8
2063
14801
19856
1293
2173
10
1305
13575
777
8
330
17292
43
475
3
16137
351
24
278
9607
1676
4
7
7
19
20
1706
447
84
16849
4
226
8
20
59
2
1
97
168
6
91
4529
6
95
545
86
150
2
84
1766
3376
4
6
2
6024
232
615
9860
1735
177
3
2117
34
9
1
93
25
526
1524
9043
6683
719
1
1
540
8082
2
41
676
9
1197
15059
3713
124
31
671
38
23
14053
1
11822
1218
36
10
522
102
1925
14422
2915
1024
15454
58
2
2210
5622
268
11
536
1
19
3
3
17442
24
65
39
10295
11224
57
133
832
15
203
280
139
295
4
1
3778
3618
2720
3205
41
23
117
7413
3
4452
9443
2
4648
9
79
5
45
2
101
17143
10565
22
6077
9
2538
3
16
64
52
2
319
218
15
212
74
5
230
7674
14
466
2431
37
12
10843
2
6568
7
9
509
8223
21837
36
30
62
892
12559
688
4
77
88
1
10
85
847
1007
3979
12238
3
7
972
336
19
6799
1750
923
4938
72
266
3070
584
1
10
28
12
56
234
55
2
3
2
1339
109
1
2
700
5
44
4
9691
1117
28
4
1228
103
9122
7944
1908
2389
45
7161
200
6
3649
15860
7
46
2
1435
2
3043
67
104
682
4
1098
3
1485
1860
20
164
290
22
73
5478
60
110
8
366
120
3
11619
1
1
23
5573
770
158
4375
2940
16
2
33
4
19
8
236
149
5
7542
432
13
27
11128
389
42
1
11
4770
8736
100
1959
20555
18212
248
6129
67
1812
479
38
1
2
403
94
33
18
3097
7740
4812
6
115
10750
78
4227
6345
68
140
3
3810
66
77
9
6978
2
86
253
25
192
5
2410
642
1
8
1511
11322
90
1
3877
42
7
1250
16
18530
76
129
4
163
134
20733
931
2
5
1351
12668
15724
16277
98
877
989
75
5
13
5720
1069
27
257
9281
2
24
3681
187
14298
32
6
648
287
3
3
531
12889
4
3151
10206
130
20029
8366
554
1993
2191
8439
900
14
2840
12132
357
16418
2045
2
22
4
264
5112
1
