1330
9116
12
4
185
1929
21161
24
794
5
28
884
579
10
2573
18
30
374
7
9
278
82
5595
18
3
1709
5995
102
360
1
27
177
218
140
3
10138
49
7
918
125
289
125
19354
233
12
317
6
1
25
1168
4505
3
116
35
6
1176
4
21720
21916
281
3
2327
33
47
56
3
372
4
316
226
11
1463
25
9789
1353
19648
3050
1
331
44
694
15806
6
21
563
588
4
58
43
990
900
4872
11724
6
9
85
6373
2
5
11986
2082
20
984
11713
9423
2
1
128
7445
1
8
722
32
54
197
80
6
1569
38
17334
10118
1357
9
2
151
804
13
34
226
4
28
108
673
9125
60
3
255
95
63
910
3217
7820
36
1310
445
263
24
383
1
12
43
2
1229
72
222
627
60
1
15034
1
87
8593
7253
847
7
34
14
272
21
3
3
365
5894
12058
60
10
2580
6160
6
4956
2928
158
13
9828
84
126
4167
218
92
1675
739
617
15617
1632
8
37
11
1033
9236
139
1574
1
12935
7060
20
1
385
341
335
25
10
41
29
649
86
2474
24
9
189
20
961
571
3717
455
89
6191
533
2524
5
12729
16586
4985
876
101
9
10
20
26
1056
1
63
10
1625
331
2
50
55
3912
3713
19
106
19047
10810
4
17596
412
2
5766
1186
38
8
1209
37
131
9
5771
285
394
1
1600
161
21763
5737
2617
16837
8
4
1590
7
5
490
800
14142
40
1154
186
71
1
18
3709
3796
227
3
566
14
3
94
17
24
962
36
5462
513
4
52
2662
2939
650
1
1
3
1
20
17
2444
36
18335
4
28
3
111
2835
25
173
4
18115
69
865
672
2638
391
24
215
3220
281
2
119
31
7
21633
168
74
19
9
1348
132
11095
2133
5777
8346
9818
5
2218
166
4
9
16
1479
2678
14
200
2810
703
1103
4906
57
909
10
13
11
19628
68
204
1781
34
5
138
51
52
2
270
58
538
5216
180
1093
14
111
3
473
4
417
44
11264
446
3011
73
499
2
136
14
3524
668
2074
1
34
161
5
133
123
26
13
169
934
1118
11
1
1003
4
207
118
5
200
4
2039
3
34
6
5
7773
4
850
1085
229
23
451
26
5888
2
114
3
1
4862
4
3399
1
1252
4175
146
344
688
370
10
10
4
121
29
6
919
24
9499
848
4809
4
2088
3
35
2341
9016
496
59
450
2076
2
1777
286
3
80
1
266
12
37
2
260
1853
738
2
55
18
4088
815
177
2
397
2534
191
4980
185
1066
2
20866
21938
15338
5
449
7
4671
5311
1325
6259
17
911
2697
8067
1
5
229
2
12767
14
318
158
1232
2
718
75
48
529
3528
15400
17
17
2
2233
19
7
384
78
16127
8
377
11446
10
52
54
4732
476
6123
25
1413
400
2131
1747
134
11469
23
1
342
6
719
1784
2904
3458
12
14929
18
4192
5
4242
1391
10767
1563
22027
35
9672
3
115
12
4
44
2
391
14706
3
2
643
99
2
5
2
1437
45
2
34
10
5
28
2240
8
5
89
11831
5
4629
1
8172
9
4
17
5
726
2377
212
8123
295
1688
388
60
5
2
6
277
4255
11
217
347
498
2154
589
1716
2
1008
2844
222
8882
10
111
11140
14156
9594
3567
4
3
9070
5
8107
6203
1369
3201
504
7341
1287
9
37
2329
12
1
5
444
1786
5522
12401
10210
3479
6
11
5742
384
20493
410
487
21568
701
1
16
15
66
2
16
7
317
7657
2999
3
8222
1212
549
1
219
18594
130
16159
534
18
7
33
68
1065
3
5617
2
4
15155
236
114
1
927
1
30
288
169
14
5424
2
11878
36
10617
1861
395
20349
3654
18
20005
355
15124
4662
62
300
19
5623
40
244
15019
90
41
3
1724
1535
21417
933
4072
15
11
17
1
7906
237
2
1090
13
317
84
528
7
12192
3020
20
436
310
38
9
15384
78
21829
82
5440
213
24
687
282
213
21
13
2
2542
9413
508
1
7867
137
6
2
20
16
6068
16
6342
27
10251
91
624
249
7
54
1
5268
1071
160
838
11
4146
6
1
286
16
2
366
4
3947
231
25
11
6080
1135
63
6830
209
126
44
10649
5
8
87
1035
1916
7970
63
153
1
4565
9347
6
211
40
5
3
1
19238
2318
2746
2
168
4
9
22
54
101
939
198
1
75
30
8280
637
65
4
11
136
135
5645
87
15
61
11
1
3119
7046
6
10542
7
109
8075
7109
292
199
48
1106
3
10919
7665
10553
1333
96
8091
6178
5
7102
20
30
620
114
1440
19
59
13987
10
7
66
5484
805
1007
57
972
307
75
299
2
3807
677
9061
9897
43
4
1
4474
12602
9
566
1
4857
3041
935
10057
19
61
10148
2575
8
4990
8263
149
58
3
4
80
21395
26
2
125
13
460
27
57
8
2
2
979
13330
34
327
13223
3
16273
103
9
1
53
6
8
12819
1
151
8481
53
3
689
6496
1
14
111
357
15
4
1
6
44
1609
56
40
10
110
4
13091
12
87
9
5
15
6816
394
276
34
171
1705
11843
112
12
11
13
1500
13
47
83
3
414
3169
29
13
10
19
16224
552
27
37
124
23
11
2
14
9
301
648
6926
46
35
14974
640
6975
2
2
274
102
2
2
12948
23
496
208
40
16
5
3
60
13
18464
1202
673
237
8
38
109
11297
14
42
79
202
323
16
174
574
1
5
1306
122
2
607
7843
2
4728
47
7703
201
1
16175
1183
205
5583
91
1249
1
1
81
422
17
118
172
11230
2
65
87
41
1339
87
147
2043
7742
277
899
10724
21
15
2
228
7
3880
19452
9
164
25
6316
2
2659
570
15727
8
3
3289
3
8670
9
17
620
51
1434
719
2993
3
12
22
6548
14043
2449
960
3008
7
4
55
97
199
157
4537
4398
3
3
2
4
271
1161
23
959
2969
8405
471
68
19
3
4158
2
1169
14313
33
146
1
254
334
8
530
20782
2578
3
2447
176
100
10292
2
197
15170
1
5231
1
2
2
157
276
6933
1241
48
12
6
1059
5364
48
23
63
12
4785
2
109
8
1918
71
2
3739
144
14530
10333
7
360
14662
5
1
11
2
58
1822
1598
2
6222
3329
8321
273
5
8
1554
8
238
151
84
1976
341
21
1
48
2
8
467
191
3054
17935
74
179
581
7124
10670
304
3112
3
2
4
751
2099
41
53
93
47
12806
82
2
10985
10
468
720
5912
128
222
17
4
3904
7
2
5
121
406
18134
21182
3309
9759
138
117
6954
149
1005
11
4
617
3253
1000
29
62
3
5
17
1378
4
3
8
4113
10490
5
2
407
152
234
1
230
89
9
1014
9
283
1396
351
2675
2824
2966
23
24
2
2
3780
113
196
21
1990
4289
1503
60
54
30
28
2
997
59
6
3
86
4
19549
264
2
889
5
28
7
97
3156
12489
96
3332
3
253
2
1766
1242
54
63
24
8846
220
136
76
6
3
41
1251
49
851
9089
772
148
11
2
97
15462
230
38
869
164
77
8473
15934
7
5
1
1
511
13
2
367
2260
24
1
120
1811
3305
13973
559
332
878
17863
6
1
2
19806
4
1829
361
4059
2727
3
11
144
2
68
4
10
1
201
32
73
481
140
9769
274
4
124
1113
2
2
35
123
1
229
3
23
2
2
241
547
1557
9007
42
8
39
7203
22
204
3233
3369
28
6
37
5071
1397
4487
562
3
378
5
732
119
61
52
182
340
3
699
362
2288
407
363
6634
1988
9
42
52
105
21460
225
182
2
2
1
8
1
5
715
12703
5
2
10
2
9838
11
3
2437
1057
1441
260
2
23
822
14809
462
66
11
3838
1
834
315
1707
1234
82
6
32
14
5708
13
6
958
2804
239
11
13
1050
20
1
1198
750
33
29
2954
8749
1984
2325
622
22
22
707
609
42
17
73
2
38
3147
2
1382
37
7
265
90
4
32
2
23
78
5021
9
4363
79
200
19945
4676
2
4230
708
16753
300
18427
829
5158
1097
68
192
4
18371
145
278
30
2
2360
6561
232
3987
6
3
41
96
6406
21
11343
2
15
94
7312
17058
1893
44
546
2
1
811
3
1453
224
143
4
1105
15
1255
39
829
431
175
6837
11252
7883
79
625
730
1680
8
79
14647
1484
1197
516
8
7726
143
431
33
50
46
1
40
11
3
43
2
5247
34
3
10
966
5731
12
3410
3
2
833
42
4901
15323
2878
342
97
2
279
8
149
7
597
16014
2135
1
2799
1319
8132
17
9
6
18
6
196
98
5506
18243
11783
2
77
3
3
105
81
1055
1
430
1
2
87
382
747
3
263
2
136
3444
10007
5148
3204
15602
46
2
3735
4
8010
7596
5794
17
788
188
2105
9858
10
358
1645
15354
3
607
5589
517
81
87
5754
248
813
5
14603
26
96
606
10908
36
86
3406
156
1
1152
428
147
15712
493
5
1
106
17126
4
68
8
2
251
2724
1
194
5
1322
167
4704
2
591
872
3
464
116
6509
101
16
3705
279
3
24
478
4
55
2045
1
3
375
2
564
1
250
20699
42
398
254
762
1389
2
4
8355
228
1588
126
2
71
5
2
3
49
578
20
17
123
1891
4
1
926
35
169
9
67
118
4
1
46
775
1643
2
14
3
117
103
31
1
31
5
10
45
1
6310
2773
15
37
319
6399
153
6775
1
21331
697
19
1194
15
258
3
4
122
759
2633
252
105
1
2
625
1312
26
3266
94
31
111
21
10799
139
5841
23
725
2
9
14
14
17
5164
14
1904
28
10037
2163
52
1367
13
2922
12896
197
184
10
7482
343
77
2951
63
16990
9199
16736
1048
2640
664
160
3166
13
4
3
1177
90
12
545
10574
49
21
256
5829
204
2
7
77
218
2537
4
631
651
1800
9432
9556
1
2
667
297
3
416
73
10
658
13
16
9
363
18
7031
3122
49
49
193
40
65
206
14750
39
3570
77
5
5
164
12870
248
11457
71
19846
786
56
11526
2
752
2
16
1270
9
37
2
32
174
2355
19181
2292
2506
1
5
2691
140
17
4976
19826
262
2
52
11619
20741
3999
8
5153
450
9245
18913
3
11007
2707
12094
1
1254
3672
163
13
37
16669
23
550
2432
893
20248
3792
3
23
211
410
59
212
7
1721
16256
23
22
107
3
46
1123
220
1410
14824
6
21
189
7
646
4162
873
25
65
2
188
1
8962
1422
19727
110
2565
753
64
8388
4055
7
66
6
1852
6044
2
1
34
2
3355
28
5179
7
314
41
14
61
1368
3
6038
5
2
6
1327
10
14
5930
166
148
166
290
2346
1019
148
4496
4756
10
7804
2
2
42
1
7
275
5824
28
1980
9
1158
39
13303
3
275
26
7
3553
4
2035
2180
6614
3943
23
15
3
31
67
26
526
10585
18932
250
11736
596
6
27
1
844
13
246
55
11
207
3
8793
1
547
12
62
1521
31
475
215
44
5
84
200
209
19687
3
20
556
18
21288
8230
6
7
11309
2124
2202
8662
80
30
3
1490
83
4372
15571
1122
1
1655
7520
43
6
2
60
1354
4
62
2
12
80
29
14944
334
40
15
53
23
10
953
7
34
4
157
4
64
55
355
10
43
1224
2
64
33
3621
13
2
1
49
23
6661
2
412
17092
3339
478
435
1443
12204
97
6
94
337
135
323
16
1
2
130
3
2
14632
12
3468
15838
19
6782
12961
2
3971
98
2008
310
16569
112
1883
20
13682
1717
350
16
1
9
389
135
3282
189
3
3
5
425
1491
1640
182
2
8944
5391
2
16602
5284
2
122
1848
2
90
1657
1289
6
413
36
5
148
93
14213
17917
2855
71
206
1076
830
1885
5
15966
9
468
2384
10406
3
474
1
38
28
1478
119
565
86
1
735
17
172
7095
208
24
65
5
1203
1
62
43
10
4
12
5
4911
28
50
45
4447
119
18575
246
112
123
1361
23
30
313
3
2107
51
2
8688
27
246
1
24
1472
1
24
1953
54
2002
1268
405
158
10
21872
176
8
45
3
585
8
3342
89
1022
408
5
1
14
13
41
632
5
140
845
16355
59
22
15743
6
1080
9
6851
1
10375
8610
5122
16
2
27
420
2694
578
1596
7543
130
20929
1466
32
10385
21
256
13
644
22
43
143
3427
4
713
611
1587
5
10886
13
8
2245
14
179
27
3
433
46
509
248
281
1
4
2
1
2072
78
1045
2
3762
4420
15
2
11
6
6892
1670
4583
2295
595
40
11
7
21503
9
42
640
19008
7588
6477
4213
4737
22
35
13
2014
55
9
28
863
13
661
2
1
4
145
8380
3679
62
63
75
13
6
27
8
4
9701
4
108
861
2
56
114
1126
493
154
3
783
69
1417
10511
6141
3272
10564
754
3393
26
143
3
6674
741
73
1
19965
3230
13723
27
5725
3
269
203
288
2841
11
521
415
75
39
5
117
206
3915
262
7
594
174
1128
2
439
10638
3
615
109
7930
3
26
13
247
895
8
3
1112
14
190
15
1
8837
5853
17351
2
64
261
209
4
58
4311
36
2461
110
12
309
181
122
477
34
637
2434
1
1373
4
4133
4
8
83
215
553
8059
1
20329
14071
1572
2
16
150
2
767
2242
45
128
3182
284
6
3
563
4
7859
104
113
1107
119
2
53
6
748
46
4407
179
599
744
15109
6367
3
1
7024
131
12476
265
18989
2
29
5679
4814
12589
161
2
2
5
9
9
756
63
4542
9
15918
881
6
1538
6708
12
86
378
427
2258
9
2670
5184
5528
6074
3500
3
2
2
3
5
1617
663
4
5
798
3908
32
5112
9254
434
4
3691
472
1053
127
14780
3299
311
6
41
904
957
28
175
2299
1541
4
47
28
16
343
3811
31
12
21
9
3
568
4416
13
12501
7138
11
11196
160
3
7
6272
2
10427
2114
96
849
5
5760
6457
346
247
45
2101
621
1
8
3
20207
11
8490
10448
3728
8828
223
4
76
11062
1308
29
2057
1132
60
2389
428
8
92
135
27
558
12831
5138
12
10
11354
14
16871
4
13
2459
2
94
17282
5
1110
3279
40
23
5
2
15431
2
415
23
3
66
1184
1540
2
77
297
2
3
38
670
2
10344
88
5456
2
240
9947
886
3
25
191
1285
1
71
24
4
616
8
314
245
1
648
7159
3
43
914
235
199
4601
3302
142
870
38
5359
14
5
1401
1
5
54
25
72
68
12
211
26
1663
3
61
19104
24
9
5380
413
15
168
223
99
28
393
1265
11
8
1
4747
1
466
8864
1665
1
37
3
20950
134
1282
7261
3
418
520
12
14270
1
2760
24
1
21676
57
73
165
322
1240
42
18
129
765
2
58
2849
8238
162
575
23
121
68
9319
1714
6
1
12
68
145
181
15
17299
14515
15
19296
2
2
4794
117
7
2213
12
6
1752
12539
3292
221
2
75
7527
150
24
590
12627
11938
5
1142
430
186
2
218
142
20
31
421
2
56
744
362
14559
435
1
4381
107
193
89
2
3
16
61
17
248
15
1
2
1863
1226
426
2
12
3
69
416
120
226
93
3872
71
11366
2
21
356
20
44
2
3750
17774
3365
162
1213
3
4
1505
10047
4
1735
20452
9537
15
3
10469
21
1577
8
2
2
241
54
1081
15004
4137
345
4
147
6
341
26
419
20637
19
2504
20
635
88
1
2320
1473
19
1695
20309
104
6728
2189
721
33
135
3
278
3
13144
4204
81
6335
13491
19
13065
1
859
24
4333
7297
2
35
5800
6516
4887
928
2
7
3983
13764
4
76
5
1
12
327
16062
825
16046
1
560
194
3574
8115
2686
6
7788
14735
3
497
25
69
45
3
6
27
56
4877
3
9043
6857
4770
3
156
4
30
2
1482
4320
150
21
39
16503
9
11
29
20
33
60
816
462
1
1394
1543
40
3698
4
534
2
3592
3
1190
764
7
14327
224
9404
614
17109
33
96
3
39
33
156
33
11
40
13
90
8618
1
95
2306
8767
4823
2272
4546
1323
21034
8989
2821
19905
80
21
6228
7
442
84
89
14
261
5
22
3106
18
9808
15586
147
189
2486
7371
219
10
142
1608
768
1922
3784
137
1
10
207
3
24
7181
74
19
818
100
87
202
68
13
10500
70
2
443
295
5375
6735
50
860
3
32
1143
1149
7
71
1
2065
11
49
31
1058
589
4
14
18
1902
55
20026
18612
131
9
2227
663
2
3430
2807
28
4117
19471
30
52
18743
17
854
1726
82
50
13
402
12
3935
19
152
294
101
7232
4
1341
7145
40
126
404
511
330
15696
655
17
2
2193
2
3923
2
10832
2481
2120
540
4
15649
27
5
19142
146
257
371
1
9527
3
58
2936
2875
506
5
2
104
65
1469
491
4891
5
2
2
1407
1264
47
21481
2169
7
180
755
212
19
96
8908
18650
3869
302
1278
210
12119
18206
13559
1208
11073
1
269
4592
18
258
4
3
101
7
1
30
19
193
58
6
3724
1098
5
2
144
8
857
2
681
9
56
549
15854
7851
4657
438
5263
18
8371
4
1017
104
6
855
461
49
5
7415
2004
1375
31
5
296
98
6
20
163
2
83
7565
259
8802
38
491
11962
1451
18
51
10
199
5
165
16
2555
106
7978
9957
4
46
644
38
34
1972
18043
1630
915
49
25
4
215
2
3754
154
930
1043
290
77
6
7558
1
7053
16
3285
1
1
41
167
8
10
950
14
108
2861
53
21
43
3
1383
53
5066
4294
7922
7408
49
12691
2
41
2705
354
453
924
5
2
949
9565
158
1052
4
13078
5031
9480
4514
36
366
5748
433
5016
8
4
20
1839
40
456
2031
207
20
333
21
365
2
2931
4121
34
11
14
1527
3423
230
9
379
2457
4
709
1
602
293
15902
3
2
15870
4
13290
1230
2220
18
336
14227
13
271
3
196
4
1996
25
1
2801
20
61
608
6019
19866
4
1114
8148
51
2
4
1874
396
576
1982
18
1895
3
19
10843
4555
1846
20227
7891
19
8575
7
12
9
2182
24
101
2
1
27
8397
20
383
18
3
3376
97
14472
724
1
2012
20
711
2
4
1196
629
10
4
82
3175
12451
145
2080
11760
16371
3
7
2858
273
2511
20
20
32
4718
8532
10532
253
488
4084
11
1526
659
4
503
523
74
4680
20
35
8
10
6105
2718
3531
4492
53
4
1
54
39
3
985
18
1642
245
834
2
14544
238
209
7
30
20616
17438
94
3382
7
9518
338
459
23
470
65
117
1537
26
19886
686
2
157
49
15
2
955
3
1
54
126
128
676
4460
372
235
26
3057
178
1826
1
482
567
1345
1
18170
100
11
312
4
4346
1775
85
89
13
1682
105
11950
3322
16905
205
1147
2672
628
528
280
9
3
2
6
6
613
22
10930
3017
9134
717
494
8
6769
6135
36
4
83
124
8899
487
633
773
7619
4350
10
274
5977
202
16854
4043
72
3743
436
2
48
657
81
9
93
6197
12
593
3115
11819
6
244
1
2
12
540
399
740
31
37
25
7649
3032
1
36
1627
70
2916
1
258
20
15
5847
5
5
1
1246
17
1
83
17
2401
129
2229
682
4389
1901
98
62
28
5818
481
2793
42
8601
455
15231
2
16
27
72
440
18
4
920
4
14
4
293
1082
5
164
3097
85
374
11926
81
213
1006
11174
52
7
22
20
7131
476
54
67
1
2
12716
609
2
3799
80
4150
13
6
23
4742
6393
502
466
2126
318
18225
35
251
2362
25
2422
11654
2796
12414
7
22
252
3639
9
9
115
39
84
16
465
3683
10
3
6
4307
78
81
4
3896
1
3
15
484
7
68
16
66
16
39
262
4
1087
257
20
7
321
4
30
9080
29
14501
18819
791
6503
94
5221
349
14299
704
57
6668
10
10
1
120
1515
1719
198
11
56
3
3100
13464
598
1
684
825
7603
36
23
3
592
53
21
381
667
4
1737
1723
84
184
30
131
586
1023
6
24
14184
267
21140
573
390
16
4035
1
10
1
142
4011
1346
1978
10
242
79
4142
5882
186
11
1155
994
358
15
6001
16338
539
14
401
21055
129
350
7
2532
5
21
2963
322
733
2496
5959
20534
159
76
287
3416
15277
188
441
2
18
2
5
21
980
73
150
6
3005
2664
1279
8
14356
12
2
112
22
155
8018
6
1
16322
9
678
57
49
1
1692
579
2
18
1
1
31
3646
4
3803
8507
232
72
9730
187
352
88
8
42
14
62
250
11
4961
2
55
20370
64
434
509
28
472
8
5434
306
583
3
43
612
6
12
53
4
3
6209
9997
6
32
37
2547
2311
10281
821
46
1185
3
27
5081
158
110
1
12339
2815
43
23
2
3
3
1730
138
2
15
283
13131
569
282
57
542
11
72
161
8980
5668
6
137
7
24
67
1611
1612
2
18
5
10220
64
791
8
18
28
1
2396
224
19393
1683
1088
203
16786
7
74
14
4
7497
10
403
51
11914
2251
5
2996
1210
2
1908
3617
5418
21
18061
9
378
4
3172
30
1797
2
11
851
407
115
3
846
308
1414
10941
162
1
35
815
421
1
770
13
57
4519
8
177
7695
1
863
130
263
4
3
7
22
32
123
1
21
7505
1841
64
3
2
4251
350
19
16
12426
156
2276
340
2818
15759
26
2
213
23
3
3517
4
227
119
181
912
390
19335
67
16
21310
312
12974
7378
326
257
761
12742
2
174
7875
168
641
857
2
4995
2476
324
272
5
38
403
1
39
2
10
911
588
20908
4429
1
46
6
6431
9681
3159
15
14914
1
1833
2
3
645
1970
424
2
40
4
5107
96
1
66
26
8
8
8
5
6
15216
321
290
37
1046
4
15
2
4
98
12
3223
1754
5
9357
59
290
11
12
53
3
5
94
2
618
95
69
9
332
446
3451
20
146
256
3
3
7
5
601
4
34
5
51
65
1497
17
5
412
4
932
336
1326
6
301
1084
4
5
3
7
2
9
16
11
1104
6
139
18
4578
243
6172
8
1163
85
287
191
102
45
12
14
61
7
20992
3
7
11
1
1
240
1
1393
2
5835
65
19277
3
2200
2
7734
19
204
6247
3
1
14618
12
13847
11040
243
17702
86
4
3
17
514
5
971
129
17
9
7117
3
5600
7174
592
2204
2
7
3128
9907
13
45
18
704
2
1
2
20126
4847
745
1906
2351
292
168
187
54
7711
16404
41
6
550
356
500
6412
26
187
231
3
1
36
5561
2748
132
5
167
12
12
283
1
14443
7
1831
78
2
445
160
19746
3
1338
9877
7400
2
33
3
172
4
38
12
564
1
13
15477
7
66
1
1263
67
329
492
39
2
464
17368
5
16240
5
354
345
16
16078
1
40
7
823
18706
5556
4
2
2
20824
1
7
16420
78
57
43
21
5169
6483
6386
11241
21
3
8
486
178
690
5
3
21960
19
13654
213
1159
6654
179
18482
23
951
11423
4941
90
2972
1
428
9
14765
77
879
10
2598
1
200
26
517
59
59
14256
497
311
2051
6968
1
457
11
5489
885
465
482
11
2053
97
2567
10
10
4019
5407
1
10
53
7
4
13477
10240
30
36
1
4104
3560
8
168
2978
74
19413
14
14085
9
399
20
2191
298
60
15524
5783
840
116
22
155
136
2224
18725
1806
6470
1
4
3
10
47
7672
39
8
26
7356
2
2
2
5
4
16
2353
1994
2
485
103
369
38
2358
236
828
31
5
6
2
1957
154
1418
16
2
3256
917
1037
9
463
13
114
2
6007
17
1690
10
6621
1
5
884
181
1292
254
1
2757
121
10
2
1
1
1420
15
1964
82
2
4510
1
700
7
717
903
2987
3
89
1
1
6278
11
24
20971
13210
4154
9
776
4
11411
1700
156
1937
32
18
15
3668
21353
665
29
50
89
5789
3
798
95
651
5337
8740
8873
132
1
3514
3
291
214
33
59
116
40
6086
18
453
3
3
14
4
86
54
26
1
1
6
311
965
1
2
92
28
312
467
18
2
508
3
504
53
6588
5
91
368
13709
3
5237
8
17845
264
6
602
898
14869
150
8
9385
3379
7
4
6026
5606
4385
4376
96
21
252
1405
6
709
328
7
4
17403
6
34
31
2
2751
9461
18668
2
3599
6
9927
787
57
128
109
5
79
35
8363
29
170
24
5572
15
7
47
4
72
184
712
159
998
1835
103
1274
756
5
16519
16
10
48
2176
397
11
1001
3002
1555
24
35
5
2
1217
15
18079
1364
155
2
152
19569
552
1
7349
456
4434
803
5
1225
115
1403
13
1189
243
2256
2
21097
13
3
27
5252
17649
20
3731
3014
117
11631
3
1
379
634
417
3236
4469
372
5086
96
2
2925
10
500
1745
8
2
61
1
515
4615
6
7423
2776
112
4524
13
2
166
125
2787
113
20678
15246
7
17
21807
12564
7088
39
16486
2290
4298
41
498
21982
9282
835
931
1
17971
72
5133
1012
267
10
9
1899
12
1
425
999
16888
795
12
2313
359
18
2
70
55
995
2049
1013
13
2297
892
2
27
18
2267
18838
1432
157
67
75
2
4187
461
1534
2
120
85
3
8
6715
801
2
2557
26
1131
279
5
790
515
493
1454
1352
75
7
766
249
1295
139
4
185
242
359
26
423
1912
2
17667
4
12389
76
1
17041
4354
17247
7010
2
6329
3
22
1445
309
557
1872
267
2095
208
6648
47
2
11
3
5061
2016
501
3389
10
27
148
19
307
1
95
93
1
1170
18188
1428
171
809
33
3
6
52
510
7067
555
1647
841
14
14839
1673
49
792
76
301
2
6185
4
142
13
2
1
97
12653
10745
2
4
41
7
1
10302
890
107
3063
3
2
532
4569
295
22
51
123
192
2648
35
2
12241
20
380
5806
8567
1
9
1064
99
2103
2
10
39
162
8
922
5567
281
787
826
621
4264
13157
3
5
2847
33
12
179
9
20803
3
3
2146
3461
136
348
1376
103
71
6982
30
3842
29
16770
14899
18445
93
214
19
423
6
2281
55
12
5657
4775
3
3
47
2654
4125
138
2348
386
2
58
59
1481
1027
2
19925
992
9662
1
13
19
13737
6
3335
8
8
3951
888
10
12
1
5097
154
9
65
15185
16820
126
4666
7
138
3
265
459
48
13532
33
2
2
90
4
3546
21224
5517
5
897
344
7
216
19066
19123
3
4
109
2
13518
49
354
6
5205
530
1
6
1021
1
2919
3069
4247
13
27
10
6
952
26
10261
10364
7
303
2596
1182
1547
387
593
12793
2
10
3198
5289
1
63
2713
638
5
21
1195
11
221
16
12216
68
7
13
8
48
14428
1992
3
47
11795
114
3
4443
2
8
7750
15
10067
153
294
1878
784
50
39
28
14
4456
832
8
5691
12229
877
3650
6789
842
15
31
86
27
6285
11596
1415
6438
1140
2159
102
4003
1245
982
15
1115
18762
649
7
37
6823
15
1
4
13183
99
10
3081
449
5924
2
100
2
178
340
779
8456
4
2
7224
13641
4
535
118
1214
2196
892
37
20513
4766
2656
18
3
2
34
13792
21
15
2
59
15
1699
233
100
4634
9652
2782
12253
2
13959
2830
252
13437
187
13
104
722
31
93
2990
9
12327
502
525
8313
8464
8330
15
30
9
13197
1824
70
2699
398
130
7
100
6641
1016
2887
5
1305
2560
451
1
27
485
2
7246
1302
2
4328
13
10
2
3963
42
2
6348
210
1288
3
12844
3
187
353
275
29
123
2304
42
22
101
23
121
11388
25
13118
68
12552
707
1173
305
313
7
65
9
108
12678
5413
9977
362
8447
136
837
9
5550
1660
2393
10312
10479
13
27
25
13613
923
38
541
15
180
6
115
9366
2
473
5
1
2
81
13026
137
338
13931
6
210
12
2386
1
23
1
4
3125
1172
22
17161
10
3
42
8
8
7
4080
753
3
2216
5
5
1078
379
25
13
146
18
10702
574
1808
6418
7430
1438
2
17738
5
40
14
151
116
18894
7
12315
35
21851
2332
141
25
554
137
105
16
1462
4
20146
25
2442
8430
8498
9848
3
189
9
402
1804
4
14385
4690
1049
3482
9867
7188
1421
12526
1
6
42
405
35
154
31
36
13263
2
3694
7385
1620
2
7573
1
2086
4225
444
346
194
5876
55
2425
98
82
3991
1
16
3091
44
3214
580
1
7994
1
37
324
3188
2
2
4268
21267
32
6
3
2945
45
2
1032
11
331
3
7
70
1068
222
661
12
10788
7
151
61
3
2521
437
8
2867
105
405
95
6721
95
13505
12
380
3746
3066
1144
4
19510
1026
2
1138
3
14015
276
6
2141
467
18
36
300
108
124
85
208
165
1
1
3396
5026
26
12082
70
824
36
3
584
6996
907
4
15140
723
1223
1404
11
26
71
272
1711
11400
9
6
18875
8
8
224
23
1
12
98
8
11666
88
102
146
70
23
2
361
3
3581
47
14
76
16387
6803
2413
1034
13
83
163
5076
1148
169
30
11890
2
8
2881
2
17178
7
8636
1
199
15415
3
6961
12
3
56
8
364
3765
12754
240
80
15508
113
99
5
17720
214
249
235
2
7
56
1604
1
18298
346
880
12
48
1011
1067
11854
17
31
5
69
3
22004
1318
7
19
83
7
307
148
69
1
2898
2
131
297
1390
1435
3
527
2
95
4027
3060
15950
5
2
572
11549
4
17
447
172
2
404
1331
15200
8
16
28
1
1362
5
333
10
4951
5
1506
127
184
5011
582
1
2452
22
205
401
2
17075
366
198
365
275
4
37
103
585
507
2
8255
2
778
6
29
20720
114
56
39
8998
6
14794
134
1532
7
16
4921
6
3892
1
5989
2167
1508
4
3900
6154
7781
7304
18
8
896
4
12
25
2
21
58
5906
238
839
155
10
3
23
8
3249
58
1075
6
11584
3240
5
165
6899
112
4694
6129
105
7512
218
2047
2
134
9633
7680
270
18631
4
432
2
264
16143
1165
266
519
29
35
882
113
5539
35
3556
3657
237
2
5
22
2516
4931
4699
17386
3
395
659
44
70
1300
7
2583
368
9
1546
348
5
104
5226
4
11018
14
14
2059
432
3325
16
8
3
8
1759
10
91
108
4560
1108
81
483
3
188
4
16
50
632
3
23
6013
4587
47
347
11515
351
46
3578
1275
3486
7580
4
38
1
3665
21654
2790
236
9376
2
3
1773
53
112
7
5640
1
99
141
2
8288
17
636
14
46
118
925
156
5
690
19
76
519
5651
2614
2055
70
1
142
192
14
8247
1309
7757
7796
8042
5478
90
24
1870
17953
19
431
2420
15
6
42
20472
2084
410
17491
16
3
193
173
862
1
1
843
196
37
58
3359
669
908
15079
1779
4
17
2
4648
4
1040
969
21698
42
91
4
17
4
353
51
1
2
1
392
9
4
1
15446
6
11
1793
1031
25
2
230
2211
1
8
11
10713
2
18
190
3676
39
47
2683
10952
2
1091
3
4
8197
5
2
206
669
2427
1941
12290
35
1
20086
6166
2185
5189
11
15982
88
4761
2
4100
2
437
2765
12155
1
1157
1051
239
9180
454
8
5
2
30
2061
1677
91
6681
5
35
1162
81
7210
128
6
7
10
10
4
107
1493
31
5870
5451
16803
1619
1
446
4723
198
9
15
347
46
11
162
8
34
353
590
9
19
158
92
191
1130
17
536
12
695
747
31
18007
84
31
5
1430
12
10691
104
15064
35
24
284
18408
1
22
207
7326
110
231
5
5702
64
106
115
1622
9
871
4
1400
541
3227
24
98
452
7490
7
422
22
9
58
4234
83
62
249
5
526
5971
2910
16636
1
604
222
4
2
20887
3207
6
244
332
71
954
74
35
22
195
5
3
4
4047
10
55
1
18
6
63
4
1
59
3
79
1069
1387
1109
2
48
11
57
12364
11
8
33
3
112
8
4
86
3563
666
5
769
1
42
5662
12
5942
25
814
328
161
88
41
471
840
306
45
2
11
34
108
65
17
2667
8
18
5
1219
2721
6
974
1529
17
4
18781
224
177
20
92
3
2489
12
287
7
3
115
7
171
329
1236
1424
67
6
39
1791
320
88
1880
5
370
2872
12070
2454
10
1266
922
671
7
29
665
2
285
712
7003
610
114
11286
586
1
48
4
317
64
7
182
7
36
3345
1530
14
2785
5
17024
280
6
1949
11
180
327
21785
12107
6864
9107
820
110
7
14
17
2
79
111
22
67
2
2
6
10
255
55
1837
3
24
36
2
2143
216
1
1
6
9153
3420
18538
2
14114
8140
587
1
11118
5918
11
6947
302
1
7195
10
14099
17685
99
7283
6748
1
1924
531
18280
6568
10875
21118
3144
1
2174
513
2
62
8
5500
325
35
193
7611
1
299
1371
4
3
543
987
10128
13236
991
2
8
22
137
173
153
2509
56
874
34
2
15
19085
217
320
5
300
1998
4838
8
10
806
14
21
33
3
3834
141
3
9
5117
3538
14
1004
2732
12
21
70
1
1571
17756
2403
26
2
1520
3
138
2529
10
221
16552
4285
15
82
1408
34
2
3131
495
55
11
480
8439
48
10
15307
170
105
16973
6354
110
190
1329
17
39
2737
133
373
977
326
1
19
28
2957
6844
101
2
35
1565
2901
1072
2
20106
6
9740
167
14
268
8271
6
1041
1201
4
171
92
1239
4324
1116
1079
159
5
7334
17899
5
273
1844
5
808
110
21
11129
3857
2
1
2
400
490
64
8811
131
1009
83
9273
7
742
9887
2
43
2
14
22
8697
1
18
60
9967
492
232
7835
122
4
1
14
6701
6304
2
1
9226
6575
628
642
11503
1315
43
2
18556
13861
15
3
2
183
13383
1
5
17230
139
39
6906
118
5
1
388
2
53
117
6
167
225
296
1010
3
8422
3
1
7550
144
343
8
81
4
21
419
5046
4
13316
17
9798
19
52
76
15555
5258
7152
2827
3109
14
1678
1
2247
5953
16536
5865
2609
62
5273
2
10271
136
9034
342
1595
1
16
110
325
2864
5
3026
774
148
19
1372
4751
5
75
2
190
84
68
52
1
12987
2067
2
201
2
326
2
408
4
3
13276
8
2735
522
308
13889
105
2231
69
2
968
470
6
2870
1685
782
12
4709
25
175
5
443
2743
3
3927
13
2625
44
3
10
15
16
7
1342
251
96
429
1425
653
321
4551
1431
6361
7
1
5
9508
6
18
3
3876
235
1476
2
6291
2494
3
2
74
40
554
4
32
3
10996
11
5
4
27
6234
1
51
75
14989
36
143
12
302
14884
1063
126
516
13
2
7
36
7
129
123
27
91
4780
7914
12
595
13
1
44
20554
1
1802
176
3
409
4
3
143
2501
3
12
4
21
27
3865
12
56
1817
759
61
6
24
138
582
2
56
6
21
19258
1593
11185
3
7239
2984
10323
1
2
11492
106
605
48
2604
12
151
6
1146
221
231
194
727
39
1
2762
14170
307
2
1502
25
2
14457
202
1624
14414
37
12640
13
10
146
3
11
2491
73
40
1
7688
178
41
311
344
363
167
3
76
27
7
238
440
1134
75
111
1343
2
349
29
2716
42
1
12
10897
3
1411
2
335
2
20
6216
253
6
9917
1
3
5
287
120
9
6
1842
236
5
3939
2771
2283
6092
2499
1
47
19
48
3
5
2
2934
7828
25
376
7
25
3140
5036
27
1
4533
2
51
14342
259
124
74
106
234
2
277
1
2026
2484
4
6117
364
2
1427
1968
2
1
16094
64
15680
2
1704
7
127
19
32
128
34
12
729
535
40
3163
1
10
1951
3769
78
14399
309
19608
401
3269
3
17007
8
12
4
802
6
43
3372
125
4
3
2
395
3643
469
21611
2041
461
2
9338
619
36
7167
5
1447
11
2890
654
1015
2
381
294
1487
30
2439
247
4023
2
13250
4478
284
653
4171
10
25
1
1
155
13
2
2
385
1763
3
120
5127
3
1448
1047
2238
32
2
3
371
2588
9749
28
52
794
1456
37
20
15539
2
6253
14
104
3788
6241
3
2
1
54
4828
22
1
8189
6
44
11
9301
3
3
6522
6
10458
7275
2
13052
16305
1221
85
3262
3
33
1
2948
1102
5
276
716
5
657
2
63
20
6
73
210
3
16686
149
2137
115
195
9720
3
15
5685
4
34
2
90
201
524
916
270
1939
142
7765
6
1733
7954
351
9052
11
15886
357
6871
20596
73
25
16
5300
280
520
35
373
776
40
20
261
53
51
1
7986
1
4359
20575
220
1966
2
12
2
503
3
12
12
125
19786
2
5634
6
32
21894
13
1074
85
129
38
20845
1
13000
1795
2
6
38
14
1321
6
2265
166
411
21013
454
7
5
1
2270
6989
17316
6464
5965
251
523
3
417
2
3
494
255
947
1349
6542
8926
1235
10179
132
906
188
1
9
181
553
10853
1
9263
22
14029
2913
11218
4394
13
12
5051
59
1927
5006
369
3861
237
4039
57
241
2339
12615
1024
5
64
12439
2960
1
1
6920
954
727
1
6490
2593
8414
3
420
2
33
32
171
3853
3
963
149
25
4804
1629
92
680
877
10
20431
4
373
32
71
17195
7
714
226
2471
4
1313
1
1
291
4
3
9546
5
2
29
3137
17
1499
387
147
233
389
1002
30
61
1444
615
2611
4
17
3720
11
4
4966
9
101
127
10
186
883
278
6755
333
8731
6
671
2
74
69
113
1179
1943
6688
887
518
1
2161
18152
5
9
20066
103
4638
501
5
1925
280
270
2907
5
2172
674
1
189
679
6380
22
8338
4
5
50
28
72
1175
30
555
3
17
438
132
38
956
117
5719
4
2
19219
1314
700
3967
24
4
25
107
647
1
50
9
2236
567
5
4501
429
2
1580
2274
817
26
626
15
53
1667
427
2
13
603
5
2279
14199
10
3
11748
3
5
686
139
112
77
512
8584
4
10864
50
41
441
3
260
1820
6796
4818
210
298
2591
102
4015
212
352
11772
9
1
685
32
18097
3521
239
3319
460
610
5143
983
11
16
183
173
2
2156
46
16
225
2093
2
4
7626
730
21
12577
675
2
35
7
16030
13
10017
7
5578
10521
16
8
163
31
45
414
47
1
7
3472
3
306
1855
131
15261
376
8
30
10
8
1228
1070
2
1
455
3849
5612
26
4209
24
197
8156
1
2
16
1237
8679
11
1634
361
13903
34
422
5
6
3078
8
11701
2
8705
2539
7
996
92
2
845
2
505
80
390
27
2391
3
50
115
285
33
1
124
1616
12352
1637
5200
758
1582
21546
3
133
42
1117
2
153
36
3
91
5
1086
45
165
3103
439
4926
1
35
1
18
7642
1974
1044
33
575
13
15369
1935
286
4179
2
5295
3191
15
9
10
21246
5
18970
4
20
9
1
2
19
655
3
377
80
259
21
1096
9
2
38
1561
13695
2116
229
10
1
38
4971
50
23
738
268
315
8917
3386
19
7393
313
8541
11332
26
7
9291
303
20167
944
6
77
40
1204
10395
9585
18
6056
12
66
10627
1576
22
14959
9
3
13
192
6
6323
6
3
21
57
3687
1191
5
23
12
13572
571
17
544
2
64
757
1
3
4643
11
48
675
172
41
6529
5343
2544
9614
1
5
2
2152
20
596
3362
285
88
1164
260
9
1
38
15
1
9162
22
2
38
6
144
3
8
46
11029
382
3632
58
20
6
16
4281
16922
4799
69
152
2
538
1876
17
913
488
1584
5092
1782
3822
384
507
1151
2619
3510
44
180
1
1036
114
1738
2
2
7
2070
2
1301
2680
1
2
682
11
141
14
21
51
244
7962
184
32
147
1
7
6878
21
29
13668
11607
16470
3
5321
1
11
9
93
4
30
11866
2896
576
32
3
13
69
2
56
62
28
986
223
548
630
8
21
30
22
157
1959
82
533
1244
2
15
1
11807
683
1859
34
2410
2024
17
3610
16
546
3153
4946
2090
8
1648
28
1
1668
196
54
125
3777
2
4
3661
162
14
50
891
122
38
1524
7268
5
65
59
26
16
205
11
171
479
2
4
2
14
6535
6608
8164
5
4620
5056
246
185
4
305
6913
94
104
6
3
4528
49
11677
12
26
11
3819
4685
7
14
5544
8819
5332
12143
2975
77
2254
2
126
17579
2
2
3
9623
10088
5348
94
18025
6555
1662
1731
75
95
124
60
2
40
21076
8953
3614
10974
6111
127
15049
6
1809
109
45
5
13
2309
164
13806
4652
5
3178
2646
6762
60
1
6
133
15
1018
179
5445
26
18
10659
1772
5
103
1
23
2369
2
28
2263
11
8
133
6
28
750
1638
9
3072
1
9604
2
2464
61
1799
2601
3596
45
43
2
52
8
52
78
195
1
15292
334
359
3
4
8714
266
20411
630
7460
1914
2
2
2
1083
964
3
3
856
106
1514
697
4
21
12883
303
3
2
4
1297
743
626
921
17
9442
24
1
11
13
9025
59
4196
2
1761
5533
762
10
31
19
328
10
5859
67
2
827
5714
5
3
51
297
3
3
1
12180
426
186
54
4
269
1380
15
5242
10778
11377
2379
993
245
18951
20658
3035
2365
12302
8
11561
70
1
1897
3075
134
294
46
2
3047
2020
14
8627
47
2139
22
1277
2
475
310
8026
2
66
31
477
2
2893
799
905
17791
34
22
170
63
5327
948
1558
2
4108
14
3447
2430
1
13450
26
195
1868
17
182
388
3
1475
14486
1039
1
2
15
102
2
320
1220
5812
9
23
2
19161
130
13
2415
22
3535
85
1215
1566
6809
8
263
84
495
2813
135
3588
89
3
4368
789
3
17
46
695
2
13750
12
36
1121
558
3635
73
17543
1460
4
7217
16939
33
42
72
3276
15
241
1
24
70
7
1
203
29
1
2570
15664
19027
26
27
1
26
4
30
4092
102
1166
1635
11642
33
26
133
47
37
190
21203
234
4
7
45
107
1
25
65
6
32
58
6
100
7
6
16
5
8
662
193
8
1
7290
3507
2
16191
1
867
2
67
901
3489
4337
1350
152
17
174
2
18261
2
714
20
3
1464
1
7
13013
6
2466
227
5
5628
56
9
811
11
15998
21741
46
33
61
322
8083
20390
2
8
14
6
33
25
3979
512
144
198
3
13370
3888
15
48
560
291
9
1
12922
55
7
10169
623
12
89
2754
337
173
51
414
4051
51
205
2
20
836
14574
2
66
1889
2
55
706
1
8723
529
93
736
9
13545
14
18
10595
176
2
766
6
20
34
1770
4597
5386
13
7074
183
1
27
6
2417
10199
15
1650
48
483
4425
2981
21374
3
1
1470
3
111
15
2
13
134
17989
9
1
9208
62
66
605
3315
17421
7081
1136
12265
702
28
5
819
23
396
194
1756
568
3044
2372
335
57
702
5
3
6
1273
13627
1955
141
49
324
2
7038
9691
6425
1606
132
438
2
2398
18316
45
13875
391
23
1742
19
3094
116
2585
163
7452
570
2249
7
779
30
176
2022
480
4
10
19766
1
2519
50
19
2942
4031
6
17212
5
13039
1386
108
635
5
25
781
4412
5
656
1867
13
78
86
521
37
318
2
660
32
8524
852
5353
4867
1
72
132
1365
424
352
11689
134
5
16
2
6
65
6
78
1485
868
11
7
6742
104
8305
22
19
13104
177
12909
1511
2028
3
8
1139
53
11107
80
557
8050
2606
7
25
59
239
183
17
16
99
72
223
100
21589
17809
4713
61
1200
185
2
7899
1509
4
11573
67
1261
8
1030
31
181
220
41
1
613
28
16
32
8758
3185
36
3
1
119
6297
19
43
10821
463
6
1592
3995
192
10606
265
27
217
282
1337
13
228
2405
16
3
2118
22
27
4
304
11
434
119
20
1029
303
4790
215
1
2302
11084
14
79
174
1025
47
677
6940
9
8
51
84
5495
1124
2178
642
4315
20
4
50
19
2526
8550
4
118
1
1882
89
19
64
28
6098
316
14854
2
2
15094
8775
13
1095
1687
2
1
14720
36
22
2
3
203
169
7
18
870
16110
106
140
572
3
357
67
27
151
1857
3
8296
74
8
9
24
217
1
2000
204
22
298
3259
14
2006
2
29
4
2562
245
50
3
14
4096
2
7946
386
15791
6
143
4
18
339
1
183
7363
12377
18
3312
4465
8
6
56
7437
8
875
2643
235
16
8
13397
3437
9
1291
1
2
3029
12
2
5674
175
1
2
3503
5
1
10
22
2651
20
1
16
4
10
37
1962
29
18
11538
1920
43
392
802
5
51
43
1280
1813
989
1
1398
7
183
9
13833
12
2630
24
170
73
66
20
3084
46
1603
3
2209
6148
4403
258
7812
3
458
11
1296
10756
8
4076
121
612
3440
32
120
3295
1125
5316
1178
45
4624
1094
161
2
5
17
4
2
1652
3702
1192
50
1
12278
163
5
9189
3
15
3211
8099
807
44
6
91
9171
8
219
98
1496
1188
14128
2
9
5
9
4
1150
13410
13586
1054
113
581
1694
108
6
3
6
1931
1749
476
976
220
88
9144
134
4
7
1
2
250
1601
2322
4
120
4
1
11480
13600
5
489
69
1141
2
442
60
383
83
5369
5174
11051
18800
48
116
1
1
2479
88
11
12780
447
3496
769
45
102
23
14
267
7719
232
52
16
13917
10077
600
33
33
41
19
652
11162
1293
17
1
1
542
8935
12131
4
43
14001
693
536
3246
11434
2838
20187
1269
125
2128
601
19
3773
7
1180
10734
1
486
710
33
17264
240
5041
232
3
1865
19491
3
57
34
4
1
80
45
4438
4
3
4
107
17508
1
11
3
6444
406
13820
1459
3
11320
9
29
1614
155
3465
5402
150
36
409
21438
6
6
2
178
807
18
5948
6581
1765
330
329
4
102
10416
52
1653
242
537
864
14371
1
17881
85
160
1961
71
3
1
4
339
5697
49
11
116
51
173
46
127
3413
4
2
6
1073
973
271
21
6
1061
13
37
368
2
58
17473
60
59
2
936
5
698
1
30
1379
3403
518
91
858
63
262
44
54
7
1271
15
8
122
7
3
8
1947
2
85
1560
4
22
1038
19
2
514
22
3815
2
10354
1
1259
14
2635
866
3955
5473
2
17
1815
292
3
1887
273
735
12
6
172
23
36
4
370
3038
7
135
44
137
3585
4007
902
3
3
1028
9470
2111
1119
79
4238
367
8
1218
63
67
90
99
119
2367
1
3
6062
785
12665
8
41
1702
9489
393
13945
3023
599
1
5001
853
153
2
1
35
13
2
1
1551
941
4843
38
3
21524
19200
3
1986
2222
506
18
6601
10
16289
9
3150
2150
731
14
47
24
3
92
2469
159
375
8558
141
71
9217
1467
91
9
20761
154
14676
14
9
1
66
17614
20
288
88
1744
74
203
18501
293
988
376
145
226
2852
49
2315
21
3
47
3
14
4221
67
1092
5
7
1
420
225
92
1712
117
15
31
2
4
6266
19530
8002
23
127
2
7
109
1127
99
209
165
940
10
4
1020
17
942
562
29
3
551
13424
11
737
6
87
55
39
53
693
970
3
2689
17526
13778
95
2702
11974
484
11
243
6694
16619
26
1758
771
2033
1
247
130
5
3
13170
3493
2
212
1
1250
3134
4
2
4129
19
13
5
3
728
73
4
14241
9987
3
56
2
734
228
29
696
11
41
4896
10
100
5305
6
5429
537
2
10159
10108
345
1
2
9
3194
19316
10963
7
176
2408
2
583
256
327
692
14
107
3434
11
30
2148
5
1207
936
5
7535
3243
15
10
975
9
16702
36
14057
3
1
38
2
760
2
5511
2063
9779
28
403
1231
24
544
49
29
14284
164
257
543
97
4341
2109
240
81
296
1518
2
289
18687
19
7634
425
2
18
448
84
1171
5279
688
149
49
216
17
10
5195
783
1740
10
253
79
2
100
2
7
5
16956
8971
6032
4
8
234
381
323
2207
8
6
2
4063
30
763
4882
633
901
97
1517
11998
812
268
10027
14588
1298
52
22
3
34
2381
12010
8
283
3454
166
71
2037
4
531
4
11275
1585
139
1384
60
130
3758
4
11
577
489
499
8644
1
39
31
3
1
339
255
1256
101
69
618
31
70
32
60
29
3352
3
937
269
2
1260
242
3
16
4
2740
1206
458
90
21
74
6
1
7
17632
7
133
1488
8890
30
62
3
1494
7467
7319
3
5
15
7
7
118
25
1257
2
292
3628
1
7
45
175
11151
2
2010
510
76
1828
44
10
2285
40
1523
945
929
6
47
646
1358
1
87
5936
145
2779
29
64
3931
8
3
219
62
37
336
724
30
397
9310
810
201
3959
27
19
4272
894
52
16208
107
2768
777
4067
1
29
27
289
9098
1568
9
3
266
2018
31
8
140
8034
10189
17
780
793
32
17827
15
197
77
1304
305
3349
46
2
375
304
1
2165
2334
13
14
10
561
3
946
159
369
121
598
6
21
2729
9451
639
4183
1
2
41
5
6
7
4916
2514
66
2
3
2097
679
2
14691
1
15
1
2198
1
6
11
4
93
93
177
6885
39
155
2
17456
450
44
5
15
943
9394
4217
741
6
4
358
18857
2710
16
418
9
1910
10098
299
170
25
3625
337
4
797
9710
16453
9
18
2
6050
2884
61
1549
17
1
8515
45
28
2
58
4
6
77
325
9
103
330
74
1
17
25
1156
3
20
4852
70
129
981
1133
16719
98
1552
2832
938
7475
7
5983
1
15
68
12
10
5
10437
32
54
12167
2
147
12022
1
4277
1247
7
32
25
639
128
8
41
3830
50
16
4
86
15775
229
2
4574
79
2
1284
1356
3884
15493
448
3
3
4
5210
1
8
85
442
15
169
1
3
2
42
14
348
4936
19
106
2
80
21
23
3603
8
16
42
1751
4
8
83
1360
18
4302
19985
7017
2
1945
1818
12034
17144
76
12
16
37
2549
82
548
16437
18353
1672
5
20268
19432
399
75
4
9937
1850
1768
25
30
16
12
2
111
4610
4
10
113
216
684
749
11207
3475
3606
1457
820
527
9575
17
18519
153
1060
4833
1788
3826
978
31
691
29
144
34
45
705
57
152
8653
452
3
3
12514
4
8784
31
6594
1335
3845
623
2
20288
3
129
4
10681
44
216
3087
5396
261
10230
1
94
3
2
9642
6628
69
12
72
315
1100
9329
19589
2374
2
1
3
12046
5
2
6
44
9
24
23
57
13
1658
1
63
109
211
214
393
12857
108
5900
132
122
87
1790
20046
31
4
4200
2336
158
3
1
195
39
186
1728
604
73
1544
121
105
2187
8205
3549
1
5
11
4
4
18
1
308
1099
145
469
3542
19374
13356
3
19707
2122
9
772
32
124
233
1317
27
2622
140
8181
4483
15633
4
319
746
1579
316
733
150
3919
78
43
14
9
24
1933
1512
6
5467
4
1450
11
4
78
1
50
314
10
15822
163
7
796
141
2
44
2
122
64
8214
272
160
11
4452
5
4
2
1334
16652
13343
76
4606
411
12464
3
82
48
29
559
29
18390
208
4
21
3
4
2
525
202
19
4
11902
831
6
5
10
43
2078
6
1283
1697
5102
42
1
5
6
474
62
8855
967
8
33
1
2
479
159
7938
457
2
386
7
17561
319
2627
20
3
1
6
2552
2
4259
26
227
524
6451
254
19
19667
2343
28
29
3975
356
