2
103
900
1628
23
30
66
752
741
62
2594
5
1769
883
13133
99
4351
166
671
15742
21548
20
286
20975
186
517
14468
2
11
28
1347
1153
2614
2781
2
2
5588
1
119
17
33
7190
11785
12
225
111
14
18
5939
19
197
4765
45
6674
4
317
265
2131
505
1241
411
5959
254
1775
310
562
13526
16789
6
7287
10
1
1
1459
305
5
7
8696
22
74
3810
710
5635
592
29
4
11529
39
647
454
14454
32
16
73
417
1291
4
24
2
5198
354
6
7
221
114
3085
60
4282
32
61
409
1370
100
202
767
1227
843
1
495
12
3
290
31
82
21
136
774
142
7
7737
3
165
4
12180
25
355
212
3182
2037
873
11
1489
1041
14945
10284
135
11668
825
10538
10
2
446
3
819
6
896
331
374
12544
8717
2
547
1153
334
1240
3
7393
100
106
2
47
29
19278
7
3
444
2
2
1
514
920
27
1216
71
1
12
1782
191
1936
336
35
681
139
4
10
29
12494
1951
90
3525
177
4
24
198
547
95
227
2
12
7
3318
250
10
4493
1222
319
256
7
4
21939
8
941
10512
1
15
2855
9
14161
101
2922
78
1
6
12204
3868
19153
19
36
4
74
5252
360
2060
87
16991
61
16974
1833
34
81
42
2
2015
1808
1
181
278
2
4
761
1450
9
58
37
9433
2395
154
715
77
8
435
5
36
7
89
137
515
3993
17351
63
2
5
269
571
8494
550
235
18
6
589
216
1144
19
17
58
5
1979
1
5
18
2
159
28
17
2
4643
886
89
19
543
2
109
180
71
1
22
19
4
4
13
1
92
11
5447
199
14
4
14
2
5
1
53
855
2368
35
230
49
14
389
2
28
70
10
4
878
1295
4
1477
2319
348
20
960
246
54
15118
3
720
1
4794
79
3389
174
92
24
56
4
13709
2531
6264
43
18
1
1601
649
16
7364
309
1159
7
4583
16
7
8
3
513
3903
12
298
1049
2329
10095
5649
14105
150
834
15
1018
1709
1
12
393
13451
1
49
39
416
7172
20
231
1359
446
3
1966
94
51
5781
7449
1
8537
5775
690
7
1846
11838
178
29
14878
6894
17569
56
1114
3692
248
1190
143
1022
551
4
664
28
37
1
54
12
121
25
10171
648
73
20
164
3
3
26
21808
1
199
14483
9
1492
1541
24
6809
9
6067
17870
3190
698
6881
4
8
732
311
976
117
1
133
20
7753
1427
2
9
24
58
27
7
20
21
450
170
477
2699
903
366
631
1614
2045
1
5
1206
223
19
20184
2
1926
141
12
376
1121
806
1074
605
965
9302
11
4084
6
38
234
2
391
5014
282
756
3
3
541
5
7
1
35
5
15547
69
1131
4236
6378
27
126
724
70
9499
217
12167
760
35
25
1604
169
154
2
5120
3
87
1616
2
71
16310
62
7
41
9690
22
255
10522
6061
3269
149
26
586
357
7
4
1852
1247
3
1
6559
317
9
47
1277
13853
257
2951
521
8
41
6
3569
2056
899
197
15254
2
6
390
6
2730
10554
5
200
1986
2
227
5
412
437
1133
2
921
634
11466
272
17
50
173
5
967
423
1682
3
10428
42
324
60
1181
3911
1879
2097
1041
148
7
233
3
1
2
1253
180
3
979
3287
1
3
476
6688
3
469
20
2038
2
12077
210
193
2
20427
2938
8186
7
13126
14650
1298
162
1
3
352
10660
4886
4925
7
359
2403
3
3
26
5
3384
36
9293
57
623
407
4
7
1
5216
21
3784
321
124
18
337
4
4
3843
1
6
130
1
2142
4526
350
2
4
4
793
17
27
1
230
1259
122
7
35
14968
10984
391
8166
6144
17
23
61
16293
125
241
1
8
7
1560
3
15
31
13179
458
88
47
209
1910
7505
2
33
2
2582
11
6857
17412
3
264
221
920
9
1072
464
4
111
1
2836
1
318
1
240
4268
32
735
4
2973
42
10501
17
7327
7952
8
10
20540
1
699
1
1
16864
2
11
135
2
92
11
45
18616
7
2
10
1
6
4
2
144
42
389
19317
13298
852
9127
160
15
12
1379
67
2510
58
86
6
15224
31
342
9
43
813
170
1
12
6
2
183
22
521
2
18266
17560
7
52
1
772
19835
25
1624
2723
5
31
33
678
45
2
1294
4
19
131
4
5
4345
10967
8
2
3
1698
117
1
12
8644
10
1
2
8
429
11194
5
156
602
27
7
8
3
739
2
23
9
6745
4253
18
26
4021
189
4
54
20
153
5
83
1596
21559
4
15201
1
2
5
23
197
10444
156
2963
2
10060
70
654
49
2
846
8
4652
123
3
3
9082
36
2317
16589
3
2
50
8562
1296
6
20
1300
2
847
54
2196
8
707
3
1
179
18
8942
4
27
14282
17291
37
6471
143
1043
10
11437
18
83
65
1669
38
5
6
20601
302
117
988
1
1887
2
1136
513
100
24
271
55
57
1
1842
973
1
2461
3
282
4
11
6950
177
2141
124
1647
3
6
4
18496
431
6
290
332
1016
222
15
5
39
9475
511
1
171
11
41
9
1382
5
226
4
2307
5630
15562
2052
13730
6
321
6474
454
760
1897
66
2768
10186
20
97
74
24
18
3820
19297
1681
578
16
6249
161
852
2
21
3
3423
610
332
1925
60
556
837
82
4
566
7834
3913
6644
6
729
8182
1083
3
1588
3
3
167
10402
532
855
2022
2088
307
7273
15539
3
348
18450
3209
94
25
6391
8889
40
719
2165
14353
3674
2806
3
2436
157
5
2
5075
10
5842
1898
104
2
2079
8
2
320
35
542
3685
8008
2
11
8730
41
7
223
8
17481
2
138
3
237
24
265
1194
4945
6884
3313
540
12587
14246
175
16083
10
78
39
702
9063
13
183
5715
6110
322
508
2224
33
19106
4977
22
459
1
96
3039
144
12
37
9344
2
250
2
2250
3204
1
7733
2865
5
1
1537
4
2
224
427
1
10243
13
2
3
9177
32
7784
53
6101
438
10
1
558
660
138
14864
2
1160
14425
43
14275
123
146
20
78
7
15892
4
9
1280
742
1156
99
16
43
4
804
1024
92
4
869
85
5
5974
410
1
387
4
7645
15
51
856
1869
207
219
501
2
51
361
111
454
2241
10989
240
2
2843
25
2
8473
977
2
2435
6605
227
11
5024
262
3638
1151
2240
16099
108
1315
5
299
224
705
16140
27
37
12765
2
29
2719
2104
520
87
5
15088
181
19
740
22
9
38
35
2975
2036
7
1250
17595
126
3885
2
1
13
145
9623
13140
495
5
25
265
19864
6
220
2476
5
90
5505
6465
2774
5810
115
5
4278
24
4639
24
1711
5
21
2
3400
15171
335
24
743
22
423
3059
35
1169
69
154
20
507
154
9414
114
137
39
84
620
1
2
726
13351
15939
18784
468
8840
10475
24
666
733
2
8933
5607
1651
9783
8012
564
2075
22
55
2
28
79
2850
151
1
90
13
85
3
9504
28
123
27
21196
70
2
3600
4
3729
7
496
7002
12957
11392
4
34
190
1414
38
3
16890
12143
5
10772
9232
1673
90
36
1
72
15
1
1994
474
2854
16091
2
20632
1
2
22
331
426
46
32
1
1893
1
9
1526
765
5
6
2
1126
1
10
44
879
9896
168
10
4
1430
4358
2
442
37
9242
2557
9
11
63
4
2
22
10
661
2
5
5242
4
10
440
1383
16
206
1229
52
75
4
3934
63
910
20024
7
302
9
2824
4261
2048
185
63
747
246
3
4
1
14998
1486
1376
1567
46
1013
5930
38
33
51
370
11598
44
3495
3543
2
27
20
20933
20
14182
2573
1795
74
15247
210
13
1
1066
9508
2
7795
12970
1418
4
29
1056
4094
7129
1004
1729
77
48
2
18358
6184
105
105
34
109
152
2
457
18
17377
597
6230
6104
6
364
1088
465
1
6055
1167
4551
4827
248
2413
165
1123
146
40
79
3
436
53
4
6159
1
134
15
168
4125
114
481
15
2
1909
57
11
1644
366
12
8
1
256
16
3
4
2821
90
178
4428
2
19020
8170
2273
5
12
3681
4297
11
6
9
2
17551
31
4969
72
896
1721
78
1445
7588
12822
6
10778
88
407
113
2322
2246
49
8622
2
204
2193
2527
328
16204
1309
222
1392
2
3
5
2
7
43
7218
5
64
5007
5538
125
1344
1546
110
1577
16375
1
10
1079
1
101
82
80
3228
333
730
186
186
14
2
2
5
17986
27
2
190
268
28
18982
93
4
136
166
5
55
1
9
12803
4276
298
1198
149
3345
638
27
13593
3476
20
80
331
617
25
562
2
606
3483
280
19
520
7186
50
504
1464
6119
9
35
2755
17622
139
405
105
2
10
7
1598
11915
30
2
8853
2
6572
6
5
401
16
59
6092
718
18626
2
18
2
19984
8
2
2
645
5
10
12
171
13472
3350
172
1458
16
1019
1
2
10
7
148
4
4972
3
2
9546
78
68
7
588
2
16
8464
13895
763
1101
2
3
143
4349
12
2
32
13
6943
2660
2
14797
13
321
10
87
280
1
97
5
12369
1610
12
8987
573
40
45
2094
106
422
487
16923
1
95
4622
2326
20
174
5
272
4542
193
19756
959
7
2873
1305
1
19825
766
38
303
20
10
823
155
12394
1
3
3634
20591
909
1564
6
61
744
61
174
9168
3
4
5348
1
2720
1
1
1648
11
219
1
66
946
919
2221
293
19355
5732
1
23
7565
2
347
2
2537
2
11
21
1
5203
26
30
11558
2
30
25
11
9
60
2480
920
18276
10681
121
134
1033
10
567
898
2
1800
108
25
384
588
144
75
18
14819
1678
28
8439
12
62
27
1
13
397
7
2047
2105
424
12861
2558
3
3
353
2101
4
1409
776
2
61
20104
6484
51
1886
12893
5042
57
100
98
2
4599
4255
7706
4090
1
9
32
4
372
50
21069
1011
757
3
121
424
19795
1481
12
2
13
6
36
4
8435
779
3056
10
18321
8
13
1
191
2
2585
258
119
2
107
154
4092
82
2
60
31
158
362
531
2393
3330
19
2984
183
13
2
344
16107
11
2
1
10837
139
1385
628
20
31
649
25
5738
1025
26
304
2274
4
2
2
2
10
1728
4415
2
10496
11
12
21
1
7
64
19030
3
499
2
6678
12161
150
634
367
335
286
4
4
2
1865
75
873
11
1770
262
14
2
54
872
5557
3065
767
16
10
16
2602
2576
727
22
61
551
3845
868
707
326
4
1132
22
17
1
42
1
3061
3
31
1
65
6912
38
91
320
1019
1145
2
10
53
1398
806
28
13
1
198
78
13398
4
45
2
3
1
351
20
5698
204
48
611
521
9
301
709
15
2
90
1696
178
1638
120
84
10
74
2519
842
18
7
53
20275
403
8
117
6
10085
5909
16764
3
8248
7
45
585
10564
4
3509
5
5616
2320
2092
8032
22
6823
3
155
21
291
4
21602
663
637
1
1544
97
1874
1
123
192
175
1812
450
14
19
56
14533
11044
13
2
2
964
7349
6
105
95
9
52
360
5
2
1007
2819
169
10
1377
4
1086
13888
7984
12848
19
141
240
2
57
12
5998
244
5
29
44
5450
7
21366
1823
22
1
1
499
709
10
684
1872
44
75
142
574
9325
3636
21
1482
81
86
14841
2
13
3
11454
38
18067
8814
7807
211
13074
5469
55
4893
5
84
15
222
3
6277
270
333
18
75
19
4119
1
2
503
2944
7584
3
4
2753
345
7
2
32
1
12296
375
2386
4
2
16019
55
4475
16
632
882
5
346
54
411
3395
4825
971
6985
1095
200
46
987
445
7929
4
11
599
1720
709
1127
290
5560
3589
2
1290
30
4
5
242
2990
120
4
10761
175
16269
104
679
4
1431
107
128
2675
2966
5563
57
1512
2
32
21
2
5532
12
3
588
51
15554
12990
4
101
3077
5874
76
23
26
779
111
683
134
8
11
269
18166
716
2981
583
5921
210
3
3187
346
32
112
3193
5
76
3154
1354
175
20736
79
26
60
15232
347
761
606
663
3
6
19
658
95
10
2021
3
501
33
12
533
8422
1608
3513
539
17
404
47
362
2353
3176
7
584
13
18
7
2500
121
27
25
38
7
9671
2
128
2985
2
24
976
9980
11732
464
15
613
5174
306
1749
306
195
17727
2
3
3
323
20519
923
103
597
2
11709
87
27
131
19
194
16
71
144
473
82
544
5356
1266
3
13
12
113
4380
1124
579
9527
2593
29
1284
20
2
37
11100
1
3
14
7083
870
10
1
13668
6762
170
618
1511
69
29
2
89
833
8774
4
749
1
3
65
667
152
231
740
17
11250
3914
21516
139
2802
110
494
2830
11443
971
37
1
1
4
1
105
312
2231
4117
4302
160
13
273
8305
698
46
1
1030
9
524
13
4450
343
2
702
9866
2964
4
1637
23
250
3387
4
26
775
12
4470
2
1651
70
836
21175
1055
13318
2282
139
569
1
2712
106
418
288
3035
4289
31
1
11284
75
11
3
334
434
3
15
4146
318
199
1013
12688
13
148
2505
18514
6
30
1
139
5258
1
217
3062
435
14368
1474
2512
57
44
6141
3033
7787
7
25
8929
1329
2
15300
4
587
27
2007
40
1794
3
4
4
1
2
9
7086
8
3
1112
191
28
11
18916
82
811
1349
3
83
5
111
157
1
25
4
2817
16
163
378
66
20
953
11621
2
1965
27
14
14775
17
158
1680
4989
6
4634
14
501
5329
619
19423
2306
20064
3964
5190
2
637
31
1365
6569
7165
18841
19
1289
4
3
439
5179
4291
8831
21721
8
9
176
1
3958
30
24
16
17896
21
126
4545
321
45
5
2874
525
2
79
1523
2
1
17772
11
2
18413
1
39
3
2904
1007
7161
72
8657
78
77
2
3
2509
182
7
53
35
11
10146
97
3
14
20
5472
2782
4
13
3
370
14694
212
83
8293
2788
309
6
138
250
23
19134
18239
152
209
10
264
254
4430
913
8
10371
315
132
48
20295
1905
214
957
12
15148
109
3
10
15369
11
104
17
701
823
2
20407
98
8
3735
78
1
13
212
1
281
169
19
1751
652
45
29
1130
9
2714
58
123
1958
28
507
41
60
135
8982
2
29
531
2
9822
13
1
70
1144
12
2155
19269
14084
18700
2894
524
8
449
8
3899
14
944
5766
14325
439
12
13048
1871
40
2453
460
4
10788
13
5577
17
5
237
12556
17213
26
7
63
4162
104
62
504
22
3
2
1212
540
50
208
714
57
17
8978
2362
703
96
682
67
8456
10
70
3018
8
6
10397
18709
9
3
1
18
1
2
16277
18794
4818
1693
3459
2
21
119
10141
31
902
1223
36
113
3
1273
58
10
12531
10
30
81
28
12481
19765
43
4
70
193
2280
2
15065
6034
1
3
1731
4
4
18312
12487
755
19
1955
150
211
645
985
6
15
5136
1851
7
18139
31
8
68
2503
7
22016
12101
2225
26
7453
143
2
240
242
12
29
3294
19
7
297
1935
3
639
414
1
5652
271
9288
23
17247
196
379
471
25
497
17
488
1283
19472
56
392
3
62
9
326
1135
11061
21334
109
2663
1975
3952
6536
9
23
457
13
6
39
1235
2771
503
4
50
3698
3
1
21830
70
3891
18
15
4
3220
2
7
14599
1
25
617
2691
12
44
7
18775
247
20114
4
57
15
513
1275
64
213
318
184
15
2139
53
4
6
31
2270
1440
527
6190
442
8
4208
1797
1
147
46
12
7
17
5
20643
3928
27
398
18878
53
8310
5
5237
3
335
78
219
13
2
448
398
427
1818
500
4
15
3
31
4015
49
27
1828
11
74
2906
19096
40
32
10913
39
255
16440
63
1
42
8566
37
148
6
905
13371
3
139
6
3492
16261
1510
12247
1164
11
17
19
1683
6
14
668
17
30
18
237
224
13258
16318
5
9086
166
97
4402
25
20074
14091
33
7
109
21743
11
44
38
8198
1
1079
2
34
164
1
11
518
1
16898
407
1873
5
10670
14476
1
2
172
34
2112
2
3887
2000
1099
106
3585
276
3879
318
1849
88
27
15438
64
6
1334
21
223
1
2
5
43
523
103
11
2
22
1500
2580
4007
2
6
13909
75
10
10978
57
40
6
21027
58
3017
526
2
291
3
179
2170
21430
1181
10
10
15
3592
68
918
88
658
11
15908
3
10010
71
5128
9376
381
48
6
173
6199
127
26
1364
14
106
14
235
1798
51
52
2
2
5
239
7
9
27
2
2
3
33
2
323
7
600
2605
14886
244
4
55
3763
1070
3392
3
1
5401
2
3
29
8153
3
984
746
574
35
35
445
65
32
113
316
356
5077
52
19384
8
1
445
6
3
335
569
1906
7599
307
7
9367
80
7
1157
5
21
240
748
215
12
938
1446
20
13
8
17807
6153
12
39
540
1231
469
20255
4167
590
11
42
6494
63
5
9
270
101
8
43
53
20
13627
1
16424
4213
1
18468
1811
1280
1407
225
32
5218
484
61
470
3627
12
263
1466
136
8145
6299
2
2668
4334
133
3
369
7030
16
13
1313
51
2579
1
1
3
731
3158
983
1
3
609
9856
677
1
8044
8064
183
23
1209
4
1
13003
1
3
3
4
52
9
2064
4033
7913
30
18
5761
3173
388
1336
36
1
364
12
347
123
35
36
12707
51
1
4
24
748
5366
4659
3676
157
107
156
3
119
463
3
50
297
15
44
12
299
47
2
122
2
19346
87
4
5
23
118
17
11261
102
3438
6
32
14613
516
916
1406
34
304
81
5486
352
4763
2
42
4
1
3619
4
610
2283
3302
4
2875
18431
1002
349
400
18
841
46
3292
98
1
211
109
24
395
3
10
4038
18
498
1
2564
699
2349
8902
2
130
383
339
12
52
40
22
163
532
1
3895
4
7741
10
2
8520
2
3822
5
2024
320
3363
1
969
15624
1258
4
21398
25
2192
132
20
1878
930
4590
1090
15239
43
33
112
6258
426
16680
60
7
3
5195
2
12
7
10325
68
199
413
2234
1538
80
1507
789
291
15900
19
147
2826
31
754
5426
4137
55
29
382
2
686
174
1
2
58
153
9
366
310
2522
15
6
723
491
8
11
11
2598
1768
164
7
73
61
76
2
2455
86
10237
266
2040
127
1094
565
2
12
5156
132
1
21419
29
156
846
7614
721
196
3
3
7051
3
7
14672
4
1403
11826
28
172
1307
8596
1
3
2
5
7122
2406
4
648
117
11312
69
115
10
176
11033
1
1788
17
415
116
183
12419
4
2
9306
4
722
1046
102
4588
120
4716
441
4
218
2
299
3152
1612
2377
18653
26
6
1206
12
3
6542
37
53
20725
2
27
1358
9041
2640
10166
3419
11
1
352
301
4
8
1216
4
9
38
45
3858
1
3605
295
65
385
17222
27
15
3368
5
638
511
9
12
2144
33
12
207
2
7
787
17
15
20
432
9637
1247
12
17
475
10030
61
2597
14
10366
153
3431
5703
36
3
8
1
24
458
5
1225
1605
1
16755
383
39
250
56
7222
1542
1580
9925
6741
6960
5830
1961
1
97
40
622
259
15860
23
18
71
93
43
10815
1
1
9409
570
829
6
146
7
45
4
4
15
4
17
143
1
6
176
17
21580
8
6867
207
181
3
12119
2292
258
3765
10376
3
6
40
1
53
2391
4017
29
14140
2
17059
3594
4001
2
2256
15
5752
11050
7
1809
1061
3
1
13958
59
79
790
1
10665
885
662
17
748
1264
1
2
3271
977
75
1023
113
80
58
651
31
54
17
21819
11
39
26
2
1857
30
18094
137
32
38
360
6974
6
1796
38
18
8
8364
3807
5049
1302
4627
35
42
26
1124
65
1
13
50
3
6125
378
3
453
15
28
137
16
9
2
2
3068
22
11909
21699
3
18
78
66
30
1080
3360
684
11
2525
4864
3537
233
3849
24
56
5
705
5
1861
4
2
2379
119
1065
3
25
13614
4082
251
14375
4922
4
77
10
51
2
344
20
15955
969
16523
3
6
4737
131
208
2264
161
1836
447
193
30
145
945
46
2
191
196
318
41
25
282
189
18257
53
2878
92
6
4
2957
4175
2023
11
5
13
16983
996
16
371
2969
221
11
59
50
4964
214
76
14112
3352
15005
2899
1
2651
17959
1
368
13
5172
708
3
2
10735
2
6939
31
16772
3824
24
958
7622
17334
18524
59
94
505
141
49
3
14
9876
3
44
246
11
1133
931
98
704
11
3
18285
317
574
14
18
15734
659
9
12475
12
536
2
7338
8
781
9734
64
3516
144
12345
191
32
2661
163
2864
378
4
64
9
8670
43
1752
4
8
25
2
1009
11072
1
52
4325
27
3
1
6
5415
29
251
156
1
2433
29
2
5686
286
236
5948
5706
17666
12
18
10826
3084
1
3
1578
2700
413
3
1137
355
40
15
13999
19
10
9
4
3
26
88
316
2919
33
953
11
48
33
36
1368
96
5
7215
57
8
3
11
33
6
3
104
3050
12
8
7676
2
12996
1
1
15
73
10
490
1083
1463
3499
3694
6785
5464
5
2
7
13
108
12
435
733
2
10886
52
58
17
2
49
229
3715
1400
94
2609
146
20509
3
2738
210
9200
4878
323
337
116
1
4
713
157
340
10507
1
4
4
7079
2
27
82
23
1135
70
32
20458
83
73
2089
8627
73
300
50
12
135
17
72
2
217
20235
2
43
5844
12
33
3
5208
609
10
26
164
832
4
2601
5372
9
45
5
2655
3
2
4
4
108
8
2
59
20
9
2
842
101
14
17914
482
3
300
10
2026
1443
16
1954
3
99
2
18
15531
18
16
42
397
12867
448
130
130
30
2751
131
3
3230
4680
358
473
8
45
563
47
11
1
1069
199
1611
613
8735
21133
2430
192
1536
21
1051
5638
3788
778
163
438
12283
14041
4
795
14
6874
12
1436
58
12899
1
108
986
18
738
461
20
1
5
1
21
21
254
11352
7
1
5
3866
5
359
4227
393
43
3455
21
8355
200
3
2841
1
156
233
26
34
149
28
4
72
3
8511
2
1
2
14268
5
11850
13874
13391
168
1412
6611
666
3623
527
1
12216
3
4029
5
24
1307
6
151
9
429
2333
373
13867
2
2100
46
740
3
2653
22
1073
19173
1093
703
17
1434
447
1642
12
3130
3
9
151
2
16747
5891
719
14804
1
465
48
58
110
2744
1
78
2
5250
884
30
8609
9
9
5
1
108
45
1591
51
18
1
2
5
41
1741
12
7
3
28
1249
137
3
208
2
437
2311
193
507
3232
11011
1
5862
26
4421
5
1
2360
22
66
8
44
1
12752
91
8
93
1002
1
4072
65
12
16
5605
185
53
2
12
30
1
6
33
4109
32
2
140
5
8
5568
12
1988
8486
275
6792
261
7
1504
70
19815
25
137
84
256
4036
4336
1660
4060
657
3133
425
7634
23
19
5
2
2
2356
993
5
6888
1
13331
2
392
8281
3
441
3343
476
52
1
1
6585
85
851
51
17
67
9
3
2
54
3379
858
34
737
97
5541
700
1
233
31
962
60
4386
12
7
7475
46
1671
77
745
39
3905
2
600
90
1042
2
304
1461
4304
85
1
2153
5807
29
472
36
16
155
11615
9
15050
23
368
16
142
12277
21
1457
4
3
1252
6
31
360
14
9930
284
2336
2
232
9
59
12022
635
4
42
1045
11
6513
11431
1301
2987
384
1
12797
3203
2634
48
3
514
17420
14
44
3289
4466
4
3
95
20694
3488
3274
1
441
1818
7104
5
193
3
5
18
63
5
1141
271
242
6080
1
3375
17273
17887
12332
8
1483
2
2606
400
1
948
19618
5
950
8761
89
2
1
9
2
11
416
346
13338
734
1663
1313
5
2226
24
85
5340
12906
755
79
47
9
1359
5092
330
494
4
10
533
1589
7
49
1
118
1257
333
13
1096
183
188
52
183
992
110
2
14389
97
529
14723
51
150
135
324
5
400
14
6208
27
3630
3897
1
4
1631
2833
1069
2
8089
5
77
3030
8
88
2
1773
21
6
1
3
38
1
12
1170
20
364
4
7034
4
78
16350
51
450
3
247
14
57
10320
88
7
8
85
34
3
134
2027
9945
2
21
3
65
7
3643
332
62
5915
56
2
5956
21
102
1
2499
6812
7457
3
612
9
30
4881
1519
2
4384
8849
2017
713
27
17
335
94
118
915
37
6533
4
128
962
16
1
17299
90
752
354
2683
3
526
2630
13
1
1228
1393
73
24
2008
165
229
236
120
28
12
627
29
243
22
7
4103
6052
17941
253
72
21059
11217
8
100
10
1643
2
291
32
6
1689
25
29
305
6233
15316
4
380
106
2970
46
2917
989
1234
2314
6010
501
432
102
20478
11155
12
15987
2
9768
106
15
4056
10176
751
78
42
77
1453
25
5
6711
13
307
49
2642
142
15570
14
1
18221
13979
47
5057
8
622
6113
7
85
168
35
6
1891
16932
98
159
1186
5499
465
16253
314
1662
5661
46
5
7
15
97
8
14006
297
6
4787
2762
36
5
2
943
132
4
303
22
1401
3
1884
3
3518
85
1997
416
1071
10
4
4
12
18
1130
90
689
10309
1478
90
1805
2
109
11
7305
5784
11
15331
6
19
2
13
24
2061
864
12550
3
94
1
2
2216
8960
10015
2
1196
3
170
1
1
111
19394
5453
16
7
2680
735
355
575
45
1
4629
3
11
269
10
61
124
2
5
4064
375
877
2665
22
5
220
272
387
702
16
8
40
30
18831
5
23
174
4576
9461
1646
1918
14098
2
2127
2785
4156
7
59
11
17
28
598
67
3724
85
3310
8339
45
23
7
5
4
409
11161
342
658
7695
1370
10
1278
7019
289
826
15828
433
2
7
1096
770
34
136
124
154
2844
3
32
13
94
2211
191
69
116
10126
2
5019
6998
1
2
391
192
1109
6971
3
206
4364
127
159
1085
21
69
1
14490
3
114
7
64
4992
16245
1
20214
3566
1712
2514
52
1706
1
5
4088
687
4259
1
21
317
5
34
15
470
131
794
431
9817
25
12581
1008
7944
155
14
180
30
120
372
65
4005
488
2147
626
109
7683
3053
7909
44
350
14990
2
2214
200
90
2
11
92
2725
2805
4
894
22
492
26
16059
1212
7
608
13937
9
38
717
5
4937
101
93
20194
1942
222
2
3008
127
983
23
12854
1665
309
13600
2673
3
220
24
7988
110
377
1777
74
443
991
4446
182
647
3320
12302
15
16
4
7
4455
35
100
534
8076
3
1346
14
15
18
2676
2134
383
6330
56
2
11
3
8
1186
3450
1335
13225
2062
4479
10
9
7240
58
18022
394
122
1790
1558
178
9456
5455
17187
1860
2
15
415
1783
44
213
2
13
5
9095
1
4
8
5052
312
15
303
581
714
7
39
11891
43
147
3
8
20336
16
3139
4221
7
121
173
8
1859
334
51
1122
309
16697
296
2484
745
496
672
150
221
9
2078
27
29
11
138
120
12606
259
19
392
1
134
1505
6
9419
401
2145
2891
3
49
13324
7265
52
353
20
205
241
349
8924
7772
4811
924
5
87
52
359
412
639
445
573
2194
2084
14
246
11267
90
23
95
11
14628
3
15773
17136
624
11
6
4
1
188
31
8052
1489
1820
5720
95
2635
58
112
1949
77
7
48
25
2532
123
810
705
186
671
890
1
183
270
1072
9470
36
3
202
2807
17076
1915
362
42
259
8368
1815
933
37
9
1
817
2
1
244
44
585
5326
18
51
2733
57
3
1180
14
1026
125
273
1826
210
10
3027
1469
62
1
181
3
3
2219
2
21862
151
7679
27
2588
13505
5
112
94
781
2203
5
7
3683
1
4
34
24
1
27
163
35
5
738
3122
1356
5
41
3452
11
3970
9
420
282
530
4
29
8
5
8219
2286
2517
16482
13
3
156
251
11357
20417
1825
17
9
160
5
99
463
5641
62
8792
1
4770
134
11691
2409
4
77
48
3
7
2628
13384
2180
292
5
4
150
17025
296
2
7948
25
28
1
27
774
2
642
1
43
6
89
14
805
719
37
4940
2
19
15338
7
20
946
116
6
19365
14
21634
53
9916
4
7133
2
951
3
19
34
6802
7183
8938
13305
3
2
815
5
13
33
104
756
15
14253
25
60
37
6
20
12
2
3
11
4
56
10783
242
6
260
194
7
1774
2
148
11
1
3743
45
20
3342
586
243
2928
5300
456
10644
8072
163
8
1504
966
252
252
10423
21
5888
3
255
7968
4820
443
2
3
440
968
308
131
5
3185
3
62
11
6025
48
34
32
5
50
4123
40
4
6
13
4315
18
5
6
2
204
831
15
64
13573
18212
184
25
54
19
15718
195
10
1405
3
1893
81
6926
9940
4
5
11
156
802
4313
8
2
2
10
16
2227
5
10794
12028
8
4538
14555
117
85
6
1
3
253
1169
377
1040
48
3881
7062
3079
61
212
1348
15
65
34
582
2840
56
19
2695
66
4
34
169
14
3
2303
9
34
3
62
13
5
138
1
67
48
1838
1
110
267
9585
2
198
3
19
151
8
5
4
9
6539
20819
22027
14
351
1476
36
463
280
242
19550
22
107
6
35
2
2913
221
2534
692
10649
6601
3
762
379
1
55
220
466
12
15110
38
2881
2
8973
107
1762
661
1005
2
8000
6
1584
2672
586
8359
2
22
26
1194
2
3
221
144
3
2
149
55
3
13
1934
1
867
3
1161
1
13055
89
294
8956
308
3
94
45
11273
83
215
2
3801
7
91
1
39
2009
38
7401
201
3
1053
1520
36
141
1
1125
1292
14013
15765
76
7
8
14396
236
20
2417
1740
61
10842
1312
3829
1238
3983
89
192
6
21994
22
6
6860
66
129
10
10612
12575
4
6
40
377
9
83
142
401
3
4508
65
378
333
160
6588
558
42
491
2
5012
6
1
14
6520
21917
2
7702
145
534
19
100
2173
96
5933
8
8871
7
964
16
179
10
11945
3233
6
40
5080
30
1996
4
2310
229
27
4328
938
567
12977
11
2
9
5461
417
15308
95
10543
103
1495
118
86
271
17
9832
4883
14849
75
4
426
3966
1367
64
2
11
66
23
10
386
14657
6661
4
5
6
15469
3
267
18822
109
10407
347
239
2
1
1626
5666
836
39
696
2
1231
487
9666
253
233
7
2996
1188
9985
1242
16688
6
14
6001
12113
20346
2
77
5
5404
1786
1362
10
42
1243
523
1166
3
967
7
718
159
24
5
4803
7397
1703
9381
42
3
131
11
3667
20
43
9901
2313
4
8739
15270
3328
133
3826
2
2
3315
19687
15995
616
530
72
1
3
4
14
101
118
4
549
3793
1001
3
16
3
54
149
260
381
3
3
8
646
5
38
2
8
54
20
13
3
8297
305
1
3
377
13
190
428
6255
88
16
1834
4
6
9
2
576
6
2
35
11
2374
5
99
97
10810
1468
3
6077
29
27
852
1901
763
1415
3
1640
2
111
13
1
3
3
10
95
1273
58
26
2471
23
245
1473
11738
11403
8389
3198
10
96
8318
2
252
151
4
2
2
90
3471
3759
2119
7
410
1
6
8101
8
2
594
9
2
4808
17977
547
2
385
2
982
13
352
11
320
1299
67
2
2961
5658
16
10
33
2948
2
35
7
3254
7309
2726
15
31
215
2
13022
115
11278
17
1110
4066
5345
1429
8020
29
7637
1899
905
138
629
167
290
2469
5
380
1
594
15
336
5
146
33
12
10
2
3222
13205
1418
16465
15836
78
105
3678
7
2848
11
19
2746
116
165
3757
19628
19039
217
1
1
81
284
53
560
2
8
2
2909
2198
12
79
149
1
120
9
4
190
2
44
45
2
907
298
54
92
23
55
17282
243
179
2
764
2
44
1
121
4
3
114
5
23
41
1750
741
8920
2
136
4586
2182
544
13916
364
4
30
84
17
899
8
12600
1714
3
2
97
2
8
4375
6
9405
3
38
7211
52
22
23
18
15423
2
13
6
17
81
4
313
11
326
14
1
2
14
123
795
22
80
517
2468
40
1
6592
2039
2727
6
93
29
2868
14548
1
3
31
381
236
122
61
640
4244
12
155
25
18013
5
7357
307
1034
11
1
5044
24
1658
20
2
96
4
754
548
205
6452
22
1351
187
2
1
1
24
1
10929
39
5385
7
2688
73
90
695
11
3946
5700
172
79
7
331
3
333
5
2
2485
92
1
440
6701
108
68
9
120
2394
6174
259
21
11
139
71
792
80
6
1147
69
19249
10
30
16797
724
3
21
8460
124
2760
19
36
4
68
190
4711
47
241
27
98
2870
29
9447
3243
70
2
467
16148
455
9
9
7830
52
1
448
1
167
265
5945
3618
116
104
2
10418
14
4
100
696
251
4
4
1165
7
44
7
4
1
430
6
263
8
512
237
13
427
16228
20
3
33
281
2343
413
138
483
1385
4685
7
2
9
2886
62
9
15703
17
22
3264
14034
2513
3
98
2441
2447
68
378
173
663
12
4009
14
1
133
21
5585
1396
111
621
2
10
1374
3
254
3
25
2
302
82
37
18
3795
554
84
24
5695
53
2
6658
662
24
12912
3266
102
33
721
11
16
3
9551
33
1087
2
20154
2
678
15
25
66
2926
880
50
18944
7
3546
769
187
2093
1044
30
615
221
2
27
1552
2
16
36
2784
60
201
1
164
6738
1
10
9159
224
860
7
1208
16220
14260
9570
47
49
138
2
2935
2
15
6648
830
11301
1
174
602
3625
14
14
388
1
5
96
26
549
3118
9
157
13418
7316
951
69
21873
11414
19259
2
96
76
32
5271
14
4
422
101
1
204
17
420
8845
2
4107
129
32
618
2051
1136
20014
1
2444
1839
13153
14403
6429
50
5
18803
7058
14
37
11
65
11951
482
732
2429
53
2
6239
231
6
475
21
9
31
1152
1226
7048
9036
69
33
6
1453
2272
9
16027
14
29
36
3
47
8805
5571
614
3
30
90
8
8
1
2
2
9739
20387
7
4169
31
63
3
3555
7
3184
1772
4
4152
5
22
2
636
3284
11
113
751
2
93
659
1
628
187
137
176
142
4140
84
2217
5
12059
15
18859
1950
5839
1154
55
1
1
209
4
5
20
559
10202
32
2
892
3
7097
2197
7
466
2175
1437
22
5221
4338
3041
13
5778
2
4
4115
1928
14211
43
1
17342
38
5
6
11
45
15963
16
826
1320
189
198
308
2
21906
2
20
21006
3
1
10227
5664
4
113
3
7889
7
1502
4
109
5
23
1735
1513
3
1117
5
462
7
338
5
7313
2067
179
5529
93
84
1261
313
5
8
1590
2
2592
1
196
148
5
3299
7
3
6
10
42
38
81
180
2684
7
89
4127
2
31
3550
7269
2
5123
7
8
6468
1127
14
2
154
2
260
2130
7901
142
4
236
286
8048
11
15632
15640
2
17
10105
674
805
3541
9466
1239
79
2281
127
456
95
4678
2128
4
287
50
350
3930
3
598
2
17
219
14975
118
184
14225
1533
16
2
189
476
4457
31
2401
3
5507
917
143
329
195
539
263
77
6
6147
2267
339
1
11
1
43
9827
44
2
2
148
2515
9027
6
7
79
2
4
1
175
3
625
222
17852
1
9
4533
1
73
4
201
132
3
2451
1185
16722
2
37
475
14901
1
12613
20550
14621
4
4
958
313
5
369
5
11028
132
63
7262
4
261
4461
3920
125
714
1311
2791
207
4666
736
38
12271
24
329
2423
158
1
11939
3557
2
9390
3
1017
3
2607
1
12771
5763
3
227
8822
12462
1026
3
1
5
96
32
4477
19
1
319
5
32
3
1
10708
7
917
27
619
15
219
10973
21
7479
6049
2
2
9970
1187
2
460
39
3097
95
296
2687
394
2
130
1338
3648
9
2
2
7154
11
421
827
4
2
107
1420
838
271
292
14938
9494
1437
466
1
23
409
2247
18
341
1
21
4947
12210
112
24
278
14812
2342
89
812
3071
875
179
10
342
165
394
10253
2
546
66
2
11105
859
10
3571
96
402
8898
3
3
22
618
33
1031
939
157
33
4025
3
2
522
1
3
7
3
14
54
306
9935
566
1440
10
49
4888
79
1156
6327
3
107
4
746
31
3700
169
16
1
4
7558
1
91
5
23
8
37
21710
2
104
20397
17754
2
107
14570
8
1291
295
85
2
55
6
17879
55
44
6625
451
4
61
5
419
347
11066
150
840
7992
1894
1
1252
1142
7524
808
604
11
11471
1982
34
16
29
178
4406
67
12363
83
21038
149
106
83
19221
38
9990
12438
117
52
4720
29
343
330
13
2
1010
232
7023
711
174
2
1413
19
35
20581
498
1390
13
2
116
1199
4
10
22
69
324
470
1580
6
803
5
9485
26
348
55
138
3520
2
47
2
38
2
80
3
9316
76
67
1380
150
231
70
18040
1674
2
1123
184
891
103
16498
17455
30
578
2
650
2
24
1
459
12228
1
199
18
9
23
6
223
119
6
20715
4393
2055
85
6481
7
35
785
5
112
3
219
16714
5
23
31
6
3073
11767
9
116
13
997
1
10724
3
1703
1574
16
39
712
3883
6
5755
790
2
98
6
4650
2
127
88
115
538
8
5431
6799
9
328
59
93
47
116
8
8105
154
270
669
225
5017
10248
14916
9
18194
141
3578
4424
99
3
11650
281
18203
6
14
11
181
9881
93
113
55
6
64
1719
22
2
4567
6028
9
134
26
4360
8
13035
6
641
6271
19
543
3
21441
502
14592
2005
18121
497
4556
44
42
147
1
1
1704
509
252
39
4319
52
8
3
9122
1519
28
7111
5
23
798
17204
2071
2
15884
7
9014
17490
232
13716
2178
17
8748
1726
8285
21677
1
18
2332
10
1237
7
593
14541
8036
18
1140
3
397
2845
4019
41
4
8515
2
4727
38
15
573
17
24
3
75
3689
3238
58
15726
3769
1
2337
244
7434
6
166
1472
8
16822
228
184
11750
3485
279
111
13
43
3165
1
1553
59
3
25
2955
1824
981
1015
1827
401
5
2156
2087
327
15
4
9
639
14
1649
3163
4
763
773
2290
280
294
3583
4758
18
29
7
2
45
7284
155
399
20
11078
6
2
2031
1
12
369
1
9
19
3
2
1
343
358
2
26
4
6
60
300
5
183
2
5543
5
297
3497
17
275
12816
14
43
213
24
257
145
61
64
3
37
2
16188
2
1739
17360
3872
148
5
4
65
112
7298
26
3521
20
3
4
2
1
1448
3
65
10
86
5
10
4687
5912
28
3
995
48
2
1
6500
5
417
198
1726
2552
7423
54
73
41
3
5579
2305
3786
1
12
117
2
7745
13265
4070
19
1
1613
369
12
613
10
1552
7
33
8765
1496
9334
4
5177
2258
45
106
1
1875
2
25
516
9362
11233
1694
62
144
6
3
24
8
40
484
80
1075
9
915
3101
8
3527
1175
4
6751
79
35
798
1
821
626
276
2254
2795
213
14
697
16647
439
188
2
10
78
11122
6221
14767
10580
2
21
198
6
74
47
2502
39
125
188
50
2
9
9
3
944
48
15
776
1115
665
2463
211
1722
3
55
10
3
7
5113
301
1
16839
12137
229
2
12
18925
2667
780
1
1148
16172
4179
1742
182
1243
6668
358
5391
248
10
500
3
1
56
1653
1
207
1839
2
889
149
76
3
1251
117
7513
48
21623
3
3
6694
17394
297
2427
13648
7
3
7197
6362
2
315
6684
11116
13695
2696
31
410
12
5494
9186
948
53
963
113
1
727
2
14
1
8726
20560
575
6040
125
4
321
74
4
943
424
50
47
17968
1425
14
1215
12
2997
1
18058
27
99
5
16
6
13492
266
4
5070
2
12500
159
6728
1209
5
354
607
49
49
4869
863
3968
66
81
4
2
33
4
104
90
7
75
9
133
884
28
13
212
230
486
1417
3
9749
119
88
5064
49
1981
7603
334
30
1293
6156
4
46
31
3
2
11
927
117
48
771
14296
18
1830
649
2
1
16
12125
4495
11324
19
7255
7
26
16
8
17
7905
107
6
1
3
343
1
2752
1
19785
182
769
749
9279
2302
13
5989
566
613
126
18103
19
13081
128
2
16
23
7516
23
203
1373
6
1001
18719
24
2507
21
6
17
3051
14439
193
124
1522
161
84
3300
162
3462
3
1
4160
465
128
529
185
4078
28
6
1268
9
2243
61
170
2235
396
359
216
18765
1
2
580
7
530
64
493
2339
1084
49
1020
2954
4
12835
2
210
44
10
17
311
18385
354
7147
685
79
13232
3
16196
1573
4171
5342
572
4391
38
5718
1059
10
285
1745
18
334
1376
316
3944
1292
2
13
10633
8452
3457
3111
489
2636
1342
10570
1
2
542
187
363
2
2295
13
1089
2
48
194
14
869
1030
34
6721
130
117
6
17923
2086
15156
111
5
12
18954
879
956
3716
8
3
159
7
177
1483
21387
7749
10
20
9686
6681
1285
4433
2
218
20
781
70
213
6507
13607
1167
1
128
1
8117
570
553
2
13009
15
223
12
37
8
2533
2
3659
128
3864
1566
4540
579
922
29
30
18681
145
3
5
1940
109
3632
154
1126
5
7893
6
391
6
381
20
11610
1
1501
140
45
5
56
2
2656
85
327
5624
34
4772
2111
82
3628
202
830
21313
9
1550
9
9
38
13
4468
1569
12562
9
1012
15971
25
104
2715
47
55
2813
152
1723
10575
6
121
2
5097
85
429
226
12
1
5
5
421
824
184
4753
135
2207
237
866
11489
7618
10
131
5
4
687
50
44
2
315
3
62
10
9
3276
30
98
17102
25
11
9
14635
3
539
43
1734
135
5502
2
1236
4891
2
2
9104
6556
12
8
8469
1534
66
7535
2
2275
16
393
23
4
811
56
1208
4506
3728
100
209
84
7
10
1804
72
8
15821
7
11963
8351
127
3979
8
544
8
2425
23
2364
3
4
26
9758
4321
16326
20
166
66
75
328
143
40
114
355
3808
20
13
237
21494
3
10
596
2706
5712
4
166
8
13
788
2166
63
4
1700
1053
4
1309
4
17085
16359
6
19481
11814
1
609
10
431
2
135
371
51
4
21537
5950
254
10
4330
11409
4
11
30
21928
1
13
5
2
112
208
412
5466
29
411
23
1877
38
563
45
4690
25
932
84
8
17
2645
1911
58
3272
5062
2
92
8
18487
1174
13411
15924
278
6227
3
91
16
81
3414
2
472
7
23
151
21
17
5047
19491
13930
2
2
1964
79
804
651
7494
4
10
165
354
12
190
1531
53
3
676
6850
406
13
1049
39
617
38
1264
24
7
6529
104
5610
1
2355
3
166
49
12
26
95
18
4570
5
1129
1397
72
290
4293
1422
1
6
10000
8
311
682
36
3
555
41
32
1
64
19336
2114
680
4
2445
4554
4129
5
5
126
9009
158
1138
28
15
2
17
4905
32
6
15
1848
204
1025
33
253
5
5
5792
18737
7
16383
16
444
117
12733
15797
62
50
4734
1038
1
42
2
33
1323
424
6031
4
3416
10
15028
2657
1
111
465
424
882
1226
987
928
1545
16780
2
1972
436
626
74
366
194
10
169
1
2
6929
274
430
13
1
15
203
6615
40
77
38
21
10
3
7
5276
5
15
8
1
21
531
1010
6
2003
1629
468
20448
2
2890
2121
11
554
1230
162
2
834
414
147
5445
517
21570
52
2916
505
18
234
7611
729
10951
1766
4913
10692
508
6691
493
2372
836
35
9
1193
11
4
35
681
3
8
369
19
3603
177
745
453
2
113
70
9
5
1278
355
9715
121
5
16
99
2993
50
1
2063
5924
216
2
825
1276
9906
1557
8
4
3
7342
84
3976
1753
76
722
349
2
39
20777
12695
2867
20
611
256
2
883
1217
21281
4
8579
7
7
3
33
62
308
2
9975
45
18
11993
91
523
688
59
947
5
182
4768
8056
38
1535
1
6995
607
87
2
4144
7125
141
1
26
637
2
2704
598
2405
2624
264
11569
22
490
118
158
41
172
3
5
888
3246
5
1753
1618
3377
410
4265
6
1837
913
2
169
4957
17798
10222
2
4
11166
565
11703
296
8
1968
1191
134
6836
15384
28
21409
1
415
1179
4
653
6526
8
197
3
102
14168
178
12192
405
10
4
9251
1667
1771
4
243
2
7
1248
9
268
1883
379
9018
3
439
176
2
2
528
3418
68
54
13
17
1297
49
147
295
16
19307
3
4
1317
5310
3614
1018
5871
5
16564
5377
3433
277
6043
24
1
3216
13847
14232
46
7
1
7710
1
4
238
4229
5393
14
20
220
186
69
2648
22
5004
124
672
52
57
3155
34
7
36
24
202
2
98
48
171
27
468
6
580
129
9812
95
1633
831
11420
114
2
2113
195
10
5
15663
3936
11
1035
26
14
60
4040
1184
462
4086
1
55
6
3259
86
1239
26
412
2
51
6359
1
4524
1588
172
154
7
15477
2
1265
2734
156
10
34
4683
4
37
19
1328
3997
5
2
2058
7193
3
2381
502
2237
192
1
2880
12040
575
31
14
56
7607
373
21
9
3116
4
398
210
344
2334
2
121
2
759
85
173
11
1
15
1244
36
484
30
19954
11
241
580
82
4
396
416
17068
125
1058
12657
3
145
97
3548
455
11150
970
1068
21377
91
15516
181
1319
73
8
43
49
286
214
2
992
365
3303
21355
15947
1787
13291
13
1374
13
758
19
77
536
67
246
2154
8
2350
105
34
119
2925
5039
287
28
187
3502
1119
936
40
269
103
5524
14
2
541
485
394
533
5
3
69
1799
3382
2174
11
1162
3214
1620
21
28
5072
1
235
24
224
21
3
655
2398
30
1616
4615
5027
18422
6388
2
2
1571
5746
8770
5
21
137
14687
5
88
3
389
2449
15
269
82
9
372
241
601
184
772
12
2
5877
3805
4
1817
311
41
70
2185
14960
1532
7
3
2
812
2
980
238
81
7408
2152
23
10902
754
30
1
117
93
4669
1288
94
2
5
53
4718
7471
2
29
16730
1268
1
112
492
9311
137
10697
49
6
21
1
85
3367
72
10
11
1003
409
50
210
3
133
577
4
76
255
2883
10676
20054
697
1866
3
32
3
4200
1967
1
92
3
92
35
13
2
9676
3
7
4572
2462
168
21
105
2
171
9
1
643
940
5
1
223
194
93
4
2988
2
33
4
56
25
123
786
14701
2
4
1
3
63
245
562
499
1677
420
472
279
247
269
5
251
3023
205
57
7
786
3799
3
6280
62
3
22
3
184
261
3726
2298
60
90
7921
18031
8
95
13
2583
3
82
16
929
144
3
1889
1507
5
313
13499
10821
149
17
999
897
432
53
799
373
155
180
5
1
91
3500
4
2887
1
3171
459
108
931
10330
5321
3778
56
1679
1
5
3
1720
7960
550
1
66
4744
2
20912
14055
368
54
8
122
104
6
59
2318
6
2560
5
2
230
15
40
12809
32
6
2
30
22
3
1108
54
18
3082
11
2871
102
2982
6
3812
64
362
7714
19433
3
13
305
1
4
40
17534
3
5
3147
3
407
7
5565
7
9054
949
3
29
9
3
4499
99
532
300
11
5185
76
511
75
3
3
289
5
151
30
518
22
20
1821
2
12
252
1548
12873
16
11523
8
10
2
207
15
1
2169
345
189
3733
12320
7956
43
28
636
16
24
6919
419
368
8
18963
1705
338
13
2168
60
13
142
14119
19589
13819
4439
20
55
430
4
17
311
15
8605
182
2
71
483
524
2
49
44
492
4579
20
17
818
2664
199
1
1920
138
2265
24
9045
19944
8
4
20285
87
2002
3893
75
5
5
29
13757
3591
340
11
2138
6816
306
16
9
1
143
12
12444
351
9
103
3188
10136
449
4
14
1
58
84
2
14
46
515
8401
36
716
7
15671
817
180
7870
4
2799
1
29
23
1
2587
2
15
790
1
157
3741
1555
645
16334
5
2
108
2735
2
8700
6795
87
3
1699
14196
12
95
22
13
2202
26
2
2
4749
5681
2
9223
2
249
1831
2108
17
2
297
371
5
8
361
31
906
3135
739
550
1
3429
5167
4481
2415
13
12
11
37
1059
3
6
3
11
2
1
1630
27
3
19
44
2
16212
3
1933
884
5
15
3
627
3
1
2
3
21
225
14665
124
2297
8
464
15
777
2929
7335
2
37
12569
901
10151
35
1222
46
20084
39
6864
1
4849
93
22
14
7
14
893
30
138
7
79
204
8
36
9100
17
1903
300
26
11867
1
7933
27
3
15
5986
400
36
459
3308
367
7
34
287
91
31
550
107
758
2312
24
174
59
822
108
397
4
25
4
526
2
60
4832
102
17
1306
19706
8
896
34
3
1856
1518
7
3601
26
605
1
2
2195
4
6
21090
3
559
19
290
8256
2
13
5
15
13120
1
72
289
5
99
5
94
209
44
17386
5
61
17447
2
252
5205
102
2
10995
1148
136
8592
469
139
3
9
4
1
6891
1746
11245
97
2490
14
4549
24
144
36
314
1
7
20
58
854
229
2
16075
18
3
1714
167
494
2
12
802
1475
6
2020
145
1573
4194
1287
13
5897
76
21
1
157
11183
1467
19413
13
27
131
6343
2
9681
3773
648
1076
155
165
2
8
1991
6
844
173
4
328
59
16664
7
24
7
44
164
3
10596
3
15035
20923
1404
1
11820
41
4419
3851
283
47
70
231
1
9705
1047
982
3
128
1
16
85
975
17736
96
1357
37
293
972
1
1
28
5
4920
26
1192
3406
8783
9
1344
353
187
269
6
3
245
6
2289
1
2936
20
1513
5
229
3
753
8
298
50
2218
3
8215
1
2
1304
9618
12
50
33
16
130
255
42
61
555
8
86
11
1
21017
63
15750
89
171
1
1
2143
25
930
59
266
158
26
538
27
2091
9
1581
898
8951
528
74
211
479
1
1947
3
176
5
21217
12
86
34
87
295
489
16115
4
375
154
5743
22
558
6107
4932
74
41
7
10116
11
68
9297
16556
45
3876
74
2
11
19
25
14
109
7
4080
18
11
2215
3248
167
12739
3575
1269
1
1149
4789
1394
116
195
11346
3047
8
10799
14
15
1
272
449
14239
5
1912
1
998
947
2
4
325
4
57
19
228
1816
68
7
8
13
22
1799
95
9642
164
6819
1
14
16873
3
76
4
7937
21
20
34
3
6
53
2489
15
38
695
4713
4
389
419
386
978
20612
13271
2344
15
650
6
1585
10
420
4
37
4202
407
88
18
2827
12
2764
2
14048
8393
12931
1760
1080
11290
26
1282
8
567
12149
135
1
21
12
5683
13
12289
83
2
4
6
3
67
22
4513
5
15013
2
31
25
15
12
3372
16
2
85
690
4113
8
64
351
3357
1271
17110
16506
20871
369
3249
1
6915
446
109
22
24
4
631
295
140
104
2487
11460
29
32
7
3
961
2
55
442
616
37
10345
19
1692
19058
1
91
109
2
44
6394
2541
3989
374
12
87
210
7854
5
17790
4
4
259
40
2
522
35
4486
4490
14563
9911
683
1
49
25
1173
2
1948
8093
219
4592
220
15617
956
6735
21
8
5082
1
216
21143
4
4
1438
1
20376
3
4
857
955
281
10
1
17
1189
443
2001
584
15916
4
4595
2
2
10
159
4
18935
3
18477
829
121
5582
515
46
1381
187
10121
415
141
167
20530
73
20965
79
12
3009
3
1029
19240
17543
5
217
4942
216
18
19
18049
13689
12746
363
4
4
1259
186
14382
371
36
1559
650
23
17
1
20
9136
7460
592
18691
54
234
2132
2
13
460
9594
3332
4484
30
39
18
62
21
47
17464
122
37
3
2
1983
12
7
257
402
5143
5
67
3070
503
1
7
41
860
8276
3
510
10
7
80
20
18850
98
4
3003
4620
17
15
1345
6
4323
1
11773
237
13
382
190
18004
2
2847
124
24
276
380
1
8
54
20
3290
17034
247
10
822
9
68
471
1
66
12053
1612
676
52
19326
10533
2228
2
660
406
3504
20094
2
6552
3253
3
3
7069
16
1
2
43
73
3
213
33
2
10
5735
21260
3217
12
2792
1340
265
130
1029
3
319
122
289
12676
1916
24
10
9
4362
3
1005
3
641
49
4050
935
5
17
49
209
2367
392
6193
35
1233
7346
436
373
1
3722
140
27
29
1
6
98
10880
239
433
4
46
2366
280
2
2565
106
150
3125
661
2006
2011
731
13
69
13
12
2014
537
11633
1
13
5
13634
441
12
384
5
2737
12065
110
1021
310
4257
21
91
12506
64
41
3
18756
5856
3353
9
1690
4791
7976
106
206
48
12186
8
47
8709
1498
299
876
186
4
15
9109
178
21950
2
2994
455
15
4
1008
3307
14
38
4382
2
1867
1
6
1498
17
2584
42
5260
29
24
1064
438
3
90
16739
17
1
15408
13172
37
4
11587
350
11779
1
3
8
12
10
408
498
300
125
364
669
1448
9
99
13
815
2
48
48
82
9209
201
3006
9920
541
61
275
5
1
21
84
3
6731
4
2
6
1
31
63
252
14
5
16
2659
385
241
15415
609
15293
6
3
1493
34
1944
17017
16391
18728
3539
263
78
5
118
11697
6416
1
9
395
15126
12
5369
48
145
14983
3424
17710
14189
152
5
403
582
6289
325
42
759
816
788
878
1
260
3
1
239
12
175
3200
2
110
4133
5
848
906
39
15392
273
3
858
2
1325
29
14745
7877
4
60
1
5527
343
212
3373
14
16416
1
4
2
2074
863
676
13016
49
2
2
11222
17
11374
45
8
3
19608
129
5436
9073
82
1
10065
2
5115
125
15
67
2
301
5
113
1
2
3544
8149
13
490
12388
1880
3
4
12
6516
7722
78
9
7
296
3
175
3560
2777
1296
5833
9720
9118
11
15
4756
18185
5
11
7528
219
13826
88
19
55
59
2
6
86
1
3256
6
1
19
13
152
8
215
228
24
2
1
820
98
840
65
5
124
20
54
76
436
14126
12720
16449
3621
274
196
1562
1
5821
720
1403
3064
1
486
1230
13107
6775
9
41
68
2158
307
41
21
2742
8
29
71
26
5
223
2
1460
5
3015
18
997
29
225
2
28
11055
12944
40
674
249
5795
5037
24
4602
205
1
1355
1
4
9
2793
7873
16285
13
21
35
2361
1219
221
6523
1
20134
18
1139
182
9428
4
8080
2
8
24
140
37
5182
1
6
12222
225
4
2
3
7687
148
2708
6
6
11
63
25
13
4861
6
1103
1032
3
382
85
421
192
4395
250
536
534
89
7
9
3048
1
19375
3942
2057
326
2838
103
845
55
637
88
2054
99
2
866
17093
8194
4
1334
382
2
55
20996
154
631
933
97
8
6
24
3506
3
10299
4
443
161
6353
76
36
173
430
20
5090
197
7
2
2
4502
3
29
11
20
47
3696
57
4954
73
2400
15
862
3161
1451
4452
7
1
30
22
6
11
17316
8558
2
5
68
7150
9150
485
3
7509
9
4664
18
11083
63
9589
1
1992
3
9
6252
2
409
57
17
3
5
6654
4
1423
162
37
17
656
9
7464
2162
2
3
9141
316
4
19511
58
624
2991
5110
77
502
39
21323
134
326
2779
3436
3
6
198
7554
1172
6
319
11
4563
2041
13
8
1269
10207
12
142
21
4
5
69
1097
18907
148
17256
34
2
11
1
26
12625
15
129
66
30
12644
164
31
9724
1443
2
1285
200
7
7
2
1697
9
1101
2
2
8503
17
887
13559
2
3
15
2611
5521
48
58
191
4
7416
7
48
40
109
336
51
7
179
102
215
23
94
12234
949
14
2
9113
6
101
32
3201
6365
35
4
1
99
136
10289
2
2939
14738
3
19
7
62
3127
11483
25
2756
549
3511
6296
69
81
4641
368
1
7592
45
137
92
4
5118
29
12413
139
72
2
515
6
2
15
900
332
633
10040
3
2960
57
6829
9846
2
3
292
5
161
69
10005
1
3
143
3192
736
28
1203
11
2
6
89
3523
175
2
6
249
274
771
1332
3397
2931
17144
194
611
12682
1
7041
7858
52
206
267
67
342
1363
202
15
1
55
9
1687
12701
62
1
177
9182
226
2229
14
2
1
9580
5
10161
3058
56
7
2
65
2
120
3922
984
36
234
66
127
4979
6
2920
49
54
9
1
8554
306
11318
8
134
546
3534
63
6
3663
194
5324
45
68
322
1456
119
14
4560
181
3
623
17
2419
10
970
5133
7
5
643
2
1521
20
31
55
248
2
12083
7760
59
3
428
2
8
20044
1
4876
34
26
2
45
12
85
129
225
21249
5239
5
12
11
390
25
1361
5
1828
340
16
51
1
19182
3746
49
1338
5633
17
3493
11
10350
1597
1166
451
2
592
3
2619
2
59
2
21
6
17
1102
160
2851
554
2
96
56
27
1570
522
216
3
2
395
1
73
1
8174
17586
3121
83
1637
270
6
2550
1395
162
1062
3277
2
15
17
4751
10702
910
28
265
242
6578
17
569
89
1587
16
469
11844
6
1
2220
17
7897
36
50
1675
7427
19115
941
2
3
13445
4676
25
60
865
1366
3889
285
19
47
341
2
69
13833
5669
2
966
97
1
38
495
2335
5
2369
21
1111
1100
7791
174
32
10
1647
26
2
2
916
4263
3143
1
226
15876
41
23
2
7
591
29
9
10413
30
1383
53
7
71
227
5619
17
2
727
106
1791
11685
7
4135
557
1
79
9
6293
9
481
47
287
1
11335
14
19
9173
233
15
1009
6
3174
6
11
7
1163
1219
8162
178
1
21122
4
1
2
11592
12
246
214
769
2
20
434
2
28
213
6
25
126
305
2
548
1
826
11
10
6089
3
3
7
5
3
89
2382
8862
77
7539
68
2623
202
523
46
81
1
21484
10268
1853
257
5
67
4
29
4
268
2
8410
16302
32
346
1738
9
37
388
178
3
5483
785
1808
16473
15431
2
2622
17657
2
46
1532
1
151
6
3099
326
2
12
202
71
2
909
113
996
140
15789
881
145
458
1014
9695
55
46
212
11386
575
147
510
3
3
3559
5815
2972
10
12
323
28
586
6778
4
137
7569
172
3486
18992
33
683
29
478
384
38
18157
40
10767
124
319
37
1
6070
47
614
19230
8443
147
4356
2
1128
2
18
8
2
77
1391
4
27
208
54
2116
2042
18
3
1
186
640
50
21
1939
3
4522
393
2
10
98
351
4
4
208
1
1737
6
155
1
391
6064
29
403
50
3985
139
1
91
2596
4
19288
11
894
2716
2556
13
15
73
2421
1095
1
7
16132
43
88
1159
11
8858
13519
144
4
15
3124
3
17
186
10740
3
1471
314
4076
33
5
79
12638
3
2
28
1
12632
117
2
1572
247
3553
263
13654
1
23
77
149
1
8
325
16051
3954
675
150
1
169
39
31
205
21
72
2
21473
145
1
188
17042
5
92
556
421
13238
252
5
1760
14
1113
128
503
23
3
10
423
6870
1
249
30
2257
17153
2
15844
8
3
176
18
294
496
5
4
218
49
4
367
114
7520
1929
589
11517
94
2518
6
457
149
628
179
5786
4343
9995
161
3
60
1
61
3094
17119
32
28
294
9265
18148
1953
2
8
3
6128
174
34
2
4701
1555
4426
22
6
2
10962
9657
2299
15
27
284
74
12
3212
1
22
337
5865
632
11039
1392
120
44
386
10607
21238
4
33
708
108
1
254
576
4
60
116
8028
1
2
362
51
957
11
133
81
154
1050
148
262
42
8
33
3774
3
54
14070
21
4
5995
2
665
10070
7
1670
6833
3
35
9
2
64
76
2233
3
94
2
22
12925
3
6698
264
3
230
7
3987
377
10
9246
15695
75
3146
1522
2
124
15
6638
653
4225
7
2
7
1
1
27
42
1937
46
1
3
1776
5412
14
7
1515
9842
6046
14
5149
2
24
4
2834
16035
197
157
4
1
3
15400
3580
6
2357
1
3091
45
111
2814
110
1
2
8243
1183
3
1
789
2
6
2
12173
5
2
78
15095
1
122
1
239
3240
2528
374
506
1
7108
11
211
1
15
7
2446
490
1022
3780
43
1764
10110
72
4
7
1
6
171
1
245
94
262
14
2
5769
2263
6
7
7483
423
7
4
70
3978
32
656
3507
460
3
37
5
2
24
1282
2
20
1
13311
78
6
79
213
11
39
289
124
2016
5
10946
6302
67
16
809
3
2
40
959
303
3
146
16814
23
393
313
24
1
120
41
3756
3
257
274
8418
126
16
325
10131
44
1032
3447
706
1357
40
37
299
3
1
68
3
89
615
80
521
2
3926
3
24
3032
19
29
54
47
13
2261
7382
493
452
1
1710
1477
2647
349
53
10
195
848
2
7
3029
21
17170
481
6964
4
12758
14
4
3076
118
114
2
1914
27
26
239
33
2385
3132
14
6
7
123
43
10
19716
12
248
10382
29
24
119
809
642
78
4
20839
19
6
711
30
915
1
6
8
3177
21
19
157
11791
126
149
93
1593
80
48
36
5034
322
17
9
4
10392
375
11111
27
34
2
2615
2498
18
111
940
12
12
51
357
3
4
110
3654
3206
4251
45
217
562
342
5
4
14
603
24
8264
1
3
1118
2
5
297
4
1176
3739
28
14
7
152
19
1
232
281
3
2204
61
34
33
7026
11
1275
865
907
3088
164
7276
2604
2460
274
24
4042
177
54
1217
6957
26
3
130
271
1046
5513
3528
3179
5
698
961
3
190
3
8385
8
10
2
11
1999
7
7442
10
24
2209
358
6
4204
170
17604
6487
3713
14154
25
2544
8
2
2
3
25
3
2
2
1157
177
9000
103
1171
5
7
12425
304
15687
7143
132
1892
160
181
15
43
268
12
43
13
2
2
9
2570
185
2291
74
19
6
1516
9059
2439
68
1586
1
1890
2731
2
398
20
5
4
34
9
1249
5059
6
224
8
5
1
201
6236
478
14519
7
35
3044
2146
91
9
329
2
9
62
552
3
3587
302
33
14303
13
19
1024
7
28
13042
43
12
6
12964
8
12376
5
45
2418
3
3
1342
8
3
20
2
11
5141
7
10
3002
3347
437
58
84
1858
39
96
8827
90
1
1
189
11
14
3
64
833
3
128
4
8068
6
11575
16940
10686
3
314
1716
93
23
1725
279
44
768
10
6
100
62
771
1525
22
1408
86
19
21
7
16
34
98
204
2
9
5
188
18459
14
1686
5
1
49
1767
5032
6708
13
6510
5942
1724
113
30
102
3325
557
1
152
193
4699
1255
2
16597
4
1064
44
993
687
10848
1435
4
4
363
70
222
1
53
19
9
15
2
6
8639
512
1
6007
2546
23
4
7
1
7
17196
5883
2
56
3
457
5
355
21505
3
136
18570
796
2050
67
3
10
3
425
51
11546
10
108
7157
3
19077
9633
11903
20144
92
25
1319
725
4515
114
293
14
4900
15179
4
56
6
742
25
2102
12
7501
1
28
2
17473
345
2479
2
10356
23
1020
13539
479
18
8893
166
7
13
9
128
341
1061
374
2631
340
1
760
704
1367
34
68
1
766
12351
83
3
1060
6
19726
110
27
5308
77
1
60
12326
123
935
7550
395
2
1339
39
2877
8
11506
6
165
4
7490
8
2
593
159
234
25
1
6407
30
453
96
7
707
247
2
17
103
1
2
2820
63
107
31
536
37
118
363
348
4
1430
1316
3918
2
3208
10156
189
20
265
1697
4
1908
51
10
1372
38
11211
17834
11639
37
1158
2
12
6
8575
1979
328
1
1223
30
2
11885
8
9
8809
19
939
10
217
14
220
4
8
340
1931
1485
4
178
6
3750
2
9
1
5
3999
1654
7964
1
191
3641
1661
192
2
71
758
5
67
2163
80
1
2
44
1
10
3
2
1528
124
857
1
2
6
53
1
89
603
10
132
13212
932
11
1346
8
34
5409
620
6
2
137
911
3241
408
13778
2099
234
105
17
6448
3
4999
3
1488
9
108
167
7546
80
332
35
22
765
3
9
17861
4347
21688
1
5
4
4
243
3
21
13
21786
3
806
63
824
417
77
157
206
1139
4
8016
4369
568
51
3639
11879
2
74
552
7
30
20
93
665
4
15
29
28
2171
3144
2
2
25
98
668
67
159
13344
480
4219
291
2
34
7
14
6
42
40
363
21
20326
5
17
88
4706
74
4223
1
7115
2
410
9729
81
1759
2
11256
69
82
6
1
7838
4
19904
1333
1854
46
9778
483
39
11329
128
312
1225
15805
3
3
302
3327
12537
1365
6
3180
20
305
5
91
3
10
514
6
3
14
25
8
1659
626
5758
298
266
108
327
4760
8330
106
8800
18
4
19638
926
1484
5
20850
6
12983
679
57
15578
8235
839
518
7881
1524
3
2896
285
8
4
43
125
36
2
4613
814
13785
215
2348
4815
2910
3
15
11
30
330
19068
119
36
6321
8
9
7850
2184
185
32
92
30
3225
3390
1863
17692
23
7390
69
5
95
2
7842
2
16
136
40
16180
16848
13972
4915
7
6162
2
59
28
17051
1
6
48
22
52
509
890
27
3831
47
2
5374
13992
20985
1
5
3105
102
3
4
2200
2775
31
1091
3
1462
821
2
133
2523
2120
9661
2
50
10751
3335
4
3856
6
529
5672
11340
6
12
10294
319
35
7247
8405
16
13
1
71
143
1
3279
50
4
493
140
2857
4704
1876
3235
33
2125
346
6
27
102
1
29
10055
14
6671
561
2
8
11189
8289
4
16
402
32
4272
7
7
38
4645
2
336
59
19746
4
880
5496
62
654
24
2
9214
11744
2404
91
16
532
3149
2095
139
51
3
48
1
234
273
47
7438
56
855
2
4062
1652
1266
2340
1
295
6
606
8
20499
8
26
2
48
39
4
68
15
20
1927
477
9
3
16
174
2
4
39
72
2
28
8
1
2
1102
1
4
5029
4154
4003
652
1300
129
529
164
169
23
4371
6022
595
6286
5
20
1
23
8713
2
10
3
3
1176
7
40
970
8
327
7815
35
2
462
74
14834
2643
26
83
60
552
65
1399
1
1701
6283
2627
114
3
1
5350
2
12431
1
945
218
874
15
289
2
21591
33
13
3285
380
34
1
578
18
3337
23
13
39
1845
24
40
36
13278
10
752
1411
10
2029
666
60
4
58
264
5
316
418
1330
908
388
129
19
1119
357
33
18
4873
239
19
24
5263
520
12010
9
978
3138
37
8
3
22
6
6
2
6
53
260
958
2328
143
9
776
3514
141
253
280
1584
15446
2
14
46
1211
141
1
7200
13
1
10623
226
105
68
3045
6013
7
5477
3616
53
55
163
4606
43
11761
2
80
9452
72
13438
12525
2387
3
2
59
128
979
1
2923
1109
2160
7468
2
170
5103
272
29
2
555
151
563
19
8
16957
11552
28
153
94
3995
97
3
8097
19884
60
4
6
789
17
2
2205
30
691
298
3702
57
942
13512
54
3166
571
17429
685
514
1318
57
8875
14
2548
2
239
59
1
5
2
7823
2
12
8
8024
348
17368
303
1308
10
205
625
631
188
9480
3168
16
6
1609
531
206
2639
10387
975
885
6
3665
288
577
18
25
21345
10713
2
12450
26
13
283
3
17
1668
13245
847
1917
3
1739
6
3
5977
1632
98
10935
783
1205
60
14
45
8
13
2
19
1
42
819
153
4
84
5827
4847
28
63
48
7972
1946
42
1
4473
28
4531
1
376
14
2
341
335
50
20224
4
19501
14931
22
9077
4
600
1
146
46
3169
87
18376
569
644
21164
912
552
12886
2199
438
16
329
25
1
657
14512
254
1200
274
361
100
175
1
3
2
6
630
3
487
2
447
19211
51
2
3814
34
106
201
16614
19
102
2
1
5
251
2
5
12
3
1
30
3
69
223
258
44
2562
408
2
6
26
88
5655
1732
1203
7065
1171
57
19
14332
268
545
86
4
356
6
539
6843
22
69
1260
11
35
155
197
2
5200
800
14
42
15
16
13881
18
6
434
8322
602
121
25
65
18
34
2
253
32
2109
3
558
9
22
377
4158
35
19
89
14643
11
39
8652
12131
1932
16399
3
10
10181
2428
3680
71
26
5396
52
1499
156
12
2376
17
3
3
72
17499
24
16
40
78
1
13
8
136
2
564
9837
1257
20767
17239
15
71
27
5
497
10729
2284
6
8
4
18
15
142
89
3490
249
11
5420
12714
4270
2
6
23
1594
3576
5334
432
21775
712
12
6
2431
1717
132
1976
97
4782
7360
791
7
5273
10853
30
9
5
6187
41
1141
279
4
495
82
3
9
1149
10897
105
1
73
12339
459
2
167
2
61
140
188
65
1146
15523
146
11
4842
48
1
4
325
1600
172
2012
810
2
6621
16
11
238
221
10907
2
4
1174
6372
49
7237
42
2692
14
6
26
165
4
49
196
1803
860
1106
49
2
116
15361
20891
167
5164
17950
1251
106
3261
161
1085
390
56
146
95
2
54
311
101
4
1615
18367
227
12
2080
2
13
8
5213
1084
190
2
551
19540
4404
13
11975
48
127
10491
1092
19657
7
7
8687
85
7
6168
11927
20
14
22
7175
7941
7302
2953
14
4
123
10
4
5480
367
190
2
3938
26
49
4
15
3
3609
1
14
1922
1
9
115
5
255
1
1
1361
3157
1
406
19854
2
2
108
324
8040
258
670
16
63
1
45
1559
1
6318
5289
7
2
10
2
1747
86
276
24
19
1
33
4725
4
12
2478
13364
2
1271
11
17
17
9191
1
33
9358
14923
372
2
33
40
13985
131
35
20
1622
69
5
26
245
1510
6461
12
2
71
3224
309
2
71
372
9
7925
3
14
472
1475
1
24
30
3
216
4
653
2076
9348
224
4
3245
14
7799
12
1324
23
20653
2
74
8
11500
14346
25
11604
856
284
114
18441
2
23
6
4246
2210
6546
55
26
5
4
1904
9032
13
1
8
13465
1340
766
4
370
6635
17578
374
2081
177
66
2
70
2
5002
88
10197
7386
10
185
8
3454
7
3
654
1913
9386
1011
1
188
12938
3854
5146
6
7
15277
1
3
20316
132
1464
2
4
486
2457
22
4746
6
4
6
24
12407
10591
3282
686
6
153
1238
7641
100
373
6631
422
2863
6992
2617
2223
7037
3338
471
135
1596
3
29
762
2239
3042
244
4739
42
106
791
2652
1664
4529
74
11000
796
1461
16
2
9395
16856
19
43
4784
4
2
4
1969
19914
4611
3
18294
11
155
1807
5
22
96
67
232
20663
345
16011
4
414
4
4397
8
4295
1
1
4655
1432
44
1281
5647
451
320
258
50
3771
176
4648
4
11
1452
6618
56
699
2
12
6
14
65
3026
21
4441
24
5726
1055
5
34
6138
1
3
10
41
6
3
1
189
134
19
11
41
6381
63
17
4
14
40
3
5
44
11426
8635
32
9609
3
15
115
2
9
130
485
7780
240
123
69
3
8
5284
3
13
53
928
3
346
19087
41
1322
48
2
1
40
196
52
1082
2
7
3
21851
3
2181
254
4373
2346
6
2066
219
264
381
1666
1
125
5729
17179
314
215
1
158
7258
200
9132
506
111
41
3
4618
357
6497
2
4
3
58
6
1352
6
214
7
170
118
5292
14
2
10
6
7
25
1832
394
14
1
500
112
28
2786
11139
41
14584
354
41
1220
9068
144
4181
630
204
560
12
2287
2
2004
4074
616
2
452
3731
7
36
9
7
620
187
5287
1592
492
2789
2172
1424
15
4777
1
304
4
7
974
1
141
211
9861
14020
18230
2520
2
4
202
66
3
1263
8683
13
8
21
4859
8618
65
9763
4177
1236
5
9
84
271
7204
615
792
1
3
1
2
21207
153
1576
5
1912
9
599
2049
6
112
8
7
488
5
160
486
86
5313
56
859
1337
3141
3
12669
131
241
217
17
235
6
4
16
7368
166
4
152
87
203
2
6037
1103
483
4
509
126
85
6074
25
28
731
15
137
3
1
1
136
176
710
835
11494
105
232
243
7885
2679
16
20
259
23
15141
2
1582
52
3
427
5
15
26
1792
1813
12
1
39
694
5
675
1286
1755
92
5885
6
38
370
71
8
5
160
8141
1635
21451
4604
891
2
92
1765
166
5
20705
33
504
3612
338
2
90
621
1
6877
107
32
385
21
46
262
261
6410
155
125
13199
12
160
184
1408
2
656
849
8
3
526
26
266
338
902
32
98
26
11808
10
2
576
18888
145
11
4558
1989
277
206
261
1
4
4657
86
41
13
1311
564
112
6
2729
32
37
1
1015
129
1516
404
16547
31
1187
5
587
18
19
4
18
54
12519
86
371
11
2
167
799
20164
5382
218
13736
403
4
5
15
376
5599
404
32
2
3752
20204
3102
197
21
3
18330
564
129
8
76
3
159
23
293
12
701
8907
19
2979
3
537
3
77
1
5231
57
8376
161
5125
3924
601
23
2044
201
83
1244
4
1623
20
115
52
2106
301
11563
441
3
7649
3000
19647
2159
3054
56
2
2800
3038
1
2
1445
4671
954
334
110
10050
379
994
78
4
5
8239
16
1
104
1497
15262
849
6384
7764
718
109
238
84
6477
5
66
2268
1486
13
18
9556
673
4
38
833
2
444
6562
7
425
16514
268
2157
8
7
1246
70
607
6826
16156
3
2
3
165
1
86
145
62
2
1073
23
140
27
46
9
144
3467
69
5801
5
1602
4
4
3333
248
57
1978
181
7
926
124
8818
1128
10090
20571
37
67
5224
1
405
5
636
15
10
16
2
7
14
331
101
673
37
218
65
1330
1116
17639
17905
8779
63
28
173
1763
180
46
497
8
91
2976
9
4
13
132
12456
4
127
2464
19
63
5602
2
2551
546
2
6
5
474
1048
15
14077
710
1
108
6
535
7595
1
4121
3
106
42
750
1
52
92
9
87
5
2070
797
2
3
2410
1
277
4341
1
21
681
11
4
143
723
2
1304
5853
8
73
5804
1
2816
21
2
397
222
40
9710
5
387
5968
126
2411
30
1170
71
1427
9489
2383
181
113
6413
3
276
3948
33
9
3658
5
3
5
728
31
1
1
672
6922
22
10
9
19
8
1
108
2621
10
322
1086
16
341
4206
3409
10
123
1998
1758
7
670
527
40
27
90
87
47
426
2
2
188
17
19452
4183
14753
9256
20881
11
13743
12619
6840
69
19974
7
53
10212
1
36
48
15133
6122
1984
288
2
329
9561
11
2897
16
169
1189
428
66
8
2
1444
8
893
25
2
566
19667
1472
2
20
197
121
5268
7
1
7
338
1577
97
914
4
635
96
18112
585
22005
15
115
1
153
2
13
43
9960
162
596
6
13087
6967
819
6598
12
21895
608
1888
2
15080
2148
303
72
4148
14
2477
14147
288
2702
4238
315
453
258
924
3
322
2
1
28
133
1528
1
473
37
21291
129
67
59
4
16
14504
162
3267
4
2
2
1
1177
35
134
138
1196
164
5187
10
57
199
1
3
20034
3
191
1197
1479
244
20
10
3
2
111
2
2
577
289
6202
6315
11
42
30
20
3355
356
5
421
481
11674
1097
1
5
67
75
25
25
1963
10
9891
47
18869
21
11
46
9
725
8
40
6
64
13546
23
3317
5
13902
19144
2206
16
7543
83
6
555
11
1197
9
5689
2412
3
21
2
42
1829
2
283
8414
10
23
15285
728
1624
3080
3
3790
5
9
279
80
2
2304
32
214
9228
6
51
554
1182
5
1608
11
2
10924
2
25
72
2722
13358
652
9788
4
3862
13
3782
5
11449
2
8757
6205
2600
206
3
20
9537
38
11
1645
42
2103
5
2
234
4
1
2
29
6718
1349
3
9523
433
11856
5353
8969
2
13
9
972
1
195
8524
11
462
36
13661
76
18395
19
803
10
5
2
132
121
14
16
841
1360
3
2
281
6853
13
2245
14
244
2
12
2571
59
1868
87
80
4464
4
22
6
140
1353
281
3956
227
20305
2249
6
8
7862
68
318
193
12
4098
4974
14
2115
13159
5458
1539
511
989
1
15186
9
185
1
17745
10
19894
14339
83
1045
7
70
51
4027
584
3
1
23
870
15
9164
1082
1378
2
3
17008
40
17995
20265
568
12
16
2262
39
21972
589
14310
8
5
1027
77
97
10
19
1595
22
5297
14
4
5
2
768
94
48
2
32
9566
15
580
23
11
8
312
67
693
22
12
140
121
2
64
794
4058
92
5596
275
6
9886
43
5434
507
18542
1054
8
73
37
21
1
8
4597
942
61
79
46
408
2
13
988
2450
59
2440
27
101
12400
8796
29
4
19
8
201
2389
58
18
21
7980
1043
3
1177
100
28
6
7672
7
537
6439
83
33
1
10
2456
1439
1
119
8326
131
61
1075
11897
38
26
128
11
365
80
1087
1056
7866
17613
5
7
195
2
4895
3
54
67
8
96
8836
192
1099
20
2812
1202
27
2
38
18
2474
12777
21
3607
1882
2
2073
5085
35
100
76
642
26
2
123
10
1791
35
1
195
8
23
2
32
39
5
287
4
7353
525
2
235
18897
13
5
2
60
2
5
19
18598
153
623
130
52
2
3711
285
140
1959
6
472
4673
17
39
405
9
17
6
2803
2
319
2707
5
68
905
2149
75
72
316
5535
136
3
9442
447
922
54
8
5
11720
504
16
5
4835
5305
12
6
228
19
482
2644
200
9
22
34
1224
1870
3
2133
8109
10
5
542
42
21753
4
5
1321
604
19
53
9
14411
14526
2
3645
120
9
142
1023
7803
178
64
66
10639
5
14606
13
8507
86
6
773
520
131
17
119
1207
16881
10
19736
3
2187
43
24
9
1
41
10
4068
112
27
2
4
1033
3
467
1
11755
900
9
55
138
1617
11094
6
13
7405
14731
13
249
2
1
2
1
21
8965
18644
6725
2
6
11
77
2508
264
63
736
68
374
2136
4210
1715
1413
288
5105
31
26
36
1054
19
5516
1428
8
1
1
8426
7
13
604
263
5
1
5
5552
88
27
9
56
209
105
263
20
1863
4
11
64
690
3
11477
3
1
8157
3
8691
57
5
17
1000
2252
889
1
44
84
3744
474
16
18
29
19049
22
99
55
2392
4023
41
3907
1
1077
8880
1548
317
1
13860
40
382
2741
880
16
6549
138
2
1042
11981
383
1
58
19
9
88
184
15
14
8
62
1
14317
21101
1402
13166
491
192
8301
6
1956
560
152
589
8252
1
53
41
129
20468
1896
3440
214
9
3847
16342
27
365
1579
6
83
8
2472
1
161
1
16490
3
538
150
73
895
130
7826
3
6211
162
7168
2
45
594
1
1039
74
8601
4
9542
200
1283
370
3
8
3562
673
29
16
861
3
3
2796
28
1781
280
674
67
7291
83
2
2183
11921
323
2
6908
1
8661
1218
15
9955
2
750
476
228
12198
8397
22
7
1
11581
5302
232
4
6
8
2757
2
60
101
1
4189
6
49
103
1021
2
17
2
7
176
2
4708
16906
1733
23
670
35
119
26
147
39
18303
57
3196
5549
6
7
29
2271
4742
169
413
4274
9274
4096
778
3435
2151
1113
9050
12
20
15758
18
294
1592
24
824
3251
4
7251
47
18
10
73
3136
211
122
433
13
5836
5
16
937
32
8343
749
21
6
1
7725
603
2090
419
101
3407
2043
2
2
6
2019
1
6641
258
34
78
12
231
3
591
1
3150
1634
1563
16630
10957
5818
1351
851
139
813
21048
40
6628
12650
41
2
238
1044
1
16
61
265
1067
2
76
1160
11
39
10075
29
172
1600
10
4231
92
2276
103
310
1
8528
36
3691
116
35
123
1410
9532
30
1107
142
17630
425
1
6
3365
1619
61
15377
41
52
4
16672
379
12
387
173
19
2188
161
99
15601
543
1058
1
33
61
7630
116
18
365
633
746
456
106
212
23
2
14
4
693
6423
42
19520
1
5229
739
104
19924
279
192
2798
1494
1480
144
78
1
1081
7090
205
8
8991
126
218
1425
13
66
9437
42
16
680
158
24
127
1995
3074
3
892
13458
11006
65
10
1655
5138
703
7
583
479
1620
352
5154
17
9154
686
161
25
5439
40
1
117
81
19
10
4662
238
5
26
1
79
32
28
541
218
54
5
2082
991
10918
625
32
380
16
339
454
270
18
6575
12240
850
18747
33
4520
2
14827
537
1844
14
2025
168
30
10
3322
5
2
544
29
96
4
3113
2
1
207
601
3
114
83
817
56
871
14
3473
1960
2
53
4198
7
3
1
182
5
11017
39
3661
3404
491
1629
634
4780
910
329
1987
9
3441
115
2613
162
3
61
1
10045
12828
59
13
384
362
86
290
16
13252
3
5
5
20
80
21764
323
469
52
6177
12253
2
313
729
7
12047
23
177
238
54
9
1
95
27
4
1
8498
78
3
45
612
395
63
2255
26
351
390
342
3901
15
216
610
8
1155
21112
904
2
6
58
256
5
13
599
843
10278
1310
2543
25
2
376
50
1
14289
282
13702
1
6246
5192
69
3
549
9
796
5
492
15593
208
8
7
53
134
20798
1106
1162
1241
17
14
2610
3005
4497
137
2
3
88
597
904
4723
2632
7
223
6165
919
980
4
545
23
5
66
26
2
10465
15852
1155
277
56
726
543
793
770
3
17525
3
2
1661
522
738
15043
4
1775
12
5
135
337
13923
1323
16
35
4959
2
6
34
94
65
54
236
841
21
12663
55
16
59
16
29
4100
6978
198
312
7
2
1375
694
359
2967
2574
7531
49
8
1
6
4
1076
12034
72
267
52
5
3402
12071
2424
2
11
17816
1279
231
70
1014
96
327
1315
115
27
4799
10745
4
229
189
807
72
73
9
5316
10025
18635
1
1627
6004
292
203
7
1
4
4367
934
149
206
2
69
11
747
81
215
6
224
48
120
1691
3
3816
5
10433
49
730
376
14497
15
4
227
2077
61
24
24
16
2
153
31
9
4459
6
50
1
14
6608
3
8
2
5
62
24
293
1
20438
130
888
2
4
6368
170
2
6
278
6936
1556
4967
4
32
212
80
20622
1183
548
6
2
4
5
51
158
1122
59
1137
39
24
8
3
157
10217
444
176
9
66
684
680
27
3
6
8631
5644
12
227
11
3670
156
4
1
26
36
6334
6
1421
8227
331
2407
3
10859
209
125
7
19
659
1091
51
21613
2497
115
629
2230
133
55
17781
16
9237
21
1
3
292
1132
20
2
1990
1077
3093
11
36
512
11802
488
474
2179
12841
245
267
6748
1604
5161
287
19
3974
1551
4
6765
29
4234
50
1691
13553
15648
230
4196
6582
1491
1
4
715
2
1105
11397
5
14577
6714
1246
430
46
19
110
2
955
3
3
11022
22
324
1877
23
5
644
633
428
27
9575
2
25
4952
182
4185
142
7
6
2323
79
384
66
724
203
65
2191
3
1
3
1
107
1
886
10
2
1201
6
3
278
1151
24
2
14175
2893
327
241
146
1202
50
2
4287
56
38
5
109
4
7
2
10891
2
5
12512
1943
339
107
89
5894
9
332
330
9
122
2083
344
94
20944
463
7
8137
140
3
82
25
2
2236
3
13
827
6772
61
12
1
3
18130
8
5247
23
107
10
9
16408
170
75
8648
6755
7244
9005
5
6243
527
194
32
10869
21840
103
1326
31
556
21
4
28
1672
56
2137
3
4
25
20787
3
1134
8113
3672
180
7295
4517
13
1401
6171
2763
668
857
7656
4
1470
107
65
225
240
6
5
11
4987
11177
18340
5
17265
11656
5749
52
2
2
12880
118
597
933
9400
7811
15781
49
3
255
2
320
10719
90
7076
3
160
2442
278
427
6016
713
1
94
577
3
87
9
35
81
1
315
275
163
23
6
456
19201
21462
4535
17763
168
1
15
54
8431
8
3874
2
71
171
208
4
1492
1302
667
8
125
91
7
9
13586
5
715
81
925
22
7498
5992
10258
16
20
693
14418
7653
60
5847
4
925
3
100
3020
5279
11228
2
104
2
999
4
3119
105
1261
4
86
4692
122
732
2
7
15
85
102
5740
470
6
112
1256
2539
8571
19442
1221
10480
10
1
12790
5
3818
2
1
28
332
15073
506
173
1718
1561
629
1327
235
2296
3036
91
4448
567
2837
697
10
3
1
22
2244
1
3
3469
3479
17
6
517
306
99
764
195
96
80
22
207
2122
1565
5798
291
1
1784
10
4813
68
5510
519
20
4796
27
4
9
262
2
63
19163
18
13675
6196
1962
13
828
483
19
9950
5
828
6324
1
1785
3
13
1980
1713
26
2538
7280
13
262
128
1
41
1274
8314
9269
276
200
2294
23
2
1
10
7
1743
141
36
877
1191
8268
14
292
10439
2770
3991
56
1328
100
2438
2
16
9353
2278
21
1676
416
798
60
4011
340
2
4949
1
48
30
31
151
9
54
1
2
34
18
2253
250
2
51
40
57
76
5
2
864
159
2638
1
7
118
4
73
141
168
1
2
2745
591
288
446
93
165
14
874
46
4306
8
571
15194
417
445
3
3421
121
1547
16
26
1
96
11172
2
5
13218
79
10
139
2
1112
721
1214
5591
940
18561
18
1384
6789
228
8867
36
1
212
38
7
10
1
572
206
21645
3323
6
232
4
9851
18
110
310
11
283
553
126
1178
1822
5824
21185
8
1793
3
283
12
172
4632
1
1419
7
457
5234
49
454
39
2
16806
153
3
4
330
646
5789
17
59
1343
4732
720
2
1641
2
7580
9647
1
141
3
15
31
4547
2
1232
71
148
51
10
8
385
15
11
6
2416
1
12
1456
1
15
86
1509
180
3652
1145
222
66
3
8231
266
226
6
6
5
5
1
2
25
12
58
16367
35
94
345
21983
2065
3
2
1
2
425
5
40
218
2945
7
2748
14709
11873
2
36
203
10
18
76
84
275
1
1104
2
68
18
16
236
802
175
91
13532
2493
5
2018
16581
18
21
525
361
1
6981
6181
3761
2
205
1381
4854
162
1107
86
73
209
2
1501
48
55
194
10035
3
2671
1921
11369
8996
87
8
143
228
2
3835
36
20954
3
102
12
47
5
12
6
10192
3443
2697
2914
46
101
7419
60
100
316
1783
8448
16003
131
147
9
67
19001
23
11363
1028
2
502
4488
6
1017
677
125
87
105
2117
1
1
6932
51
15
229
1051
6768
1272
13723
1819
20674
115
115
23
5906
158
46
9613
19677
423
4
2
36
13965
2
37
32
5
5574
6
7756
59
10
220
7229
17719
8129
1
1
440
8
688
2
7846
5
1098
435
7226
3
153
233
1
83
17
35
621
3
2
119
36
1802
3669
146
1736
5
5
12382
494
414
9513
8915
269
42
126
5
420
176
105
2140
87
1
87
147
1
2
640
3
6458
4013
1973
15
81
134
52
21
452
4609
11
8
37
10
156
104
9196
1941
2
18551
1036
182
2888
140
33
114
4
21
20
1
1006
9628
832
82
53
2941
1184
8704
302
3
64
5
259
3
5491
71
85
4
5850
6
2034
65
4
26
172
5067
89
108
358
20
302
55
183
20
337
5
10549
1862
13378
4
3
1234
102
2
2
2
11
42
352
64
1
2
14908
24
2033
406
192
3466
9
244
2
1204
4
821
451
15
4
2933
3
275
18
1
6
83
15979
2
3841
2
4856
58
5675
392
190
104
3
19
2
2
605
2
7626
3478
8
286
1779
43
7
93
249
6898
180
1426
13771
1121
6988
11969
540
16
1378
17162
8272
10517
2259
1228
196
3737
2
210
255
1671
37
168
4417
19
4131
39
447
3
12
5953
59
8
1214
5859
15103
115
113
519
2
1530
701
3
70
1801
272
1
278
16605
751
88
8911
590
6150
2013
2542
9700
75
5417
35
16622
4215
783
253
68
8722
10470
70
277
2288
58
39
18973
8085
4
179
245
1
1220
2
13
7
18
60
4354
1
8
10
5
401
8
164
8481
487
477
2
41
3460
2
11
13485
135
6397
34
1707
418
828
77
7
201
41
11627
18
4
248
240
528
9
6
2
837
901
7
39
1
782
11832
15
16572
17
3
30
26
8
387
27
1063
152
16
16
9
89
810
1298
18
1028
388
1116
9219
21797
4
6953
10340
4
468
9
215
174
17
1016
102
9802
4046
467
76
3
3394
21527
35
4413
911
84
2
120
177
24
13566
581
16043
3340
14
764
28
535
31
2
8674
3797
101
13
1
4
1
8190
3
6436
41
7
11
63
5407
1410
71
1
33
1205
14
573
82
5
7044
19964
10263
4
6782
4866
50
3
2308
3
4048
147
12
34
272
344
31
864
2
584
3021
76
2
30
1104
21
5
2589
15346
187
2767
30
7
6224
8125
23
1778
226
5
10
54
1957
3
10940
3024
557
275
1514
12
21656
5
105
449
8665
743
35
179
2
41
660
17
655
2388
3
753
10
37
8
17843
1
19569
7561
3
593
19
1508
11
34
17516
1289
7055
1642
10020
28
6
26
498
3
3
12
3385
36
1447
995
5
614
783
13
7
1650
16966
480
6
11144
3
1789
1
3
37
1233
780
65
127
630
93
45
23
72
436
4280
399
5211
14
21
8
360
313
47
6
146
23
19
116
267
135
512
3
22
20
93
5
9797
35
21667
27
398
560
57
47
1930
1326
49
1256
12594
6
1038
4
2
1676
62
127
1
1420
415
3962
1
383
2321
25
1287
4
4
5
28
21
62
1952
84
8884
4917
3
9
3972
6
1
399
13944
839
18
8
23
870
8532
5
75
4
18
13113
2999
2123
68
44
117
50
3
18588
4
1
2
106
133
9
478
6083
50
452
545
11714
757
37
1178
553
1465
13682
20
9205
6426
12
5
11205
188
247
6
3
41
1415
4
2
404
105
163
797
76
44
28
16915
582
4
42
3412
187
461
45
122
15
1
4
74
2669
353
364
1708
9
121
2
518
963
2046
160
2685
14204
74
2
13812
475
180
3767
6
685
118
179
5
3
17
6
8178
7
195
3
7136
2
2
1
2176
270
3687
11307
101
1
11
3
5971
1455
815
716
2626
22
1841
30
146
3
6116
6
3
164
1606
2
234
1314
3870
3
2126
45
831
6
5151
3
2
111
12004
1449
2578
4
2
161
15
6346
81
41
1
37
4927
19934
510
1
1
208
1422
81
122
3104
15
695
4408
22
2861
5903
3
43
2473
10
12016
3399
4317
2
23
1767
8787
11
22
2330
801
17
2341
307
16067
4435
2107
1487
292
16432
151
9
5475
3
296
583
7
2
129
20004
175
150
3
58
2
478
6308
7
36
7
31
4
15
185
4
20
29
34
35
2032
1919
785
2
52
7
4801
3
170
132
163
27
71
11
199
7
225
579
20902
17308
17000
18607
15492
8372
2
8202
17
1090
148
333
4908
50
20
7
16
587
10831
138
6019
39
52
50
31
1332
10
19598
185
125
7573
496
2
3
20860
356
647
3481
32
6274
1
733
3
3107
357
11
2
4
2
1566
1
6846
6
59
737
13
20
56
47
4
282
4694
5
2452
64
534
2778
3
4192
5108
3707
3
3
33
1924
15585
73
28
13
15
1180
17
2947
2327
6
9
2978
1140
2
13068
3656
31
10864
926
7
1324
2
2759
15710
3
81
2
13061
5723
1
12
16831
2
257
1545
547
260
7729
1388
91
5927
4844
162
181
26
429
627
10804
18349
2
159
18175
3940
1
3237
118
3
250
2380
19805
1442
17
5
2718
47
4142
1
56
310
11
3
28
5
9
3650
31
12
3
624
21884
6
9
19
322
20356
103
16
25
5
2
1993
1078
717
777
603
274
3
4823
1538
116
1389
38
10559
203
3754
881
62
1469
16639
17230
13
386
32
400
2279
782
13791
24
1071
91
3
8
11957
1855
9
5962
3909
56
2
24
1
13
69
2
1907
428
692
3262
6490
10586
4
4
71
8
396
6
2649
1190
16
26
103
590
286
158
9871
83
6
3110
1199
524
3573
156
279
755
1
97
266
482
440
10
4898
308
519
235
1118
974
1840
4
2
4962
513
203
36
500
9
3115
14461
2677
2
19
8
862
1847
216
8121
2238
396
110
5518
1399
4
1276
33
619
3227
7668
568
10
110
102
9
4031
8947
3748
11133
2
1
3960
9
16655
2315
1
93
814
11
3916
768
14062
17438
7
10232
965
4
48
3426
582
2
2
32
1575
1543
8
927
1688
3
14
60
535
1761
5965
5
26
183
3
6
3
33
141
21
8
2566
5593
2
8
3
4
1012
1885
7179
678
6261
1
16457
202
5428
405
6946
854
101
23
2010
5918
2
5
341
152
151
1480
30
7
4910
1416
1656
4871
2
4504
52
10486
2810
887
366
171
19
2096
147
19530
1068
700
9
516
34
6
508
471
7768
1
2
80
1
15932
17127
9320
8211
230
4
1195
1621
3129
1350
6
113
25
37
267
67
4
3
1
1
11
2
5
929
2434
10655
2569
126
282
4242
3
74
1
41
2504
136
21
288
2
140
256
163
2
284
6
3428
1390
134
2
2
73
6
9
2
812
9754
82
28
18
12107
3358
14
22
8
231
657
912
892
112
40
5266
1371
1386
2
5022
8060
56
16531
438
990
6
8
3551
1730
1938
1036
95
159
283
295
3380
1052
31
7577
19
11
15209
1063
182
18
46
1
1
14
287
2591
58
16
3567
16
17
1111
1050
13425
4054
213
19125
1067
2
9652
3
4
8
8
307
1727
1163
635
723
6
7
4
10
14
5361
918
2932
4
6305
72
7445
19462
13
2703
2
60
20829
11862
10
12089
163
1305
4308
1004
1625
838
8614
277
120
11998
14
449
6
162
7660
6095
133
5936
19696
2942
921
12
875
1211
408
46
1
45
1
2124
2681
7331
1
2
3
10
41
396
9
1806
1
571
9965
21
6
5
6400
95
985
2
58
1
3
4
2831
31
617
11089
728
161
14
14
403
46
1369
371
6
2488
11
1835
29
4
1
215
845
217
3
1850
1971
5
20
8545
3
570
6
133
4
3803
23
228
655
71
1433
1529
21228
3305
13840
13478
13
10
2
1
5
8
20
1843
180
207
5399
145
130
4
1355
1
6
1636
4240
595
2
1432
2359
12
132
2
9773
3
13
2575
40
6905
186
16705
22
2912
15
14
2524
244
279
47
34
29
17825
21270
2035
16
13146
1164
3348
5
1262
2
19011
203
46
8
54
61
17
4173
1
2
4
28
448
7819
5980
4044
1210
17
43
51
42
10617
147
15354
4
72
240
16
3852
48
115
10273
937
643
2
4775
5
1466
26
293
443
69
6356
42
3
5
17
12784
299
103
46
261
2903
98
14
47
6
455
158
86
11987
8260
7691
15813
1
19
1
4
24
27
19844
986
133
6565
9
126
2
36
41
1681
480
1684
7009
2
3011
48
2
12095
3
18
12314
2399
166
1454
1003
645
15
366
222
2
1173
114
5169
5
75
390
5087
194
868
13285
14
2
31
3
12726
5
7486
12
8549
4574
2
13580
21
2
8
1060
43
8
5364
2
9372
5
1525
11
6268
2
4310
35
7
533
100
411
816
28
3791
122
20366
13431
42
31
2
5868
7
3
5
735
873
34
3297
37
128
32
1
1
1
14
2547
19192
204
3464
43
3014
1
34
1583
1
897
3860
336
2
6704
973
19874
2711
328
711
167
100
18
1353
6337
506
5
2
109
37
13
2884
1
4217
1093
47
20756
4697
43
1396
132
8588
9
235
3
1895
3
1
27
15163
1441
285
952
888
16
350
330
914
1517
219
10
308
168
7208
8
22
4300
622
19559
20245
5
3
9604
8380
18533
36
6349
26
233
2
3090
27
68
6
1031
18
2
16
9
42
477
600
157
9
14
8541
238
15323
9
11
72
12259
135
559
165
12951
1254
46
4806
2
4332
5
4
15461
101
4105
4730
193
27
386
6
1814
804
20808
143
7776
168
73
18
246
6664
25
52
114
3
8
6
62
14
1
5337
505
46
300
5546
253
11535
11239
5054
389
4840
3
8334
1
151
312
6
1450
4581
2
6
77
285
18085
5281
5
1048
242
3
9339
1321
114
3
22
256
2901
15
8
3
1006
18
1656
14760
120
205
6
2300
9807
309
2
33
10
25
361
14
2
89
74
8
272
25
508
11200
431
260
198
34
40
226
1695
11
389
2
5983
7
7
4
8477
231
1394
1
3
2
11679
23
47
5
16949
5
1527
1027
5
6086
246
6420
325
3647
5332
546
968
8
807
1
2
17674
1657
2
4
9
375
23
1
9260
2354
6098
4437
70
113
6806
10
10
112
7664
2059
692
3
5442
15
115
304
8
45
7
4378
93
861
200
4
51
784
6
75
13
3
11
19
846
12
10
10756
1
708
17
117
6
2860
2
67
311
208
4837
4
6
3
9
876
565
9
6058
1
800
3981
14
214
1
3474
199
80
414
994
1
14
60
2
1070
5812
44
32
596
155
1303
1
62
46
273
10
13100
28
257
41
107
1098
2
1554
1
10
675
14447
14027
82
2
12
6595
79
30
704
11127
7005
6
291
16237
6
15609
3087
3709
30
44
260
110
1152
2
2
29
18
189
2555
45
2907
8206
1
1
1864
509
14218
9330
251
16
26
431
6
41
3
1685
516
2351
350
51
5
6758
7
166
45
18
651
47
10601
118
4
4
9
689
2
9023
2
37
3
7
5
11
399
2397
800
5900
2
11
8
1
18
19
130
104
49
81
1
572
853
422
664
5692
3950
2740
103
28
47
1974
9599
169
1
419
1549
461
50
5678
1503
3
2110
581
2494
16
952
9
3
29
9
92
2
2495
12
230
34
68
689
77
14871
7
7118
111
7140
10
3837
47
17
80
1
3
35
207
2422
2
3295
64
5
5226
10460
2
4935
23
792
26
595
934
18579
14893
960
13094
25
11
10100
923
15
293
59
61
73
42
1
1490
15454
877
47
5255
202
15216
196
20174
55
353
1
17932
3
315
82
10
17
31
2
5613
21
2749
1089
612
688
43
67
1686
356
99
11
3411
67
3
4
594
2828
148
35
4111
28
4
8490
8678
256
22
7
339
1341
4
2129
2567
9
1
186
18
7233
20
872
2375
1
849
5
3
57
1
14
3776
2
7
1
1923
1
3703
3
36
606
1147
64
1
484
70
15
5318
9283
9
258
19994
853
5
4444
7012
172
21
1744
229
8
437
108
28
3108
402
1000
477
10528
122
22
13
2370
1
12469
197
9744
359
2553
3211
30
2
4997
3
8
2
13
8
10
774
4
557
19
6
343
66
15
27
6432
248
6
1117
25
65
18248
1336
2536
5
2
53
1052
850
3
21732
4
4
433
18076
3195
404
211
16
63
9
867
1
8
9
46
9
31
5
12357
83
6442
71
411
65
30
124
51
301
22
3067
2
778
742
1168
990
1
3596
114
2248
15
479
10314
15868
277
228
2
380
7718
13
499
57
3445
6
5423
15679
1
103
11512
787
57
242
3
9423
299
13192
3
10304
2900
243
5488
1985
4903
7379
3564
1263
1
6651
3
19
1387
1363
3720
4
17
948
323
1131
1
33
75
1294
775
1
11726
2
2618
2
2
8
3
16
76
91
1035
144
12
9793
37
13029
75
835
10
2030
808
1037
1746
102
276
53
14856
131
120
13
4636
41
71
13
8223
18
44
37
39
15
11662
18
442
3258
87
367
6
4
2
10361
2189
28
10
171
818
12
6
173
7
1331
1902
177
23
10628
45
2069
28
196
171
682
4
1
16
4930
7093
16539
4
160
18812
2
20
1540
6340
32
2529
3448
2
3833
93
201
8
64
4
13951
4052
1
303
184
10
7016
2858
641
646
45
4
88
1756
9
16
3530
7072
5627
14679
3219
273
12308
8
3
5
464
3582
399
5
74
13620
4852
10
21
1
2561
1458
6215
63
338
1599
13186
14133
110
8584
757
7996
1435
528
17
1040
361
90
17701
305
485
2208
908
4984
1607
267
17
72
3370
152
12265
5388
2347
2
12
59
20746
104
5159
48
808
13
669
4
434
19579
473
14
2
9
17648
706
2
309
3096
294
1267
4
608
38
696
51
843
82
4
3160
4
3
42
14953
50
66
2773
44
100
80
3
452
52
33
402
9
1
39
1977
38
13
5100
167
136
2467
2
58
82
34
462
39
1851
2266
2167
561
76
17683
1200
21302
5
1568
413
283
4
43
56
6311
6
22
64
2
349
3280
632
4
13405
116
3
8744
1639
4
7412
86
21154
1780
662
284
2
17
22
32
743
458
2
6901
150
12
4
734
895
1270
23
28
1062
72
4
1
10
1881
2492
7917
780
1495
2
4
2
78
9091
7699
263
110
130
14782
40
1970
81
1
18
12
838
4
954
124
19
21080
127
321
7
8
4
467
13750
5
129
107
3012
348
12
12
561
31
6
38
794
2
3
4982
6131
1
32
9
638
285
867
13
1702
2950
950
10
450
2
24
1633
3878
3
296
5295
2373
461
6
32
2
12
65
2
11933
1945
2363
245
19404
262
1
10
5621
17
18505
27
621
2
55
2958
13805
11295
1065
74
1666
33
98
22
14716
187
261
4248
936
7
1
1057
220
7320
127
2823
18663
1143
15
1
10454
142
236
15656
14
8752
1754
18
21
17403
16
6
314
47
31
1
10875
1562
1900
33
10449
43
145
204
9518
119
434
18
591
871
4285
64
38
59
247
30
17
8347
3
3839
1372
357
13
129
4399
2186
38
1039
136
115
10080
1936
4
15
644
171
1
14360
36
1
43
259
4
1
21961
35
171
8
13
70
22
5009
8004
1
17508
2
185
2
2161
844
11
2693
1
1506
5
3
5131
11
2
19775
20489
339
2
1143
3828
981
679
1810
41
7371
16
4
3536
1
31
1
2466
8
84
4
1
2766
5380
133
13798
347
251
16
42
121
122
3312
44
5095
1150
75
2
2
77
268
1245
2325
12918
7
3
7
8
14
659
111
16
2
236
1092
1114
7430
14
5772
4187
2
49
7
15
6404
237
489
784
14790
1
344
2
1
117
3
5554
466
3362
18
6
5709
15508
725
99
40
14432
28
3598
1
1
2053
489
5
15500
3
480
6218
22
1542
2068
99
3610
2
31
38
191
1
8
10
5
232
48
15058
14
3932
25
1406
16164
317
324
4625
57
1387
820
5
112
4
406
4511
8133
8
5
1603
7375
2
2213
4410
3718
12
2809
2482
12
1120
4994
39
1569
2
20
7
9145
9
2458
62
16124
4389
787
4830
418
337
11
249
84
4
2
36
2
9
30
1733
18672
13641
3705
664
44
22
1
1535
20
224
55
21
7
11380
1
198
2
1
998
97
4150
32
6
63
63
8
203
1
3
694
38
691
1
1
4565
2085
113
18404
5358
10335
1708
273
43
3
11
3
2853
243
2
1108
13
6445
153
5880
4
12155
1193
34
1757
3
23
20684
284
17325
2
2
27
18
5245
118
127
11797
1213
6134
103
1748
3
46
2689
18
75
6455
64
4164
11540
3532
11644
773
14
28
10
135
15020
68
7
6503
744
1037
11
5
903
4
1317
671
15485
2710
31
22
33
168
62
8
105
99
801
8
1
365
18
238
761
214
12
7101
7324
101
57
5
667
1254
2483
9
22
44
1078
20124
35
13764
6375
4
