4
4568
673
2524
1244
1220
68
56
190
4
318
160
1179
22
1648
17522
1
500
117
2607
35
347
1898
2
19099
80
318
530
5335
9
10825
94
4
3
282
13
796
1
167
88
20496
605
3085
828
15
1933
68
15
27
1
6
3
12
103
3
613
22
4
1360
7279
24
4
6755
3
2850
4574
3701
8
13821
87
14
927
339
6
35
719
149
7912
4347
10289
8
45
41
4867
18
8
8984
1
2
4
15562
5
4
9946
4
1253
6745
30
575
1381
1
4799
324
2
5
3046
14
284
33
2775
2
7
4244
56
2
5990
1832
4
2854
9360
1437
3770
332
8254
460
11849
1453
5231
96
3
1705
1
8047
9601
7
1
17252
7
3
41
2
5832
4
510
100
216
31
5873
16
1
1
22
5
11667
1
1271
1294
223
34
1354
714
1
5
6
251
6348
5
3894
84
697
32
289
376
295
1636
6136
224
98
5
15496
6
1316
202
17721
143
4384
1688
16795
23
6
11
18075
2
10749
20038
18
52
1
3259
34
45
4
11
5
2740
7
5
10841
296
15409
75
5504
2528
9683
162
666
38
1763
1283
528
2
2763
3623
41
26
5661
100
387
32
161
77
227
21995
2755
2
13
5702
4
17
11
49
32
74
93
16031
16867
12
81
408
3
58
91
1
6539
54
7
23
4
5
655
13
1613
211
3933
27
311
8
200
1593
1
7681
58
11
65
15453
59
3802
1393
14
10
2258
5940
7331
14018
15
2083
1457
37
561
44
14707
15850
945
611
424
161
16701
157
21024
4472
13589
1
1318
313
676
832
3598
68
4874
7812
13
103
5
25
12
5007
8
15431
1108
4772
12
2671
3649
115
13608
34
4103
4
3
193
179
264
5450
2
379
69
291
512
12397
66
686
665
2022
2
12450
50
608
1024
11
3961
2086
23
26
2036
15584
395
4
2
11
1773
4
6
1860
9
4666
4097
7648
14097
62
92
6
154
1135
6
4
57
4
4
538
37
19
2332
5574
90
26
209
21
12327
3444
1
311
426
5465
9
1
1
2
300
20
64
1997
9
15214
7
43
294
13
1019
1478
22
4
116
976
38
444
7
25
667
142
38
7269
1385
242
552
2
225
3
5
104
163
5535
15
14
10933
1
28
13
1
2
630
116
1065
72
1004
2
366
26
4
1251
1604
1
15257
7007
174
890
3353
24
88
16
962
45
2826
840
75
1761
2239
347
500
3
20
2582
19
642
119
11816
2
7856
532
17
10
7
1
2152
820
6783
6909
52
38
3823
31
15474
425
4
1230
8479
437
60
4
747
42
1890
3764
10
1103
10
2
39
1177
2
3273
343
2
37
11455
637
4459
3513
118
2
23
379
8
17350
5974
21810
2
2
2454
27
2
4
19507
44
19
5527
2
62
8
472
71
1399
41
29
3527
16
16
7934
100
5
3334
90
2
1868
137
19
1
3
7177
4
2
22
14
514
22
190
7
14237
908
257
2433
139
12
2
147
1034
13
7573
2
154
19757
5
2728
7
4594
32
90
2440
2375
220
4341
1461
8
1371
273
2
5
552
616
252
1249
12
2492
4391
4
9
6
7
2
8
1031
2
571
7404
9035
20817
511
136
17671
32
5
18024
73
1111
308
18
223
17746
401
1
71
1255
13532
9453
5216
1
6613
2
1874
47
7456
12
38
6632
9
36
5551
1
615
1
899
3
23
4
66
6585
8551
2274
178
82
13
4485
3483
1455
416
32
10059
970
7
29
2
12
74
5
1
12627
18
11026
456
91
367
8946
6119
428
114
2098
131
46
929
12752
108
8
51
192
18778
6
327
845
4
13
7
18255
8395
2342
4
707
244
1643
137
4
1322
4847
410
1
2
32
10
2
2538
32
2
4179
6
1
4854
46
1
1167
29
70
10362
5
19207
14298
6
12
3
675
1
3405
2080
1094
17
109
71
354
9
1007
36
173
66
11568
5
237
8503
216
2496
15
3
6050
78
4
12
730
5114
15
2423
287
778
21443
27
21748
2
11
10
17872
835
419
2450
19
14
200
70
2
58
687
4
355
17155
275
750
4
339
76
2510
72
42
88
2
2134
40
6474
4453
1331
2
15
881
236
29
441
1853
14419
5
7
1
19
8
157
22027
106
715
3362
7834
11
97
146
8
8431
4937
594
3
819
2355
6
2176
3503
1
173
18
5
9
258
15828
3
623
804
22
12069
436
25
11487
3
15
1196
2
11883
6987
9480
195
912
1
68
16724
5028
6
7746
571
13
1756
1027
1082
4
10524
35
14440
4478
219
2245
12
7047
49
40
152
1983
4262
30
4786
1269
4
52
21053
109
7
10
12
953
1
80
63
36
23
173
6366
8360
44
3102
21232
119
11342
18567
3
14
913
2637
2
5305
2
415
6
11
307
10
17948
32
5
397
8527
1625
6
5710
998
6
2948
12485
36
3324
95
5
17203
859
599
20
371
11183
124
4806
21
8
217
325
2312
3473
37
9
4
8575
113
7198
873
11
2119
237
203
9281
2207
209
21323
65
13
4
609
12609
1
3050
8
7
6
125
25
1837
1650
8
2280
6276
2478
3
76
2858
10
65
1822
230
1700
15
1079
2
11967
7
102
76
10
356
499
795
14
1
1559
57
1731
1
488
1
25
201
3
127
800
28
3
1514
739
4
12
10303
42
40
154
24
7
5
1346
2
87
1510
5
3994
346
3
2
1
11
2630
2957
115
2
446
7
16
18229
19563
69
130
10
2122
3
6529
9506
833
5
151
965
4840
7477
3
5
606
2457
5180
4366
10318
87
10
2204
464
56
235
144
2
226
1285
256
5
1693
107
636
3
12
5857
13173
20670
1001
3
722
1052
2
46
43
1035
5
1
10
857
3124
313
91
9724
30
121
6
2406
10031
16443
2396
77
20380
2016
3478
16053
791
95
18410
5519
322
3020
507
12663
7414
6024
7
5
198
1395
2678
4006
3348
290
10
45
447
2771
21
18
5057
1
1988
508
285
17399
72
3
4
175
74
1555
464
5
1627
13666
5543
226
1
3
13
2
531
3250
1702
497
11
56
41
5
13
16630
1419
278
19180
9520
34
579
8
409
427
5
5
38
9
1895
42
12
16
5000
1241
51
1751
139
40
10
1427
3076
12275
1562
24
1362
159
4
2736
27
1
21687
18
50
9
47
8648
6
1313
5
228
40
3
1919
2
171
5
578
3168
161
70
567
1
9
99
158
15
2
686
7
2
2303
17
1203
20876
484
16076
8243
5
2
8
84
2
4
17
3
2167
2
405
563
1
445
158
11
5
107
101
746
15783
1153
1
76
239
2786
27
4
2
372
8059
6
372
4
6
371
4
20583
50
3839
41
821
2290
33
3
1017
8
21262
1991
86
4
191
2264
129
7
32
44
11536
8
290
19
2
63
6
200
10
141
11
18
681
310
15172
38
7117
8
202
39
990
1595
49
1102
134
618
2195
23
11866
28
6502
194
34
42
3
950
164
9
11042
65
18964
140
2
827
1
83
271
2
1216
206
192
37
1602
242
128
20
13455
13417
122
17
7488
187
604
201
4
270
19425
2
1674
6997
14791
20554
3
5622
217
8278
15873
20266
144
18126
874
17
8
122
24
40
18698
295
709
1938
63
3146
229
1397
3
58
50
1
8372
7157
18
1047
4581
72
6
102
7
29
22
36
3
7
1
8
18177
473
60
2104
3
22
5606
110
325
30
757
25
10995
2
2
4510
10
2
968
6707
144
943
682
2
6
403
1366
1
8
482
17897
70
38
17
8036
11
61
4409
2
4293
5
309
2
15279
8
148
2034
174
1
30
2
5
124
4403
2372
851
50
97
584
6
9574
100
517
95
4
759
141
44
6041
1377
802
1146
2994
42
2
20
317
2575
31
10231
6
89
9347
315
74
2782
99
15236
548
12001
7373
292
11
338
3
64
429
1697
1
34
3
150
1
963
574
46
9793
5
4
941
13436
872
1364
4626
3
60
8
255
8
59
1963
91
2
1
703
96
3376
2
1
63
7991
11326
13
12970
15193
2
37
1
101
1
109
62
6
24
631
650
8127
3629
14522
15
11
334
3
1493
1
32
6330
222
17
751
94
102
32
9426
2
241
38
5
27
529
13
2475
4144
20
3829
34
3024
20525
1758
2874
81
3
5246
594
22
21
3454
41
6
306
5807
1291
239
1834
2287
21779
35
2063
12206
254
432
35
116
11057
81
3
18
592
24
419
2
14770
20
48
5351
2
29
10
31
10016
52
2077
3434
6
610
942
3
1611
6
10
177
1
15
8539
9
14896
42
1900
15
11
4250
4354
3
6
3236
196
1
11
156
3160
13
569
47
126
42
16938
151
214
3608
1073
19
9
543
6
249
100
6660
25
5718
37
2
224
99
894
14501
743
94
191
505
1443
4
1113
895
10
111
44
249
19
49
3922
11
49
1232
111
5
185
2
48
6
518
2140
1140
8709
378
20
3400
15001
5
3063
2
12
2
1734
509
2622
6206
816
113
13
3
1265
447
79
12
39
4
5
555
80
8
83
10045
3
17276
1
3223
699
149
451
4
458
1097
4646
1977
43
97
15
515
6
2426
8734
1300
5685
4
11
2936
16
9
401
418
3
359
9862
1089
1
103
281
19785
2
468
431
15366
280
9
10
16
3
1786
29
12806
4
95
35
783
1
3748
3296
2
13081
77
56
1
10
8
123
1999
7
336
935
9918
3
2747
147
3
1
4311
19
2
752
85
7
2
16914
41
8746
4
62
407
9086
164
1439
1
11
9
10245
13
100
495
55
40
21534
10
10584
310
201
922
383
206
129
601
133
12
342
83
1
6
7
17
27
5
6285
2
32
12843
8
524
3
651
1
195
2329
1169
25
327
2
13705
2
278
18645
2
252
683
449
3578
4
3315
1
2430
1
539
7
8636
1527
17
4
6679
8185
51
11601
13570
2201
113
64
14687
2
654
4620
9642
13978
21
20
4329
25
2
331
14
106
349
2
2
53
2
4958
2185
8587
72
130
4
1788
52
344
54
180
5
3
2
4
343
888
94
2
2645
155
4
6
476
6
201
1
13
63
45
9229
4
2
839
10
3
1056
2
2173
3508
13998
504
825
111
24
26
44
1729
1125
2806
64
304
3016
2
2
36
13
405
24
3791
80
1
5
43
18857
114
20
1535
375
219
21
14
14542
2779
147
7
430
145
2
6
18
81
19
225
7638
2
22
14
1274
3552
156
17497
19126
862
119
4587
16
52
3568
1
9
2
521
21718
4191
1012
632
3391
1850
36
2499
3
3033
18
12879
1
1280
12645
5590
4268
233
9
2345
391
573
7979
1531
6180
2
1242
896
1930
36
5512
7616
6
10
5890
5
1
6
19153
1941
29
7
6250
5
9112
80
632
196
476
349
5
77
133
2
2
677
3989
14318
31
8
373
16374
1551
9
482
4
51
972
15
321
3
48
11650
1015
1117
62
5
17
369
939
302
125
2919
386
480
2
5
12241
362
1887
5
5
1606
3
13939
192
5143
178
2701
22
5129
55
4
9
1
1
14
4813
40
109
2
4916
7
105
47
80
21474
1884
1181
1352
4542
1712
265
2732
829
43
7
19673
3
692
9
31
11
10
3
9
664
6
3
4416
1
5224
106
16259
1
23
1683
792
2025
2
73
39
216
29
13
4080
19261
695
298
413
63
211
25
5840
3593
2
14874
270
36
3588
2
6
1050
95
10964
30
126
15761
1570
2
209
1163
10
142
7
3
2759
342
10260
7
4679
7
576
29
226
2019
61
12155
283
10
5209
9
1
2
118
13841
340
2
4909
36
1
171
53
165
377
2277
316
21
925
137
4
8
8624
2907
2
628
1
634
26
1
2
5774
28
2
3
2
3
1
11374
2
493
9
7
196
113
17
2
206
15387
16467
10719
1465
68
27
1092
116
2
10202
299
67
7027
25
12
7
75
2
12
19370
107
2
2656
9373
479
2
104
52
3
2517
86
1158
1
19480
9
217
17
2
644
23
3
4232
1
334
2
112
74
2045
51
2074
456
24
8846
4
48
767
1
3059
4
473
13
1845
11262
106
20
3518
4238
51
760
4274
7
999
617
42
3151
3872
21
6
1632
175
2
174
580
14038
2
808
621
163
12052
780
11
1
1
1491
92
2
114
1618
149
11
617
457
42
1358
8997
553
87
711
12
60
2
1
6153
1985
1488
1025
25
149
350
33
1
5694
6267
221
268
2818
2846
8150
136
1
11
20
2
5404
3
2
9138
89
21
1055
198
12
250
15
130
2270
3
7541
297
118
4
2319
1038
6
477
5
1425
3
5
20438
14
3
237
1328
102
17
21
3098
1
262
20
2
183
4109
8771
526
2
86
18203
8921
46
2210
24
6822
16167
189
66
210
3
16677
3
181
6
2
37
7
12
235
8455
47
15
186
1664
146
1690
243
10145
286
16
246
3028
1480
8467
4
5783
17973
78
581
90
49
341
9
4
31
1
8219
7
17473
1566
2
2986
545
41
1707
16
3054
3
2
36
685
99
8231
10
1171
14666
130
213
5598
23
19
2542
2031
734
563
11088
3
526
13
27
150
253
2899
1582
6
7
67
122
20
2
19590
12
185
435
90
7
3
198
1303
3177
10
121
1208
3
11
54
1671
2
18991
103
183
2158
30
150
212
2615
19
34
425
538
5328
1009
167
1
5
8
2
3329
101
3
444
24
5388
4
5434
266
4
6
2002
2
18
10450
1
21
7
14
29
52
744
947
1
7238
19813
44
51
4
18
69
25
125
56
2071
1855
19
158
1237
184
16748
312
6
17
3856
1099
14460
11358
9
26
221
79
162
33
13
143
185
320
14604
388
18
23
1
6
9
4
1
303
4
9
23
905
2870
15540
1335
3
14399
5558
10628
1
14
33
1
758
391
81
875
11104
7446
4
159
7562
341
1
652
949
20
2060
3
13304
13
28
27
18050
3
38
8909
4299
14197
3
15628
173
6
1781
3182
9779
36
4
7790
27
87
1
3696
3
10
4
1
2
41
5021
18
8
1798
2961
19
5915
19
3
7530
5
11749
3
21
6162
15672
4
12223
135
16
1
1
26
72
502
7
18
748
15895
1387
4633
771
8116
10
2842
400
11
2
107
60
160
9
61
15739
1
362
141
704
365
8
648
19
1908
5488
72
717
3
375
869
13
4561
56
335
10
2471
1379
278
13
49
502
348
6938
32
2464
846
523
9074
65
3128
381
17058
75
2
103
9
164
1796
23
73
1
2535
3
3
247
2335
13007
17
2
10
2
1709
470
102
2402
5481
39
21
7467
9
7
4993
6411
22
9
1960
3
19646
564
242
23
285
1292
1014
4214
8
20
491
716
9560
1717
7968
167
3
1
15
6
1994
306
22
213
7097
10918
66
5
277
346
17
2057
29
2
275
22
45
353
15918
3
93
1302
14
10764
443
1575
2990
1
7290
202
540
82
6793
1463
17301
159
3
9
179
39
1659
18593
1714
2
14481
3
5653
7
2
7
77
3523
54
1495
1234
134
245
660
7
55
11
1435
8104
71
39
7
22
2
20
11
2113
59
87
6
261
55
22
806
3
777
1405
104
1
7425
837
729
3
15985
2593
3
8
192
110
529
76
6
1824
238
1129
725
1548
52
11
124
1
16
2697
8
186
1516
134
57
222
13361
138
478
6726
123
27
3386
1
1903
1
3089
4
2068
4
2
2952
10
404
14
50
153
8883
69
4305
679
3
4652
7
46
12681
101
60
54
969
14
1228
6215
1
23
5150
749
7
5
4
9
7147
15
7703
1044
1011
2
2969
1
220
14137
4881
5923
1124
16536
556
979
1058
688
20010
3424
754
9440
6669
1174
3200
629
4
2660
18
2724
36
33
797
49
453
110
58
474
14
6
1
397
55
6
37
20612
51
35
4150
14
486
4
7
4536
416
16213
4
29
5
1743
48
1
4057
322
1326
11167
955
2965
3
48
28
5
44
934
13
4185
112
1298
2
7087
18831
5
523
2866
4
22
1
68
2
80
1
6
10
3659
1451
24
3
6
1307
3
389
172
2
380
1
6
1746
2944
14257
106
9
27
107
3
1159
914
243
2161
1641
4068
2322
5582
9
920
4040
6033
169
18
27
14
2
1
10689
82
21083
93
2882
3
1584
258
19
3468
1753
251
4138
13
852
3807
5
2
2705
3634
98
494
5261
7321
9765
1091
43
911
27
3
898
3
12
2716
1
4548
2110
25
1119
1
625
19
46
195
14
12120
51
21872
43
23
1
465
7
200
844
891
78
248
26
7779
9737
112
399
10
16
1258
247
27
4
1
7107
770
6232
4
1
3
8722
35
4705
2743
5
5473
19018
136
3944
3834
886
328
57
42
3
1676
21
12415
8808
224
254
3209
1345
88
2
16305
1191
148
12698
48
3
104
72
1130
596
43
199
6
1
3282
5
3
3111
91
6
2042
3367
13880
7
4
23
15022
4
165
3
4
1557
89
720
77
268
113
8660
1100
6
1892
39
1476
9
184
56
2261
2667
463
876
288
5194
4
4
1287
12380
93
3
211
228
2546
2
28
280
3
181
1499
2862
11
1538
392
7879
15
130
488
520
12825
1141
34
2
1
1
9
289
26
6007
2213
8612
3
20
7
1121
207
6
599
15
4447
20151
19925
16121
11
10173
13211
16
12
2326
1156
1
7
33
18
30
696
853
48
22
7923
1
3
7057
2349
122
40
726
138
9413
7167
3310
2
30
364
10406
213
5
232
10
518
146
6
487
4732
2
11
49
170
92
27
79
2560
12
100
1
879
1
11230
1
218
36
14
16190
13
2
20409
166
13763
98
12
2309
16
1
45
3245
1122
3
255
13959
169
188
138
26
4523
170
31
332
24
42
131
1
1
16
8
52
2399
10
70
5050
1256
6
78
5
11
2
79
82
3
536
2891
115
9696
3
2
3
5396
3
66
84
62
17010
2
33
2
43
284
8871
9710
40
3
10
127
513
605
69
13323
9
12
145
5799
17
2
78
423
13647
35
2
1
8162
9988
981
1482
3
1544
4
18
2339
49
3938
16890
3
17
4
38
248
183
194
18306
28
218
889
35
5
1
7584
7801
35
208
535
471
20
2306
921
31
157
21565
4
13
5071
1
7901
492
12520
8025
14
8697
1367
708
3850
23
493
25
9
12
115
4000
3812
626
4
12538
87
55
2
14854
26
2
257
13
29
1137
2
15150
5
6
9493
10
1127
10
1
18
21383
13
253
11
3292
1
3
2
52
79
2
27
240
12770
20095
3214
11
2296
11294
16
32
8
86
131
66
6716
16
14077
88
2
18358
14917
6
8
19
79
7
2
5313
11503
1
9
1041
374
43
2
16
13724
21
3685
1520
5824
2
3067
3
5
826
9
11010
10347
204
6
65
142
275
18
70
69
18
173
10539
85
7228
1
155
5
19
1401
50
4
42
903
45
7
26
21202
73
26
97
3
1947
6
1
9
126
26
9048
11073
304
13802
1151
4951
19
700
535
959
290
41
6841
26
214
284
101
3
2092
117
18152
14359
61
172
51
56
99
4712
2
2107
1911
298
1
16
3
2
10674
8348
8
1
39
4672
241
16
20123
10087
9242
134
139
3977
26
6604
262
13285
161
3972
54
3420
1906
11136
11
1505
51
5815
15
11552
5
17
20467
788
3949
2
1431
20180
5
16099
3
18540
38
84
728
14
1609
38
76
17131
782
10
2
3955
1
3639
270
93
385
2362
1
123
3532
169
4
4
428
1914
5
1
28
14
5
14177
258
587
2
10
399
765
111
20905
525
218
32
55
394
21
14
18884
98
6429
646
4
276
2
2443
665
55
88
12897
43
15
3680
31
1433
97
11
3
498
3186
1
46
5
8
14833
2973
350
43
6
146
12
21595
12
15107
5
1211
80
1
16
931
24
1971
1
32
12861
3670
390
1
24
185
163
125
6
1974
3410
17
3732
1
295
454
6
1184
6735
196
110
29
7946
96
1068
3
1239
5
75
301
4555
5932
177
1
3
4034
210
3743
992
13
282
94
3041
2220
1936
13248
4
260
2
4226
17
5
701
73
1138
841
293
2128
724
2
116
61
1415
81
263
2521
10856
1827
62
338
11
3137
958
818
8443
360
30
67
83
2589
1
2299
1
6688
194
417
3
136
12
184
1030
18
4
363
22
18280
20
7188
5358
3603
254
3218
16008
11984
1267
3164
4
9
135
1629
1
2567
6548
727
109
7
89
2352
10871
39
34
98
735
23
195
575
153
4
4639
181
50
19
57
3396
128
12734
26
2
798
25
19
132
269
8784
16
57
7
9
3142
407
551
4397
7127
78
41
10704
56
2
1314
9022
6127
2
1423
1
5121
3
3
13551
3916
22
4
8
13044
1
11
24
2089
994
3644
6698
1
111
1
10659
71
7499
483
27
16
2
8
2379
13474
35
589
1
20294
14058
515
76
109
9
22
1721
227
57
19
140
15344
38
1
3557
863
69
15
668
199
497
1
168
4280
34
16
47
2
197
152
1
19897
2267
32
286
117
2254
8
5
1
1
1
20699
21656
129
1512
764
2915
77
20729
9960
20
1
2293
10
2709
322
756
12
6
2652
1952
116
3
977
18
16
29
7
546
30
1
7713
1411
674
302
11700
5201
7300
8
230
91
58
2
101
20237
2
413
31
602
136
12018
4
7
5320
1620
15301
9
6
147
2604
236
9
5
163
1
1809
23
1449
54
3204
120
9255
28
8491
168
17
8599
17
6889
28
3338
35
46
179
383
8173
5
49
21
4
67
2
7594
2232
272
63
570
164
2
6
4028
8
2887
2
1
633
13342
7670
2
56
2
46
2242
8
1
1
4
427
918
1726
1
126
108
5
6259
169
2
7218
8
3
17374
2
215
1417
1
3415
3255
2
1863
135
386
8821
2
21
409
19
17999
19
156
34
1441
48
9547
3191
129
1248
10
547
9
57
5677
2556
86
3
8
276
1
172
13
206
562
937
1447
27
5187
2051
16
4
13493
98
4
17325
121
1264
2751
10
9
1204
4317
54
6
5
14
53
190
63
1
6566
13062
25
1685
1
12
28
2
1793
59
4086
519
67
7
1005
904
5630
7
6
5742
18332
15
25
4114
4
1
12
643
47
1
3
21933
47
4
326
442
6110
8
776
77
785
161
3
468
1276
8896
91
7
35
2
2
2
20787
439
4063
16560
28
811
6650
1064
33
1816
31
7627
32
214
1
102
6067
151
3983
20066
24
28
5
10130
12
1
14
239
84
2
5
137
93
243
2
11799
287
5758
231
3
28
2
1
2137
120
4
385
4979
6
45
54
3
4
28
3
1197
21964
11246
1320
50
182
282
14217
45
3
1186
10
4
951
2
3537
3
1348
6
2
2
133
3
2513
2223
2065
51
20994
784
207
19981
15963
652
2619
396
1
31
6
64
60
2903
15940
86
847
8336
301
1955
2694
988
4
45
1114
26
3
105
141
787
41
257
30
131
47
900
4
16
17448
641
2895
13192
20
9
4
92
106
3867
1201
9
983
81
9
215
73
3
326
7
658
333
68
69
9
671
17
199
1
25
2
11766
1871
5
2409
1
4986
542
7
1
3
14117
40
85
1
3264
5
3
70
16654
10
207
2170
7
4861
44
1
1296
38
10644
5298
139
858
50
741
558
10479
9876
4434
15
1375
2
9010
345
21143
14
1213
293
8972
2316
745
9
4126
198
4529
124
53
6557
2
987
22
732
1
166
15717
37
4
387
7
7
6
4203
208
431
3
4
8313
9751
13685
373
180
26
7208
880
6
2549
11
5
4
3
3093
10494
16607
363
9
182
1917
13
2
103
4
21
369
5
21
230
16
2641
451
29
14563
3
13
1
1391
370
85
9
3
293
8
9820
34
6483
1
974
17597
1080
296
31
1225
19953
130
23
1
84
2
180
333
13267
7249
12189
5791
1819
1
19
328
6576
4
505
13
45
265
893
11
11
1143
309
2810
2
5
280
402
4
85
4
308
3
15
6
229
1
1
2
68
106
4888
1645
5411
3711
1
2
1154
2720
150
624
13
1105
5
4
58
1032
491
2
1791
7867
10
1748
2
294
20
3037
382
23
11
12591
15806
1
84
4
5419
11
2
94
26
16513
1966
555
917
41
330
44
12
10569
131
3
5
24
1074
471
16490
4
466
3
415
35
2005
177
5427
1246
1223
4972
2
2
5457
30
867
14278
3665
814
219
1
14
884
267
12556
2
12
23
414
17
6188
961
3
7
1655
2838
1657
11
155
85
1
2146
1553
62
95
10509
112
39
55
189
2
9
1
82
90
9
48
2
1
18
59
28
2564
83
6
3573
8002
2
9
33
314
143
2
2822
2
2
5
554
10810
262
6
14
5
2461
2182
328
297
126
10
4765
55
98
2
53
261
13
212
67
79
8
25
6594
5064
60
2048
118
146
94
2
19316
5035
2648
208
3
1533
424
19072
61
28
316
32
11
16420
16
2
21
240
33
288
9
271
19841
3
24
11
6101
126
10
306
75
2485
33
2192
541
21292
14
938
19
22
507
193
21353
5614
48
7
353
3
21
59
870
186
10
17
28
567
76
37
10333
8
283
15129
6294
5
17
6
11783
1591
241
18619
4
2
3759
16351
2389
1061
6928
1145
181
3845
433
2
324
127
95
2179
5
20
4
9
506
9
430
142
8289
3488
6
13136
17847
96
292
2
3
30
3
15
7352
1
20
446
112
47
18488
17423
3
2416
4923
66
19452
878
3458
21113
166
64
1
1
105
2
5442
11310
2
8
351
957
3
82
20
2
16
4
930
223
6622
721
252
3
4792
228
2
1343
12362
15
450
135
909
763
3
11
12503
663
60
954
8
4
360
16819
13
619
380
712
2600
57
4
3155
1
232
52
1
4719
21
1525
966
1503
64
995
478
11406
205
742
2116
1040
259
6016
1278
279
1161
132
104
58
30
102
321
2
57
4335
335
3439
584
2
9
29
3463
4220
2802
2
31
5
4
5
1944
22
158
123
557
813
12103
47
49
24
220
1969
134
50
2
11
8563
3
7435
13
38
62
3
19288
3195
85
5
4
10
352
166
10599
35
215
7520
2189
19343
116
3
5
21
14
1071
19618
13
5734
345
66
3775
1768
1
2
26
5290
2
5
18101
211
14
1
118
2
1077
544
1206
145
378
2834
108
469
3
68
21626
17923
245
2369
9466
4
461
23
79
187
1866
31
1262
786
235
15322
12
122
23
13
24
249
39
33
3115
8759
455
22
17228
793
143
16
10613
2
603
63
62
1
34
5172
406
222
512
187
834
2143
22
203
2878
611
14583
9294
462
20964
69
74
59
7
244
191
3
1980
57
973
36
13229
1
1189
398
4256
2
2
789
12
5014
8673
5
10216
53
14812
7259
560
5366
264
60
2
991
520
3
3706
367
803
1840
5
2531
335
3007
583
2198
1209
268
7509
1842
1
14625
5
9125
18
848
4
723
13743
8
25
28
6
63
81
9932
1879
590
4516
11900
2
2
8419
3
1
10188
138
34
46
47
1829
3547
7
8833
706
24
221
9164
1133
103
203
37
3966
1459
1
1
25
3
13
1600
75
37
7724
3878
228
5092
96
11917
1
1497
1501
15
5566
1681
5
19398
980
1
16
3301
30
45
2
19535
5
2794
15
1949
5898
774
1546
158
3
1662
51
37
17696
15
1046
3072
946
8070
2392
12
6093
1925
193
3498
10
15
3
122
3232
1227
83
647
486
357
105
4023
14157
34
6
1192
46
50
16986
2
260
1341
37
1218
2028
1403
42
24
1
1429
16
4422
1
33
4
3
2
15043
10159
8
3
7757
12952
1176
1
4378
331
4902
395
11716
2
2
1289
794
1
34
9
14959
926
10979
1
16282
713
120
6
44
495
7
171
809
250
2164
13
149
10116
3
3306
19
5
26
16397
10
132
21
1472
267
3
907
12
4466
7
6375
2
23
4659
1106
5343
10274
20323
16
6
2
27
5
20
16236
2
1445
29
2
9177
180
585
3133
23
203
67
73
34
2940
366
36
6968
480
245
19869
8
105
6
4
13919
110
1053
781
4
2382
2
9
392
7
12
6171
2
7552
18911
124
411
78
702
14938
7
60
384
20
15
10102
418
89
620
8685
12172
527
18
44
6774
39
165
3
4155
1622
253
156
2
33
74
1
144
11422
17179
162
8
11214
5
4944
6
47
8
38
545
41
5
481
645
1272
4930
7
3
1486
5
58
2
532
10420
234
4051
9655
4161
2131
698
4745
26
2
305
14
1484
842
8
337
29
357
4120
1086
2
5948
83
5
412
3
6899
2
291
7
1
153
861
4372
4820
1
204
4
24
16
11683
627
234
1022
2928
5165
4
2663
16
18672
7
2
6802
850
4692
9628
2008
3080
883
3241
1
1615
8
42
18384
19
1882
10
400
53
329
88
2039
13
2217
2413
5881
6
17
354
3
1652
4
6
3011
44
43
22
3
25
2
5
64
2999
6
5
144
80
55
2468
1
46
3268
6812
365
17547
27
14
5
7890
4
18462
1
264
8
15606
6764
190
368
394
65
684
4173
1724
19234
45
17646
11
12
1
12
246
89
9
11
10
17
1383
176
4
4497
1
2
1579
266
14
6
18
7735
2489
30
1350
20846
255
572
234
1356
1695
238
76
6
3
2
10
21
1
1801
315
541
4
984
597
1
2596
17
614
21413
28
8
3
336
4613
105
3
38
1927
3
28
4441
1719
3
20
2
9
4132
1337
6
4895
8
5496
4965
30
3
16
5982
7
12
2419
43
5381
6880
4
27
2
5
773
1
240
9
1
822
854
2
13099
205
1811
422
6
2229
4
265
259
3675
761
2226
501
8301
13
985
15086
65
533
19701
20352
28
189
2447
11519
7310
24
30
1409
2690
11733
167
188
17
71
1922
5
204
3654
4779
1
8
111
7
433
6
3
2978
1586
84
17822
233
36
15695
34
4209
14
10887
4074
5
490
11833
9061
1
15
28
104
7362
19
10
11
20935
22
19045
61
3883
2
5638
2
705
3
548
8
452
14
10554
1
361
28
147
307
9587
7
1
2
90
1
8858
2
32
2
256
348
24
115
18751
2
5848
1876
53
7067
7957
29
5999
151
3449
55
678
20
108
128
25
317
112
5
17106
3
582
16144
2911
4
3717
139
3120
3
19729
3
71
6
52
303
3
1
420
2
64
11
18
680
67
53
91
2
42
18
484
442
8
5726
549
9
58
31
3343
97
638
10
14
7
9974
2
6919
4287
4
31
2
153
15
70
11390
2014
176
19
1958
63
140
10
6
436
34
1577
16583
2
5
9
5
96
18514
653
141
4428
350
152
59
274
21841
3
2
6
4607
20
5
22
53
1187
11278
10
27
121
27
58
5
4
217
37
411
31
95
740
305
3227
7383
12
4826
17082
18
2
624
1776
489
14749
39
6357
132
8
14
1
272
4
1
53
163
8013
6493
1
9099
3754
640
868
12
12
737
8
17
73
3
108
15
448
475
1260
6420
12258
17
2571
389
5865
6641
1149
766
2283
6
17621
154
1
396
25
21
3
42
10391
2713
40
49
88
13
3905
17771
37
20
12
298
17034
462
78
503
89
2
10
537
2437
775
586
2101
15
7
16772
59
3
20641
70
18
36
9834
48
2
120
310
189
23
66
2
6860
2
2
5
1
48
18
54
4
314
13
12934
1043
14
2
13399
12989
2
6447
3780
11151
2
114
8959
4
76
3
17
2359
736
31
355
99
1634
170
4
470
11634
5085
11617
559
412
449
2
1
1067
5107
4011
54
8266
5
150
2
62
2
41
12432
661
2682
22
266
1638
8
824
7
14
5
13860
1597
15065
320
128
1
9
5957
4
2
1669
856
4504
108
3
733
689
1164
2
16962
2
259
303
12345
8
2
53
933
434
600
8
10795
6321
40
2
3
246
14379
4
132
43
6948
2
107
13513
2932
25
153
1
8
1096
97
589
5042
3
12
3
176
3
92
9
377
286
559
1
2923
3106
1076
37
10
2095
8
1
1413
18725
82
6241
12
176
86
2686
1
408
15
2
127
22
86
313
1
6197
74
40
14
902
323
11
4491
8
142
39
1037
1470
4
35
1309
14
4
2578
124
3
2
57
2
2
3911
6
5
9848
13
3372
75
50
18937
11438
4045
21504
1
61
40
96
48
6059
168
2
9333
16
73
8208
1062
2
7017
10
43
21
21173
78
8
1
7845
370
5
6393
25
3
79
3
34
810
1002
288
74
138
5
2
7823
16
2
1028
662
1
2553
10
7
1059
182
14338
9904
277
2
279
8
565
1018
1110
361
6
183
47
5268
10
12574
1778
145
18804
9190
10435
607
3278
1771
65
5
588
7
12310
1573
437
6465
44
28
579
3
2
657
6
18
831
8407
2
133
19
9268
2
639
12137
10948
92
2611
1
10780
205
25
229
5078
7
1329
93
72
68
11
404
4
6851
358
35
61
129
2
145
1736
45
8
33
1389
2
54
135
1148
162
54
439
4
454
11199
2
510
8
3
33
458
93
1540
3
14728
2385
2155
232
718
13628
14
156
160
300
39
368
14
438
1070
1666
23
69
738
641
114
12
4
2
4
11585
71
11
178
24
188
30
3429
1221
5
2
459
3287
4197
422
123
2011
31
45
238
2
89
48
9
3
119
691
174
87
15
812
2767
59
187
7341
591
319
4
4
690
1
6438
612
1
21
121
2
12035
3
44
3493
1814
12
3
29
6
5
46
5253
86
10902
2675
755
3
21
4
26
10376
393
8
33
1
6
7
6
421
41
193
125
7
1421
5
1
3320
1
55
496
9
8139
3900
118
15
15
453
261
29
6
178
271
2251
3563
2
59
1804
5275
2
30
20
7768
8384
6084
329
3583
3542
2
3927
1
225
13380
865
21
115
83
5750
1
30
3
4752
75
26
4
12716
3
11
2
179
25
6402
352
167
1507
3738
1281
143
6
1529
817
1766
6520
273
16
18436
2365
1132
53
1739
13782
10734
208
39
7692
7077
9
3173
1
693
4
2626
35
15518
6339
1
236
281
1568
762
13
801
6
11
6
114
3
2
12
117
4
381
2
5158
5
197
9400
19
2506
8
2
140
1008
1235
3
20
805
13155
1305
159
18
1199
534
5
113
3
598
864
2790
2
11950
6870
83
21902
14
3618
5645
1215
1088
15
6312
6
49
20
4
214
2054
1542
2982
61
8
13025
77
4
1
6456
4600
10002
2798
8
769
4
4685
16
467
2149
4167
1
9890
6
168
2
1369
1
37
2
3357
17796
694
6977
4
670
2
65
622
2
14980
15
4
3786
485
5238
71
16328
160
68
2
11
6076
2235
649
1324
231
3722
9806
26
1
885
6223
3003
1
7
12086
421
2
15
2248
340
227
4323
17
6831
1194
2
9386
300
17
62
98
1468
16
18
466
6145
17
155
1
18
299
10
376
1
8515
3691
4759
7
8
1
140
221
35
12293
74
274
3889
32
4
5669
323
2125
3796
170
70
72
85
117
3613
21
57
17572
359
337
4091
3
4
1021
3
3
148
669
132
9203
1588
171
101
152
9307
3
273
516
7
9669
92
16
3
3
172
1783
117
2
2
13900
1116
2585
157
9533
319
107
2
4
9151
364
32
61
3
6384
2
59
5766
269
2
248
7393
2
13118
5373
1
522
51
67
50
384
997
2
5136
127
29
318
3
1311
11
250
3
110
9216
1339
13
14
11933
56
1
2
1847
2814
10
635
23
1
330
5
4360
1
710
82
1049
403
8196
109
916
11
120
71
33
356
566
155
2
3861
5965
135
36
12
2
7
1083
186
20208
595
4
7
6511
8081
1407
8796
15
5100
577
7037
1564
33
30
53
247
550
15650
3818
1172
210
312
12915
81
2
3
12
11
4833
151
104
40
11120
659
23
9320
440
58
65
66
128
1741
64
137
772
14
3
3
1085
12788
31
2503
90
18
4725
175
24
123
8
3
3727
12467
593
39
1518
121
10073
838
50
41
119
10
8934
1
19
1
212
2
5
1
12
5283
14645
1373
2
7
6
5
7605
3
112
2
3
30
3
40
21
7
5
47
9614
1182
19
133
5906
4739
60
8093
4699
165
5
20758
13
1
923
99
2
21
3381
3
64
2482
3
17
36
460
2
441
672
46
1522
2
8
184
2633
7137
2
434
231
390
2830
344
8325
351
8
67
656
4017
1806
7
276
568
1678
7659
4
3
119
128
7
148
33
6303
2
175
16843
263
1858
177
15
2
6958
197
1474
1333
3
3
233
17
11471
10465
38
1166
