21556
8593
3
5230
11
636
45
5
44
35
557
824
4
4215
1105
4
74
4
2
27
5
66
127
12
27
7
7261
1195
193
310
10
364
22
13493
33
3036
6925
7
3616
9511
16493
3295
32
9
15
1988
22
154
7
5
5298
3
162
256
73
19560
15
10850
110
2
1680
375
1
220
7
4028
16963
183
16141
1
5
76
2
35
791
20690
5851
393
27
5
2288
3129
1844
7
17073
3156
257
98
2067
3
141
1031
250
262
698
92
10125
63
2
19
2952
7293
5
6
15
451
1
15031
8
5
16781
6589
28
26
12
16
180
2827
147
1796
2049
76
677
169
6835
11
3
14028
350
3316
36
1892
7420
4
4
396
535
657
4098
2368
1762
30
3389
13
21
17
17
526
840
193
1735
6
8
1
4555
3
9
592
2
31
6083
10
11
3374
2027
738
782
10481
621
4839
578
58
431
30
14934
81
131
448
764
40
1
2
1441
4
30
1328
950
22
7
134
2
32
9
76
57
6
113
20204
11
318
3
13
3639
504
25
4860
12784
8
34
12
6
4
317
15899
98
1
316
13
1
12270
150
1360
46
11
19603
5
17483
1100
2126
3253
301
10
15526
7076
13
9909
16672
211
1997
5764
2796
12
648
93
288
1
10572
1980
1218
1079
1
9677
2
2
25
1182
3403
14742
730
1231
521
4
309
11427
716
65
6
3042
10
165
35
2
16
3592
85
3
9573
23
109
13
107
10
601
7
10459
405
14088
117
13406
2499
17
8649
1743
609
3
21
282
2
2964
441
314
7582
18020
16
29
2
1210
4288
2
65
1804
2
2876
77
2
362
3
7882
1
35
142
144
103
43
181
94
3663
3916
86
958
1627
5484
18
355
35
8
124
8501
1383
130
250
8
3288
1
5
10235
2784
1334
7747
94
15
6
4
539
36
6096
5
3
4506
3816
7309
4
1548
287
10
19434
457
505
5
42
986
9368
2
16
2457
5333
160
3
166
6
8
7
73
48
8248
21603
18
15
3135
9
2667
3
11626
4107
142
227
593
1942
29
1473
2
8177
21050
471
6
2
369
13
5
5702
2
2
14
3068
1
11777
127
6448
1129
5
56
44
4746
2802
36
6
91
2
13
11015
687
4205
5776
3623
9470
8037
7664
6365
2
35
2
8142
17788
35
19
5
18734
11158
2864
692
17
114
68
39
7137
5241
262
1578
906
26
230
38
8
3
30
6
9614
76
246
4458
20645
632
3115
5
13
3
4644
66
1
91
754
24
245
100
660
3
188
5
300
2353
31
36
360
252
353
9
3062
4
3
7
168
7
308
32
187
10756
218
5287
4325
4
56
8
55
14710
9
2
1921
4
2389
690
6806
650
7
1511
43
722
3710
5
6
365
161
757
40
46
1336
2
272
80
26
167
13
377
1
185
490
25
89
7933
5
91
1258
123
5
2621
152
4
30
37
110
1702
18978
15
160
410
4756
6176
63
4
15359
2
15
54
2399
12
13
9995
3
13669
200
766
3082
4675
46
18
5520
40
1302
20512
13
400
4736
2054
115
2
1568
43
6895
3600
680
27
1
158
74
2538
2089
151
247
6532
5185
10549
497
366
2201
58
133
34
67
637
2
3976
57
17
5
3
2121
25
2690
3
283
1
13
14966
11
13
139
140
41
326
2
8
2
16458
1110
152
12
67
104
2220
2338
17446
9
8934
12674
1380
13063
33
10780
185
71
11931
13
5953
2737
7168
6
6
1793
9248
356
1971
10
4142
1189
4
4
39
13581
205
6661
16
349
172
872
429
4
68
7
387
210
2
121
34
12
2239
794
7517
425
67
90
9
942
203
3
21
8819
4260
2168
5801
641
2394
36
1
21141
19225
614
8519
1541
58
3016
1
144
2610
3
1
550
2696
5
2510
53
540
376
240
5031
15
2958
1
940
678
1713
5544
88
379
14
52
3
6646
76
2
1354
20
2249
654
2
144
6203
270
8
2
3239
111
4
3
19
19184
32
112
1912
492
321
5
18255
15830
84
7
191
54
8428
4
9409
41
1888
7
1001
3102
1
162
213
1
12404
8
381
2754
92
9845
15
2
493
22
17
1470
1
10017
1655
41
107
18
19
7
767
15194
9
8
1
849
351
9268
10
967
1851
47
2
39
744
1
1
779
171
1274
520
18653
24
4
19
195
59
3
1717
14
73
32
4269
10324
11
612
926
7
2
19392
1558
34
132
18
98
1
131
86
798
7
3
69
253
215
31
1438
2
3
3
364
4439
8
3
4913
197
3718
9
2
13007
8
1263
95
378
2
1
4
237
19
1098
10346
125
1420
394
25
4
1377
10082
6
1623
238
275
191
18
3345
78
2990
76
4
34
6
749
24
17750
1864
1521
41
701
13788
5628
1454
3531
39
8
81
6
11501
2
3569
7
9011
1868
208
2
4
7
21279
4019
117
3516
12
8686
3367
759
12218
1630
2895
1417
39
20
34
368
72
1
3
6632
2778
16
5
916
1
413
8
118
15
7215
109
30
33
478
3
3800
1120
157
90
236
1269
18059
699
4
12
21
3009
3440
24
10
8953
162
5356
6
4
208
1534
10733
2
44
1695
9
9388
10257
924
47
7
1149
2333
2108
72
8762
16211
336
438
16
5129
8
37
8072
2210
2446
8
2593
2278
971
786
5321
2
8089
32
14
95
20914
1
55
19
3
1036
4
2023
1451
4797
568
145
2
4
21325
285
36
13640
5
9803
219
87
12484
6
15459
26
5
87
3993
81
8
13262
2815
10169
5966
1754
9208
85
1840
37
3
2
5
3309
185
340
591
43
329
12
9952
43
8107
3
6518
10213
101
192
2644
2
8
936
2
25
91
18
2323
55
2565
12350
6
1
6462
2627
516
222
38
902
1272
3500
423
171
10038
2
203
6
2
13
635
14396
38
120
2821
71
223
15
1009
1
796
21187
1084
1609
576
113
158
2
2505
42
894
2
137
1
65
543
16
5096
5
4
4
15
2130
34
11879
50
11
1366
347
1482
265
66
89
743
56
9288
663
8319
2182
4902
22
72
125
16106
4695
822
1363
4
16
5414
1089
15
2
42
1709
55
1
1200
2494
24
2
269
2
30
28
10
1
1884
665
2
1054
8
44
2
514
2
37
1662
2655
14
1132
35
3
14
21005
1
338
103
200
10
2032
518
53
2
3
142
343
2
10
1012
817
11
21884
519
20
3
17110
386
20423
3584
11280
42
3
28
1495
128
2760
12
2177
3183
2945
219
6985
228
7899
40
13
10436
5085
2
6
582
108
3
18
148
74
16387
8992
235
1245
191
534
260
4808
9
14
8
12112
17
395
932
13205
9
10504
11601
2684
390
769
17
1669
736
2
44
1637
6865
43
20601
3808
6561
2587
4
2358
1432
31
15492
1929
838
7
965
502
120
17147
2870
2318
1963
5677
4372
7533
7246
2977
168
237
16246
26
30
7
3267
6777
97
29
304
50
4
6
2268
7324
20468
26
53
3
4054
3331
2939
344
4
443
47
2707
639
164
525
6
25
580
16565
18937
214
345
27
1
1179
6163
1
5789
26
155
47
32
3022
188
1582
15
4
1
4497
810
2
1
6189
1648
192
72
9
12647
883
3791
7
7
13464
2
5
2425
23
90
20
45
176
335
5052
7
16817
12430
4
6603
287
5
177
4353
6
7951
529
1
202
1205
60
4
596
27
315
1
17597
182
51
3
2
2
124
1250
3
38
257
2
617
676
977
2
956
5253
116
3163
1
992
12538
9
45
6311
20292
532
176
306
5
567
36
462
96
34
4
21
1
812
399
18
12
8
36
4
51
27
2
62
65
1
27
1
118
18
17
40
833
3
1
43
2
10873
201
2672
483
38
23
1
5344
52
561
4605
1
7
71
5
472
7681
2
31
1724
17
15559
5616
2
170
1
2632
6575
1
1247
409
3
60
16
12
130
383
92
1489
51
4
52
341
527
15
994
5
24
197
22
2348
119
8
33
2
1040
13120
248
17865
52
3142
17370
3260
16
13
620
1139
1
4187
446
75
900
374
15
724
25
2
4420
8
332
3
33
4655
23
2
29
898
20248
16352
3246
1
6
3176
19
56
95
155
2766
87
28
9308
1
44
8002
30
5
18533
140
496
5
2135
1184
855
10
179
904
595
6
87
3
4
6
13817
746
25
13435
14
84
4
58
1
143
5
4477
3
9109
2719
38
1
6
14
2
196
3
4934
3
2
2
610
930
5
207
27
368
45
1
3
428
13
2430
217
3546
467
17942
116
5020
52
6733
45
198
77
20
2071
1404
48
3
1
1641
707
1
46
436
57
3
15
3463
82
29
12086
26
3
61
18
31
36
20
6
4
5
141
131
11651
12
151
20335
50
2441
3
19518
255
1154
1606
2
3
7
10
79
2
3933
39
294
3
2
19350
1049
62
2404
151
6850
10
307
319
1728
258
1280
69
92
273
4448
313
14
251
72
6
181
16
1177
139
1319
13
1
13907
99
15661
8
1673
8
4
2
2196
727
12323
21
53
126
4575
344
1348
507
37
8
321
6747
528
1781
4891
6
1505
5
10967
28
88
49
266
1061
25
2018
274
9
2
1
1325
4
3942
2
6476
8159
8
7565
1789
3
3
15
1
1860
3
226
6
11701
2420
7
2
305
13
1052
70
3197
1
2678
40
11110
5367
22
7
3
9148
158
3
8
3049
789
3561
6149
2
553
12565
463
241
18
5
15227
4
4
564
33
7388
20
4
674
2
14
115
7848
4
22
1305
13967
11353
1056
1620
296
15968
199
1
4
7
3
29
6136
973
2
732
92
315
2
1
16
10104
8556
28
1
194
1
61
4
49
1
6216
137
668
53
4
17559
1
2
710
1908
546
35
54
3055
9328
2080
1401
5449
2971
444
756
6955
225
3
15627
2
21510
13
4998
10
17903
14870
8
4169
23
8
6
177
480
19901
68
28
4
803
41
1034
35
806
8
125
16
313
70
2234
6
157
5941
5
4725
138
2
18
1
500
1372
63
1538
3
633
260
22
217
3
87
13
141
524
20556
5219
771
4316
29
9
34
1896
2
1423
270
4063
2
2
11
207
225
2
477
39
18215
4
42
135
27
20379
12
13998
3
20
1283
42
864
24
4
11063
18815
5751
11
32
9
10595
74
111
7030
1812
62
1444
1314
8
3470
1016
10944
94
1369
2749
1226
5
134
590
10
290
77
189
298
7
1828
6
2
2149
5
547
28
7731
3
93
20
13319
40
36
1236
16
4297
5473
3
2
3
9718
2
16281
44
711
6
689
7468
54
154
15
24
13728
5
3
3608
1
1075
14
10
1691
119
5
7764
23
599
1
912
517
9348
47
133
46
92
236
1166
358
718
159
3
277
2599
549
73
71
1820
14272
6
4
424
1
10
4
322
3493
14
1
220
17981
23
4787
819
5
6
729
12034
647
5641
2
70
853
294
4705
136
123
6
761
3743
23
86
2
1
5
69
161
26
18
9782
30
2
232
14
808
212
1299
1832
9552
10
16316
36
6435
6393
1
1
105
16
7045
5568
10
16890
11
10920
2229
10
6675
1
3
16
11402
4595
21
124
23
7
2731
3
352
3984
435
5
31
97
30
3
15
573
7
4
4391
8
14
6018
7015
116
491
6689
42
170
465
271
5196
10
4
628
11183
1277
43
11803
12
163
8
2
4945
2
2560
10
7000
1207
11207
24
85
4
30
22
3
14303
1
97
1
1
655
13551
5
244
118
15
1
4071
2
2
1297
116
1
10710
4818
10
82
70
3
3
479
3
385
1174
23
224
14
46
9
3003
36
6
19
6
2851
9
9
7549
1
91
80
4279
17673
3
16529
2
6
684
6379
11
32
256
1492
14241
3
8446
1
51
78
1
455
11
7060
6324
8054
17
922
33
129
19
20
1124
1288
11134
960
17036
2140
60
80
3833
2040
2373
248
363
31
324
3866
1720
38
281
566
1
3
2
296
8020
10302
421
23
3
1197
38
9531
11
37
120
51
117
3
5
3
261
8743
9
6256
1
57
4665
408
3211
1
26
1958
996
1
1
6
127
15293
16636
7798
66
3824
336
63
179
391
426
1836
18
25
3302
6
15728
9
10664
2
130
19858
417
15260
1308
4
1386
5
14
3204
3
97
83
411
8838
7598
380
7
29
3
242
97
5107
18
55
15
50
15
12
90
409
30
1
6
608
1
8705
793
12
2
984
5063
702
842
286
555
548
61
1
95
3679
49
18
15096
979
2
1172
2224
1
19309
10
877
29
1
226
224
2
12729
15865
164
85
5
5
19
12757
204
1457
21
2
14647
19
172
1
1096
10
4
7
1045
7831
48
4487
239
48
454
20
5
14838
1824
12979
1
2527
13
20
198
1294
2313
23
418
21463
17296
161
13233
1
5
17333
2
2473
119
2882
11
246
14999
14
223
1
2571
5992
624
1266
18493
1357
397
1
466
4224
23
63
57
35
9
1
10
109
12
2462
486
5
1
14
3
873
4
2
4
1
3075
3
581
50
4685
48
292
5310
4
23
12
2
21
2
2
20
70
13
18573
179
1389
47
4526
1426
94
4615
1
24
143
15129
1
31
105
19
406
60
8124
359
1
14149
11
5889
6
27
309
88
3554
56
3
7
741
2845
5
19
14
137
75
3
9
3
5
126
34
2650
15694
1164
1917
47
9697
1588
2172
217
1
275
2014
20
464
50
918
8
11086
1
21790
4
52
2743
68
820
5
41
6
2
9593
135
1785
1047
7
1322
264
2
6
109
5864
9
51
12
12
14
2
2
14427
28
4
8630
7436
2
14678
56
3
5141
47
128
503
16
2
252
1
2
347
2
122
13
156
2451
5
153
4
4
24
58
3
3108
13176
79
83
2
4
29
13877
3727
12
206
14211
346
89
1448
125
2
9228
3959
8800
9
96
57
122
264
49
2
29
440
268
7
21096
1027
48
946
3908
565
1351
3
18334
4
9
12244
1
26
278
2996
9
24
15326
2
2186
11676
733
6
2
1993
570
102
51
94
1
3
17
8857
456
12
3694
81
653
55
857
2
99
1544
7106
11854
7865
11
781
96
23
372
251
887
4178
458
19060
16037
7985
21371
799
3759
202
1
323
3751
83
328
2
9
3841
5915
1
8
1463
9
16744
18
19
11
9888
84
664
128
5826
4
2
2725
31
4
461
229
108
212
4
2920
12
24
38
199
3
3
33
2
7372
4010
9449
72
326
107
473
862
8195
3
134
1518
27
16
844
106
3
432
3735
2489
17
13847
18294
1
11
80
1575
167
1
15
261
8
6791
58
920
14
2258
115
49
3
9760
49
60
11
21
311
1666
1
725
860
44
132
127
149
3
21
1531
4429
2
3702
147
3775
5592
230
1
8355
27
21
13
132
276
3190
6
46
10
2
57
1946
209
98
2521
3029
190
5
178
176
1316
7404
815
1
34
3281
1
2
1
10191
1411
17
5928
267
11377
178
1
62
13
7
269
5
2772
5
1003
26
18
5
2298
211
129
148
66
3218
6
1
3
10414
8724
10
8
2
62
1
5
165
2
5
1933
1525
1
3
2
249
9973
10
60
523
2
21
1
2833
1242
5
9
482
6718
186
1
8538
442
150
5
100
6821
81
1816
1117
6
9931
21417
209
11
8
3
14
106
14119
229
3396
48
686
17258
6
40
4
14552
2
7452
17184
1086
4545
25
20117
2
772
3
6547
13
12165
159
14
3433
6407
1112
1122
826
4363
111
29
279
541
23
4
5074
442
7
9
4382
2
2191
40
89
22
2638
15
4
616
5042
3274
2
62
14489
5902
560
1
41
319
17
263
235
155
61
20
7
6031
774
21
182
981
449
9
11
6762
813
571
583
4977
828
1065
3
606
7
3925
9
1169
96
1
367
6
1014
18453
7
7
77
5275
29
243
474
20869
2103
1
4
4
4
1
12620
361
5
4
1392
183
156
559
2582
239
3
2045
9
6618
1093
18413
22
3
254
3088
11551
2
2
7
3
186
572
20074
6
165
20
39
1706
2
3
113
7714
19143
10
68
64
6
149
31
43
3
21
4
311
2
2
3577
124
12812
49
11255
5
1091
988
2
1
64
1156
683
106
64
21
2901
417
2
276
1
696
19
54
32
20734
13091
12
2
4870
37
279
354
164
46
1
1
147
8483
8
28
33
29
7277
3
40
954
221
85
11526
9656
5264
320
95
8781
291
2
1
4585
53
1
61
7
11828
110
281
4
1
4
3523
2
1769
37
55
2914
5
536
104
476
210
3
4
17
59
5496
1900
3
1479
5426
19
145
154
13
398
2384
14
4251
2
24
19
301
39
18373
10
2378
952
45
18
891
41
71
104
661
27
12
19267
357
3950
3
3
831
4089
13
12
4
44
6
4242
84
61
32
1
1
1018
6
1
6
129
1285
3324
2543
255
70
3
2
1234
205
1
20
1
21649
1345
121
5
3
1
9
511
604
19815
160
11
31
390
1
7916
17521
241
4
26
12
5508
353
499
52
135
11476
2244
31
740
17
1
272
190
10803
577
1634
4
4133
11
54
34
5
1
13699
693
7
88
603
3
69
395
434
7814
704
948
2
9
4624
651
588
846
5
49
5689
289
7648
889
9
2
5877
829
4
293
1229
1
7
2263
100
49
1
9
748
54
187
2063
11982
64
38
1020
17
6044
11
357
16
104
2907
1
2436
2
18098
8410
2857
221
373
8
8
132
119
305
1063
20030
1103
22027
278
1
613
1038
4535
8464
83
19688
10
11304
3783
69
122
2576
69
6
10
9
3
422
12702
4
14
7
222
2
1070
515
3
146
148
22
93
153
5208
4
1528
11
2215
5
801
84
6880
2661
10897
681
13610
7781
75
4715
597
1
86
4080
835
8914
2615
8
14584
2
1508
437
42
509
999
7
5
10
33
121
5665
2516
143
1732
2
216
20161
3687
19730
7968
6704
324
1747
7697
6
101
34
53
103
1213
13
1498
2
67
37
13758
59
46
157
57
159
12297
2
1082
2
18613
2
1408
1311
183
776
12592
2926
879
100
2713
2293
62
24
9635
28
295
114
481
15
196
13
339
243
1007
5
1
19
112
9
65
6490
2
4
90
2
1750
670
6940
762
18
5163
4
17
1777
331
9
2158
11
203
5604
1
6352
7183
4
67
2
4829
1043
69
17711
2
102
3
8
12
206
7
2
2
39
4
45
1144
6
61
12
59
2005
12191
21
360
72
5726
721
5152
22
2154
4923
2328
45
3411
2
3671
2
1486
11905
14521
18176
15762
13937
713
77
273
139
5814
8392
31
3
99
35
284
51
150
8337
75
339
600
1072
14
6284
2
299
8668
62
1
10
1398
370
644
1
128
7356
5739
17
10991
11727
201
5653
163
334
328
50
17826
11
16999
475
63
242
34
28
6
3360
2
14458
11
12
10
17
32
7631
4
1
2
12511
934
327
8
15
3767
21
392
79
22
9429
170
2
667
77
136
18896
2058
1
6
6
1
105
1551
289
53
19101
1
2
40
4
658
3
1876
56
1
8612
9
189
58
1476
174
1239
1561
2144
17
3
469
5174
33
2343
50
4777
8
18
3
42
8972
19
2
3
93
2
3418
385
100
1115
50
22
15593
2
1058
4
11752
5391
11576
1223
16853
47
562
384
152
433
231
1651
199
2
512
12
3
26
10
11
76
228
65
1925
2
10527
2
46
10687
82
14806
1161
12060
407
1565
1502
16
5532
23
19
138
6910
3
4
4
139
9866
6
25
1658
1
78
33
3
9070
3
2076
705
2839
11
2085
299
6243
5
12839
244
11957
2098
484
487
5
14180
4400
23
22
1
181
19
708
16
215
15161
1
145
4
12951
8230
7500
1
5437
17
3
118
1429
111
5
317
640
15426
211
551
6123
22
60
8212
7
489
3883
216
194
7
22
6070
1253
2
9050
3
21932
3891
402
376
6
82
1215
4
21979
24
866
204
114
3
2483
1808
508
43
10391
1
1773
1848
282
2604
403
26
3899
7
10
2932
629
847
4196
1872
233
7230
2
6
784
3655
20
17
5580
15796
307
1147
3857
67
19019
2478
3149
153
23
5118
2
2
16
585
1
2701
928
45
445
6
2809
13
3
54
6
4334
896
142
2
4849
38
231
3
2010
2
8284
447
18774
6297
6
24
2
117
68
29
39
290
79
2
4
1077
174
78
15064
6338
7122
6
7152
2
4881
37
671
27
537
3448
4516
102
2
66
9
944
7
1
1221
9739
8301
1684
3122
1342
1
26
1127
3485
207
37
2308
13522
1
1374
371
24
885
12867
234
1466
10
17635
2
1202
266
5556
1592
4634
5
1291
146
1880
52
41
5379
7
28
18
4344
32
292
7
4151
2253
20
1
6
16708
233
285
4766
80
41
65
9824
419
3
20960
3849
3874
10
10369
404
51
1
184
1255
80
1005
7340
8
4
11
14334
11
2163
96
10
16600
13348
881
13148
2
99
8
11451
17
1676
8
530
2
4124
1025
851
6057
7
20779
12
1137
1739
15
4233
67
14
1554
910
1515
695
333
2
5461
87
30
14
55
64
1
1
401
297
3967
2
2790
837
12895
506
45
5
53
4565
494
21
26
146
1644
302
1571
4
16926
2
10
49
938
112
2
5839
174
6970
1142
303
12457
468
1954
3
167
21
12377
1602
6
2
120
402
175
787
415
2273
544
43
4002
121
173
2
74
136
643
25
14
227
18
166
7
13
17
52
4
333
3
280
7
7
5
28
2
3232
169
1
2303
103
11328
11231
1151
389
453
1613
166
2532
459
23
9
15
136
20
15392
1
27
4
5
382
2
56
13
75
4410
8
975
858
27
1395
554
2415
173
73
2
10
371
303
1108
75
213
6504
908
4036
16
3
70
11
1
1
1331
84
625
25
7484
74
673
427
875
5
6421
6229
6
47
9089
2467
2036
2205
1800
3
3
4
13377
2
265
16
59
30
3426
10060
388
337
18693
254
1339
3455
187
14
8266
1937
33
2
18856
556
4306
10826
533
48
1460
8
1
715
123
4467
19476
3
1616
19773
5
2
586
331
2
1599
2
9
2
969
1261
38
6
27
4
4955
427
2
16072
108
19645
134
1435
2
36
4
28
64
1
488
1904
414
348
20
495
3
2
16002
258
7091
350
1585
7615
1
380
42
2
510
1187
9490
1766
60
82
8
3
20
605
259
55
6110
3
1029
618
13291
14058
15933
1
6
11
3
439
11
5714
2
5979
79
20824
112
21233
11039
9168
22
1023
8373
14615
498
312
2
107
1984
4
3
2549
133
10641
3095
249
21
59
3478
14
420
63
101
12923
20
10280
16
12
460
10
2
122
109
25
5
140
8
101
19944
4
172
89
4987
2409
646
71
10147
3
28
194
6270
5402
2
630
8575
11
325
82
3631
16176
2
2
245
7
25
40
1975
1134
9
268
240
10
189
9
7199
19
12
42
12
2
2
35
16
21837
7
180
31
2
3338
1595
6005
450
3
214
21
1950
1698
5
297
113
626
65
20
16
29
101
30
4966
178
753
4116
114
587
4
1
2554
110
14902
218
19987
44
622
4045
1687
2
3
2001
1
1855
2117
1967
7
2888
719
3225
735
16
175
3647
44
3382
542
5
11
2
5
6
3508
330
108
59
5
88
2
106
13
11
1192
21696
963
4160
452
59
39
751
3
1
48
8
15
18
2112
15
2
138
3352
147
777
5
412
3
41
2
58
284
115
9031
8876
19
7
2283
914
470
893
234
9
1
105
66
169
195
14365
17
341
21743
11
24
12139
1159
2984
33
805
22
238
64
17408
430
184
196
8
8
17221
83
2094
9
990
1414
9129
14
9188
3538
13035
173
4
98
81
416
575
73
5
102
5
3
1068
126
1758
2
3
12
78
12008
232
156
16422
3169
79
342
7
103
5009
870
3
32
106
4
8895
86
2
10618
18137
18
25
14774
2
11
3
2
2363
37
868
149
25
130
