9371
4
8361
98
2
120
7
27
186
10061
3
3628
12538
4
3
345
24
3
5169
2345
3
6
1169
833
3
10903
608
433
17
52
10652
15
5175
13
22
347
12
137
12611
1330
1494
16048
643
5903
17169
7237
69
159
2051
6772
2
460
126
68
723
6
331
7715
14
527
520
47
2949
56
73
7671
3
1
2942
98
9415
240
9
24
1
237
784
6
2963
6374
13762
50
321
4
96
58
51
4606
723
25
1408
123
768
950
4
44
665
2845
113
8
123
12
17269
2939
6980
1277
46
441
5780
101
1706
403
646
8
1059
9648
1547
439
1
12221
4992
2
11
1
3932
1188
9393
867
18
48
483
2
1515
19424
18454
347
5297
35
5
13
818
1
9
4
7897
358
2
841
42
17
7
84
2706
17
3
65
1775
243
729
10
26
6908
754
18
30
1301
9
2
20
345
1
15
16
380
3
1
138
15
3
8935
259
53
10
10789
11597
9
3
10
625
4726
98
795
1
2144
21
39
53
16273
184
1
348
84
140
1015
51
3241
1875
287
307
26
11
12
160
43
12523
56
880
2011
2815
2
75
3072
49
239
4286
309
104
22
2
139
1
164
62
86
3387
6367
72
11212
7407
6
6315
18219
11
135
3090
19766
1
42
30
28
4
18
119
163
3036
3
4
3267
1910
873
12
15497
4
4256
2
1
5
1556
1416
8
1700
2980
9659
3
802
2358
96
356
2
2233
170
516
131
3047
6063
39
12
4095
12833
2
2653
4
92
78
2408
434
108
1
50
16
3
39
5
2
61
13014
3
19
136
7
51
12878
3841
26
133
69
376
47
5821
9671
19
1223
519
85
5
7
30
27
963
10
3
62
9
9
6
20684
438
3302
4820
414
10992
1139
12552
611
18735
36
1154
20
636
8
3710
1582
4
4
2
89
836
4
1042
37
2
3079
843
3
2361
776
2131
1099
6
2
93
28
9
8739
7999
2583
26
6077
334
4276
6
7644
189
278
213
2337
814
270
3286
513
8
20
11043
10
34
2230
2
14637
4
14
1
5
1714
217
18
24
307
4115
404
3
3033
2275
1673
236
130
13826
1
8
2
11665
7
3
43
79
272
170
16388
4086
34
692
50
6
2320
5
539
12744
3
23
193
6
813
3040
4612
8008
218
1
20
2725
4
83
2293
13907
106
2
120
678
1997
70
2
31
1305
1
17925
6876
19492
2
42
18092
498
2
25
1397
220
2878
51
71
244
406
4356
367
1393
1
21024
10840
6
16793
185
7
637
239
9922
125
19
2
121
112
685
27
575
1217
13682
3492
18
1767
205
5
12
13243
17209
21721
487
1456
708
143
14
56
1339
1384
1587
6
9
1420
2835
100
854
3
1
1623
83
6812
232
29
12
989
290
8
221
1
1
4172
311
909
28
6916
265
111
10085
7
8036
11
15
84
470
897
2
468
503
13
3
5
6163
11186
688
4693
668
253
5
126
4894
46
2
317
626
16407
3
2637
762
8
645
12
2
2538
37
16502
11787
6206
17370
1
37
21
1667
779
332
703
118
1
374
2
161
3
86
1051
12509
314
1
192
3
1
925
3810
5211
10578
11121
1
190
2
154
1475
307
20516
13
4
5917
38
21
1
3
264
406
1
8
2619
32
74
9177
4485
13539
15751
1013
1
3
22
63
3218
14
369
40
7
3159
2
12
1614
15479
1237
309
4
5
8226
6
2
800
22
19
3624
162
431
8332
36
18368
27
1864
278
3553
3
112
1
53
247
1897
58
252
5068
7
30
1390
1
2006
171
675
241
8
254
8
44
252
32
17069
111
2027
7824
6
77
110
114
32
5
728
30
5145
4986
6397
3591
18
262
264
37
22
59
24
8
15899
57
120
13698
4091
747
60
3
146
10954
351
389
14004
3
380
650
129
206
9716
15973
376
87
2
12
557
8
203
1589
6
2
268
1
5641
53
2
3
5
1259
96
23
7305
598
3
25
790
53
3222
71
36
141
21
26
2556
1185
14
8
6
3
88
1508
1463
115
50
6
11
691
7
299
1101
4
6
11760
16599
19835
560
13367
2482
20
24
110
1800
2
97
2179
697
46
122
31
365
1182
21772
12626
9603
1293
6
107
20564
69
420
226
32
9018
7
394
1
99
221
969
271
55
80
327
1517
7
1542
34
60
2
73
525
6733
15
169
171
199
8698
6
7
4
8216
3
6
447
205
13382
4100
760
158
19
4216
3
10
49
711
2
131
3
8102
653
200
16754
1
1250
589
4
17029
40
24
5767
15
10
1
5
18029
607
291
5
11
539
1862
3
4
5
1
9
22
1281
1
553
754
46
21
577
19
5
9738
86
15
3
3344
21445
299
57
761
2
3
4081
349
1734
34
3271
62
1
2121
26
264
9
1
8790
20
291
7
154
19199
16198
182
217
4
113
1256
2
6
1206
1048
479
14
4
240
20
13151
4633
624
20445
140
12
718
2
1
1
11
22
166
8
220
176
377
13
5
1738
466
973
13
12923
8
3
20
1
1636
3372
49
1
3
39
3
11173
2
1255
7262
85
408
2
71
3819
2246
2547
34
219
120
11147
3645
581
4500
11
3
24
1
12364
12
5
6120
937
6616
2
12567
24
324
2690
11898
1
4
3
166
29
1
137
7112
68
16066
61
6
1951
17
15123
31
510
335
2647
15862
4
1
4
5080
6056
21570
1
3
3
45
2
1890
6
51
921
445
25
11
3230
2
205
3
278
1967
470
73
6
1753
27
3122
953
863
5
3
5
2656
4957
32
71
188
7861
15624
4
176
39
2625
9773
97
16832
1935
399
878
21073
210
10504
7770
1247
11
7
2030
9
5
8
65
5454
1987
10865
18562
17149
7
16
16637
8
835
566
8
13714
2262
1198
1
1114
488
1
109
17
2
2718
19789
1
14672
442
2285
1052
2936
233
3
2
339
476
2
31
8
2
5
6
645
20
15605
1
5218
460
5
2628
1066
905
21420
1642
54
2970
416
1847
5378
183
230
691
32
30
215
16
8966
335
7
5
2731
374
4
605
1809
223
1
11476
3050
10
292
68
3
1137
1096
20
14757
1629
4226
871
2
2634
19
923
15
13
11
3
5260
125
3
6
2
6000
12
101
31
107
2
46
51
89
315
2
830
428
131
31
120
530
1411
1505
28
3779
1
141
12
3
104
6148
85
5
22
7433
4
1648
1477
806
7
1
43
373
6279
21975
1116
3
12393
663
13
113
234
96
5
2643
2
1597
523
32
4596
24
951
1163
233
5224
9
5347
28
44
1955
117
2776
3
5
312
18955
8568
6709
1472
6
8862
371
40
996
55
68
290
2184
8638
3
12321
12968
1324
4
41
1034
1113
2235
4
2
5720
388
1779
89
3891
328
6
1
116
314
3
296
4
9220
15
5
4731
2
609
636
2
63
5248
32
6
7547
6860
85
2
4
1019
148
2699
16990
476
1045
14
351
287
14451
899
2659
7330
1
54
265
17289
1683
14
23
9113
2259
2
18411
261
1
1669
2116
485
29
3306
954
1
7079
46
21
178
1
247
3148
21469
5
40
3
10026
219
6242
25
2
32
25
58
1736
4231
10
5157
17676
2339
440
2
166
33
124
499
22
2207
193
423
28
1871
3
5700
5
1295
5
4804
14569
2318
517
361
2
42
1576
4671
952
35
1591
738
8
354
2
454
157
2
21049
138
423
101
7
999
312
11
2
568
695
680
5384
364
2
332
16
419
2
4
907
13890
74
494
3701
2085
1858
7
17573
248
966
916
1519
52
2
1007
2
5
3443
3637
14135
4945
8841
3451
1
7288
3
1065
4479
6106
15
1195
1
34
12
5
6828
14740
35
136
50
131
14
46
34
6345
292
19
910
418
586
19311
122
5397
12450
3317
485
2104
159
80
1153
6
73
1
1413
3
7733
101
10
9525
1092
4143
1612
5
2
7
120
318
3380
2
1122
8987
22
318
5
10
74
1806
73
302
19
158
58
10298
4
1
11
5
44
11383
2
88
1533
19
133
15569
3427
81
12
154
21620
1969
8
156
14502
7390
1
11
595
5
20902
1
104
9
4
3
229
161
18304
769
14
25
16255
208
1687
198
15660
339
641
904
288
2565
214
5
659
4336
4
103
1275
7
149
248
12803
132
2514
1
16445
18
245
13794
17329
31
169
5121
326
1027
19
64
127
13
15
367
2773
6
13227
4
3
199
2375
1
5441
1930
2
1
7
2485
24
882
19583
2
620
83
1174
4
2364
5563
100
672
15
18
12
7
3528
3
46
2
32
1
6632
7
2176
424
21
2
1
14809
43
761
14
8
11637
3
3923
43
2905
3
203
8197
16891
51
11
7529
38
579
1176
187
21
6
10262
1571
770
13
19110
166
9727
6820
1081
6525
5
6
366
18
1425
4
331
3978
3
3
71
900
2477
17309
16852
686
4688
58
2
9864
493
105
5
5021
5133
4371
9
1026
5
587
14620
528
16774
23
98
110
5
213
167
3
191
4
3
2089
5
44
10
2
9807
14
2
7153
557
2
309
304
13810
4
9209
22
6170
3093
10
197
329
8
16
4168
21
16179
41
2
3
20
34
60
504
64
1
219
14
82
10
2420
1299
74
9
2114
11884
2
11733
1
47
6
148
31
5661
91
17862
117
2
215
674
429
1681
4837
13988
17
27
111
208
11
730
7
1084
213
1555
1450
2
7
7
7
5951
11095
4474
2
3475
892
40
2124
1
6663
1357
14
3
4742
2
93
926
91
11056
2
11
1
155
207
12
23
82
23
11264
10
81
1712
33
230
1361
7
8
2734
13602
8449
17
3886
7971
18
1347
165
464
17
88
19132
14706
43
178
48
2
2073
673
2
27
10877
10
169
8
20975
2
10
43
116
5498
12121
11005
2589
5181
9
238
63
1
5
1245
706
3174
3736
596
17
269
30
4
15
12065
148
26
6134
93
10590
3895
46
1150
107
320
981
59
21696
56
2
9
192
337
5015
410
10827
1726
20
44
147
2
52
2197
2568
2136
65
2146
1077
183
11
2795
15936
6
1962
4
183
7797
55
4
21645
486
5
408
4655
1
812
2
165
1
1372
80
775
2665
2307
13398
419
2
20854
2004
2
50
1
2715
7707
27
19
788
677
27
1009
14
120
258
1171
1380
3850
12
10
797
8149
3
53
1064
44
9459
1811
123
6
2
10
3348
13666
153
3
23
1
30
130
9404
12893
1
3133
5285
6434
578
154
30
3279
536
943
110
253
1165
18113
37
11705
18
98
29
4124
6
11
561
1162
49
2
13
1479
1468
4291
734
4316
18714
14485
5
2792
70
3
5602
14
7990
198
9437
449
763
17
11
97
472
5
9
4105
125
9830
8254
16970
1513
24
201
15
563
4010
361
33
17
7195
17
1
17
25
180
1280
1
2
94
164
20044
64
2
1708
5
1732
23
34
1
62
4506
2
5
3185
22
2267
2
2
5862
3
7178
1
12983
3
6502
17
1976
24
12
8055
208
6127
9
2
699
19266
47
276
17738
4407
2812
3
5
90
17512
45
5
1600
4039
4422
303
31
16931
2
4
2
2212
18
52
3012
1
139
2431
5
3784
11678
23
889
13730
39
45
14418
3137
1
621
10
29
2
19998
63
24
2
3
2687
12
41
1869
7
4020
17
6749
3500
7761
709
4
18518
1526
3582
268
42
114
514
43
2786
134
12335
3181
17
1213
5187
27
1
461
1358
352
33
14
5
11449
16029
2270
2
61
304
753
21
7220
241
177
985
60
10
3
27
993
12729
1085
9361
2
102
238
2041
11
39
4
32
222
1860
375
38
1269
3245
783
4
629
4
18050
82
110
3226
9
23
1
6
1227
38
42
8
1110
41
6
70
5
1855
117
1
14185
1999
39
41
2
1
6
2
1933
2141
59
3824
6796
13
2973
18999
8821
2553
9841
17451
3264
141
89
567
2
38
44
18
7005
1453
1899
3900
538
1
41
1
1
1
5303
190
2156
130
394
1313
193
295
2
6113
390
17
1
240
30
2
10
237
1121
15642
822
33
1
20114
358
522
4
125
616
20951
2
908
26
251
7296
4
2
58
23
4776
46
1
190
29
150
9956
1203
17
64
16
3
149
3101
61
4
3992
1157
217
3727
568
2406
12
6
246
91
7477
4849
45
20588
74
1974
20
4
105
4
4798
7
3792
9
7512
9
9
7
29
1451
1985
5
3753
1071
19905
12
740
8618
2331
457
15
3
86
207
2166
5466
23
19743
2662
3
967
5
2966
2400
224
5473
21246
2092
10664
13289
286
14037
109
107
85
11
44
76
1798
1006
1
2238
2
2
50
3545
2353
4
298
401
12
174
1
571
99
20
14020
10
2
4
5896
8488
12908
1
2
368
3722
7425
10
11
30
143
1665
351
20397
6788
80
7
467
218
8
14
70
99
658
225
5
4748
14
4
1
21221
16
2174
330
66
7
18156
14
8
315
89
71
319
7779
7815
450
16
995
37
16
1043
105
48
1187
11
18
161
757
35
2
6586
6271
1236
46
10370
1265
2046
102
4119
5
152
3411
4
2
915
21370
24
2049
591
6
10467
12494
9060
1640
36
31
21
2
246
46
411
17
3570
83
2604
1
1405
5109
17
13858
2562
140
166
59
375
2
21
6
16123
8
188
2763
163
2474
2417
213
3207
15105
879
20161
888
90
2
54
128
903
4843
2622
3
4048
14152
158
647
7600
424
17109
752
135
16
6
9
2
959
30
19088
196
21595
4211
2865
18
62
2
17
37
332
1264
1
4
2
436
1355
2
70
182
4
1994
109
390
765
19
1
7271
4490
12421
1020
7
5
9
305
2097
1389
16676
648
19
1012
3
12818
6741
5589
260
1
2
1
32
5
16
1
7356
37
65
4158
173
74
2220
1
1
147
20
1
6257
23
89
15
729
57
349
168
37
2
13650
1
11
580
11
6184
1696
156
13
392
132
5794
115
2210
2
47
425
2
9039
49
1100
8207
6
9
5038
4469
5
18
1
19
86
2
48
168
1400
5115
21
322
366
26
1913
3
1
2272
323
13
422
1431
1207
2
2
11
2
85
9
75
682
11
79
28
48
658
1
7054
7347
206
2
2915
3832
2228
5
6609
31
2
2
1802
1558
1
1
26
17655
7
6
54
2523
41
386
2
5
7
372
9991
1040
8
5
8
25
34
422
24
1690
21
4860
11
10739
16
12
3740
510
14
707
49
1023
11503
18
589
13555
93
9887
2
12465
110
4
3376
52
1853
19
9
555
119
590
4644
12
4221
16217
17800
60
9156
8
3
2119
356
13
388
3
14
559
4854
4
785
2189
606
1117
592
2
21
88
24
495
2383
467
3
63
2
15140
9
3
1286
153
3909
26
1815
453
4241
7
11
19401
18
502
2462
3
1
22
549
10
2
11
182
16
1838
12
2529
8
26
4495
6352
4871
367
6286
22
8
5511
2855
1435
271
179
6
2394
79
1
62
5
2204
1544
432
693
2
7
108
13
60
570
9
221
6
572
671
126
17
1
177
2
8
2
519
34
41
40
11
14
858
13
1562
3
18670
2
6
3155
6070
17
5807
4366
21
1149
18
354
5
16715
80
7
9
40
250
13
11774
33
6
2296
3061
6
2
26
218
421
1
484
1
5033
1145
581
159
6593
5707
1
1368
10
79
13
77
359
10
301
122
1
387
283
4
772
15992
2299
19
8
15175
2
261
5582
47
2
122
17553
27
1
463
4928
61
184
93
3
430
6
32
41
713
3
1480
1
87
6956
41
7
5062
341
39
4
72
30
4
13
18692
89
9
1
5
48
15264
3
2328
111
94
24
11
8780
45
2
2
2
87
1
3
612
36
147
317
33
47
43
506
324
2
125
17
7
4
253
11082
1298
1054
284
1
2
272
23
2
69
32
2
10
958
16
8903
913
6
33
29
11
444
140
11912
88
128
61
24
34
5409
4623
1
462
3
1
212
1685
20
173
1112
1057
17
6
1446
5086
163
3882
655
16541
1937
21395
14301
787
63
1553
2559
15246
2403
16
25
1074
9
140
62
2192
313
4787
2506
13
42
18823
1506
9
20350
74
1
11
10777
13
34
979
11
156
180
1679
334
106
35
87
167
1440
5044
60
9
5687
10
6
1675
23
2
4
1
4
1
16
5667
15917
17089
3
274
2
8
42
418
146
7
21
3391
16
3108
6
5359
1184
247
9592
9
4
10
3557
1352
40
2
10179
248
242
102
136
33
353
628
1
6
469
3936
14
458
50
5
72
138
2
50
1131
24
400
3
5492
2
16
2789
9
25
12
17390
4
3
3
388
131
3859
8351
2032
75
6686
471
2
30
957
2001
9
122
1755
2532
196
12107
297
2
2
3
10541
10565
38
6099
9008
8235
1103
2851
2
2
45
60
273
1964
39
8709
77
51
20
2334
14
50
6156
16160
8
117
8
1037
708
5
19065
5944
2908
46
15461
95
1200
6
6
1832
2
10752
361
19515
3
382
1458
782
232
801
7635
2
265
235
15193
3483
12306
4
5
210
3744
4
3329
1230
5
159
4737
36
27
2544
1333
139
234
18
2
403
5
21797
17
5056
1
28
25
74
9
5279
16
31
19021
4617
42
2
300
92
731
6694
17904
275
310
23
149
4
1
115
32
91
2
4911
275
1234
6199
5
194
11842
20
832
97
38
1369
90
1
9705
17594
13
1374
39
59
364
623
71
1694
1529
1
5
45
16950
20326
8410
1
14
141
86
32
20
16010
3015
91
22
85
124
9
28
284
20927
77
1
18262
20
6
3
25
570
19
1
54
25
5835
2
6
10132
3
3
21
49
3
96
152
13414
574
155
1777
14267
11
4006
2082
10
1018
8
4192
5
421
3
10814
19
2
205
2181
4
7
1834
12
25
4207
2895
20374
4
142
13
1652
2
1315
9
291
2
1
1346
3
10
1
3097
20
3
164
3
1170
2
8380
4321
427
76
280
46
3
2
9570
4
3
28
576
66
10979
52
7485
7503
29
12670
121
5
19221
158
11
16813
127
35
9145
3607
1056
13
121
6
5674
3
20540
13
1540
3
124
10167
2
2
20421
2
2741
4
13336
60
41
2
45
337
13181
2
371
15
35
8
8074
4331
134
37
61
84
2291
280
262
25
104
10
11031
3298
6
2
6
2
12479
9
719
281
40
13044
16
231
4246
791
7564
12378
67
7
20
5
5151
1
9
76
243
6389
1385
3873
10
623
2
1341
11692
49
53
3435
1283
1180
3
10050
6487
8729
1
6
428
3541
4832
4281
18648
3
25
846
5447
1981
534
2
4
713
167
127
13
6
9
75
13
191
66
2
6
15788
322
378
1005
59
572
1828
1091
47
7
2
6655
3
13508
12
11
129
1039
8
63
14792
86
14947
1025
15
1151
1990
1473
5537
4564
2998
1087
20303
19629
142
2
20
32
65
14168
944
617
32
10419
1
1366
27
18583
664
108
2
29
10215
11
591
12
12292
478
9
2
2094
15
14
4153
2722
929
2378
2
289
10014
16618
69
10
177
3008
116
179
61
330
5774
9761
3
1
15087
72
3
205
12150
2
2
118
6
4
16
84
2
7
4
1
2987
8459
7137
5
582
2171
886
325
2087
56
11
413
62
1443
3718
58
1
1107
583
13955
4704
1210
7
2
1
930
277
6
4553
118
3
447
191
5965
5
3
2
2199
3144
4163
65
1
109
1845
19
5680
12
118
211
17883
1617
6
1
7
20829
1531
75
342
1
11
3
414
8
2215
69
17
306
4110
16
1181
1284
4
8283
154
55
102
2
6
113
178
1353
5
13523
1079
67
1
184
17249
7582
259
5
53
11939
15515
9
988
132
3
4
5979
1
2070
1604
6014
946
85
14069
5027
5
71
3
11967
11330
227
8130
22
1123
236
3399
542
289
4346
15
78
14
81
17
1893
6021
163
1423
232
48
1849
15407
7
828
3
859
8688
7680
9382
1
1882
55
89
92
7
3
104
12699
8
9
6293
16
4072
68
4660
134
2
9
10764
249
20660
9029
3310
66
14
4251
6
2
4709
759
115
6412
2
43
8322
13492
7087
15
77
2
9
5
7591
8
2760
8893
6964
6647
14655
323
4
5505
68
3
661
108
6
15
10
10
2
2712
20232
720
7
19
2891
136
5
41
146
14
46
4969
198
745
16579
1318
92
3
2
942
1
106
122
13
100
44
28
340
16
934
1510
3815
804
2984
227
1
3
4715
5
46
15
6
7187
1319
1746
47
99
939
4381
2149
65
818
415
5
21345
11
3471
2511
2034
12
901
11
17350
255
2918
40
684
10
10
667
593
2
37
5
92
1
82
810
15
4043
1130
147
76
10852
1560
273
12
181
8
59
1336
21
6836
3237
861
13
16
10
5634
2
1501
6330
2
5828
10
6
4
881
1415
49
541
2
500
152
928
2159
101
30
851
2277
5193
1
1615
27
189
601
6547
3065
11251
10227
15
3141
2
33
5855
126
2517
1769
59
395
2922
143
2315
1499
312
1
199
7879
11370
133
1239
18
29
126
2
622
396
4
43
14843
2
11409
1960
865
4537
51
4
3479
2831
117
27
36
50
410
49
65
38
2
2799
394
514
9
75
799
5
2
101
20
33
4
160
6
15317
1192
8
4
38
175
2
1958
5422
200
7
14
209
76
29
173
56
2445
2753
240
33
1133
7
1
2
197
5
10
67
142
2
19
10
12
1
10
3
16
56
128
1
68
25
10
465
3054
1062
8046
5163
18
1304
16
474
13
3419
2898
546
1724
2782
113
35
1
311
23
1035
98
259
2
18
2
755
8
2
6
109
2526
534
89
12
971
2
12436
129
3200
107
3731
1
3
7
2264
373
140
242
1551
7
86
151
2
17
1915
5
14
9968
3
343
130
93
41
19697
15035
8955
1055
1
119
139
5
2
1948
3
256
1
14251
29
4376
55
1625
15
8
8
73
1632
5
862
96
23
106
258
12
33
17410
4677
7
2
378
306
16
567
657
5
258
1
162
114
13
67
18
32
13305
853
64
1
3641
90
437
12249
186
3
84
80
3
25
3566
2
6678
212
7
2
8528
8
196
5
7842
112
4
4
20
2
2459
8
1392
11199
26
384
79
112
81
1002
1
22
2
562
5460
3
18071
2696
8
1720
7
2347
16735
5
36
246
5
1455
36
4417
15770
2
6
1653
2
209
398
705
118
1166
116
1
3692
565
85
66
220
427
456
313
1426
144
1
1
28
456
27
11
7
6301
448
2
2217
210
66
4
1
17492
32
1730
642
1627
2
9
7
2
2
4900
8498
56
789
7
7
415
604
17987
7573
477
3
7
10
3043
2
1338
1535
6141
38
7
187
4
914
1
308
346
7
2350
3766
325
20
48
599
1143
9188
45
1
1278
3762
91
16522
6540
38
82
4
8852
412
31
1804
3
114
4
162
6
201
132
1659
1606
196
1749
10615
72
175
1
1191
22
3
1586
3
1173
1316
547
1
50
12
8439
1953
839
3
5097
6249
597
463
8
2
12
1
3
4666
19
48
4
12
4296
12009
12938
8
545
11530
3
962
8
1258
6
3616
26
152
10
1886
3496
744
2
16236
18
7
922
5428
133
2077
634
1126
8093
109
4905
6
19
17
5
6264
848
1578
7145
2
31
197
15
615
70
520
12
13
2
2
20
5
12
70
1
525
17
10
36
1646
316
3662
758
127
12407
10
3
3068
5734
1271
6
507
1377
83
3
129
538
14367
4963
6449
74
872
6940
25
3950
330
64
632
56
26
12655
3
11
1430
25
849
501
97
598
277
13074
501
357
134
11436
6924
12023
15070
143
2
780
1127
8872
54
5875
30
7555
2
4053
2631
13
2
14
4392
807
732
3215
4057
18
12
310
8
3
48
393
65
31
9899
12
341
2
106
13258
8027
1031
980
5199
2825
223
2
55
16560
2
1
15733
321
19177
9
9
334
302
212
3211
1
1196
13
1465
509
2
1580
228
3
1884
13445
119
5
4
84
28
8
22
2
129
88
1089
89
3
2465
8608
8
1
74
8678
274
153
161
20
19469
59
199
3
1
1233
201
23
318
1
6
2
18
262
826
490
27
9853
2858
437
35
4
932
1
489
2468
4202
3177
121
3203
850
1924
2
1
25
475
8
15
15017
48
13212
63
35
3
6988
28
4
10727
8
5
12714
12263
3595
11
41
6
533
64
90
5
4
2994
1537
956
1118
1069
4601
20255
1942
2808
3
369
600
1261
39
2
1
30
8469
767
102
173
48
47
6
179
2342
130
20021
868
1
2053
1209
263
2
5727
5322
101
1
8
6
2
3
34
1992
987
61
2802
5
1
13166
10431
4
13
187
407
2
2
67
532
2494
36
175
338
9581
3337
22
19
2491
2
6
9274
21
877
3
83
809
57
1
6
6764
9933
462
122
15
38
1104
5
443
34
927
82
2592
14
45
4197
226
17
44
11
149
8945
2194
94
103
21
1528
3
17
118
2
123
33
2500
426
1619
2
21320
9
3
4
11423
33
43
2650
5
156
3574
18
336
3797
7
92
4
1491
172
898
918
54
5266
97
15
13842
68
1
2
15
354
117
528
333
8719
322
1441
365
5334
8
417
22001
136
51
6042
28
10
5
19
14468
2497
2
1403
2039
95
5074
4
5848
77
1147
9
38
124
625
2
526
4
4
6972
4448
135
11160
7617
6
2
161
11
9
31
56
171
8
3
620
78
2805
3
1289
2
1421
172
30
497
8112
145
47
17945
3
23
21
1
5760
8
20
17010
155
1599
9
33
3512
144
1
27
3
93
4
1
3
600
5524
17696
260
61
353
716
6
5
14982
5882
5576
496
2
10
40
4
7120
94
24
16
22
18933
82
3
3
1
11
5
42
156
5972
5230
40
6494
2
16
3463
47
555
93
12596
12
976
651
12
36
15443
2
3290
28
18
8800
4024
1094
3
2
12863
156
3126
103
33
1119
5479
103
602
4
3
175
14689
19
32
11
4
23
215
1
1773
4
1032
20757
1
16
1569
51
2574
7833
171
2
111
15
60
2044
78
12
25
9071
10
1445
1
5050
8
742
69
594
442
13618
362
3152
8140
4
1379
7916
93
5
7
6
2439
439
4266
1022
81
429
236
21
8508
3104
5
17
1199
276
1790
36
4934
6
13351
8479
502
2
142
4
7279
1364
9
26
38
7980
5236
9231
12
23
10
270
6
1825
4809
95
271
1584
58
8997
49
1
1
12
6
10
1492
911
7494
248
3
2520
16
4
16368
298
5958
10
50
3
2
1
3333
1
2
2
1232
275
1
19
3
1
75
301
15
8
10640
7
19812
37
13029
2187
38
162
2
13586
12192
5530
4428
1
20612
5
2
352
998
991
3130
3
2977
16
72
174
6
4759
63
529
6
15
4
27
4815
8
105
20
13429
1448
6
1
15551
239
3086
26
7
285
16657
3
195
10802
5353
3
14334
297
1
29
5595
6
4548
1080
2
1028
3
2323
4
8018
405
110
163
1830
14895
19
619
1
1220
4
2
66
2953
3
333
14218
9
204
425
55
1
20469
1307
500
11
198
1226
1
15389
594
3532
277
7451
864
150
2129
7870
10
2161
128
2681
3256
386
3828
19560
43
398
357
2
12
3969
5
21000
21196
327
895
1418
16
76
339
2
8168
2
2
1
30
106
2
823
30
1608
1
15
13923
5615
2
64
3
639
2480
3508
10334
19928
79
4
79
5869
49
17
15
1722
44
2
19
22
40
3
3
2
392
3561
33
3654
2925
33
2222
23
11356
14826
1287
656
81
28
6419
3
23
9426
70
18867
11
391
22
16
19
32
751
5
4
9
805
3
3684
17758
9339
16483
7
7608
96
1
52
6479
5254
1
3
14384
9
145
67
18432
14878
17
224
820
135
10443
206
4682
38
178
20
550
710
2
159
39
6091
43
13
8303
508
183
47
42
3
87
563
4
34
1008
26
6
3
2
1049
1873
35
266
10
8
35
9
2
92
137
15
182
1470
2248
383
634
176
31
1
1268
65
2
276
4412
27
4826
725
3
8
20208
16
2065
155
74
2
821
5
18
5937
86
145
296
33
2
2437
251
26
66
2747
37
360
4521
336
112
7
16
5485
724
4067
11
4
69
15158
1765
25
1212
6884
7851
359
4
81
45
187
34
62
11
10
2068
8
200
106
4
72
14
14119
9
2
5009
1460
675
14913
885
6
10038
47
9285
1302
431
10
554
396
29
1
1
14
4271
175
32
302
3837
1262
102
9637
722
2
6
111
3115
5390
2580
11
9559
2
23
11
1546
158
21
2
1086
80
8
3163
444
3
3
3356
3918
263
66
24
652
2
53
1
4
135
1014
3423
133
6
16
664
3
628
521
154
1
56
3415
8
27
2616
5801
507
1296
8
508
15880
1
4
1
9
4
56
10
6
98
29
613
9
54
994
1
126
24
2709
25
3705
4558
15
4
1
12
7943
3
687
8
123
2
6
19
54
72
55
142
1
2
3
2
9
21822
35
19
2
31
8400
493
320
4
202
18177
825
4
492
5986
5930
829
513
294
18540
45
4
44
52
1462
10480
253
17
1161
21746
3537
3524
4765
169
735
7788
22
211
2
4917
3578
3455
58
413
12
15
293
184
279
16330
176
1
242
1
2586
10602
294
100
105
1155
325
436
9750
364
39
457
1
4
13
80
10714
1
4
3
321
7128
105
194
2380
79
1
17820
35
10455
12
8749
1
15052
55
7399
56
11069
14723
8914
41
7013
2
2
1
1158
104
29
198
8
97
19379
23
68
14
489
232
3488
5
33
10
11238
3
2
1
7
1194
4
19
7
694
4236
211
90
7
420
1718
391
2414
2367
6844
2
1246
69
12093
1740
543
249
296
11953
13971
395
14
208
3
16696
5
699
38
3395
91
1109
7245
304
6670
824
474
51
13
75
155
5
3
13
19
700
57
37
108
15
13874
105
26
747
94
15955
2
565
76
7
14519
558
5
3083
3
20279
1908
6177
95
8293
38
33
59
2202
53
14
99
4923
18
3
19244
4387
8312
1
1
2535
734
150
157
187
160
300
3
840
5
3688
9492
2
1
1
1
4
3
5
3252
6
370
6
2
2
121
346
1901
114
11801
14
5
18845
231
10
36
2280
4
3788
18
42
2488
20878
90
44
12
95
3
13
4
82
40
2
144
715
3
2164
906
257
3
2
267
5
20
819
62
337
26
8538
2
21
3
63
29
87
2
82
7373
335
2
30
6804
13
1
117
642
10346
77
7442
1349
3
233
6
1
118
4650
666
4341
7
7046
1
18
961
125
1
690
5
2881
62
14
481
2
141
28
2991
2
19951
10286
2
3
660
10
14774
68
4998
31
874
3
9910
2
5
359
2841
186
42
2
1742
5
6
614
8371
368
2
4
17
852
51
6213
2
6
2
2151
486
17
10529
5291
409
3
1
48
10
305
5
48
16
1
6
4
40
718
49
3467
21
6049
83
207
2
584
17
2
13105
3058
5
2008
4433
4001
4511
6
4
19651
2169
30
217
39
99
8
13634
1029
385
17
2607
10
9306
179
741
1744
9548
3
24
21670
343
6028
13
2828
5
81
192
139
108
511
21
72
177
1
34
481
164
2595
1321
229
110
6563
477
10553
109
26
12684
4754
4
104
1312
124
7459
11610
6
15
151
7
640
1
127
21
75
282
17
11746
6
3
315
2
87
1
71
115
522
350
4
11
2
7962
4
3855
254
168
12
490
3603
3166
4
8668
9
21270
4543
13
4301
3
5754
3
95
36
3
3
1290
58
4326
2
2
3368
13
342
373
2
6192
6601
550
2
146
83
153
21098
255
2
112
891
1
5139
960
11290
195
112
2769
25
2888
7698
5103
4720
10
5
2
5
57
36
8
6228
72
3384
18475
170
9
5
7953
3
8770
2
573
1371
76
13476
96
32
95
39
633
9
1
12
350
2
14
2
5
10191
3
20636
8883
9682
3964
5003
379
3170
2326
6035
8
22
165
10144
9615
23
416
6
50
15000
7
1146
5
13460
15807
834
7742
157
3
2
261
4311
20
8759
28
12759
132
3
2
119
3775
4
756
1
1
4
15
3325
14284
7925
23
4
5
47
35
102
389
37
16
14
10
12
1521
12
2
2058
103
5
778
3
180
7382
76
23
1428
2875
55
78
451
36
3248
8083
605
148
4
19
15715
6868
3
21924
9092
3
4
95
3757
20805
252
10096
206
355
310
3983
20733
1
370
270
4129
43
36
748
28
29
450
28
42
9795
54
42
52
6
5
306
1252
58
5328
238
649
5273
59
1917
317
544
5
230
434
596
7170
11
31
96
28
3
299
138
6235
1823
11225
87
11
10
241
134
14
77
26
185
766
88
2678
56
115
1
1
78
1
135
2434
8
11543
492
3
113
59
227
411
6
2107
269
37
1
13
11829
21147
2902
14201
22
2779
9
435
5
4
4516
3431
4
356
17049
3
8429
33
3
1016
1879
2056
165
2397
12206
129
18605
5242
9693
28
1
181
35
3
13320
6323
8
3
31
4
811
4306
15371
18008
16464
384
1
35
12278
48
7689
2
4
10
55
4
6
11489
4
3275
70
1
6
3
9241
1
19537
2
545
62
1595
100
2442
35
10
5365
4
4062
13571
695
157
65
9514
1
9
608
99
10274
2703
5910
3321
40
1438
326
4
53
1877
40
8
2
702
5
10203
1
286
4453
12
1
11815
7934
36
4940
603
121
19043
61
14234
16
363
13
3
34
172
3868
8
47
6725
7
2
4
2471
860
4015
1135
145
15353
347
24
8
20
144
615
19
128
68
16426
701
29
4177
6308
1038
230
114
145
4
3
37
124
1272
59
6
16349
7
7161
16
552
4
8
2256
14086
39
225
99
4
63
303
13197
144
2304
3987
12773
17
101
10516
2013
54
6
9050
108
20185
94
31
147
1610
82
35
79
39
1125
1
270
60
4
714
1851
703
2
5654
676
34
104
3
71
3026
372
27
207
64
3801
27
72
576
150
113
150
491
4182
5
4
1836
1689
2
22
53
15
7
497
4
749
972
661
4
14
2
21495
214
9
18
1946
9
132
3504
34
15
55
20
1249
5
370
446
1335
12
8518
3
21
297
7070
19356
1033
143
1
186
8628
10627
1222
288
3407
17129
1
235
17614
44
141
2
14053
4
5
23
2
638
34
194
9875
27
15825
1
14586
1325
6
25
11304
8
138
24
132
1677
11981
102
1
7
314
263
298
16311
1663
11
8
1
5416
45
289
4628
223
12
526
1
16872
138
70
870
26
21
2610
20708
1142
5092
31
8245
7
4
21
2737
9
266
246
400
256
3019
3439
4
1
2503
281
282
2428
610
22
41
195
75
644
8
1
5
648
1105
12349
1274
40
838
3188
5
25
1044
7
2
13
185
1138
172
7037
1489
165
193
2
917
185
781
583
3946
3119
1
31
1076
2
2301
11134
2
13
5
10
7212
10358
192
52
30
3
21
222
152
18801
845
1010
975
8121
18
209
49
173
9
630
87
380
8558
5814
733
4
2022
3360
142
21
3
260
15425
11719
211
4
18
35
5
12136
1410
1759
9
1
3714
2
6509
569
2
103
88
4877
25
43
11463
2
10689
18
1813
3
17
5403
610
2613
284
8
2
67
9
146
15843
22
1046
69
1395
2448
887
39
1573
8
14
24
7626
77
8264
4792
2
280
15
41
4261
3075
2
251
19334
7
4527
4
6
5
13
9980
4361
2386
844
2577
13274
159
4139
3
530
5
385
537
8
5309
56
16
101
79
1363
869
168
18
234
21
4
28
165
22
32
9
290
409
1657
88
7653
11
5340
20
7
12
45
43
33
2454
3459
1928
2757
10
292
37
46
1
1
273
3658
3
1794
2871
97
88
4443
475
21295
5543
1
10890
21873
6337
28
1
11856
681
19
639
18977
245
52
100
343
4
3846
2
191
293
16
170
9
185
19289
679
1783
14
3
78
469
978
1
311
627
257
7
6
2080
2
67
2
28
2111
430
3
35
32
1242
127
4888
3
70
13120
3697
54
704
2372
451
1467
3111
1
831
585
3029
116
6578
80
37
1134
116
6948
2
5372
13939
1
6
1650
1
3
59
4
2
405
47
4
736
5550
4029
480
285
4187
328
4951
3
4866
60
912
3
3294
1843
4
212
57
1
2
2
6
59
421
340
18325
15678
4
1484
540
242
2
1398
455
202
1
191
10
138
9470
222
180
1
3
6892
201
3
2154
29
54
9
4402
2
27
3
14861
1655
27
80
7
9134
181
2
3955
301
793
67
11
12
2
1524
1342
1
33
18779
1
2509
162
455
445
5
7
3749
817
399
244
21520
4
160
1
9
94
17532
7
4
7
14
17229
5316
92
11396
533
177
4
19154
64
1638
362
43
746
7888
8831
837
2598
480
459
130
1
26
7062
412
5
2
1072
17635
52
42
2960
22
1906
1
1792
2
19
2
8
57
855
54
505
201
78
17841
2
1978
1
19858
29
4
8548
13059
2
1840
6
816
3
494
39
808
2
10
272
3
498
77
6532
5
2369
726
27
224
27
1538
344
1971
662
116
14
1
9
9
2020
30
2025
16085
739
194
10
34
215
10407
2
6932
18134
3447
355
1621
113
9103
10322
2
3
1761
6852
200
1216
12
53
4580
24
2
488
64
2288
267
14
6
2
4
30
1817
220
8
2283
14553
329
65
3
479
45
4148
20781
285
511
19447
3927
4699
127
3549
20
20
3196
58
11
2
381
103
23
23
5
876
25
940
174
28
18
288
564
2822
10238
11317
3
11
1593
36
426
170
17
91
30
2356
14
7
1095
19882
18
4
21545
226
6
38
227
1
324
3
51
17
3233
66
23
52
4
14
81
250
129
57
4
18627
39
3599
2126
2
5
2241
387
73
274
63
111
283
1000
1
5608
257
1292
14
7
3
3877
4574
69
34
255
383
77
94
5747
3667
3313
504
1224
2
2254
13
4464
87
66
78
294
107
228
1215
17
2
1567
10003
1205
376
1763
9945
78
3340
37
7
57
5205
16141
4134
1
9
587
188
473
7
3
4
5
15
5
8578
6404
2
348
9
255
2
67
689
2
8419
83
2
67
7
4
97
1496
221
7
2134
6442
5
7
266
7468
19720
857
548
21
17
8658
924
58
305
1
6
23
4639
261
546
178
16
1
295
7
16
13
10
35
14351
801
7
2015
2243
2671
453
4
1
26
6624
5
617
553
16
14
397
54
393
7029
214
11
167
143
24
1921
18
7
125
8178
5628
484
319
2912
153
73
2750
875
188
2674
4
13
1781
45
1
9
51
4770
3586
6
345
4
1564
1219
119
15
216
214
14
2
10
249
10250
146
1344
10
17471
4
1771
847
139
505
4
34
5
1821
58
4459
29
6
281
38
574
61
2550
1
35
99
3022
13
61
1
6360
11870
17
1
9818
114
76
13
1141
404
11
3
3
7662
12
237
11
70
55
18
3
8
16292
2
1243
13
14
36
1
148
20138
2018
225
683
2
11
24
1202
2
2
4781
19974
17966
3620
3671
2838
970
98
35
42
8065
1482
11108
2885
938
86
9537
3675
2601
2728
935
1253
1939
2
60
119
9
382
3770
588
181
440
11
1698
2818
3
15211
15282
803
22
603
18240
1433
70
5787
13
2
3
49
4
9295
11
98
6220
7
21
1926
1
2
7313
7228
964
1
1
1240
1
235
169
90
20493
15229
5
4585
67
3
19
210
15
585
3679
1189
2
3
6
13
579
2
16
229
16
1634
1
14317
9
2
90
12178
1704
4351
543
10108
65
771
2251
1
6457
518
773
2
245
20
1757
17
4034
11
6007
3
827
231
1751
721
36
153
2
29
635
5127
137
21899
49
31
1067
23
1575
1
10
30
750
42
4974
9
2
1
300
9481
26
45
2
197
5740
515
1436
2668
4883
2
202
535
1
25
18
283
3001
1229
1
32
556
9328
3
2
10395
668
6555
671
10928
100
20091
4
631
18198
3
1895
133
4
7
15
1050
10383
27
52
54
2
16
78
94
5
4
145
218
1098
27
12953
7
4
11
1
4
63
7416
13
80
57
5694
1
1
7364
465
174
1
172
9
448
2
698
29
44
28
3
38
2
6
2640
2946
1716
6464
1129
209
454
8274
8187
1904
15
1819
29
84
36
287
3
244
3973
6780
9263
631
2310
402
1
4532
384
2
5714
33
4
4
8811
696
10310
63
1021
4569
541
2
105
131
228
727
1159
2571
42
25
2
894
203
3
1565
243
286
79
737
130
52
3
2392
2861
2
7
123
1
30
37
1082
184
683
28
407
1402
15587
3
1522
9252
160
400
7203
992
6
9
121
13
258
9503
47
15
7
27
76
778
21
31
3516
17189
13746
18283
12
20
4
24
2
12582
151
12640
443
3
7806
182
2
7
21
6900
16911
516
2425
21
20
2
12079
3806
1
3
9
548
4
1
31
103
5556
6517
43
1
552
6756
8
9198
14434
19
1332
6717
3283
2
64
6
69
3
18
1
3
13
57
15
81
1382
115
551
128
1
57
14536
124
12235
1
10
225
523
2225
8
446
9784
23
740
7906
669
14401
12051
7
6702
4
2312
2541
26
24
50
2693
7
3364
44
381
397
1692
1003
968
4
269
72
21848
19
3520
15300
41
73
4076
2099
181
84
3
40
789
8
4438
118
655
2
9124
19674
189
8
341
852
435
1
20
3
11018
24
11
7103
9448
2
13090
1178
717
21950
6640
36
670
71
84
1944
135
743
8976
2
13
8
308
10702
1512
22
794
11343
459
1327
22
338
14965
14
57
401
1
1350
1
51
7724
7322
11277
8341
10
3
8
3633
936
11995
25
5569
654
2102
1310
189
75
1
433
1503
55
1
798
149
13
41
327
204
136
161
144
1631
28
11556
68
76
256
1075
231
56
10
73
618
137
3
679
774
10967
4980
432
226
11570
2109
14
228
2
1177
42
884
3
316
17
482
13
15
6
44
19
45
842
189
2139
7021
21
12848
20
769
949
66
4
17431
2744
2422
2766
12164
53
277
12788
6
1
472
1
815
890
3
6
792
53
4
531
6427
11
9
1060
64
2
95
8
1167
512
329
18
9317
5621
18
3
49
7
15
5435
71
5993
524
239
983
2
68
164
2
92
112
5
13778
2
53
1487
8
896
282
6
109
1267
5
2
11
115
28
1486
18889
1
14
2389
2684
67
6084
612
2075
24
2868
57
1070
176
6
452
38
53
948
48
2411
3
4
8648
2063
2932
8924
216
48
1602
10492
496
151
9
22027
764
10
31
2956
9166
147
19606
42
3
883
1549
2060
1
458
223
14102
4
151
3
536
1387
22
265
107
1919
62
7
12
8
2
379
1
1888
7095
7254
73
11
1001
10
3
11925
126
17717
13
50
6472
531
3
1090
941
1322
11516
2
10155
7
482
150
167
7
5
16104
1
712
6997
8159
8
85
3
1360
20068
2
37
106
5
26
1702
15697
3941
41
108
216
3914
29
15
14
402
2929
3611
466
44
15
9350
344
174
1
195
7
1644
1
219
2848
18757
11624
5889
4
11
1796
40
2457
7
2
83
8
26
48
1788
15
13
22
4
4
893
2
3
15533
3
2
349
279
24
407
7538
11651
986
171
1866
23
3959
40
10120
52
14603
61
49
293
14
157
319
12
62
3
244
268
3650
22
1376
1
2
43
1661
21
3
441
1406
254
417
2
449
4397
10
2
9626
267
796
1108
19
4
8
687
559
40
7751
3
18390
977
26
5
360
2
237
12
5
15
16
250
10
1498
82
134
5647
1
26
1
3
279
180
6
4
3996
777
38
5
190
5
6382
6570
45
39
12
5
1671
104
30
920
250
234
1
7339
651
100
22
18497
7520
29
235
74
1710
149
363
18911
8
10677
24
45
21172
1983
16
471
123
168
137
5
984
204
12
204
517
2
4
46
8588
9
4
10941
2
19
18347
5
193
37
4
51
931
91
1786
561
7
2
151
6
2037
202
856
4590
4
7
15335
786
1
3352
5841
1328
21122
66
1308
1
2
5924
22
9081
18
7
8390
50
25
377
195
5
12
1061
107
5
2
3005
2451
464
222
60
13135
5
3864
1728
7
947
7
1
91
11583
12998
17779
24
2
216
5517
2
29
3904
3260
3
4
3192
3403
8598
18
12037
10073
10916
6
203
14930
