1745
169
6
2441
250
206
2002
7885
5510
7632
1973
21
129
32
1
4
109
1157
8
971
7651
16185
56
416
21862
59
4
4
8960
404
48
1186
2
46
79
80
21161
1092
3929
1078
382
1005
31
606
323
8044
1106
37
10758
228
21374
5
1
16
7
87
32
1222
26
673
1614
51
280
367
6
6
1
71
12756
295
355
1
13
6261
5483
608
5
22
20
644
20845
1953
203
497
1403
359
131
57
157
1
3231
3
448
2586
132
102
3256
2
3644
1285
1924
72
13960
6
28
126
284
376
13
7
1442
3
458
11396
14678
130
2
3
3484
11
1749
2048
1
12661
2
3
20
81
406
14531
3822
17668
3
3545
1
300
2
8
7
335
2746
39
65
15164
107
3
66
208
3264
3
5867
819
391
7
1
10
21
108
1021
36
115
8166
2
396
29
121
3
11
20127
1
53
2
7133
11
1318
8826
4464
2148
4204
361
4
545
1396
14
405
135
243
968
22
90
541
39
6
4
3313
2327
7351
5
3
117
6
10
852
52
191
4706
65
196
21807
1
823
6
3
2
58
2
642
3919
335
25
9
214
86
12885
11170
3832
220
1244
49
193
295
4813
5415
13
14
8738
33
24
3
4
4
3
7009
22
1070
3035
26
157
5
9095
187
5428
4717
4
10
2069
1
7709
148
159
17
2
350
471
1528
192
19
278
2
30
568
6
16
97
182
10544
1201
10785
11
208
91
636
10155
17492
15
744
307
172
123
2
8
1
5955
124
132
97
19384
15
1740
22
85
465
6046
6
96
41
1247
15126
2
9326
16595
408
51
2830
1
120
14
46
10839
464
30
50
171
2
18
4
3
441
1
436
10
2
45
4
171
155
44
476
1435
288
304
22
759
1225
250
8290
765
12
291
26
45
88
13
2374
20534
3466
3
1
38
10
4985
754
1298
93
928
26
73
435
985
214
2
3581
16
8311
1
82
67
485
914
22
1406
1
8
17
7
562
1714
1131
18
6404
33
3097
5721
13
833
2
7
1068
2
6
2
4
47
316
2794
2
2
1305
6
6
14
2175
12
3
58
7
209
53
8
9954
1524
1857
537
4
1559
16
22
94
9
8848
211
5086
36
748
75
23
1
39
415
1
2
42
2
68
18026
1111
6
18
3959
4
690
13
2253
80
2339
165
2
2
2
11
247
27
8125
17317
103
10
128
103
85
5808
5
31
1
47
73
7
2197
3
1
12
481
237
293
364
4
14
1
10
4
21
7425
2
2
990
3793
69
25
2143
83
3
22
1651
9210
27
2007
1046
2
4
32
56
9141
3280
336
67
38
2111
49
24
320
2
1
4
9
781
1
21481
18
95
8004
90
1189
5215
6633
2
3
13547
18483
30
219
2
1958
21108
2484
3159
609
328
98
3909
1238
7277
175
15
2
226
269
7
2
7613
142
4365
5
9683
36
33
10
67
4183
14
598
466
10
93
737
18576
272
83
2
874
492
11311
5608
60
8
8437
2923
2909
216
16471
388
3746
55
1
409
41
937
21
13821
45
36
5970
1250
1
2
1000
14975
334
20637
1198
89
2618
201
6
11
8
3
555
4
3
2
2264
1
1618
12
12
724
4825
27
1
1723
57
15202
9
3
5
87
90
1449
854
7
19
42
942
72
311
10054
1219
1
3
14066
414
29
11952
181
236
13
4
648
4
2
23
2960
11482
15
136
25
8
125
4193
4
916
374
188
10
2664
14
32
57
19
19876
30
112
3519
61
1
1
204
18
32
1
1334
878
258
6
117
741
1103
7594
2
2
18207
14863
4935
1
11142
5281
7223
2685
15
26
4289
3
3663
29
2
39
11598
428
7924
4100
558
8187
2
23
313
21
21
1482
174
19000
1089
24
3
581
4
5765
8543
2012
9
495
173
1192
1
107
2
117
2404
2725
9805
8
525
18857
9587
757
1
821
1
4
36
9444
19
12378
22
2
114
22027
71
9979
18
1
13
1125
23
3572
2304
11
885
10677
2931
10387
82
9708
20
3
366
7369
5
144
19530
710
212
13
64
3207
1003
24
2
3
18952
341
865
11803
109
5228
248
469
2
113
4543
9373
19
7690
2
18
6616
181
26
713
1
1457
129
5
351
1563
2671
1
4
3
102
4
8522
6061
2
76
4659
111
196
56
86
9
20950
1
37
1
3
544
956
475
296
46
25
1008
1228
2515
2
82
19629
480
130
2780
61
1
120
498
17624
6567
1
15
6
1689
138
15784
25
7187
3590
146
5
75
2
4476
7556
1062
14826
4
2982
8564
22
3536
12472
4
1392
42
260
237
17580
84
1659
89
1460
20278
668
29
12534
279
22
1
104
8146
12
19
5
48
1
1
10976
10
411
3175
4
14386
896
371
14
55
3381
7
43
40
63
22
10130
53
452
201
1
19926
13345
3939
6277
4
6325
489
4376
83
2
528
1871
1
17712
46
8
1100
17936
40
715
5
815
2
2202
1399
1031
2079
6
3223
9
46
41
4509
62
3
6
164
19143
2990
150
7
3398
2541
392
660
7
663
80
4555
2033
786
1151
4765
58
5
13
229
5794
14568
959
6
50
5679
4532
453
1
12
11922
277
14604
284
104
2
13
806
2
988
771
106
8065
3248
14030
1631
1168
20741
1848
50
1361
262
2
1512
10
6
4
461
4409
4
1
3144
8373
253
1453
10
63
1853
140
1
15393
3
672
8
26
13479
921
9732
450
2116
16
58
40
4
38
1114
775
38
1010
187
9855
24
8
207
6340
6733
132
112
8
97
587
79
8
8
2
16
68
25
347
2159
564
1802
19191
7
2
1767
460
434
983
10
42
6
30
9
239
21
8416
263
761
5
6230
523
36
205
2
15549
21
473
10518
4
1
39
47
170
12
2
46
2953
8716
11198
306
116
319
4
2
13
261
2
7
27
3289
8
65
413
3043
14243
687
13
14
5
17145
2678
1839
746
3432
231
2
4849
6
4624
189
10492
257
25
15
5
2
1154
134
26
1
13
444
1664
321
9420
4
3
1338
611
11
2
21321
6991
4141
32
2
74
1982
1
12917
4
8
16
7865
1784
3737
1295
8
8353
3
86
5176
7
381
1109
23
18622
1028
1535
3
4321
16
18716
501
9233
8024
5022
18391
4300
34
12286
93
3
3364
2
106
2872
12
73
2858
10
19
9
4923
8
257
1727
1
2
134
54
1486
6
10335
11
60
30
45
777
4694
9
1
680
74
3
912
3183
33
49
2
5163
103
115
9929
1428
7
54
7
155
18
255
521
37
5
5254
2
5320
185
100
5
1520
8782
15745
20793
1821
40
48
314
2
2573
3880
56
178
9303
3
1582
410
7
12
9
2
2490
1
75
1
2
5
3
3
28
6485
9187
30
9
4214
792
1635
9
7
5
6550
6
141
4
15
133
1
3
2787
92
285
19239
491
597
2398
2345
49
8
6
6184
73
2
1
548
5
2
1668
7151
144
3
2208
584
883
39
1120
1594
657
252
935
24
12
8
26
45
4
954
6974
1
1464
5911
2
612
52
31
2
9904
7806
421
15
14
37
1
2363
373
16348
621
2275
1
2
1570
1886
2638
48
4246
60
2968
18
76
12
51
153
5
27
2
1097
121
5837
16
1134
3
190
151
271
213
532
3
24
9611
11368
37
4
325
19095
1622
2
4
33
220
1163
7
43
86
68
4049
8629
16
1676
2
1013
45
1417
32
4453
194
310
3
3
2
15
4
28
2
9467
45
1
539
1301
3
3654
2753
13718
164
203
1895
6
297
4019
1180
159
27
1
12
632
3
207
118
7462
5048
5538
395
256
2
161
20586
8937
1
1
9
233
16144
800
980
43
111
2592
62
15316
110
5622
120
5650
70
729
6600
711
5736
62
2
106
75
8
9
1
1830
5926
102
1
55
17
7575
29
309
6
869
699
217
18529
228
125
4777
593
358
1036
6
1963
16
15627
2214
123
3851
3
515
63
3978
3
182
14
13787
1421
275
5
18905
963
1719
1
230
4
27
1834
210
701
442
94
4
77
20
11982
6091
2766
5334
29
365
233
4
74
3
50
277
114
44
2310
848
5664
34
1355
6
13179
200
2
3
535
20
3
23
145
438
10
270
16389
1
349
4
3
11
1382
1
57
9879
552
262
20380
149
10
105
43
3765
419
4960
5
3449
3
750
38
122
631
3890
3
5
69
2
13
166
12
529
6
6
1
6372
8
20228
2023
40
7537
4
4162
3
4997
3841
140
148
507
3
704
6
5
238
146
478
172
87
15
11
17
11627
2823
5594
81
17891
8
3136
22
28
122
722
8
30
4861
1288
234
15
3
197
2
126
157
16
16804
1
11031
1771
20329
387
66
9118
362
2773
7
10597
1516
74
4
8269
4589
2
1
1
1905
21589
55
16
2058
872
3
163
44
17
42
8
283
1379
390
32
179
2
5189
6246
213
1
10651
3
4
3626
719
106
178
1
6
27
2
239
7518
3458
275
6
97
103
38
8
4442
6137
3
4
667
3900
15
7
4
3050
16
35
25
14
85
829
368
152
2241
629
10258
402
1
17757
10
1142
40
101
23
8
3
2478
6518
10
25
1
623
2
6835
3599
3423
108
993
6
7
46
2
12012
5693
4
703
191
12503
863
70
891
3
626
1389
601
4278
14
19
3
118
640
30
1253
131
12629
13412
1365
10866
2938
3
802
10
48
1
60
31
7767
1324
8672
2
2
8892
3028
519
17
5455
2028
1
10921
900
224
105
1148
1018
81
9
4
5307
82
10
2293
576
154
8479
24
2
4670
167
27
804
107
2
9
14
3528
53
17
3
514
3073
3
240
7
327
134
6015
17
1
71
27
32
773
8607
259
2
2410
2435
5
2625
579
137
2
2
27
1471
572
110
60
139
2
9
4
12
2534
5
6501
2225
1706
2298
9396
14
2
67
42
2916
12102
763
505
9539
11
189
16762
14423
3
11
130
141
19727
2
6887
18116
20
2392
3
71
39
16889
487
9756
86
3
47
2698
7
7
2
43
92
2
2
41
1207
21055
2
3
8
195
3
6
6717
1
484
11
91
43
1
5779
10
14279
1
32
265
326
13278
29
3
101
2
16
1
22
2
625
127
76
49
3608
430
14752
7
40
17361
7097
339
53
2
4
142
615
3
2
329
343
565
14715
5
2
5
17801
19579
19
9027
4420
9
6750
1160
178
29
6000
17536
380
4578
951
907
268
10
80
3
96
31
156
2357
235
3
520
20
21
1
689
1555
301
30
16847
11114
1494
9
2712
70
13
85
17
19433
6
733
5
1547
260
2887
4948
69
2579
4
7443
10004
1314
221
202
19678
168
400
3
20
158
3
149
7787
73
121
639
65
1368
7
2170
20
2691
3
2528
503
5
1
18253
72
16225
12788
1331
14
12441
10
48
2453
26
10
6784
10
1
346
30
64
25
192
2386
46
25
34
4729
7826
731
1
590
13
3
5
355
5566
176
199
1
9
12
19
10105
11833
6
1260
168
2236
2137
1551
25
289
5374
2316
20483
147
1
206
5
241
111
18437
3988
1128
3718
1
7169
6
696
4
2
4601
516
1798
108
10
193
2
226
20
1
15983
13080
12982
243
3
342
2
1
7
1145
264
165
4910
3
12597
397
6293
3
14
7
5035
5
554
31
9
728
3
1590
7026
1
299
8651
162
2230
5202
961
682
159
995
15
8394
1174
11773
1
1
93
685
4
90
1282
42
1655
2053
84
7205
817
69
11339
4
1385
3272
9
486
14136
4
29
7
2
1
905
1060
152
6168
218
369
2
2
5294
1968
6
98
8
174
5
286
246
54
35
88
5
4172
18
51
15
10029
330
11656
109
242
19
6
4343
331
2
559
2
225
72
3
5
6
4874
10812
12
62
37
13378
2
782
7
70
29
5347
153
92
9005
14
75
1
1
547
20
223
10
25
11569
2422
9563
129
16637
30
7
23
1
2105
5
63
15278
85
17
21752
13015
6
7
3
10
7296
10
7905
2043
2084
12347
7314
1165
19
13047
493
14
2
574
6469
454
827
17846
268
308
197
13245
67
4
6
16
7079
20
38
9
19
433
78
1
6
6
119
124
13925
3112
37
2
182
60
290
35
2447
10181
14900
199
11254
15
2
1
9050
20
10
8458
17
7
8
22
18
2
5
11226
12
16974
533
3406
16
2127
1
324
2368
151
5
479
2945
3415
12
446
7259
3058
9
11
12
973
3389
3
839
940
88
340
139
966
34
28
578
14
2
16720
4
7984
1505
1
1087
43
42
3
1122
8
1431
8
11862
13445
4
4029
13
52
3
3
7
49
1
637
3728
28
7
186
1266
23
1073
3355
161
3492
177
9
18763
13
2
91
1015
595
12949
2
412
36
7387
880
11
89
16
99
9256
15
142
21535
133
48
8760
215
4886
933
8694
18345
128
352
7
3167
3
55
26
5361
240
628
2
5
1762
9781
5
37
1
7241
6
105
2997
6956
4
5
2
6904
3
6
5442
1
10
1929
385
4
1
6818
1308
5
8
12
47
8586
78
18
17448
11
10439
322
12133
949
5469
16512
393
21644
24
74
1900
9
116
1867
200
24
4
13856
3
2
19047
12317
109
31
5941
5
1210
2
468
510
1372
4039
8
2560
88
2
7062
17
11
5267
1626
23
12
95
9
1948
3672
14350
835
15588
169
21
8870
784
6199
5
50
3330
1065
1
582
4431
6
15943
68
17231
2064
4110
18669
104
21916
69
123
3775
76
3998
867
60
12
113
1680
7481
841
5
9635
5
184
11
35
167
1232
4487
35
2631
6388
3861
4225
9
1
6436
232
25
14
2509
9
3
14495
2
10206
1081
133
3
1
4069
1
5552
575
3338
11
683
41
3
12
2522
3120
1943
403
99
16430
126
512
3
198
7
2
850
3
17016
12
518
150
17059
1269
195
1
333
1171
2
4
2808
34
1095
7944
1
418
24
13995
44
4354
10232
846
4268
1
2
4
21
5124
779
1753
31
557
353
2
2459
274
422
1497
1023
1410
13
1639
66
4
259
6
2
13
1
28
3803
17
9
1909
185
14459
12
1
5750
24
4789
1647
9
345
524
1311
68
19976
41
4332
4311
354
173
13
12724
1977
36
18
189
77
312
294
1
16307
1
1
2644
5580
3949
38
70
1475
2
5852
1
21
1
605
2599
15
21
1919
1328
571
61
116
4
1
4
9
30
282
92
15666
2
1057
4
3
63
1697
2
1183
670
1026
40
29
15013
137
1574
272
221
10465
894
34
1684
12820
25
15
7
102
4387
28
53
20
16063
217
101
65
6
11086
4
3
298
2333
3
15
6
45
1610
14
14
6
4
18
3
4
18
28
17
1321
3
205
2651
7845
87
2
78
5
17981
9
163
2100
2
8982
455
566
24
248
3322
3635
37
678
2705
370
360
5636
1033
61
3554
394
66
43
216
831
30
3
51
13513
926
15510
11
255
4801
398
2
603
72
1
202
186
788
40
11
20
1
1076
55
297
17102
266
137
1137
2566
215
1348
653
10
80
11
3
14
6767
1672
58
16104
4079
2760
1344
7964
158
70
1479
15863
3
889
6801
3700
184
124
251
7
2
249
15432
4
27
3372
10731
41
35
3
1041
13649
35
2038
1
1732
147
20
166
100
32
40
3784
150
2
222
614
8105
796
3
407
18
41
6076
7
9073
540
3
1876
919
457
11
5
22
19
1
2837
100
17
432
190
1054
3012
11282
2095
13
1
4635
17
647
44
2
282
38
23
62
9279
77
6650
160
23
1789
1862
655
108
11
16266
105
47
825
136
3475
17
3191
51
33
2270
4
39
658
2
171
500
2732
876
26
23
2
6453
2
3199
1
155
16
377
3681
425
22
4
1
4
6
48
8
4741
3151
1825
1
536
1
224
451
14315
706
251
147
3
44
4
3813
13
3563
16
2
4
23
20432
5985
4
10
9
12692
417
10
856
21002
3510
27
5
11
63
735
5
7
100
303
2
61
4898
550
645
81
332
13581
10624
3
420
1
33
2380
812
4
618
234
7
9830
10571
2
341
5
2219
64
3
73
8
2865
4
363
4
71
11
21
15
1358
16931
170
443
2
4
551
52
4
8
27
21
2
2844
445
1
14
1
976
4
10361
77
145
7332
490
3
496
104
808
19287
31
56
19
13615
59
903
18162
162
8228
3104
135
8
11
11540
302
5060
8
2132
3709
16
23
292
4
19482
5
1216
2
2
5010
94
1811
56
14
4131
9
14
2
11892
79
363
23
790
569
1177
273
12566
146
11744
175
8249
99
1
31
315
13
2605
47
236
794
5896
472
4837
8085
20
166
7
5881
14789
9
9659
292
2258
5
2
112
3
2658
2
2
386
378
2
2
8
2
24
2074
2416
56
209
1987
424
6
3756
54
6
18
662
3617
33
1890
898
17274
53
143
83
2090
44
1414
1
161
29
13
152
4
3215
7
5111
180
48
232
1710
90
34
998
183
19
18299
1543
2153
160
13146
21428
11685
1
19
12163
1204
1
10704
6
4059
2
2
3
531
115
2
79
3
6420
1914
5
8207
1693
20897
11
2553
8
1
5073
6
3
287
2465
28
15
266
506
10893
399
49
767
1881
1539
11
9
13891
12
317
15355
59
39
21698
42
5
300
2612
81
1084
6
3
10283
1701
254
59
5524
439
6939
6922
1292
2880
58
1424
1816
15824
692
188
128
5
1
32
859
33
12
3347
7728
4
8
18
2
620
3128
4682
211
18
244
41
16679
28
2
305
2
1117
594
13212
6
3297
20
6583
3
12
10
136
1
4
26
2
588
15050
1643
2
462
3305
8
129
6122
5823
717
174
543
2
26
32
431
19777
156
482
14
50
149
50
138
2
1844
19826
286
91
8
321
125
6853
212
1272
4257
1606
15903
1195
20026
2471
225
8
111
15
4
9
379
5387
1341
1938
11
6683
4521
4120
509
13
5241
44
3
3690
61
270
18810
502
769
16
5
2
3
7499
5497
303
1
253
3969
726
12
6
64
1566
4566
8
37
837
5
1044
7115
15705
798
2975
1
7
3
5
18
51
2287
429
6309
4
3870
1775
634
17188
4
20177
372
7748
56
76
14207
677
1807
140
113
4
47
5
8332
13
652
3
2801
4
600
23
65
13683
561
28
5150
36
1780
1139
5707
383
2
2121
67
17404
861
143
57
114
180
2739
4
34
947
6
357
1598
21
127
15471
3081
118
1578
131
5
1
11
34
2
179
2
2
16
1256
7
194
94
337
314
1375
13113
66
459
13311
33
9349
98
14641
3
752
6107
14101
7
154
2851
38
62
2718
16554
401
98
12072
7
229
15
5
1235
307
2429
348
6356
474
15088
95
4
3
3240
35
1276
697
978
1
18
2180
2
54
11058
198
6
3
64
8500
2
5
57
279
384
12
930
141
10
2
347
4008
1
12852
115
5
82
844
89
8
245
20076
219
2
110
1
2
7
20
14172
17
230
8915
356
2
135
12255
39
19336
222
13752
310
15
1
35
2
389
2
6
427
15
54
1279
19
742
2
289
2
22
1586
1446
33
2191
2
16023
9
4
2281
317
88
276
7
4236
5
27
52
96
1490
54
13
11
14
96
95
426
4
168
2351
11453
665
7044
177
3
119
5401
77
944
21971
1241
338
9
1052
2186
17
55
31
20
6031
24
242
5
66
204
3089
119
17
1
10
69
1997
10413
2503
6
42
1933
467
117
675
163
84
12
2164
34
5
17
375
245
591
45
12224
344
59
79
5
2
4
7406
5
7
267
264
39
101
2496
7
51
18
59
11
35
7
2
64
1468
3
2018
183
10
143
6870
11425
21267
76
16
227
65
43
2
5137
5099
6153
2
708
13
6534
21214
694
6666
3501
6700
1049
11
1039
449
887
440
3020
5
99
3
44
3
5
21
26
1
11
281
10079
119
4398
19
5
176
3
810
1
8
1992
2
3
1351
11003
3
1736
1
720
46
17
617
1758
2247
17
24
3
21
84
4647
756
2901
20689
326
33
511
35
4498
15240
59
1
6
12194
4753
18071
57
122
9515
78
52
2
10948
78
909
1263
62
2
2815
71
330
9491
2
5
1
21
2547
4090
127
34
139
585
376
19
1793
19
36
1602
12
4152
6
31
739
4612
1509
113
318
17
123
6215
49
923
4972
52
145
10
9164
1532
25
7670
1213
5
36
247
2894
527
8804
50
29
1
29
1501
8
2
5
28
7
154
12
28
1
650
14937
3066
11511
34
1
2
93
5
2
11715
5
53
2321
2
12409
16
3
3005
84
9
2
9
24
37
9
2
1439
12042
10309
3440
