39129
39119
37737
39820
40353
37544
36981
38109
40481
40192
39668
38538
37690
40055
39905
41286
38998
40425
36517
37055
38578
37962
39379
36467
39372
37091
40968
39052
36517
38636
36746
40233
40247
40680
40943
40609
37312
39249
37268
37257
41046
37137
36751
38683
40761
39269
40736
36444
40700
38092
41241
38157
37177
39077
37702
38337
37236
37907
39726
36978
39072
36875
39335
38467
39754
39601
37981
36844
39578
39979
40560
38896
39426
40291
39972
37329
37440
37636
40760
41245
37608
38065
37691
38814
37152
38876
37694
37980
40456
37547
38663
38093
38906
37996
40740
40163
39631
37111
39947
41130
37620
39234
36684
39016
40367
40199
38611
36685
40665
38931
39790
40418
40147
40018
40992
41325
38914
39007
41327
37581
36674
36824
39206
36636
39667
39960
36512
38268
38200
39072
41374
39405
37460
37056
39192
40620
38354
37117
37234
39964
38508
38525
40122
39262
41424
38731
38421
38613
39688
40346
38224
37640
39704
38775
37010
40316
39051
38125
37973
39061
38784
37694
39515
38449
39592
41175
37244
37781
41281
41011
38220
39775
36588
40321
39812
40017
41083
40691
40622
40865
40633
39752
39075
37067
40962
39612
38264
36553
38751
36474
38581
37282
41335
40724
39597
40731
39572
37684
38653
38783
37030
38388
39012
39344
40154
41142
40464
40147
38983
37502
39199
37303
38570
39186
39855
39669
36536
37541
39657
37101
39355
41008
41003
40238
39650
37348
37897
36542
38476
41079
40854
39973
37903
39576
37956
37585
37720
37171
38706
38216
38976
40678
41228
37825
38469
39237
40455
39582
37003
39306
39922
38618
38322
38894
38108
36858
37452
37208
39936
40173
40557
36547
37786
40991
39758
38391
39554
40933
38947
37824
40914
39745
37522
39424
39995
39774
37344
36576
37058
37731
37415
38837
40990
37184
39330
36471
40956
40889
38831
36911
40024
39393
38130
40053
39540
39005
39020
40325
40811
40076
37878
37069
40099
38967
39339
38303
37385
41151
38468
40359
37450
39745
40643
37432
38957
38079
38925
40761
38799
39374
41292
38383
37843
38643
39741
39265
37630
38837
36859
39987
40792
38111
40141
37669
37667
41362
37016
37828
37359
37877
40962
37906
38875
39056
36570
40962
37964
39095
40771
40190
36609
36743
39742
41051
38556
41222
37814
39611
39329
39258
36855
37227
38106
37562
36773
36560
38213
40806
38617
37473
37678
36622
36597
37105
37097
37331
40015
39861
39128
41109
36627
37740
36935
40560
38759
39307
40207
38918
36844
40140
40006
37491
40329
38971
41340
38199
36923
38447
40841
39628
39471
39380
38769
36818
40213
38777
36598
39369
41130
39618
39692
38648
41184
37918
38955
38960
39327
40551
36995
38516
39296
38503
37599
40120
38495
38663
39016
37148
37815
37921
40802
39184
39998
38313
39478
39459
40438
39631
38644
40819
40490
37955
37851
36625
37509
39921
40145
36930
37220
38550
40118
40100
37576
41318
39482
40399
37196
39854
37580
36767
38424
36925
39995
40223
40236
39043
38386
41156
39953
36747
38378
38737
39184
38218
38029
39555
38265
39058
38055
37024
39084
39435
41209
41410
40425
39760
38218
36972
37386
40510
41251
37054
40306
40712
36905
40275
37794
38087
39105
38389
38137
39508
37681
38830
39693
41425
39303
41029
38092
38213
36982
38588
40054
38382
40575
38512
37586
39729
36989
38526
39186
36471
37586
39476
41435
37375
38198
39466
38953
37638
38128
36449
38139
37876
41204
41413
38447
38859
37512
38225
37165
40424
40918
39125
36907
41374
37491
37374
39803
38664
36614
38260
36918
39628
36776
38961
41306
38727
40206
37780
38106
40996
40844
37340
40060
38529
37522
37762
36469
39252
40583
37018
36451
40250
39442
40490
37557
39529
38620
38471
40048
36509
38125
37318
38564
36605
38280
40656
38642
37852
36540
40642
36986
37869
38200
41360
37096
40050
39742
37661
37844
37729
40436
36686
37770
41033
37047
40448
37665
38035
41406
37688
38861
38209
37022
41017
37792
41105
37438
37377
39586
39297
38714
40919
37953
38426
36730
38429
38329
39496
40366
38305
41211
40963
36692
39758
38816
39766
38700
38242
39289
36497
38957
39903
40819
40006
36505
41181
39946
38943
36841
39214
39145
41018
40285
38471
39838
38755
40413
38309
38607
41022
39614
38325
36478
37340
37688
39808
39442
38665
40700
37548
38770
39222
38654
37111
40220
40313
40739
39242
39503
38470
39798
39074
37942
41318
37326
37001
40067
39931
36847
36845
38941
37471
36574
40559
37692
41171
37062
40451
36734
39329
39065
36531
38957
38479
37045
37779
36970
37018
36818
40116
37512
37115
36757
39306
37900
38601
37988
37433
38091
37734
37285
39509
36584
39040
38365
36890
40510
40485
38717
37428
38696
37301
40237
38979
36825
40590
38526
39591
40609
40695
40712
38570
39648
37163
37805
38637
39021
40082
37630
40440
37390
40552
38545
40312
37492
41175
38448
38689
39487
36689
40141
38461
38267
39552
37609
37981
38839
39032
39501
38967
40729
38951
39660
37756
37239
38253
38837
36655
39595
38131
36999
40942
40396
37584
36638
40509
39578
39032
36507
39650
38112
41351
40494
40511
37713
36544
36821
41219
38302
40580
38437
40053
38105
36648
39570
41166
36983
36859
37080
36885
37921
39198
39859
38916
40356
36673
38297
38052
38976
36834
37241
38943
37982
38912
37659
38947
38247
36842
40070
36819
38849
39310
38668
36733
38981
38349
40538
41153
37484
40949
40328
40819
41313
38997
39180
38410
39524
39997
39431
36840
37319
39877
37815
38488
37848
40644
37278
37154
37509
36922
38586
37253
38370
38511
39946
37042
39521
37420
39959
37759
36921
37840
38156
38860
38779
37787
39928
38768
39746
39729
36762
39921
39700
36508
39919
38396
41304
36501
40660
38174
36875
40953
37634
40440
36975
36645
39625
40521
37606
37809
37647
38485
37013
40269
40653
41319
39283
41252
41185
37568
39688
39053
36654
40509
37277
38504
40412
39458
40320
37955
37379
39085
41305
40210
38183
39458
40941
41392
39845
38117
38143
37928
38225
36637
39828
41211
36633
38952
39903
37256
39805
39264
37544
39381
37608
39166
39462
37377
38387
36668
39727
36667
41369
38883
37768
36901
40230
37963
38261
36467
36684
37754
41343
40584
40491
36553
36795
36691
41020
39438
36794
40631
39382
36503
39757
40563
38867
36508
37801
37842
37124
39458
38658
38302
39468
39650
38880
38298
37686
40627
38110
39343
38917
39866
37165
39836
39794
39496
36968
36586
39349
41051
40320
40807
36576
40481
39474
40624
38780
41058
37962
36568
40668
37660
37199
38110
37353
38703
39613
41291
40202
40096
37987
41250
37666
40994
40639
39307
37095
39338
38639
39258
39490
38570
39479
38700
39181
41253
37541
38180
41041
37415
40631
37054
36756
39324
36478
37061
39312
37339
37655
38383
36442
39677
37751
40315
36779
39895
39387
36604
40888
40756
37510
38504
36617
37842
38397
39054
39248
40841
39623
39159
39814
40918
39784
38901
39379
38488
38741
36601
36915
39366
39776
39590
36634
40782
39305
36722
39802
38665
39891
37493
40650
36916
40916
40349
37390
37969
37883
39375
40168
39979
36682
36998
41292
38731
38431
37340
40832
39010
40566
38943
39305
38516
38311
37774
41024
39067
40026
40341
40600
37506
38527
40580
40678
38357
38622
39712
38976
37138
41206
41190
38377
39462
38677
37296
39331
39829
38369
38386
39195
37915
39563
37066
37275
40224
38296
40263
37090
37902
37646
39359
36650
38216
38807
39506
40165
38951
37556
38744
39951
38843
38029
38064
36785
40340
38250
38591
37279
39971
36657
37558
36826
37563
36750
38125
39492
37025
36955
36888
37729
38772
40760
38627
38557
37405
40926
38365
38407
39688
39981
38155
36619
37825
41142
39940
36673
39047
41316
41236
38233
37482
38541
37232
38614
40259
38558
37124
37584
39259
39440
37729
38657
40600
41224
37207
40302
38689
36923
36559
39360
36719
39581
38975
37005
38663
37281
40411
37327
38718
38736
37745
39745
40011
41290
40998
37013
36785
38830
38257
40492
38373
38501
39557
39272
41343
38348
40307
37168
37343
40530
38993
39625
37159
41003
39282
39007
41006
39097
39018
36638
39078
37881
40718
40426
40310
37292
37357
40290
40293
38393
37385
37834
36712
40371
39478
40575
37635
41240
40188
40567
38667
40550
36850
40502
41419
37005
41169
38294
40766
37369
38608
37954
39290
39696
40774
37858
37548
38407
37747
41323
40346
36942
39777
37143
38678
38969
37759
38374
36621
40449
37054
40111
40659
38963
39272
41255
36668
39523
36596
38421
38935
40447
40758
37711
38875
39562
37106
38645
40052
38966
39856
39426
41381
39172
40147
38173
38325
40833
40323
39196
38868
37807
39138
37917
39350
37468
37194
38948
40290
41070
38421
40914
37882
37104
37683
36505
36974
41324
40148
40606
40573
41292
39036
39113
39674
40377
41271
41102
38418
39476
40751
39620
37894
37160
37330
41131
37348
38405
37216
38529
38299
39163
37611
36450
38474
38242
37093
38784
40263
40526
38486
36576
40481
40403
38942
39366
37579
40905
41040
37183
39293
38511
38219
39152
37840
40277
38497
39177
37359
37765
38296
37496
38075
38780
41088
37387
40779
40276
37361
39444
37845
36530
40685
39676
38823
39787
39491
37560
38631
37905
37774
36561
39619
38037
37520
38205
41193
40590
36897
38891
39723
37181
37835
39482
40001
41279
40716
39015
38700
37499
39108
36822
40829
37706
39057
39203
40043
40432
41185
36471
38492
38026
38239
40839
41125
40798
36900
37949
38626
37065
40609
36650
36768
38533
38996
39063
39472
38270
41012
37716
38640
38876
40197
38844
37185
40924
38775
40262
36991
38177
37747
40989
37117
41192
38517
39755
37508
40562
38196
37215
40315
37403
41196
40865
40546
39311
41122
39085
38152
39079
39040
38608
39148
37427
40382
40582
37876
40790
36831
41095
36884
38518
38447
39821
40936
37802
37011
38914
36704
39009
38037
39596
39828
38719
41232
37249
37071
37841
37397
37587
37031
41056
38749
38584
36605
39394
38590
37840
38938
38598
38351
36806
38795
41127
37531
39874
40399
40182
38900
40266
36528
41101
38805
40115
39928
39166
41177
36958
41187
37722
40578
37350
40717
40656
36680
37696
39462
38557
37166
38700
38544
39421
38435
38600
39738
38185
36792
37824
41312
37864
38011
41156
36510
38375
40208
38363
36475
37473
40825
37450
39349
36763
36602
40364
36885
36429
39807
40173
36834
40441
40205
38595
40583
39831
41132
39135
39337
39585
40832
37287
39292
37028
37048
36462
36761
40733
38436
38585
37217
40773
38129
38955
37709
36542
40632
36537
36959
39080
40806
40769
39947
41210
38013
39367
39191
37466
41130
38449
38973
36820
38328
39185
39508
37789
40825
37162
37074
38232
38357
39414
37780
38675
37120
38231
38785
40267
39321
41326
40921
39669
40289
40677
38942
37072
37158
40155
37468
41399
37777
39258
39409
41296
40884
37235
39112
38183
37514
36821
37102
38998
38275
38962
39064
40558
38875
39121
38561
38596
40848
40574
36854
39415
40684
41291
40594
36606
38370
40057
37664
36720
37092
39146
37815
40179
36781
36597
38746
41092
37215
38472
41151
38818
39851
37420
38480
39663
39200
38503
39867
41147
36791
41235
36918
39697
38706
38990
38483
38265
41266
38410
40170
40091
39096
40671
38712
38428
41287
37560
40385
38807
38325
37820
38221
38125
40426
38815
38411
39940
36897
38568
41061
36548
40234
38636
38559
36472
38262
38256
38521
37564
40966
41245
37575
38485
40489
37518
39337
40882
41331
37542
41137
39841
39036
37941
36553
40132
40682
36704
40970
36884
38461
39601
37385
37591
37697
37783
38947
37196
36687
40726
37841
36913
39673
39586
41400
38833
40434
40436
39336
39757
41240
41165
41343
39441
37673
36729
38035
39143
36719
37443
39861
41264
40643
37575
38397
40881
37935
37617
37107
41318
37141
36705
40317
37549
40700
39085
38422
37733
37912
38294
39230
37912
38753
36496
37054
36904
40109
38669
41404
37314
38441
39720
38164
39176
40680
39150
39677
41248
37890
39818
38052
37857
39683
38516
39721
37373
36500
41267
39734
36658
39750
36732
39875
39298
36945
39511
40329
38597
36563
37822
37277
39037
41328
37822
39311
39947
36782
37983
41025
38338
38855
38978
37699
36754
38891
38419
37861
39154
39864
40421
37811
37650
38472
36861
41287
37324
39440
40514
38832
40804
38859
38765
40062
39891
36981
40532
37092
38337
36606
36617
40520
39743
36957
37369
41396
38040
36569
40552
41432
36606
40526
37478
39875
37552
39612
37340
41305
40860
39178
37746
39160
36737
38801
36720
38567
36990
38814
39392
37402
38881
39716
37423
38288
39641
38378
39208
37194
37014
37305
40016
38094
36898
36731
38753
37715
38209
36615
39830
37387
36718
37262
40388
41403
38502
38382
36541
40123
37982
39097
38949
38179
37288
40837
37545
36674
36867
37329
41326
37361
37069
40896
36605
39923
36532
39022
38086
37729
40596
37854
39523
37063
36772
37496
37824
40274
39535
40852
40951
36639
38195
39631
40153
41238
40519
38616
38583
37969
37911
38061
36780
39012
37060
37981
39189
38755
39537
37896
37364
37075
37302
41341
38402
37966
40356
40967
39546
38961
39319
41038
37880
37255
39196
39372
39694
41003
37063
37539
41095
40797
36979
36720
37701
37917
39887
39255
39391
36782
38575
37978
39215
38605
36937
39000
41430
38747
39572
38509
40579
40459
36477
37395
38238
36668
38914
39818
40737
37344
38537
37593
37539
37890
39765
38499
38140
37676
38285
38766
37917
38636
40171
37102
37649
38639
37566
41256
39779
37236
37377
40689
40633
38743
40272
39526
37061
41392
39661
40230
40044
41379
37112
41411
39128
40726
39388
41416
38585
37022
36939
39126
38855
36711
37029
39777
40613
39395
37167
40578
37743
38234
37432
38100
40421
40461
41305
37624
39539
40880
37375
39676
38731
40895
36556
40495
40481
38471
37203
37132
40053
41280
37736
36848
39295
36439
39575
39320
39077
38689
38225
40891
37047
37219
39951
40869
38021
38966
41277
38972
39463
37371
37465
38651
38197
40062
38872
36985
39847
40248
38976
39977
37667
40170
36603
39505
39087
37828
37599
40341
39139
39557
36670
39430
40236
41116
40129
37463
37269
38831
41124
37918
39428
40612
37971
37775
38141
40624
37971
38580
40637
38788
40451
38023
36864
39307
41301
38331
40485
37267
36688
41239
37964
37458
41272
37521
40610
37890
41113
37965
41197
39059
37528
40245
40555
41358
40774
37723
38651
39635
38952
38964
36965
38855
38688
38937
39007
40232
37176
40506
36445
41291
39339
39321
40002
36560
41288
39910
39117
37125
38423
38221
39691
38824
39240
38154
38160
37804
40321
38481
39610
40977
39966
39985
36829
40184
41397
38077
38752
40839
39706
37456
38635
41028
38726
38729
37197
36664
40845
40204
39065
41218
41121
36848
39004
38201
36595
39650
40748
38363
37054
41068
40826
39236
37801
37144
36921
40613
38631
39932
38635
37880
38255
36673
37982
37184
37156
36643
37169
37895
37421
40367
38078
40254
38882
40587
38849
39133
40930
41103
37422
37413
40898
39416
37530
37375
40023
40772
37419
38949
38494
40385
38640
36436
41381
41223
40863
41024
38035
40952
36905
40990
36454
37540
38038
40038
39483
39835
39310
40713
39650
37013
40509
40496
37031
41266
37702
40315
37890
38312
38865
39224
36667
40794
40544
37058
38333
36796
38739
37650
37562
40288
39829
38455
37278
38153
40736
40170
40989
38292
39918
40771
40352
36823
38848
36442
38214
36435
37575
40661
41437
40360
37611
38379
39695
37229
38863
38112
41425
38932
37803
37692
40069
40124
38396
39188
39453
41240
38759
40128
38357
38801
41243
37146
39185
41087
39596
37489
38809
37749
36698
40354
40604
38970
39641
38651
39268
38021
40789
38686
38568
39759
37491
41307
39398
41409
41402
38365
40310
40829
38308
36544
41128
37181
40230
36833
40984
39389
39439
38768
41217
36855
37095
39282
40198
39454
37824
40554
38909
39234
41218
40805
41150
37114
36990
40773
36727
38536
40218
41373
36666
37972
38962
38327
37222
38010
40886
37504
37520
41004
39768
38603
40537
37255
37548
37035
37253
41320
36523
38284
41010
38860
40466
40136
39812
38392
40564
36485
36706
40582
37250
39992
38819
37239
39877
37678
38383
39881
41388
37976
39382
39063
37813
40361
39647
38040
39955
40717
36502
38516
37605
38882
39911
36495
37940
41285
38984
37599
38912
38617
41035
40934
37161
38093
38204
38986
37207
38752
37011
40214
38908
37781
38307
39219
36993
38240
38967
37584
37637
40339
37510
37270
38350
41029
36837
36697
40170
38309
37717
36918
39879
37553
37446
40848
39439
39652
37689
40582
37028
37691
38829
38089
41096
37047
37396
37402
39873
41159
39882
36492
39523
38682
39657
39443
41032
38987
37441
37287
40215
38334
37863
41031
40113
39049
39384
37582
37342
37510
40916
36855
38288
39924
39041
39323
38958
37025
41299
39149
37697
39310
40263
36930
38870
38142
41287
41188
41155
40818
39237
40922
38867
40238
37179
39953
39066
37625
38145
38667
37654
38154
36641
37340
38980
39542
38324
40262
37987
41404
41360
39411
38249
39373
37315
36817
40304
40012
41123
38386
39173
40438
41093
38664
41046
40304
37376
37122
40109
37494
39554
41165
40604
40042
40704
37552
39440
36803
36449
40882
41267
37706
40841
38410
40919
39150
38432
39818
40712
36771
39854
37994
38092
39461
41306
40152
37938
36957
40645
39557
36717
39685
38815
39368
37550
39386
41012
37852
36481
40861
39444
37700
41018
36684
41059
37765
37634
36526
36927
38177
37699
39006
40837
38231
37556
41102
40071
38381
38503
38026
36995
38942
38763
41391
38547
36612
40995
37030
37880
36457
39179
39974
38828
36867
41302
36577
36436
40348
38555
40307
38394
40581
40133
39688
39888
36522
37125
37754
39571
41311
39934
39160
37246
37152
38621
39882
40554
38635
39244
37783
39685
40646
40256
41218
36578
38575
38589
39584
37953
38799
37465
40724
41280
37636
41209
37211
36900
38291
40692
37326
38107
40529
40117
39091
38876
39740
39328
39555
38829
40227
37501
38878
40052
38266
37059
36708
36929
39227
39978
39714
37657
40122
40054
38889
37022
41164
37352
38723
38335
37985
37294
41420
40182
37207
37754
41344
38090
38018
40486
40597
38079
38694
37508
39103
40314
37055
37046
38063
39235
37324
38107
40299
37424
38927
37791
40568
38826
40560
39038
37987
38795
38573
36997
40313
37407
38771
40566
36786
37761
37369
41045
39332
40117
41141
40014
37688
38825
40230
37435
39286
40435
38024
37784
41048
37064
36639
38380
39801
40944
37915
36978
38454
36670
37796
39009
37156
40662
37708
40653
37815
39888
38081
38534
41326
38057
37965
40006
37376
36593
39357
38856
39222
39458
39093
37273
37853
37963
41037
38632
38144
39702
37869
40424
40294
38831
37953
39079
38245
38484
39412
40459
39331
40483
38246
36749
41389
37681
39109
38348
41356
37314
36549
36487
40599
40212
39896
39331
39687
40919
40551
36576
36578
38519
39907
37218
37522
38433
37085
39625
40401
36611
40108
37923
41225
41057
40360
39518
40346
37416
41353
38120
37282
39617
37060
38609
38765
39665
37788
40214
40467
36467
37943
37364
37496
41024
38152
36435
41032
40484
39355
38692
38341
41425
40283
36781
41193
40595
37144
36453
40825
39299
36964
37820
38763
37109
40853
38844
38626
37490
41212
39554
37227
38772
40842
37847
39692
37709
37409
39815
38051
38041
41214
38020
39770
39445
40895
40077
40302
41242
37667
37503
41164
36842
40821
38736
38954
37728
38950
37526
37643
37349
37108
36804
38562
36553
39232
38690
40465
39348
39319
40588
40630
37491
38278
40563
41229
36447
40145
37993
37138
37321
40764
39123
38373
39526
37481
40065
39960
41040
39780
37041
41152
40590
36689
39584
38399
41196
39653
39975
36597
40434
37418
40777
40815
39122
38573
41154
36901
40810
41073
37493
37991
40751
41375
37405
41135
39610
40855
40844
39147
38687
38340
36710
37888
40784
36698
38594
38973
37963
37784
38712
39912
39095
38532
41371
39655
37807
38041
39710
37500
37861
40303
40999
37487
39806
39644
39974
37426
41174
39519
38976
38414
38356
37922
38720
36659
39509
39395
40726
36987
37769
36579
37844
40388
37641
38627
36516
37505
39248
41304
39672
39718
37865
36882
36692
40243
37329
40086
38032
40433
37937
36770
40482
36713
37823
37106
40052
38099
40931
40552
38095
37043
36520
41390
37928
39536
39995
38837
37508
37253
37601
38008
41381
38609
39603
36791
41115
40524
38010
40518
37841
37408
36677
39959
40899
41211
36479
36639
37772
39915
39385
38670
39459
37931
37402
41097
39188
37330
37875
38789
40970
38251
36994
38454
39636
41069
41375
41048
40759
40586
39776
39887
40971
37784
37448
38616
39492
36563
39978
38407
39007
39131
39869
40546
37308
37367
39845
37601
41403
37177
37570
37515
38143
41169
39474
38848
39687
38234
39656
39821
36697
41172
39213
38611
41382
38603
37622
38603
40162
37648
38523
36980
37636
40016
40090
40391
39782
39195
38042
38503
40482
41038
39055
38795
37542
38180
39510
37926
39019
41241
39621
39529
38885
38729
41149
36609
40170
40163
38773
41361
40729
37034
38622
37254
38397
41163
38088
38957
38314
39772
38737
37802
38179
40484
37142
40194
37558
39706
37556
40424
37808
37476
38874
39374
41359
39660
40034
38339
39516
39942
37341
39519
38614
37981
39449
38867
37663
41266
40460
41163
40746
37732
39408
40391
39845
39025
41284
38969
38216
40426
40091
39185
38294
40977
37063
36596
38619
41077
40618
37922
37858
40321
37521
39365
36572
40733
41343
38261
36969
39262
37762
37123
38769
41392
39811
39373
37226
36844
40431
37342
40938
38441
40144
39175
37355
39825
39540
38328
38634
36796
39138
37358
38276
39563
38074
39179
39396
37368
36863
37294
37064
38597
37441
40867
36682
38643
36646
39447
36485
39394
36733
41160
39096
40881
40875
39130
36971
38998
41301
40262
38389
38982
39627
40586
37577
36903
40954
38963
41170
40225
41285
40258
37916
37763
37229
38614
41053
38074
40085
37997
39790
37590
36585
39140
37243
39342
38408
39669
38142
40708
40466
37378
38781
38982
41171
39848
39667
40186
40407
38364
39072
39793
40411
37199
38036
39995
38737
40128
36594
40911
40150
39195
38777
39115
41372
36767
40366
39547
36876
40709
38557
36449
39953
40132
40251
39686
39568
38516
40563
37293
38055
39292
37005
38377
41228
40813
36880
39367
38405
38363
40147
36759
40663
36896
37909
38595
37530
39325
37069
38404
38755
40003
38475
38234
39440
36541
40637
37031
40663
37247
38039
39698
36728
38342
39795
39977
36476
37091
37905
39631
39822
39355
38870
40691
38395
39406
39614
36895
38605
37376
40099
40636
37570
40077
40554
38601
41256
36481
40793
37668
36830
37594
36849
39670
40621
38199
41349
36669
40969
37782
40518
38293
39627
37869
39513
40291
38460
36621
41183
37543
37201
38564
40507
40845
36743
41299
41419
39264
36789
37032
36858
39897
37501
36590
36726
41402
39801
37555
38257
40586
41381
36551
36473
36683
37198
36954
38299
41115
37861
40520
37610
40557
37503
36459
40007
37416
37371
40190
41290
40365
38267
37519
37144
37669
39637
40769
40572
41038
41158
37272
37635
40470
38364
36447
39479
38660
40257
40112
40623
36791
40132
37122
39432
36610
38602
37419
40197
37892
39576
39033
40504
40508
39649
40485
38128
38716
41050
37036
37548
38901
40196
37506
39387
37119
38276
40214
39717
40465
39001
39154
36461
37589
38279
38317
39773
40098
36796
37964
37458
39861
40525
39746
37576
40346
40820
36448
36715
41281
39444
38086
39407
37122
37598
37728
40315
38989
40326
40825
37353
36907
36700
38096
36878
38934
37895
37028
36927
36924
41194
39514
40766
39356
39820
40420
38742
37723
38380
39359
37815
38582
38326
37226
36893
39958
36973
40592
37157
38886
40207
40560
40048
36452
38591
41215
38222
36519
38521
38363
41291
38725
41314
39291
37590
38382
37573
36634
37819
38645
37652
41047
37679
38753
38722
39394
39380
38365
37494
37761
39239
37519
41398
37028
39903
40471
36823
39126
37026
37954
36728
40788
39183
36896
36764
36576
36520
38633
38674
37869
38743
37601
40445
38047
39512
40902
39051
40526
40603
39926
40095
39880
36494
37018
40698
38819
40234
40046
41069
37297
36654
38173
38064
37586
41344
37864
39094
38654
37470
40353
39064
38024
40865
39074
37484
38090
40065
37748
39868
40974
38837
41430
37074
37179
37104
37575
39519
41425
41409
40783
37182
37633
37039
38178
41365
40321
40923
38301
38577
37480
39695
37430
38277
41127
38763
36999
36599
38109
39865
38919
37137
37071
40888
41008
36840
37865
38332
40420
36813
37255
38573
37367
36772
39005
38347
41187
40308
37514
40471
37963
38400
39341
40478
41392
39635
38455
37370
38714
37930
37356
38282
41389
37317
40265
38387
40265
37546
40597
37929
38023
37312
38941
38437
40622
38779
38951
38365
36671
40087
39174
37851
38654
38455
37994
39502
38769
36979
39956
39126
38206
37101
36462
41128
37119
40800
37227
39308
40408
39446
40294
41383
38405
39418
38665
38426
39603
38826
38141
39122
41308
36922
41104
37482
38725
40756
41237
40230
40657
36532
40413
37403
38483
39884
38955
37037
38600
39524
40275
37787
37534
37649
39995
40521
37419
39321
36591
37188
38225
39512
40372
37752
36582
37564
41205
41191
37240
39528
41381
39792
40329
39624
39073
40156
39046
37317
37136
36485
37640
38521
39682
36837
37162
39416
38903
39984
36732
38957
36508
38666
39795
37182
38642
41239
37019
38295
37124
36944
36575
37841
37947
37431
40684
40331
40905
39917
37858
40091
40314
40703
40110
38522
40043
36664
37408
39876
36770
37441
36962
38761
40899
40130
37888
37143
40056
39415
37993
36913
39074
39999
39127
37046
39093
37659
40475
39983
39260
36773
39318
38071
41208
37697
37961
37195
38119
37655
36641
41388
40931
36643
39532
39616
39132
40438
40992
40030
39946
37589
36560
38848
36844
41266
37376
36634
40314
39656
37888
41324
37095
36493
38154
39232
36834
41364
38699
39308
37429
38684
39036
37468
37171
40970
39161
40074
39972
39332
39809
40714
39317
36500
36852
39819
39162
40564
39957
37490
40080
38338
41091
37732
37385
36722
40099
37215
39729
37439
37184
37907
38999
39693
40447
38697
39254
36886
38209
39778
38165
38407
39124
36449
36893
38495
37324
36885
38378
39435
37753
38021
38006
39956
38751
37867
36975
37015
39094
40232
41348
39241
36908
36438
40093
37733
36795
36940
36904
41031
40216
36690
37972
39804
38521
37956
40435
40078
38390
39234
38534
38757
39005
38588
36846
37252
38550
37963
39432
40762
38596
39577
41146
40786
41397
39094
36965
38242
41032
37223
39091
41368
38150
36965
37072
41208
37717
38442
36876
37193
39020
38995
40289
40528
40201
41179
40593
39138
38986
37778
37569
37216
36494
38116
38624
36510
40468
36667
39142
38966
38744
39584
39259
38750
40010
39681
38420
37594
36858
37939
39442
38155
39108
38770
37469
41317
37999
38992
37111
40652
39964
38931
41299
40065
41065
36596
38667
40663
40148
37893
38949
39054
39834
39936
37972
37264
39195
36642
39264
41322
37369
40859
38270
38288
39025
37504
40619
39646
38336
36538
38012
38006
36643
39513
40533
39106
38278
38988
37185
36872
39424
39896
40564
37904
40752
40087
39459
36994
36892
38426
37531
40664
40740
36999
39401
38053
38728
36930
37683
37289
39910
38084
40462
41203
38885
41274
38378
40588
40390
38156
40656
40913
37931
37508
39806
39070
39028
38745
39006
38022
37222
39554
39572
40251
40896
37385
39755
36650
37375
39953
41093
39042
39011
36767
38807
41304
39014
38847
38337
41262
37241
39994
40337
40175
37674
38572
41045
40959
37633
37367
37983
38557
36613
37863
37452
37143
39439
40518
39898
38920
39458
38947
37962
41230
39186
39105
36893
37121
41047
36838
40301
38909
40614
40194
36455
38714
39053
40631
38913
41081
37525
37378
38197
38267
36491
39690
38067
41407
39687
39305
38082
37417
36898
37858
40805
38860
38180
37444
39779
36854
41255
37559
39915
41209
39693
37760
38171
38891
41175
38636
41395
37219
36980
38459
40388
37228
36630
41297
39584
39362
36722
39546
36975
38026
40010
40569
36490
38615
40836
37038
39477
41354
40154
38754
38087
36837
41286
40524
37256
36865
38347
39469
37143
37094
38463
40018
38223
38099
41390
41058
40307
40043
40865
38977
37322
37740
37987
40752
40888
39026
37231
38221
38301
37816
39069
39908
39671
37418
39775
38197
38728
38493
40695
40666
38502
38139
39566
40415
37379
38086
40292
39360
40105
37640
37843
38925
39358
37577
36539
40783
38861
41126
38135
40741
38215
38103
37521
37020
38046
40881
40516
39135
37363
40267
37954
40894
37305
40251
37060
39487
40091
40212
38235
38558
37933
36769
36844
37199
40483
39583
37443
38668
36444
37378
37879
39890
39194
36510
39157
39965
40026
37544
38779
38030
39682
37282
37417
39048
40485
38905
40693
38966
39031
39579
40540
37509
36714
36495
38888
37835
38375
37545
39496
40262
37795
37999
38751
37303
39211
37838
37852
39027
39432
40358
38235
40336
36506
37378
37598
37243
39131
37933
40614
41079
39699
39225
40080
36619
39551
41419
37683
38433
40822
41259
38123
37906
37994
39793
40321
39308
38793
36728
39845
36518
41287
38484
36458
38797
40566
37278
41341
38809
36429
39761
38318
37655
38303
39913
41401
37059
38482
39309
37390
36754
39835
39946
40422
40943
40181
39999
36657
40214
38037
37364
39317
38785
37532
38825
40951
38096
41204
40409
40142
40263
37188
38871
37903
37549
37611
38616
40807
40914
38123
37236
40666
36723
36504
38241
39204
37693
37304
36546
36766
39475
37456
37234
37420
38271
38469
39133
41173
40851
39850
37727
40058
37433
40051
38050
40944
39116
41041
40466
40720
39433
38918
39921
36903
39973
39019
37975
38858
37979
37155
40705
39504
39799
40796
40987
38373
38808
39628
39241
37369
40858
37713
39258
37002
37534
38351
38790
37789
39978
37294
40269
36699
37296
38901
37667
41112
38032
38165
37307
40469
39092
38462
38979
38505
40723
39751
36510
39270
39401
38012
36802
38725
39660
39575
38702
39838
38617
39206
39687
40567
39194
38983
36584
39820
38969
40660
38254
40747
38365
37785
38925
39025
37185
40950
36746
40226
41036
39100
37955
36893
38127
40962
38017
41404
39790
40150
40590
39310
39545
41004
41359
38265
40757
40493
38204
37675
39560
36709
39742
40246
40432
37389
38337
39602
40652
38288
38385
36764
38855
38188
36544
39528
38288
41358
39073
36903
36847
36784
37834
40384
37758
38430
36631
37935
39461
40376
36485
39659
39587
36700
38051
38374
41370
39858
38977
41437
40190
37090
38091
41077
39139
37891
40949
37715
39875
39498
39795
39709
40347
39571
38876
40682
41294
36886
37294
38625
39450
39107
38532
37886
38199
39719
41259
40788
41362
36847
41309
38485
39646
37182
37190
37054
36693
39028
38997
39601
39109
38975
37660
36829
41431
40124
37123
38406
40303
36744
37608
38533
40784
37112
37525
36775
38913
40526
37794
37188
39197
37141
36946
38677
39734
38905
38748
40293
36568
38674
38317
38681
38712
41074
40137
37772
38803
40560
38529
38802
37401
38096
38171
41301
38509
37389
37582
38731
37387
38179
41383
39684
39281
38755
38844
40960
40725
39974
37237
40737
36953
38979
39546
40806
39085
38567
41139
38986
36557
40166
40237
38198
38828
39259
38963
37640
37882
36475
39013
39209
37144
40672
37400
37503
41021
38194
37600
38687
40370
38848
41174
41143
38937
40000
39828
41143
40203
38388
41424
40491
38496
39665
37754
37798
36603
38680
36988
41407
40698
37535
37980
37691
38571
37522
37217
37839
40553
39029
40241
38609
36475
36435
38741
41087
39114
36769
39501
39139
38071
40885
39807
40745
38318
36644
40843
37569
39861
38590
38034
38515
38556
39376
39272
41301
38658
40863
38039
39781
40971
39880
40036
39966
39092
39993
39625
39435
36646
37082
39367
37067
36881
37427
38761
37271
38434
39397
38459
39675
40316
39641
38577
38118
36858
40238
38272
38704
37565
39880
40014
38716
36491
37361
38636
39642
38449
39155
39748
38674
41053
40477
37965
38977
36564
40684
39341
41418
39072
39560
38670
36710
36859
39862
38901
39568
37804
40814
37594
36790
38498
38118
36978
