37078
37332
35925
37371
35777
36761
36637
36821
36695
37242
36212
38746
37877
36837
37313
37867
35733
37716
37163
38282
38209
36415
36417
36384
36454
38665
37964
36158
36301
37371
38085
35959
38320
37487
37725
35738
37188
36886
36289
37090
38462
36883
36568
35906
38460
36774
38159
38730
36548
38025
35642
38055
36401
36554
35671
35643
36375
37045
36751
36814
36922
36639
35989
38460
38101
36732
38553
37872
38185
38479
38313
37975
36199
36988
36117
36691
36344
38551
36290
37130
36396
36974
37916
37168
36318
35709
37786
38555
37796
37762
37868
35614
36430
37382
37574
37906
37591
35866
37336
37892
36291
36524
37211
38239
36091
38390
36598
36993
38597
36793
36977
38041
36669
35689
38123
37871
36886
36935
37159
37185
38072
38347
37349
37278
38145
38662
37994
35759
36621
38110
38434
36612
35779
36076
36370
38777
37341
37586
36550
36251
38306
37920
36400
35951
37039
36600
37858
36589
36639
36892
38230
36844
38578
36355
38371
38667
36502
36762
35996
36918
36676
35833
37777
38356
38124
36509
36198
36763
36220
36494
36068
38669
35953
35632
38117
36455
37196
38607
37637
38293
38136
37335
35906
36621
38333
38013
37021
36039
36180
38064
38243
36230
38334
36176
36436
37445
37127
37702
36496
37814
37211
36594
37224
38297
35616
37027
36591
36400
37655
37633
37706
37908
36254
36463
36553
37474
36859
36846
37755
36220
36203
36677
36006
35680
38192
35678
35901
36428
38594
35761
38624
36840
38454
37476
36621
37433
37364
38488
36649
37394
35831
35710
35983
36056
38118
38761
37265
36265
36920
36602
37081
36877
37567
35615
38689
36000
35631
36993
35754
36355
36920
38068
38401
38139
36922
36997
35838
36311
37202
35938
36465
36538
36314
35743
38750
36159
35742
36388
38404
37172
36937
37087
36043
36782
36916
38251
37241
36218
38680
38393
37352
37484
36292
35728
38460
35795
38722
35749
37330
37486
35944
36574
35771
38259
37791
37575
36811
35739
37899
36984
37790
37415
36625
35764
37957
37963
35774
37203
37330
38481
37052
38117
36619
35982
37064
38573
38683
37898
36093
37243
38639
38713
37106
36362
38069
38042
36964
37250
35793
36432
37593
37620
35835
38492
37551
37888
36610
37049
38096
36047
36547
35623
37141
36134
35741
37100
37811
38368
37492
38615
36345
37558
36741
38327
37133
38691
38430
38487
36912
36419
36381
37932
35652
36916
37454
36036
36167
36188
37604
38731
36696
36557
37199
38137
36158
36059
37011
36547
37232
36111
37627
37776
38752
36260
37100
35712
37685
36477
36064
36518
36728
37261
38143
35972
38694
36501
35928
36474
37309
36680
38592
38318
35966
36193
36263
37237
37427
38335
36023
37295
36668
36168
38385
35646
37499
36796
37927
35828
36811
36732
38593
37257
37639
36248
36966
38301
38224
36539
35833
37897
37015
36805
35976
36110
36582
37590
36380
36751
36245
36188
38093
37859
36476
36416
36705
35670
37355
35738
36719
38501
36594
37523
36922
36773
36598
38575
36098
36742
37242
38657
37613
35885
37401
38661
38329
38431
36883
36842
35782
38419
36020
37746
38694
36990
37910
36606
38334
36681
37254
38432
38046
36914
35919
36256
35793
38520
37149
38659
36000
37788
37528
36383
37003
38207
37235
37364
37039
36830
35653
36696
37393
35855
35805
37879
36157
38082
36688
36616
37655
35881
37768
37807
38744
37431
36767
38038
37793
36230
35771
36491
35770
37439
36394
36087
38651
37819
37493
36414
38437
36362
37687
36990
35953
36028
38199
36530
38081
37485
37610
36102
38117
38247
35781
37292
38753
37040
36199
37768
38669
38187
35613
36093
38253
38387
37174
37698
36236
36141
37394
37728
36952
36129
36539
37338
37123
38181
38075
35644
36818
37456
36947
38196
36992
37951
36252
38088
35923
37665
35924
38435
36661
38006
36872
35873
38544
36524
38428
38092
36892
36913
35921
37868
37163
38383
38072
38417
37908
36819
35746
38218
38071
38271
35691
38590
37669
35976
37944
38622
36639
38370
37348
38444
35681
36229
38555
38720
37082
36358
37170
35853
37277
36377
36967
38276
35987
36010
36835
35614
37327
38022
35825
36689
37060
36966
35780
35832
37682
37364
36472
37965
38717
38203
36751
35943
36920
37710
36180
36734
36951
37857
38254
36672
35997
35692
38496
38481
38163
36239
38234
36872
38735
37635
36112
35665
38644
35817
36755
38103
37609
38179
36075
38408
37903
37672
38333
35639
37189
36113
37663
37555
36722
35672
35847
35691
35813
37637
36883
37533
38515
37220
35768
38266
35761
37066
36431
36354
36677
37913
38443
36225
38617
35991
36432
38191
37597
38396
35699
36347
37108
36152
38060
36717
35911
36859
37096
35637
36000
37621
36105
38573
37127
36997
38569
38734
36127
36481
36769
37757
38270
37296
37255
37841
35663
37861
37998
37105
38713
35631
36897
36693
36714
36729
35963
37174
35937
38097
38559
36946
38152
38502
38468
37343
38173
36507
37396
35913
36210
37896
35806
37781
37046
37422
36206
37613
37993
36013
38260
38216
38407
35936
37038
36214
37754
37299
35798
36118
38760
35726
38310
36344
38291
38232
36041
36475
38238
38504
37896
36358
37156
36662
37160
37046
37144
36289
38318
36576
35635
38338
38338
37343
38211
36045
35849
36524
38246
36114
36276
36593
36315
35902
38313
38432
35844
36386
36307
36550
37082
38083
36075
37533
35803
37949
36640
36529
37287
38778
35741
36552
37320
38693
36084
35645
38256
35624
35624
35619
36048
36794
37532
37214
38522
38375
37165
38754
38214
36507
37264
35922
36823
38389
36662
37988
37777
36674
36529
37342
36038
36494
37758
37703
37935
36314
37752
35783
37718
36432
37047
37125
38653
36800
37048
37468
37154
36323
37521
35765
37463
38229
38706
38267
36715
36295
36727
37992
38319
37449
37009
37901
38399
35602
35995
37124
36584
38531
36003
36910
36640
37000
38564
35613
36486
38428
37416
38649
35987
36140
37755
37642
37529
37898
38598
38264
37679
36003
36113
37872
37939
37402
35941
37099
35607
36878
37759
36397
36949
38035
37628
37594
37547
35674
37232
37728
37442
35726
38435
38164
37744
37850
35804
38495
36384
36798
36353
37072
38716
35874
38044
38589
36395
37150
36316
37317
35668
36640
36412
36685
37823
36716
36871
38246
36516
36161
36041
36852
38182
37667
36249
38055
36590
38138
36392
37583
36379
36442
36859
37609
36757
36072
35617
38016
36178
37721
37612
37701
38632
35872
37924
36736
37289
37690
36450
36141
37641
35837
38556
37890
37276
36219
36768
37052
37183
37929
37432
36092
37080
38449
38529
37981
35671
35700
36483
38343
36741
37684
36089
37085
37280
37766
36829
35964
37759
38051
36398
37076
37016
37215
35979
38185
36840
36327
37968
35976
36234
36191
37979
37813
38341
36704
35773
37509
37561
37588
38056
37516
37120
35678
36771
37345
38564
35917
36113
36560
37944
35868
37906
36375
38119
36738
37505
36837
37737
37603
37637
37753
35922
36901
36341
36038
36407
36662
38188
37046
36857
38632
38603
38171
35962
37547
37213
38453
37113
38265
38325
38097
35723
35673
37389
36095
36347
38364
37627
35994
36478
35819
36385
36738
35745
37451
37866
38025
37811
35788
38345
36721
37325
37917
35899
38404
38470
38690
38706
37473
37044
36119
35797
37836
37473
36448
38447
36577
37721
38648
38595
35772
36703
36964
37768
36224
37374
36108
37339
35781
37460
38071
37164
36394
38428
36358
36334
38344
37621
35935
37041
36463
38750
37025
36101
36790
37258
36440
35721
36548
38521
36021
37446
38539
36932
37629
38765
38447
36791
37464
37167
36485
36376
37509
37617
38040
37023
37415
36058
35624
36209
36039
36434
36187
37211
35985
36748
36640
38119
38706
35685
36331
35735
36068
36441
37270
38450
37164
36416
36204
35909
35950
36734
36165
36931
37837
38423
36523
35703
37032
37185
36213
37454
36075
37550
38163
36169
36619
38589
38579
36055
38721
38361
37616
35964
36451
36992
37561
38686
36139
36770
37713
38670
38497
38076
38393
37781
38478
38555
38734
38109
35872
37356
38743
36921
37525
37426
38337
38300
37404
36812
36842
37852
36479
36358
37131
37348
37270
38216
37148
37084
38455
36344
36933
35851
36333
38516
36797
37947
36435
36034
36436
35645
38377
35707
35823
37007
36081
35751
36368
36149
36019
38682
36918
35904
38337
36798
37266
37253
37174
37155
35647
38351
37375
37828
37563
38286
38458
36263
35865
37098
36460
37532
38428
36363
36895
35904
36575
36649
37481
37250
37536
38544
37331
38219
37372
37689
37378
38179
35957
37510
37108
36547
38219
38084
37824
35997
37065
38059
36619
36084
36464
36601
36727
37017
37323
35708
35692
38166
36970
37779
35646
36725
37607
38075
38243
35765
35977
36767
37067
36375
37377
37572
36124
37433
36723
35954
36153
38677
38516
37604
38732
37407
36062
36895
38286
37576
36997
36341
36589
35703
36394
37452
38218
36510
38236
37678
38267
37779
37654
37105
38016
38082
38660
38446
37142
35796
36098
37533
38387
35669
36663
37613
36275
36755
38685
36810
37487
35726
37926
36328
38367
38599
36121
37761
36762
38073
37285
36829
36092
36366
36310
37212
36886
38371
37139
38023
35760
37767
36822
37831
37814
35986
37907
38724
36992
36934
38434
37510
36247
38069
35876
38502
37970
38691
37543
38664
36331
36584
38128
37977
37214
38085
37878
36064
38725
38229
37320
37215
37738
37230
35838
38278
36523
35659
37437
35886
37455
38317
36674
38685
37720
38525
37801
36800
37834
36373
35924
38400
36385
38568
36233
36113
36780
38348
38480
37492
37171
36117
38272
38034
37773
36099
38582
37929
37431
37942
35773
36953
38748
36092
38265
35959
35840
35789
38770
35621
38707
38773
37892
36076
36094
36758
35896
36400
38193
37487
37881
36720
36558
37457
37301
37599
36260
37173
37577
38598
35787
37157
36648
38258
36600
37898
36998
37542
37872
37236
38163
37307
35871
36219
37472
37859
35759
37534
37568
36838
35614
36067
37020
37461
38545
37374
36826
36977
37911
36694
35906
36394
38303
36783
38398
35602
36428
35990
36365
37923
37158
37240
36285
38224
38383
36424
37819
38282
36685
36896
37223
37763
37523
35733
35777
35767
37793
38767
38139
37597
36684
35976
37071
37302
35898
37784
38511
37781
35994
36889
38568
38271
37612
37666
38633
36328
36434
37914
38427
35842
35660
36015
36293
37685
36905
38664
37656
37751
37479
36151
36848
36255
37409
38518
37104
38154
37935
35709
36234
37481
37866
38319
37075
37644
36783
38678
35823
37144
35788
36516
38139
37006
36466
36652
37085
37759
38757
37703
38163
37185
38418
38572
37196
36779
38142
38638
36903
38491
36289
36540
37433
36363
36827
38741
38207
37983
36250
36754
35941
36268
35615
38470
37678
37082
36867
38340
36521
37436
35938
38676
36497
35812
37984
38107
36244
38280
36429
36513
37487
37759
36919
36043
36458
36217
35892
37704
36034
35685
36669
37782
36900
38450
38603
36696
38124
36846
38630
38399
37109
38383
35821
36905
35890
37134
38442
37524
38471
36537
37709
35649
37054
37574
36307
36300
38512
37074
38011
36822
35631
38243
36252
36854
36184
36478
38590
36433
38319
35989
36293
37365
36480
35612
36548
37413
35658
38056
37943
37582
37698
38596
35916
36290
37982
36549
36347
37965
37893
38044
37713
37579
35735
37145
38697
36792
37876
36674
35605
37375
38730
38338
37615
38454
38721
36097
37628
36634
36025
38716
38287
36654
35924
38340
37159
38301
38025
37132
36347
37390
37136
37153
38358
38262
37448
37034
38770
38656
38707
35741
37637
37318
38692
38116
37727
37180
38487
35630
38001
36481
38187
38042
35827
38725
37847
35721
35741
38544
36821
36663
37933
36713
35784
36506
35611
35994
38420
36773
36445
35788
36593
38195
36677
36725
36546
36768
36347
37239
37727
36337
38005
36118
38037
38155
38370
36044
36629
38282
36629
37799
35696
35742
38600
36813
38742
35764
36717
38318
35768
38737
36360
36530
35916
38108
35899
38750
36767
37028
36919
36746
36488
37955
37393
35712
38476
36427
38529
37515
36017
38411
36636
38386
36151
36645
38199
35667
35970
35922
35843
36207
35682
36128
36389
38138
37066
37526
37630
38218
36867
38616
36460
38708
38034
38262
36896
37140
38611
37437
36143
38715
36375
37576
37655
36962
38480
38024
35753
37095
36006
38104
36527
36992
37349
38691
38063
38052
35616
36020
38392
36397
37582
38368
37335
38041
38606
36751
36605
35860
37164
38707
38460
36184
38508
36780
36934
37265
37343
35997
35798
36665
38289
37687
35754
35644
38763
37948
37789
37261
36428
36463
37344
36713
38059
37798
37766
38123
36271
35937
36222
37518
38014
37363
35915
37870
35824
38396
36488
36012
37272
37024
35898
38023
37757
35758
36872
37594
37827
36637
38273
38587
37154
37098
37672
35656
37586
36167
37263
36277
36627
38084
37388
37192
37796
36914
35891
38459
36038
37711
38128
38014
37270
37613
36914
38202
37509
36464
36171
36393
36580
37600
38287
38737
36629
37474
37047
38725
38703
36611
38661
37049
38422
38080
37002
35797
38272
37736
37318
36253
36200
38498
35905
36298
38484
36583
36254
36046
36729
35622
38760
38432
38652
38230
37498
37302
36635
35607
37166
37038
38282
38040
38717
38756
38167
36589
38509
37807
37019
36157
37054
36167
35863
38594
36869
37892
36817
37528
38643
37065
37623
36694
36058
38579
37985
37379
35878
38073
37416
37552
36126
36649
37481
37653
37409
36165
36158
38661
35929
38325
36180
38598
36358
36448
38611
37420
36117
36935
36385
37866
37724
37033
36546
35857
38462
35742
36125
37800
36023
38300
36955
37370
38412
37159
37633
36519
38709
37093
37674
38370
37615
37082
35925
37706
38556
35635
35680
37006
35933
38213
36054
38395
38382
36839
38176
35881
38733
35994
37482
36555
35718
36554
38024
35672
37323
38481
38720
36690
38668
38373
37497
36726
37121
37417
37263
36131
38430
37560
36793
37494
36147
35618
37937
35973
36565
38645
37455
38647
35809
36682
38066
37149
36525
36591
36179
36689
37275
37304
38328
35828
37538
38394
37940
36252
36914
37634
35955
38196
37826
37569
37944
38244
38485
36421
37919
36544
38314
36895
37791
37061
35690
37625
38746
37029
36503
36002
37632
38643
37858
35889
36393
35729
35988
36728
38735
38218
37606
36590
35958
38183
37464
38102
35941
35826
38337
36708
35815
35781
37594
36084
36354
36809
37343
38660
37096
36473
36855
38111
36935
35873
36057
35896
38302
36178
35995
37536
37909
37576
38224
36327
38120
38330
38239
35957
38128
35634
38724
38089
37090
37854
37449
35934
35706
38553
37761
35707
36141
36292
37365
36526
36880
36662
37593
38763
38397
36407
38440
38044
36339
37303
36706
38367
36320
37933
36577
37219
36298
36811
35677
37072
37412
37078
35770
38357
36150
36804
35855
36343
38348
37930
38127
37347
36991
36734
35824
36686
35662
35910
37765
36944
37252
37174
36280
38244
37353
38134
36565
36630
36186
38303
36201
37535
38514
37055
37756
38170
38551
35936
35924
36808
36804
37801
38285
37750
37107
38099
38055
37867
38775
36580
35850
35627
36536
35942
37770
36726
36109
37037
38523
37994
38334
36869
38777
38407
36818
35794
37047
38322
36093
36184
38068
35650
38626
35871
36063
36612
37509
35692
37046
35958
37204
36163
35863
35906
36773
37917
36462
36609
36859
36461
38766
36519
36133
36357
36968
36332
37103
38523
37697
36145
37929
38677
38205
36377
35709
36299
36503
38748
38288
36828
37379
36659
35704
38130
38019
36703
37162
38666
36159
38179
37900
36023
38133
36067
38591
38091
36700
38408
38581
38407
38583
38093
36263
36128
36986
36220
37772
38333
36536
37355
36225
36850
36165
37796
37324
38024
35752
36345
37269
37166
36283
38746
37736
37105
36710
36100
36157
37921
36017
38492
36286
35772
37707
37990
38371
38746
37429
37435
36433
37888
36277
36746
36290
36156
36095
38363
36993
35839
38699
35845
37939
36834
36496
38633
36324
36970
36871
38390
35756
37320
36643
38128
37011
35626
36733
37491
37964
35667
36774
36851
38027
36919
37937
37344
36630
38111
38558
37518
35997
38621
36592
37526
38007
38290
36494
36263
37717
36686
37330
36346
37541
38310
35634
36396
37507
36434
36811
35994
37680
35719
36578
36842
38650
35713
35657
36933
35688
36824
37273
35621
37850
38591
36585
38163
37870
38409
37337
36659
36789
36554
35679
36193
38697
37059
37385
35732
36752
37093
36342
38566
38316
37569
36693
38731
38604
37890
38417
36124
36442
35688
36849
38607
36879
38359
37008
36160
38149
38418
36119
37878
36309
38690
37114
38360
35883
36904
38007
37838
37492
37166
36247
37264
38079
36644
35805
36428
37416
37402
37756
36114
36460
35837
37635
37368
37093
38044
38291
38242
35924
38519
38371
35797
38320
35636
38666
37387
38302
36809
37591
36237
36015
38651
37289
36846
36590
38026
37153
38262
36472
36310
37031
36714
36345
36788
35685
36786
36251
38437
37112
37659
37270
38763
35883
38597
38679
37764
36307
37471
36371
35876
37179
38240
35833
35757
37433
35938
37801
37786
37030
38034
37419
37848
36388
37086
38228
38597
38329
37399
36392
38142
38423
38276
36240
37453
37231
38413
38329
36012
36768
37643
36202
36154
37410
36397
36715
38164
36371
38656
35644
35688
36275
36246
38483
36868
37435
37287
37415
36434
36228
37110
38281
35651
38412
36246
35815
37631
37967
38014
38237
38239
37490
36717
38216
37786
37251
38331
37181
37192
36360
37489
37885
37075
38405
37869
37604
37201
36264
37777
37891
36496
35953
36417
35848
37016
36041
38415
35632
37723
37247
37592
36416
37675
37660
38051
36703
36289
37387
37544
36314
37468
38201
37177
36563
37583
36258
37736
38355
37184
36705
37722
37202
36765
35830
36964
38537
35915
37400
38272
38393
38134
35896
36542
36001
38268
37164
38541
38105
35901
38028
38535
37268
36140
37433
37731
36477
37176
37445
38699
38535
36929
36965
36560
38028
38521
36041
37045
37206
38276
37939
38409
37388
36706
38502
35713
35955
37815
36361
36358
35807
37259
37974
37702
37921
38096
38333
37993
36454
37597
38482
38624
36413
38658
35721
38641
38322
37868
38059
37911
36420
36278
36357
38310
36698
35630
36149
36641
36807
38137
36296
37822
38545
38022
36456
38116
36855
35844
38398
38122
36863
38705
35722
38104
38653
36422
36422
37131
38148
38678
36429
37642
37001
37927
37729
38140
35609
36659
37681
38080
35925
36201
38212
38175
36441
38714
37930
37373
35807
35656
38005
38659
36151
37215
37927
37985
37101
36392
37810
36297
37208
38252
36915
37457
37380
38188
35812
38278
37158
36306
38465
36147
36535
38727
36301
38191
37690
38080
36150
38499
37912
36221
37991
38023
36545
36366
36178
35763
36778
36302
37727
37239
36688
37689
37071
36267
37003
36815
36828
35919
35920
35717
36368
35727
35733
38275
38218
38532
38393
38761
38531
38356
36339
35911
36928
38519
35776
36194
38619
37063
38412
38392
37627
38597
37817
36740
38755
37549
38423
38621
37555
37765
37088
36092
37114
38152
36444
35687
38518
36034
36668
37661
35987
37494
37443
36448
38155
38693
35904
35815
38322
35878
36017
38435
37195
35810
37237
35609
38396
36756
37749
37599
37890
35938
36838
37389
35957
37622
37934
37876
38597
36705
35995
37349
36099
36674
36293
38686
35873
37157
36963
36110
36284
38033
38059
37220
38465
36619
36491
35683
35970
38199
38398
36502
38672
37265
35803
38316
37804
35813
36728
37885
37516
37681
37602
38048
36668
37795
38283
37491
35951
38589
36582
38285
35753
37003
37933
38171
37499
35671
35860
36865
37012
37811
36403
36366
35929
35856
35806
36978
35733
38000
37905
38184
37375
37071
36136
36086
37035
37180
36835
37401
37722
38541
37143
37834
36070
36753
37921
38162
36053
36278
36805
36544
37323
36298
36847
36050
37962
38573
36310
37352
35646
36688
36450
35829
37874
37028
36891
35652
37412
36311
36393
35919
38105
37107
37292
37137
35989
36813
38013
36557
36688
35863
38614
36143
37636
36827
37947
37498
38690
36260
37822
36686
38573
37846
38295
37052
37497
35703
38175
37909
36835
38674
35671
35777
37530
38455
36053
35964
36375
37166
36540
36668
38762
37172
36678
35855
37479
37284
36891
37284
36117
36045
35667
38602
36183
37470
36877
37810
38230
36160
36560
37930
35617
37524
36016
38265
38429
35734
37563
35943
38711
36584
36003
36389
37759
38131
35831
37012
38455
37112
36473
35926
38167
37451
38175
35914
36687
36941
38241
37376
37679
36168
36673
