7953
7566
8218
7416
7372
7263
7828
7899
7219
7220
8129
7292
7371
7773
7326
7579
8137
7479
7321
7758
7566
7788
7716
7768
7931
7746
8043
7268
7925
7662
7278
8247
7737
7573
7317
8120
7667
8035
7620
7516
7358
7931
7685
7760
7930
7210
7775
7578
7216
7941
7463
8128
8148
7742
8142
7325
7998
8070
7984
7698
7825
7376
7450
8152
7365
7631
7213
7371
8261
7782
8151
7537
7587
8102
7318
7886
8044
7462
7173
7207
8188
7330
7768
7482
7677
7997
7418
7797
7923
8067
7238
8182
7394
7834
8177
8061
8208
7692
7497
8036
7926
7445
7369
7589
8080
7405
7442
7823
7305
7596
7851
7882
7687
8053
7806
8105
7325
7236
8073
7428
7767
7725
8102
7621
8216
7771
7464
8028
7355
8044
7814
7696
8042
7737
8131
7303
8178
8063
8240
7421
7492
7571
7838
8086
7348
7882
8045
7202
7544
7212
8089
7831
7941
7848
7625
7481
7497
7459
7200
7995
7378
7725
7866
7703
7607
8182
7920
7903
7517
7524
7673
8058
7395
8214
7880
7761
8220
7528
8116
7244
8012
7514
7874
7313
7332
7793
7731
7716
8225
7603
7461
8118
7214
7767
7353
7665
8235
7315
7575
7235
7974
7273
7249
7843
7725
7356
7256
7523
7869
7240
7793
7828
7877
7223
7190
7765
7308
8146
8017
8106
7373
7770
7418
7370
7424
7887
8186
7251
8258
7715
7601
7640
7716
7576
8174
7493
7737
7657
8052
7447
7919
7466
7357
7660
7663
8103
7966
7835
7420
7489
7205
7921
8159
7704
7869
8187
7506
7699
8161
7737
7491
7437
8206
7469
7777
7803
7550
7579
7966
8159
8060
8203
7185
8192
7677
7360
7449
8090
7502
8088
8143
7349
7268
8229
7451
7550
7234
8129
8151
7270
8096
7999
8222
7735
8244
7726
7881
8255
7397
7286
7226
7594
8260
7396
7431
8133
7239
7287
7391
7827
8193
7196
7783
7698
7487
7859
7410
7928
8184
7984
7689
7968
8095
7935
7854
7767
7997
8155
7464
8104
8073
7455
7428
7417
7743
8037
7639
7244
7395
7945
8116
7261
7448
7844
8034
8178
8044
7180
7222
7839
8123
7857
7797
7352
7277
8186
7934
7465
7415
7294
7484
7490
8086
8000
7405
7797
8038
7192
7969
7383
8188
7672
7693
7963
7736
7825
7176
7567
7325
7525
7287
7873
7217
7279
7919
7218
7540
7540
7544
7391
7557
7795
8061
7326
7911
7442
7733
7564
8166
7365
7378
7289
7440
7178
8098
7671
7735
8023
7383
8032
8210
7304
7291
7190
7754
8259
7393
8192
8016
8261
7712
7788
8184
7879
7676
7753
7244
7423
7839
8006
7456
7384
7538
8064
7865
8178
7323
8190
7194
7909
7983
7472
7335
7724
7752
7490
7648
7722
7779
7556
7540
7776
8107
7681
7528
7844
7676
7358
7344
7459
7843
7640
8193
8077
7436
7618
7206
7318
7747
7187
7605
7177
7956
7822
7219
7988
8080
8229
7804
7689
7363
8036
7365
7981
8068
7441
7582
7935
7872
8122
7635
7500
7519
7965
8136
7862
7954
7838
7350
7853
7309
7867
7875
7522
7255
7209
8128
7827
8014
7596
7337
7988
7217
7436
7725
8077
7892
7771
7876
7568
7822
7739
7486
7882
7241
7495
7635
7171
8019
7626
7210
7172
7202
7984
8258
7172
7173
8020
7328
7598
7913
7811
7381
8092
8220
7263
8026
8211
7608
7800
7367
7413
7878
8178
8209
7272
7223
7650
8249
7951
8071
8008
7229
8251
7451
7748
8213
8165
7608
7232
8179
7458
7527
7487
7245
7448
7536
7609
7387
7688
7379
7331
7420
8039
7261
7998
8250
7881
7501
7971
7475
7569
7948
7778
7777
7493
7476
8119
8119
8257
7284
7639
7654
7710
7502
7602
7465
8046
7259
8100
7844
7541
7628
7891
7698
8133
7655
7692
7720
7975
7569
7745
7794
8224
7850
7819
7479
7861
7275
7604
7945
7550
7825
8089
7912
8253
7595
7751
7951
7693
7709
7254
8252
7239
7634
7566
7677
7538
7789
7309
7376
7744
7265
7544
8222
7840
7751
7421
7694
8235
7359
7928
7338
7919
7330
8140
8013
7239
7402
7470
7469
7385
7713
8245
8068
7325
7319
8190
7252
8009
8146
7451
8127
8069
7584
8091
7241
8173
7186
7514
7238
7666
7845
7517
7479
7778
7901
7308
8189
7562
7420
7179
7506
7489
7394
7811
7909
8064
7966
8223
7326
7741
7693
8102
8110
7191
7270
8050
7870
8261
7721
7641
7239
7486
7302
7486
7377
8141
8143
7656
8042
7606
8110
8113
8258
7473
7599
7894
7284
7380
7732
8248
7659
7759
7839
7357
8170
7210
7985
8139
7320
8249
7879
7885
7383
8104
8229
7181
7773
7990
7579
7564
8154
7723
7607
7840
8075
7515
7376
7893
7304
7428
7559
7589
7555
7731
7726
7236
8017
7658
7210
7971
8110
7658
7850
8165
7746
7806
7546
8061
8119
7421
7307
7256
7972
7681
7410
7636
7260
7566
7568
8259
7496
8139
7686
7795
7867
7690
7558
7180
7319
7689
7245
7509
7858
7969
7213
7492
8034
7637
7224
8005
7931
7563
7678
8103
7765
7184
7191
7607
7898
8007
7325
7232
8126
7914
7376
7788
7352
8164
7380
7509
7274
7987
8234
7178
7412
8125
7552
8019
7248
7569
8164
7900
7176
7405
7536
7555
7593
7610
7176
7907
7514
7295
8255
8111
8211
7267
7331
7331
7646
7534
7795
7531
7896
7575
7597
7646
8010
7537
7230
7642
8049
7662
7821
7189
7557
7879
7542
7403
8047
7498
8065
8067
7759
7796
8092
7283
7688
7661
7205
7244
8181
8065
8100
7794
8152
7684
7445
8187
7851
8131
7231
7263
8045
8089
7591
8151
7505
8011
7852
8028
7828
8006
7372
7993
7556
8206
7242
7884
7605
7768
8159
7707
8229
7802
7620
7555
7728
8178
8146
7206
7861
7848
7286
7793
8128
8106
8170
7891
7207
7819
7544
7685
7529
7194
8063
7800
8165
7882
8104
7523
7794
7988
7428
7951
7440
7848
7596
7184
7519
8206
7464
8216
7207
7669
7806
7892
7976
7801
7868
7249
8144
7215
7898
7891
7865
7306
8165
7195
7328
7288
8114
8182
8068
7454
8075
7588
8076
7502
7633
7874
7776
7318
7572
7886
7942
8077
7637
8051
8124
7894
7665
7340
7239
8229
7404
7967
7557
8035
7849
7342
7792
7971
8218
7802
7601
7313
8011
7580
7951
8174
8046
7640
7335
8199
7268
8213
8139
8012
7386
7240
7452
7635
7601
7948
7902
7913
7841
7876
7185
8104
8041
8165
8214
7833
7693
7467
7366
7186
7287
7447
7443
8078
7257
8083
7432
7349
8163
8199
7859
7622
7674
7662
7221
8216
7827
7833
7328
8175
7454
7518
7763
7929
8211
7844
7227
7772
7910
7537
7178
7396
