54486
53678
53033
52885
53668
53215
52959
53317
53357
53821
54460
54538
53313
54249
53861
53423
53941
53611
53972
53110
54408
54262
52957
53297
54491
53796
53410
53197
54054
53174
54099
53802
53366
53566
54525
53449
53337
54005
54280
53314
52961
53552
53841
53154
53007
53251
53727
54205
53510
52911
54038
53375
54272
54112
53668
53587
53597
53393
52799
52929
53260
53038
54012
53685
53995
53189
53197
54507
53089
53772
52827
53718
53490
54096
54306
53428
54430
53934
54057
54498
52979
53808
53660
54530
53947
53527
53311
52959
53392
54083
53106
54459
53033
54207
53334
53051
53860
52894
52854
54038
54128
53769
54262
53182
52809
54519
53218
54103
54411
53309
54527
54305
54059
53454
53746
54482
54158
54096
52854
52787
53808
54504
54318
54244
52930
54369
53614
54277
54290
53832
54274
53295
53228
54332
53327
54102
53272
53037
52764
53564
53421
53524
54118
53095
54521
54527
53085
53063
54511
53552
53963
53720
54274
53861
53019
54222
54005
54308
53100
53486
53053
52850
53010
54345
53230
54127
53556
52997
53639
52951
53865
52919
53394
54118
54473
54151
53843
52974
53593
53813
53196
53416
52999
53242
54545
52934
53281
53336
54106
53333
53008
53200
54552
52911
53368
52796
53397
53087
54095
53898
54103
53090
53211
53157
53773
53805
52941
54218
54382
52917
53623
53289
53381
54453
52953
54319
54472
54070
54131
53504
53685
53260
52921
54536
53933
52872
53045
54218
54321
54212
54062
54184
54557
54238
53852
54018
54554
54252
53464
54431
54422
54538
53997
54282
53995
53473
53970
52887
54459
54083
53386
52835
54253
52984
52976
53119
53859
54256
53752
54468
53188
52953
54114
54351
54027
54152
54086
52971
53940
53254
53006
53147
54530
53393
54199
53715
53818
54174
53711
54469
54102
54220
54111
52808
53047
54427
53380
52995
54544
54454
53773
53246
53527
53550
53632
54428
53783
54325
53103
53099
53226
52753
53111
53128
53865
53148
54494
54344
53882
54164
53665
53072
53071
54221
54110
54354
53964
53868
53374
53781
53103
53444
53044
54161
53918
54103
52745
54265
53520
54402
54357
53556
53100
54071
53276
53071
53161
54140
53575
53739
54441
53436
53709
54052
53477
53107
52975
52812
54373
53265
53400
52838
53361
53649
53990
53437
54156
53004
53509
54268
54428
53158
53483
54304
54064
54142
53068
53524
54017
53758
54005
52979
52905
53674
53335
53926
52983
53807
53331
54356
53864
54246
53217
54453
53133
53073
53612
53546
53003
54000
53657
54112
52999
54110
54475
52964
54157
53054
54551
52956
52915
53956
53111
53740
54190
53531
54067
53531
53852
53345
53724
53014
53612
52801
54414
53435
53603
54164
53669
53110
54350
54077
53541
53170
52834
53272
52938
54402
53923
53720
53825
53871
53996
53471
54043
52934
53661
53547
53086
54085
53912
54537
52929
53579
54552
53168
53800
53543
53177
53763
53596
54344
54118
54106
53861
52823
53037
53706
52976
53810
54052
53066
54478
53013
53028
54467
54115
53429
53472
53307
53410
53868
53445
53346
53595
53200
53365
53833
54303
53642
54281
52762
53336
53933
53719
54398
53722
52957
53374
53648
53983
54509
53951
54413
53602
53277
54176
53647
54338
54424
53831
53911
53854
52800
53233
54020
53025
53627
54082
53451
54382
53525
53306
52793
53877
53655
54265
53817
53539
53034
54238
53786
53364
54068
54339
53036
53903
53243
53540
54061
53590
53037
53375
54202
53008
53426
52754
54177
53655
53154
54215
52869
53841
53396
53428
53660
54511
53720
53263
54109
54549
54272
53579
52991
53174
53153
53710
53465
52996
52745
53490
53261
53551
54339
54241
53668
54549
54206
53639
54440
52895
52968
54029
53519
53749
53406
52753
53086
53611
52901
54456
54504
54465
54485
52886
52922
53799
52948
53252
53515
52890
52894
53585
53134
53766
53658
53674
54216
53992
52796
54341
53869
54087
54464
53385
53483
54396
53019
54239
52928
53586
53424
54438
54548
53126
53291
53530
54324
54266
54522
54171
53082
53353
53421
53617
52862
53930
53075
53998
53549
54494
52915
54222
54418
53442
53669
54406
53978
53897
54065
52977
53227
54385
53730
54431
52949
54547
54412
53035
52811
53011
52909
53334
52900
54538
54514
54099
54248
53613
53300
53853
53324
53716
54329
52949
53365
54129
54101
53716
53101
52831
53357
53091
54266
53306
52882
54415
53817
54076
53566
53981
53678
54115
53451
54284
53861
54324
53359
53920
53396
52941
54397
54117
53397
53193
53003
54421
54538
53360
54345
52977
53875
53211
54113
53182
53731
53305
53979
53715
54441
53390
54255
54361
53151
54211
53222
53701
52898
54202
53402
54226
53080
53299
53419
53056
54069
54349
54026
54044
54397
54489
54144
53993
54132
54231
54498
53886
53582
53740
53396
54086
52823
53248
53157
53106
53681
52771
54228
53799
54034
52815
52777
53611
54071
54495
54381
53830
52808
52761
53040
53207
52865
54415
53833
53944
53413
53777
52921
52952
52904
53512
53606
53142
53374
54094
54399
54098
53780
54117
52912
53031
54027
52780
53561
53636
54277
54118
54463
54394
54271
53946
53216
52902
53616
53826
52935
54360
53990
53546
53037
52890
54222
54479
52972
52879
53957
53767
52901
54299
53908
54269
54079
53777
54047
53385
54115
53651
54389
54480
54272
54268
54307
53370
54150
54124
54379
53662
53088
54430
53872
52753
52772
54427
52763
52827
54146
53202
52998
54199
53944
54386
53959
53037
54039
53090
53434
53461
53488
54225
53267
54238
53744
53173
52848
52853
52969
52862
53213
53378
53174
53106
53206
54423
53482
54462
53776
54171
53546
54353
54085
52784
52798
53964
53149
53365
53666
53253
53767
54295
53430
52938
53199
53692
53064
54085
53785
53063
53731
53751
54079
52986
53971
54351
53769
52936
53502
54023
54346
54183
52766
53176
52857
53372
54247
53276
53370
52998
53594
53146
53918
52977
53158
53867
54085
54241
54301
52902
53563
53814
53626
53440
54285
53397
54539
53898
53809
53522
54343
53369
53919
53981
54515
53747
53701
53244
53007
54258
54322
53330
54302
53326
52750
53241
54131
54250
54130
54320
54121
53327
53243
52984
53110
54386
53511
53688
53277
53422
53358
53674
54347
53938
53645
52871
52903
53842
54057
53674
53813
54098
54294
54313
52935
54299
52823
53535
52942
54223
53111
53158
53699
54065
54257
53677
53357
53015
52796
53001
54489
54267
53458
53429
54446
54293
52821
54183
53377
53036
53780
53897
53991
53451
54043
52802
54007
54283
53809
53036
53882
53164
54033
54035
53613
53595
52917
53312
53128
53995
54537
54253
52746
53659
53804
54294
52942
53249
53745
52984
53882
52863
54404
53999
54184
53971
53002
53034
54535
53614
53457
52813
53343
53811
53621
54360
53017
53480
53712
53017
53538
52800
54178
53138
53567
52983
52792
53052
53879
54476
54201
53036
53843
53131
54274
53497
53434
53323
52933
53581
54482
52836
52955
54313
52882
54177
54338
53052
53297
54364
53070
53724
53051
53409
53909
53242
54541
52780
53291
53433
54324
54012
54396
53184
54398
53833
54060
54206
53239
53463
53102
52836
54111
54012
53905
52858
54051
53711
53106
54028
53244
53147
54496
53284
54537
53425
53003
54043
54265
53070
53346
54337
53967
54281
53176
53046
53384
54258
53139
53724
53979
54208
54102
53953
54524
53469
53135
52998
53383
52914
52849
53122
54120
54038
54261
54152
53480
53797
54468
53771
53835
53296
54439
53300
53013
53950
53455
53252
53507
54425
53042
53639
54114
52959
53129
54439
53511
53763
54543
53852
52774
53844
54066
53216
53394
53642
54124
53595
54068
53512
53013
54290
53159
53080
53052
53994
53743
53703
53148
53135
54510
54178
54350
53505
53134
54489
53578
54141
52993
53323
54062
52814
53550
52936
53092
53380
53485
53637
53117
53055
53522
53773
54472
53700
53997
53177
53889
53267
52898
54471
53864
54444
53639
53034
54259
53103
54124
52917
54008
52807
53197
53028
53585
53598
53263
53973
52827
53395
53091
52802
53205
52974
53629
53926
53133
54015
54242
54448
53486
53587
54357
52839
53562
53911
54269
53606
54443
53936
53485
53817
53248
52812
53188
53838
53313
53316
54058
53398
54451
54062
54424
53531
54517
53977
54556
52921
53984
53300
53865
54353
53033
53072
53360
53639
53415
53657
53347
52870
53578
53733
53504
54010
53510
53810
53730
53616
54388
54336
53890
54227
53913
53199
53392
54140
53650
53754
53791
53089
53918
54435
53337
54384
54404
54501
54397
53493
53855
53679
53654
54096
53989
52932
54309
53821
53519
53994
52798
52805
53554
54223
52751
54388
54080
54265
53227
52931
53901
53844
52833
53645
52820
53923
53812
53889
53632
53086
53639
53489
52908
53975
53511
53687
54078
53448
53396
53072
54366
52997
53662
53682
53489
54019
54538
53236
54112
53413
54107
54546
53838
53208
53007
53647
53590
54344
53122
53421
54278
53036
53645
52802
53071
53249
52767
52815
53336
53678
53238
52992
54382
53485
52765
54468
53310
53941
54197
54088
54355
54121
53062
54406
54256
53631
54509
54406
52829
53242
52969
53055
53980
52983
53051
52817
53850
54440
52995
54502
54461
53967
54346
53698
53740
53036
53359
53540
53963
52920
54445
53745
53668
53519
53384
52875
53636
52906
53268
53928
54458
53040
53344
53831
53487
53201
54253
53881
53551
53498
52887
53758
53884
52943
54050
54016
53023
53708
52998
53534
53251
53401
53498
53840
54225
54269
53641
53782
54287
53767
53044
53498
53846
53274
53111
52953
54115
53294
53331
53525
53274
54354
54498
53682
53315
53831
53551
53237
53014
52985
53749
54211
54199
54186
52747
53050
52942
54538
54438
54376
52818
52782
54234
54182
54183
54493
53246
53576
53757
53118
53522
54531
52826
53482
54273
52889
53555
53194
53673
53840
53493
52951
53188
54039
54400
54017
53193
53285
53527
54170
53801
53657
53083
54059
53050
54304
54070
54519
53633
53599
53390
52974
53907
54058
53605
53254
54519
53672
54366
54161
54415
52996
54334
54000
53056
54041
53204
54537
54266
54415
53641
54338
54300
53184
52916
53872
53523
53327
53845
54035
53450
53305
54129
53685
54109
54350
54371
54356
53496
54179
53324
53354
52808
52756
52949
52955
54422
53185
53371
53113
54512
53770
54350
53172
53368
54024
52922
53502
54218
53915
53016
53465
54017
53372
53833
54222
53975
54299
53569
53608
53874
53268
52952
53236
53768
52923
53188
53350
52980
54391
53676
53107
53369
52983
53041
53387
52903
53360
53347
53700
54281
53161
53366
53091
53171
54388
53663
53013
54168
53538
54366
53022
53122
53929
53749
53732
52824
54146
53505
53553
53534
53750
52807
53779
53797
54453
53017
53781
53504
54111
54359
52890
53899
54558
53378
53075
54364
54191
53750
53214
52892
53603
53929
53047
52972
52775
54253
53729
53288
53899
54163
52898
54082
52992
53040
54054
54437
53324
53392
53522
53398
54174
54106
53479
53936
53511
54201
53696
54549
53458
54082
53153
53757
52769
54184
53831
53945
54322
53743
54041
53115
54003
54172
52852
52852
54423
53485
54554
54127
52869
54147
54180
53310
54151
53711
53362
54045
54364
54448
53650
54000
54180
54103
54485
54417
53005
53421
54530
53862
54286
53374
53741
54387
53588
53815
52840
53453
53763
53300
53487
52875
53297
52772
54202
54033
53538
53419
53712
54181
53391
54188
54257
52763
54062
54486
53786
53871
53749
53603
54441
52970
54074
54552
53481
54143
53317
53693
54140
54268
54021
53304
52779
53487
53770
53266
53547
53415
53468
54166
52956
53365
52765
54106
52931
52927
54214
54055
54268
52864
53941
52872
53489
53325
54361
54442
53772
53887
53259
53477
53141
53991
52791
54300
54032
54495
54035
53347
53883
53985
53525
52852
53290
53135
