56938
56614
59009
59872
59068
58322
56914
56980
59029
59053
58434
56659
58293
59519
57475
60384
60371
60007
58924
59422
58045
60667
57034
58177
60668
56705
59885
59824
56678
60090
56804
58704
60533
57559
56617
59251
58934
58958
57222
60015
58954
58408
58969
57516
59368
59573
58562
59815
56247
57543
58604
56809
58080
59223
59705
60373
56529
56412
58321
60350
58097
60183
60638
59142
58258
58783
56986
57857
59975
59567
56455
57424
56925
58965
56349
59844
58364
56471
58944
58311
59526
59181
59266
59167
57255
58825
58427
60131
59090
57859
60614
60701
60593
58098
59468
60222
57216
59961
56370
56884
58491
56357
59678
57504
58215
57497
60071
57809
58088
58304
56775
56157
57716
57037
56243
56705
57520
58699
58970
58112
58481
60404
56299
56892
57709
57290
57046
59180
60023
59639
60258
57046
59331
56614
59762
57975
56257
57246
58344
60646
58759
57429
57926
58835
57124
56234
57647
59033
58699
60597
56213
59471
59888
58571
56552
60301
59383
57079
56295
59453
58367
59614
59812
58387
57990
57687
56686
59104
56206
59628
58578
60264
56584
56453
60600
59137
59437
56324
60575
56885
57325
56687
56109
60080
59312
57804
59415
59571
59036
60596
57027
59763
59418
56524
56723
59614
56856
57558
59191
60574
56838
57190
57409
57037
59455
59678
57156
57300
57208
58120
56559
60472
60229
57768
56955
60171
59589
59506
59119
59829
57740
59588
59714
56417
59110
59580
59678
57583
57301
57388
56919
58575
56693
56748
59685
56220
58821
59251
58203
56885
58453
59861
58464
59078
56404
60589
57987
59062
58977
57922
57854
56364
58908
58933
59604
57212
58800
57717
58484
59365
60658
56300
60309
56116
58569
56886
59851
57923
56133
57867
57544
57063
58470
56380
57188
57508
57371
56890
56107
58965
60248
56143
58964
58819
60394
60624
57765
60019
59559
56332
57013
56849
60651
57492
56345
60269
56173
60621
57926
58060
57397
57967
56376
57820
58778
60103
59966
58973
56402
58190
60562
57982
57181
60376
58037
58999
59834
59011
59601
57734
60608
59543
57438
58224
57252
57802
58625
57349
60433
59154
57396
57906
56104
57210
60081
59474
59145
56875
57645
58906
56240
60098
58366
56840
59587
58839
56259
57942
56347
59087
57484
57974
57909
57694
59411
59057
60341
56844
56762
60688
60620
56384
59132
59236
57704
60121
57687
57662
60201
60269
60117
58526
58938
57059
59072
56909
56959
59625
58360
59122
59904
58839
56838
60165
58385
56641
57450
60213
57841
57093
59419
59062
59033
56912
57844
59221
58656
57912
59373
58440
56175
59351
59356
57533
58461
59705
60215
58278
58558
58534
56191
58672
60246
56400
58324
56441
58752
58163
59356
58580
60214
56101
58634
60152
58812
56332
59395
58105
57620
58981
58178
59437
59232
57935
56725
60086
57995
60640
58941
57880
56303
58178
56902
60497
56445
59729
56695
57197
57259
57807
57486
57287
59099
60446
58684
60473
56374
58806
60622
57928
58653
59315
58712
57076
58175
57546
56866
59828
56349
58828
59414
59967
58772
59745
60039
60576
58767
56131
57091
57449
59618
57512
59099
58286
58235
57747
56862
58283
59638
56165
56747
59968
58509
60066
60274
60468
58772
58601
57231
60126
59877
59756
58908
59496
57239
58519
59885
57658
60433
57778
57983
59900
58137
57897
58788
56879
60567
59985
60156
56348
57314
56422
59040
56945
58241
59368
58124
58619
56397
60044
58752
56301
56624
59816
56734
57992
58404
56137
56557
56929
59129
56949
59078
56654
58042
56899
56435
60109
57480
56456
56787
57153
58348
56572
57629
60570
59139
60159
59021
56455
57647
56516
58037
56676
60312
59006
59302
60303
56374
60557
57434
60254
57413
57558
58743
60039
57295
60524
57754
58900
57914
57325
57657
59540
56360
60704
59227
60512
60699
58559
58436
58291
58097
59656
59936
58141
56655
56558
59649
56297
58212
59014
58366
58832
57139
59078
56996
60010
58632
59669
57458
60606
56465
59802
59570
56766
60189
60644
58836
58031
58120
59668
57374
56390
60659
59435
59903
56986
58326
59994
57643
57204
56847
59586
57754
57599
59233
56496
58095
58183
57240
59735
57617
59809
58702
56841
56097
57672
58684
58425
59339
60373
56208
56404
58468
60493
60423
60468
57852
57846
58912
58698
57605
58624
57837
60062
57634
59850
60495
58165
59455
58296
56151
58321
59433
57740
59079
56178
58675
56195
59367
56209
60029
57638
58389
57716
58378
59767
59067
60200
58280
58083
57783
59249
59906
60118
58804
56643
60120
60476
57504
59655
56567
60605
58469
58678
60557
60661
58541
57307
58322
60479
58168
57225
58814
58352
56921
57587
56102
60615
56429
58259
59383
59256
57756
60636
59299
57098
59941
57285
56180
58271
57996
56166
59191
56142
57966
57448
58952
56828
58294
57615
60485
59191
59518
57421
58766
57239
56238
58849
60410
59751
59323
58219
57887
56318
60228
60273
57656
60544
60216
59274
58123
60042
58695
59097
57491
58247
59745
56898
57818
59245
56698
59721
58781
58452
59474
57209
60504
57509
60021
57339
59063
60028
59189
56204
59595
57664
58749
57137
57394
59049
59990
58850
58383
60344
56328
59602
56392
58567
60012
60171
58449
59556
59661
59239
56103
57227
57188
57143
59189
60474
56983
59936
58750
56547
57683
58710
56622
60370
56564
59475
58714
58302
60269
56496
58643
60336
59274
57127
59164
58287
60218
60133
58082
56250
58523
60158
59619
60265
57797
60016
59812
56209
59480
58430
59663
56579
59137
60228
58157
57629
58599
60257
58276
58558
58321
56407
58057
60356
60201
57566
60043
56975
59047
56813
59379
59651
59106
58733
59247
60029
58502
57804
57379
56881
59504
57139
60213
60621
58357
57577
57632
56423
60567
56404
60176
57319
59767
57532
57229
60365
60181
58563
56671
58370
60027
56558
59934
58459
57621
59921
56507
56156
58748
56570
57691
57434
60659
56346
60167
57329
58982
56936
57838
57190
57990
58102
60450
60159
58548
57755
56553
60438
59861
56562
56268
57643
56589
60556
57119
57087
58266
56123
57264
59606
58856
59948
59275
56581
56892
58867
59700
59000
56824
57169
58276
58172
60440
57787
60293
58417
56633
58025
56775
59246
60283
60402
59721
58944
58428
56676
59855
58155
59287
60389
59229
59918
60263
58416
59906
58220
57709
58614
59631
57207
60017
58938
57176
58139
57544
57070
57940
58416
57323
58471
57831
60238
59554
57538
58168
59228
59288
59538
56612
57503
58433
56124
56683
59125
56140
57949
57860
60021
58186
56742
60026
60002
58231
57332
59659
59838
59889
58280
56808
56307
59188
59063
58675
60407
58127
57106
57126
58682
56803
60339
59236
60652
56284
59213
58710
57300
56186
59370
58894
60439
59264
58519
59807
59501
58796
57372
56258
60087
58018
57940
60143
56262
58421
59302
60515
58116
56631
57281
56792
56191
56610
56939
58607
58465
59057
56219
57682
56922
56570
56425
56472
56512
58029
59441
56108
57590
58843
60135
60325
56151
58933
57002
56131
57220
60622
57490
58255
60331
59145
57489
60568
57555
59548
60189
58329
60056
58521
56624
58111
60597
56372
59718
57136
56698
57357
56811
57307
60542
57655
56393
60690
59432
57739
59254
57331
58321
57477
58751
56493
57392
58687
60565
60441
60391
60389
57151
57314
57594
59184
57186
58601
57659
56403
57296
58789
60203
58996
57563
60326
58509
57226
59042
59659
60485
58884
60454
57792
59538
60056
60597
57192
59447
59418
56383
58174
56162
57595
58799
56533
56615
60153
60368
58531
59294
59569
56216
59966
60116
60174
59616
59224
59081
57501
57327
58509
59833
56989
59313
56323
56453
57242
60389
57606
59496
58791
58277
58215
57779
57907
58882
56864
57730
56528
58496
57809
60415
56420
58500
58748
57827
57001
56112
58027
58040
59790
59045
57124
56777
60312
57581
60092
56470
59681
56282
58932
57937
57870
56977
58017
58044
57059
60103
58475
57116
56600
56169
57253
60088
58387
60379
57842
58787
60665
57981
58609
56873
58378
60536
58671
59255
57591
57480
59811
60313
56600
56606
58863
57301
60672
57655
59402
57697
59211
59569
56339
58879
57977
57359
56386
56496
59841
59104
59548
57817
57974
56368
56458
59240
57533
56447
59307
59559
56994
57999
59782
59045
56992
58320
60324
60117
58047
60149
57227
59754
57370
59185
57189
56188
56637
59312
59074
59355
58037
58604
59490
58434
59934
57376
58089
58467
58765
58442
59875
59000
59886
56879
58443
57007
56419
56627
56668
56105
59516
56150
60048
59995
60134
59505
59341
56975
59500
59810
57999
56547
58045
59729
58707
60468
57731
57031
58328
59984
59700
56492
58884
58122
59477
59429
60530
58632
59669
59212
58695
59503
58954
58313
58152
60135
57820
58124
60152
57856
57390
56581
59731
57207
56901
58535
58148
59812
56575
56445
58047
59937
58489
59962
59119
56930
56981
58896
58195
58104
58538
57706
59187
57784
60533
58183
59117
57685
56351
58905
58340
59432
58282
58383
60458
56954
58901
59372
59211
56857
57218
60029
58612
56555
60666
59329
56652
57306
60285
57416
57778
57061
59625
58926
57392
57588
60425
56648
57755
60384
58134
60410
57906
59406
57899
60364
57083
58164
58743
57340
59995
60565
60608
57632
59311
58204
56604
58802
60318
60181
59028
58917
60202
58943
58796
60646
58349
56517
59844
59532
56457
60685
58387
57209
59380
56151
57598
60476
58809
56404
59557
58260
57214
58794
58941
60482
57279
57540
59635
60085
59326
60684
57015
56796
57514
58044
59737
60590
59570
58827
56819
57104
57933
57572
57816
57321
59095
59431
56201
60522
59578
58584
57234
59993
58584
58248
59354
56612
59510
60686
60227
56466
57874
60577
59596
59916
57066
60209
57843
59212
56188
59267
60527
58139
59583
56828
58676
58724
59333
58982
59899
56200
60126
58892
58655
57354
57111
58599
58585
58103
57725
58851
59423
59926
60337
58336
60048
60006
59701
58272
56950
56211
58616
59710
60552
57527
56805
58085
59834
57710
59147
59528
57583
56999
57027
57172
58699
59124
59371
59259
57884
56951
60222
58261
57252
56901
58264
57142
59573
59049
57298
56907
58804
59912
57566
56737
57330
57355
60088
60297
59997
56096
57001
59670
57738
57436
60570
57165
57001
58365
57794
58362
58722
60609
56837
59436
56453
57793
56770
56665
57373
59214
58239
60203
57232
56836
57290
60251
60387
56890
59717
60031
57551
58065
58121
58786
56644
58353
56472
57274
59756
59710
58349
59413
59592
58137
60646
60640
58639
60160
59800
56658
59604
59961
57538
59595
59654
59026
56537
59064
59131
57169
57096
57828
60370
60665
57497
56750
58345
56464
57091
59757
59440
59810
57511
59458
56158
58889
57871
57434
59923
59353
56405
57041
57411
56312
57614
57657
59040
57748
59997
60247
57006
60332
58383
59624
59509
56219
56410
59436
58957
59939
58404
58770
58418
58478
57985
58676
56471
58510
60250
57437
60096
57051
57129
58217
60595
57838
58917
60063
57223
60465
58314
59606
59029
58527
60023
58858
58098
58424
57330
59007
58424
60627
59860
56328
57775
60672
60366
57543
59778
57113
59385
58497
57755
60671
59472
58514
56780
58148
57185
60490
57111
59053
56088
56311
56762
60087
57599
57148
56145
56257
59655
57691
58117
60457
57139
56345
56701
58255
56831
57687
59490
59311
59237
57755
59516
59012
56269
58638
60425
57572
56878
57981
58684
58558
58699
58673
56232
59708
56426
58276
58412
59474
60082
56649
57706
56136
59576
60275
60507
57912
59538
60225
57570
57810
57603
58764
58747
58795
58788
56132
59900
56378
56181
56725
56323
58151
59063
58105
58489
59191
57096
57703
59676
59018
59229
57455
57005
60677
59775
60453
58552
60407
60439
60660
59593
56987
56324
60517
60644
58509
58197
56507
60577
60481
59526
60019
58221
57217
60195
60521
57539
57453
59198
57707
57452
58444
57936
56138
58322
59215
57392
59396
60307
59820
59528
58844
59789
59927
59915
60050
59218
57781
58051
56535
56114
59869
58424
56370
59610
57192
59197
58945
58140
58803
56094
56567
57616
57825
59831
56607
58890
60588
56472
59490
60659
58810
59639
60320
58173
57914
59769
60220
59982
58420
57885
59016
56803
57814
56940
57803
57975
59988
57203
58094
58469
57380
57202
56397
58209
59725
59953
60072
57287
59143
56366
60293
57009
58371
57457
58891
58308
57935
59189
60063
56215
56608
60430
59647
56595
60290
56814
59720
56260
60265
56440
57170
56953
58441
59330
59302
58112
56282
59506
57605
56158
58857
56858
59526
59175
56123
56636
56164
58928
59054
56844
59423
56700
59402
60684
59521
57132
60548
57081
57351
58896
59696
60590
56507
57750
59467
59256
59575
59592
59531
57463
58044
57934
58747
59721
56416
58073
56922
58711
60541
59652
59772
59514
56743
56289
57481
58026
60680
59051
56225
57870
58917
58545
60173
56279
56961
57963
60362
56178
60041
58294
56280
58891
58006
59015
58752
59616
58648
60403
58019
57486
60231
58644
58820
59506
60185
60065
56922
57930
59946
57221
56211
57124
60375
59802
57893
58705
59451
57993
58073
59505
58579
57783
56539
56152
56432
56264
58134
57746
59813
56412
59207
58431
60540
59195
56302
60115
60638
58755
60460
60646
60658
59500
58476
60284
60078
58083
57310
59870
58781
58614
58704
57198
57261
59476
58843
57268
60285
58783
58980
57298
58504
56903
57101
59338
56562
58388
58697
56594
57249
60097
57366
56853
59831
57980
56814
57290
56160
59842
58459
58121
57293
57577
56496
57239
60311
58338
60434
60371
57249
56527
56697
57118
59480
59163
58160
59298
56912
58454
58805
60531
57782
58529
57554
60315
57370
56693
60353
57108
59619
56593
58478
56412
59385
58221
59703
57402
60681
59868
59174
57002
58609
56701
58849
57648
59867
57912
58908
58830
59088
56171
58438
59660
57194
58467
59388
58730
59842
59336
59921
59440
58569
59924
56272
59844
57037
59607
57894
59799
56359
60426
58285
59409
60596
56912
60384
57925
56490
56496
59655
57869
59200
56925
58818
58752
57848
57842
57325
56931
56247
58551
57378
57790
56399
56178
58613
56913
59711
56329
58941
57624
60575
60591
56128
60461
58013
58847
60426
57863
57005
59684
59181
57211
56701
60222
57958
56156
59659
58358
57782
57288
57940
57324
58120
58682
59827
56349
57069
60300
58568
58735
58570
57481
59490
56790
60442
57473
56873
58890
60267
59716
57486
57203
58644
59721
60517
60323
57859
58939
58504
57213
58667
57801
56741
60170
56141
57020
57501
58809
58030
57488
60655
60055
56733
60564
57092
59619
57246
60032
58681
58200
57875
56866
58459
56137
59224
58927
59433
60082
59250
58495
58939
59255
56732
56201
60612
56747
60344
57612
58983
58877
56502
60200
57925
57815
56234
56596
60280
58287
59216
59924
59106
59530
58141
58618
56597
59945
60571
58989
58265
56478
57909
59411
56604
58930
58380
59092
56673
59910
57220
59370
59810
58454
56199
59883
59213
56431
58862
56437
60450
60652
56606
60649
57168
60475
60704
57354
57822
58049
56266
56649
57275
60206
57819
58012
56323
56235
56293
56318
56158
56162
59616
59013
57014
56614
57447
60470
60290
56277
58454
59374
58842
60400
60578
58267
57641
57802
58105
58852
57309
58085
57960
58990
60364
59118
59465
56353
58965
60098
57692
56114
59564
56664
59272
57628
59019
58747
57068
60537
59649
60020
58820
57279
59070
60591
57272
56185
59695
59579
56301
59867
60440
59014
60367
56253
56155
58479
56618
59001
57433
57666
58001
59092
57144
56410
56765
58140
58746
56285
57439
57009
56573
56648
57586
59855
59661
60084
59458
59402
59202
57713
60162
56770
57743
58167
59504
56201
58640
57500
59497
56368
59823
59372
56977
56731
59659
59257
59623
58530
56742
57607
59302
57185
59344
59900
56266
58230
57526
57375
59539
59928
58684
59976
59160
59211
59088
57563
60350
59918
59092
56397
59156
60700
58963
60077
58936
60630
58356
58909
56864
56520
56843
57016
56648
58908
58486
59679
56151
58098
60182
57680
60443
59082
59680
58902
58140
59119
56287
60161
59271
56150
57466
57779
56871
56125
56218
59390
60521
57971
59397
58757
60649
57176
57633
59940
59125
56318
56292
58396
56190
60199
60496
57101
59061
59006
58588
56097
56818
58960
59246
57440
56658
56739
59434
56550
59398
58528
60600
56600
59092
57186
58550
56404
59053
57644
59367
59098
59286
59624
56692
60637
60309
59232
60519
60298
59099
59495
59149
60226
57220
59812
59626
60108
59051
57840
60189
58318
60625
56426
58027
57961
57722
57313
56615
56994
58577
60680
58540
57219
57071
56629
56591
60403
56792
60140
59037
56444
57084
60631
58874
58906
58891
58629
60097
60310
57084
57998
56417
58843
57889
56378
59005
56948
59579
60329
59264
58269
60021
59643
59817
59991
58648
59629
57363
56651
56458
57580
59077
56755
56569
58141
56100
56622
58978
58291
60678
59628
59124
56987
59410
57017
59967
59411
56295
60261
59016
56193
56186
56988
59114
57441
58116
57830
57555
59265
56384
60517
57766
57900
58472
59722
58072
59528
58459
60406
58926
59453
57217
56261
58670
60115
57463
57946
60117
56631
58216
59142
58745
56462
58538
59017
59391
57942
60560
56387
57661
60007
58274
60662
59172
59876
60653
57335
59503
58136
59451
57711
60405
60095
60020
57111
59076
60572
57187
57645
60241
59712
57294
57784
59040
60155
59010
58971
56414
57574
60649
56768
59020
56136
58345
56769
56675
58052
56381
59187
56495
58112
57649
58220
56911
57275
60563
57336
57400
57410
57368
58283
60017
58145
58846
57544
57163
58887
59513
59417
59317
56441
58059
59399
60592
60648
57185
56462
56910
56634
57146
58930
59623
59349
59561
57418
56528
57834
58487
58811
58272
56781
58594
58018
57592
60656
56986
56108
59367
58413
56686
59958
57390
59514
57555
56097
58150
60192
57721
56624
56892
58183
57285
57346
59072
57991
60150
59194
58522
59831
57772
60321
56262
58489
56498
59212
56704
58345
56147
60485
60275
58842
57435
59533
57536
57611
57743
60536
59656
58957
58900
58686
59102
56510
58509
58375
58052
59337
56915
60035
60060
56659
57713
60038
58757
58436
56889
59727
56197
56667
56280
59989
57097
58192
59714
58819
56513
58960
58188
60511
57898
56134
60018
58399
56452
60417
60580
60241
59574
57521
58136
59365
59970
59588
56643
60572
58541
58870
59376
57083
59305
56917
60399
58472
56315
59582
60652
56385
57449
60406
60036
57477
56531
59708
59826
58402
59196
60110
58298
58123
60456
59634
59138
58509
58217
59961
58757
56162
60323
60069
56937
56203
59084
60107
58557
56660
60276
60600
58934
60642
58879
56942
57435
56746
58895
59731
60582
60500
58801
57587
59730
57682
59186
56261
58502
59015
58051
59210
59074
59830
57612
58951
57766
59818
59367
56771
58126
59843
56340
56228
56908
56531
58577
57206
57497
56530
56475
59746
57495
58498
59298
59649
58340
59634
57431
59207
60534
58364
58429
57797
58448
59860
59209
58350
58578
57349
60228
56181
57971
59829
57837
59024
56507
57189
58704
59479
56478
57181
58091
56672
58069
59211
56855
59172
59248
60625
59329
56858
58878
60414
60462
57488
60073
57431
59369
58105
57931
59141
59197
57025
57615
59713
58356
58106
59541
56474
60184
60460
57498
56958
58626
59790
60499
59444
57038
59886
60042
58028
56112
56759
58231
57056
57890
58374
58282
57616
60270
57105
58896
56580
56512
59736
56371
58966
56550
58086
58485
58372
60579
57538
57488
60377
59082
57058
60066
56542
60074
59325
60610
60364
59357
60665
57272
56309
56348
60336
58554
58282
56406
60420
60665
59347
58324
56462
59928
58510
58485
57150
59531
60516
59254
56322
60548
56799
59195
60440
58571
56276
58337
57316
57816
58755
57892
56416
60591
56976
56758
57164
59373
59219
56916
58292
58251
56166
58301
59380
59980
59651
57826
60440
58596
59359
59087
60406
56320
60222
56895
59912
58723
59719
56172
57530
57894
56411
56458
57988
59472
58378
58808
57444
57290
56450
57964
56944
56525
60507
60476
59471
58893
57282
59196
56770
59996
58774
60093
57296
59434
59596
56506
57606
56532
57752
57388
60015
59293
57750
60649
60116
59604
57015
58698
57748
58753
56635
60601
56159
57673
58058
56119
57493
57892
59208
57987
56099
56829
60665
56297
60207
58588
59290
58034
59617
58885
58819
57604
60038
57304
59195
58935
58063
59141
57322
59340
59822
59622
58125
59754
59644
59899
56859
59794
58716
56193
59379
60374
56468
60584
58270
56184
57611
59037
57859
59099
60525
59063
60675
56800
58663
57224
60291
56356
57383
58504
58910
57213
58557
59487
60033
56088
60295
56237
57209
59508
56245
60422
60380
57907
57767
60190
58049
60087
58710
57283
60223
57398
58943
59900
58363
60643
56459
59130
57347
57421
58346
57865
59121
59562
57487
57180
56432
58655
58751
58603
56354
58442
58127
56996
58975
59080
58888
57097
56306
58523
58542
58357
59512
58476
59040
57800
56948
56423
59582
57890
56808
57316
58297
59073
57979
56588
56565
59320
59791
58294
56145
56675
60460
59611
58745
56597
56478
59014
57796
57931
56136
57852
56260
60533
57639
58039
57518
57493
57354
58487
56139
60354
60454
58943
57372
58908
59822
60681
58446
56300
56191
58538
58914
60633
60275
58962
57226
58049
57183
57958
59788
60053
58758
56574
58590
60112
57388
56420
57260
60589
59673
59912
56642
56230
56758
57583
60202
58907
60184
59470
60632
57349
58061
57112
57815
56368
56291
58648
60418
59254
57275
57572
58994
59614
58829
60403
57242
59145
56422
59165
56098
57517
57820
56907
60004
56346
60296
59400
60596
57544
56721
56248
57965
58800
58876
57490
60220
59138
59304
56230
56109
59715
56774
56452
57417
56948
59002
58841
56089
60367
57676
58408
58941
59528
58658
58032
58683
57157
58757
60598
59726
59325
60034
60206
56089
58995
59331
56869
60667
60673
57150
60311
57275
56398
58873
58259
57340
58109
58646
56164
58783
57947
59122
56499
58907
57059
56197
57059
58727
56634
60223
60607
57941
60644
57284
57013
58317
56230
57197
58715
56669
59336
59486
57684
58668
57097
59287
57775
58680
58683
60494
59173
58055
56679
57202
60564
58332
58897
58654
56953
60014
56236
58494
60272
57417
57146
57618
60207
57611
56989
60442
59225
58279
57989
59171
58362
58750
60388
58099
58278
58963
59040
58474
56647
57676
56549
60502
59076
56207
56120
59946
58727
57330
56961
60660
56342
58317
57724
60253
59243
59455
60188
58498
59186
58694
56647
58877
57218
56154
59875
56837
58749
58285
59287
58797
60566
57117
59593
56214
56768
58665
60040
59330
57392
57442
60474
56898
60673
58933
56662
60576
56922
60039
57127
59689
60390
56543
58823
59764
56234
60474
57036
56492
60495
59256
59113
60619
59497
59581
58986
58608
56799
57800
59131
59685
60191
59962
59711
58183
59177
57277
58972
58936
57572
56139
59153
56528
58135
60597
59337
56464
56868
57047
60607
57543
59911
58600
58013
58855
56924
58940
59951
56209
58422
56764
59271
59138
58351
57186
58326
57809
57715
57884
59761
58212
57008
58670
58364
58710
56416
56839
58634
57516
59236
57524
60355
57392
60251
58942
59366
60115
58009
57242
60216
58373
60311
58192
60033
60322
57921
57633
60019
60496
56606
57885
57649
59635
57009
59659
59389
57837
60321
59171
60035
56135
59344
57367
56385
56316
60280
59935
60619
57592
59916
56196
57638
59522
60578
58241
57599
56265
58669
56350
59498
58927
60332
60091
58749
58721
58812
56439
58914
58903
60270
56248
57901
58695
58804
58838
56115
58219
60669
56642
59253
58560
59842
59533
60307
59262
57207
56352
59266
56641
58025
58312
56706
60537
58723
57719
59992
59916
56488
58434
56956
59024
58062
56298
56103
60526
57938
58383
56141
60521
58709
60650
56809
60622
56988
58731
59425
58048
60267
58281
56509
56851
57538
56648
57044
57967
57085
58081
57319
58870
59334
58061
56285
59812
59958
58493
59832
58687
58703
59411
58781
58554
57206
59920
57283
56320
58501
56454
60549
59135
59574
59058
58601
57655
57990
58090
56288
59263
56457
56398
56277
60399
57442
60636
57868
56424
58492
58949
57974
56537
60552
57134
57874
57942
58739
56862
57321
56245
59158
57401
58344
59929
59593
58487
58151
60384
56109
58091
60215
59294
58809
56399
57913
56806
56332
60556
59383
59689
57311
57402
57611
57484
57177
58565
59850
59147
59070
58561
59417
56493
60679
60651
57187
57318
57562
57926
57507
58725
59883
58644
60378
59030
56695
60620
56818
56778
57466
60537
58928
60050
57522
59020
58341
60211
60610
60169
59938
59090
56264
60596
59839
56560
57680
60202
59797
58977
59000
57147
59121
59166
58036
56448
57341
56588
59912
58178
59110
57167
59983
56941
57189
57629
58826
60296
56208
60691
58238
57557
57304
57585
59989
57516
60252
56811
59197
56965
56543
59576
60592
58264
56769
58036
58752
59833
57240
57567
60361
57681
57842
57039
57640
56502
57400
57418
57424
57192
58075
57586
60520
59427
60069
59717
59416
57374
56198
57065
60452
60512
57161
60177
56914
59110
57035
58672
59774
60699
56889
58658
58501
56153
58023
58169
58199
58072
58635
59342
60251
58748
57746
57332
58684
58444
59562
56731
57052
57415
59547
56432
56472
56624
59776
57885
58754
60349
57981
60528
58060
57215
58309
59014
58432
56191
58970
60219
59663
60039
56527
57104
57123
57644
58666
59279
56589
60172
59612
57195
57870
60318
56566
56234
59427
59355
57010
58358
59587
60668
58332
60559
56430
56157
60374
56205
59488
56911
56606
56570
59935
58303
57374
59069
58421
57560
58899
59324
58427
58264
59752
60299
58705
57714
59718
58111
60654
60002
56348
60187
60164
60597
58070
59839
57842
56751
58174
57651
58405
56837
59532
56384
59363
58059
58488
60078
59525
58088
58119
57336
58960
60391
58360
59522
60642
58173
58885
60277
60691
56562
56414
59623
60272
57891
57179
57128
60491
56690
58786
57621
57571
59601
56340
58847
56102
57274
58217
59291
56344
57826
56511
59002
57666
59612
59620
58642
59872
56557
57125
60382
58999
57104
56271
56216
58867
57538
57909
59678
57104
58868
60519
56634
58966
59586
57307
57636
58149
59620
60035
57212
59688
58711
59788
57785
57122
57472
57296
57938
58860
57684
56411
58286
56660
59734
58809
60444
60073
57547
57819
60625
56856
60500
57926
60518
58750
57095
58703
59128
59278
59941
56187
57461
57893
56309
59930
58367
56818
60264
56576
57208
57458
57403
58906
57931
56375
60675
57755
58709
56623
58337
60638
59484
56580
57465
58259
57888
60332
58069
57565
57007
58022
56293
58307
56165
56981
60088
57415
57935
59030
56739
57056
58120
57041
59663
59755
58998
56187
57803
59602
60127
58048
58126
58815
60159
59939
59067
60634
59333
58187
59548
57651
58958
60557
59321
58937
56720
60433
57224
59397
58074
59662
59032
56447
56682
56216
60452
60288
56123
56360
58411
60464
59526
59992
56575
57206
58915
57341
59863
59834
58159
56509
59342
60673
57351
60131
58744
59403
58893
58340
58369
58961
56485
58233
60453
59762
59627
58982
56715
60369
59559
57157
59855
57451
58366
59097
57218
56559
57300
57665
57392
60312
60058
58153
59144
57107
58169
58768
57059
57364
58139
59396
60313
60540
58847
57577
59524
59752
59290
59927
59820
59273
59439
56455
57154
56848
58514
59728
60690
59433
60081
58813
56720
59609
56142
57170
59785
57163
58208
58391
57005
60143
59616
57036
60404
60530
58988
60214
56866
56129
58742
57424
59856
57488
60217
56354
58365
59235
57281
56381
59703
56383
58464
56906
57235
60663
58423
60129
56902
57163
60140
60039
57364
57993
58059
57231
58402
59497
56390
58848
58297
57452
59855
60265
58829
58628
56831
60240
60275
60267
56720
60205
59188
57895
60132
59571
58809
56162
60339
57239
57454
58108
56441
59618
60210
59050
60373
56934
60010
57952
56927
57332
57903
57677
57948
57878
59975
57230
59022
58691
59409
58393
56979
58329
57552
56468
57394
57029
59356
59485
60199
56377
60066
60342
56520
59677
56521
59907
60555
57853
57011
60537
58393
59461
56218
60045
57150
59372
56871
57922
57765
58990
59331
56685
57100
57045
56410
57984
60144
57889
59289
59598
56756
58183
60237
57234
56333
56831
56264
59373
58198
57224
59826
57327
58896
57432
58066
56560
56556
56253
59555
59885
56520
57420
56503
58499
57059
59741
56177
57223
58191
58238
60518
56456
57465
56546
57540
57601
58877
59084
58610
59131
59599
60480
57584
58887
58590
57641
56387
60149
57644
59351
59574
59059
56557
57113
56500
58037
60051
57907
58710
57070
57738
57184
57904
58054
56323
58468
56248
58892
57965
57931
60677
59736
58011
60439
59613
57831
57281
60418
58136
60334
58570
59020
59260
59368
59066
57944
59687
58407
58020
56149
56322
60223
59642
56350
56925
59322
58798
59350
59436
56097
58840
57547
56964
58456
58076
57812
57931
56230
57198
56349
56273
56960
56480
60427
58949
60347
57702
58868
56973
57541
56931
59683
58140
59501
59803
56549
56259
56479
59333
59928
57982
57786
57870
59119
58710
56515
59047
60070
57927
57520
56315
58407
58862
58413
58855
60129
59274
58658
58318
56585
59522
58860
57890
57020
56828
57184
59161
57788
57882
60101
57483
58811
59736
59252
58591
60686
57079
57600
58274
60627
56682
57436
59262
59348
60568
59401
56833
59877
58182
56481
56890
56760
59606
59982
60053
57539
58743
57447
56254
56636
60248
57571
58446
57545
59558
57507
60363
60509
58685
57575
56773
56706
57594
59902
59241
58330
56444
59805
57825
57004
56279
57301
59564
56923
58348
59774
59395
59166
59569
60631
56194
56377
60638
58327
58181
57272
59146
57618
57864
56565
60661
59599
60410
58277
57412
59068
56399
59995
58554
57245
59225
56703
58604
59096
60363
59453
59735
57714
59637
58207
58301
59981
60625
57847
60348
58210
60155
60553
59242
58609
58938
59695
56509
58670
57191
58144
57010
