59623
55879
53073
54345
67005
66985
64565
63538
57412
58823
59030
64845
58472
57507
67449
56108
56858
55449
53718
62925
66517
58243
64618
56183
63009
67153
58202
53469
58732
54395
61312
58719
59642
60005
54591
62829
62867
53003
62145
66560
53252
62734
66043
53022
57704
62949
61513
61749
54893
66801
66829
65974
57798
64795
56625
58787
53112
60839
55119
64789
54030
65300
55650
61596
63900
65575
65709
61888
59831
54940
63758
53904
58243
54504
61925
53876
54724
58494
64763
58918
56129
66511
67373
62244
59791
54800
54618
56900
55152
65894
60406
65617
62562
61268
63485
63537
54303
57945
58383
66375
55225
59818
54293
60737
54116
58354
56791
58148
62824
55136
62451
57780
53397
60826
57144
61318
67707
55662
53425
59761
55371
62103
56426
58784
59689
62994
54584
55671
54725
66788
53869
57237
64976
63625
57007
58728
61017
66981
53793
64242
53256
54793
55610
55206
53304
53769
64022
59670
53268
56210
66012
66685
66844
53376
67351
54714
57982
53549
67545
66189
54160
59206
60164
53314
59462
63054
59522
62808
57229
53730
66463
54089
55249
67742
55543
58016
66712
55519
67430
61188
56280
59706
55774
66429
53638
61190
61363
57811
66328
60479
62786
62873
65791
66441
54946
57677
53179
56758
62688
62287
66549
67255
53035
66315
53617
61799
58111
59173
58210
63197
67125
57095
63993
59945
62467
66910
65685
66732
54298
64486
53741
62397
56477
54765
62079
53677
65563
54886
54298
61278
61066
54128
59508
53350
64696
63671
57678
62016
55922
65045
61437
59628
65069
54023
53190
60647
67240
60345
58522
54020
67275
65695
56180
55815
56001
58715
54294
55671
58374
67729
63805
57331
57814
59507
64315
62314
53063
59620
61546
63461
55731
56080
60772
55756
63370
63509
54494
56860
55914
55034
64605
62608
54585
65956
55936
54972
56083
61365
62863
61727
55266
63630
61893
53811
55342
67191
54017
62428
60608
54682
64305
63228
61593
54204
65084
53739
61871
61798
57797
56402
56510
62665
53014
63306
65173
67289
65615
59367
62160
66056
63713
55480
63040
56448
55064
53458
62749
66729
60478
57224
54054
62940
55710
58436
56278
62923
58039
58157
67391
56015
62615
67068
62101
59154
60699
67120
56050
58895
56162
54995
59601
54040
53961
59692
53901
54382
55403
64251
58247
62769
67093
61058
54801
54047
57446
62540
60338
55126
55574
53103
63527
62147
55699
55318
59763
60956
53988
65604
53059
59708
67376
55381
53738
67164
58559
63330
55150
63990
57573
65411
56508
62465
54908
61141
54512
53382
66737
53860
57805
57789
66327
57938
60681
63659
61880
55997
61114
61279
54617
56260
58598
65438
64808
64458
54780
57854
65990
58326
54860
61470
64741
66897
66487
61737
55950
56213
55951
53849
66144
66278
58438
57578
55955
53840
57563
58821
64102
62266
63669
54411
63224
64362
54916
53953
56248
60805
55172
64545
62904
54948
56403
64073
53211
65883
61535
61960
54475
54475
58515
67259
61868
67741
57568
67738
65985
64983
61203
63399
53688
57094
53161
59145
56229
65383
65227
67401
53786
54115
62414
67377
53013
57617
56627
66647
60724
58128
54713
56080
61405
59386
56710
63768
62168
61390
59007
54116
59149
65084
61291
56171
57973
67624
55424
62770
55753
59740
66942
58361
56786
56678
53016
62340
64627
66795
54394
53047
60971
59203
65629
55945
60393
59636
62865
55132
55225
63252
62646
63411
55134
64228
54405
54287
55166
54121
55791
61318
57344
63816
59800
65522
65328
56690
64303
54783
65158
60477
63029
65905
62903
57281
61989
67631
55749
67114
65238
55882
67626
60434
55402
53393
65218
57599
61339
55770
59144
56090
59451
62055
53817
60624
65985
66511
59727
61074
55613
61058
59970
55454
66179
56981
65723
62375
66810
66886
67447
58934
55249
54775
59028
66617
63428
64451
64518
58481
54100
62273
60745
62292
62307
64878
60821
53358
60619
55573
65768
60564
54221
54972
56853
61423
63498
60713
54473
53601
58440
54058
65904
53199
54261
65931
67542
67334
64745
56562
55108
58214
55245
58348
54532
64428
61801
61382
59584
62222
55311
62424
63587
59503
62466
61057
53400
58752
67647
64506
63522
55947
66399
58244
54257
58588
54409
59016
58861
57817
61898
62150
60571
54568
64991
54719
55013
58680
56201
61007
63674
63226
60930
65194
58063
62401
54026
54209
54817
65239
56813
63987
58926
54395
65314
59420
58585
55852
66884
54534
67539
65121
54129
65956
60710
66676
55428
65200
63249
53399
59859
54572
54978
53247
56059
55197
62894
58745
67331
54827
65508
53122
55757
59501
66244
55584
55850
65703
64359
54983
59067
54224
67174
53208
67704
62076
55924
57670
53467
62002
62317
59043
65568
66362
59614
55172
66251
57458
55012
56519
62668
66080
53380
61305
66353
63074
55297
63714
61468
53053
55489
55927
66367
53990
62740
55327
67384
64287
63739
57784
60064
55116
59664
62629
57230
53207
64303
60708
62586
63724
61390
66844
65630
66495
61698
64774
57043
57909
57594
55533
55889
64324
55860
53280
63644
58979
59878
64445
56827
55369
62780
53139
61871
64472
57218
61504
55680
58309
53320
66653
54384
61414
57060
62555
63398
64173
60878
59209
56615
66299
60438
55974
67245
59892
53329
65418
67258
65127
58942
66504
63038
61321
63833
55229
66406
60856
63821
60838
54863
57284
64101
54762
57827
65099
55125
59991
54282
61356
56292
55200
66828
53471
66395
67175
63216
55344
53700
57570
63333
67257
63850
59240
54828
59691
63022
61535
63323
59321
53040
55734
53683
66670
60602
56289
57255
57926
60399
56441
61222
67582
54056
64128
63061
59246
65896
60464
67318
64936
55213
58962
63088
63191
55598
53569
55088
57782
53768
60601
58852
56373
53098
65432
64097
55196
55745
58486
54566
56311
53579
65131
63595
61796
56831
53127
55621
53780
56107
60496
55535
63654
54392
59017
65694
61532
55495
60144
54815
66105
61989
64401
56368
57750
54729
54679
56104
63052
55301
53481
67575
61523
62042
65845
62183
55483
53970
65147
59897
53256
53265
62294
61533
57855
59059
60682
55786
64047
63721
55148
66150
60913
56923
53231
67273
60870
59235
53568
53295
64467
57287
59915
65182
61625
55552
62804
57431
52995
64670
66864
53668
63910
61561
61941
53037
61740
66853
61714
58849
65101
64931
66228
63867
53367
61394
59501
59859
64508
62955
60380
59741
56793
57453
58539
61839
53758
64172
57498
55859
63659
57290
66490
60570
67465
55856
59470
54192
60451
56683
56132
65142
58649
59584
55715
60440
53035
63380
67148
56140
65457
57939
61166
62672
53681
56726
54815
64922
62279
56983
53474
53291
53855
65367
55892
66338
65697
53240
53876
54860
67694
61231
55437
54403
56116
54569
66367
56616
63942
61995
55543
61057
59394
55517
53900
65723
61346
56398
53672
63985
56589
57983
64650
58645
67479
56041
62233
53973
55442
57309
57971
57239
59115
61347
57439
55946
58475
55095
59625
67467
67668
55224
55293
54461
54467
67409
65768
59763
54991
58841
62563
55424
64161
66684
67068
59595
65645
59630
66958
64833
55117
64624
53935
58835
53099
54803
59592
59148
65618
58430
62473
58759
57642
62107
65848
54604
63541
54910
55771
57332
63607
56283
55398
53229
56210
61327
67555
67074
54992
57005
58120
55108
57143
65720
62787
54380
64394
65411
62308
64682
54386
55906
63420
56308
60852
61608
56902
57179
61817
60080
67106
63857
61815
61263
60345
67137
65369
57929
65867
53519
53291
65720
53124
59997
56090
55579
56203
61843
63301
56977
63322
54387
60759
61990
62316
61303
63438
53000
56160
60051
58741
62371
64522
54725
66733
62360
61224
54753
55371
55863
56143
55110
62265
67068
57316
58955
63110
53751
66316
62023
59625
60055
61748
57525
55770
55920
53679
67642
54653
64526
57083
63208
57315
63830
53925
58141
67577
64902
59706
54551
60234
56546
56499
58605
63968
61590
64243
64667
55930
54582
57365
57374
59204
56218
60099
64823
58591
53830
55174
54816
60106
63628
61991
66424
62042
61989
64250
58948
59575
54693
56514
55422
57568
64569
61244
57545
54092
64808
56491
66857
61775
55495
56261
62079
56101
67581
65863
61117
63458
55134
64944
55017
56765
54751
54849
54913
54677
60977
64526
52989
64342
67284
63048
54577
54049
59107
56272
65358
55486
61497
65757
64836
61031
55746
59881
56538
66707
58631
64434
62583
58891
53631
61385
61929
53150
58977
65694
66486
56065
53623
62504
56140
62534
53370
57810
58588
54212
63828
62366
55622
60155
67142
66816
65381
56789
58879
62490
62317
64771
54088
65900
53964
56738
54317
54464
62210
53895
53539
62516
55761
58815
58126
65924
67145
53958
56741
58371
65586
57860
57229
59504
58010
67126
56315
66995
60168
59011
58953
65002
54127
67323
57246
64210
56094
64823
65241
56376
58745
55840
61727
57976
57114
64015
61380
60495
65367
60372
64186
65731
66055
55566
67721
64373
62352
62892
66918
67485
59980
53379
65862
60543
62257
63365
57679
61137
66165
55066
59787
58192
67145
65444
56169
58471
53349
64150
54920
54350
57257
52991
55500
67321
54210
54033
57836
58547
60375
59382
60033
54172
67254
61540
58709
53424
66220
64612
58641
61740
53146
63058
55051
64332
57961
67543
66151
61261
57695
59585
60177
55957
53856
62701
56233
61356
65864
53300
55898
59591
54716
65250
54955
54043
63106
55470
64987
67152
63378
63813
65409
53078
53016
58093
53196
63421
54002
64490
57215
54917
61796
66663
64434
59659
63907
65427
53881
54671
58782
55413
56115
55630
61585
63600
65735
63155
64602
57707
60933
58752
53470
58930
58109
55939
55260
63930
53552
55388
58899
65065
61088
55918
55194
53467
63631
53065
63577
55004
56775
63646
54209
59299
65848
60877
54771
54438
53372
54408
64099
62679
53765
59629
61713
53719
55233
54602
54772
61463
67589
55180
59683
60809
60784
54021
55927
65448
62822
62328
66977
62800
57627
60717
67136
59225
66019
54158
60247
54439
67201
67525
56774
60626
64385
54304
61466
65482
65514
53991
59152
66753
53478
60051
62015
67079
63357
64045
53831
61213
57344
55508
59895
57210
63233
67384
65471
55179
65360
59462
66689
67167
60303
55664
60162
61944
57152
53819
57146
59274
54660
53457
55963
58528
61410
63795
56375
65635
54226
60344
61173
58261
53680
60643
54458
65542
60495
53546
53475
54377
61273
61392
61689
63520
57391
57938
66097
62035
64706
63939
58678
55917
53115
62896
55075
66382
54506
54934
61663
66347
61076
62734
65461
55949
53117
58183
56997
58355
53988
54778
66907
55251
59976
53920
53147
64091
58424
54856
53552
63891
59607
58203
65675
61384
54572
61455
67334
52977
59365
61259
62259
60024
59569
66726
53064
53491
53245
60596
64528
58293
65318
53092
53115
55283
60329
57253
58456
57546
53761
54351
55569
65572
53973
64975
65858
66499
53925
53050
62778
55557
54790
60264
58851
64755
53532
63126
53544
53567
62579
55487
56258
55586
67635
55928
66917
62429
59826
60458
63784
59784
58005
65650
55060
62950
61756
63937
54653
60708
62621
64885
56810
54670
63713
67600
53401
62934
59593
58156
67079
58413
56966
59259
52975
57296
54469
60573
56996
57159
59561
57743
53517
56097
54237
54547
64728
62189
55548
65689
63348
59789
53057
64072
54023
59505
52976
65805
58573
66834
63731
55257
60445
60543
56954
56119
55886
57501
65861
57616
53078
57520
55624
59195
58272
66351
53472
60210
64094
53656
54802
67266
55040
67516
54864
60563
66434
58122
63895
53935
62103
53833
64558
53542
65472
64994
63972
53240
58626
65696
55716
64382
63626
58155
58945
62648
62223
54753
59296
61088
60566
61142
53513
67412
63013
59494
58022
55972
66183
57502
57480
58152
64307
66181
57662
64798
56049
54813
57004
60542
63709
63737
56442
64579
53136
62002
66542
63087
53669
66480
56570
53366
55992
59721
59283
54534
59593
56764
63346
66319
62601
66242
53638
57528
61863
53726
58094
59524
65556
67096
54589
53688
65989
65874
66413
60322
60607
58499
55638
63570
53506
56540
55490
56210
65602
57077
57199
65730
58851
56692
54082
53316
62500
54456
63474
65166
58322
66110
58994
54381
60739
65760
54275
64478
66031
56400
56841
67168
66076
52987
61907
59744
53551
65156
55604
54314
59266
64704
64213
62152
58088
66758
63346
65020
64418
65911
58772
62173
54217
54244
58640
53669
62875
64893
54460
60413
65894
57115
58261
56682
61136
55112
62515
60445
66502
52991
54337
66093
60969
53679
54152
64360
53836
64340
57423
62510
57818
59988
58665
57174
55524
62822
62841
56029
55608
55729
57170
66010
60407
58321
53472
55519
65649
56086
55302
63052
67028
53899
61222
55843
66729
56778
56520
55602
60706
56155
61863
62344
66171
59532
61747
64326
53020
58791
62615
57102
63826
54249
67676
54840
56038
53283
65055
53722
65922
54804
56354
61587
55542
62793
65555
62047
53984
53801
58129
53830
54227
53017
59989
56537
65870
56426
61514
60097
64529
56009
58845
60673
59813
60548
55369
66890
56529
63196
60466
53270
54449
57215
54110
60796
67651
59035
57845
55765
56638
64876
64043
67624
52989
54140
66373
55070
63733
55759
57297
66119
60997
61382
54086
67095
55069
66847
63163
67153
54337
55739
58519
53898
58482
55582
59260
65828
67181
54841
62165
56088
63844
66760
59503
62730
53551
58510
54199
58300
54838
55515
53550
64872
65691
57229
64177
63876
61238
54201
67740
61737
66782
66723
58056
61796
63968
65603
56847
67341
60245
67389
56230
57848
53627
61724
62963
60425
60241
64229
62731
63620
61706
54418
59085
61707
62115
56913
54125
60942
65727
53967
60836
56136
54028
65107
66076
59311
62732
57534
60900
63646
65661
66123
58144
62274
53685
66655
67137
60838
59306
60291
63732
60239
64193
58637
59539
65333
67519
64611
66589
57567
65052
57749
53614
61704
56511
55468
64868
54295
64879
61049
58345
57135
67287
53990
61830
56657
53913
61769
60517
62906
67732
65731
59000
62980
54055
64380
65641
53986
56248
65033
64920
66085
62245
65976
65883
58812
55415
55185
57551
60057
54969
67214
64740
63915
66281
65893
53081
59806
53534
58755
59116
60836
55284
54627
63234
64904
63218
66567
56596
55011
63886
57835
55215
67292
55712
66447
63856
59199
62341
61128
54642
66434
54932
63099
64740
57922
63927
60054
60441
65191
53564
55485
65081
58484
65926
64481
66701
64627
60024
59373
58746
54936
64667
66492
58559
55471
60741
57497
54282
55679
61607
65918
62586
53118
62438
67595
59049
64335
62594
66114
53737
54937
58876
57306
64152
67564
54982
57955
55046
53319
62828
57123
66081
53465
63313
55638
55327
64082
65001
57614
57635
55487
55410
64651
53690
62631
63254
55349
59394
61691
55569
64142
54014
67738
59994
54454
66071
67508
61746
53448
59974
60553
65076
65649
62015
56599
53475
56463
63498
65520
54500
54823
64072
63709
67648
60911
55360
61495
59411
58156
56037
55572
55644
56093
60253
62808
55275
65673
55098
55501
53306
65286
62727
59644
55110
55867
64403
67095
53206
56628
65362
66556
53652
62260
56183
57028
64540
65770
55241
67318
54191
62900
67304
53562
60182
66815
61530
56977
61720
59151
53639
66009
64687
63555
64268
63361
67267
60468
66365
61211
57565
56756
54589
54998
64283
56093
65919
67144
59153
54529
62237
57170
67599
55500
62396
55341
60143
65362
53010
64046
64331
53853
53138
58096
58935
63422
64473
67325
61098
54971
60400
66766
55138
60463
64533
57110
59478
53686
62920
56115
59311
63785
64874
63477
53798
53491
53696
60336
54149
56617
65553
66541
62415
56820
64795
56294
67441
54136
64913
56135
54122
54594
55488
66856
63826
66032
65421
54531
66496
64423
53238
60875
61755
63513
56189
53753
63260
64139
65137
63801
55629
56328
53532
65884
62743
64042
58752
55898
66908
56214
53874
57874
64173
64205
62129
56608
54600
63273
58992
67432
58041
55964
66437
53428
64114
56688
55081
60519
60013
58352
60221
61890
66030
61295
57851
64756
63384
55480
55063
63005
57494
57021
59396
53160
65317
58455
55215
61411
66135
66318
63386
56957
64071
53320
65073
53969
61381
59007
60493
64954
65383
58618
57508
53798
57142
65881
60783
56398
63341
63141
55704
54706
62628
53452
58039
66862
53453
61251
58842
61146
67278
62067
61573
55403
56422
61797
55719
64915
60430
54282
58497
55598
55434
58767
63747
56459
63738
53927
67391
65945
54668
55044
55965
63297
64191
55007
60041
59350
66651
57465
66549
54783
53392
61366
53517
60600
53717
60213
53240
64534
56861
53410
67486
53429
55503
55196
56860
64146
65445
58225
58929
64617
62220
64204
62490
55953
60405
54154
60757
55662
63599
58822
61104
62122
53528
62100
63677
54737
67291
55057
65299
55973
61896
67012
58035
59734
62374
64493
54224
54089
64970
55133
62742
62074
66479
66855
67433
57266
65007
64519
66509
59696
66657
55541
65098
67221
64397
60683
56484
58258
57491
62766
60913
54762
56604
55550
54694
56114
56216
60846
64785
60737
62207
64230
55584
56169
64429
66098
63860
59533
55466
54076
54865
61650
57056
56742
63296
54269
63606
53987
55527
55474
55189
60542
61333
55921
61287
57648
56195
65026
53365
55736
63695
53510
62145
60850
53795
66547
56051
66559
53757
60103
53160
54928
54867
61649
61939
67443
55410
62605
66290
53524
65246
60836
55037
56103
60575
61585
59278
62815
63754
66175
55570
57474
64508
61084
58220
61100
67180
61741
61159
65142
65611
59469
53236
60142
57818
63724
66948
54782
61858
54121
53159
53016
63422
57814
59121
58359
56117
65551
55007
64386
62034
58437
66473
54174
54315
53582
55942
53403
65856
53613
67396
60174
64246
58541
63540
54430
64036
65649
53835
55594
55350
66656
56843
55961
61820
62617
61936
64818
55114
53952
61159
66984
62545
65274
60132
53620
56866
63417
61377
53803
56447
64134
63016
55616
55980
65143
65167
62782
54987
54021
56642
62053
54933
67183
59570
66133
60857
55473
66815
58854
55488
56665
55550
61039
58832
57161
63069
66935
63913
53900
57025
62720
62352
55887
59770
65661
63450
67381
59952
66989
54691
56092
53888
63584
53532
55360
57460
63990
58031
54257
62581
53392
61024
55570
54679
61977
66194
55739
53296
58618
60859
65657
54564
57924
67459
62074
53619
62987
67213
60685
54826
60575
56607
62475
53460
55781
64481
53610
53211
67537
56491
65902
55506
61264
59792
65254
56428
65375
59484
55135
60671
58933
65511
53226
53318
65672
54954
62145
58842
53675
57050
65080
61991
59971
53432
66157
53448
59994
53841
56124
53047
66361
57059
57654
60440
59100
57752
58573
66392
59272
53426
53190
56847
67402
55637
62479
63033
66029
56438
67397
56758
66320
56396
64834
55688
65770
64961
59682
65699
55730
56843
53304
53134
61245
61761
53317
56831
67308
55020
58857
65797
62507
64286
52978
54743
54493
59918
63955
54368
53364
56706
57070
62569
54997
55312
54712
62255
63824
56002
56866
64149
62443
63267
54909
59209
61302
64094
53679
60376
55783
62388
66957
62958
59181
56953
56398
64020
53349
61420
63973
55053
66212
56360
63127
59426
59776
54927
60486
61170
60135
54681
64519
54410
55845
65217
56509
55020
55093
64040
57514
56136
65620
61196
53708
61853
67123
56857
65281
64937
53187
55921
61785
61269
54604
55033
57493
55538
54723
63111
62747
64844
57726
53699
66670
57864
62125
66800
53273
55971
60907
61576
61229
58257
54227
61193
53550
53620
59989
66768
57801
66975
62911
66098
65475
54832
58474
55325
54849
62131
55789
56236
62664
60934
64017
53974
63102
55956
61957
53893
54511
62568
53965
63833
57953
64969
63711
63328
66712
61117
67259
57862
61168
58182
54966
60106
66099
56136
56739
63362
60591
55031
63429
64776
54287
67065
60288
62202
54840
53251
53049
60898
65566
56766
56145
63363
66107
53837
57620
56775
62314
57677
67302
55354
63609
60351
60947
60027
59782
55399
63400
56851
67052
60257
64243
55332
57224
61257
64590
66039
56601
67028
58662
55920
66359
66659
64583
67411
61094
66675
53404
55024
53395
54227
64454
55394
55609
58155
58148
53412
55273
54600
66512
63356
63095
65608
66260
63696
63450
67339
56745
60481
60299
58668
64229
64289
54123
54382
57562
60606
53008
58912
53379
54612
63092
53314
56305
61931
55280
60502
65658
67527
59428
62704
57822
54300
63600
63075
58028
54768
64768
64134
62920
67048
57006
64842
66403
57337
61381
55544
66843
55047
65185
53311
67315
53581
64535
63553
55988
61711
62856
55529
61807
67548
60573
54138
54015
55464
58091
57416
54523
53915
66817
67737
55593
60102
63661
66745
67302
55673
53648
64770
59964
60732
62792
61507
62828
54818
62300
61934
57480
58860
66621
63453
55212
55626
58626
57583
67089
65077
62934
62881
64817
62634
62999
53833
53729
59835
59629
63814
63666
55510
61347
56966
63993
64301
53349
55432
65612
67617
63567
59824
55311
54168
54967
58723
63001
66888
63282
60375
57540
60219
54196
65540
66475
62840
53633
55726
53951
65573
54757
59563
53948
55020
62620
65757
59478
64287
53992
61230
58000
54326
53029
63853
65981
60836
55390
64594
58032
60278
60414
64345
55230
61736
54754
58889
62925
53107
54825
55180
53089
56163
54200
63384
58333
54925
53846
65084
59601
61334
63199
67577
63912
54468
55109
54758
59629
54421
58336
56684
61741
64739
57648
67071
61051
58228
67563
59405
64451
63623
54961
60224
55673
56398
55447
56979
53585
54301
57324
57219
55305
65332
59716
57830
53630
62237
64894
59091
64468
65085
53217
65182
57081
53447
67174
64774
63212
56199
54337
54281
61171
55454
53860
60371
61585
63697
55438
66024
56432
63770
58410
53091
63094
67225
57646
53249
64275
60898
58129
57980
57765
58822
64162
56469
59753
62135
61093
55604
65920
54889
66859
66577
63459
54615
54788
65520
57864
55747
59704
59841
57763
62880
55943
59470
62743
53700
53067
54618
56175
58287
66072
56409
53873
53535
65238
62875
55831
63245
61289
55079
57895
56842
60298
67519
60847
65293
56107
57564
54561
57943
53692
64347
56704
61501
59009
54222
60309
63736
65730
63215
60867
67402
63313
55319
63551
54308
65326
62573
61188
65874
65671
55164
62450
53921
58639
57898
67209
56375
53738
54406
54982
61871
63389
56670
59663
63797
53464
57082
65206
53775
67504
59923
55641
53691
65636
53000
66537
63383
62437
57232
53780
60402
54258
61904
66124
63325
64050
58462
54602
62721
53611
53279
58858
66366
53254
65144
61179
55151
59675
56125
56894
56842
63852
53300
54853
56011
67403
62714
65140
59729
61756
55233
66325
60994
63537
67459
54199
57194
65672
66271
63057
64165
53794
66515
63434
57476
55159
56964
56782
61682
60583
56461
63530
61150
64846
56047
57350
61691
60384
55875
62059
54253
64789
54174
62497
54867
55871
53448
65350
64959
59009
63249
58585
65021
64824
58782
61964
53183
62752
67485
66041
57096
53936
64082
66494
54455
54213
67006
63461
54891
60831
65382
55535
57442
55959
56900
65521
60078
64252
62963
60790
60906
53275
66268
55294
54426
55378
52985
63038
61695
59749
55241
60421
65691
59005
55198
55788
67625
66675
55387
64490
56624
53949
65458
67239
54645
59139
58547
55748
61918
54071
54534
55820
61488
65493
54414
59167
59621
55509
53054
54001
57503
67298
67251
55045
62135
64241
54306
63013
55218
54593
54795
63750
56817
62587
58347
55161
55402
56958
59559
58587
55344
64776
63763
55720
54686
66364
53078
62925
62478
56255
64032
57052
66495
62145
67287
63200
64433
61563
64245
53118
64516
58473
59083
56000
61693
58588
59570
66695
66082
67336
56339
64095
55815
53550
67206
63465
60852
63598
54226
53291
62183
53309
61380
61098
62294
56127
54301
55701
59753
58354
58569
54018
56841
64145
53921
67590
55765
59608
66035
63338
66303
64029
55835
54305
62864
57505
66593
60736
55281
62142
65548
56496
57438
62241
57687
53559
53226
57847
59695
65883
57435
55813
56128
55665
53747
56242
57520
53814
53980
65785
55341
53502
55251
66303
58028
60877
53776
54264
59627
67682
54583
55217
61960
55666
67173
55756
59886
54985
66336
57003
54384
61255
55978
60541
53223
56579
53296
58413
60357
56961
55501
55075
55283
64193
67021
61045
61048
54649
66235
57835
59009
61397
55395
54177
63027
54409
57100
60163
55304
54480
65713
63497
67368
61106
59724
64033
63790
54611
54314
53612
63418
53708
53791
56282
54481
54344
56266
57252
61098
55069
58649
55358
66098
59085
55755
61880
54537
63928
55034
58869
62440
55692
65215
65193
66072
55185
61310
53524
59945
58104
63501
60531
60159
56898
54624
59484
66204
53935
64482
65718
55427
54585
65492
53483
63566
64326
65682
66428
55457
61096
54000
66145
54788
64739
53164
58471
67288
65652
63879
56365
61219
54745
61611
66701
61247
62862
53669
62547
61307
63430
57892
55859
65124
54634
66740
60922
62893
62194
56916
62950
59536
53423
60498
60906
58843
57323
53833
65434
56397
66056
57464
55961
59868
54749
66786
54881
63439
55856
56169
57765
58046
56005
58237
55357
54983
60863
63668
66531
60529
65161
65719
60331
53280
60669
55807
58568
56823
65931
57098
64248
53690
67317
60211
63522
53417
59024
66622
58405
62388
66112
59631
65556
55219
56469
65003
64242
63550
61172
56556
58174
58558
55922
54940
55489
66797
55824
58710
54028
56167
54642
66714
55448
55388
56484
54227
59330
66504
54460
64297
63153
58348
54931
66558
55171
57038
55090
56222
55342
59694
58853
59754
64981
52981
67394
62819
54630
63331
67500
60230
57262
66734
60909
61287
67360
66090
56595
64528
66107
60929
65789
57737
66710
64488
55946
65165
53025
55408
54851
56275
60409
65801
63939
58479
60131
56019
62790
63804
58121
56826
63757
54196
65865
64249
64611
54223
53248
64239
62608
58548
65741
54802
53830
67202
58729
61648
58073
55745
60575
58918
56617
59110
61851
55676
53699
63948
67366
56944
54759
63943
54388
59340
63323
60044
53794
63280
65418
54565
53359
59391
53068
63386
61779
60777
54545
56311
63089
59240
54859
58062
56947
53480
67549
58581
54070
56540
66126
56566
54088
59302
58547
66655
56881
55053
67546
59560
53056
54473
63963
54997
64457
54219
65434
56187
54276
55815
60788
64323
55201
60875
67600
62351
61203
53403
59875
53661
58062
63587
61722
55925
66768
56755
66364
60742
58456
62033
65211
58776
60373
65203
67537
56730
66494
65210
61219
60102
67119
54479
67041
53884
66622
65255
62200
54933
59013
65348
53310
66036
63414
63393
66309
61902
54764
63233
53206
54633
60634
55604
61984
56182
53368
67062
66664
64535
54381
55382
61420
59014
66343
55945
58491
66501
67681
60408
56894
55492
63838
64919
64268
56422
65513
59759
67567
58483
62803
55161
59715
61347
54843
63929
58213
56283
54332
58536
67573
58202
62522
64116
60493
63017
56790
66138
61715
61013
62543
65756
59518
61696
66545
57701
59541
59352
63981
59651
54372
59615
62295
66541
53698
54340
66082
65643
54598
53427
65642
57103
59144
66961
52987
55099
66316
63606
66162
57818
57913
57190
67061
56158
53092
66397
63648
61347
58922
58399
56727
64789
55177
55994
58638
66678
61888
54502
65477
53508
65022
55591
53432
64582
62550
62499
53027
59202
57467
61230
60982
61708
53885
61976
67015
57196
59764
53054
65787
66363
62667
56046
55658
55821
62248
58383
65297
55255
56157
54496
61222
63786
62956
53430
66562
64020
64243
53091
60533
56080
66723
53325
65964
65502
56662
64700
60252
67107
62689
59134
59674
59480
59611
66103
53446
61683
59183
61289
55256
64973
63274
62274
62018
59130
67428
53622
53417
66669
64317
55050
60413
57897
58550
65893
66410
59335
64673
54812
66805
64804
54469
62491
63965
65735
61460
61270
56115
65253
54827
55920
66850
56177
61580
66598
63321
56580
53817
62874
61813
64008
63790
65296
61659
57509
54470
55227
66049
62139
53424
58256
64494
55854
65784
64607
62995
60880
58619
58236
66517
55703
60403
60300
66864
61933
61099
58063
62180
53588
66720
62304
53594
56459
66031
59820
55026
55290
58907
62324
61980
55404
65527
61377
61532
56092
54138
58481
54094
58069
66428
58823
63173
54250
59672
58498
57355
64361
58790
60523
60230
62618
53620
55801
60139
57554
63582
59943
62650
62673
58389
53974
55791
53791
67178
62033
56737
53860
62050
56534
54860
60011
55940
54132
53441
58886
64547
66161
57027
60703
60176
53665
56270
65852
55271
54653
67164
53078
54350
60226
62642
53629
64509
53523
55068
62313
62500
62375
65884
63363
62902
65803
54990
54691
63962
59286
54955
62493
67142
54545
54573
62265
58882
67447
53441
64118
61200
59194
58567
65209
60797
55571
53469
64426
58285
57660
54412
61973
66851
64773
62202
58940
58421
53113
56999
60618
62815
53939
57804
55718
53185
55266
55620
56702
53390
65796
60443
54078
53986
53128
56932
64939
62342
59969
65564
58360
67686
56896
61973
63731
62564
62860
67574
54120
63609
62581
54764
55393
53198
59569
63137
66413
62520
62457
61105
60873
67314
53801
60342
61466
65787
54147
64115
59871
61730
58666
67513
59531
58552
62359
61262
53953
58817
54164
65624
59716
55159
53554
61715
67397
61331
56130
59360
53091
62938
63161
62764
53392
58181
60902
64333
60302
53913
63892
57767
54779
61943
58719
58928
64500
58984
57505
63296
67721
63150
66685
53323
65007
55891
63160
54453
61952
60780
59157
57483
61464
61713
55798
60922
54177
53898
57089
63793
58570
60453
55213
54856
54939
56079
54403
54831
54666
61905
55564
56742
64827
54074
54666
54234
57495
57233
56755
60534
53489
55457
56677
59702
60043
64121
64826
63487
53091
55466
55886
63134
60679
53757
65814
56704
55181
55597
62691
67034
55739
63284
54277
57817
61818
55491
57584
65258
54745
64292
63092
56752
54792
63327
59310
53835
55446
67613
58243
53415
60216
63340
59170
55553
62475
58386
64346
56355
54783
67618
57863
63238
62394
55280
55539
54849
63859
61339
64301
58960
63803
59153
53340
63852
56010
65588
60475
63257
56438
59800
61825
55033
64926
54356
63536
62512
54571
55957
67015
55516
58610
61203
64226
61910
67097
64105
60471
65586
61514
61840
59361
60241
54451
60886
66829
61529
66024
56634
55334
58995
53913
66527
55505
62927
59421
59490
63080
59948
64575
58008
55329
62399
52986
59529
65410
63050
65018
53308
54231
54152
65759
58248
56350
58202
59687
57024
67618
54380
53335
62655
53975
66672
61559
64227
66998
53083
56162
67490
60067
57175
62124
55272
64705
56600
56497
66256
58998
55545
63101
54740
67731
60342
54344
55609
59797
61294
53183
64996
58605
64202
56715
55267
53245
54408
55326
65693
59368
67330
66331
58742
55818
63251
66537
55883
53008
60969
64637
60531
61781
52982
54710
58731
54992
57940
64734
67635
58468
61792
67062
56403
53452
59858
61688
64706
56106
55324
55783
64297
62539
58696
61967
54768
66893
66556
60925
67016
63432
60832
53127
64033
55792
63050
53082
54132
63424
65742
59922
55009
67595
55412
57924
65418
59354
57985
52980
60523
56580
59060
64477
66657
66872
62480
53841
66821
55986
54559
59175
67540
61005
54083
56789
59369
57931
58625
58492
58055
60586
61463
62378
64599
64828
66141
55179
67003
64906
66936
66586
64041
59282
57328
62180
56066
64179
64415
55052
63854
58216
57658
66618
55049
63440
60100
54663
60006
63174
56408
54314
55653
61010
57591
58354
53414
60051
64301
60436
62387
65496
66641
56746
64534
59443
61156
57915
53655
65780
54134
53133
65284
56041
54361
65490
59600
54444
65190
67348
61923
62143
61457
61579
62477
58583
59124
55330
54865
65290
53096
64002
60686
53580
58830
53617
60615
55876
53324
59183
54973
53396
65800
57792
67119
53021
53163
60676
57164
54833
66505
60522
58375
63973
61864
61759
53836
65481
55361
54106
61401
58632
59016
66286
65048
57554
65379
62127
59447
66040
53510
62491
55442
57596
53856
64066
63066
58115
60986
60446
53275
57379
55704
67221
61588
53279
63141
60961
54081
58892
56609
56261
56902
64255
55148
60494
66351
64697
55929
58547
58173
66684
53589
53870
63108
56176
65333
59126
54494
54059
60491
63751
64603
66400
55197
56058
59625
62751
56060
60139
59577
57344
54673
54294
53047
56707
56412
65710
54334
67750
66419
60465
65305
54538
56935
53436
54378
63492
60242
62694
53822
54365
59401
63187
59413
60935
55195
56767
55446
61094
58382
62935
66905
64224
56511
60004
60574
66100
55526
53891
55183
64879
63295
60360
63363
57969
56446
59191
58157
57810
56763
64382
60949
53926
55408
65318
63448
67435
53545
57852
57680
59434
62819
63279
59888
54898
58610
63042
55442
65666
55527
63384
53842
67646
60712
63884
67006
59142
62689
63594
53376
55010
63424
67205
57420
53794
65301
60458
57335
56883
66673
57416
58467
55147
54422
57682
55932
53967
58823
57526
61647
56201
62264
54091
66934
53386
64326
55843
59248
66348
60929
57330
61334
59027
65145
55878
67134
63975
57394
55602
57077
54720
56656
58735
64073
57177
63977
56198
54775
66739
64790
58373
53862
61589
57036
65089
54249
64238
57740
64070
58818
64900
61374
56595
56703
64939
58603
58026
54364
62042
57032
54279
59928
53614
63422
61987
58806
65543
53851
67547
66218
65130
54951
54137
63417
64116
62205
54425
55065
67104
65076
56112
64027
63363
54679
55487
54505
61242
55999
62687
55355
58586
59043
64021
65039
65327
62173
65639
60424
56007
53931
57911
53533
54577
62450
57750
56217
64712
57699
65684
53816
55654
64697
61350
53792
61264
53271
61962
59729
66908
66914
58608
65536
65521
63072
55914
55964
62139
66832
59511
59922
65650
54305
65088
57776
59629
54291
66218
67694
53475
59205
62685
54149
62871
55342
67268
59388
63201
61346
54878
53208
61904
53436
58603
54322
63066
63056
60122
59754
62605
53704
53350
57097
60178
62642
54170
56869
53047
53192
65378
54887
53079
63452
56973
53639
61552
64102
64116
55824
56136
54312
58174
54128
58021
58005
53933
56000
60103
56048
53379
66426
60310
61428
53230
53005
58994
62584
66577
54000
54349
63822
60550
62273
62090
66819
67748
62801
54140
59701
58873
57080
58887
60814
63653
60971
66274
58208
59481
54323
58544
63989
54358
61654
66691
66441
56876
61993
64583
67254
66063
58153
57861
58618
59932
59372
66512
59311
58099
65062
67562
57424
61437
61691
61426
56497
56631
54762
53183
62984
63635
60265
63601
59253
56140
61047
57716
66832
66230
61927
63621
60706
64764
54199
57753
53303
62416
66911
64115
57622
63728
64389
56706
61265
56013
62160
65472
61112
61151
55262
61772
62588
64072
67583
53004
65795
64433
53907
58548
58896
55970
60144
64788
55667
59899
60716
53700
54950
57819
54488
67330
54314
55673
62645
53033
54296
54896
57318
58461
58580
53447
55345
64408
55679
66785
57520
53506
59110
59464
58550
58018
62175
58998
53198
64152
57297
61124
61193
59310
57093
56273
61595
66293
54110
57710
54900
55651
57677
52978
54851
66086
61644
55092
64919
58708
66765
57425
61537
66746
62018
60043
66246
65342
60486
64830
53099
63688
62339
55273
55854
64081
53606
67267
65628
53142
61248
55502
57503
63425
65900
56100
61251
57178
54679
53357
60529
56131
60945
66457
65450
56760
65938
67003
53546
66759
56021
57418
61507
54709
66538
58888
56801
54811
67304
67544
66533
64587
54147
60940
57849
53753
61237
58094
61129
53299
57561
66876
63998
64810
59883
62876
62832
59303
53729
54135
60747
60083
65869
57967
53900
63372
62987
54655
55489
57406
55207
58207
66917
63686
65394
64904
54058
63115
65939
53872
65976
62767
57098
65509
62999
67709
57824
66159
62213
63933
54176
62245
57097
54921
55667
63945
56156
64890
54753
65906
54339
54073
63054
65925
57213
55015
59811
53904
59307
59515
59049
54244
58588
66380
59646
55149
60380
62148
55342
61958
57467
65003
63563
63605
53680
63867
61868
67473
64130
58839
62984
65535
62770
57535
59558
55660
60762
58162
54097
67742
62453
60137
55079
56838
64059
60225
59693
60623
56133
65736
62580
57978
62936
63450
65655
63012
65004
60370
62715
60465
59175
60784
54514
63157
63942
58983
67558
54131
53877
63938
62784
60181
60527
62072
55460
63825
56869
67175
63672
55681
56708
65118
54898
54971
66451
57454
54478
58521
65841
59421
55004
54808
67071
64949
53967
66531
56939
67144
54869
57976
55653
60162
57816
54511
61343
66356
63902
56177
57853
57415
62278
63912
55158
65671
66025
54435
63158
65873
67136
60219
62102
57770
56327
53580
53825
57462
60641
55206
56938
54269
64483
53000
59508
65681
64618
55172
57412
57620
58561
53658
61930
62715
54381
64103
63707
56384
57040
64838
60733
54370
57575
57357
66429
54667
59628
59767
54711
62172
64966
52981
55599
53994
55404
55449
59257
55539
65744
67087
65477
62137
55463
54908
59942
60695
60594
57379
56870
56551
63549
54121
55901
58428
56160
64527
59531
55636
54477
59390
66293
53237
65650
53493
53893
66415
65855
53301
66065
64771
56736
56179
64228
58903
53095
55354
66475
61992
66061
67351
65909
55673
57630
54693
57264
59869
58525
67059
63531
53544
66883
53254
59413
66062
55210
55066
54607
63859
59969
53003
55695
60046
56761
64511
56990
67554
64624
53001
64531
53342
55997
60717
64345
65932
54625
59855
67238
59697
59661
55300
59575
61724
60440
54013
54422
54005
64303
53396
57171
65693
61128
65211
55240
58851
63413
62103
65579
58278
60493
67451
58724
55042
54393
55194
53362
67087
60108
61627
58822
56611
64627
61238
58293
61866
61232
61243
65574
56767
55345
57652
62082
64937
60541
55023
64032
62290
64854
61321
64989
58964
58537
61373
57389
67021
60018
57229
56117
55087
64402
54257
66632
53044
62691
57429
65623
55552
53201
59346
58913
61327
65052
58363
53282
57800
65233
54314
63857
61269
55360
53640
55678
60660
60222
65642
63249
55425
61769
54116
54324
57849
62153
61294
53287
64286
56321
63423
53246
65053
54319
57826
63326
59418
67430
54590
54099
58020
54464
56963
65058
55752
62432
58477
62019
57114
64122
55747
59274
57215
65421
65769
64375
62687
54023
63010
58487
56038
58068
61408
60441
57303
67034
67263
53389
64795
55348
63152
65819
53933
58723
54337
54310
58131
63859
54270
64004
53501
54326
62328
54939
53962
66375
66598
67064
63511
55874
57103
53394
53665
62009
60337
62976
63630
62315
67411
58457
53707
54829
60227
53129
56893
57899
56954
55898
63613
67193
60663
54101
63098
54899
59061
61760
62266
55040
57037
60802
58851
65740
57511
65655
61112
64673
53399
53437
59129
60556
55358
56585
54127
60799
63817
53832
59371
64706
62812
64739
64912
61006
58100
53606
60838
60462
55044
54948
65167
65321
58599
58488
56220
53647
61968
58251
56437
61020
65401
59173
60243
58215
65897
57665
60468
54215
56844
57980
59758
66329
59044
56459
62413
55894
67090
55217
65281
60819
56727
65787
60839
66820
65903
55846
61000
55438
61669
57258
63311
64138
53211
54835
63823
59794
54483
58351
59459
53205
65500
59349
56260
55768
59398
56012
63687
59395
54766
53127
53105
59499
59576
54752
60647
55936
61927
66013
56088
60783
64489
67559
56110
63359
64875
67179
60675
54945
53402
67631
64785
54152
55997
54096
54681
65124
56893
57130
55807
60982
57966
55800
58422
62549
58418
57617
64561
53644
61814
53915
57093
60367
63906
57789
63353
54838
58096
62218
66956
67364
55270
64564
57214
55722
61003
59999
61601
62163
62498
62907
55752
53063
54899
58329
59733
53521
55396
58619
55657
57259
53156
54676
58446
55438
58718
57521
53708
66843
53857
63424
62145
57607
58134
55388
67257
58034
55546
59944
59689
61342
66601
65359
59829
63846
67013
55694
58066
65742
63969
59703
66365
57580
58259
55447
61799
61507
62695
56798
62302
55341
55134
61691
62297
63533
60195
64968
53704
65236
61000
53359
63360
54414
63036
56159
67348
59013
64322
62369
61391
59651
64662
55528
67281
54757
55245
64164
63942
61114
59233
59026
60254
56975
63140
62678
64214
58358
56119
63945
62434
67741
55263
64821
63446
60139
58564
66327
57838
58443
59291
56947
61441
60398
53775
56903
58882
54819
54646
59587
64448
55083
66811
53608
67376
62535
58841
55061
62984
62614
65560
62633
58022
56089
57745
64381
56852
56532
55348
58483
67742
57028
64522
55975
65313
53932
62528
64758
62068
64530
62752
53328
54034
63520
66434
62678
61416
54446
56709
62779
53900
56608
65078
57126
54594
58066
53503
65133
62265
54320
58102
65104
57908
61094
55445
53553
66696
61047
62655
63624
61612
66494
58493
65235
62722
66441
54248
65352
62211
54527
57603
54228
63544
56087
66802
66071
55054
56906
57044
67746
56394
63015
64750
60244
58044
61706
65338
61934
56992
53039
54439
61681
64406
53195
62139
62481
65104
54888
62809
67323
58340
56871
53714
67243
58552
67544
63853
61376
60229
61168
65601
66597
59770
57581
55680
65778
65830
53878
65177
54154
53029
53374
55824
53924
53887
54922
59739
53408
53093
65289
62525
62855
61902
62777
53575
62097
57619
67569
65204
58332
60172
56397
60163
59246
62206
67743
63395
61354
65860
55131
57513
59971
62280
55112
58778
61198
55424
57840
63507
55502
67687
59823
58661
59282
53071
53811
55275
57982
54912
64404
54507
64393
61100
56449
57913
59291
53045
55541
61893
64137
54993
54507
53074
66989
65791
66918
59803
61117
56096
56145
61643
54608
67671
63141
66182
55720
54804
59771
66040
59421
66209
55932
53829
56709
55542
61651
61804
53941
55126
62269
58233
61075
58290
63933
55014
59016
65369
63360
60150
59986
65827
60090
65542
54187
60313
55541
54787
55287
57589
54430
55858
61790
61805
56302
54890
66003
66610
61901
64008
54012
66370
60772
58762
62471
66491
65979
53125
64567
57550
66660
55907
61967
61971
58739
61588
62992
65910
54581
63952
54414
55921
66673
60344
53488
56340
56431
55379
53035
66471
56555
65709
59603
56540
53512
53125
60587
55278
63623
58429
60356
53901
64581
53609
65853
56089
61272
65400
57400
62064
61965
67091
57934
54435
65900
58901
60811
58549
65492
67477
67308
62947
57296
59304
55507
60152
55657
65627
59549
65398
59663
63596
64819
55334
59659
53629
59597
64190
64961
60838
62302
63452
61214
54040
62393
57630
53182
58089
64839
54862
58681
59809
62763
53021
55060
56132
60830
54862
58638
57855
60601
53598
60583
62071
57603
56128
64999
67026
57764
57057
56279
59800
59349
65974
57627
63301
54547
54114
67396
53812
59549
54571
57581
58176
66867
54454
53242
61016
63579
61940
66683
67630
57110
59387
53894
58566
62853
64317
53860
59666
63139
53438
67560
53748
66920
60319
55193
57237
53209
67272
54790
66216
61528
59832
64566
62635
57682
62470
57808
60056
62275
64126
55780
53680
63096
67093
58675
62958
61344
67607
61861
63730
66732
55732
63553
56545
60486
59994
60360
60581
58212
63071
55721
61555
56319
63567
53093
59282
61338
62351
67479
57125
60618
56297
60749
64595
53665
57028
59239
66907
57080
58212
53567
55656
67042
56276
64915
65515
54094
65833
63971
59861
56597
60376
59170
61638
53507
61218
66298
59854
55427
61100
62922
58023
53434
67045
53559
66533
67606
67134
58925
66054
62026
55029
67660
62178
55139
65838
59227
58168
65187
56406
64478
59116
60898
56002
58570
61637
53528
56845
63717
54759
59336
55349
57248
53179
60854
56655
58258
56393
57281
59772
64559
66137
64002
59035
54709
59272
60002
63281
56922
62484
56980
66564
56476
63233
61841
67331
60433
59571
56872
57517
53617
60809
59967
62412
62038
58278
61250
59225
59210
59115
64267
65916
63212
61721
66181
53359
57494
55022
57553
57084
65228
61820
55107
59504
53997
58854
66412
57226
60448
54558
62730
66304
60090
60030
66076
65896
55158
66305
67162
66358
64722
64952
53655
63844
53579
65637
64177
54188
54128
54423
57909
54372
65841
53754
65384
63480
58556
54215
61693
55723
62542
62435
55293
53180
54055
61804
54215
53838
53349
66354
56535
53502
56267
65577
57218
60412
58016
64715
64841
54848
56745
57398
55196
66197
67093
60596
65647
64087
54683
62895
63240
67027
65488
65474
65193
66384
61789
62079
54075
55346
67144
57209
53207
62008
53980
65820
63565
59910
54157
65023
53155
66210
55532
59108
67582
56787
66038
64333
62906
53383
61219
59212
53512
65988
67047
53659
59304
62708
53442
61258
58725
55232
61540
55896
67108
60739
53558
54220
62400
56088
59530
63096
56467
54533
56318
61958
55926
53636
65426
60581
54392
55237
57905
62051
61559
66970
53613
65908
62180
63303
64652
59918
62659
66509
57081
57525
62676
54838
63581
65566
64811
59008
56059
54505
62940
64608
58335
55262
57433
65128
55334
57281
63421
60807
66837
61059
58948
60368
56366
66210
57880
58393
66725
65187
63424
67336
66475
60910
63725
53632
54156
61112
61140
59685
59155
65394
53799
63239
66924
63032
64490
54351
58958
58163
54197
63778
65081
56462
62141
53589
54878
58954
56775
56015
54641
66504
64810
58553
59970
60027
62172
56904
53764
53872
56107
59618
53308
60968
62365
60036
55179
57489
56254
55590
55761
56772
63391
53408
64857
61708
61450
63868
60477
66974
53913
53201
60232
55763
54433
61631
67114
66664
67258
54278
67410
62133
53535
62549
60119
54333
55044
58215
58139
64081
58254
54942
65461
62463
63129
59592
66711
57249
63571
62411
58745
58303
66835
67462
60944
63976
65605
60502
57911
57692
57217
58468
59811
62416
61536
64258
54682
59548
64943
62576
57388
54805
54064
53551
53926
62018
54791
54464
53355
61591
55558
63919
60406
57428
62056
54840
65722
53006
56413
66087
58214
60126
63111
59764
54436
59091
64855
54239
61090
54941
60457
55885
65499
57582
61402
58997
59801
64005
64739
57505
64929
55342
56984
60943
67091
55856
54923
54886
55491
56477
59047
66167
65775
57956
62711
65859
56453
61617
66606
59127
57984
59185
55815
66098
56613
57579
65931
53251
66593
63112
63752
56043
62430
62421
57350
54787
57650
57029
53575
64441
61776
65245
55132
53944
66822
60150
67629
65220
66574
54453
55108
59995
54491
57834
60126
55366
55535
64630
58879
61668
61016
56644
56727
53643
55872
67505
65187
61677
57896
66980
56189
54270
53238
66342
54276
58677
54169
64592
65513
62205
66372
61602
56452
64983
64525
54432
61046
65363
59740
65308
60107
53531
58186
54788
57438
59475
61249
62142
65759
53022
58702
56894
63217
66460
61347
59973
61311
64940
59378
56393
61463
60250
58642
54426
65128
65966
57654
66409
67723
56260
57124
57286
56354
58231
62191
59744
62144
62152
66229
65282
65951
53573
63666
66591
65653
53372
61065
65748
60839
56814
62139
63784
55155
59379
59430
60681
61221
59303
67430
56445
65925
62088
53645
53648
63762
53056
63118
65416
53542
57498
59105
56223
64907
53567
57699
64056
64571
55404
63886
64267
55182
63936
58063
53142
65694
61078
57109
61233
56466
58993
59685
56050
64249
56037
62586
55627
54524
63759
56472
54103
58298
61173
65283
54655
62782
66993
60932
63134
62464
63964
67214
53678
62540
53089
58776
67531
53812
53349
53006
63469
57395
66908
57371
64460
55683
57817
59173
54621
58786
59165
62552
57370
61342
53601
63986
66216
64943
61663
66964
66447
54736
61779
54054
55347
57162
55373
57947
63436
65320
58587
63864
63475
54712
62558
55044
65841
61102
56262
60319
63407
58078
62428
53743
53749
64509
56761
63913
64965
67252
57889
64191
55957
60677
62170
58388
58984
56210
63111
53086
60089
59750
54256
65055
66754
59706
65419
65776
60659
64215
57487
65094
64315
65559
55429
58888
58455
53355
58427
57346
60785
54632
57020
53364
65745
55976
53826
64503
65538
56766
61496
58856
58374
53873
67187
60644
55558
53751
56088
54468
67021
63996
64775
62367
57026
63834
63876
66400
56822
53452
61626
62518
60690
63138
67716
57202
66029
53335
64403
62713
62897
59395
58924
64817
64751
53901
67561
56017
53439
66387
67379
52985
56653
54942
61072
66426
66800
55659
63188
54918
53998
66381
61923
60439
53894
55335
61682
56811
58091
62517
52985
56336
63014
64551
57291
59602
55487
55712
54226
53817
58621
57773
63727
67083
63367
61387
53407
54417
55077
60855
53718
63672
58058
62458
62690
54610
63785
60003
60816
65645
65424
62634
61432
65199
53645
54942
54403
60508
59047
58749
66906
65868
54428
53703
57215
60299
54963
66866
59303
59224
65881
54115
59064
54435
58547
57799
55322
65849
53033
56331
55870
57362
63683
61318
61807
58874
53070
67282
63508
63812
61583
57764
58885
66061
63269
53545
55925
53665
65283
54040
54620
55796
53349
56436
65276
67633
55460
62015
58890
62172
56172
64249
64223
66215
58860
58984
60178
65019
66229
63316
63476
67181
65453
66964
59929
66189
61838
57492
63694
61112
58279
65769
57127
65628
57700
62825
53258
67746
55062
57304
65174
62385
55409
61410
64039
59874
61021
61630
59039
66432
63983
64355
64147
65881
58323
53001
53371
58397
67170
57627
60978
63447
53049
57329
67305
59771
59700
55127
56283
61537
63960
67187
67480
61667
55228
66548
55788
54701
64241
66356
64545
55060
66469
65224
53127
66342
55721
56476
65175
55674
63809
59721
63999
53982
54959
55291
66811
53895
57120
58907
58090
58540
65718
55114
53633
65659
63002
56731
58777
58689
61985
54164
64233
63250
58881
66471
53695
53659
57055
57118
66968
57443
54375
53586
61378
54495
60329
57891
55738
59662
57274
53439
62147
53282
64953
67437
62182
65960
65076
60599
57039
54256
64022
61004
58372
67599
66793
56106
57400
65293
66768
54212
54428
53631
61424
55945
62282
66526
66971
56171
56679
61608
55512
52984
58583
53348
66313
54075
54019
61587
56826
62517
55561
67487
67394
55017
55111
61106
67456
62150
54371
61911
54601
64427
64969
62062
67557
54125
58870
61049
57400
67076
56891
58924
55798
54264
66133
59467
65280
66334
67082
65603
65703
56970
59582
67456
55356
65488
56158
62431
57840
64002
54909
54363
57493
53753
54065
64583
59914
53837
53432
58781
64318
58465
52991
65111
53759
63761
54718
54611
53714
63368
56505
67018
62058
63862
55953
61076
54940
55172
66275
63884
53675
61929
57851
57516
63190
63876
66971
61823
65701
61525
58229
58218
54152
55511
58005
66864
59841
53439
64361
61475
62240
63441
56285
60441
62897
63434
55861
62642
53579
55717
61923
66238
62230
58600
62520
59978
67557
65665
53545
55835
53219
53919
65088
53662
60912
59825
62415
60794
53651
67297
63138
63931
56139
66773
58820
65010
64231
60893
66946
53039
55875
60655
59379
54344
61778
60616
62803
53354
54720
67148
62561
60303
54649
53301
61125
53180
64096
55366
60463
60414
60054
55829
60822
64866
55716
53740
53914
60455
62801
54930
59786
61215
59681
67465
56313
62632
53038
54019
66299
66966
54312
57546
56520
60410
60322
54176
67105
57261
63959
58498
61212
56996
57865
53488
54490
66444
62970
59077
61701
53865
66098
55798
55261
53164
57415
66616
56668
64333
67321
61526
64547
64259
53046
60364
61135
62468
53173
54598
59836
55539
55146
57808
55242
59793
55599
63484
57299
55292
61511
66353
53931
60316
57746
65892
55557
66751
62392
63624
58052
60087
67158
60165
67626
67157
59591
53895
56008
58603
53816
55227
60010
63275
61408
55778
54862
57068
65252
54837
65665
55711
66846
55825
62512
63738
65057
62442
59199
65286
60336
64185
53744
53492
64882
55392
64072
65838
65036
60207
61083
57360
59688
54960
59878
62617
67112
61116
53139
56838
54795
58459
58925
59364
60523
53107
55768
62872
61608
55971
64927
59829
66549
66503
57289
63231
56054
55960
63068
57755
60740
57110
54190
63968
54560
56892
54171
64944
58742
57988
54575
55745
59582
62008
56959
64921
55770
63387
65335
59433
64297
55219
66176
55385
60605
58490
64853
54450
57575
59800
65981
53904
57778
62612
56432
55835
65944
56391
63040
66109
55796
65393
65791
61378
53508
60645
53270
59194
57143
66730
59339
60806
56039
53912
66745
59397
60279
60315
61388
53274
59744
61246
55569
57827
57309
62423
59513
62309
56482
58030
55545
55480
53124
53484
64864
56893
53033
57219
64888
63500
58289
56687
54570
53118
62428
61415
56019
55462
62422
59426
62373
66388
65473
53105
57215
59150
54785
67229
57351
66546
62457
55729
66197
53713
55701
63174
62091
67489
54740
59612
66715
65189
63307
57412
66632
61153
57923
59676
61245
59034
65741
63838
64168
54978
57005
67543
56308
60536
52981
53290
54249
60560
53069
64984
67520
64261
54540
60698
60828
60277
55239
53175
55952
61717
63985
61015
54638
56314
65791
54609
59503
56087
66760
62533
53790
55147
66876
57990
62284
66159
65905
57662
60953
54881
57902
55091
54209
54955
55054
55274
56294
60549
58462
57543
65090
60142
57028
55315
55048
53416
64295
55387
64590
60463
54750
53203
53696
55368
61432
53505
64140
59947
64035
61766
58036
54411
53062
65879
64078
54531
54549
66614
60631
60937
59109
56958
53129
58362
60978
63967
53576
54877
53794
53138
62859
61599
57133
62799
62270
54168
63899
55293
56033
59338
62930
56596
67584
63719
61724
57989
59197
55046
58995
66147
62557
54801
64903
54277
63943
61165
63366
60399
54259
57222
59161
67686
56369
58426
61718
56321
58781
60095
54035
60149
55650
66221
58257
66684
54519
62993
63610
55566
66953
56140
64899
61849
63480
66026
56021
57280
65608
60651
53206
60808
58082
60337
62321
60867
67152
65561
61284
56667
66474
53744
62311
64916
60440
55820
67186
56029
64160
58803
60202
54740
54980
60739
58355
55247
64019
59500
67262
63081
60459
54041
63126
55534
67246
66906
60671
66572
61650
57393
66042
61665
56943
52984
64009
61594
55018
57167
63842
65362
66888
58548
56088
55620
59862
61629
56162
66776
61317
62046
65811
66246
60839
55335
56565
66204
58604
53528
53931
54319
54770
54614
54270
66710
62224
54809
62771
66410
62048
59369
64970
54781
60905
62065
64421
65200
57284
62313
64689
60676
57590
66172
67156
54254
65576
58716
67251
54342
60467
59886
54484
53599
57489
63861
66133
61023
57831
53881
67614
61599
65171
54668
62452
56379
61909
56209
64630
60071
58378
54776
66032
64678
59708
64207
67083
59470
55601
66529
53317
64550
63715
53870
56161
63466
67256
65479
58488
61599
53934
57260
54375
56699
59529
60477
60214
57344
65113
64198
63571
64296
59133
64383
55333
59662
60528
65235
64195
58874
56049
65808
66659
61471
64319
54174
54727
55680
66713
60005
56798
67201
58103
60189
66782
67620
64474
60670
62831
61664
56239
55229
53240
57932
55928
60557
61940
63996
65077
57318
60601
65716
54693
61997
61760
60555
62599
67165
54434
55709
62623
64582
54514
65998
61126
58167
63980
54834
57687
62324
59861
60236
67555
66334
60239
58430
56033
55305
59320
65390
53302
65668
61370
56081
63680
57950
54199
61350
57725
54008
58564
58117
55702
65750
54853
61908
57153
63989
56339
65191
54542
58156
53989
59223
54561
57932
53464
54169
57258
63144
67182
63747
60694
67315
53870
64634
58713
54434
67276
53051
63687
53061
66441
61822
56897
60287
54604
54983
66135
54160
57027
64345
66669
53594
54623
53252
55864
57766
59132
63987
66911
58298
62689
58019
61889
53583
55325
65506
63678
64212
64100
53369
55913
55486
54377
53595
62273
66996
54951
58232
55158
67141
65736
64931
60783
65902
57734
62278
59781
60239
67224
55316
63194
57567
56242
66043
62052
60375
59301
53274
53533
55270
65500
53835
57111
56162
65368
66024
54145
53552
60371
59742
57792
60897
58382
62531
58718
67172
61736
57988
62860
62445
66137
53086
60755
58868
59281
64614
56988
62086
57661
64603
59672
63160
65692
59646
62432
58429
67086
63384
67503
65215
60178
57920
55483
55007
55439
66169
58275
59135
63281
58224
66274
65371
54478
64577
57206
58182
60005
55699
60478
58890
55216
56539
53650
63014
55498
61460
56282
60430
66822
55667
66948
67653
56533
55745
59485
58797
66324
56702
65405
67566
61175
55249
63971
54782
59022
62846
56742
55118
63573
66566
60527
58949
54851
63051
63205
67248
62346
56493
64914
55541
63992
54713
57864
55448
67490
54532
62825
55412
56210
67709
63352
67371
56616
62590
54693
65975
66826
65409
63935
66569
61462
53990
56729
61778
56917
57438
66530
59486
65267
66368
53695
54105
63177
65776
59606
59994
66076
57368
59519
56670
54749
54347
60630
54323
62271
65913
58123
62397
64537
66941
56204
62661
63783
59936
67626
60902
62395
53088
54117
58009
65057
66556
54225
63185
62217
65595
62272
63197
56056
64109
65633
66627
56782
59741
60778
59023
62600
54966
60076
64372
59876
56635
65059
60047
63784
61555
60584
66351
54818
67747
62380
64736
60907
63340
62550
66507
58394
61169
58064
57943
57174
62382
65579
62803
66842
53407
54611
53625
67370
57802
66528
54633
64358
65765
55340
66133
66942
65217
65043
55011
60087
57122
53044
53439
63886
54919
58608
55882
67126
62942
65284
60599
63458
61753
66910
56135
62918
56731
65115
64633
56230
57256
55027
63276
57916
53540
54058
67585
65117
62186
54576
60417
67024
58304
60758
55820
57267
65072
66613
55205
56835
65067
59291
55735
65831
62780
60890
67329
56817
59424
53689
53429
62825
53761
65490
61026
66543
56135
57842
62658
64913
60005
63162
60535
65790
64634
56882
61165
53340
62509
64409
55711
54107
59218
61701
53570
67180
64057
58890
64296
60463
63534
63281
62772
56768
55232
62199
61404
62645
62106
58594
54527
56219
57211
54448
60934
67662
64538
57908
59055
61866
53821
67509
63722
56760
61861
65035
63458
56011
54425
67106
55073
58909
53715
54414
57760
67571
56492
64807
53818
54478
60529
58828
64407
55187
66869
62826
57258
67201
66880
55220
60431
59645
54205
60298
67178
54820
67382
55127
55595
53720
55239
57084
64972
61702
57775
58807
56009
57245
55364
61181
61150
53426
58130
55809
54948
60015
60506
54864
53441
56414
54707
59958
62275
66641
65530
57488
64154
53681
63274
66961
65100
57097
65074
64457
65312
53325
54672
60929
53079
61048
63560
54785
58498
65354
55439
53881
65757
60363
55361
67179
63155
60945
64488
55596
53496
66829
56010
62706
67676
54606
59150
61857
53201
55461
62805
57241
57910
65222
64802
55815
58580
53563
59317
55894
64941
58685
63352
58525
58173
64708
60063
52996
53686
53547
54902
64286
67454
54486
61064
56613
63397
65406
53804
67430
57995
56151
67701
53204
66924
53661
56932
57141
64646
56362
65758
62284
54787
58931
61163
67165
55421
65473
66781
53371
54424
60986
65803
67024
66909
58855
60352
60096
55596
55819
65225
58528
61448
53711
65611
59728
67084
55619
60615
63580
59622
65275
56898
58703
61332
56376
64057
59461
60729
55931
59694
54055
55743
55563
54817
57650
57212
62834
56209
66972
58849
63720
63843
66830
56152
55915
56148
62365
61891
59883
63553
60930
56568
53100
55840
57582
66595
55313
55922
60588
58007
61649
55443
55732
65489
53559
54161
67284
53054
61982
67495
58548
66036
53398
67355
54031
59314
59145
54260
53807
60056
54441
63449
57188
64330
61752
57446
57471
62343
58122
65180
56198
58439
54706
65053
57423
63396
66185
53885
61595
54045
61837
65386
54063
56004
54133
54259
55244
65345
64847
67682
54326
56444
58122
54320
59182
65832
63772
62325
57020
60062
53110
65425
55651
60112
55496
57202
64513
64941
59232
63366
64594
65106
65167
59637
65482
66006
53802
58160
55359
53515
67627
58974
57827
62587
63073
54199
56802
55529
59250
55470
57515
53816
57182
65455
56338
63238
56853
54278
53339
55512
57564
60615
59624
64439
60367
64054
65179
65976
55366
61000
62794
56638
64014
59276
60505
61494
54675
60826
61407
67010
58985
55337
59350
63050
56765
64735
56007
55547
61966
66218
56816
59254
55980
62701
57751
67260
60219
55291
63109
63643
55527
55301
60876
56949
61345
59192
64830
58449
55380
59846
66111
55044
54694
55305
58221
59103
56098
56487
61671
60755
63312
55509
58636
67447
56229
67247
62368
55957
55721
57171
53686
63675
59464
66326
53567
67612
66874
54271
60378
66229
56186
63708
62193
65746
66043
67546
59828
56275
66741
53737
66539
63128
61480
54570
55692
55146
65584
66716
66019
53235
58329
59355
62876
55973
57050
63335
64213
61638
55212
53816
64793
61726
66636
64623
57681
60176
59407
67371
54042
62393
62256
54378
54118
67044
54855
63106
55224
57713
67529
61261
62475
67678
59384
55658
53231
58348
60429
65747
64325
61868
59371
65762
61742
59765
65048
54496
54810
53852
53426
57230
62722
53247
55832
64374
54700
67338
56327
60597
55041
55981
61420
54328
62853
63315
60888
53179
56614
66589
62221
61670
66572
62310
53884
59086
63144
67142
56899
64389
66203
54108
54381
59167
54486
60905
65326
54337
55164
56339
55808
58952
65615
61386
57557
63199
57287
63345
66893
55394
54579
53713
67540
65964
62135
64277
58791
53919
58535
53793
59199
54940
62255
55253
59816
64167
61559
61852
56997
64082
64789
63184
54018
59407
61617
61154
64566
57060
63503
57947
55122
58129
57437
63072
65728
67381
61676
55856
59468
59125
53249
57793
53788
59168
66814
61887
55464
67207
54684
55277
56226
53097
54507
56146
55789
67260
66983
66486
61086
67162
65102
64781
61318
64494
53476
63923
55764
53862
63512
61928
58592
61607
63428
59426
57300
61062
59389
61631
59480
62520
62426
58032
54961
66140
54125
54832
55559
60678
58667
61512
57702
56136
55792
61324
58826
65400
63311
53112
55451
64046
58750
58423
55796
53814
57002
67541
57558
59688
59575
62102
57445
60615
54098
65014
53026
64322
53843
67710
55555
62676
63619
60557
53662
66203
56067
64596
57658
56371
62534
56494
61711
57185
66115
57883
58650
63043
63868
55511
65276
67573
65951
57073
64131
64842
57870
60906
56025
62766
57732
63452
59978
60519
54557
58752
62262
60198
54323
62009
59651
65832
64608
66722
60511
62742
61039
54334
55165
55181
63069
67003
53206
56703
65311
62980
53643
53274
56358
64021
61721
54733
55668
65380
53504
66480
58381
52986
55097
55449
57265
61213
56110
60422
62643
64194
61178
61913
67269
54018
55946
59244
54167
65226
67433
58970
59114
66074
64396
67347
53684
55375
66865
67459
60247
55623
63718
66949
62863
55624
65630
56786
64543
65113
53193
64539
59635
65509
58034
60647
65977
54867
63062
63657
63267
55841
60053
65402
54458
62203
54445
55396
63082
63027
53079
67262
58757
62812
62966
59478
58464
54059
57646
64414
58034
56418
53507
56524
58002
55997
62997
67236
60410
67531
64009
56097
62918
60682
62797
56014
59237
58306
55780
61147
53953
54721
58535
67616
65580
66443
62650
54125
53308
57435
62143
56820
53432
66152
67612
66778
53313
58614
54736
55646
54631
55861
62723
57429
59143
56512
55309
56173
54331
59374
58456
56310
62698
63204
54993
57738
55160
59364
54189
65162
53905
61359
55219
66072
59418
55814
65155
55619
55128
53406
59720
67447
63845
55981
65861
66699
67345
54259
61426
55268
56574
64938
55185
63715
54116
64486
54922
53966
62989
54751
64462
66052
63033
59927
61052
62559
54893
64504
56563
56048
57465
58526
57436
53435
53324
61588
66441
66336
62362
55480
59323
58624
58292
64866
60924
59153
65256
53459
63018
56973
67041
65121
55498
66732
64008
63046
62961
54795
53696
58382
58042
63515
60740
64031
60019
53368
57975
62817
58533
62235
55791
67609
55093
63744
57889
66408
60759
54170
53488
57873
54281
66435
63914
61682
53616
63671
57135
54199
53503
58531
64362
65944
57365
53771
54370
65866
63602
66726
67563
54156
62091
53181
67208
66810
64987
59721
53205
57812
60046
55281
53251
62913
58247
64404
57470
55439
63373
59472
66018
63143
67107
67647
53783
59966
55920
58260
66820
54926
57513
62061
56275
59922
65897
61024
65732
62186
67004
55596
54050
65676
67176
62856
55291
57717
64316
63063
67244
63793
66236
54865
66507
55228
65052
61144
65090
55595
54406
55396
67383
53057
54889
53974
64555
55923
61520
64629
65756
60688
55240
60441
54511
63818
58167
59211
66229
58053
66288
63184
66542
67043
53633
61353
64775
57033
53201
56287
60550
60354
56767
65650
60902
66391
55711
59989
54274
53883
56858
61391
55609
64400
54902
55276
55562
63918
60681
65280
53963
67375
60945
65405
62527
53584
58156
65319
54199
60591
57661
53654
54259
55645
56321
55786
62890
61957
59819
62884
61009
66443
53018
55461
55106
55779
62727
67523
61997
66802
54474
55144
62327
65758
58533
65952
53672
65541
58494
55799
61476
55810
60223
61995
56460
62207
66352
64020
53900
67192
58862
66556
55207
53318
58620
64362
65484
54329
57320
62361
62727
57361
55358
56358
55443
53650
65043
56019
57633
65058
53570
59594
62338
60506
61475
55404
54630
55089
59864
60557
63533
58301
64991
53616
58303
62529
64257
55198
58027
64293
56620
53499
63658
64945
61302
62007
58472
57175
66761
57067
58119
56888
54029
60307
64570
60127
66070
63575
56441
59810
57318
62646
60598
60416
57374
58103
64821
59490
64916
57286
66933
58228
60441
56585
55358
61730
63404
58012
65257
67073
63422
57900
66150
65180
59523
55602
55523
60187
55732
66679
60945
57815
53940
67610
62246
65545
53906
58311
56945
60334
53214
56716
56973
61797
59803
58513
64193
67516
57718
54275
65102
57228
65702
56420
64844
55867
66255
55461
62234
59280
61163
67244
62904
62820
65534
63469
62531
56269
60950
65867
61538
56345
55518
55464
59149
60140
56351
67187
56186
63098
58477
63333
55537
56793
53045
54767
60590
65663
64729
62334
63837
56118
62936
60193
57877
65626
65743
58153
61459
58428
54096
66647
63448
59555
61017
56778
54384
66161
65277
58849
63176
53118
55017
55491
54889
64782
59169
63779
55004
67244
62296
62717
55785
56548
54779
55980
56489
56101
66531
56840
53735
66814
53915
63879
56488
61920
55276
56728
66366
58025
61995
59030
56157
64005
59066
58214
56058
60848
60380
53322
66980
55765
56159
66959
58024
56050
66221
59682
55475
63653
65269
56660
53343
58453
53069
64743
61422
64969
59101
55450
60365
54215
61254
56213
53711
57237
60411
61393
62703
64957
66338
55771
57125
65711
60347
57920
58843
65660
53361
54107
62735
55192
53520
55873
53956
67271
54949
65706
61414
63567
57693
58646
63168
54436
55533
64701
56423
65363
53379
55899
63974
58978
61213
63995
62613
58174
58273
63791
65599
64402
53505
53849
56417
56975
54518
53653
54859
62354
62499
62853
66902
60694
61166
61141
60123
54949
67232
67490
54718
56726
54371
65433
58296
67206
64306
55098
54221
54745
56972
58695
59544
55444
55730
58013
53545
57714
65338
61037
61501
60151
57870
59272
53876
55968
57410
56179
59758
57399
59083
53119
63684
54815
53044
65331
55346
54632
54465
67554
57474
59632
55398
54274
55545
61176
62471
61654
64807
67150
53372
55225
67682
64309
54406
55431
64208
62131
56895
56125
58855
54527
55752
55922
63452
65402
65005
60606
63948
53812
55810
65539
54244
61034
64047
54196
64801
61306
63966
66876
58123
65649
56153
61603
55452
53451
63043
67619
66880
64908
59189
66733
65791
56992
64941
56956
62569
56296
65108
55409
66484
64417
54741
60983
61356
54593
56193
65087
55299
53714
53795
66588
60381
66676
56891
67314
56389
53433
57048
57663
53876
53242
64933
57028
58863
55878
66227
65967
58263
58475
53960
60498
55980
55944
53745
64037
54186
63830
67310
54633
58604
60556
63946
58152
59931
60798
67461
61622
55255
57647
58762
62497
53625
63450
59399
54859
62892
60179
55388
62914
63673
54555
64508
60497
58868
58147
63461
58924
57284
53689
56574
57131
64840
60264
57615
64261
59447
64592
55714
58770
58037
60749
59264
54989
53433
61918
61625
66234
65975
60565
66927
65814
53446
64076
57972
62557
66255
66230
53182
64860
57721
56368
54564
57299
66799
55649
62222
64153
66414
55520
56484
55849
57163
62007
64581
66917
61954
58866
62069
54791
55257
60217
60155
67465
60867
64756
64339
56189
54367
54902
60120
63094
59925
55853
60725
62924
53057
65213
64930
67503
53277
65416
59003
58940
58974
65534
52976
57565
55311
66904
59571
63216
53763
53772
62945
58202
62271
58963
57485
66804
54671
61143
62855
61757
55567
65897
65106
54763
53225
59197
64707
63376
60315
55279
63583
66891
55739
60424
66595
65420
64077
55588
61001
60788
64545
53706
64679
62954
60840
55904
61113
64951
59654
66842
59005
55807
53730
57422
61848
56527
62609
66321
54521
54408
67090
67226
64680
60790
66991
57846
53191
66015
62867
61875
53788
62146
57545
55963
58536
59456
53373
61244
55137
62289
54519
62297
54478
59769
57438
67603
58493
55154
53597
54495
61392
54518
58442
66302
67556
55476
65857
53898
60966
61573
65605
54392
63237
57486
61185
55048
55290
59889
61681
59836
56721
55546
60911
60799
54234
61317
56217
67537
63347
56288
64617
57523
60081
55420
54753
65170
64018
58928
59316
53496
55578
61917
53558
58073
53801
56218
56094
54414
59622
56078
57784
54054
60772
54012
65177
59764
59481
62506
63291
53048
55771
59374
58090
58831
62989
58854
58759
59233
64150
61544
57100
61721
57475
56480
60361
56302
62032
63767
59521
64349
54389
55327
60134
62912
56665
66237
63511
65015
57167
67238
64400
53244
59883
55227
56920
55766
63826
55630
64318
59879
62581
56752
65064
67106
61134
54459
53555
65733
64898
56850
54651
61483
56798
53421
58840
64990
53003
60119
62381
58557
58148
61466
55907
60453
64121
55763
53260
63463
58070
55604
58733
61463
67220
62804
65911
54905
60969
62819
57108
55754
58972
66052
63306
54991
62267
67750
55591
67043
55586
56767
61697
57435
57307
64167
60594
56913
60186
65814
60326
54868
64999
59485
53149
55529
64320
57990
64645
61474
61481
54272
55270
61126
59955
56089
58446
55938
56877
67043
66054
56066
53878
53928
53641
54360
56418
61003
61068
62586
62175
54334
54127
55599
59405
53662
58529
62539
58129
64798
55203
59356
65526
54385
63861
60836
56227
54721
53914
63998
59321
57761
67285
53228
60094
58248
54943
54339
58536
62815
57717
60375
64095
57146
59987
61613
63829
59537
56919
60226
64165
64251
55765
59034
62583
64210
62569
58248
65383
55377
60207
56819
59487
56389
61543
62285
65229
62413
62032
56514
65796
65451
57216
66901
67532
63128
53822
62617
63970
53080
58278
56396
63727
55741
53031
58934
67449
65616
64347
65588
53449
62366
56486
58931
53251
60258
66440
59513
58614
59854
65926
66365
67142
54759
65704
53156
63656
60534
63793
55191
56029
62075
67135
53316
64361
66703
53276
54370
63748
55345
54503
61003
65991
54190
57655
67686
55282
54997
55812
58383
58535
63805
54907
53848
66076
55963
57295
58038
55304
53142
55888
54398
54444
63776
55044
65061
58758
54798
66088
54373
53993
61744
53927
56882
63381
54617
61332
64437
64950
67602
65716
61387
66129
55027
54502
54477
66607
54792
67488
66881
53352
62245
62818
66607
61323
55804
60099
65889
60079
62639
58260
64609
63341
63321
58753
64524
54741
67353
56761
66576
62191
53713
62304
55202
53729
56158
54737
54663
55345
54256
55760
59270
61173
56663
55409
59800
53851
58220
65141
54396
54267
62490
53354
67308
56057
57925
58703
54316
65926
58855
61751
53762
65689
56942
53467
65903
56130
53598
56718
53909
55161
64769
56079
60728
64911
65220
64762
62193
55001
56934
66924
57989
63894
54022
62597
64294
55706
58877
65442
53812
53104
65871
58512
62684
60217
53971
53838
66871
61869
63709
67752
56401
59204
62642
54272
55750
65548
62445
57803
63809
65747
60895
53235
67431
55802
57499
58064
55206
56092
58852
55916
59252
58374
53936
53612
55164
56116
58538
56055
53517
59333
53847
63384
67149
60458
59016
55182
65826
58950
53161
66504
55265
54373
67590
59335
54545
62694
63200
67514
58119
62885
66270
60455
56508
57975
60203
61392
58211
61800
58430
54221
66258
59508
56010
66204
62813
57991
67381
62145
61577
53113
64091
59085
66868
54181
62149
55307
66161
54475
58484
60405
60199
56704
61551
63251
54499
59652
65113
60435
57569
64446
53291
55909
65661
62071
66765
59050
55883
53492
53002
56078
53797
58012
63861
55352
59856
53855
67334
61982
66669
57472
67114
54415
67002
53928
62976
55810
54416
61094
54126
57188
66257
56646
58657
59652
59789
54520
58150
58510
58389
64622
54667
62746
64447
56887
61245
55337
58108
55428
60279
57946
54313
53275
54504
53086
57810
58305
56778
67340
60747
63150
65946
65131
63965
62271
60697
64757
54073
57176
55220
66105
55312
60156
56097
58890
55148
64806
65010
58807
60979
59878
57348
56434
55949
60826
58475
54188
63556
65443
58956
54681
52991
63088
54924
54536
67297
53131
56163
65542
56004
55660
61111
57543
61695
65064
59110
63631
56578
55790
61719
55008
59903
55164
55869
58251
63803
55556
59277
63374
60419
55223
62933
58459
57962
59497
62192
54167
64148
65985
55423
55224
56891
58412
61320
54584
67295
67699
64744
58526
59402
64900
59566
53741
54196
64076
66977
56071
59537
66207
59281
55605
55278
58600
65161
60668
55571
55103
55433
55589
54268
59946
65247
55549
62573
55534
53225
58292
54790
63140
67330
55840
56234
59892
63726
63996
53348
63878
59167
53756
53845
54650
55126
66396
55487
53437
60295
60861
60045
59516
55649
54917
57622
61756
62788
61268
55939
53851
53380
60159
55464
53993
61061
55512
54282
55433
64960
61160
55552
58866
64552
59366
54482
57268
65716
53668
54396
58229
61269
54107
56199
53871
65048
59871
56137
66420
67448
54178
60205
62373
53919
56073
64789
63083
55616
61317
57329
53688
57631
55947
65533
58636
54397
60250
54602
61213
53624
67545
57394
67352
58521
55909
62964
59586
64353
55064
60538
66997
61200
63073
67602
64459
65711
67190
58484
67301
54177
66124
62932
62641
60006
64878
56858
53392
56303
58522
56211
54934
67109
53830
67136
63852
64832
60836
56871
53826
53900
60563
55640
54148
65017
58712
54707
62997
55151
66783
64770
56009
63963
53709
64428
53778
63219
65204
60068
53743
59272
62342
58945
54889
53931
63424
62495
53363
60451
56874
53305
63241
60481
56029
66553
60758
59233
66113
66012
66333
59436
63439
58126
64169
56241
55604
63636
55754
54133
53593
64312
57523
65907
56841
58644
58011
65572
58330
66793
53185
67701
53577
67412
63471
61953
60194
64767
56604
54885
57625
59081
59472
55354
56144
61534
53022
60863
56032
60686
66271
62111
65601
65816
60563
53394
63410
56445
64120
59365
58483
54344
58861
66273
53427
66135
65930
59616
54369
54938
61616
56044
56509
65246
64391
59128
66954
59165
54210
64685
58037
58945
54438
56687
64333
56591
64711
54530
55908
63795
56312
60183
66436
53829
66618
54488
60418
56058
66620
65797
65516
56448
63411
61592
65768
54143
62037
54929
60771
67501
53278
55592
56272
55187
67258
53351
53888
64074
56587
66461
61174
61685
58596
58063
58772
63638
55646
53662
57997
60581
53621
58316
62505
53950
66046
61430
66636
66065
56374
59232
57333
62443
63942
65696
62163
53990
62907
53715
59894
64449
62814
55785
55569
63081
53394
58785
59854
62900
63479
55150
62272
60975
55688
65327
65620
53641
55967
57611
53717
64548
54929
65412
54557
56820
64989
67319
55261
54625
62262
61195
62305
54986
65811
61065
58241
58648
66966
64938
63327
59393
54512
56515
53358
54854
53038
57283
64259
65762
53998
59685
53486
55808
54954
56814
54946
53377
61184
56093
53551
67689
59323
56604
64941
57534
59870
65120
57365
66024
66345
53495
55070
59102
53871
57850
59299
60741
59994
63082
61290
60406
65683
61954
67420
63876
63822
60773
58089
65602
62148
55983
55793
56590
53488
62661
60271
66027
67620
54302
57520
63607
53507
60466
60209
62201
59756
65009
65798
53906
55408
63499
57391
60488
54316
54944
55878
66445
55060
57650
62344
59420
64404
57747
56082
62722
66784
53887
54136
56034
58201
57030
59699
58183
63006
58384
60407
60917
65552
65678
66133
65790
59781
61547
53967
61999
61299
56436
54333
63394
57420
54596
63841
54933
56411
54586
53757
65931
53932
54147
67248
54849
62784
66464
58521
65964
67401
54069
62471
54868
55175
55660
67003
59588
60442
65473
67301
59639
59532
62478
59514
64850
59873
55639
62722
53140
57245
59360
57536
61221
53712
55269
57769
61737
65535
58651
59882
55282
54237
62534
55873
56000
53528
67500
64219
53925
58445
66391
59113
57127
63413
54260
54899
53914
65067
60496
61643
61849
57400
61769
64532
61646
64276
53103
54103
61397
56914
53613
54810
61170
57868
57404
63843
54204
55812
56130
53875
67571
65183
54815
59152
58318
54720
55812
61209
64290
55454
58957
56531
55961
56054
54714
53421
61235
61587
56928
62305
62047
66952
59478
58149
59177
67344
65227
54199
57814
53032
55043
64352
63592
64975
62534
65673
63128
57540
58247
55687
54985
55949
64900
67375
58433
65788
55644
53176
67004
58078
61132
54057
59550
56373
67323
55689
67302
55567
67134
60802
58615
64442
53233
53312
58611
55437
62041
66810
64652
60839
64973
59207
57428
64644
56172
62473
56846
66580
53764
64006
55891
64036
53573
53529
64463
53048
55619
58024
55860
54561
59802
66098
60806
57444
58320
54103
61756
57904
65461
55649
56840
53970
64099
59660
62756
60422
54277
54954
54314
53521
59944
65118
65923
53070
57145
61509
66581
57906
60387
65030
55306
61277
55223
62424
65260
55295
53976
54605
55974
67464
67739
62047
55417
58621
54184
64195
53699
57988
61765
65510
55148
55383
65472
60825
55454
55496
62277
58740
62232
60663
62545
53631
65141
53690
56797
59257
62741
55807
67708
61743
59208
54138
53921
59984
64672
64438
62187
55327
55101
54082
66527
60171
57278
60934
62039
63879
63501
56722
61461
54253
54715
62126
67621
61804
53769
64236
62324
54267
66505
67558
56230
67160
55324
67243
61197
62302
64014
60850
66157
65514
52978
62170
66467
55204
55177
62221
58909
64025
57026
58819
56313
60412
63292
59754
56540
54717
65784
55893
54180
54838
58167
61293
53074
67526
63890
59432
54879
54386
55794
53661
60457
53743
56362
63154
63949
56394
67194
66070
58312
55030
53172
54881
59712
56700
58376
61477
54707
64882
64544
54849
58509
63202
54824
62109
62938
67607
53088
57161
54504
63169
63704
53924
60747
61760
56737
56152
63858
61444
60056
66458
54453
65426
65734
55325
60687
56183
66052
61149
56422
61763
53677
55087
55124
53071
64737
60527
55403
65309
54225
54763
54014
60934
66757
55882
59520
55795
58597
66641
63503
60042
60328
56155
66095
67030
53026
63073
57576
53821
57515
64678
55422
65335
64810
55137
56170
56001
64906
63437
55272
60236
61475
55734
57050
55508
66850
59947
54923
56327
62319
57387
55381
60031
58598
53011
63683
58182
61628
53996
58565
64378
54818
56045
66016
56917
64526
62862
56359
59840
56023
66601
64715
63285
64579
54482
66943
60876
62243
63429
64075
63607
60391
62808
53323
66300
63762
58386
66369
66460
65352
53680
58115
58447
53633
61282
67495
53331
59750
66774
62888
64590
66216
67724
61168
53125
64461
60867
65719
63710
64392
56877
56973
54132
59106
53114
63815
65954
65122
56510
55287
62958
56619
63285
64538
63508
53859
53130
65238
60899
61270
64397
61236
60499
67056
57516
65272
58359
54622
56353
57319
66183
55063
66380
58208
64339
55780
62862
62658
56987
54330
55194
54782
60428
53162
57300
53365
61654
58531
54515
52977
56118
54764
66032
61263
66210
58188
59757
67423
62276
63533
67665
66247
65800
66926
63013
58143
54709
59489
62911
54331
53595
58831
53248
55270
61811
55346
55802
59491
62990
53752
57736
57506
64925
56269
56694
62131
54000
55811
62133
61874
57019
64200
60090
67266
60228
63518
60940
58650
54703
54669
53546
59350
66885
59487
65466
53059
61624
67663
62260
53797
63594
56162
60703
56057
58307
66259
66334
53742
55020
62393
58318
62235
67248
65436
54197
57268
66265
56623
66088
62875
53793
55682
64542
55393
54421
55132
65944
56289
63451
61053
61718
65942
61392
53732
59939
60837
62409
67323
65844
66068
64514
63015
54619
62903
62909
66140
56601
67441
53876
61261
66892
67715
56825
65485
55637
55156
60459
55636
57503
53851
63086
57951
54804
62153
58487
63387
53792
58383
61134
58961
66935
58615
56212
64256
54464
55494
66941
63435
55924
66849
56943
55596
66970
54888
65093
64821
58450
57666
56507
62414
64990
57850
56183
56446
60550
65283
56554
65199
59069
60073
53752
53069
62776
53855
62735
55148
66448
67088
59189
66670
56166
55169
53956
61270
62006
63313
59695
54608
65624
55679
54553
57905
54798
62158
63475
54776
67730
67752
58332
64104
54812
61018
64264
56239
65026
65554
54382
60819
55336
62542
54009
58722
66332
58383
63417
63627
62750
67060
56661
54510
55259
56582
60402
65735
54775
54097
65490
56435
54253
66984
58556
61291
53094
62132
66594
60331
62235
53503
58511
56816
63533
54806
62211
55039
63910
53137
61245
64306
60059
65305
67569
54787
64115
60314
57919
57448
66993
55075
55128
61597
66426
55343
59356
54837
64224
64302
63872
58729
67367
61211
66086
53866
66837
54791
57110
53373
66344
55806
60171
61966
55889
65216
61688
62949
62454
58756
62692
55572
53947
63938
57457
62860
54080
65965
64186
57507
65876
53829
65250
67387
65323
62654
64506
54842
67684
61126
64698
66694
62854
53582
67174
57618
61996
54747
61460
67106
64349
53377
53226
53459
67173
63160
63584
59346
54761
57900
59168
60038
64398
55827
59172
57172
67519
55385
54085
60685
63453
57627
64451
57950
57750
57200
53993
59005
60487
54438
61398
60248
61606
56940
61518
61440
54342
56646
55709
53798
54118
54088
55662
57050
64593
53723
53245
54400
57318
59860
56104
59676
60732
53550
61462
60726
56832
60883
56931
60874
58678
61096
66995
53699
65075
54166
65317
64876
65320
61079
53348
60754
54488
55454
60490
60313
67295
60252
66787
63475
66719
55000
55156
65534
66897
64469
53932
66966
59300
54666
67136
58845
65220
53880
65964
56708
59207
60283
60573
58694
62013
59105
62255
55426
58350
62439
56081
63938
57558
63987
65857
56657
60239
57502
67009
66048
67098
65653
64811
63036
53966
53694
55111
54712
58868
53840
55943
61096
55875
62413
61252
65440
55209
52979
55706
66814
59553
54982
63111
60371
56169
53936
63462
59806
65348
57752
67750
60750
61795
62707
56188
53603
63919
62937
62821
61973
63595
59482
56953
57130
64627
65743
59405
54425
62963
62545
65218
59396
63323
57048
53334
66216
63898
58034
56983
57551
59201
60559
67320
63488
65485
57748
56125
53622
54922
61891
56963
63834
56684
58971
61105
55511
66815
54480
55629
67001
59452
56856
54547
56236
64069
56347
57455
54318
66213
54106
64607
67648
66338
62890
54590
65465
64638
54276
56308
53963
53553
54531
64778
61596
55179
65832
62839
53035
62758
53103
65023
56439
53288
54401
56624
59220
65778
61098
56297
61439
57066
56386
66788
56193
54780
61135
55475
65803
67549
53519
57078
66016
62162
57660
54109
58567
59032
66231
55348
61966
63789
54058
53671
60604
60606
55782
56905
53043
55530
61456
53534
55104
53606
67101
67595
64415
53676
54530
62441
64140
60126
56379
62869
57605
56085
57746
56025
65369
58693
54667
61685
65958
53409
54351
56779
56804
55062
54554
54906
53699
60390
63781
55143
58229
57127
53615
65012
55358
54631
60680
61186
63590
55095
67407
58533
55981
62953
54057
55434
53632
57269
61790
58368
58259
53704
53278
54149
61524
58604
67492
57594
64106
61204
61330
59949
64940
60453
62024
53814
62074
66220
60026
53614
55198
64567
56201
54055
53450
54476
55368
57194
55943
57411
56510
65854
55259
53786
54425
55688
55459
65881
67644
56180
66076
56556
67154
57565
60624
58377
67625
65602
58536
59440
57310
63858
59814
58736
65715
67617
56819
56683
65520
64280
55887
65138
54948
62069
53674
64171
63291
63591
56925
61555
57925
65743
60382
63611
64268
65850
59825
59603
61136
65392
62139
62288
59009
53248
62219
65890
58969
60895
58291
61828
64143
65219
58723
65668
58506
65480
62341
55727
57066
62459
58009
66820
53286
59422
58278
54936
64483
55640
59672
65009
59104
67493
57761
53991
57578
53832
56034
64834
62854
63147
63881
64765
64180
64430
57754
57747
54768
54360
65493
54721
53655
58378
59837
61002
53094
53895
60526
54084
62497
65308
63074
61296
60582
53485
59108
60389
55278
55815
65759
62634
54225
58925
64879
65034
55435
54403
57780
58085
55259
54171
61686
65746
61069
65581
59402
53669
53319
57980
53255
55571
61153
61703
54452
59628
57148
59058
52978
58624
63588
57375
58442
53766
64214
58282
56340
55705
63130
65385
59944
59055
63059
64435
62584
56099
61390
55629
56139
60642
61369
66622
53530
60781
63032
53117
59504
65889
59737
60622
66960
64391
56582
63637
53767
65774
53897
64894
56697
64349
59319
57527
59310
58338
61833
62850
53913
59387
55973
62161
66023
54856
66973
62573
62782
54142
61801
53195
56049
55548
56112
53380
53826
60309
60745
56944
58197
66324
62844
58619
62359
56750
59361
53642
54349
54656
53980
54979
54771
58885
66436
56010
58987
55980
54740
61953
60685
53514
60729
65720
66456
54875
65549
54611
65569
65279
63421
64080
54376
59271
56115
56932
65467
60919
62743
53630
55016
63074
53739
53934
54977
54004
54261
54305
54798
61850
56951
56043
55228
58302
62632
64700
57886
66612
64938
60028
56111
67021
53388
63987
65627
54126
60798
54547
64015
60209
62812
66041
67466
53425
56676
53398
64993
63045
65128
60916
60491
53954
55881
53098
53757
54177
54844
64937
65868
56185
66268
58071
53821
54334
55146
57645
54364
55448
56880
65293
54241
67371
62448
57273
58078
63885
53639
54007
54532
54678
63638
53177
56752
55515
61983
53230
60313
65047
66909
56441
59875
62971
54801
53381
55769
55865
61706
60400
63294
66917
55967
53113
61054
65924
53036
65306
60425
66313
60884
60408
67098
64063
61119
56676
56112
55843
63609
54365
66211
53314
66182
62548
61793
55088
65481
61033
53184
66324
58545
56005
58024
63617
57299
66275
64253
54208
67571
61027
65170
66227
64249
62281
66687
59007
60356
53539
66282
57618
55302
55787
61169
65244
53787
53491
65112
63026
67479
59822
66520
59460
62190
55843
53020
57929
55438
56446
57671
56463
64767
55364
54350
55856
53875
53506
54136
57875
63587
61557
58306
67461
62540
67082
53589
66135
59795
58448
59492
54186
59600
64277
60406
61795
53929
57067
57978
53107
66844
56733
57069
63216
53503
53606
54176
66538
65396
56187
53823
58056
60450
65006
55262
61163
64585
55603
61639
53359
53588
58988
62163
54256
58547
61802
61219
53145
57158
54189
57712
67625
58810
60388
65620
53165
53016
54592
59056
65494
55520
59535
55579
61244
56180
55270
65033
66440
54998
63245
60014
54648
55680
62521
59134
60785
61471
60693
65931
65195
54600
65749
55313
55815
61486
55539
55348
53138
56811
62537
66913
62050
64327
55860
65547
57383
53530
57959
56072
53952
61941
58311
53139
53131
53210
61228
61371
53923
56995
59394
64847
64700
53918
53520
65204
55228
63822
66174
66246
66631
60720
67044
54113
55761
57497
54082
67552
57804
54092
53966
57203
55018
61128
64242
63576
56458
55469
62235
53854
54844
56399
52996
61225
57750
54287
56599
59945
56640
54027
62411
62534
57464
63717
56393
53813
65717
59728
55831
58069
58969
60158
55273
53400
64416
58168
65663
57488
54866
58713
54372
62309
55031
57321
66755
61106
53544
63419
55483
60641
61379
59809
53989
65143
59307
59410
56199
63653
62348
60316
56350
65221
64653
54526
62396
58113
54548
64233
59991
62633
67128
63997
63047
59652
63219
53933
61018
62796
63823
56240
66169
67259
55941
54094
59891
56551
60935
60925
57773
67322
56368
55886
63016
56583
64916
53411
60525
54623
65973
65385
53763
64351
62897
55121
55599
59242
53789
57940
63559
59771
65883
62755
64751
64297
60415
64870
54383
53036
58716
65125
58183
59994
56897
57217
62930
55027
60954
65575
59804
65451
58529
59731
53644
65675
57714
64964
58310
57634
60662
66444
53819
57867
57422
59152
62649
62269
61730
63066
62426
59801
66011
64647
54460
67559
54428
54060
60830
55872
57179
66640
65517
61465
53766
56416
67489
67104
61449
65782
66884
56613
54348
67050
62122
61692
63735
59071
65700
55053
59922
65894
56210
60265
62461
62585
62576
59643
66347
53895
67401
62635
53461
60612
61328
67394
67228
63799
56352
61872
56036
60768
54176
54917
59470
58833
53342
58035
64917
61799
53833
60217
67585
59746
61344
59113
59999
59586
53621
56922
66720
55084
53637
62653
63437
60470
61733
62138
65153
55592
57141
53805
60497
54222
60568
62214
60907
66194
60461
62256
64195
62009
67408
61241
66720
56279
57348
60625
58742
66368
60537
65733
62961
56377
62944
65550
54768
63510
53293
57127
65385
60299
53727
66867
65644
65569
66723
67496
55982
67175
60588
53187
59214
61637
64782
56413
66144
63233
55489
67029
64763
64949
53628
61878
64716
66128
53510
54015
67085
62446
54095
54190
67729
54791
53385
61541
55503
53096
62873
64292
53766
56923
65130
59989
65614
60632
54656
56241
57249
55705
67075
63491
63057
55993
66986
54874
64285
56014
63887
62156
57334
63700
67567
54767
54994
62212
53623
61752
56106
60886
62633
58931
58752
57103
53661
54809
54596
55122
58068
53318
58292
57597
63413
63105
54265
62134
57740
53010
61477
53460
59415
59780
54993
54987
59307
66423
58034
56973
65440
55912
66376
55161
56541
60548
67003
58922
61156
62295
53283
56925
53435
66989
62604
55750
67598
63480
57458
60652
54309
54430
57651
60064
66928
55229
61138
67570
59905
53847
66328
56348
64030
53156
63227
59129
57463
55179
61849
53013
64697
53914
62070
54627
54349
53714
65459
66532
58295
58565
59669
53455
63403
54962
63966
62868
54854
59125
60782
53878
55718
55999
61282
56809
53346
58472
62580
64621
64873
67305
61972
58294
67229
54090
64547
56428
64987
66516
55661
62020
60377
54406
53198
65753
55755
64341
58967
54840
65147
63371
61755
66738
59071
61297
64843
63037
54490
62465
61577
62486
54385
60491
54126
63569
60130
61743
65441
63214
55259
54375
59846
67619
61188
59063
54881
63346
60591
54752
61145
54801
53763
66210
63680
63350
65984
56376
55838
55650
63029
59871
59786
65165
63204
61666
53958
57749
60420
60880
63638
60759
53459
58283
54923
67752
59545
62624
65232
59662
59362
57802
53381
61074
60981
67454
57832
53060
62071
61839
59869
63035
63618
55144
57666
54033
56040
63573
63011
57957
57897
53989
53488
60396
60794
64971
60307
56998
67172
67157
53608
62918
56072
62478
65425
63073
54756
67357
62206
58159
58705
64087
53184
54654
59045
57011
59953
59052
62220
60891
62859
60187
55005
61111
63977
64998
62737
66265
54684
60435
53119
53752
57316
54150
65567
55338
58298
56938
57983
55364
64832
66061
58095
54246
58835
67021
66385
58102
59851
57695
61301
54279
65428
60321
55864
60117
60060
56237
63812
59173
55791
61775
57667
54315
53798
60078
67467
64479
62369
55859
54152
53393
53006
65877
60033
53223
57499
54245
56186
64713
57463
66779
59199
59894
67599
58015
61128
61829
56207
53924
61215
56615
53759
64346
56150
58895
63912
64485
57145
61374
57092
61757
58203
55850
58001
57543
66676
64963
60259
66512
59497
64156
57583
54426
60533
53038
54549
55391
64786
54865
55507
53713
59075
62745
62990
65755
54532
63515
58069
54769
57577
62709
63520
61622
64065
64975
58873
64948
53494
65537
55133
65103
64617
63488
56585
54398
58090
61256
53886
61355
59224
58639
58854
59768
56827
66698
55434
67749
64209
56790
61007
66952
57645
53230
53034
53926
59787
64249
55150
61291
56505
58824
53149
62163
65321
65516
54831
57525
56934
53749
64362
55451
62858
61763
64689
55038
64249
57549
63019
60642
60412
57673
67405
61553
60052
58722
57861
60405
60977
55172
63752
53083
57301
53965
53111
63846
57592
66153
66912
54559
65159
55373
53059
54656
54176
59480
53906
53591
64658
56027
61761
63215
56444
59265
65136
55876
53416
63738
66574
53577
56188
53363
67643
66615
57965
54636
60633
53266
66688
58678
55701
56362
61501
54188
59588
67443
53100
53364
58829
62768
57736
59332
62007
60394
65198
63449
67597
55879
54196
63961
67420
61463
62557
59558
58736
61451
65114
55638
54964
57076
61848
55055
54101
60901
53208
57913
53488
59825
56897
54497
65158
64492
54257
55169
57626
65776
60967
63812
61729
64840
60132
54464
55013
62298
64669
54503
65969
54154
53468
59995
57221
60071
58973
54374
58531
64692
53302
54725
54637
55953
63163
65981
62623
55676
67569
61445
65221
53405
54149
59296
56452
67052
55227
66896
62316
55102
63253
61207
57142
53235
57532
62349
67734
58816
61423
67037
63494
62003
53524
56599
60274
63083
57531
67574
67452
65886
54744
62925
55068
53409
61902
66915
57713
66912
61035
53115
63282
59425
65335
55627
55193
58557
53540
61237
53558
62163
67449
62987
55625
58194
54803
56612
53730
61993
54922
67512
56153
61628
66151
62894
58800
54755
61570
61598
63904
56561
67354
59291
65911
54065
57709
54273
53112
62727
54949
56468
57837
53243
65233
66651
66960
58522
61987
63183
58303
56969
61694
62996
55999
58450
56835
53140
61773
64359
55415
62517
60044
58086
53131
60580
66007
63260
53054
54130
67630
54044
54899
54086
64920
65914
60010
56328
63140
55253
57081
62116
66701
55036
59677
57091
61630
54351
60851
65422
59646
66808
53250
64891
60897
55373
56483
62605
56093
53312
62865
53567
66700
61189
55817
60416
59853
65944
65885
53276
58320
64277
55086
58787
58631
53524
55637
61092
65358
54770
54199
64889
55696
64990
63347
56502
55560
57288
62277
62996
62054
61926
54703
66466
61040
65990
55448
64688
66573
61376
60122
61744
54448
62275
63292
62147
58776
66319
58700
61142
55923
56661
61595
59749
54708
56808
63715
65832
61539
64552
61976
58657
58931
66968
67373
66573
53270
53005
62376
61020
57377
54170
63555
54728
64246
64471
54313
55966
54535
53150
53098
59119
63435
66547
55017
62622
66665
56033
59442
56489
62241
59770
53789
67222
57402
58542
64431
55473
55939
54116
53034
65212
54070
64078
55185
61201
59517
66246
54532
63413
66915
54182
53828
55298
59513
63872
56546
54693
61230
62476
60228
58255
59524
62471
64737
55568
60779
66503
53453
65341
66799
67192
54412
62417
61650
67386
63349
55771
59341
65247
63710
62814
62967
53206
60055
62894
62927
53468
55479
59090
54504
59320
62256
55234
60637
65947
64320
66141
64306
67264
59397
53209
55441
53579
63231
59168
57757
65878
54893
56316
54743
62080
64099
65557
64569
54270
55432
58838
67234
65286
59710
54549
60359
53947
67350
56241
54064
64526
55703
57270
67676
62650
60663
55606
62158
67165
58922
62328
58349
64543
63469
67139
57720
56912
56005
61398
53758
55546
64169
54277
55593
54435
64703
56066
59336
55118
58957
60443
55611
56136
66099
55824
54416
59565
53067
55066
53237
66108
64972
54420
66603
62267
63028
63292
62975
58393
61477
63971
53385
53336
54438
62430
58435
61207
58065
55717
67636
65096
55878
65912
59822
58471
55729
67038
67293
59503
64954
55115
64482
56057
56615
67493
59801
62410
61269
57829
61369
61045
66064
54896
63412
62721
65236
63903
64562
54758
54692
55441
53627
64304
61671
58603
62633
54300
59064
57702
54647
65662
66199
55843
63160
64058
63901
59258
66637
59581
55127
55485
61804
53117
67740
56432
63964
67194
63627
61590
