3209
5
14
1
539
2909
1033
1
2021
795
3921
7794
2
5
13
5157
134
1284
236
21058
35
10
132
172
186
113
38
14
3
7
44
33
3
1457
15
13
4186
10
19
13
48
2
92
1556
15
304
1
7066
191
16
127
16885
1
17
1042
248
86
6923
1549
1212
395
1932
6
55
4068
2
13932
15
23
57
8
69
10
76
23
555
19246
4
12
11781
7
70
2
118
1752
20547
1164
4810
1
35
5
2
2
39
3
86
8
1475
134
1588
170
17
109
822
160
1422
2304
1321
332
5011
739
10
5461
211
4
25
7
1562
2294
1
7
1524
308
6
1
7095
2055
394
67
257
7241
25
6458
149
16543
11
3454
6645
42
284
343
4451
520
4580
155
98
14573
10
30
198
535
764
1326
3748
26
2
53
221
3
11
20214
11
9
74
7
62
38
1
110
7
449
4506
372
419
832
12838
65
6894
2
945
1
812
5999
1
6
2
429
297
17304
161
9721
2541
11829
1
18100
18399
12
7731
6
14996
2736
12
907
2583
922
2
2490
238
2669
13428
5
3810
996
31
5
216
29
361
3
122
32
44
10336
16
7
3
3196
100
2
1
885
360
5
17
79
5
4
148
3118
323
272
11
13
4035
17
400
91
24
33
34
2
225
4618
3157
6
14935
16
1242
56
117
11263
114
22
5
11
15
501
10
106
149
36
2
6727
14220
733
4
73
2
299
3628
154
654
984
583
47
3
469
45
3
2
656
1621
215
180
15622
454
28
9142
707
104
47
7574
3384
37
402
17880
8220
3
12323
3
4
4152
6
73
2
303
13
7
553
2
1
4325
5
3
3068
59
208
9031
256
1537
185
172
617
1382
1
8
86
4732
336
1
4
1227
15
196
58
1
16
2
1
3235
29
130
3937
1988
228
19324
206
1601
2
5
48
355
1149
311
242
108
5032
2981
182
13
39
1
17163
5
13103
3
5689
522
12
93
19967
4
9
17
3
638
1029
2781
18
102
259
21
116
32
2480
54
14
3703
2
3
378
12890
31
36
94
4
16
196
19
11542
585
2
1
10636
13762
3
6537
2
17
5735
115
26
20631
481
41
99
5665
237
1
2
805
9331
294
10
581
14
1581
1
357
4656
2
10210
786
25
573
91
1
1
2
3262
45
2
25
24
13
64
193
5
85
74
4255
322
108
11975
3613
6
1543
2239
3248
21144
27
3511
4
6
72
2088
178
1948
2
715
55
8
485
4
420
133
2
3795
338
1
8
4791
754
16
28
42
45
389
6405
1634
1847
12526
640
36
1795
266
544
72
15
20049
673
234
22027
67
1399
17734
1
105
207
165
15495
1870
1
2400
5285
14
58
83
10085
3
24
302
2
5115
267
168
4
30
1530
4
13319
593
1
61
48
15
13049
3
751
4850
28
1343
5
1289
566
66
7
6
15
345
21493
15
7482
17093
2747
53
1
6379
622
103
2
7361
34
83
15
1481
11402
698
440
192
2
8563
274
7
2
1
9
52
3
1702
4
58
2097
10
5975
325
249
13
34
976
197
369
12
264
4220
78
6
170
590
1183
7182
1
141
279
2080
14
330
2
3
3569
217
1
18856
212
21230
3598
1878
2
11
11
10723
6
1788
7
22
8
1695
55
29
4713
111
721
20
412
15
321
3
1405
251
8
6
1803
422
4
314
1
99
8598
42
184
1
8
235
3426
19
1168
27
4675
23
31
499
2450
354
3540
327
4
2
22
97
427
9
809
3826
1
1090
730
3343
1207
4
2862
8
129
2
48
24
6
283
2
135
119
903
26
1
53
3873
12
701
4
4
329
7
18
2
1416
14454
275
8
288
243
2
2
633
2521
3525
157
3
3
14395
933
18550
205
10044
26
1085
2440
75
6
5551
829
176
185
610
13989
17
7668
10
846
9
21
8
6755
9255
17446
2713
1038
2013
54
4752
280
3
20296
30
2573
4
101
2702
39
79
3
4890
4
42
127
19
477
562
3
35
689
35
2
350
4
8994
16475
21
3
1017
233
6484
5
5350
1131
337
15945
73
126
2046
14104
3144
2
390
1
4
537
31
2
8
2038
3
2510
21
3482
1025
10506
2804
9217
1332
5
128
578
507
320
241
18
432
2
3841
24
13264
5642
14162
1
42
39
7
12173
4
3554
1081
1
1004
491
11
1258
681
9
11
27
194
10378
22
5
8
770
1359
28
2
8704
96
1
26
12
2
75
4169
15815
9
2680
1
265
7
3
2
410
648
46
91
10168
6
5328
16954
2
189
49
137
1253
1140
23
2873
18
2
3
8
6866
557
3
32
1064
2969
1997
424
19
2827
13818
6173
2
3889
992
14
15
39
2
4524
4135
169
2
1268
8287
7858
5220
81
560
2
3
2176
2
2
29
9
670
24
10
5782
2
4
3
40
1387
55
22
6979
2
11
542
11590
7
3
6
4
2
2500
10767
4950
3329
153
116
152
13
199
899
2140
3
4970
142
89
4
22
6123
17
551
3222
1940
2
7
8
175
819
68
2342
157
15369
219
5
85
370
15
14278
8
7
252
6838
211
2
36
16816
6224
111
17589
8
630
1
24
15
1493
2
65
163
441
12
4
7451
1000
4272
7637
4290
63
54
132
214
2
13706
142
4
25
4
11
56
247
5136
8
799
23
3
20
1059
11
8
11309
37
6024
12374
152
4
11733
14813
505
779
105
1
3
2132
8390
1
14753
3
10251
6
12
68
117
3
4433
386
1370
14
38
8776
13
167
3315
6
2850
607
19
15
305
27
605
101
892
1
10
33
651
20716
171
2430
20886
89
6591
41
6
2724
202
1439
736
167
21
13
10592
37
10549
1
7
78
28
22
40
15058
4910
1428
9
1716
103
2410
6049
3
250
14
487
75
10679
4
17953
874
14
72
347
1094
3
60
12
2531
218
262
63
11
36
29
1
3969
2221
7762
12024
14874
16611
37
124
120
8021
12123
8
40
50
41
1
70
3583
7
646
21
18
7391
8356
277
4487
9
3356
26
12733
3
10
4
914
576
425
154
45
9
269
49
18
10126
22
2
2
158
183
61
229
12
5
767
312
2
88
41
1217
2
12
19404
1068
964
7330
366
51
47
3
6
6431
16408
3
1
1
57
1840
526
2691
17233
6
161
26
5
3642
16
12785
16142
5
1300
1
51
54
417
1723
43
431
2
22
10294
3
8848
2323
10
2
1354
2
133
16
9
10
2158
59
16
131
9
68
292
40
1675
80
434
5
9369
6810
3105
7037
1
48
6
929
2
2071
21669
3
1594
1
462
10
18933
98
1855
43
6672
173
27
516
4
2185
1
2792
3005
2
21317
2
2552
1305
745
878
115
6073
2
5094
849
19643
6700
13
15181
10003
2921
514
19089
3718
5
2
17
1
66
408
14
296
1744
9180
4
17
195
2248
4378
918
13
69
1980
4414
12074
16076
6275
1178
1956
44
121
988
2167
19483
80
15306
136
77
9841
4
49
3857
415
2758
159
3764
7
64
2
179
5263
2933
20
21847
307
110
3288
6
5
3131
888
19
489
51
10
3
503
50
5073
62
1
6353
2
17023
222
12
7
12
2212
6
113
1
5573
6
1781
9
8812
95
3302
2
10945
1099
1434
18324
1
5
290
1
318
569
2957
14
1159
3
96
16274
627
14513
4
493
1862
50
5
2605
860
8
9
334
403
1103
2361
1964
12
1273
30
94
1173
443
4
5902
11080
9962
24
145
14336
11
1668
17375
1575
59
3
30
1737
16341
11
147
112
82
387
52
1348
19
245
2
960
143
15243
1647
1154
19167
36
2313
2
88
5
1
9800
1972
1909
20
471
1
5
1
18474
5
8153
146
2
90
6951
980
9602
56
188
192
90
19
1
41
244
4018
9921
9105
7923
81
106
7
1885
5
33
3
74
6301
32
66
107
11
51
87
16
7
224
163
4991
125
14
675
2194
3
7
11495
81
1832
9563
5
9293
1
2470
789
15686
6
5
129
373
6199
10
13
458
159
148
19
8
2202
5394
3
64
28
8
2
5
11
23
742
83
151
258
1
2
82
253
3170
18
533
3905
34
1
7
3
109
2266
138
263
52
635
174
7
5
151
8120
712
135
1222
71
16679
6327
1469
3
9
4830
612
497
1
2897
209
4
3
5372
98
3
10
8054
18
8459
10990
11
32
11685
881
21
952
341
524
3
2
4
7
112
145
363
21
65
46
57
1202
12
1
25
27
29
2
38
1766
326
2
3
1917
853
1237
14693
12
18
230
4
2
1310
7988
14
456
12
29
564
842
7955
210
7008
1924
46
1
33
483
190
4
1072
4084
19011
3
1518
4
3
1
270
3
375
44
18
2420
7153
10463
43
126
3412
220
1
937
58
14633
1077
1
15
1
18174
27
1
16
2
1817
6
466
2838
182
405
293
34
2371
13156
3
7
2029
11
815
2
399
4771
2
1825
6250
546
2815
92
187
1
6
204
72
313
1499
63
5307
32
2
1
3
7605
102
379
301
7301
165
2276
692
255
5
2562
9
6
14046
60
205
1569
5
4051
3
2
2285
16
495
278
3
69
17518
2
2
664
15558
19
2332
20
20
571
333
13373
695
2
1193
8
9881
3
180
1463
9
5178
146
5596
1145
62
16
21405
109
4
8740
23
71
5
6
1108
10
93
8321
1051
6
351
12223
19804
5806
4002
597
1661
4
5
298
239
56
3030
5
177
727
286
8669
10421
13210
130
7699
4
119
139
9446
46
1126
2
12681
48
11
6
33
240
271
3687
125
1337
384
12629
3672
839
6
4238
25
2993
6
12
50
13
376
69
37
4561
7212
1
95
2
84
35
1810
6
7
20
2
1
26
20
120
407
32
21937
3
52
511
5
4
13
19724
2
16010
1709
21581
802
20801
19886
6782
8
4
2390
47
11217
136
1112
1607
13594
684
93
39
61
1
316
16747
1122
2
107
45
60
460
773
124
436
87
1393
20131
18702
358
5619
3
49
218
14
59
105
1055
213
3496
13650
4118
31
12943
53
5438
1
7
3
94
10856
3398
16
6
2
3370
38
2
2123
32
3043
2
531
37
6511
23
6
45
19
11171
4870
285
1
4
17662
1
1
896
118
4
4
11035
3
13
2769
20380
77
8254
24
19
1512
66
164
2
643
473
60
1
227
4
79
2945
26
20463
6
13875
35
1759
309
941
5
1
704
5242
25
4
11
5759
13
1046
254
12273
3
2626
44
9068
1487
1
1
2
114
18
21758
14
364
59
4
2
226
1
2
29
85
3779
4599
662
49
47
68
26
5
317
8633
33
3093
3733
1
3
2
11
7421
776
17
528
70
10
231
625
825
1641
22
10
3
139
53
870
82
138
11448
20
15880
80
792
687
948
150
2
143
2230
41
3
4637
65
1506
6
9
21
709
1730
9524
10
140
1232
9
276
5
2658
451
8493
18626
246
1445
200
4
4307
17
9485
2149
4
174
102
2637
42
8921
1654
5528
863
4
5199
7
3275
3080
6618
25
8528
4469
87
17
760
4396
748
21
1773
2
6
1893
6098
383
5
67
4543
30
659
40
438
588
10900
3953
835
232
4930
724
43
11878
2
8424
23
1117
8
7543
968
9
5878
19563
3018
5052
11125
11637
18
5
3985
509
34
203
1901
4
925
7
3
2885
8186
7891
1
9
1188
620
3
88
21
43
121
1263
1247
181
3
467
166
2
7
27
123
9
4101
445
51
22
268
5505
3
30
2
156
4694
104
8
1376
31
8
97
548
189
1
96
62
24
972
40
11355
340
76
2
9760
114
76
1627
228
1316
1021
2
100
31
392
27
2
475
18779
7271
90
1294
13539
16
17807
10
52
7124
35
678
8957
28
13
5
1365
2
16208
1
4361
37
20
123
2
5830
260
3
8
3657
9
4
2
21
11
381
20
223
9408
3468
464
8884
77
615
31
18
12578
201
43
3
1135
1
5
5
344
2106
78
75
3
1
18249
867
2
600
1278
7826
1197
281
3055
367
1008
1
9
2615
36
1410
100
28
3
8
1
452
15750
84
34
2648
595
14
2
5712
479
18026
17
24
15
122
3183
3
3440
5
28
2460
352
2351
12996
6148
140
8
200
2114
4203
1
30
718
397
9
1614
956
15119
447
12475
856
518
20
177
2
667
84
7513
12424
11926
20972
18
144
2005
6564
287
2
9681
4
413
5416
2
15432
1
10811
64
55
1
4
9641
13483
156
4343
71
7
2380
8087
5854
1
2594
910
46
602
1688
57
348
783
9
1013
5483
4
10
2
1681
2063
61
757
5926
5
128
162
6
5950
2
291
23
7
2257
38
1451
12
