2
16
30
176
12
115
4
11
19
11
277
8
1468
127
98
3336
2
484
416
11787
979
16
92
114
58
27
7
4
608
7549
344
18
18
123
97
404
9
56
860
963
3567
672
184
76
4
204
497
14
31
17
3727
305
4771
3109
1
1
6895
137
3689
36
13315
41
7850
15751
189
30
26
14
678
6553
74
369
107
12
361
910
188
39
685
2780
1
64
4
4
19
191
3715
1044
124
550
14319
9901
6
1
6
8
53
17976
2
288
4078
13
234
186
2
1411
7555
161
2851
272
8
4
114
3428
5192
2
5143
10
3
669
7992
517
27
7108
314
364
29
6
12865
3
975
5
5277
20724
446
2875
107
316
188
460
1
132
212
1481
2480
727
1516
230
5
2107
30
2
62
3804
44
19
6352
10034
366
3498
4280
11
13057
1549
885
5720
1
1212
824
6873
208
3
177
19
7
16
1
1
2886
45
1
48
4
5220
61
19
5
254
1980
81
18259
4
14
828
102
362
5879
934
37
239
603
2
17
7449
1
4
154
5
206
4
14
305
18736
34
3
20
12
8751
201
1402
12845
884
6
49
211
4
110
91
453
163
5769
1
1590
2063
20402
15875
9544
3153
853
17
14
858
17
9
15
2
13
120
712
283
6487
915
374
17545
131
1744
75
44
220
1
2
1182
1
2914
11823
4
3
1366
7632
1599
975
845
8642
144
1987
30
16768
21736
4549
6
3
5667
2632
57
117
194
14386
186
4
1
56
38
632
321
3
215
767
4977
89
8
74
4
18
540
985
3
881
6497
13346
14
285
13
202
40
34
11
75
666
7
14
17
37
827
1994
594
9
6
61
6452
4
15
3695
57
615
213
464
13483
27
1
1
3
787
8
1457
158
106
301
849
126
209
682
2
234
141
130
1367
407
195
56
507
1038
1
34
4253
6347
3
8
4
73
21
252
6574
619
59
1733
96
337
17725
8
1025
1
230
807
14682
13
1
48
522
61
46
2
96
93
12343
32
7
9193
5
142
14108
22
263
819
9522
5
93
3
20
533
3016
44
9
10
2055
10
17
2610
332
1
13
66
1
598
5315
8
3163
53
29
1392
622
2
316
2448
9
3423
3
1
24
1
2131
2285
264
4828
4632
6
15
73
8
104
14
1
9
1615
49
3
2
20
21
21
2155
60
3148
270
83
6
239
2953
10499
209
1
866
17
32
6
995
111
136
86
32
1
726
10393
2828
1120
6
5
51
411
3
136
1
1790
2455
2634
11203
58
10515
16794
657
1024
4
457
215
18678
7
192
113
7543
124
429
17
3
746
3
3020
101
1095
410
1
36
23
15042
22
2831
54
3
13599
19
2
234
274
23
125
5
6175
1
3687
42
402
3466
5
2500
18388
598
3
58
3523
4194
17491
8
2341
560
434
20165
1
168
570
81
1
4011
103
26
107
88
11
1
1
18
1430
1290
111
12725
13
2
38
1348
7
1
1077
491
4287
23
3
12440
4
2
214
16
5200
11020
162
2
966
8
19
6
79
7561
25
7
2002
11
157
8
8
3
141
20886
751
871
1715
1064
11124
673
1
29
2
453
18
21017
20
2604
7
219
24
569
6
315
19
117
9050
754
7014
452
5
15
49
22
2718
4
7
67
3
938
13716
1737
2
5
56
244
11038
15255
22
356
6
15
1489
23
9470
2
228
19697
13336
714
3
2146
2
8
10
39
92
6018
15
6651
29
1116
9
96
25
163
5294
4981
230
8910
125
28
17
52
255
43
4779
2
35
103
278
12
191
1
7
39
1
2496
123
15171
552
105
414
8337
3420
80
2
3861
2
2130
10
57
44
1
470
8917
61
34
4002
727
3
8137
22
10026
16
509
118
2459
368
3271
315
2463
27
2325
5
38
1
1
112
3736
2308
26
9
16
5
1353
2
5
4
3554
94
1912
61
2098
809
1675
2
4
11
140
6735
15267
17587
51
4
8806
6
58
41
7300
2628
5
18245
51
8253
21
38
3253
766
15
201
47
1
84
515
17628
44
859
501
1357
3
78
1984
444
34
26
611
20
840
17
2
16113
181
69
9
30
816
5
2
6
8
75
3297
3
17878
442
17112
300
1
7103
26
7
6
5091
31
6376
1380
181
1051
6
3
760
5344
17864
3
1
10
15030
109
1528
40
631
190
2274
1254
2826
2
11898
1939
8068
31
2
8
2
419
15
2
9015
499
2
20117
68
6841
10041
11
1101
3556
2
9855
9611
2013
4524
11
6396
2701
268
77
4927
63
1070
50
4797
8896
2
14670
8272
118
203
19774
125
4
7
340
6
2
43
242
1452
559
94
6954
5036
16676
3
3
68
6312
14141
13170
3279
520
2162
2056
5377
4024
3
2785
27
47
6
2
3
5574
3
63
3
8
4290
2
36
1
1344
18202
198
1
2665
23
70
68
141
3
65
12362
1
3035
138
50
7
15
81
193
12430
695
2
16037
41
347
21941
15100
244
3
220
13
1249
3
7170
410
1
1665
1797
63
11
12956
68
68
931
921
3138
11
21
12
142
15531
363
2
456
1
210
2370
71
531
17
186
4171
1
3
1370
226
291
4
198
7
540
5424
2833
12
24
4
1
3
5
992
9786
6185
15
10
10
204
131
2
1
2201
1081
3
359
4
21855
9
21
1
3819
1
720
4
12132
19
295
81
1180
487
7351
4
832
11
31
49
38
2
5
55
4260
553
11133
1053
2640
960
372
1
5
1
16
1
9642
2995
8868
17
21116
723
2
110
19407
2636
6507
14
284
6
46
12508
967
363
21
16
23
2
12795
3433
265
771
2
130
2
381
168
99
23
9809
83
329
4
11
8608
19
3
2
336
4639
75
4155
14716
4240
92
32
17
93
128
1
25
190
3
2571
2
3
53
7237
6900
1
50
1168
22
3830
4
1
154
6061
6
58
48
80
15
85
183
2992
6714
4263
5649
16214
7
3439
16
2
936
252
3504
4745
12
92
454
63
3032
846
3356
624
143
21
132
6
29
8
66
2
12
3
53
9664
2
35
5
11
576
9
1133
16469
2242
447
68
821
4
10917
55
702
13674
2
4942
422
160
127
956
4227
27
8112
12986
78
719
1448
2
47
4
28
116
2326
6965
2265
10160
60
2
2402
475
162
280
29
18576
2184
65
1305
11
1
3
70
31
577
69
15
456
580
14341
1795
7
452
36
5024
4
55
920
6911
2
26
941
16820
10264
7614
1826
2314
3185
262
74
1220
20530
35
10994
446
8
55
1345
51
6421
11072
463
7
17780
331
6
130
6
28
2071
139
4
36
2
288
7
15690
110
13
2
518
13
6
6
2
19883
9236
307
12
35
32
4430
2120
306
36
2
2
7
57
14
1241
883
34
2
3469
6
13
3
68
689
25
6
4
45
19914
8011
16702
2
339
2
117
3
62
174
3190
2
6528
17669
666
5
408
176
37
3
395
8690
6884
1
4
11
9
221
25
5
137
1990
14
34
18
6814
145
9214
39
2
6
119
918
208
20
2802
70
2
3
154
14
151
18
3
468
215
4354
183
12855
542
22
180
1215
5760
9
32
312
4371
200
1
2
143
5
66
58
2733
24
129
78
472
318
19196
10
15
4090
40
8717
2235
24
128
179
15
202
3
12123
288
2206
2
1875
30
22
13
1032
1
512
2262
1686
1541
593
7136
19
34
1
5
2
370
1506
4
1
334
2
23
12
48
69
11704
2
33
48
32
3540
1
18
74
376
2051
43
2378
2
147
95
3343
2126
1211
260
16547
2229
1915
114
10
6879
636
1494
7114
4694
2776
664
11
4997
41
10240
3876
20627
1856
52
67
229
1208
150
85
11982
2
423
4
187
3
39
30
3409
11055
468
4727
172
1
345
389
4877
82
116
1739
1
15
21
5
10824
3037
1687
604
1
16252
270
284
3798
5352
1935
4839
260
9732
359
4059
34
406
6322
5492
7
10
12
4606
600
142
21
233
906
1
9507
13620
1
240
87
2772
50
4
82
5000
8
5071
2440
12420
1
39
5860
6219
8622
537
4
101
28
14
76
18231
12765
14241
1266
1420
383
1
5
2
3518
4468
26
3698
21
11115
54
133
10
89
581
10216
613
32
2093
1389
11
9100
7
18
251
166
3
134
11
2
27
175
12
1
24
190
534
13451
140
7740
47
16521
7374
1777
208
2
39
500
1160
200
13
152
159
4
9
17
6
8
78
388
401
15987
106
6161
17
2
60
6
1313
6
1042
3436
283
4
8521
5
1
8785
175
2
625
794
793
23
134
45
382
6
5
1092
7243
73
3223
15302
9164
5
5
2
1819
10
32
371
2
363
153
74
30
706
1
3160
357
7591
76
1754
1
36
102
4475
3873
2
2
12
2626
945
401
206
8
5557
887
1083
4
789
376
1
12
8324
93
84
303
1
87
29
9389
5
1
1091
120
20259
50
8246
787
9
21
1114
18
554
14
7031
228
93
79
171
546
136
1107
4
10200
3
20691
6857
7514
4
21449
55
10524
3056
4210
2153
1
3
27
2893
872
46
383
2
26
233
13242
1
101
3307
4
374
5962
3417
1
21
9337
20
3
483
475
4556
12
1103
1
5856
79
3
142
2599
210
4
6
13965
77
538
1610
675
185
121
2
15
115
65
30
340
153
791
206
4187
19852
1711
868
2
2
4214
2196
14330
5
129
6615
4
24
8
2791
147
3641
15715
79
564
3
285
5032
1953
842
7
61
394
82
111
1
4
9566
4
39
19226
287
17
1
29
4
21
753
176
7
523
53
16
2
8
6
24
9425
33
1
338
5711
87
24
4553
1653
193
15925
1
3
4
111
47
7620
3777
5298
25
20212
193
11
4
16
6
82
3675
213
12372
162
8
9
246
1
2539
21
17
2
38
6589
1633
14613
2587
669
101
3299
164
6431
4440
143
115
7
5566
42
9257
8931
11
581
337
3
3604
1781
7813
8
106
1
21432
17
7924
107
129
13
5
8
1445
18
13
12
51
1102
18839
5527
88
498
11
643
2
29
660
56
2089
2
57
799
100
14
221
50
9036
7
12019
341
1668
4
159
427
2
3
23
347
1067
3
90
2
40
136
3039
17
4365
17808
9
1442
3441
9748
17614
7
1
6317
4900
7357
916
22
25
2
8854
1130
4650
255
100
11
2923
2
198
761
286
6656
371
20243
6
31
20
7
20
14762
9740
6
2
42
3593
1832
737
57
140
12142
2421
5
132
21
2
325
2
476
5
29
610
2
31
98
1141
630
5
3
8
3235
122
3354
3
11
52
11
11
15350
7
12606
1998
3
9071
17
4
2
18
11
3054
217
15
17962
1
18188
6253
6
66
40
6998
9
7
5747
1
8233
4
6113
652
2072
626
5432
6103
1134
1
5
1
2860
1401
6
106
10532
2283
35
41
40
3
638
352
19805
14901
19
3
11
3
9948
8
4399
1
103
2412
8363
166
12410
1959
5
219
34
79
5
933
2
307
8416
2822
9
1097
1031
568
23
20
357
12
1037
23
129
1376
9029
34
63
23
124
248
63
52
18
2475
2712
899
9229
5
18619
222
3
3701
2
7
17382
556
4247
231
3
50
25
11577
240
305
501
1176
5
14659
54
5471
10344
3
10
11
9
538
10
65
7409
4
40
4
9
56
197
43
14
39
104
818
2720
12775
2
1350
2514
458
2425
40
18942
12
7
5
22
562
43
2312
59
4697
205
1467
50
506
2163
104
12
3
81
2
127
141
391
9
9
693
32
2150
701
89
1559
4
2204
3286
3
8568
18883
7
2125
683
4
11
805
1957
333
321
4668
5
16
19867
4267
3
1098
14
5
1020
269
8
2
3
5
13378
96
2
5851
7484
104
1829
75
3
5311
104
3842
5
1
56
17948
16
44
9801
393
17
805
13037
21
10
9
13
29
848
3027
10706
5
187
39
8
2
5976
63
4294
2
5618
90
15
12715
408
1491
3
635
15
42
5
754
3
7248
126
377
4690
15
198
6
2990
1
1396
8
983
2
38
20133
6
1036
102
2
1999
89
3372
2533
52
25
10417
1
122
1061
1
117
15386
5
279
108
4
2
4
23
46
8
39
16
322
270
29
2076
25
515
3401
59
223
168
38
10986
2035
1
38
18
1
402
12488
135
5985
202
5488
261
18692
2339
11185
134
21
191
12
17934
4
1227
17
55
863
2271
413
19
1842
1428
2289
1233
7420
2729
6056
494
38
6042
2741
4220
14
9
16482
2
5
463
123
417
2
40
19256
1
5
1099
1
306
1006
2
1604
247
17
322
4
2490
121
35
3529
133
5
151
3780
13
9
3
62
2815
3
170
6
78
3786
1
20
10
1
20
3629
223
317
7
1
65
94
145
25
84
153
7
1287
17573
1
3312
105
1
12
10
10581
36
10
330
115
147
73
972
13149
1431
2754
14636
15
5
515
1279
183
432
2
1
11
383
1638
150
37
97
15975
277
12
13
7203
16
7
3655
64
14152
43
2
228
2
757
34
2964
1055
10866
15077
381
42
5016
3092
897
4
6868
6
10590
1071
40
11
2567
4646
1
50
443
10
20
2
12
13
78
17273
9
3396
80
4
13
2
1
7322
16926
2280
4
3
20952
23
16
17
1
1504
4
4
308
7198
2160
155
53
7
4
17314
2
1614
196
242
192
2
6
1110
90
79
2
12
13472
3
12094
236
3
9185
196
6
10
5644
358
217
12976
302
262
14831
253
232
27
426
339
109
13
1240
96
4801
13
334
118
585
50
50
7
6
67
728
15
12705
11805
2
859
2
1
17463
59
14
1
1
2369
4
1543
2
7
6472
7
11926
1834
2
15
9
9157
16
9178
106
2864
91
1595
2432
7
75
47
350
37
180
1229
2372
2194
246
98
203
152
978
5
268
1575
4
351
23
35
22
2
1484
10
16637
14
14
12825
2
8389
3
10
34
351
8501
10748
12285
22
502
414
904
607
2148
3325
9078
1
9
767
230
40
1
7
26
6783
264
16000
16611
9
7899
5
4
44
636
866
2651
12
116
4
4444
2
224
78
899
3276
16443
47
7334
222
2034
69
18972
118
2545
829
6533
3493
433
3165
5
17
16939
6
1869
101
1551
5265
7537
430
11595
3
123
1
21702
9
12
33
7403
10832
20
3855
212
7
44
65
580
1118
96
22027
4055
108
1
1597
141
1063
9
1355
31
1
1
3
2197
1671
3104
774
126
167
11
21634
4113
18
1274
776
1
149
60
388
94
20514
1759
5
13
13770
20008
6
431
16
254
56
11
42
1
114
168
24
1970
181
1263
1236
2
19
6273
73
25
7
241
6426
41
1521
9
5540
3180
17642
53
5
4021
4985
1509
1594
1
5
3
6889
41
126
3490
30
6462
15
231
1722
2410
50
45
1
1
102
3119
2
110
2983
3
9863
30
201
19
5044
52
7692
834
205
139
4
1269
1899
2
11
1764
355
12
2918
11
6543
14
5689
20
121
481
3425
13
954
512
3
3739
1008
28
4
283
19
5824
6688
2
104
282
1698
2
18
1090
12449
16
2457
8875
420
1
3042
26
21668
1
2
6080
12104
258
86
2
12
2
1
2
7058
114
679
359
322
9022
1846
6
532
12655
251
1
8176
287
35
548
2
7
14
5
4145
137
2
1792
34
4
2
23
659
14
125
1807
4563
1
489
1
75
3
1855
862
11851
17300
676
17125
1547
1042
410
32
17
10458
3713
11291
6
1
5
13
267
551
563
1000
16075
584
2
22
3013
11
86
10540
288
5
17
65
18216
1748
13
11459
21583
25
20
31
38
33
242
954
5
24
168
6
3762
21
15374
2
1314
2
336
108
1299
3
716
3
2191
118
245
14556
834
1416
1076
416
11631
6
1
367
3263
2
19
425
8
335
3534
62
3795
6922
16
7254
1359
451
1805
2
3
1204
23
1
3
161
1649
927
1377
1
14843
19929
1159
5846
605
532
2067
18302
5269
10
78
19002
1472
343
982
2427
3136
220
14
2985
887
18
1
58
1307
7
3573
9001
5216
877
11
55
8528
6
13367
11
13232
2
5458
24
451
1449
13
16
332
1
48
4
1391
1144
4
295
1617
2
41
2
770
278
1
27
6
11842
1099
11
39
1839
389
39
620
16
6
942
1
391
1
64
11531
15
28
2
3
5869
118
797
15
202
4805
1
2
6
1907
1730
752
997
1947
1
6
527
1770
1
8952
20595
2882
2
8508
468
560
34
354
12256
568
7047
153
103
23
2348
134
114
45
124
1
22009
57
10926
4065
249
2
90
1440
3205
617
1
8
1
5774
2
1149
13139
174
458
7311
98
14230
76
120
217
49
1
131
778
1281
534
268
8
66
5948
2354
239
61
4865
2
1546
50
124
5
10
12
1459
4
477
104
1718
3
4
80
361
21
1702
20
720
7
14
184
6224
144
34
5327
58
1325
9
7
110
2
24
1
453
4614
1317
8
3
10
10623
9433
8
4277
7
261
4
4207
7226
469
99
10
6
5742
450
9250
3046
3243
296
4100
13
191
20434
19
220
249
3233
11586
4683
4033
2
2
132
2
35
65
541
12
3
120
2008
12
1
299
26
68
541
353
2220
62
2328
209
26
7936
16
2346
749
579
229
319
8980
595
91
8409
516
14785
1
1145
24
656
3
18
612
1
1624
276
3238
5
11504
3215
62
2
4896
5707
12785
241
508
37
3
6
8
2177
4
31
165
466
2
20386
7
3531
42
2
34
11
5828
28
44
2
112
1
5462
388
10
6563
387
3
7260
5
8220
216
34
39
1
19
62
6
29
10698
818
935
16
1387
10
113
2241
350
609
8
21001
2
145
420
4528
10002
6916
20
6214
7
15702
4749
3
6
1596
3
44
109
1203
8
531
60
783
509
4
3783
2
171
2
224
5806
1369
8462
136
193
37
6146
12935
234
206
1539
369
4
6263
912
3
6
4
1368
19
711
31
7
13
4106
45
49
7
8737
2
17
19
5
8778
8703
272
152
207
885
2
18
654
315
435
290
2
2
239
419
3289
1
199
2
7838
64
6209
482
982
27
196
15629
2
21
1
397
11
9619
304
1928
83
11
11220
5943
87
14
71
1075
7368
1193
2900
2962
212
5505
2
16860
10208
6863
326
1
510
126
100
4
119
13119
134
2
2397
440
20546
2317
1003
164
11142
963
3
40
14693
32
20740
97
1793
595
52
2
1524
5680
1320
14
1
6229
7868
222
286
307
4
14196
13
1616
7
3
4084
32
2
7656
13
1335
2
16431
9
417
6
5
19682
2941
1
4643
6
237
178
14
2695
9
43
1
125
43
5
3208
1126
10969
3
2
807
225
4
131
360
159
18
2
2765
480
7
434
12
26
6
10
5135
23
65
1729
584
327
27
18
3399
185
3006
182
6646
2
2
43
2
36
3
3
330
36
2
4027
20323
134
6836
13
19392
172
110
2
45
8820
76
1038
443
100
60
1140
293
699
42
518
25
1956
2
16886
14
12
85
6
1
17
2873
33
9955
7
20
1579
44
732
2
5
95
12996
2278
412
75
1062
6
130
471
149
403
75
217
6337
10
724
49
196
21332
37
166
37
3771
1742
331
17
15
2380
110
100
241
120
1
3404
187
72
6
23
157
9
390
318
2404
61
2
1756
2
890
2
3765
1271
4224
4409
2100
2374
7674
680
20578
10
243
5
178
6204
13
4973
3598
1727
1
3407
10598
901
19091
3587
261
8
15507
5
3412
9367
19498
2471
2365
4
4320
7397
31
2
116
3512
12
41
14
6
10664
5
117
86
20149
31
4
3915
968
1372
2
934
4014
7650
12
1558
75
867
1
158
392
170
11
45
2
7716
1
27
6127
80
9
470
2
3
81
2
27
7
142
3
2
9
488
11
21
5257
5323
156
53
38
3
5
58
209
141
63
80
15764
5
7905
123
2535
15
7426
38
1882
2
10573
149
218
1974
1183
602
1
167
7
7
37
14948
215
11229
10
7283
8448
8
469
2
6
8
53
4
3
98
12113
4419
126
171
8182
62
7
879
2244
2
344
1570
3
8582
248
4152
1
2
5008
7340
864
8
2
164
1192
456
7
6037
29
1837
18957
1228
6
14443
4816
9
3
1778
1066
46
3
42
82
1300
72
15
7980
2
221
6
1
1669
105
3
10
6
4546
560
61
124
7
3
148
4
20
430
14
206
9687
1
3610
129
2997
495
1681
19
1973
1573
2
880
5658
18663
494
49
2151
18
446
92
94
173
9
505
299
20
146
702
33
660
999
9
3
1
40
18
240
71
8
1876
322
1812
14
2
2
86
74
1
1179
2752
108
19151
1
1767
252
688
14
93
96
1
3964
1874
3141
20418
9
272
8
90
10288
436
4030
1076
2
65
855
12
1
539
11
2
14
6756
6777
15
145
164
10049
2
19
7783
844
8118
245
1289
9
41
3
265
18
966
8
21651
123
90
52
69
49
10304
5
10120
7
10
12
21719
10
11
74
8
7271
426
1415
11
8
10875
13
7
2467
303
265
3638
14097
7
6
23
1823
5
278
6406
10
101
4
12537
11
5675
2
37
109
41
42
3
6846
327
1
8
1297
5
3
4931
1283
620
10
49
949
15
464
40
28
13
2
4123
77
8455
31
15838
158
22
127
569
10952
22
1996
1079
3827
10
441
1129
71
1
635
687
1
2688
247
126
4
394
37
1351
9
17711
4
21
1620
3989
151
10
333
2969
79
365
1699
3
13878
2
103
45
241
6
4
7455
1847
3
5999
9596
8
147
31
4
3
3955
2934
125
4672
437
4628
733
3
2
1
7
2
7526
5
61
4
1273
605
56
39
964
8422
678
50
1205
89
33
565
52
1158
101
924
6
811
49
1931
5
19106
27
14
277
3
1
14
294
1003
3661
219
2
231
19136
3
10648
513
4
3266
2
18898
2502
16913
3551
9
5
12
1853
461
913
14
8291
1878
5
797
2
14
3075
434
33
6
244
1
2
2438
7832
3937
2967
12665
812
10
2
128
45
20450
40
214
559
309
169
4885
15471
1242
1836
760
347
257
1725
302
838
6
16138
4
12
32
71
19046
25
115
6
20
1
150
5
7
182
12000
4
20968
59
4389
4
1
8005
3
9
19316
5155
628
9847
41
9411
2506
3
45
3
15
9
650
957
1018
11
590
16585
8
10081
3
170
7
110
355
11406
22
3996
12586
2215
16952
68
249
21249
318
17
11954
3
21
170
444
5787
4
40
12925
386
138
53
8
2724
2987
17990
3049
7893
18
13
392
18
6
7119
4437
7
2
35
293
761
22
8
56
6307
85
8
4
18
60
17504
174
65
395
25
28
311
2
7
257
4
61
1
19121
10
7
641
189
709
550
12915
51
9
2
7
1005
8
2960
9
4
23
30
31
60
6190
17920
9
7862
9
1
5437
2484
14866
52
321
107
542
3085
19574
63
103
84
311
10
39
1310
5796
640
5
12
21
76
574
2444
4040
10
11731
25
8938
27
19
29
1270
1
1890
17
51
6199
177
12028
6
55
5
1602
1
2853
21889
12
1884
7
616
17
17
10425
89
11
976
331
29
3
133
1760
138
6
19422
784
11613
1534
2866
1721
17477
1
3
153
124
165
1619
1263
711
11
1519
41
4
770
281
1
16201
26
2087
2
15243
351
246
2182
256
274
17
8
204
40
17
177
5107
2
5
7
2
178
2898
27
6
2
24
61
2976
21382
2
48
9359
12
20
14375
20
2
70
399
9940
48
14
43
177
19241
390
43
2
146
1628
1752
2
2
12946
59
71
343
8847
223
28
557
477
10248
3
1779
294
78
48
6
46
112
2
190
841
260
3158
97
3
3
487
2
46
514
6
908
271
258
39
589
708
18
98
3251
1375
7579
3188
203
6
4426
205
10
1
1136
12
1
2
6
1147
1
115
715
79
3
3672
28
2
7
58
18
41
3023
74
73
9763
6
1096
62
119
33
1202
23
2
14064
22
763
3
281
3
462
4873
200
11759
1
18
16899
2891
2102
160
418
189
99
20196
132
5075
5331
11
10272
8
4
2589
15776
8383
11238
2187
5756
3
311
8
1679
2869
2
5
3030
37
1
10
193
45
3111
65
4
14
1644
151
14185
31
8
9
155
18
13727
40
1660
114
3009
10639
4
504
26
21265
21
27
20180
374
3378
4234
14
3
259
467
1
1198
10
35
14797
8
88
233
2
691
106
152
105
11
157
1400
319
6
185
19
143
10
375
1
479
6558
4
116
87
1060
4675
60
2
5420
332
2
7596
1
436
3
37
20
297
11640
485
5
32
7
2
3
3
575
169
245
69
2
8
737
675
11299
4
56
1866
20611
3
5
7918
44
2
4734
16456
2319
11
1
152
3
9824
1253
44
17019
32
1
703
19713
30
1
7
2
7086
16176
25
4
667
238
1
8195
661
564
1564
51
22
179
8840
1235
102
37
14174
466
3
1223
2
67
21
11
146
12
1843
524
115
9626
10841
5
400
2946
30
10
27
269
9
3315
3195
2
782
724
1112
1982
12
12180
3615
497
2
4
3
2957
506
2618
6108
5475
9878
201
227
833
502
19
11012
5605
783
686
340
134
4
10491
768
8
9917
1
1
46
13610
19651
7231
2423
6
7
336
630
31
194
8
12170
57
572
88
24
34
465
8
47
70
7036
9581
984
73
405
1
12
15863
282
21415
140
4
3
172
581
7053
3
11
181
3836
3
264
681
1
710
5
3
4
58
20
39
1557
521
735
5
1480
6
3482
2
17794
417
13932
14
1286
2
1545
1
37
5179
2
232
3
5
13781
59
20
11
7
282
7
4324
1497
18345
2871
162
21975
63
1086
598
2398
763
2
497
19790
8
175
37
2
30
924
11
16650
29
1502
3
2
2581
2001
14
674
152
197
190
3
15398
46
8131
7438
35
11335
466
619
2185
1
2
5957
4
7
5336
3
8
13068
37
658
205
240
2
220
878
151
646
544
82
4
112
11916
121
773
656
22
2761
29
16
4
131
367
5553
5
15
13
6447
3346
775
124
382
56
7
1332
122
30
861
6740
10943
4
13900
93
21133
15
243
9
2811
10
241
32
8
1
2909
204
5
2352
13567
56
2
4
5801
29
961
17
2
230
101
5004
9243
64
4
157
1536
633
289
132
23
593
2
21
173
63
22
1119
4243
160
2
38
43
8061
2
449
769
11
3
503
525
4843
274
4
5837
65
854
8370
700
2
1
696
261
1
2
41
6075
45
1190
108
650
2
3745
42
665
156
5
3
82
4
13388
84
373
2047
86
133
8744
95
3
11247
20370
2974
16
146
59
821
4
1331
24
25
574
7844
790
22
2748
150
4103
1
203
6046
4610
1757
971
80
2
2
1334
762
513
42
23
3
13
3488
1108
139
30
1991
15459
17246
235
14465
146
6960
294
9352
28
12151
11
3444
36
184
1
31
24
179
455
5083
84
502
1
244
1082
365
14431
75
208
196
1
227
399
23
85
3968
43
10
852
14
208
287
17
2
4
22
504
7097
1
1019
8259
17836
89
2862
4
9
10
4
450
2
113
1226
13
49
3986
4178
3509
8
1195
2
56
36
28
1887
2
90
64
2408
2622
1822
2
15813
14218
3
49
401
2512
6761
57
26
25
6
62
1656
237
1
993
988
1
5
14
428
1
13047
3
9
8
8080
1207
7
6492
165
120
5561
20821
12
36
4
13889
27
7288
14971
15
162
119
152
159
5
4938
112
1403
213
34
4
32
2750
6
68
10360
99
79
1574
5
1
488
1
1
3
4451
28
8482
2
1105
2442
21067
1
218
19
144
2
3885
2529
2276
302
3
53
2577
187
60
413
855
2
6297
35
9008
490
28
5348
18489
5
121
18
362
4307
928
1
4
2846
1
28
2835
3
4
1
180
13
18431
11
6457
20
687
1
69
3097
7
48
9
18
3
830
10
2
21
131
62
3
616
3658
7125
14409
5159
11
6070
107
8555
591
178
377
28
7875
2043
5
4
461
6099
28
14296
9128
7
9604
18402
145
15
2
42
122
14053
4
14
20854
154
1
248
4
385
706
114
5
30
67
756
103
5119
33
15495
170
18721
1802
13
536
61
891
219
18117
12304
3961
6804
45
10689
1
9
2
9717
1
21482
172
26
3
18
7158
92
21
6
7461
256
506
11176
348
385
3485
18
5484
11326
10892
11695
1
2
320
6287
2527
52
2
13
27
19
1
11
2
3824
2759
71
1
54
112
269
573
4
146
1
4304
1028
1161
8298
115
33
6132
21
290
24
111
3882
2
3870
9
3
20935
19
4
70
189
3909
16
125
4
3431
1080
10
7
1
36
2
262
2
27
441
380
5
4062
800
4
462
1365
9886
4775
222
59
38
1230
4950
100
3131
7064
304
6327
4
13
3
9
1919
346
2795
94
3
207
144
28
6933
2731
139
602
1399
1087
7881
5
236
2451
9657
71
105
2
644
3
82
57
16873
622
1168
18
348
634
3
9448
21
1
14
16
4
632
4730
13
3
105
239
842
282
68
3
3349
27
9
398
1
2
4907
9316
2
2
21
901
4317
65
4514
1
4993
9
9396
2356
9
13846
12
2678
4
4
442
637
9
96
37
134
1710
8
1
4230
2306
11888
1
1891
4
3146
2115
6
3
7
48
1
99
2
142
1
405
8
16992
2516
317
18
23
2
5
11379
3
6
96
50
6976
109
10474
1
325
27
44
25
17752
112
4368
298
215
13
1666
220
12
38
863
4
15
2
362
15
4
5810
80
3
796
148
2
78
69
9418
1065
265
5394
7092
2
21
1272
946
13998
5
9
704
56
18
7758
12895
3274
72
2
3
23
228
145
134
7265
149
2084
1
504
2
55
64
4790
2737
439
12905
8
255
1148
2
165
4
1
90
5
51
2042
3
405
2
8
7
347
6
2
15519
2
25
4
790
11
3025
31
10
17656
135
2
271
93
6
17518
77
348
1
10
29
6
250
257
353
3258
45
10858
2005
876
72
10614
557
5
21282
3
32
2361
2735
8
12
11264
4923
315
3570
5
12
1221
166
20
14352
14924
12
1586
17139
8595
4
2
18
3
3753
254
246
3750
717
1346
1483
4653
6788
90
378
1
1292
324
740
2
279
20
479
3
116
1674
192
7
16379
15053
3
45
4592
1268
19331
2813
54
120
5
3
2746
7
3
258
9634
33
1942
843
15
4110
21
18590
73
1301
71
10606
3302
5
108
1255
93
140
3
1105
113
16
64
101
37
5934
14
418
7153
22
52
276
149
234
2337
155
1
17850
4
798
60
2253
1374
34
291
623
10018
588
421
28
19
15788
2
17260
366
3
6195
4
3393
1
12
7
9
67
7
12
138
1487
1560
409
26
2
10977
11
5733
612
30
33
604
17
7
1
2
7181
225
17
2
3
4
906
2
54
6852
1640
4
1
822
14960
576
2
12323
376
8435
263
7363
47
649
1315
121
659
53
919
543
1089
18
121
102
4482
712
24
145
1093
7
1639
526
27
19836
74
105
8357
5167
1
107
8
372
10
11353
13
146
2
15
313
3200
2179
7
7
2
406
16
369
1552
37
195
218
4
3
14890
2116
2
827
2
94
11317
4664
2
273
1363
2465
1704
70
4961
17
474
4087
1
1422
2
17
1
115
42
561
64
1
1
6
4
2082
399
681
18
3
42
19437
11397
2
913
739
1492
16
1441
1933
138
588
1783
22
10
4
2
387
6
1
2
5123
52
10
422
36
1
127
5
4
29
8
275
76
17
2
2939
725
1885
126
48
33
2661
259
2
295
7
46
62
19
2
157
18780
51
4
1259
623
32
12401
5587
11
3193
715
546
1993
4
2
9114
5
10280
155
4567
99
3
2
10483
740
19346
1
5
1816
172
20562
27
43
431
7
225
180
15219
5
13
7192
13
10
1
2
736
1381
10
2
2
624
106
2547
173
7961
1657
1185
119
171
400
360
38
4
103
6
18
4461
3228
340
36
51
11558
13976
4
4
4
7
35
3213
2
594
13
2010
39
30
103
42
87
2066
2
22
429
4142
10010
5592
1646
69
1436
20482
15
222
38
1
5040
121
4835
2525
2138
1977
7825
103
267
4361
2842
36
6084
909
2
1
7
21
15
2616
3
2294
225
1723
1
4854
2
4892
922
107
3
10328
4197
335
67
825
56
7175
11796
1
4686
68
857
2
379
211
4
60
95
1
140
3
4
18927
4
72
1304
6
246
5
3
1
328
14983
11089
44
17166
3924
4
7
3
46
20102
30
1
15727
823
16
861
2697
21
2473
305
15006
3
449
13211
3
6
1425
80
15
1782
139
183
2
50
30
1336
370
1
10673
3
54
2722
3501
7479
1021
28
8402
156
5
9994
95
46
353
4
10
664
9832
1312
3
14499
43
566
36
9308
3
1647
426
243
1
227
14
721
14
969
1530
12498
2
3
894
65
117
12
4
3
183
11750
88
3669
3
5048
4
6
156
79
1
422
25
1
34
362
3848
52
631
1034
89
65
24
231
1104
4
3
46
455
11513
63
9
3
1
2299
39
147
33
2301
2
117
23
3
16
3
1167
2
558
92
91
207
2209
33
5535
22
303
3
1
10442
1085
99
1
510
5
5
507
5
2
23
4
8208
2389
42
23
587
1132
16716
25
34
2
11604
3328
155
486
199
6
404
3070
2
1571
22
586
4046
10507
7626
2237
3707
7644
16050
1150
2579
629
21199
1813
116
1872
3618
960
204
3724
4
1146
662
259
2
3
955
11
12010
18288
14086
86
7025
1
7
3
16979
16729
2
5
35
671
2
167
2074
3317
853
85
5
6
11814
1
18074
4
1712
1
28
4
4358
826
38
97
3
218
13398
7
59
42
219
10934
14913
29
19
73
3562
318
27
1960
309
276
5
54
1206
4
5609
17
3496
23
15447
7
24
361
3
323
13419
2
5
25
162
2
10336
2774
43
8
1026
850
3542
2376
2
2133
138
11777
1525
4351
7
12
3002
1303
4375
65
3463
52
2
174
62
10799
15362
148
12
3
1
424
12208
5
39
10
4624
3
621
5702
69
4297
4764
321
130
553
5
22
729
348
64
151
1
9979
184
10
472
5131
37
731
2417
9
138
1027
2793
10773
24
11
1
2232
485
1565
1563
14
10
68
7
5
138
12
4661
8799
12038
1
328
4701
14009
4
987
13027
1111
17059
4
6004
9
1
544
9
1141
2557
524
365
443
263
4433
20
1155
8163
3
40
13493
937
4
209
15
5715
11
750
64
41
440
7
2
7
750
15
20
2
268
61
4493
161
84
32
10144
11
1461
9
151
136
33
3
11388
254
5232
12
12
143
566
287
10057
1
29
662
17193
22
14590
8
20708
18131
356
1922
4585
19
2
10557
27
46
5
6798
2
108
1537
2
5
170
2
1578
28
4174
23
253
40
313
8049
11
17
24
2
1010
528
1554
77
555
209
509
17032
6
2521
2
2
556
27
1014
7
6416
135
92
19031
89
484
13
940
4756
13706
4
18
2
40
4
10715
14042
14
33
1
407
1087
31
85
981
2
84
257
14567
38
2
5
25
17
1903
229
384
17395
3
1
2498
20
469
8
607
4094
2103
20789
4
10
1
2281
1731
482
19468
5398
300
5
3
3
3
914
457
122
2323
74
1
48
18
13
449
10
2
1405
70
6
31
53
1373
2800
4
55
16834
384
693
1434
98
20837
19
10
1267
12314
403
3
59
392
21
100
148
870
12
8
396
1945
1
1
5883
29
16
16
452
903
16087
986
155
112
19728
9537
2032
41
485
9
1799
97
20
1703
5
77
243
7819
2406
9
125
5990
2
70
973
7
6
9529
835
1418
13201
36
266
125
2
2
28
320
190
267
139
9
2
5671
18605
8
2
6386
5290
20039
202
216
11495
57
62
2
6906
2211
46
894
29
2
278
1186
2
959
2
262
109
1637
634
113
8429
6
212
5522
12616
46
2085
1
12
5920
4
3310
3903
1893
18316
9
1463
1015
2080
856
3004
9265
1810
5
54
465
54
252
87
25
378
13
1469
5103
18089
5373
3
128
8826
677
2121
7930
49
26
1768
232
7496
1927
314
18
35
2
18795
1378
2769
6151
36
2
8
105
16
320
820
139
1131
186
18532
128
4
1
10
2021
19821
1404
17
133
991
9
8
6
3
15801
145
2809
1
832
30
2343
672
1
88
2105
122
395
366
12237
26
11
360
163
333
1
75
300
10
1014
1
10128
13824
14
201
157
661
14252
190
224
19
35
26
159
8
194
4
154
3
240
18174
20919
1606
6248
745
3507
40
6548
15
479
3
31
6156
54
611
116
128
7
2
6361
13792
637
1451
25
97
11
91
5
1016
3256
2031
4571
2889
19666
4
12815
9
40
1394
617
44
33
20
589
12567
24
6
10
4858
6
6
5653
175
29
31
3
36
7
37
743
1
766
2
2332
19301
18547
2292
90
59
74
66
44
14
38
2
105
5
4783
5
8730
5
20
554
15
328
3733
135
74
654
5
529
27
1706
5
15
14
21
8
8376
49
13
23
5340
2932
1
29
292
3
1
845
4126
255
36
4486
286
100
9
3
2
1985
93
89
88
7
37
20
49
1225
313
4719
15183
94
5067
20
5496
10104
64
84
1
15739
200
1916
374
38
10296
327
19
44
2
665
4
157
296
24
3
66
4
1865
14
994
364
21
1
6
19544
1979
19
14488
342
5127
2
20903
473
488
2
2090
6
11
112
530
18
692
1244
1695
3974
298
2
17
4915
26
18
102
2058
1750
408
171
4596
2
67
799
2
2199
1
19452
1505
1133
216
1
271
13
6523
9093
39
4454
2608
21600
3792
8994
2488
156
30
177
3
5
26
7
6
6767
131
72
1692
5147
49
3584
1
159
16
12
134
130
2
6
1
3284
14274
3581
3
9870
1948
370
10
278
27
168
12596
9
226
183
1
17532
2767
3
20
816
570
22
155
29
847
1809
8
161
10409
2
19061
33
16405
15653
435
156
170
22
3931
1631
11991
1066
102
293
2563
2782
4869
9
5
331
13461
1
16
345
4
794
1
44
2
2
63
344
29
5874
17600
432
9
8
869
4331
7
5531
4204
24
168
6
19743
255
194
1232
3
86
3
6724
16392
6
100
18648
3590
9
13263
236
94
2395
13578
3774
3
2
6356
5
945
65
62
1302
302
795
985
16328
1309
2597
1128
14820
1343
153
14
15937
2
474
95
747
9121
21872
19
289
53
13191
77
1152
155
21685
17450
3
2674
63
1
1
55
1708
6703
236
13
3
1
2257
75
13
4
11477
1612
3
825
63
2
78
2884
5
13
11
15617
4617
12333
260
9150
256
7490
6
7887
413
5386
52
11194
8
161
1018
35
42
8074
3867
1771
19361
85
2175
6
8861
5
13088
51
5631
14397
3621
7502
9
1
6
2
7734
490
629
358
565
6
459
13
17
8615
1189
5
148
6
8
26
312
1124
458
128
10782
11344
53
2
3
7
775
275
92
152
1
11686
26
113
4
2
6
31
71
9
2
10
2
57
81
15314
5684
4904
2
279
1081
738
1123
46
22
1
2682
17152
1
2269
58
757
4
2
20
176
127
23
115
1
31
91
2
1252
21083
111
4
4
3
5
14727
753
169
8
28
164
21
21299
4
148
10960
6677
3
789
15
13
180
6282
744
421
15
3
3116
12076
68
2787
21050
5
3
1
427
19
777
248
5
6
34
209
4
4
5570
16188
2
1057
332
1177
1
12547
2614
4
4158
5175
13535
193
1006
6
205
3
89
7
86
29
2
22
11870
7
15231
3107
6
42
2
3
16
36
14
119
55
6
63
39
66
35
2
6258
9755
81
423
1173
17
3066
13
1
3678
8
6
16163
1
725
20675
33
2
27
164
16
49
30
329
24
66
930
24
33
186
44
72
8765
227
6938
3
73
26
41
372
2108
4129
1117
5
1
1
13556
28
9
582
9559
13273
42
24
74
7186
4081
8442
6584
932
2
55
20
3
721
1662
830
707
3
3292
14774
614
8
21
759
5
1164
421
519
50
11424
24
7722
423
6
20
2
28
851
3
308
5
5
16781
7020
642
4
15850
14510
3268
18
11
13160
21821
18446
3537
105
5087
2
3789
2663
7380
48
939
16
772
1
3375
21
621
28
6
592
19
2642
1427
1
6719
19620
2543
2593
1258
3359
298
7
3
105
445
85
187
88
19
1
1424
2145
91
19
101
4119
21149
1
4
5
8
59
10
4334
9301
13
9345
870
122
154
571
6
9272
1741
4
4097
7009
1
30
781
990
7
4712
60
2
19016
1054
2
54
5778
1503
5
582
2978
107
7209
3891
7
647
7
71
1260
606
6
8
34
22
1435
4161
156
492
122
198
1338
27
265
1555
52
30
1648
4
2
184
137
2
70
82
21
536
1803
2118
1954
647
1361
516
28
676
59
533
3
1918
29
3526
2
7638
2391
59
8
30
2
2
6
1115
120
4
6094
20
379
2
159
254
2
13
8
20466
19590
4846
17559
802
892
100
120
5028
2
3
9778
19898
292
25
9455
1217
12527
6793
116
1
8
386
2925
5751
10
1
1
3
185
22
13631
1592
132
2778
8188
10
15912
11
19
4378
2
1
5449
87
671
11567
19076
4
6569
2024
6636
121
17
5
84
4
511
441
1
133
696
114
655
12626
53
1746
16366
705
1849
30
31
728
3730
16
4742
1218
3894
48
13
11622
1566
1
3
48
191
590
1
11150
17
4
1542
238
6180
420
2434
8201
5783
69
44
3218
814
5
710
9770
498
2128
25
9064
13911
13
2141
1407
71
2638
186
9057
15
18
1
7
20
3612
3
64
3
551
213
3
7
4
1576
151
4472
15160
51
5939
169
11
182
1056
2
3992
15
28
406
4
1050
13867
25
97
14
809
60
25
20
222
11
5888
11
785
53
233
2855
13006
252
653
7147
3
2
12218
4049
12
1276
21315
96
291
253
428
1
4
11972
5
2585
447
100
250
3921
76
400
3813
7662
10
2
1738
22
448
18018
436
382
189
9
2902
3692
4
125
5693
5
3362
1495
3576
92
1694
2
424
8
88
292
5
4
1
3124
4581
89
1967
779
11
38
2705
10385
592
7277
20
123
517
6517
1049
38
1052
12835
104
12
1187
10
12
167
14739
10
7
58
6
690
8099
57
30
8676
1
4
17327
1476
12675
57
1
34
1004
544
1
4
45
685
4
15338
1
48
110
122
31
499
1026
1
10807
20291
36
386
2789
330
1
13
14
67
376
2
4888
244
4521
1
5403
10
12
419
1499
12391
12
1
59
471
10
4
3810
9221
2519
53
304
4413
2
183
5454
2477
583
32
37
16689
18032
6982
3479
11451
3
3367
263
62
82
491
54
3388
319
11
1450
93
4809
952
133
235
549
224
301
11540
1
2531
95
14364
170
121
3
3
23
3
9
2
41
6
195
18
6
489
349
54
87
2
198
1413
164
5614
1
965
4
3851
2
4708
2290
205
196
8
8
3068
3330
24
3664
8
2
13856
465
34
1139
7
33
21
1553
180
91
7
9816
1
2
758
765
1
1
375
6
5390
5995
9
14522
5
4599
356
3
2950
1
3
62
530
4768
521
116
10
12
31
6089
1432
1
2709
2
10
496
10224
12247
338
3
6
11860
2
1318
20
2
3
888
87
150
18
34
2
19
13
79
2040
151
72
1936
76
10815
4416
1
28
6
32
5055
5
5
21499
35
1395
16966
627
999
3
2
2
63
7
4
1
1
79
91
1118
15556
8488
2602
5
48
9
7573
1600
10176
3477
6641
56
188
6
10073
48
9893
3
2
1439
31
20
3168
1196
1470
2
48
17766
2
1652
1462
2
43
26
1605
2
8
98
64
11
5051
4382
3
4217
94
47
250
85
3338
15089
9279
271
962
16
3858
2
3900
14308
39
26
4
2703
2
15
929
136
3415
36
51
9839
6
8
3341
2092
12085
30
6
2
2
7
1243
808
26
3627
9
23
5
264
3
4934
1
642
2158
201
3652
1
1
4
13253
9
42
460
28
66
23
2624
112
2
61
2537
19
316
182
6
1041
1
1
24
8649
20
45
32
4181
958
698
137
25
372
25
5
310
3
94
395
6698
132
6
7771
389
2255
9403
185
8
15
3
319
3
19211
1
2037
677
700
143
14
9
20023
15148
5833
1
90
21
2016
12805
32
480
6009
57
1587
3
1437
7
226
14
2230
7
1
2
365
3515
1
117
567
18145
22
769
3
1453
2
923
64
4
12755
16495
3
4165
3
30
23
23
6
739
1277
8
5738
1356
15
2
1142
2486
957
535
1330
5139
1531
1
104
60
4
889
215
2
568
385
10
1106
204
3
15291
11
2482
10
58
13684
3
199
17368
495
76
75
20086
11
59
526
10
18868
15
9551
10723
355
1478
2222
206
2
18
804
31
1
1
2415
7795
16100
4184
19
1074
5
4
3
11713
917
1971
5
17
7704
3
10
175
72
2061
8330
5
17906
2
12557
3063
943
11486
1745
5
16508
12966
10
5981
5479
2
15
149
3759
279
6971
19976
20355
6
16277
1475
166
56
4
1
7752
435
2
4
55
55
3
5
8227
2334
668
6
47
25
275
19636
19
45
1820
25
1868
8317
129
3
3261
4310
10136
3
1157
942
4
1
149
50
338
2
16290
38
2345
2310
28
4705
2763
160
1
14454
2
25
17
52
1
165
14808
2857
358
24
3114
2208
5
1154
4542
9
6
483
2553
27
98
99
7585
1
9499
72
2383
280
5369
1591
1
46
1
26
1288
1
53
32
1047
14119
974
1191
271
9
3649
925
4
1
27
32
16
4
238
19483
937
34
177
47
46
2007
128
18913
6482
5636
223
9
1857
70
8214
286
41
3
398
1231
2
4
6268
2272
2
4
24
1227
1788
14
2
11
1
77
1
2
33
192
124
2359
2659
8758
21753
167
67
12469
4
68
9323
13
31
12
1048
81
3
35
1
2
18
14420
3839
3323
2
328
114
3
599
5445
4560
12228
2026
381
12
178
3
81
129
1
1
95
3958
2
13
14601
1
148
1383
573
707
214
19759
2
562
54
38
4
5441
1
232
7789
16755
1
153
4
45
439
2649
1482
12
722
2
1327
8602
1423
563
15
3
171
26
5729
14207
11
107
4139
549
7
27
4539
2971
293
7508
6
5
12
3
38
22
27
167
17072
39
1879
26
9
3094
81
1661
4005
1814
49
2
6502
12
4018
2
1443
3
8771
500
13
1033
6
8055
2672
1510
35
123
4337
4
951
30
3
5
9135
16572
1
2
3
3128
513
7710
10
1162
3
4
8
51
129
895
10
32
9
141
6
323
6
3
20054
111
995
26
1
242
13525
21923
1
3520
628
200
1689
35
8017
78
17005
11442
1171
66
7
815
58
8
7
3447
35
6949
19
9286
758
197
9
7949
135
16
242
19
467
40
5245
1726
26
6709
16125
8903
7
8
748
1382
2844
23
31
119
2
1658
2
21166
5
11282
1488
3
2647
4794
415
5
276
192
9462
51
8
2
6
211
475
1456
626
21
1408
316
3
250
5
6
9987
5
11107
275
606
175
16
2
970
1734
29
108
3
224
4
3
445
12
23
84
4
500
2248
3946
84
363
47
25
104
37
13
27
273
2
3
195
2
36
3
127
71
529
95
14624
3
4237
552
122
6825
34
9381
52
8
4201
5
1924
70
1306
39
25
382
99
256
127
7345
223
2
13943
37
2069
174
20275
2
90
1384
285
2583
2387
3666
7698
301
335
875
161
461
1
330
3044
72
75
2680
1512
3087
14130
3304
276
50
13663
86
1630
9
99
4503
19
326
26
2
110
2
4
4716
404
3
21
1022
30
4
11063
21
21516
6625
33
379
4
16418
6
11
35
13
13504
135
207
250
6
189
3474
691
1275
147
1
5
1
18046
2
4
163
24
75
1707
1496
618
2
3768
2744
216
11722
3
2
20985
19
337
414
13987
12
587
228
4
486
2817
187
14
6
2880
172
306
288
341
52
6238
16
38
1143
16
2
4052
14476
10152
1800
1216
2606
596
409
15
944
186
56
2170
8
19271
146
257
97
4
49
16315
247
9
227
1293
43
9200
40
10
185
251
8
32
1
5
20
41
2
10
4510
9
48
197
15
520
9725
16226
4657
19
15279
897
5865
74
2896
539
21787
2430
106
14
2
7
6672
47
15
15
27
210
22
300
15
977
1
904
85
79
1417
114
1412
153
324
4911
19
2
11649
108
358
694
42
4
226
9
6992
118
2927
7444
30
12479
2
29
5953
28
182
10
326
2260
2077
1
4
15065
14
3
78
80
18
1224
49
160
130
2756
11433
32
10
4
1181
14
3983
8
53
130
17
5196
59
8150
2029
24
1051
688
344
69
2
175
227
57
259
1749
778
352
393
213
9
3
1
113
755
643
8575
1976
16150
6
1
4862
230
10
1386
12745
64
2
46
48
10368
19
41
1
5501
297
79
10
11
1
69
2
998
14031
1
907
2
1068
36
233
3595
35
10450
7215
3601
11
2
7
2
53
22
3
118
1511
13
9
212
7
2450
36
2
10
11
70
7999
450
17
17436
140
2
28
63
3
14533
6
19
890
8
10548
335
2
214
7765
5911
101
20
3
18
13546
13
5
16
1029
9679
106
6
3
18374
1172
7608
10
48
8
1753
15
1340
6142
5
2
78
12636
13642
17683
13409
3
216
2806
33
851
17
16
1
7
6065
1963
32
127
15112
12576
3
21349
131
245
285
481
260
733
4479
87
133
2804
13514
22
9
1607
86
8966
2699
33
6
16
1184
16
169
33
21215
390
3230
2955
950
8
33
3
112
14
72
2213
508
491
35
142
3385
2
69
259
649
6
9
18
20
23
1002
1121
29
2
15666
16
5286
597
6
54
238
3
1
2
20
1965
1046
113
9492
572
60
3934
476
3
353
20498
2393
1629
10
8278
140
5
104
264
104
172
786
406
908
717
1
368
2
44
249
1
46
734
47
277
5583
1
98
14
2019
1
980
61
19286
6662
4
30
10320
117
1930
15
13
40
1
2
23
31
2
20870
5411
43
21838
19
118
108
3
1
11
1517
69
6381
182
18
529
12
23
181
12
5407
4283
600
396
13108
6
1
15
9
66
88
25
97
3460
1426
100
2
43
71
1
4965
308
16
105
295
804
283
3
9330
2
7432
70
2
7
3
1156
72
11081
17085
33
303
3927
4
46
68
11
4881
8
5
3879
14
73
37
3458
4946
2657
518
17099
147
235
69
2653
45
16
522
2620
2
5
1237
3888
258
10
43
1111
680
1477
6411
4
14579
940
251
3999
645
199
609
1023
247
5282
82
120
7
237
144
2
37
66
5
31
2385
2110
40
2
716
698
2
511
16025
15678
1072
3833
12
60
2136
32
156
2478
16534
3240
36
8
30
3
47
194
5
3
4402
13
107
2693
1030
5224
5319
256
4574
1175
289
5382
1490
18518
6
8
1968
10
1623
11
592
1678
2
12685
3918
29
705
2690
23
13588
235
63
66
9374
3175
5
17
6
4344
1012
13
51
599
47
3061
814
1093
83
498
1621
81
905
50
30
4
470
3
3
2
74
4
1
61
312
4
41
12199
2
42
12459
10089
269
15950
6610
1569
2113
2
8
10
11833
10
83
24
21
2165
1
440
1088
951
1433
2504
51
72
5
4
4
9
217
14
17
239
16
46
91
4
6243
9
2
1
2
2
972
364
430
3170
13
682
539
3624
1178
11
10
526
1655
1
4
3
4
261
836
1410
3
221
14751
7
8
3
2820
12
5111
34
28
3
19
3
12885
21992
10
225
76
17
73
8
6
1
5
15124
109
1535
17
8541
2305
57
2591
10656
13749
2510
20
297
22
2
4
490
52
12
4831
15
2413
3281
837
26
58
15580
124
3684
4621
4
208
2
2
22
17
947
1125
210
4517
173
4
325
477
10256
9171
2419
7
19
3246
1529
9440
76
211
59
1454
2
12352
402
9
30
12
13
16
13922
3
2321
169
6
13430
25
91
16
3
745
29
8813
91
15
1444
12066
30
505
76
37
3
7
5
107
146
2469
6302
45
360
56
10
2
5
97
144
1827
4
20805
503
2492
4
106
4
143
5
9971
7520
42
2225
29
317
10849
606
7
2930
1775
2523
9932
2
11
6751
9
1056
70
2
17341
1
601
522
1010
2
16062
2
21034
2
24
44
19
32
398
6
744
3
119
1643
329
6830
12518
181
296
13
3
62
13
3
20756
83
21399
9
1219
5662
4
6987
211
1238
46
350
7
2
1
12
473
20
4
3644
24
2
61
33
3320
3822
58
81
633
2
166
1906
3099
149
9
492
213
2
1
54
2429
34
13652
19961
2167
3
178
13284
444
3
1774
10
40
7
6
33
1611
83
313
16012
2
932
198
8
7328
5
54
11
55
2045
1685
3607
839
1
6233
34
1388
3143
21182
130
7
367
343
121
6
262
25
3383
8
24
16
5
10
90
14704
9
2
3
3
123
20
1158
23
36
2400
2684
1896
872
3971
232
314
1466
249
2
1950
11676
3
16
1295
668
26
173
2937
1
221
1009
6594
28
12
35
881
3
13305
15
5902
1
51
3
3
1210
87
557
47
1
231
8
3018
1257
9
56
11
7
21567
83
3380
437
1894
1
197
5
5
80
4
495
2223
5
77
2
3635
3579
536
7680
6
3
11768
10756
22
47
4132
18765
1
10
694
323
4
3
6332
1580
5212
2
847
19605
11
142
8
12
4
1634
3
1690
2234
8
9694
8
29
16
67
3178
251
8710
218
5
2203
8833
2
14
89
548
2250
86
2023
5
15
61
8656
7
15
32
270
141
7
13
2192
2
77
645
1
15568
1585
8629
8144
1683
3952
47
13
5509
5063
174
5892
40
4500
67
35
813
8
1850
4954
1817
1
89
3
19
14020
8240
831
7
2
23
8973
4348
1040
3
1
19513
17
1523
1322
58
1446
21770
6
1316
1498
800
3
38
53
11273
21
2
1001
7220
550
433
1078
1
1347
4
1
7
25
38
4273
15
989
21
51
68
11
312
10
1047
52
1
26
207
373
14
118
6730
24
3801
670
16
520
3121
843
342
564
15544
310
2
10900
1
5
4
989
7602
2
172
585
324
14
3
5
5842
6
840
493
46
54
2316
6023
8
1515
1691
127
4
1
2
3102
3
462
2
6118
1406
1328
4300
6277
13
102
9485
7
50
133
356
179
39
380
1250
1324
113
4
2
3391
1
9043
953
2
7003
4191
43
5
29
1
42
1
4578
6
2
10
11168
161
11098
1
21100
36
94
8696
63
10883
438
8
21804
2
2
996
6032
1
229
921
83
3565
1127
31
37
292
8
4
191
103
242
3906
169
10
4
163
743
8
2714
2565
13325
5640
19
1862
18
12875
10
4385
26
8495
8311
36
3151
102
8
16341
17
1
99
2018
32
7
1291
26
102
31
2
4535
2
58
2
5724
17423
5
21466
1163
18
1
26
1
124
1071
50
1247
926
3
11
3
2
1888
3
2645
812
212
176
83
77
5188
5
2716
5925
1137
640
1342
1
2
2
7
165
10
1360
16
15
2336
5
9
15136
59
110
2050
6342
65
30
6943
2
291
5
5698
36
266
7
47
9
6166
336
7164
2
2
6
5240
7531
56
35
1910
47
37
7801
18103
896
57
15326
16
5915
20
47
3
11468
4043
165
4
9107
3
7
2
32
38
10631
6
5929
43
2
298
7
84
14
14
6
9514
803
55
4
2
718
292
3
2
51
4
15483
2
14936
1349
27
2669
22
1414
2916
2436
21533
199
80
3090
96
1460
7305
8987
68
5
21
6
524
1421
6
1308
1485
2
603
1188
76
216
455
473
411
425
2
8043
1925
61
1
3
144
2943
179
730
8343
28
6
4
4635
1248
1465
1
1192
644
115
2
4
273
5
543
24
9
4341
272
3977
5020
2012
3
1796
41
3
116
11
1
396
11370
13738
3
2143
351
349
275
3
285
7069
8030
84
267
14
24
367
7080
5
20228
163
22
4
85
123
2
18809
5
11
4
13759
4
929
3
7
5
2
1
772
19992
4465
12057
78
572
3756
1582
19
459
555
2
16
535
1393
42
811
2
143
14
11658
77
173
126
83
9909
751
11
4786
886
4
18854
345
33
9
3
9
274
412
4008
493
4507
1
74
41
4
18
55
3
23
99
8683
21
62
438
139
3471
69
9
16
1677
22
45
1
1
334
193
101
29
11361
141
369
6
617
6631
2
8588
5151
20643
2287
1913
4447
4
34
1527
1311
5
4738
15018
2330
6467
7
3203
7386
6401
1337
528
992
6391
4919
2
3
2053
7728
5579
5
17
5596
1909
4531
45
3
1125
163
415
22
2
166
1
173
9207
195
8889
534
17
1251
2189
764
90
7
613
73
28
1458
20
2
211
228
1897
874
49
21
2
12
1806
36
418
325
9
137
341
71
5012
16598
1122
878
1626
298
17045
4
14544
157
317
12
10731
1785
91
8475
7974
4489
29
6292
5236
350
2
14285
2246
8
10765
558
10
1
7467
792
4
3
6
19
684
969
6
60
237
480
6
13695
13
4753
1
184
2267
2
8548
6
196
7
3
52
17892
3
2059
87
10740
3940
10184
44
3
46
6746
8924
45
5971
12
143
266
2
1035
2
571
18
4036
10
394
18634
17
28
5
2
2
92
22
20
17179
874
591
6772
25
267
1
236
2
1
14
47
4
18
2
6137
71
11415
98
136
1
1
9
627
3051
6605
883
865
16559
3351
2
281
4958
6
747
1635
2
307
19529
3
21
5
3
2350
5897
11159
22
1581
7943
17
17409
385
11
1358
2
308
2
2296
2358
699
810
472
1282
1900
3
13
5
5183
71
8169
10
1844
428
1
17219
6
13098
5
8792
55
137
8106
98
8
82
27
6
8
10
514
15
26
18707
2
507
103
4
371
138
248
948
14
53
378
45
3
4
586
88
131
655
5
41
4
6
1
93
10
18060
3
1830
149
7807
7042
19
8
5
8882
135
11963
22
2027
3
27
2
648
273
4327
6436
2048
296
1201
3156
144
2079
53
22
2494
2157
4824
7
6477
40
117
1197
695
2
433
597
82
653
7
4
147
4
150
80
23
65
86
625
3183
21550
1
1642
9
46
5228
203
74
8
15962
323
13
1
290
2
2948
60
601
2
284
1
32
7294
610
80
6
16
10112
117
1319
3
70
39
18824
44
3
651
43
2
13
13
139
380
31
537
67
5302
45
64
78
2
16847
3545
272
429
10681
3
2
5
341
5
1034
4
1
18
547
5
160
1962
1
20
639
618
12381
12295
41
218
26
5
1
4679
2258
40
773
5544
202
2
158
16239
1
781
403
154
266
11
41
28
226
2
3845
19559
2
28
2
792
8
5
6620
219
24
326
2239
579
6
7
7856
911
132
21958
31
59
373
6820
1
11
30
15592
307
1
58
1
3
11
692
8396
3078
379
1073
3548
6809
1326
9
282
9
764
5
9710
9672
207
55
2
109
1058
22
24
2097
3
1
1017
1988
29
76
608
7130
42
1265
464
13
181
27
2
3248
7
1341
15641
2555
1
203
128
7
7668
4270
6
2
9
140
1
1765
162
8
15
1902
409
5079
33
5
11046
438
2
4
150
25
11
43
14995
44
1
109
686
185
1
31
3
3
6
3864
5
17
5819
98
283
32
7955
2
1151
1
1501
11
22
55
2
11522
165
77
7986
2
21
49
32
2549
74
3559
2
6579
247
7
4
11741
55
5163
3
13835
780
320
8
48
868
1169
16
4
12
460
21
10
3455
19377
12
6366
18359
77
1
1474
15
2
9142
1
5600
15207
2
1339
21906
658
106
17822
301
1165
60
57
21617
542
1871
2612
8093
2
39
3
836
1
1
92
1601
204
1113
236
4423
2798
195
33
7
1069
412
2
80
1246
1352
54
3173
19181
1209
7
136
3
26
1239
1022
43
27
15
1214
2686
4
3
3
1
290
12
50
916
4723
6
16807
893
3
9
113
1
1719
1716
66
5
6599
9
13
187
18
3
2999
8
2508
12161
1938
17739
337
3
16742
50
17287
679
18
343
7
16354
51
131
432
6013
14
6
2667
195
133
88
235
561
1951
306
2
86
1364
2
82
5
10377
3
2095
23
157
2
2980
9589
397
4
2907
43
16663
16
8350
25
69
2573
160
2
8
6
2
95
47
7967
184
8561
1199
657
354
1222
245
1278
37
45
61
704
162
21
393
92
1043
1
898
828
119
18503
11944
1294
2039
482
416
6051
324
14
8
2739
391
1682
1153
15826
327
8
357
8
4135
1860
38
20070
15
108
4
18159
12
51
85
159
3807
34
176
1
113
128
57
26
8959
69
1
72
6371
16
11
5208
281
7
55
13
802
567
71
448
95
1
2837
8
14
268
3
5
40
823
168
166
1941
9
5
135
13
158
2824
48
18460
1
442
66
60
15
9
5059
5
447
5
2
45
73
11907
42
13222
6122
200
3816
3
902
892
171
11
57
158
876
553
5428
7075
5415
5361
329
14163
2840
3133
2
9793
44
8515
263
1
253
9924
2
1262
106
153
9
4392
110
39
129
8
8
35
314
299
28
339
411
2
10401
96
280
4
3646
14
388
52
15900
3
5
28
15411
17
30
20
12
795
120
83
3
13
15
67
7777
12695
13
354
6
7473
210
13
43
2
2
1234
6442
13357
18
178
16
137
191
82
158
238
13813
17
3
12275
1905
3
1213
104
290
2
18
158
3
24
167
736
4
54
299
10466
8036
14855
46
1
1323
73
273
1562
54
427
1
9963
1245
9
309
1
199
8087
67
2726
487
10
23
18751
10312
130
779
94
5906
12
43
3
20
10
5466
26
13
1518
3073
8285
26
11935
1
160
1298
3
786
2
3
3
2
1
19
12
1589
1194
58
3450
5765
2
2168
192
1045
48
88
1011
1280
102
13078
9
179
5
3
23
346
25
8635
229
214
13129
457
21365
1700
368
8266
6667
81
3721
10168
547
91
2
64
12
519
2551
596
188
302
188
15887
2015
289
57
1
5
2
7
15
578
48
523
35
2676
10565
18
18987
2541
3
14647
70
2367
387
5815
1149
979
280
454
9085
1329
689
1735
111
10232
2
1772
2
531
34
5
20339
4
118
39
13802
1
5
38
527
1
1714
108
3
6
33
77
4
7
11
2
8
3710
2
49
16
26
5
100
9
4813
1
5253
15
1
2
1664
6927
16
10192
3
3
2461
5
11549
5171
3370
1
2227
1786
742
1944
3
17
6512
87
10
22
2
5
12
11029
918
414
2575
19
12
8
2363
52
2173
547
67
78
2251
41
67
3
31
577
12266
2
47
16
12047
24
1059
5
80
15604
1824
11003
2905
4
2
9
17
1
35
4
1
1166
2135
2453
2
741
1789
2064
20772
2655
3742
142
1852
10909
12
90
310
24
1
174
88
7
253
25
13180
3294
3704
188
66
62
7
111
27
1
294
6683
819
2848
16
10
1881
3949
713
684
174
17206
2
2
6693
15195
3126
8
7
2
18004
1
4
8
5
4
493
24
13294
15
22
4
194
545
14263
1
1
1514
3681
81
14
1673
58
197
614
42
145
7
926
59
77
20
2
1
2911
6
114
8
3080
377
51
5
697
33
2
1264
19166
1285
7
4
16
5548
72
1
3
18561
4314
1362
9
948
10065
144
4
7912
1256
638
7
33
17
576
27
24
214
7
24
311
3
310
49
1261
667
673
3897
24
1061
7686
5
2517
2004
5518
415
2303
483
7
5627
349
11
12
39
4071
47
12
2921
1200
2216
309
10097
17355
4989
5273
2
12189
714
431
445
179
14
3
29
5
900
646
12
13
615
1135
5
164
6
95
62
4
3
339
3011
1
25
1625
384
44
83
109
7567
2172
670
5099
119
2
1609
5
1
17697
4
201
92
32
1548
6
87
400
397
10
3198
12
25
2569
10
97
16303
44
135
38
1
342
1540
849
12
9
35
701
13440
284
3632
14075
5
5261
20659
1863
1398
29
4496
8
8662
21
748
451
14
5
838
476
4250
1
2
525
15
4
4068
741
18
2
5249
3220
2218
16264
15435
5
3
10790
2140
68
9294
81
13017
3225
9702
154
2561
180
5967
2707
648
11255
11308
304
2
545
8468
1039
784
4074
3
9574
83
17233
4395
7317
67
732
478
3
97
5204
1696
16
42
334
4148
11211
8156
817
8945
79
20307
109
15423
2
1761
19
12
729
3
496
723
2
13
1833
39
5792
1
234
148
1174
8
734
3
2
6
176
663
3
14878
1180
2382
10
9
14
346
64
6170
1859
873
511
50
83
99
67
111
2
2
12645
586
16
1321
8724
161
1
3
6538
7415
177
3333
1568
35
86
355
9
73
2
36
96
18331
25
882
2
37
4
2446
7142
1379
76
5365
111
4
4406
8669
2180
6
801
269
1109
258
6
1533
2
2
2630
3
14
3
3
51
10
392
5
137
178
1
1030
243
2877
6027
709
41
7746
18474
54
3
575
1
375
478
8304
1522
1
3748
4168
280
5
2
19945
6
1763
9
297
2297
295
2
8
26
237
3058
83
4
7
5115
1840
1138
1390
2
34
6
425
1207
11879
3912
730
23
189
15
19
5622
4820
85
18417
182
9477
2
639
36
3
147
11667
94
76
84
13
2
2559
4116
911
1
437
8125
12735
407
221
788
22
652
16
9649
5
12
102
583
2
755
1
16
719
9
3364
3082
35
137
16624
7391
1
3
1584
651
2111
13954
18273
2595
8535
34
10434
75
27
1921
424
3
64
1100
18
4
93
96
232
1170
85
246
1508
17
225
2123
4588
95
1
18
3718
11
111
1
10352
14
3980
4
21232
2
210
4850
4458
1
14
150
5
857
21
72
5
2
79
23
1007
66
1
1284
3943
41
1651
2
5306
2
1013
806
20
27
2264
5356
56
33
641
2
5514
72
4
1094
6
8024
4760
3452
776
1084
224
352
345
1473
4603
5095
28
12
49
126
1
73
54
4257
66
4969
3210
70
1670
129
578
