8
481
226
15
498
5
2
11
1
8133
12
1072
88
4
1579
3
20387
7
5746
107
2757
5324
192
2
1
29
28
6768
92
22
1196
5
3
141
33
362
2812
6
50
18907
4244
3
123
2252
1
886
2533
1
68
1097
366
3952
306
17
1026
255
11604
3
5
793
290
300
3
18869
103
1091
10397
3133
210
1392
13
10
19
2
1
3
687
110
20144
333
5
1186
2
6
299
7
2
1403
118
10783
113
11
23
5
42
7262
44
53
2
1
27
6
26
3
5
1173
8
1
1174
1362
21
635
187
5361
108
6378
12
30
16597
1
2392
2354
56
97
71
39
3
72
2
69
4
92
36
82
4
6816
6826
2
22
1205
1
61
86
4362
271
6
15
137
1430
1
11
909
43
324
17
5992
245
38
36
9807
2
15
3
5
492
1
4869
7614
9537
14
12
7434
35
273
18067
3683
2
26
1008
849
461
3799
17351
445
981
11301
10
102
4
5557
2
2444
118
2
7197
2033
9
7
3
1912
10
414
3
1
1053
2156
82
5
4
20
374
3
235
4648
41
5009
4
51
1826
761
42
8
1273
2
728
2
19
2370
3
2
199
12
18551
1
108
19994
42
15
1440
4347
1280
1
4
15
44
1
33
429
72
54
20
620
3
22
127
1
2
15585
3774
1080
278
2789
168
709
4
5
6468
6654
11200
5986
721
6
14613
6356
2
36
90
105
983
34
121
208
1
1
7
116
121
659
3916
1719
10957
7996
1
3
18
7287
393
2
48
19618
44
4
4270
5
19
11
5
51
1
5
765
364
152
2
5258
5
335
14
20891
8012
2
666
1232
1
26
2
1237
218
33
6416
1
246
10
4488
47
7479
8
1126
8
5885
2
1
1
325
5
10869
11639
431
87
10
69
40
144
38
8405
295
24
344
1776
157
185
84
22
1136
216
12339
62
74
158
5
10692
12137
13009
65
2
580
5
9
12
41
852
3843
7
11
1
5004
2217
19
1648
29
2
180
403
633
111
2
5
21143
141
7
100
1973
4
1
99
3849
57
537
1
20
31
10
149
1353
12
2
732
4066
4
7
7
2
13847
48
7
2
272
14062
6
310
6
4910
142
3
8
1230
105
2103
3
1938
2
1105
7
5087
11
1964
752
20004
2
5133
223
24
25
2
21281
3989
1658
9812
13
19
1674
2
2932
9508
22
8
13627
6125
350
729
1436
1
2
2173
164
1
8845
80
20
186
17291
98
1
553
8
1282
519
146
24
6
75
1539
131
926
1117
10413
38
4
54
19
66
1502
2
1923
55
7
33
5502
98
4
2
3
9
19346
64
10
8
12071
7
362
3
4354
18
504
35
23
2
13
4
380
2697
50
6
3
2307
66
2
69
314
106
4
6664
109
7
326
1563
44
12388
437
1325
7
208
805
2340
216
9091
18
8
5321
15
252
2124
14
1
145
5
3883
82
356
4
7
3
203
34
10085
2900
6701
658
3885
2480
89
659
14570
15
116
2
2
980
68
10470
5
1251
9000
9551
7076
4
2591
13
49
63
29
16
18681
6113
15
2
3
47
714
307
11
6
161
10475
2019
50
7501
81
10591
2
77
1
5
14
251
6843
211
29
3
12
275
1336
47
23
4524
17325
7
11755
366
4349
1096
201
10
3
4
964
23
24
4927
2
645
10
4127
6
3676
6
14
196
2
181
29
92
31
15900
2
16
795
311
8
40
113
2043
10
4
5535
56
2248
745
28
7842
20
75
1
40
25
236
9
105
80
17
1054
21548
692
536
292
17861
1053
1
1
198
22
7349
23
2
8678
816
12204
6330
2421
1031
388
147
2
7449
3616
463
1
4506
5110
10
88
7
111
1787
174
5
76
44
1163
7634
157
73
4903
1212
5
2
4
2
16539
932
640
2944
1206
603
130
63
6
771
326
178
49
12
2
3
35
4
5464
24
3
8
546
592
1
5
7
1494
20
40
4694
17
470
13
3
2200
4803
842
3
153
210
304
11
2718
473
6943
5
1
3801
243
12873
14
578
1
239
2335
15
1647
12
865
288
1
1571
4
59
1643
343
290
14346
19211
13035
21409
133
919
3
2066
4673
151
3
6061
21
4115
15
13
21
290
4706
13
4217
35
10528
14204
2088
84
1208
15050
18166
70
4
27
2
746
1
1681
406
1
2
19924
18
7672
205
333
2
75
3
138
6436
1870
7475
2162
164
804
206
722
7023
110
10
214
2745
4497
11055
10
3107
23
6
5
1120
144
319
11
3
4023
97
2
45
15377
34
2
589
44
18004
221
68
302
19
29
1
8
434
17110
2
7218
27
4140
26
71
85
20767
142
391
997
8875
77
943
242
3455
31
8
1
1334
101
164
25
44
13586
1239
13
4
3
163
70
15547
37
490
2967
255
1576
53
2
20653
3
18
10767
316
14006
901
2
4
4952
603
21
906
113
978
14253
40
2
13654
17
1052
425
97
1394
13526
3
8072
521
7
23
696
65
8
5
991
173
6618
37
268
3219
26
2020
4718
26
78
6
3
1049
10075
4200
21207
112
153
2963
2
12726
616
938
20
143
322
1774
184
4
16772
20
494
33
32
14
679
1178
2209
22
21
1
1304
3
5211
78
109
155
46
58
237
90
6
16
301
2427
3023
249
665
77
7929
3121
1295
1092
1
1
1367
26
513
2508
1917
4
864
70
7002
407
27
3
2003
557
55
55
4
9132
1
1868
12
38
21080
14
1128
11820
4
27
23
8566
3872
9822
1
74
77
1
3614
26
42
3
272
2
63
540
1538
1
49
2
776
87
17995
5
14871
4
1
1714
3
8297
2
4777
1
109
2
2896
4415
2
48
17187
10273
30
3968
11732
2809
284
19
7
2
156
7
2
4
9
10090
13580
8722
5
12
15423
2404
65
841
32
278
3375
36
398
8285
129
1902
372
2
3
90
7
733
6
290
20
509
27
2
68
34
710
36
7
1589
5
9
5
7
491
2
3643
74
6
10314
7
2
7984
348
25
24
50
6308
62
53
125
1328
3084
9339
7
809
7
41
273
1
3
355
1
2
3
299
28
3
2
4639
904
148
516
56
27
20
770
18
2
7
2
6
19
6840
2
35
533
1695
34
167
1504
8056
70
2
3
5136
1
4737
34
50
1448
18737
501
215
495
824
3500
21
57
424
305
352
14901
269
4213
125
10
511
32
233
86
1662
2841
60
6526
6864
17170
11
250
817
2
5
4
19240
3166
3632
363
1575
1
1
4
7
49
20663
11
21366
1533
9
1410
20114
8
133
578
4129
66
3793
6
1957
4
2
11
75
11
5486
2
3
5
11650
74
224
7
28
2883
1556
21
76
26
42
5
40
147
126
1443
1101
297
12899
10
57
734
3
139
203
9876
8
25
8256
3048
9
7
2
17
16730
29
2
845
4999
2
371
423
17648
4257
1415
20954
427
328
4
7430
64
7
5
2957
4
8532
3
613
31
31
104
490
5177
705
623
1040
7379
282
5
977
4
1
11709
4
15438
11
5039
942
66
5
21570
6
19221
1640
2036
9686
9205
544
2
7554
1379
8
11
398
238
1235
274
3433
177
14893
161
1631
13
1
71
14
8
113
473
1
1
594
18
2266
1804
2
3
7
4811
2
126
1359
10278
5218
2356
352
644
16
2755
32
4371
15
7295
3
440
978
1869
18598
494
16
5082
741
121
595
1317
1259
2
204
1
14841
2
447
792
14
1629
1112
12400
1089
2819
4992
624
1
255
133
110
1657
10724
309
2
389
57
3
6
16664
259
7
23
1071
619
1
1619
1
1775
35
3
119
8871
5
4038
112
979
2255
18
992
5308
155
404
337
7
25
13881
1109
3
7
2
3851
6
22
1
28
85
67
5125
2939
376
4219
5407
1460
68
56
2
3
21
9589
8858
23
15
18992
77
43
571
6
52
1231
2868
179
4
4317
19974
12
1014
4103
371
1
358
174
3
899
12240
213
2
132
2
4
36
141
2
365
55
59
6296
2
8
8
1166
1239
20124
32
16
6919
21
17
16
676
37
1463
7
1
920
392
8
10
3
3924
19
7
23
18765
3
936
237
29
1833
129
6110
183
235
826
10
1
27
2425
242
6461
19
4
1256
138
2884
111
22
6510
2
182
7346
311
3
13
2
15
9
100
6
132
8231
166
114
5205
2
2
73
10655
1037
43
611
7
43
256
61
686
17727
168
1
13
43
27
504
3569
4
12
93
153
2
125
1874
70
165
1401
11
5047
27
4
47
332
24
6
134
764
2
274
4917
9
190
2975
5
6
52
782
825
153
16228
5007
2887
4402
2
248
2246
11969
312
1
22
351
4461
3692
3171
361
1
835
685
6
69
4508
12816
757
138
154
3
50
20285
1
2
2057
1
136
564
3928
2247
26
14775
4
22
78
77
19
118
57
25
28
109
678
2
6
42
3594
5894
53
3
344
718
18672
1062
1
3
15346
5
280
638
229
6795
3051
2143
277
6
17144
7
317
10202
798
7588
1
79
185
9
29
62
7702
3
409
3248
17
1346
3
5965
185
56
1
28
6922
1761
85
9159
117
17
10
18
55
43
639
19153
327
18
2313
99
19
19481
1
2
154
71
13
26
361
19404
7
120
67
324
16
22
266
2146
26
16614
399
2
21
9504
9
19
3003
1293
55
9916
420
43
2
62
5810
27
16253
1010
3
1717
6
1
11897
3
528
19
4
269
1513
314
52
5
1189
12970
4813
19
5
36
34
5
2
1699
59
18878
2
3
19540
25
3
902
823
248
10212
7956
2
6
19030
82
1
3891
1
75
45
2
7122
2
360
5
627
9470
26
3211
54
1
209
18349
11431
528
1321
712
245
37
99
10
2
118
2398
54
1511
5350
5571
17119
4
2
96
20316
143
550
131
13798
6410
2497
17
38
11963
3
14353
5266
3958
6
1947
13
574
143
1079
7019
7787
4
33
1995
13
767
66
118
103
1514
7
6
6971
718
11414
75
9
1
1863
3
2519
92
1140
838
3788
119
5
172
2
32
90
21699
8507
21
986
5
1417
13205
2
83
30
591
7190
17
2
786
4146
30
1468
855
37
6988
20756
12983
183
1434
65
54
6119
476
2560
36
35
1036
3
14782
913
627
342
688
5
14635
3946
2
664
13
53
4
253
2045
185
4468
193
4
12444
270
2
73
34
2
1185
23
1720
9032
27
656
375
4054
1012
1191
7
2925
22
41
397
1
1490
19068
36
225
58
1651
4886
1
6
15
1630
3277
12
19984
2344
60
1342
60
14418
143
42
1925
13
103
1359
9
1090
4
9
2894
1098
68
4154
14119
128
2
10897
4229
65
1
10564
1040
5
6
2
5
305
5
1246
1508
6
4
11044
2901
1825
446
4
5
21961
3
28
365
3
1492
7
15028
424
138
1
10
839
13445
28
103
8965
831
1797
27
12
3395
1
56
51
29
12
2195
7
115
123
8016
2106
3
23
58
13819
2410
58
39
2
32
16490
4671
2
1519
1
56
285
18
24
333
3940
5
657
2
9009
57
5
306
39
597
4
11150
8385
77
11933
2912
13757
3
28
4
2
11357
127
16974
26
177
806
9
4
2
743
4
1519
2893
103
19
1679
9778
244
14368
80
1577
6
22
4080
2
1
72
304
162
3
191
3483
843
2400
143
125
111
9260
3
44
4
8929
142
232
959
10428
881
1
1
2
4162
138
22
139
3756
1566
28
101
9400
7
69
47
1
3044
4
74
869
7
46
12
2735
4076
3079
16
55
28
14
82
5755
18
24
1495
236
3431
119
83
2
147
405
5475
1
1148
4426
11
2
6349
1271
5
3
2385
2
6
2571
1
3
866
31
14
233
495
1934
12
11
1118
25
13532
75
4545
569
102
3
529
2241
4
2007
202
1
17
1518
216
74
97
4
3402
2
695
2214
2
321
177
38
10848
21334
1336
2221
22
5
733
14140
11
21764
6
2
114
4
2774
28
8
588
2
38
1696
2660
10
3
3093
4
2
9
684
1
4
63
2026
17
6
41
710
3090
13
4088
18
3
1
19326
18
12016
8787
124
14
62
2647
3330
9
45
802
9
2907
51
267
872
3266
7034
739
7
548
148
20
1790
11261
10
14878
198
354
50
4893
121
15
12
6334
2
5
175
305
1
117
16581
3812
1798
2767
10020
1014
2778
7
4
206
12
33
2295
13
38
95
45
109
19278
3
1
1276
58
948
1969
37
2
3127
263
1059
178
2
3828
7641
267
89
1
1536
7
9
648
11278
18203
33
870
166
76
2
11
4
9
4
2
1871
10517
4227
16035
8520
1
48
13
352
164
8545
14396
381
398
4
149
125
54
549
53
1616
131
14
9
5538
18850
48
1824
6778
28
1050
3954
4123
48
16
600
14
6
783
4
3
1334
8268
2
3
29
24
21122
114
186
4972
5918
9
626
378
323
660
46
4997
3746
597
14
12332
965
56
1
2
4276
1044
19
1739
9173
8
1163
5250
11
4
46
14694
2025
10171
11773
1904
2844
80
653
4221
3
19384
32
147
12253
2
39
323
166
3440
52
6067
488
18330
4
15710
170
1
2
6445
763
37
534
475
17657
11028
9
4676
133
951
3831
2
12
23
11
20839
37
10121
365
14447
329
21387
24
201
3053
95
108
3180
121
2653
2
37
13
19964
378
165
2630
58
17403
68
1177
30
410
100
516
1318
909
21
1650
794
240
2580
10
3
6785
1595
68
7157
1993
9242
9950
618
454
3
110
578
2274
169
19
80
4701
381
8
6
1960
541
71
3
17
3
3
2770
13
20
1
7215
1041
14
676
204
4529
587
2
3165
1
944
20
50
1
4
6621
41
4
3
35
122
3
4015
2994
197
7952
737
1
9
6964
40
12
7375
6
2013
44
4
9077
984
131
1772
1002
23
12
1158
3
1581
1736
2401
339
1
9985
500
11
213
4084
339
48
431
10740
15
136
1
98
20
43
6
1382
6
3
6
2439
12
1
96
5
442
2
8314
134
982
1
29
10
2
129
2
7881
8956
10842
3
3559
72
66
2
552
2376
5
63
18
14
231
6704
25
215
3287
4
16
1605
472
67
10
2
2
27
2
1
709
28
60
59
632
3550
16
301
1894
1
1384
2329
322
6
3
2
1
2766
19746
13
256
75
383
1808
42
9
596
8
35
4
1584
2
2
1890
37
226
5619
7
11
24
1010
2
5607
112
22
6394
62
212
7
59
1501
6
2
8862
29
3
266
16
5956
2523
4
3
1
558
1
10040
970
1
84
3082
2305
5
6641
1004
3
49
18719
7
7
1458
117
65
73
3323
104
5059
7772
117
1127
148
666
6
3058
301
17879
1
24
2009
1821
573
108
9
10
66
2
3966
3
1710
840
48
1
5613
75
191
7520
761
1142
4690
169
104
9
176
21
160
162
561
2640
83
1028
22
10
8117
132
120
3
2
5795
18
4531
2
37
190
21862
34
7764
2
706
1023
33
5532
68
1
191
7
7360
2
134
1
3
142
4
2
2
20
3
16873
459
423
14332
9
7065
97
169
1740
220
3176
42
6
76
4225
7
51
50
48
2117
897
10
1889
1238
8503
10929
55
218
18954
3991
7125
176
47
15
1145
219
12
30
380
65
463
60
9817
11122
220
16
16
13
2
13
5844
11111
13
1
13826
2
9306
236
134
3
6
2
5369
29
6
163
3
1
55
4687
10
5
2723
145
949
2987
1247
5022
2010
20407
23
6362
20
120
6490
38
2878
3021
5818
148
10
236
926
2
2720
1669
3
6258
5
25
2
3042
22
190
655
58
133
228
10
1366
11
51
80
32
5
5
3
3
10361
20
16688
4692
2
5
8814
4
101
79
5675
142
2
4111
2
75
2
933
551
2
15
521
1992
79
407
3
5968
2
74
7791
12
11
175
5853
3687
19894
1616
9
669
3
115
19
227
572
6
126
163
1637
3
155
358
9
168
2509
11494
3387
176
5131
201
1319
17368
4984
12
2689
4098
4746
2
2
41
1
3018
28
67
860
174
15
2
13
987
763
2614
20
2760
1299
3099
1
4148
108
14
4282
175
24
248
22
15
2588
5
17
18
3
7803
2
19182
27
312
4
1738
11443
4499
90
3
33
8880
12
7741
13833
17
1030
615
44
291
9
15884
261
2805
2830
517
2
211
1823
2
641
11
9827
5560
313
2
1583
2
529
1
907
10756
76
696
895
13
13648
299
113
22
675
458
81
25
18422
5681
3438
3
189
20295
9
2
458
755
49
15461
4
8368
2
2
16293
2
4430
4932
80
3363
16
758
1283
256
10330
1134
356
3
17
6
8770
28
91
119
72
10
680
34
24
298
30
71
14246
5409
3
221
18542
1
689
6674
344
683
20
20860
21537
342
5
3
65
1705
4
1322
57
45
67
21721
11
17
5
696
405
111
5812
421
85
138
97
3
2
570
24
16680
720
449
411
47
175
6
248
1
1011
801
1
20
387
6
7457
150
637
7
37
28
20912
3
174
2311
46
17870
247
6
2194
13
112
84
37
244
8
2223
1721
14490
607
445
5
68
1729
2442
14519
2
83
7513
31
18
2
1742
205
593
31
1979
20
22
14
32
18
36
11644
4404
283
469
423
157
39
2
21
1999
716
3
1622
42
11483
171
20736
1
454
4994
8933
5
910
1731
1
2
145
9
1332
1665
3
1278
205
181
975
1735
8
35
1
1779
128
2
781
7905
498
10299
191
58
8
8
134
124
12
4
5868
10538
18076
81
492
474
7
48
13
30
20
21
7
622
33
13
12
15262
20427
151
4150
56
44
18
389
606
2
7960
10
2225
17622
9945
5032
21377
86
449
3
16806
3976
4
1
12
6
6829
13840
1305
2775
1931
549
13972
48
9
6615
249
4
2777
18496
5891
18803
2000
2953
18579
2
212
4
187
3000
6
6022
9
383
5
199
1416
2061
25
24
77
15758
2976
6
426
48
405
749
2226
13
12632
12216
768
2
26
3493
1368
3
56
102
6
2
1
15
91
21
8
26
642
5
6608
241
673
951
2752
135
885
2
1191
4
63
8182
158
483
71
1
1458
5
12
1569
11
5
335
2
20034
292
4957
4883
11987
2661
2205
927
1
141
15
19815
12
37
3
1
701
4
1139
2
1029
1
68
9
2
14
1
699
1159
56
99
10356
497
2
8020
335
423
1956
657
12
145
2
3729
234
216
62
17334
27
3713
20024
8
24
7
4210
2430
2288
1288
16
309
17
505
6
83
221
111
3852
1697
24
4
15
7
2085
462
8477
169
9
246
401
2
12
3
2
1783
11
4473
2517
116
3118
1018
9715
2
4457
103
1058
28
102
5287
18
9
28
15141
1
1
3
4873
649
7255
1976
24
7
9575
3085
664
769
49
301
7505
62
5
689
3
2727
43
12
17
420
279
4336
5635
200
1144
2
43
6
19096
3
2065
822
149
10
465
2834
1
242
264
16
860
22
774
9
6
1
58
4
512
3
85
40
15
47
460
1219
11
5
116
817
1
6
63
4977
1
873
133
3173
617
13318
26
10105
4278
2611
723
5807
3
502
17000
47
2
32
52
3
2
9390
3328
19
573
85
2
1
31
5
6
455
1
220
549
2
12803
1
86
297
33
4169
2
4611
605
1485
104
124
3
45
61
2
269
190
1860
21154
35
142
1
140
86
38
802
80
361
20705
5
13029
54
433
416
332
52
24
2960
674
36
90
1
67
6190
3
13
11
452
5472
8
14
1567
13
646
49
19375
1878
188
15133
4645
80
204
174
2
3562
4242
4780
8987
6
131
30
19677
1
130
1811
75
2
152
11
188
207
529
357
71
10382
8
808
1
415
288
517
57
5
19805
2617
8575
26
586
9
148
2
1079
7
2
21
479
5
2
1406
17
14
1748
7
33
15293
34
2763
7154
14548
3
4915
1626
10665
47
295
13
2167
4979
12
87
93
450
356
3
7
13
10
216
3
2
3
5
41
544
12040
8
273
238
127
2615
12
24
1746
256
8
19844
163
3
495
2
4231
259
14
5599
409
234
17059
85
1006
2
83
37
308
18653
4987
2
47
4744
979
2
7136
273
14
54
20
15
8884
36
4464
2
1
16
19
12
239
1
6
1937
1578
183
73
689
5
6
63
340
377
1789
3619
34
9063
341
812
5
783
2
125
7
34
8726
972
197
579
13
11
662
320
2731
14
12758
19020
6324
3
8157
188
595
35
7
625
90
360
33
3297
18413
5
18
4
17076
2
433
12777
1466
17595
2
2
4
1421
4248
958
499
161
13965
15
2860
209
10015
21
3
6019
200
872
178
5521
4522
5
57
1899
4367
8
8809
1
740
2
2
16
4
2
22
30
846
16722
1047
70
3036
47
112
4
375
2
19
437
2
14
430
14182
47
21462
2771
1
14812
12259
30
2
4142
174
2054
3
294
3
1728
1365
3985
11
3576
1684
8
94
16
4
104
20235
21
21
6
1153
11
154
225
8515
24
11
3251
29
420
216
1437
242
4
500
7
101
3026
8
2
6698
18
12669
50
1
347
175
3670
17
14
2
9990
10913
443
1465
74
21090
77
5998
220
16
675
13055
278
37
275
4011
1857
72
1606
8105
20871
43
158
210
7016
1355
7
132
199
9
1
2441
1
10
1975
8
206
9
378
20
3
8
20850
10924
255
1752
19530
17
234
5
310
18058
61
7649
229
82
35
8
5
1
1223
6074
114
11000
69
2449
1023
871
51
8085
3014
12613
186
204
25
3
217
1944
6193
281
1
2189
8670
323
4
5518
7
20725
2
1
4433
34
3
63
1292
253
219
86
556
55
2
47
5
3972
2897
777
15308
140
5426
1
65
196
9710
1341
2341
43
3
4852
887
6782
1829
29
1
139
2488
1
6725
6565
11
1747
1799
7
398
876
21451
3335
101
1
5
631
15400
8
258
18
912
450
114
4304
21345
97
6
205
104
4338
341
14
101
1
690
5198
11662
368
7186
4560
8584
4
3
13
2
810
96
682
3665
7
15734
173
302
237
1
469
45
48
7175
99
3
8
7083
5
520
10810
755
3
6735
2668
47
2
2
8
3116
151
2
72
6381
13675
7168
3
486
15
4
645
41
17560
575
5279
204
2
3
2
2
213
2
260
24
9
3139
5469
6
58
2
201
1254
12544
1
1707
24
32
120
954
2453
4
662
10967
12
284
3528
672
18
4
19
13364
3504
60
2
3
2
29
2411
13
82
9
5661
198
1348
78
255
19
3385
30
402
2935
46
103
439
12425
126
9
440
2237
5095
14834
76
14289
3
22
8
4
2
2
326
20
4253
87
16
1
1
14189
19
1059
1
10
2
29
4
918
1289
28
304
75
9316
21623
378
3
306
279
1068
106
446
93
1199
18944
135
1453
23
614
1285
8
312
3555
10
68
2
525
244
16906
202
244
98
1058
5
4
6
312
227
263
190
14483
64
71
1405
125
3
4683
5
7445
176
189
93
6
2
3
369
1690
2224
17
465
7305
16
27
5
8549
29
1
846
176
819
4070
296
9
8831
1
2600
13
401
5
2
3903
10984
6
168
863
96
12
1
68
64
5903
3032
5310
1
222
7
2
277
1
14
21
13716
5
61
531
548
3525
14
9
2845
2
849
1
48
5
2601
10
17816
7531
90
1130
13
9
3
45
9
5
3
4
6
44
399
8
1060
400
19
165
12481
450
75
40
10
166
428
84
4341
484
1
73
114
5
107
397
13682
92
8588
21006
7471
1
10325
2
208
108
2919
1676
7
3418
55
3071
4
2083
140
27
35
1
12848
708
2
12575
21819
8
7838
6487
10639
467
2
5927
10232
3
101
6651
2
1262
70
385
10
737
7133
20
2250
116
27
2056
153
471
584
295
56
4
2
1
827
2
49
14
8554
6
29
4
1968
4050
12556
7
55
950
68
11512
633
1425
9
7725
3678
1
6
9086
21972
3
6439
16
985
39
7854
156
637
10940
3
17
43
17239
7937
1222
14084
487
4424
706
16655
35
2466
5
4
13
660
20074
91
6
11
6
3
162
15
71
13
83
4
1
23
4753
61
20550
6809
21419
1891
2100
40
5164
3
2
4
5
5
2807
7416
9705
15718
2
1895
1143
16180
715
3837
54
6
959
4
37
2
21
550
475
1
23
52
438
40
760
82
2566
48
201
4171
3
499
5655
4
33
17282
9330
6458
1214
5
1220
4
38
460
4
2
2
3
2738
890
112
111
1
194
474
2
7
566
4
2068
99
880
766
9362
24
5185
844
1054
480
4
100
788
2
19628
90
4840
1093
22
65
11363
36
1155
69
24
2
1587
17968
241
3279
8
1604
9
604
15239
4
21
64
1
15
15
48
2070
2406
62
9
73
10186
3
5453
3132
6
6271
4
2483
5172
53
11460
60
170
1408
2412
3348
8149
742
261
3
1129
95
12867
20
3
38
6562
913
7442
16
6283
594
425
3739
58
11
543
336
16647
732
5
40
1144
9
147
12707
140
13199
2154
44
38
24
3
761
961
1
50
1072
148
1872
524
21
10935
695
100
32
45
4937
14411
92
1726
298
1939
962
3
4
3
1693
196
1370
507
148
327
13186
116
750
1085
898
3702
4895
23
4
13951
2
31
42
439
53
231
7368
3302
232
16011
13499
18
330
12
876
1275
15995
1730
51
496
78
9073
10
16
629
1175
1274
736
34
3
410
54
60
4105
25
2464
1
20
6040
16
1675
2107
1
1330
3600
519
5
5
147
1162
10
2
3
124
14512
8
155
6
64
1611
4
178
3
6
10045
24
4
50
3737
384
4177
2
1420
6
3136
20214
22
6507
2
31
25
1977
31
20622
3141
14
18230
6187
18
497
54
2692
1
30
17
3454
10263
523
148
9
23
2
5
8469
205
124
36
1031
87
6141
227
1
1444
16
257
15773
27
175
29
6
966
6249
2
1
169
99
11
6448
4
102
1
328
571
48
4382
1
3345
2
77
236
2848
834
20
62
284
14
1
740
64
879
8
1
270
16881
4479
6
22
88
5
1462
44
197
1
253
9141
121
434
2467
1469
818
81
443
17
225
220
106
9965
35
12
1561
2700
30
159
31
28
406
2618
105
1
33
75
641
12
7873
4029
730
19608
5621
1210
3
6
27
3394
577
1966
11083
3
5
1330
3
2
1
273
12
21038
84
317
11
9
6
3
6
3
16
12
99
17
174
9
1
2636
38
8
252
15
350
8113
1
108
61
117
1
341
1153
4
79
1566
51
37
6635
4
1297
4
16359
9871
12143
908
2964
6031
7
20
19
32
66
379
178
55
2
157
3113
584
336
4
311
17
14797
10
2704
21112
1
57
251
15
2
555
1
6299
21983
35
11761
12688
17
143
408
889
19336
698
27
4
9104
19
12
3426
135
570
1026
1
11
37
345
6
11
3514
4
284
9906
19125
9881
156
52
374
1574
3
10681
6181
6
2504
904
6481
963
20468
789
10995
8579
3757
1
152
7412
111
12854
118
13
34
16326
4
2
112
2114
100
5698
1272
3
58
10
12131
4455
69
3718
413
12
419
210
63
2289
333
104
11
18
8
4090
10586
17455
884
77
133
81
178
265
2318
12739
1723
1
3
4
4
5
4708
142
9
13
30
3372
1393
1218
625
1972
15
195
3
4
19
68
22
239
13902
17
291
291
146
201
4351
55
8
1
3
12095
21
39
1
45
4033
13418
274
1759
78
2655
7097
3
3773
7565
1670
100
16556
1457
109
1489
11
19785
19667
68
320
10
17
11426
45
2
1486
15126
9
25
392
16132
2
6
12
182
1108
49
15860
4
3203
5
13
225
1553
212
9
109
3889
9523
5382
312
967
57
160
1667
10708
880
42
2492
2
342
1256
166
416
1980
10
2
38
3
8
72
23
18
328
1991
3
3521
18175
4
711
12407
15
19011
993
27
17798
21
26
5
4
18588
14
618
994
625
1
160
4989
135
8359
144
366
194
13
4
34
56
2
2279
6
66
138
12125
1896
4384
3476
38
33
74
435
11
57
7
18
73
9
1
167
5529
203
1152
213
16
24
219
13
49
1493
1
5792
10623
2
26
16966
2
4
1802
80
787
120
20
15
4452
1177
64
1713
8456
11517
22
19077
2626
17
2
4204
3
5
2696
17736
27
9599
20591
481
10580
6995
2
27
1140
4620
212
9960
1261
2
217
6
1932
45
6
1505
12886
19
89
2
7834
4194
2
351
167
188
8
2006
37
30
276
18
1
357
2702
2
31
11
4
37
1599
3039
297
29
7
379
10
22
5
8426
4770
2
384
664
40
39
268
1
75
2
21
559
124
10
368
2
3
2485
895
208
10
710
847
1422
573
61
1694
16067
5
18
242
176
3
3
564
23
2168
12
1792
6477
2
2
4
3509
11454
2687
13245
2
15492
554
10
22
7733
1
2347
2635
3672
63
194
10
665
705
4588
5
7
9
702
12
24
4756
69
19
11139
115
275
296
50
1877
14
5
135
9118
2643
422
21185
60
33
4
12990
1
4021
46
12
5726
6
113
172
229
1
13
2
94
3305
26
6391
1965
652
15
1381
1540
5974
5644
3308
2
4179
19269
43
25
2
104
2
2
21
1169
2276
106
74
7
2
11
17959
924
1080
245
7
92
120
11668
2
1070
49
19
124
36
44
12077
585
4
5
5789
3246
10340
4565
8
180
18
34
1617
2609
2049
17412
518
796
2
4622
2244
162
1523
329
8717
26
5
19520
730
7143
168
4
149
408
8347
799
2544
65
2782
1708
2557
39
5
37
2
776
2090
19355
36
3711
2596
3462
547
9
49
3658
15
5
284
13087
671
649
277
10486
11
109
2993
2
10649
1398
457
94
6644
8125
4
229
308
446
1746
5
31
11
1390
84
16367
3833
5
36
95
2
148
136
8008
3
32
1
98
23
4074
144
4328
52
145
11
5505
907
2
7183
10
5
5
8093
1
1
10480
20612
152
421
2153
15
3
14232
1174
547
70
8730
5
1
2
4310
1
17
3
103
7
1184
1805
30
117
3858
180
12
13
14375
9754
1
26
1608
1
10617
1
1876
138
10407
37
488
13485
82
301
95
20
4727
12
329
10
126
2
269
25
2
830
6177
8
1978
1280
5
49
111
455
15
56
3237
1396
10
3124
95
19
241
24
9676
7
139
3585
84
8
7
1145
16605
855
465
3
6628
5
4
35
481
19
2395
12714
442
3
321
7
1744
9561
16269
3
527
8
2
6
15
135
178
25
286
4192
1
25
6926
215
614
19
504
30
14260
7161
1
24
31
77
2
161
116
82
3
22
47
1
9633
17
749
54
12
734
19442
7386
729
1461
8089
128
10
562
1
3
49
1
10794
455
537
917
7679
755
3
2
151
5
1104
1515
1
1856
10
915
21
395
435
87
11205
2
49
1
2
5
46
194
13411
2
302
74
10745
468
3
4
5
4835
3
70
8
1
9
14657
22
1686
27
41
540
1875
10815
32
6775
4
60
35
22
33
3
5
13985
17
3761
7539
2
20
18
1
602
4
291
8
308
166
1
14
311
5596
19
83
4513
329
11
1499
1785
16814
4
2
12
1073
774
5
3
9
11
42
3249
61
332
6277
2573
31
2
6
349
1
122
24
2022
3
2
10859
20255
11909
47
15
1107
1945
15277
1839
494
162
19201
1
9842
6264
19
2
135
3
5
34
2546
10628
91
6
123
17
3
6004
3096
11
7
5281
4808
1403
2
9788
169
286
6
13
3050
28
20
11307
505
3546
41
1524
8206
1132
15247
154
914
282
1522
8044
379
11245
2235
9513
3033
3
31
9269
226
8
419
31
222
1474
23
4734
7115
1531
1
48
1
1471
3901
271
1
384
47
15821
2
65
5
54
31
3161
2917
16432
659
4121
5769
1
2
211
6552
33
7
17
1
13
27
4
5263
2298
4
2
1448
1027
25
6
4419
16
13
2817
7933
2827
85
5
1387
422
1
3315
113
12682
591
1102
68
83
256
861
106
3
433
1
24
9113
25
15932
663
19
366
61
89
10080
361
1
985
45
383
15
6375
59
144
125
3
1304
806
8410
3
5
62
13192
51
7030
1813
923
79
6
12107
4459
52
50
19687
30
8215
2
970
7226
16
6582
9
4
7
5
8076
7222
113
552
10
173
6
370
6
4
42
33
75
224
8
2
922
8
2236
54
79
2
3
3088
101
2
318
5062
12
9
1068
10918
6340
14112
197
1
19423
129
10
16334
3
2
13
15
13
655
1016
1
701
647
1
38
694
25
574
130
1912
249
490
5
5948
43
2102
13
14592
2673
4
1419
17569
7
50
660
4
71
23
2831
198
26
1268
2
1432
3347
31
1
2361
3
3681
218
251
12506
2
626
3716
4
15
25
2
7729
1
1
88
9209
111
3390
331
53
1435
9657
8289
97
7595
3
62
154
2389
7
18
4
150
5
1828
4920
26
15
5
990
6452
15224
4
42
2
12
1865
25
127
212
22
95
2
181
639
154
44
1269
2
73
195
24
91
117
30
10831
346
10
34
568
29
1271
1
1629
130
4
5
67
56
9
28
2
8947
112
255
236
533
4160
3271
17204
5
18644
21
620
48
3763
18
9
25
21
17
309
7811
5
11
4
4
63
22
8162
4549
1021
9
50
3
9
9246
14
31
6230
3
3
6884
2561
5924
882
1
8129
1
168
366
24
14886
162
24
38
524
277
10
3
41
1078
510
3
1385
1
71
107
42
7528
1459
67
307
2
21
19
41
6116
2
53
343
515
48
13
252
46
3
255
228
16342
5
747
11233
31
502
4964
16
558
1133
1
148
322
37
5247
18121
6
16
36
4
309
2
20
40
3138
9
5
4
6772
66
29
12283
15118
1
10
169
13451
5366
348
125
8
519
3979
167
4
2265
5300
5
396
688
604
17578
20275
14
1580
1635
2379
2730
4
9
70
73
261
21
243
130
775
275
29
9856
420
4
8109
1
2
26
247
10676
678
4
1
106
41
5
591
4135
2510
233
16051
3452
1283
6745
803
229
5179
4
83
1846
2
5761
2
20
15836
7558
7
13
5
133
798
15789
21175
2
18784
18
1123
396
775
2
700
2202
6556
143
3609
1760
4
1720
1718
8
2
5
1043
2207
18367
13
180
3
1088
45
66
4007
3630
499
9182
6243
9
6853
7
1
9414
9
7405
6
32
162
21
1
99
3
810
71
8
1
900
438
39
14599
93
4
15
9
127
4
682
1
27
8
9613
6
45
2
7
7
4
21
314
23
5
193
207
3
21
9186
4399
5190
174
16
1767
3
13
3532
483
1647
313
15908
118
4540
3
6
5
18376
52
11471
8
1987
81
2851
683
779
568
6
6144
2931
120
7313
17
2
3
12550
1766
4196
336
5
27
7382
29
35
24
34
7193
29
1
27
113
14804
11
1401
1
1555
67
621
2
3
4
107
4
75
1098
516
15
200
1
347
11
22
5
5
279
33
20
7
1170
20
4
3
5930
27
14
32
93
19297
127
18
189
218
1782
9
8
202
4581
2268
231
2178
4410
13338
318
6728
46
2
2
217
7072
1
107
7626
63
5302
13
1
6
64
11
59
11189
741
10
70
2749
205
192
701
15671
15477
3
540
3
3358
1522
1922
8614
188
14
6
41
15955
20
477
5883
32
2714
12456
5
2
2
3650
2
4
452
838
2
33
5546
6
5
1141
787
1407
144
405
4
424
17
6
18112
2
6946
6860
16
2428
2684
2631
4
139
47
19001
707
45
8840
18
5821
3157
14
3495
155
8
3822
4876
9
668
94
52
6802
6
18973
124
2955
7037
1063
17
57
16
6
139
29
1361
1236
21441
196
26
1
4
10
33
7397
5483
892
940
9
15
211
3705
1
10
1122
13736
7509
8752
1078
2
1
35
12
4511
1137
748
126
11656
6028
88
10
1423
167
22
628
9
1
28
94
271
435
2
3
8
1431
396
1
58
13867
2693
11
212
160
18266
299
2
26
198
1
4025
15058
207
1834
18728
189
3182
15
28
920
1258
107
2
10491
7
2
852
939
68
65
188
4
3
22
4
349
18
2
34
3
749
10289
13
671
1
507
99
119
40
334
102
19
17
171
120
6
240
10
442
636
2624
3539
2023
6
1357
4
17
283
16831
2240
2
2
78
37
6559
853
8867
3
100
134
6107
659
461
1
1
7
10804
20
3956
46
8652
60
30
19
96
62
371
5
3566
2634
141
2
6789
2
4
15323
581
19
7
5195
2840
1
212
12
2
5340
1438
206
225
56
110
804
1673
319
9
11228
282
329
223
3
6
3
100
10
371
187
374
6
534
2784
3
34
6
3144
62
18888
9136
10320
14
3
2
8618
7
2
4
4567
6
6
34
58
1151
276
26
6
15
1
115
18505
13271
15750
29
263
97
124
568
60
2873
49
226
40
75
1308
3
244
15726
2
69
285
2456
1867
4373
18
3
1
11
25
9
32
22
29
15005
2
4
2
727
524
111
316
3029
49
25
5
584
41
5252
5245
1
9891
3
9
14
8592
151
68
363
12
16
2529
3
37
28
1167
14745
5
25
5
7
3
7
96
7486
1343
12
6202
218
5
3
43
32
14
1809
39
6
2870
19864
6147
150
110
2
10
433
19249
1316
418
402
112
11791
10644
6857
22
522
16237
1
4
15
1
3
5939
224
101
118
2729
6
3876
65
1547
19058
81
249
10423
537
118
16
45
7
20094
6
1921
16164
15
1069
20326
51
1
121
34
14
262
2
16350
830
24
563
393
2
417
1586
4627
888
17273
2970
2418
325
1858
383
59
44
3
236
2715
10
20571
2348
127
6833
53
5
2
172
16672
1
44
1
395
3864
6
1
328
2
42
2605
1
8460
3
6
467
32
3612
72
24
7335
18294
10
2238
5839
4117
8938
8318
19491
69
418
18
6255
3
12
11951
8748
20
188
147
10
180
104
6513
1
753
2
2002
960
4
3
3860
6156
532
1
1594
1796
259
43
6
1
2562
2264
11767
56
29
9
12790
2229
11540
231
7
14606
920
1326
49
4287
54
6
8541
14027
25
11
49
124
1
1
8571
1507
268
1644
5
8
37
674
2
2387
76
2
12
3
5156
115
4
4481
984
16
27
1273
3
1446
192
31
16697
840
2429
57
20601
1347
2058
39
93
199
2
7237
33
19
5
50
25
2710
295
26
1055
1045
3428
3
4
9
11
107
7653
416
1916
2
20560
2192
1
173
53
119
57
2
316
38
12587
1415
6
579
12413
12
2064
419
63
38
613
3045
3294
10156
1550
3
340
1529
15
246
16957
16
1378
9068
271
6
731
1
106
53
1
10350
7
12228
3752
350
340
1119
2
1148
842
2582
139
8
315
12
3
11
47
13378
4
181
6575
1294
513
12
12469
4
1017
49
235
5738
47
175
73
8464
3
4678
1188
1
5120
5234
12957
1
451
19716
2157
28
30
1
286
4590
4947
96
1
8
4
11
637
278
537
8
5
3360
2245
1249
10294
4
1
60
166
84
7
2751
216
61
13238
2
4
30
156
956
36
1624
2
1500
11
7058
3820
90
21473
25
49
527
13048
11
32
539
877
387
207
84
10136
2929
266
166
887
157
4
3412
511
11523
1
122
5292
1970
12004
33
266
14621
285
3
2802
1350
14
1
12
64
109
2
2
30
7
3325
7
3
6523
17630
1408
1418
3
481
8
2243
2
22
11017
1780
267
11
576
12500
1476
1
784
117
11
3720
2
794
14
39
240
507
7637
56
6974
467
4572
6
46
2328
14
11
12053
53
4
661
597
20798
587
153
2
171
5
3
31
93
1039
13405
21
526
67
10
21
5
1
206
3
7309
2053
12
944
3
234
3
603
19657
31
52
2
368
141
90
33
2671
3726
2
191
3
507
10439
916
123
2
1056
18822
1
20224
5921
42
310
1
157
7592
1055
9283
85
83
2
83
713
337
506
594
114
13
14767
7
6
3
2
6280
13016
5
2706
546
30
1773
4837
2
18248
114
754
109
224
557
55
9
5
76
68
5
11
2228
17
36
7
2091
321
1
12
38
5
1117
244
3
15892
87
770
1762
5174
8052
1887
5316
18085
2578
501
583
12351
3
222
300
820
260
90
11814
8631
4
4274
536
21732
16506
2
3641
12
1
5
1307
23
77
288
78
53
11856
20
37
78
437
6274
6007
728
104
11679
1994
1
3685
1427
6598
7917
3115
7423
10
14983
5880
8
2416
20
59
5
28
17499
244
86
1814
98
5488
21613
181
936
9618
18221
8
28
229
430
49
975
250
2
5772
13140
7
14
4
1700
115
813
4343
18
38
215
7048
9223
3
898
146
252
228
9604
15663
13
1264
1702
7
45
413
4
7
9
35
50
21164
5
327
3587
434
4198
692
14211
25
4306
43
11
21
18
738
8080
12
2
166
5775
3
39
31
12
1373
3062
1189
996
6337
17
96
44
3
24
9
17
246
121
1
1
17
270
4
2101
322
211
1711
2
50
1207
407
24
38
2538
9059
249
11
9
1430
488
42
6150
9930
11
535
35
8
189
294
42
8101
64
5720
2322
15
2380
110
2460
1447
22005
153
3
78
1234
7
19
93
2
9896
11535
16949
455
532
4
661
53
6
8
18607
5141
14
1
1
586
1332
151
36
2672
13916
4
624
9447
18
2278
14
575
9334
8
2
58
3
11
474
1554
183
844
1412
11587
412
40
13999
16747
39
3
28
18635
1637
2
21591
15148
25
13600
2847
1685
254
5
14
9
3
3
7129
1
14
10
1
948
69
7
6998
9293
20
13159
1
162
42
159
287
20
2740
35
559
78
4181
310
1
46
4
12047
262
9594
284
231
1
47
9
5732
101
28
20
54
11
941
4
1
2149
1464
40
26
2988
638
3
2
19144
21494
1
123
2
12
848
751
39
79
389
457
5466
20376
2
1200
23
7172
3733
15232
3
39
30
180
178
8
1
10554
7331
50
18
2
489
1365
351
6569
1
10268
121
444
1
4417
47
11
5541
2377
21580
19
30
658
6967
94
364
3
1
38
1029
10181
2127
2
10570
20
3006
20154
1157
64
120
21238
14
16983
324
22
99
6
381
110
187
581
23
8
6
25
7357
31
4
7
146
323
12
79
4
2109
2
8982
808
9
12010
2
421
12
20448
11100
14960
13
157
2675
2
7460
1351
14864
7
4597
656
2
65
18
202
1
1342
2
1836
27
10612
4
3
2317
10799
1396
570
328
25
3253
8040
2
828
19736
5161
952
100
523
18
5
1323
3
896
6
17025
44
1743
113
297
2
2733
707
346
25
726
4064
1
1503
52
116
223
66
6
4
588
91
239
9793
1873
7468
1196
3
544
100
8
16622
1585
3
6
1112
71
353
8648
28
7
3478
128
37
3
40
3
359
6
5
1428
6
2136
257
16
65
551
3878
1
59
764
1252
850
123
8
22
209
9
20
118
16
3
14
463
4
122
1501
698
2
16856
32
15
1182
11797
16
25
12431
998
20
29
3
212
3759
24
3625
20829
150
49
792
2
3
41
2
5983
961
1267
6384
5
12289
14723
97
7353
13120
243
34
13331
5
15110
18
23
607
17807
1
2
1
4
12
650
1268
927
2
6
1948
6
18
1067
2
4
20
2585
4650
348
645
3
3839
9
12
1
651
26
15354
343
827
5
356
13285
9219
1045
377
141
24
1786
4
3101
2742
606
6748
23
3284
5
2055
1928
19115
2
567
128
99
112
3
1033
780
34
333
285
3573
12
4
5700
1
20438
14303
35
5543
60
7
13
5842
18
5442
7093
3669
58
252
19
6
51
21
25
5477
7577
38
14738
25
2936
52
16
11
2
602
3435
4739
3
504
17
15617
4
1538
5
62
82
113
5
4
8
851
3280
11
11127
6268
988
164
2191
11674
2
9
16
356
1989
38
1063
2
1324
14790
4215
2
2
9527
4618
14
1
56
1203
1
748
320
8709
2334
101
46
69
2424
483
532
5
3
2
330
11194
281
800
2349
102
277
7877
52
28
677
15531
6
4406
13398
4
2256
29
10
10
629
2
3
94
16848
470
24
1530
369
1512
152
12
3647
9
8
4
44
628
95
11295
554
1697
1
100
2
10
711
6
9
515
3541
64
57
4
2
1
62
335
638
1
10697
614
4634
18
42
6016
53
421
91
621
4
257
1000
2541
62
172
348
8704
325
4
3
6
2144
187
185
2282
51
4
12906
6211
11006
52
3
241
2115
3696
1251
3948
3
3
195
5
42
36
165
1064
357
15
3
43
1791
2719
21
2548
652
1136
556
41
1389
5090
1507
182
232
5399
106
51
464
1843
6
12938
488
795
46
32
69
3
3261
1
3511
5412
141
10
2188
306
14
5
34
1046
478
2
2795
9
95
5647
1
3
8713
45
322
230
163
19
262
937
111
9695
1
5445
3
132
5
14990
42
70
1645
3
97
2
409
8683
33
644
565
21994
223
11903
2
70
2446
6
19
60
242
1
163
4576
11
23
2397
609
39
3
19106
1
3741
752
3094
204
7
3469
11945
11575
15431
15
8334
11785
83
12
96
19307
6
2287
663
16
2296
11066
1555
6165
16755
42
17222
790
3656
18
192
1
331
3
126
161
166
159
644
2386
1296
120
53
717
34
2543
3338
56
6823
22
337
16
10
2
12
342
238
1949
43
1806
183
1
72
4
7
1534
1328
2
441
25
23
673
5297
399
10
4
12
4
7
246
2005
2
17
63
351
822
14
299
1
21950
12746
1114
129
4945
4
18
2
78
2450
2
479
16923
82
2097
4345
13278
1946
5
427
87
367
1751
487
4
9861
115
8281
76
204
3
7
4602
2
778
2
24
14
1
179
9
129
10496
2
1287
26
5404
254
33
11
10951
39
401
3399
13
2
2
159
9
81
1784
6432
4859
4046
3
10543
73
12
1
1
3474
2
161
16
90
185
134
32
36
2
2938
6819
1750
1
20
35
32
3
132
122
46
3384
1
541
3628
16408
164
80
14196
1602
66
718
8
7055
1220
254
19
21656
20499
1
140
2148
26
41
20684
4844
10304
9
893
3
307
24
1
16172
1
16
37
8439
272
2
4
450
15562
3866
14
14
5
9749
1898
36
81
184
16196
16261
1411
1
160
17473
2
5118
3254
1022
1246
20
39
26
2138
77
4595
1
308
6
535
727
7
2
36
1392
10
7
6960
482
2030
1
177
3
35
7
6
106
926
64
280
646
12
126
732
587
3826
32
3
116
71
601
148
23
32
291
14
15485
8481
7718
67
6
7
1
5871
1
8902
1610
105
3
7
811
149
22
437
2
24
168
51
15
6474
2
1244
12
1
1048
3373
5593
521
9
276
24
310
11
5070
9475
76
1
1
15
16140
14709
1
1378
6
9532
2
693
73
7
296
452
2906
8822
56
9302
6
10
116
325
372
87
1
178
518
18756
10
156
5052
25
994
724
2
1449
17316
8
3125
10444
704
2
10
29
7
6
2623
1893
14225
77
27
7
2050
816
29
1050
17508
2339
88
147
2
293
20
5856
3
35
2
8800
130
2
26
24
4
21602
15
4659
204
1
7
3689
4
2
1757
1429
79
364
16107
12450
5027
3
7233
1
88
49
937
940
2
3445
1754
5
572
5
5113
2
2
2
149
15963
3
64
3978
14563
392
16019
36
9041
1062
51
12893
11
29
15209
9
353
484
31
132
2632
92
2
893
3881
1
452
7988
41
6302
239
2
164
9
186
2187
1413
2272
382
721
1953
85
33
313
4
11290
18
339
8
211
5
313
3285
1399
2
23
15
9
187
3
124
1432
13478
115
43
289
14650
16
2
1096
563
10
667
24
6
1
6289
202
125
2
931
24
8
28
807
5012
1753
1830
6013
815
807
26
1
11
3
1877
1131
1065
11921
3
21753
15
39
2
52
1884
385
472
63
5
19462
462
66
3017
8
2
69
43
4
1
2657
8
9
1227
6001
5138
10
2180
4
22
4356
105
37
2
4
2
9
1
2
1171
9409
3
18
14
245
15201
12880
9758
4
36
2531
368
111
5
272
5
6
3
298
377
1807
31
21917
167
21
8
8
4321
631
97
10
20336
2703
11
1307
3578
8223
20104
8
176
128
41
2315
15
74
3216
4
3527
1
2179
295
3
918
2
2
1600
1
405
4435
11
2
815
11
6
15446
149
7
43
20
5900
1071
14098
5
7
4669
188
13
1003
30
383
180
410
33
39
15
1
2
2961
3
357
6497
5
22
5683
14701
6
397
41
2001
1102
236
2
17153
3661
1
1974
2
4133
10
13
2
2128
115
35
3380
498
394
3691
413
5229
20944
2
650
3
44
10
1
3459
3814
10025
4
2
1
1128
2196
7745
79
3638
34
894
838
54
1879
20
772
1526
123
9
199
19
8
44
13
6592
2014
338
4441
544
9935
19
4
266
8
265
1
118
8
6658
1
79
149
316
2
7302
576
41
780
290
1
26
144
44
1099
2116
424
945
393
9
2652
18157
3256
14275
2089
96
2018
76
208
38
2
9
708
5072
4466
1
11039
68
52
8141
15
27
3313
3169
14
1818
32
9
4
1445
120
4563
14
4
26
58
9802
1666
21
61
1
2
223
1119
9661
11633
7240
1714
80
2
9
1345
87
9
6
1
2579
317
1671
9
551
5358
3567
1
46
56
7276
17666
640
4
87
1
10
3238
1
3
264
2
2092
621
16115
1849
445
26
31
41
96
4
7710
1200
22
1371
3074
7
113
8448
964
17213
122
3
36
15987
2041
30
13212
3
355
756
1810
2
15384
1
2855
744
17
2132
20458
1363
8272
76
59
1
1317
2
7
11691
28
7
98
18691
17
21
93
652
145
9609
20489
164
5
4
89
21634
126
3
32
2
1
11993
7
1480
1034
5995
3473
199
486
89
59
14975
144
1211
39
9381
18
21645
130
14827
8
5
5
309
207
292
4787
21808
232
76
20787
4
2
480
14
136
456
577
1840
5242
267
1123
2
7603
1
1
1038
103
3077
6134
18
486
122
20808
4625
212
1358
1033
1
32
7
9628
878
4
8435
1344
503
13384
5237
914
541
5915
25
5385
195
3404
394
29
94
875
294
6
1907
87
76
8186
1303
2512
7327
1733
4450
264
2
26
1
20632
3
182
74
2431
7
9
121
10
2120
508
89
963
1886
1
15
703
1
1
883
87
444
4554
8190
9499
18395
217
2
11
21786
461
14
43
971
170
388
3
5565
15523
13100
25
3598
338
6888
5313
12376
1
5743
483
15
7815
397
441
4
589
5374
2477
238
6
16
45
4173
421
5554
456
9
19
237
15
2048
11873
471
5
14310
12369
6046
829
1039
6625
192
2067
1
585
14
16
4900
4
836
22
111
2
589
801
74
19
1
1
1226
2171
32
30
23
57
11
1910
30
3
119
1159
3
1435
871
10
8761
3064
371
586
536
49
311
4606
103
2604
12765
6595
5115
3
2
9
13311
14643
6
149
5393
6694
8
12
1
108
16003
1
178
7
6985
1
6688
215
20397
1614
2169
4375
479
66
5396
13634
23
5329
13
82
28
375
7
9
175
1820
156
11
1124
57
129
1204
1
4208
716
1
2069
12
814
350
1632
470
64
21101
191
2084
5804
1374
11
24
2017
2833
5
2681
58
40
3
237
1528
10
369
357
2469
2899
4
4515
15
229
5
34
9027
4042
870
2
385
131
17051
102
16482
2
18040
2461
11
3
128
1
238
13
6
258
1456
397
4137
970
3
50
1641
466
3
1
319
18
4
1
21302
758
6
19
2073
440
2
392
9433
16099
145
23
4
10366
1591
34
2220
472
1
211
5
37
15103
21
6327
515
13771
237
35
1
9
4490
22
2
47
715
12
1
73
5591
4
511
29
533
2
91
105
261
225
360
7009
42
321
843
4
78
4
334
1193
5049
77
2
727
917
289
8
23
3
12
173
9
11
4
302
19598
14908
343
7866
10335
401
2
48
5
16465
19
239
20
6578
86
72
3771
354
40
186
7
8
49
18340
3997
780
5633
9
122
891
8097
6
27
6
1164
5859
91
152
19
10978
3
4720
4
28
15065
6215
21
15
92
4652
21217
17
309
10
1770
2368
9045
7
78
2525
1
142
5735
38
13344
32
8
1418
555
7086
11558
303
1233
7516
19394
10166
973
2597
4502
8
2
2
3
2
3497
37
10217
1
238
101
1110
2
7
13358
252
783
10
18
5
318
104
230
14
25
7676
78
566
7
19904
1073
17905
94
1173
949
6
2676
7524
28
4
1
7
3
58
3897
9
585
5
526
1
16940
1
45
190
11802
2016
124
2
1
2133
16839
35
7
4749
75
1028
2891
90
4100
186
7714
11
697
3450
179
13
177
18239
9082
828
6471
2
543
8691
716
7165
2
8674
9437
39
241
731
1281
4823
3
2104
47
9623
672
417
485
1353
2592
227
508
7
92
3
213
560
7
254
2
1082
18
3317
15
50
7
72
127
90
702
3307
396
214
6153
51
805
11738
179
84
3
1604
193
611
89
370
5105
1114
18
1
8622
33
6
1083
2945
31
2
217
1253
462
2850
6601
2
1395
4
347
107
1936
9
2838
608
1799
1704
8605
390
3
9
10222
169
1442
203
3582
5224
152
16
7101
102
1
561
172
58
13
39
5729
4697
14
7664
211
1564
432
78
2405
2373
878
99
90
1042
24
8
10761
4325
7611
897
4391
6
6420
2
582
2598
4
23
17
113
3
10116
4
62
285
1621
3
78
3
191
85
303
17
1703
139
19
2403
7901
19
64
20134
13695
3
228
3310
2
13
113
15570
3
7
888
9489
2
7573
44
3
36
2
47
34
34
3
20902
15285
37
74
61
355
1
7
565
4048
616
4643
4
17
9
11552
17763
1291
2
571
19
434
108
22
67
680
364
738
18148
1067
4
21
22
31
2
6315
12
7
158
9
10345
7
219
14
800
1491
8
40
176
68
1
4
2
31
3421
16
7807
56
341
10
12944
449
2
8
102
2042
2
404
97
685
9018
11927
1569
16991
13
6346
9
131
4586
42
508
1
778
5
54
546
6
61
21355
227
16
81
4583
2193
3731
61
45
114
10
30
13094
1
1
16
485
216
7
20204
1051
159
5
38
3342
20923
7
151
4
4888
5
23
19
390
175
8
27
13291
482
12198
54
19706
77
5
99
425
1726
2
10
1544
209
31
8
16
16764
16318
422
1285
18709
2913
905
2737
3930
20715
6261
2024
2130
752
3
22
4
2
3
3289
6
10946
7483
1
779
4
143
161
4297
311
14
10702
462
3011
202
2
998
1
5798
15876
3340
5740
77
76
1
3862
2813
32
1084
1545
53
643
4167
10
4533
236
164
9386
2920
54
2031
102
1320
276
2536
375
2
90
13
27
16
86
33
196
1
138
5
39
116
4
91
2759
2734
344
2
12
36
32
2323
4556
692
14382
609
333
176
3879
38
4094
6
703
4183
4
10
16
1509
7
3841
50
3485
199
14048
929
1794
10973
8494
20
121
334
11
1077
1
22
1
112
13559
319
6
3424
1289
44
2
5
98
6
224
7
307
4
1
257
9
48
2
23
10
87
3059
2
214
40
8
1025
1520
41
6
138
262
10875
764
4
5695
256
21
646
6159
6
5
4
2
939
5703
6
1042
518
1214
19
1
4001
67
3
500
3
1908
218
8
120
2457
9886
269
72
8
31
1180
40
18
1032
1535
2
27
2
654
14034
53
1012
2823
51
1
389
6936
5
208
9358
1013
11
12720
12475
153
14
3
29
14268
293
447
11177
1788
1
5
16416
95
2040
3035
4
3769
2
15813
19
688
2
3370
103
2
269
137
109
182
3
382
27
1150
59
76
16
4
3464
874
12155
1517
11615
151
2
108
79
295
1590
81
248
224
129
52
5
22
2231
221
444
3008
3195
45
10788
5
32
2
3887
19
2
1376
320
13723
44
26
12996
56
7
5332
15516
7823
2206
62
1897
44
5097
237
7
393
10
11
70
81
140
43
131
11
1592
1180
67
20
34
65
1985
8
223
15
12
6
31
2
870
86
2
17
15508
274
580
163
4
19835
12119
2881
18431
133
2638
15
821
8665
279
220
50
8252
139
8
6
1
80
41
5260
64
6520
4475
372
5
2
4
238
20014
60
24
5
10686
12
6
5
93
11078
8
657
2462
8915
8
2359
517
1
251
17490
39
15073
4486
3
3
4393
1639
21027
46
293
416
2051
2415
2
1483
442
440
1597
1139
40
1488
28
1469
3
6
4
2490
2419
12861
4
8
36
1030
2
221
7
10392
59
2
1089
5064
195
6233
5
384
1
1795
1
15
128
1
10
7
7062
7
1183
9461
1903
84
1791
4
21505
214
282
7
55
11500
30
77
3
10
88
5
13709
2029
232
1
265
2814
3
11116
21291
1116
187
4
759
22027
23
353
1664
1816
27
6
8
1284
1249
104
1634
406
1487
46
46
307
7
12809
16
50
411
11161
234
18468
179
6
78
2
21
2451
1
15
6
3
2343
5630
84
13
530
3105
113
250
502
12
359
1573
30
2
1
69
41
473
313
13
4
9980
1
330
2
212
7
7
6741
942
1
395
2707
8
18321
51
933
60
6423
5
6
161
5
2163
642
8
2391
13232
35
1069
744
11
439
201
2
7
7
62
3995
300
1151
8601
153
43
151
2297
117
34
735
1298
6397
24
19433
860
16
13505
57
260
3
331
557
818
5
14
651
95
122
45
137
52
5273
35
39
3
3047
5824
2
82
2
6939
2
296
7079
26
2826
3
233
23
11
4319
2788
617
2
13153
5
143
16
309
879
8
62
605
6
590
12
202
592
1147
2
1
2656
2299
12
13431
1
11581
15
598
105
9
8032
10
69
580
3703
11
306
954
7401
12841
2969
17852
1793
5067
6
3648
51
2
5971
248
4
51
988
475
5
2
86
103
2716
2
4246
2
3
21
192
3
12525
49
1859
9
215
65
1
1309
11563
2
83
10
7
50
76
61
4
542
8
7630
81
2
17
17843
13546
457
406
10
18312
197
133
46
989
17
882
12089
2
9
14931
171
1141
525
107
1552
66
5450
71
2
130
19944
16277
3122
13252
1
1955
1
1
20
10533
2
89
315
17
2079
4272
332
3724
9344
1
13
19163
3
864
8
4
1004
3
4794
9
16
214
3
4
2
146
11
3
230
3230
28
2215
699
150
3
1138
3
289
342
10060
158
136
21
16383
64
5
2
3267
2997
4
4251
5401
3
8
2262
8
147
139
6
4775
106
5836
681
665
7
1
28
1838
563
4609
382
8198
58
7
1451
63
1864
182
4
5
1546
457
20
10
2452
1905
4263
50
207
11273
14497
182
395
1
7925
3
1682
12271
13958
6
46
610
3
18616
1387
33
2326
7208
2407
2
7569
11409
912
5
131
772
3009
3158
2
3436
226
21
92
1549
1118
12161
7
5496
2346
22
2
386
31
1724
15554
5
12
1095
242
560
100
116
195
13061
5
2
5781
2
310
1
5143
111
9494
6870
69
2123
16091
378
367
25
21527
5
3
2
18
1
79
1577
606
610
88
12964
10
745
2886
554
411
14
2112
37
2
12
428
1044
17
1
4
2082
534
28
499
278
5
22
4908
2
165
484
210
352
22
5
892
26
2320
8
6877
60
1
453
34
2077
5
5318
911
21
23
2
12059
5749
9570
6
16
9154
79
62
12
14
1077
47
2
4
448
14
700
2
23
686
13
317
1
4801
3784
10
573
72
9
464
10
8
5815
1176
56
96
31
1
10
8248
2
15
10
2593
49
1565
4
8
4131
1653
3262
18775
1
6
34
243
134
2926
3735
447
4
3530
2125
543
241
2353
3
209
2627
38
32
2565
1075
1247
8036
16
234
15
995
3
608
17825
374
6224
213
3
29
1266
884
1217
6529
2
16
12382
143
109
6
2111
106
841
3
14055
431
14
200
3
3
1
6812
2
1
3
27
1291
4517
33
1255
225
4
74
31
47
268
12
3
1048
6758
1481
159
9
3352
1213
3
1698
3
35
3
17
8
3
691
5
592
267
564
9
93
704
9372
4428
2
8145
9
39
7964
293
5
5
70
341
1
51
5766
18459
503
10607
3654
712
48
4369
896
18
533
16212
589
394
9
4615
45
256
279
16
379
240
7
1745
249
97
5
12034
7108
18212
12537
47
32
16
12265
159
49
4
9480
400
127
20
2271
23
3
14
30
1596
10596
3
25
266
11369
3
20305
14
16
4
4655
358
22016
1716
2321
1
1194
835
4
281
5123
137
340
1
2828
14504
932
38
1971
85
206
113
24
6718
1
228
13003
1126
44
4
8
108
141
1051
8389
3423
7
13
3443
223
144
3282
43
11403
5075
1
7251
409
8827
8
8
7753
1111
4313
7
21
497
8
8355
10
2
2095
117
386
2
13743
31
11838
53
171
88
731
4
14
12
839
289
5436
1
218
6
87
140
12
666
116
200
219
427
4
46
478
639
4
1
632
4285
946
5666
8
12822
2711
2933
109
2799
11
298
862
9237
27
1
11998
1620
81
1
2820
3548
3
3
31
29
1819
3659
6
2
94
5
15
14175
5709
35
18663
3
7
122
4
13
1209
30
68
7
2
1282
10418
494
230
14403
1
97
200
60
20
20
1
1769
381
3295
223
5801
129
97
111
1633
79
67
415
1691
4
340
330
84
512
16124
8
682
2746
577
1
1
550
18916
28
4818
21
5
8973
2086
20478
130
7897
231
8
2
3192
70
2
4
56
555
82
1
76
2
7
17
4
16
3
1
2
21851
13641
70
12
7
98
77
21
10
4031
4005
20996
60
1437
8322
2
773
3645
324
10
6905
3
292
34
67
115
136
9866
6359
10131
16
72
6929
694
150
472
5388
4202
2
3
9
1933
8431
21743
12600
59
2275
2468
908
11
8978
618
288
2
784
39
18477
17516
18
905
55
40
2
5959
3810
2979
1881
395
163
7
55
736
7012
7776
21895
3
5909
1149
253
28
443
303
9920
6711
44
1
28
27
57
59
17613
262
9585
11
2027
9
46
5151
9232
6
20643
1
2
1
17447
2
26
3091
6
3447
12419
2375
183
9
3119
1097
6
18450
2076
33
2
766
4758
2867
3188
38
3610
40
3
1
492
8
5092
1187
1464
2
4
22
16
296
1250
1
2
46
3652
12
2
13944
5
59
586
1327
2
6174
7273
3
170
17932
89
1756
194
9
2513
117
1
16
74
324
165
238
3312
707
80
16245
1
37
2744
4832
13573
199
108
9348
20975
2
62
18
536
39
18
1344
25
58
865
555
25
4
1506
173
6010
9556
2683
28
20
3605
69
683
111
31
7
3332
1109
8
180
6
4092
276
128
46
5686
305
37
4
91
2447
1
3
1767
1135
162
3174
6
7
1
55
128
3160
2
343
408
1580
4
2
34
2147
214
6049
3076
13
6
30
531
170
12345
2
22
2012
6
11
15
25
1
2
155
1
142
6
4
968
3
681
11172
7972
41
1758
15
2
23
6
5672
1
38
3
5
18031
29
771
1588
9256
9
42
5778
436
197
2
36
2
302
674
64
20674
728
691
2
5326
22
4935
933
438
605
6
26
3868
3
7
1005
138
184
177
359
2
9
1545
2081
12
1
5
3208
15331
1340
3
270
5
59
90
218
583
4013
17
18022
3627
11
5
1483
86
186
18514
2
3
139
2
7
46
11267
15500
82
833
132
1
66
2524
2032
17
192
132
142
957
5
1551
1
215
19579
1261
30
9566
36
247
10050
4871
41
92
2
11392
12222
12912
2
218
17
6
1
3
203
648
1115
4444
13
18
45
782
8264
1612
2
8
172
147
4
58
1
132
1638
3700
138
16514
33
16440
45
3870
4408
6806
4156
25
54
599
331
152
2837
1156
23
3782
620
14339
25
7
167
2281
9367
64
157
221
2
2
713
185
41
2273
11
2
1
5
11720
76
44
377
1
596
296
4152
745
1162
2161
210
227
101
1
16714
94
3
12
144
215
78
52
5610
3
33
19
70
18
814
2
2613
478
8310
376
11
211
19825
279
4
10100
2
4
163
2
4789
127
5431
125
102
9320
423
5192
342
1
21
13351
520
4
3
1385
1254
159
44
2075
7320
3709
49
6681
4574
9
2
5200
3
79
28
2479
445
10
1688
188
335
56
84
107
25
16302
4974
4
118
264
303
132
5933
4878
4
2
137
443
4017
580
17
38
10
250
4815
3
16
27
48
57
19087
14
4
22
768
162
5167
796
61
42
6874
4551
7826
26
576
2
29
617
1541
739
2283
21688
2126
2
15828
22
4078
955
6
28
509
2
643
15
9
22
3228
390
15
187
4535
12
1
2336
588
2351
52
38
1323
208
229
8562
72
1007
398
67
262
1
337
44
965
4
3
6025
5
91
150
280
4
3397
20
2679
3698
20
502
8
326
6
98
2
547
390
21
50
2473
12326
61
32
130
4
2
48
161
8
1854
48
10
95
6
452
61
3816
2
3
314
477
137
123
344
2137
133
3
351
3
233
16890
11089
766
3
2688
11
6
69
37
11
4259
22
80
9100
250
7
5
20965
71
52
17247
5850
16188
13
8
1
418
641
471
17386
4742
4
1061
42
17481
3471
2071
719
6104
125
146
2
1
453
293
3409
4158
407
769
6585
1680
13
1038
73
10237
598
13812
33
72
82
497
7244
102
12
1245
2303
61
3155
5
206
171
82
2639
67
15095
25
297
6
107
65
19559
45
51
71
60
102
9
12022
981
1019
1181
2
15
5284
44
5
84
3414
19934
3564
8330
11
51
3
19795
6052
8
762
246
2527
14731
1
52
1
3292
17179
567
693
7247
1186
831
2
15
2257
101
11022
5
7
5
5
3
3520
31
14526
2290
306
16
48
2
980
849
14
5912
935
3
279
2
14
157
94
3041
1300
22
193
19
8558
1
2606
109
485
2786
5874
7
2
80
381
8
8
1
30
4
339
13
141
847
167
58
19
25
94
228
1
1
26
45
441
7
1228
3
21
56
245
82
2587
32
10005
415
20985
3
9
26
2185
5342
327
778
2
2197
21
6
1962
69
4
40
3507
1893
4
12
232
1
12394
14
2542
20
1525
6128
4
219
21873
5
491
105
295
1
34
9
531
85
127
1094
2015
15924
247
7976
56
705
70
8
15
22
41
1845
7
8194
17
18
40
105
1
145
3
2
15
2
858
20
3187
17068
20581
4113
14998
1002
2219
2
85
10
13689
68
5
2
7
1489
2589
142
3
100
1
323
54
789
4
5
5579
29
3492
12
23
6286
3583
10
2
13
527
62
5
43
972
2
346
5271
15
26
4
6
623
14013
6
1171
12210
762
2
6101
355
4711
191
25
123
102
825
16
42
195
10
183
8490
166
21069
15624
7
12
3
24
9
10902
17525
2383
1
8924
12
48
9720
67
3272
1152
53
2916
8
3
18
4
6
5
7
566
479
725
8
1
4
39
2
966
39
2
4825
59
11
9014
258
325
208
21775
26
178
79
14
1612
17986
627
2785
16498
16
3
2
103
8498
25
7
1
9832
4291
10000
2982
184
1498
5
693
2199
25
259
2258
4905
46
188
1
1
6
35
78
1
87
5
713
464
2
14555
1
4657
50
48
1202
1357
3780
1
1
5169
8
4632
115
7
50
1
411
6
7
19
8792
27
117
1562
2
7893
438
181
37
725
517
575
2667
152
320
5
190
2
18897
4
8443
48
101
44
3543
140
86
123
4
16531
5
118
1708
200
9
11
2
4827
1
60
1410
12676
2816
23
1
9
13
8
2922
20
376
3
3
2
11
1222
1107
2
2
3
2047
172
9265
1
6
52
15
1007
232
45
2500
21484
33
21
80
184
4666
334
2
8
3
16449
126
2
114
55
229
77
58
15
2
9
7419
6881
4
265
429
2996
14126
3337
2534
92
3
1440
2576
1335
122
7494
54
3
22
3
2388
127
33
107
146
1265
54
3232
2722
61
8
613
1
9050
1084
1
197
2691
17
198
289
6
1885
974
12247
3
10
3
4716
6
15648
6
6171
354
1
1607
17
9837
19173
400
172
46
3
54
42
7846
8
582
86
4
14468
10601
31
3411
2044
7342
15
9518
52
410
55
4
2184
2
29
1223
552
6
13
3377
234
41
19726
2951
32
13
1
1
2174
11
930
2
8
12835
13458
13081
1739
23
3856
3225
20174
4255
3
1
4
190
23
257
3
31
1753
18533
8
1
43
224
36
8380
4
1270
71
3
6
2434
271
60
12619
12625
9023
7118
1
62
345
320
599
13930
4295
6762
13
104
2
264
281
724
367
4
51
10197
15640
1983
282
2
4704
272
388
8
15156
5
1
931
4
8911
1663
7
14154
7546
228
38
670
287
18925
4
5
2
7
1911
57
29
1
12
1
11
2991
1205
1167
9546
22
93
38
11
720
4062
526
4969
12320
1111
418
57
50
1230
11
4796
2
168
20
4898
1592
7
2
259
7
9
80
11915
3
3108
21516
134
7
3024
84
15
1636
1
545
18049
2037
1
15
374
5847
3073
4
323
89
14325
16
143
2
101
6089
15361
39
51
821
3
3
12
72
17
88
13
9773
1020
572
6
5
65
26
4
49
13
42
17
39
9191
373
7
24
1
3102
1
9376
2
7
3080
8372
426
254
19
1
424
89
510
2
3
38
4962
2
63
956
4
1
3407
163
9940
3
802
11685
3
3488
5784
5
200
49
7393
3944
3224
241
21
28
590
634
6
4019
40
7889
1
5715
12
596
5154
1654
687
6
13
6992
15
43
6
6
3368
4
3
14916
3
539
15171
154
6957
27
359
12494
73
3
14077
4
11
23
8
1
5
3
95
3506
203
1950
2556
4
14968
6
6
403
4
869
952
928
482
3
2
402
248
4477
35
12363
13
1
126
83
2685
672
12
10778
54
131
1
137
754
6058
3818
248
257
18
3
34
5
5334
46
2211
7699
53
1
12
110
725
1020
5017
5289
21928
10460
92
6413
169
85
1
30
11466
83
1
7858
2
3193
5758
615
3020
88
243
6239
3502
14
95
132
6311
765
8
33
105
30
60
2
53
3987
13
3
3
72
8
6503
10
10
1043
11183
53
2
200
2
4538
5
9
4713
69
16
4
2
154
11155
8
12606
33
2
738
192
11981
9
4
172
16523
4967
19472
6738
2
7498
3
8393
4830
59
1477
81
21667
654
13805
6
5
243
7
9
2
2669
7
60
52
6
24
2
776
826
20
4
1712
781
10
71
2
471
3027
12083
11
83
39
26
7280
2
5364
14
679
1338
14360
97
74
174
15
4
3
1
7
837
21017
146
662
409
92
32
4044
1414
2712
11
194
16
199
14
8796
213
52
15
3235
193
16
8805
3
969
13
3
602
4942
1066
962
16
1287
33
138
137
10826
8
496
19
15
56
3
8
3300
42
6671
5649
95
2
548
11
11
2
2052
24
29
3
1
601
493
2
1388
463
55
324
19884
60
2
3592
9690
1
1
7
18139
15781
346
281
14041
76
253
4
3
18303
2034
12113
15742
30
5
9005
5
477
678
20194
1808
3198
1006
15408
4
4315
1687
4
269
3
469
67
18
2
5239
331
21270
4
5
5187
15578
2
8
30
2
2
2680
14679
124
726
19
35
94
84
6494
260
134
16
1
25
8
57
34
9251
200
5
1
3243
11
20
7
14
145
59
1
521
1
4175
4
13
6
26
16043
723
179
20
19
40
7
615
579
1404
326
116
8
2990
1568
4
55
359
251
10559
11211
258
2659
65
22
10
8
120
1
194
756
185
6246
54
245
2
1137
3845
723
11750
59
1
7284
3
2433
2824
8779
10
194
19
6
3
702
3907
51
2
8024
2
500
7
45
957
39
6
6
42
1527
3623
5100
151
3
4
65
101
5447
85
1765
1851
441
469
670
3808
85
14
2539
6
4579
26
29
2
13
11
9666
158
493
14020
23
522
1093
607
489
17017
3389
11133
2
510
9
16
12562
1
18
50
3667
92
49
1164
54
501
1132
17
777
4
1
1
165
14
21710
13
513
5
68
12531
110
4395
19230
1
1828
316
247
1264
126
2
12
1661
77
228
13305
264
6981
3350
13909
6404
168
88
124
4
1548
73
2
2
23
2
3
108
115
616
8060
122
1076
16310
3
74
4268
365
1
38
2
938
983
210
385
15703
62
15
2
15
3
61
4751
3233
26
6
10035
1154
2
18257
1
2078
210
223
63
3
2
3222
40
15539
3
2291
11
3748
7
7
272
10853
1844
134
64
15609
1
14584
50
1190
30
2
5706
20
12173
636
2948
33
85
8
3639
5002
8644
2
21048
189
10864
391
1049
4592
311
514
27
1
12149
899
848
2890
10
547
9637
2165
3743
1
33
2
17
3
288
7
12065
19
1
1504
6484
6221
13
9
89
2
4
2
104
144
174
429
4570
626
149
59
426
4891
427
53
3382
152
1300
4
182
8
32
7
28
382
8
1764
2
1958
65
480
88
4
8
81
4360
183
546
2677
1290
4
3
7
32
3
2
353
5461
107
6714
1124
133
824
4
7090
3
86
11033
1
567
244
92
6
2
81
47
25
5353
2409
105
285
477
50
23
52
9095
140
289
628
1888
1
650
4096
86
3750
38
15
13888
76
24
1257
20
3355
76
48
174
687
9
298
9
24
7
2570
4332
6708
7
330
32
62
2253
3728
7104
2
2141
296
9
53
6043
2
7
832
1
4
18859
254
655
363
1363
3466
136
18
5
27
829
17
10522
4
1633
19765
13258
404
18
2
10
347
5499
11144
10402
14665
55
14
21830
1035
2
57
17
15687
2280
371
35
48
1003
24
17
43
1951
83
3
1
3895
13
13874
1259
14
7668
1
1601
3
6
4799
143
7324
773
8000
20
1961
4784
14753
791
6196
2505
26
3168
8524
4
3981
427
1263
18
12308
26
322
75
1
523
9
145
1
167
2478
319
4
430
598
4
18404
2350
11239
3913
216
1315
417
114
14
215
1
23
3
3220
17941
12752
18935
18
654
1480
1018
7
142
24
6429
3005
4
141
202
2
32
40
15469
2871
64
922
4187
7427
1
58
7561
23
5216
530
1600
96
14628
87
12
6
49
10
2584
207
2
2
815
221
6648
2113
3
13465
21
85
184
291
5
3786
647
20530
4
129
63
6
9
2182
15
14
155
63
8942
6
90
11312
260
10
619
3636
4
6098
2
396
18
33
190
11
5
7364
5
9214
92
1
9
4107
94
1394
9
26
542
4109
39
11318
9164
1
355
9127
16220
4009
1
3
13979
2499
5
758
379
1061
145
10243
6305
4
9
1
5
14
11094
11779
1076
1032
670
14389
1009
108
2
45
12638
18487
1
5458
6199
5377
66
9
93
8
3353
42
35
3177
11
1160
3
51
7749
2121
12519
1212
5
14218
1
183
13
1
4
3
11621
96
101
18
19
3
14161
2947
10
28
71
18
258
17772
61
3518
532
15971
51
20054
10207
2537
1
1
2
104
12951
84
4
10
377
3807
46
7784
3
900
177
482
143
5
11
6
2981
1121
1850
915
1560
8486
2574
9
3
1021
15
258
25
15601
133
15454
5231
2
2183
1
1
29
4240
61
1943
4
19
4
25
436
7
147
13
658
1450
4
17887
15080
2803
600
4
146
15
305
318
245
73
866
8
389
150
2155
10
7
2
6500
26
88
4389
486
18
139
3067
2865
740
2904
40
179
4760
10
20
1651
288
111
2
3
1106
2
219
136
1361
6
9
5627
4
2
2
373
21059
2
354
2435
16156
647
5624
5
206
55
636
5507
4493
1243
20417
1052
26
149
469
2
19
8
1
2518
885
53
6162
65
2
7
2
4
11284
4
3
173
10907
1
18700
5
18
36
1940
841
5182
9
1
30
14
226
32
30
2
7
4
57
8
6122
3
2
496
2
45
35
157
466
2
446
562
541
66
29
67
2
7760
810
3002
3
4
245
7438
93
141
1851
1001
1852
368
1
2
1855
332
2198
2
74
4
10192
5
18
246
27
121
106
4
3274
89
2
1
16822
3993
5962
81
12
5434
1
1703
1
156
23
8
3964
5936
4
1542
4
15593
11
336
1349
2
12302
1377
1
7
11850
6
2110
5
10
1127
159
1192
2218
16473
2602
2
425
26
95
4
12
74
2
5
17834
3
22
1037
96
335
9
5552
520
75
13566
5
2
3
2
3
45
2
13
7
17
11
51
370
33
12277
1484
12
2644
812
2087
4470
219
17008
132
210
15369
85
1122
60
126
1990
130
139
8960
4
234
183
3
999
2259
4
997
131
3932
2
334
4280
6
140
2762
29
2985
2203
50
564
8920
87
456
1
150
3214
6765
2928
56
40
1
16
7
806
125
199
1
38
5
142
338
186
46
1221
222
635
804
2495
5
350
237
4
86
262
2
3303
5
193
2753
13
5977
5
31
5678
21559
19
41
3
1472
10309
13
7069
11744
2
113
5
2021
16
2
11
91
260
21
667
17438
8
123
70
1143
1516
206
110
11
8
18
25
292
2999
32
4
7
10433
1
448
136
2594
448
3571
4
126
539
394
2
6
881
24
9
1
403
11
1722
6252
10
76
545
58
56
128
1
4
33
2923
5428
21
4699
868
13166
8028
2821
414
23
20
2553
370
1882
321
10
11885
131
18
14
7992
3
17308
11546
16932
66
6
52
5
7550
252
231
54
41
11
250
4
9200
132
42
4
1266
26
946
4
4
8276
110
930
4
13
4330
3
1
2
49
3778
1276
18963
107
2
3
33
17429
16
136
475
10
400
3
2
150
402
19
2
1
6077
2
28
5
10
10
386
59
13371
13668
1883
5
14
1456
173
1
44
2
1
735
3847
14849
1
1
340
1240
22
78
18
280
812
31
46
65
17265
336
3
2966
467
70
34
8
1075
1642
96
808
1
221
47
15805
4
1329
44
58
12
3
13
1310
1513
613
8991
20540
1
273
2366
194
1496
12186
14
1314
3
1
227
2
47
292
854
57
85
4
244
5752
391
2
239
128
14
10
4856
2800
852
341
19
49
1
1
2522
3343
2
1425
172
2131
76
3419
14
18130
304
3
4768
6
15300
549
61
10
43
2
29
297
115
123
6
124
2
69
4323
794
7
971
2
401
2973
1
9
680
8951
25
8
1822
6
100
977
3362
10
13
2
454
2
86
3
1035
217
8235
6
845
119
833
11957
21797
275
2610
215
72
362
3
863
83
3
3
13
400
793
1015
4358
6
4861
387
2306
122
2
3327
377
69
6343
17914
10110
5
1083
1
466
6
5
562
3
8
526
35
23
8351
1355
2
4
921
733
2622
21
855
3143
4206
4003
251
5
9846
11
164
22
11714
19
3
2046
29
2
21840
2
168
1727
2958
6208
2059
6
1354
89
5255
135
36
103
1
10575
34
2
3
6
2
46
353
36
3038
9423
487
66
439
550
3580
1768
20064
9
5
4913
172
71
253
196
268
18103
958
230
453
6539
16075
11
626
1
3130
18
2
338
1099
436
1027
703
2
10176
20
1981
2
2
13
1229
679
3015
10
79
1000
415
21677
23
40
8609
21
274
619
11
17
41
686
332
448
28
9150
23
14
8
953
14
3603
3790
5337
275
1081
1
7147
3
5
58
1091
921
13022
6
29
6605
88
4
11
1473
438
2438
10
826
1477
22
6901
465
9
1
1
119
300
363
91
12
2
52
101
640
6
64
1562
648
559
52
73
2
9442
47
1847
14
1
16797
14
1
14
43
109
2
240
5208
19049
6755
4308
496
719
43
5128
163
3950
10
1013
862
12
43
6
2
757
7490
131
380
10065
3744
207
2
7
2
1
6684
76
6
9
21
1
7850
14
11011
1
3
21884
1
1413
925
472
12
449
1
14
49
2337
16
2864
23
3318
2142
1924
3
160
44
1101
4
16572
5516
1777
1133
1313
3259
318
16
127
7
593
40
8657
4940
47
1
66
512
7645
2
13
30
41
5417
1206
7
506
290
73
3805
7
5
6095
12650
42
67
746
3
2
449
177
2
27
281
121
8452
8
3149
339
4662
4
709
2463
2663
19
4
6
5276
1692
393
51
10227
1866
11
13764
93
10
1
169
1613
1209
2
10
8893
6321
7041
3
23
2910
6227
30
8339
42
55
13438
56
1
2
40
298
123
1450
5
9739
8239
15270
45
4
3960
2
2
1100
478
17
4
1
11256
468
10
147
13
16
1701
823
425
113
2
183
104
65
5
20819
17
13853
240
36
2
422
821
6368
9405
873
1
2
150
2
3457
17
6731
6388
6037
40
1
594
3601
4
1
28
105
72
754
9
64
539
6
206
2
1628
1842
2455
8853
2
9
11
11
1130
106
4
138
64
30
108
950
276
57
10
11506
61
40
233
2
1
5213
18
1771
24
811
25
35
35
1
16148
63
2
11
5641
773
8
1372
4
313
5
39
315
11329
5906
27
3
180
461
52
698
19696
3591
8
7799
5
1967
2
24
18
2
874
19
5638
6
426
2
2172
39
412
330
153
265
6
1311
2
11061
70
4040
5
1397
2
1497
2374
77
514
35
137
305
16
797
5348
947
162
166
15
6
2798
76
9700
582
283
136
12
2558
6
1
635
25
11
2
10549
162
8537
6
1
114
192
17
3797
1900
17464
33
515
3914
5658
2204
165
5527
362
20933
1
32
85
164
17923
3
2
4
1441
5
16
2
1009
20
2
9744
6
345
48
39
20746
30
9851
1535
7390
19
46
7005
115
2
8
1
1783
89
540
2039
346
1
5019
609
4
2
61
1
250
14
1
2
735
4
1219
1
637
47
6
388
18
13
253
292
10962
268
5
8
1
33
5
1
1169
525
45
22
12
270
30
17
13391
3618
4
9
1337
1147
2
7
747
2941
2
11340
43
13539
136
3
27
2
1427
99
14
19
945
10
2367
1019
43
3
358
2779
5
26
194
2
16
2
221
8
9466
54
3
1202
16
116
8
5
2
39
535
6
56
21228
21
80
155
15
630
5014
785
339
1543
407
16
170
28
37
23
242
2
123
18524
21
3909
160
969
1
11598
5
2
4
19
148
1057
10891
72
4
3
2
1298
58
9
6
2
156
3911
8
433
146
15
6318
79
13
134
708
3
12
1
13146
12695
4
10387
101
323
5480
327
32
3536
4
191
558
5616
3
11
2
1755
71
4125
973
4
29
5268
9196
5
49
2
2
1537
3
10141
4730
2764
130
2422
2806
2
11
1839
1646
15
107
22
7
39
8
280
8
21
136
37
128
5865
612
6
4
66
1017
12
120
12657
1623
3
3217
10
2628
1
929
3
41
161
280
2
901
4613
1
1025
31
382
48
226
1
623
785
2
9975
168
5786
10
104
213
7338
23
186
6
3
11
8
18
2369
16739
1275
877
503
8
3056
9177
2440
20
10
25
5
6953
5827
3
11627
11
4881
91
414
17
2
1
268
79
10660
14760
14461
940
7687
54
1184
8907
20044
39
363
1333
10
5
129
1
13702
8219
2362
69
30
2
155
2394
2551
196
8048
1
18
2793
13
98
59
14
12
93
23
699
2267
11
31
1
27
3
29
4068
267
1486
5439
14945
3765
63
760
5
1593
182
1
2
21313
2
1294
32
28
10
967
476
362
684
13992
5
21
78
3553
14296
1
9
2
27
10
1351
19589
14425
2
50
7780
80
14533
1015
277
3209
5
2
33
12357
17692
90
4
1176
8889
1760
210
1197
69
1998
7
10
6
415
2645
3
506
23
477
1
14687
45
593
18194
10
99
27
760
13425
176
349
8661
21
110
282
235
5
15
325
67
19
404
9
4119
15844
117
3
39
14
62
3970
6
2
8326
854
189
179
8
48
1
8
631
2
1106
2
15392
412
11
4
789
18
2
29
2399
283
31
6631
9
27
20
3
37
21
8301
3
759
22
1400
74
240
534
51
6912
213
34
9
3
36
43
5
4144
12
307
941
690
2
58
94
595
357
1279
160
222
10
271
1880
3147
1598
2487
2552
1
8635
10095
5
104
128
7
1528
14953
6
197
2
7607
67
9
19
51
299
14105
9642
20245
1548
8
165
21939
209
9724
14819
3
1422
18
222
384
354
10
51
347
285
67
18
8627
1668
265
3065
13
12
2796
2
233
9681
7
55
47
8
861
13107
1986
155
6080
948
1452
193
148
3
144
6465
54
1942
3152
31
2423
1
1008
2186
122
19647
629
17
991
1199
430
225
274
46
6894
56
27
54
17977
19
201
154
16457
15
201
33
17950
3
3905
516
15
15216
48
35
145
447
6846
1305
386
2330
3212
459
6092
1
366
3204
1915
15632
3012
2
4
20
91
124
4547
93
24
25
1225
151
19039
42
13
8
152
14
1584
8898
1195
264
1570
1065
8414
3
867
20356
17196
20
13172
1478
32
37
8639
364
86
2
23
2363
1070
3264
88
195
9428
62
5
2569
41
6138
669
1
227
39
25
5763
431
503
1
15
1087
180
7
6
21
4
7
23
891
10
1
165
3516
24
599
4
392
7
2
2
11610
2
14
1224
14
8
2
4
14541
4
1803
86
1
4791
10
173
603
26
5950
28
22
4
3
6
60
163
89
43
10151
1208
359
2
17
38
35
1074
84
7660
12234
487
34
18
17534
875
2880
2332
403
3097
10010
2
79
3936
75
2
128
668
2008
4439
18982
3200
14
15194
12977
3918
83
102
4386
108
3
46
88
5897
10
850
414
8
5054
81
3
60
2
227
7683
4
2372
70
114
16
419
8153
4036
160
1861
2
1181
17127
3
2445
3
1231
179
232
103
16864
1190
15
2708
10507
1510
1321
7
12918
35
19
59
1510
5305
80
39
408
5513
9054
5044
6908
5077
1056
4
2458
2
18358
15186
13661
20509
203
28
7
222
24
66
263
1238
3824
3607
12
1
6611
2954
896
15179
10512
18
1831
171
1194
492
3767
66
99
774
4
17
4
2249
12
566
3
259
1832
7026
43
4
2
1521
31
6792
2914
235
12594
19
41
2
109
151
5
925
457
260
15679
165
2
19
15656
87
1095
6836
10670
9485
12
14
7291
3
348
158
11449
11
2
2342
18841
6
6
8
704
4378
2158
3942
27
432
3
18
28
2254
129
35
389
195
29
5037
9
10
2
112
11
53
3201
4
8
1
2494
12101
7
1781
1
4
19
4334
20
1443
283
167
387
11386
1979
8
115
38
1935
2
15
3922
3
4
137
2
2
1475
6353
11166
52
1086
17360
63
473
2810
9
386
3
2270
6
26
10735
19638
9279
15
1
5
1315
1
10
451
11
154
2
100
15338
2532
60
1683
45
3
1092
51
87
1
1
83
37
52
11867
1
19
1
58
20
3
2139
9
2381
523
2063
92
37
1360
1863
73
632
4058
609
380
21
177
7618
14
4558
105
122
250
35
2
27
3
2877
1
910
1016
8397
1
148
275
2
16204
21
1
2
17
11
1
204
69
2
1046
1
2
2
6
491
305
5
8
380
96
554
208
1369
1
286
300
2
2
3621
209
257
24
8473
36
98
23
13614
106
219
3
13
5
3893
9911
5
192
117
13
928
3441
2773
10371
7
856
9
31
47
102
3
661
115
1
234
4
38
14
2
796
154
8
606
7
114
108
272
9
17093
26
12663
3
2520
230
87
367
25
3
34
151
5
3
1835
20
786
4
843
3
15020
530
1
13607
51
135
170
155
2
7599
3680
30
1812
1426
70
5
16
16
16
837
6
955
135
10
3
799
17
3163
1
10
1
3
247
6372
695
45
1
6
1572
349
2726
690
67
15
12644
6
160
28
8004
23
14
7944
129
3934
8836
3379
1
137
642
36
399
1
352
6293
354
788
36
1
5582
18
787
30
2
5
1952
9763
399
3
154
19
8
476
1
14
19192
3575
46
12314
8996
8
8
7316
7044
225
7229
219
7
37
5
21
9311
751
2129
11
75
117
135
16
27
2
1691
18812
1309
57
3
90
60
31
17
171
12
4641
2
2
5
4636
2
192
287
20366
30
809
10
6
177
1
205
645
14454
1244
529
5
93
28
5
190
611
7371
5159
16630
5664
2547
7706
22
3
11105
3
1618
88
836
284
33
95
15415
8
173
5
106
19
7543
7150
493
6236
2
78
369
459
5494
2502
7
2319
1
3
4
40
17299
5
3
736
4086
24
34
19
1495
5669
3
1
676
4930
1963
182
140
10
16
92
32
21398
159
3
5
1243
653
5057
17
19854
2
1
562
3146
19874
651
4
1
1
9
413
16589
51
454
750
84
34
6691
5942
13
48
8174
181
1340
1737
21249
853
7756
5
5080
304
118
2
9925
2308
3448
55
35
428
1892
6
673
180
37
7
17
868
757
583
489
217
451
1390
1085
11844
719
2364
147
1087
441
11
26
171
35
2
116
1383
118
1982
1837
1453
6442
12
3544
6751
231
137
1
6407
857
105
4526
15
1
18
8
4925
3776
4060
130
3416
35
19
617
1681
28
8
10
10
12
230
326
7
10719
13937
5
279
12167
17674
960
6891
2160
553
388
505
1104
29
128
130
3184
14
241
5295
4302
3
23
7
880
3
8243
137
13225
9122
2333
16
5723
11697
3
308
5
1853
79
6
1841
3104
2
5
35
8364
1286
6083
303
6086
10
1
30
557
119
1818
5
300
3551
155
2
63
65
261
4082
1
1
1763
40
13472
2
1
16
11
17
711
119
3
287
1649
36
291
1709
54
32
8511
11975
159
1424
9419
247
5
119
16639
5149
15
416
892
3
98
6
4
2515
1
278
18570
15947
2528
432
2
3537
3715
2
4
103
35
7885
408
3
14716
184
560
9145
49
224
1909
4446
7
3367
263
135
2
176
582
145
1800
2310
622
3962
406
52
491
42
70
61
9768
8227
3
13
72
79
15
7
1749
1672
4
36
255
3
1
294
120
13
1324
30
13519
15
6034
8
4
107
31
4866
73
30
8064
8418
2489
12
17
13512
7
1165
7695
742
8
135
1011
1
2355
86
197
13
4680
4
2
19550
1201
384
373
12
23
2
14
1
239
249
73
20694
6
17896
671
125
867
60
391
18
420
106
630
890
13
98
110
3999
11
462
1
72
358
1918
2836
18561
5652
299
19914
10
8401
4
3406
7179
1301
634
17
62
21
414
5
1926
26
181
14
146
16027
25
9734
10
6898
9783
6
204
110
332
1725
4
2874
13
1
1
8260
3
11
12797
348
293
2
120
12028
3
417
790
746
569
131
1296
2
141
4
1022
11050
5
4854
10
1656
5024
5380
62
3
2
3
417
721
1367
121
173
1386
5
317
387
26
3
274
15
16399
1364
92
3
17745
3240
565
57
631
531
4
9
8
54
1241
13620
1292
6218
3
1677
2
4
40
297
16
10
480
14147
8700
1660
13113
1445
91
9
98
41
1817
8696
2
16780
2
5029
195
6
1178
209
3499
987
714
2360
3061
17
1116
3926
7
263
4
328
3365
83
365
9109
119
369
1228
556
4236
3791
38
3
748
5877
1
4864
13
18
2
4
203
133
16
2
2
19569
1596
105
19134
25
2
3
3
1
5
2325
70
44
20881
2
17
1676
1652
16
11222
23
156
2619
8
12
3154
743
1608
753
11
17
256
8
1
4
18
169
511
8
8
303
858
4265
1
13218
369
117
114
5
16083
18
4185
13750
140
184
287
6
1
11477
9
8
4421
12192
569
2239
4
164
1
13
11
2651
197
47
3290
1
19317
6
1627
214
9
6
656
275
7
3835
13
14672
3
768
3
102
8
18385
8422
697
21260
1615
20
22
2567
30
2
2984
277
2
94
198
1374
4
820
186
11380
8
16915
18094
36
1149
1306
112
2
61
2294
1113
4
1996
675
5
4
161
889
5
2062
5
1
271
17
2
1848
7408
6
2413
18747
21
94
15
6
831
30
23
2
89
2152
4
1
11
40
14577
48
222
857
694
2664
7
10
11826
8376
2159
15
506
2
6978
2
2093
1
343
8293
1179
9228
561
5563
3
5
1
976
247
2
6
1248
10146
3400
15
6064
4
137
19
4164
55
169
1
2
4
6546
3
2
36
3
2
95
157
2950
9274
14
21
2145
1
410
5491
2233
3
1558
436
1311
12
7921
742
96
21
2263
4504
175
282
1302
59
157
16
460
1302
47
152
2119
14
41
48
8687
13
2888
20265
1
1241
286
55
1060
16
344
1778
553
2
28
68
1609
3829
29
20346
120
14
428
301
88
993
187
58
5
2
468
12
17683
5888
38
82
10821
70
5
53
24
143
14239
10161
5042
906
8
150
2
136
32
6678
1005
290
883
1671
243
9
2514
590
66
19
4
261
51
6
524
3754
12
2
93
9
6168
8
3
91
9
43
28
294
4664
9
7
54
12
8
3
1
21
7819
40
4
88
2
349
55
1155
156
2
117
1131
26
27
884
2482
1466
4
2
153
30
14476
7
22
1461
33
114
8068
251
2476
273
3
402
158
10713
61
1733
5
4
2
7265
1064
59
9580
15765
193
4772
43
15163
12784
2
2748
3357
3
7795
57
9
1
11
429
1
15868
12180
4
13074
6
13
73
15
2314
1984
4599
6
4261
924
18185
380
16
476
8121
106
30
1
621
153
17710
280
11072
3
14
114
538
102
520
11
2
498
3803
5574
6
7298
4
7909
8
5
53
3560
6588
28
3
20084
103
612
4
403
41
886
77
1203
3
3185
460
12
1370
501
7
32
85
1
252
19452
59
70
376
2695
543
5
11832
10376
17604
27
115
1
5577
12
17
196
915
2564
75
27
54
13
39
91
26
9297
63
4238
2
189
1475
1211
302
4
974
375
2
144
2
318
2230
465
1901
3
79
7
483
7830
74
14
935
119
179
3
121
97
8765
8
2216
10030
34
767
141
6426
23
1172
89
996
1
4364
167
3
222
1313
157
19756
165
4
4
31
20
2227
2134
2498
873
13785
21
1260
1263
24
156
2
2
13
714
902
53
350
9325
3
1
7
3320
739
51
85
91
347
12925
50
527
4
352
11
263
1715
89
2060
35
404
22
492
3068
3
5
1588
27
10633
66
129
649
235
9
124
71
88
2
19954
1
138
10055
48
45
681
724
622
9
3
528
2493
5103
16789
1356
600
797
653
59
17
294
14432
8
66
1
47
71
16
2
25
4
28
7453
42
17
170
2
3
316
2471
11891
64
1492
19
13895
894
3
3
8
3179
187
39
25
8
121
23
2
9
22
1
4052
4806
1319
82
4289
158
376
80
28
12
4223
232
5
7
238
112
16
923
552
29
1734
5345
1
1929
6
2550
9
1
12931
514
514
107
836
17394
7948
1
13923
668
17
57
10
3534
5
14
10253
11250
10258
5
87
11420
2
947
6533
82
5
270
2
11
431
8757
846
7
3920
293
7968
17256
17
315
834
7269
13068
220
17377
27
1
217
4847
509
7
11346
12
512
11397
281
989
1
6
6
385
1498
33
15852
63
720
2
604
5085
4
21
263
4763
792
9
1439
976
5
2665
2792
390
15
2
833
105
304
5391
4
40
144
146
12
1
5
10
48
3
12487
23
7111
3
17136
2
3460
9
189
260
859
2
81
2
1331
3
5
38
319
38
14938
6
13
6799
246
16898
20
1
8
119
1732
30
4
136
337
29
4448
19511
413
4
5602
13492
171
1659
65
3634
1278
9901
46
1
7200
37
7211
9168
26
1406
1
601
2
29
11726
3
2
2575
828
6915
685
2
17042
7
9
1801
3795
7737
958
18
59
4
8783
1036
4
2
14
167
9
42
36
17754
1
1
2
1
2756
17
436
1532
4234
18
484
1479
36
10880
19259
27
4
2
71
2
31
1532
17
19413
24
159
57
372
53
149
453
24
8735
459
209
46
1686
1927
287
1666
73
9
1380
96
7535
5989
55
63
74
106
1024
3
105
207
203
9395
41
276
3589
1001
1269
12701
1216
220
1914
1642
3
9288
2607
505
4
7051
1024
181
319
63
1
2170
14
7
9671
19365
362
3
198
254
1
21
459
15088
1252
37
4954
9
2099
6205
1624
1
93
7584
2
15254
677
729
7870
21133
18285
75
193
5
20
1
7204
18626
10
569
8
147
4
37
4820
235
47
3663
2
171
3854
3974
17
1542
31
919
1470
13730
118
5689
5
11703
98
577
9
32
999
66
4
2393
9
2
13
6536
12
34
3
5524
60
528
3
490
22
1
2
17085
2
81
10
2
1
135
11217
4
6
4300
5
49
1516
10
4
982
10501
5
17586
5588
21
16
992
59
3258
55
790
5356
3
231
11324
1
3
21
81
3523
3087
4189
3
31
21
4
6365
6
5
80
12
1573
315
3
174
161
1552
151
1
3
1559
13133
574
2
373
102
3
6867
8739
1936
2
3
485
824
11
15916
2
2
17701
3
10284
1
4
312
5
17102
1
5
2080
4
495
2038
135
42
1959
943
1988
45
130
32
2642
18276
4723
337
2
14168
4
19501
12
21
15979
2074
3
24
934
64
1472
14856
35
2011
338
990
1
7580
29
41
867
23
1913
9647
13593
6070
10
170
3196
15
7
3
1121
308
434
2096
198
3030
364
46
53
64
17
630
5
8
3722
1326
5718
104
2781
8
13
57
10
187
435
9
95
73
1454
110
217
17543
4949
2
40
16
1
42
20
1156
6
59
2
16
11
34
278
11
130
2
888
2555
38
68
1
1620
1
9452
4
21
15
6
612
16564
27
13
8596
1941
283
10
419
96
12512
7980
1
8
6
4495
11
1183
769
41
3
118
16391
4072
132
5
1215
2
4413
3110
31
240
25
97
5
145
508
17
6850
771
5
17034
6572
986
39
1
1402
7691
17
44
321
26
2292
11939
4
5221
287
3
2
2503
5
2140
7258
12296
3490
175
286
9
5862
8
184
2
5
10454
2942
8
140
905
15
374
3486
7
451
6
153
346
5549
4
1090
2858
6
105
228
2
104
600
14070
3
20
2484
150
953
29
146
89
7
2583
4
43
7941
4959
3392
288
13
1
24
254
2175
5108
205
813
2
15
17342
5455
1277
5605
2
315
32
103
2304
11
851
14
2903
2094
161
900
1
7
63
11
23
17420
2
1
220
108
249
2234
126
188
2151
13
10837
9
43
3227
2181
6
7
968
53
158
67
2
59
74
9729
3111
5
1930
40
9
3674
24
12
819
10751
2
819
313
71
1409
2035
663
202
21
10
3129
5
20
3
16
1
11
5510
2
11
152
160
109
32
303
11862
9652
1041
110
168
4
1678
3
33
7656
1775
67
25
3269
26
16375
464
265
6
17
3
253
109
667
21430
18831
67
75
94
265
3333
13
2004
2854
16
2
283
2
34
4
44
94
9
34
98
38
1420
42
5
127
597
3
45
4
447
518
1997
82
3135
1375
22
2
9542
2
717
10
16
17551
110
107
22
127
125
69
27
87
6
21323
2
5415
493
6455
3
6
289
12
2909
1391
18
123
7913
2210
34
1
37
69
7722
8
2166
240
5568
4027
567
99
103
64
345
2213
31
3
3
2699
17
791
98
14
2
73
3899
445
16424
5
55
61
36
316
6
13778
14
55
1706
8211
32
56
6
10
8
1
12
13
3054
22
35
66
4
2
751
112
214
1
36
44
3
3
14439
19
1
29
9
13
142
29
2474
6
95
65
29
1
84
1
16
11
2
196
1
2176
307
1
3938
64
2
41
11374
65
13
338
10
26
6668
5
5
98
3707
3
3
47
60
86
8774
53
12828
545
184
90
2
36
4
76
267
17781
12
13
20
224
394
2649
5
6400
8849
11489
7
6
17
9955
2
3
3
15695
1
2
80
5945
2
84
80
351
11
203
3596
8343
2
15013
8
106
100
230
1
30
12733
97
12
3694
12581
99
1
360
12569
5692
558
14091
1383
1
33
458
1161
44
6950
2741
803
2
1157
29
72
3299
1399
10126
7
1257
6055
361
5
13
3245
8
201
25
370
12
3
6516
6
3
61
4
5
27
13553
11
1
2
5
55
191
633
2417
266
2
6
25
13
1906
12462
4
1113
2768
89
26
5833
233
10989
269
186
68
1
181
1
355
17162
20
156
17
2
6
36
17790
8
82
8
112
2286
12
3
4542
10
470
443
262
15043
4849
259
13298
1
93
4484
1166
856
3
16
208
4520
1
3
99
7
12
46
259
458
2
195
4765
1086
14
7
11592
2
1
800
122
160
3322
916
134
10
134
4
329
2
3
1
12438
20
5712
13
7464
112
11529
5
2436
20
669
114
12
2
78
1226
15
25
7
21
34
20184
3
8305
1656
39
13791
61
3
2725
7
2
19
19288
7
2
5
5953
1
72
16547
45
15
3467
2302
624
42
123
430
2978
270
373
317
314
140
73
6
172
1168
1108
4842
2648
4732
18
9
62
5
2
129
1198
14
3
2
10070
1827
8137
538
4604
79
10465
1103
12771
40
4
763
13179
83
1661
28
817
12
2
77
36
43
5420
1
2853
5226
474
50
5
10
41
3
20
1862
185
2
6549
513
121
11
11879
77
189
272
88
1482
509
7
23
198
2472
24
20
1655
30
8
116
1
2
444
117
31
634
37
2843
4
6638
3429
4
2875
4922
1
44
6
743
185
44
22
154
164
2972
72
181
3
2
2
7
2
110
2284
372
2300
522
149
3
9995
4397
8178
2
251
50
2
9
877
27
18
190
10
23
1242
3
13042
334
16
27
74
100
71
1125
9
11
7768
1352
155
9
27
286
86
58
5034
12
3
1381
1216
2312
1
489
20164
8170
39
202
14
20777
715
13265
4293
7140
2
3874
1346
15035
17
1193
127
91
911
4982
4
16059
16705
2382
14
2
2
37
11
37
2
74
78
100
2108
1
226
5203
258
300
1954
15
45
17639
7
3
2
1
18013
781
1135
684
1082
1376
5585
65
170
40
10886
361
5
96
1338
314
8166
170
4782
4437
2
5423
48
1
41
17230
6
18441
13126
3479
5
1170
30
3150
6184
15939
67
27
345
7622
3481
13
1
33
134
158
903
9797
3206
1815
16
36
43
23
2208
83
2
412
1
1233
4685
367
5
8202
68
15316
432
2791
3
55
857
2
5
3
8
1234
10
591
3
19775
468
11
156
1
1236
196
205
139
258
1433
1525
15797
4
10729
934
1
2261
5830
1
1557
21
2857
1
176
9456
9353
8969
16
785
1
22
10772
21906
1455
8744
16285
722
30
94
571
63
1197
98
1
3
2861
1920
3070
3
11569
243
6
20
180
3
6661
1625
2
3
52
3557
1146
34
1
7
2
2
6542
2
90
19
193
3
1
8
125
16
3513
1225
214
24
391
454
95
46
2
2
119
5
1559
5372
7
91
3241
428
100
1689
859
17719
1467
8528
3
21196
864
3
331
1187
14282
5980
3
7862
1339
560
832
3
2
1160
4380
14923
177
81
6131
903
411
10248
81
608
5
68
41
108
32
235
4056
9
10449
207
1603
697
14133
522
15
4629
20519
575
13324
2621
31
28
11335
57
14
47
11808
581
13
4725
1
2
1
3
8
24
43
610
10
21
2105
6721
13
171
261
97
50
3
158
360
9036
81
1582
33
36
17
53
1919
13860
3
38
1349
2
184
12
466
2
52
2
13
18794
2122
1
84
159
1741
133
3
11437
9970
182
72
3
3983
995
11352
28
8
63
19
1
45
302
5146
4
643
14317
1
456
78
17
131
1103
7
2357
1217
140
3190
3
28
798
538
1
584
4
910
2863
7
8818
1372
13
267
327
542
179
3276
10
6932
440
12
2327
37
6
1312
2
3
2507
