83
16
1254
2
4
10732
1741
43
12239
201
1562
5537
1407
11
3234
1644
81
2996
12344
580
201
16
284
11364
1
129
2931
220
4
1249
12834
32
323
88
1034
317
450
16
11989
1257
230
2229
5715
2
2
846
2052
3
143
6541
1708
626
5687
6
31
1129
4681
1357
8
652
153
28
420
753
7
139
106
45
1496
18
9
19
7
51
1296
707
3
349
19984
16429
10719
2526
1519
483
2022
7
4
610
535
7794
4
216
680
8202
7415
3262
1662
1008
77
630
3310
541
709
399
1
26
8232
8
2778
8303
1954
1894
6
7822
9411
2
578
8005
3661
2708
2529
2656
6494
259
2039
6
277
75
1828
3
324
176
2165
62
1
236
274
271
17652
1011
441
931
451
727
2
123
7487
19742
4
27
1097
63
1837
9
620
6231
135
1671
2
62
54
5110
1
4
14163
95
17207
869
18442
547
181
3
1882
1
5927
5743
720
15
6
187
1001
45
621
8
19814
305
3084
14743
5210
2
6637
3367
32
5
152
1458
439
164
10
6
3720
11
112
1299
70
174
770
4045
5490
947
63
5
17
51
70
3
1347
1463
13
13
3977
2044
175
2
2366
4232
8
1209
16152
69
3429
8
3
12
6565
393
16
1710
845
1521
9118
9297
237
363
1057
78
70
13806
1
17396
22
10
10
182
3
37
17
1873
290
447
14
185
8394
5319
6
1817
2
4704
2
6793
2627
74
4
1212
53
40
106
8899
174
20
10
11
2369
1243
12
1321
15976
19575
7272
2
3
268
985
30
836
2
2
4
12944
6
28
12
104
1488
125
22
46
3547
3
5
3
83
13441
59
205
5
2913
2
1435
8
674
2
155
14
90
19
3688
6
15
6
1
11
87
5
686
23
191
7597
1636
12881
648
876
8497
123
748
60
17
823
61
17673
5806
6
67
23
6654
4797
17
11
20
332
1395
13327
13
88
5293
131
3
5
200
23
5
3
2
105
61
6
2839
292
423
1572
15611
46
3
2377
9343
47
37
18
7918
1
105
18988
4
1940
1
141
146
209
2
24
2
1032
17248
427
10
23
1542
18645
2329
868
24
1
1691
29
1
2
2
1
2
689
8
5571
19599
3149
6
3334
452
130
12195
21
2398
15
6022
1378
13823
561
1251
12
2
19
3254
829
3088
32
377
3793
16270
14
302
637
15
26
3
2
15106
63
7352
8435
62
121
154
56
24
4405
13134
2
15
3
319
283
11350
2992
1111
1
132
125
12803
910
3
21315
1582
12
23
8
2
16570
41
1943
96
58
17040
3877
9207
107
215
7
1
5
11974
53
48
10462
170
1654
56
7
38
39
1206
1342
3
797
1
1
1056
220
5
18263
3160
7870
90
14094
241
1
4
601
4580
14354
1769
2
58
5
11118
300
17
95
10957
34
132
3286
4
11281
61
22
3
3
1724
5024
1
8590
1094
58
1623
6
1
1
5306
3107
7880
408
1
20130
593
3278
8476
9
1438
3
28
16250
68
2701
23
12
929
3242
9107
10680
85
173
12
62
5
6
48
63
5
1454
15
101
3
18
14
352
6
36
5054
1
3604
33
18021
3882
3905
11447
4021
809
554
18330
38
131
8
1
2
36
19503
12
5985
9503
11
4
2221
127
795
2152
2669
11268
1440
346
11
5261
1
765
865
7
13
5255
36
531
82
2
231
399
965
268
9
3
6809
123
396
129
6
107
219
7307
182
92
11392
86
4
13
292
2
22
25
6007
530
4
8986
311
3
400
3211
15
119
487
4
10877
1589
24
17630
85
318
897
7227
9713
2042
71
2123
1
269
19
5504
160
45
5551
1
19
9241
460
60
925
8856
14636
3475
164
5147
226
152
3697
1964
10
183
19362
43
14
21445
163
3
68
14
3
31
2472
861
2
78
6
1476
2442
2087
4855
5
9702
2
38
7
1107
558
49
93
1090
7
2082
21840
60
2331
77
1555
260
335
1993
506
52
32
18
1912
761
890
5
12
3
48
14336
9880
9030
145
16
114
375
6261
2383
2
11
20676
89
2
671
10930
13589
679
2
17609
472
13
717
1962
4294
27
10
46
261
60
8866
1799
1060
489
810
19338
3
259
5424
3338
3
916
19197
6
39
982
1300
2469
19911
103
83
59
145
11
2351
477
4
2
2
1
118
1978
11
18219
17846
12465
1664
381
5
211
110
2
4170
2
6867
102
8823
15
354
434
938
260
19
2843
785
15
46
6918
3742
2
13924
410
1126
3
9832
24
6876
3
37
2
4
21160
2317
17
2
34
17019
8
76
158
11902
6
17
812
145
825
11
8910
117
58
20
11419
4
15
29
8262
1271
10526
241
622
3
1695
8025
4586
4
4693
268
2977
715
64
7
6818
628
21920
1156
3
147
6
108
5
11
523
6315
3
1
260
9
1
11104
1
8
2819
253
5
2
12
4630
449
366
17
113
2
6935
265
3802
4
13
3
529
588
20
13
3
11
3014
53
11
116
20
221
1163
7037
5667
32
6960
45
1
13756
1
3
107
2
85
1
7
17
173
9
12495
28
1523
3379
1201
941
9
3
17
242
731
554
58
4525
5463
26
16630
70
644
7
5
1
2309
121
4
5417
1
29
609
82
11
48
10
7201
10628
4
3
162
11
1527
7813
1
146
1000
2
187
2
5
49
301
4206
12
5358
159
10198
38
4999
9331
1
163
97
15125
4
1005
153
6768
1871
23
147
14442
383
2025
2069
312
32
1810
9434
6
223
4
308
4
1
409
23
14
13
414
248
20
4
497
30
3314
847
11
7
13360
544
1
78
2
2585
69
5701
69
17
792
139
6
3346
4237
8653
1716
3958
13772
33
1237
194
2149
498
9
652
20
4
105
835
2015
90
1
17
2551
114
11772
119
391
2
2920
2072
5
43
659
635
20155
215
5680
26
3
527
22
16171
1
7
478
5
54
3
121
296
14215
3
2
5
8
6
10087
9074
14406
6
102
5517
276
16
95
59
6719
2395
2
515
10
976
2
585
40
803
1024
1503
21
7
5510
234
66
9480
1
91
80
1028
1
4849
567
207
4903
1191
3
4416
2
287
21
3729
19646
4969
10
150
5179
205
4
2636
248
11729
5
695
12897
90
8064
14
4
6826
1
953
88
16
190
2
12
2
4
17587
10
14
48
2010
5229
9928
5
1
2
2924
1234
2771
8044
5
6994
732
324
217
3
7
122
75
42
375
4608
57
1161
132
29
714
1390
8559
8
949
127
224
2718
4
5477
5
28
1
129
2
252
16
5
137
68
5834
103
9
8282
26
1660
36
333
1419
43
4427
1530
1
5
3483
3
2
6
7986
3
18
328
1850
1685
2
10851
8123
2899
2267
837
1566
169
11686
3
4
333
290
1957
35
4519
257
3156
60
98
14869
2
7
18
5757
5
157
33
4
11
440
152
20426
197
66
3
11406
8931
4
16
11
256
4
17523
4698
275
2
3
7280
3195
8518
4625
188
82
9725
2
289
3
3
386
52
1
2
35
9
44
5964
8
2
33
114
15
334
20
15180
28
11461
1
2
3630
13873
71
6
343
4569
16
3099
612
54
3
2
32
20179
54
1
38
109
14459
5470
59
310
4597
3
18759
9
4
1012
19
9737
8
10603
13055
21549
58
16369
21523
61
9
10538
9
139
17738
6000
1079
4
4503
2
170
9230
480
21628
1771
2
6
105
30
5384
2226
12928
11295
15
10
774
41
6702
2
31
6
89
516
649
6
1795
6
4016
2850
3126
2278
1739
1077
210
75
20727
62
13
13
15
41
804
3
1
1
773
4
239
294
2
1052
315
28
136
64
1424
108
14077
200
2
162
111
646
1485
1140
2349
25
15
994
2
2
1
1264
1430
136
109
7
1160
10235
62
57
142
669
18622
2
8
93
12
68
514
510
6
4
59
2966
6088
17
13023
2237
5
7514
67
13
200
2017
195
828
16489
45
3
13890
202
2
8323
176
9
3
2573
919
74
82
49
11503
14
11545
13
2108
1593
170
10360
10
2874
1183
1294
798
6
2
31
13
141
2
3
65
22
33
7131
6
4
148
34
58
21946
12556
12633
724
55
1
113
73
138
928
8
7
703
8
1988
10
3
5122
1
83
3416
4
7054
4
126
1667
81
1
20
1634
57
481
10411
150
11758
228
16
326
3613
8
676
115
28
424
51
10
56
439
13
2
2
15554
27
2
1
3
18
170
75
1
3
41
3
3
513
323
12150
350
8
393
43
21
14
1737
48
16449
21
9
7
3
15
44
672
9
4
2463
17933
136
40
20
14267
2505
54
101
18
13
4
20
45
192
1896
739
6
899
4242
4750
39
96
2487
10
8456
1
226
1051
833
505
38
508
26
8
2
11
18
391
506
336
470
7088
3172
1181
12
9140
18965
5
7
3270
23
2598
146
3
11658
12389
692
22
4
156
42
495
3222
9953
250
261
208
1580
13705
12091
15
6557
2
19766
17
1
39
324
7
1
9218
9596
12
38
264
3
14
4
4
105
2
485
1
2273
27
7616
4541
9773
3
174
3556
1066
251
6276
433
303
79
30
2
14
48
1
86
2
15860
2981
39
337
502
20008
154
1042
14
2
3752
23
3
7995
5172
458
6
520
103
517
6
10500
16
1017
3
150
1848
67
4552
34
6
5
24
2
70
16834
67
2493
15310
206
1
186
10
484
5899
81
1248
283
8
1
14707
2
511
4080
84
4
20
221
2846
276
12314
23
3526
1791
6051
5430
9797
5877
119
4120
42
5935
3
808
3
3
2
756
603
4
2
163
2
9
29
138
6
4448
2496
2
242
927
747
17911
1
5281
11
2741
2744
2
1
1
80
11815
1619
44
4299
3
737
3
5
341
3595
20
1
21083
12374
19456
1
12
8
8953
21
219
199
29
4861
1
37
11
9
8093
20352
7
10487
11
290
2
39
106
12
35
8153
10
45
34
11
1841
5091
2
56
1070
96
11
11
272
2
3
8
378
3
3
183
15
19
2
4
77
2
1788
841
5450
455
2888
70
1
21057
194
2
28
19551
323
895
6462
42
161
10943
15
4664
5
308
1047
50
1
39
123
10
1231
18
6110
6
4981
6
283
3062
2999
42
4475
380
2
13
3387
8685
1536
222
11
3051
135
16
9965
49
23
4
5
2
3
7
15217
612
220
5
103
210
94
3
2
14
15
64
1
3
5
1142
74
781
13606
5345
20828
611
7908
33
6
1712
3
6977
1288
6392
26
4135
7
9
16550
62
8
23
47
5
39
1
507
25
650
7123
3306
17227
1349
2
13856
7
9
8172
59
19
21211
5646
6
3
62
613
5437
551
21
3
95
565
390
12
7
3509
855
13
2
1
2
3036
310
36
644
2502
4933
9
54
2210
13
15725
13458
6
58
59
244
15
5313
58
23
34
326
1
3
1
1718
2173
6338
3
6
7
20
61
1
8
2
3
951
4
1389
1959
12
530
6
5
46
18397
72
4432
2
1041
165
10111
10
3788
243
794
71
210
367
12003
991
46
2
26
6
6208
273
5073
442
180
347
1339
3
8
2
422
2
13
3
60
5036
134
488
13
27
3215
19
15
7
5397
7
7
945
193
200
5
19
10
5104
60
3504
99
1735
8162
196
198
112
5
6502
20626
72
15918
140
1824
51
133
12
312
2988
41
4
7011
51
14
817
2126
1075
16
5352
21
843
54
984
4
3
1
1313
41
4325
937
3
8242
482
3811
1286
135
3644
1139
314
309
116
123
432
84
3967
2
343
418
534
2
670
411
17
11
21
31
9
7298
4
1106
20526
3
1966
2
3
4
22
1
2445
4
619
15291
2049
2
4
110
4
1
8
3
6369
231
229
8222
204
10
1642
5
9785
80
3513
7756
3
2074
3
245
78
1
11077
8632
86
144
315
153
6
191
500
5
40
42
1091
3
438
280
32
302
493
1
6
4873
2685
38
137
37
5
10904
35
22
244
321
98
6
206
25
11309
8
4987
40
4
8611
1308
228
913
2974
398
5378
296
8
1
79
2
1933
18
206
2
1
224
9538
1547
900
17
1778
834
20228
19128
1486
99
2
322
508
4670
1198
6510
4070
3
86
286
1
22
65
217
13
1
7579
4443
2
8252
675
66
4
3
771
13
210
15592
3626
2
2259
3454
2
405
5
45
3408
444
677
1
12
1
3096
4181
1188
25
56
1
1387
12
20
134
119
537
46
361
3
17824
4642
27
512
111
18668
2682
6
68
85
7
27
2662
94
135
462
33
1
14565
1
35
306
267
57
371
6361
2520
10
3761
16711
2136
155
14672
3375
4
6
6
169
50
3
4336
25
1221
15329
127
40
1124
54
5
131
13840
4001
15
2245
14618
2
15
5
8
1177
461
34
12210
1826
1064
8
53
208
173
23
2785
960
84
23
1806
1
1705
1
546
14530
124
819
7
8845
955
3
1512
346
1
101
4175
84
5
228
18600
12
270
48
10
2
15
328
555
975
3617
182
682
5
12165
9
4
9
469
2
45
16
4602
136
2
79
19863
291
18
1474
179
143
3
419
2424
38
2774
532
19
33
18
144
1153
4
42
241
2
216
225
72
1
10373
2218
2
148
957
8
10
178
22027
1061
1323
5
48
67
21
10654
1497
112
389
11
15
3342
74
2
35
7625
254
13
10335
5042
7
1023
6
32
15687
542
13656
1
205
1
12
21108
11829
27
9
2938
4
348
9690
4
3179
4
16
11024
19
278
9749
15236
6776
4
4
11254
18109
5
1
2557
1
52
45
3
415
18
2451
5578
112
4
549
2808
3230
36
6
15840
2
1
2
1862
4481
1516
1
1559
751
32
966
1
28
111
173
6893
63
10667
6851
15
1
133
805
28
1
5371
6549
29
17102
559
24
8834
2
3187
16290
53
159
87
5242
83
4
23
2275
5
6909
32
3
34
3302
16113
586
1
1157
6
12
14
18
3830
31
1154
30
43
4
2934
91
3
4
5300
2
661
1
6605
1901
2
335
4221
880
3675
3
35
362
1031
172
733
11433
9631
13
19790
11
7
2
8
81
27
26
143
134
544
1
14198
1261
1329
88
6
2
973
784
97
1
73
6292
12
3282
23
68
387
14997
12
4110
6133
3
668
2
128
263
1128
584
6
5
54
2
22
4373
16529
4619
470
2003
4
44
6044
3
3
156
5
1043
2436
15273
3058
9
50
532
49
137
4
909
12
120
2
421
39
789
1947
47
7325
24
560
233
9
61
9
3
2115
345
7
20
49
2832
16
229
191
57
401
298
2
1844
15956
17
14009
11
22
54
821
1027
11
53
4341
9
168
3103
1164
11
3
1136
19838
15
6238
3
52
19
6
826
2
231
8759
4
3982
6968
7671
38
4
21760
8
13639
45
447
98
120
894
2
1812
9
246
1170
11
36
273
135
32
6
33
2
117
849
1
53
7
5
89
1540
26
13
107
1
322
288
2
6
160
2
7966
5
11323
704
3953
4
154
30
48
15
1
1213
5557
1
4
1
18782
859
16191
1
1
5135
2
2768
37
4090
15478
2836
355
1185
242
5584
80
10310
10
3
24
2
251
16054
27
43
179
63
595
4
4785
1
37
7
12
158
4
14
24
3
161
272
11199
20
3702
30
4
10
977
176
21
32
13182
120
227
46
11
394
10
12
11336
14942
3496
8
4
91
24
4
259
1
26
7
1
2284
1564
353
1986
15516
93
77
3
21471
27
124
3
19221
4304
70
10864
5
49
3858
4
143
97
167
3
2
4284
68
10
1652
9309
1
38
49
2213
28
6985
1868
303
46
1
2665
3733
844
40
202
16671
67
11
3
3517
9
2
6
492
42
6096
3
2287
11743
12450
44
372
2253
2433
213
255
4915
2
24
1252
8
2
14
5
2906
4
8
19622
10
294
1
73
73
45
1490
58
6415
3
7
1887
24
1095
19
96
1
15460
2144
767
47
293
161
1859
1
50
372
57
28
651
7
7
11587
2
122
195
2
2481
222
39
1
8
2005
3395
1
7219
881
219
46
21
494
92
105
30
1380
8054
17
793
7
29
390
7
13
12
22
50
1078
510
1
625
1658
2576
1875
1910
2
1584
24
10285
3
7166
641
31
6307
505
1501
408
5708
457
14026
19409
1452
27
1
29
166
142
33
1
4
279
1
4227
234
7505
1
6
7140
9584
2857
597
13214
1074
736
12725
2380
830
6
171
23
21576
56
6454
642
12
3853
6686
13
1235
2
3
14815
9286
278
240
1656
13672
65
2892
3816
4
10449
1483
556
1
3835
2
713
15
4186
6029
24
6678
184
223
5
9
32
468
4939
9
2691
2205
59
117
2
3565
17759
10
29
1981
705
2
1
204
9808
368
212
2
3
9457
14
33
2
3047
7832
19
376
20802
2
745
2080
5
2
2579
39
23
5653
906
21
2
441
10
6
18
20
153
102
11145
1607
1263
2
93
8749
86
189
8133
13
155
13941
14
9
23
25
400
9
1367
273
327
294
648
2
13
8313
88
2
99
12
12
759
3122
474
12571
758
42
1
38
233
2724
2672
3530
1239
1917
1679
238
571
78
266
1144
10
2
1
293
11
2020
21
176
330
3582
76
5
221
9941
1203
766
1117
5
18
17186
4130
1544
2
7
13622
6
1315
6118
20878
18
8664
3724
115
14043
7
218
27
121
376
31
18
21893
12404
2952
59
16813
3145
16957
28
452
5
815
108
5217
786
42
1
218
4
933
889
4
2
8353
1
1013
185
23
3
2372
102
2
180
5
9
5160
2
2
1492
2
460
66
5
2
3
3400
125
37
4
3543
1
20
12
2
25
18532
47
445
1576
16
84
360
41
2067
1029
1
5236
9
2941
36
5856
17781
15497
1
18
9619
11644
2
12
6
1370
11
1
5166
171
1
7533
7316
11378
3
820
361
10
88
9
14477
2
4867
1
6581
3462
25
10
63
1
2
2956
76
119
338
25
21006
27
199
9
82
7379
3
1780
7
6
19385
5920
20
1007
10062
256
27
328
35
5863
12
2
15
8
2
540
1
6784
40
21681
4951
145
4
101
4
4957
227
114
14
9
177
19104
2346
359
3420
13118
2
6
473
58
38
52
84
19035
15033
62
2
134
20057
5223
18
579
30
8
1085
8
5913
4459
2
2
19
2097
3298
10
31
2256
3
1832
3797
26
7062
3
1006
1352
4
305
3
2
13
1055
14978
1693
1950
10616
401
1745
28
28
5
12
23
856
21497
11240
2
9868
11960
10474
7
2826
21655
11
61
49
1
3191
49
1624
136
2614
14
2
2781
2959
6
217
10798
223
2374
3
1
2289
26
196
65
9491
55
5771
15
379
56
8601
37
20
39
9844
9
2
25
28
543
9
15
177
22
1615
1171
40
2
25
7775
35
2
16
2
8507
2
15995
22
2
191
2604
30
697
2
19
497
41
1
60
7
17695
3176
10
47
6
3
1
677
167
330
59
2
27
851
1437
65
44
6
6621
627
678
2560
165
1073
4
11801
7690
337
193
55
1010
2
10997
3924
4352
2102
43
2
2
26
685
1722
18175
1926
11701
5
5
2059
20
4
4394
39
2
5
64
13
49
662
30
1605
2412
3765
20
379
30
528
581
7699
77
3666
16651
1921
15
7
1
443
1449
780
13
629
5204
79
4653
33
3
1
2
5
15
58
51
13
31
2
137
29
130
435
3
3
5
10
3657
3130
10
33
3
16590
2032
198
450
11573
120
8643
116
534
1340
18
12480
20651
1
12756
1995
126
1423
8
24
1
291
17
842
4150
7
23
1479
6
2
109
4945
41
4
9
1
466
2
167
1752
3441
832
87
911
4
106
5673
11
30
23
2
19
1
1165
8
353
3
9041
78
764
467
313
8272
93
9573
1083
563
47
1756
1
502
17
142
6
4647
7080
193
106
203
133
627
194
6727
6
1102
587
63
351
885
6376
1280
4514
50
11
13
1
41
404
139
4
202
1907
7
344
7045
35
1714
2
2
6694
247
9526
8888
8
381
10
352
11050
17
631
5993
342
2
336
811
216
2
22
475
14180
19
11
72
6400
2
1
2406
214
4
5
1
1
4
1227
17
5
67
2146
6
2
226
100
38
51
4
105
5736
10551
605
157
615
53
884
167
990
9185
1534
43
5764
3
20
2
640
5
66
102
8034
2
35
4357
533
8
2401
267
1
17
697
935
4
7
2
34
19058
42
22
750
53
2
80
91
725
775
11186
23
87
10
348
10
21
448
1
8
1275
5483
499
1082
19
21602
3
92
4
4756
1
127
78
158
2
15088
2
373
666
190
5
18577
181
2822
17977
1
32
90
11
15
423
19
21
710
302
2508
139
6
17
12787
13992
22
12617
22000
18873
3
791
94
4
3715
382
6423
4762
53
9
752
18286
1
27
2
3886
552
7634
7
698
9019
4
3
2454
476
33
433
5326
3137
10693
2
252
2536
213
25
4
13
285
2864
2
79
54
29
4
4055
31
2035
22
16132
2
9
1228
16793
98
34
221
47
1101
4145
36
1016
12602
118
1697
5
179
92
18197
425
2
101
122
2
4
580
590
801
3
138
1
16
12710
34
742
254
10
69
10348
266
4
340
1
9561
615
658
21
17081
4362
1
1
4
87
3
3
11
17
244
255
2300
12648
13
6751
552
4
39
66
30
702
9422
197
355
2764
3164
16
15
20
80
1456
16
33
11931
33
1215
24
121
204
790
17144
521
14
15366
224
2
287
187
26
480
2
20576
94
1587
13739
13
4075
6597
19
76
76
3
52
98
6
4
2054
16773
101
155
76
27
149
10564
4
8
4
7709
24
36
225
484
120
54
545
52
6
203
1303
7957
102
2
21
9977
6185
69
3915
1307
96
6573
4
13507
1
41
16469
82
22
48
1365
1377
540
455
1553
7841
2
225
5391
10
2751
3
7370
1
397
1673
33
3250
2191
9
12
2090
2118
5
3294
857
7361
41
8
10161
5949
2714
19081
5
94
5154
285
37
2197
1928
237
36
4
239
19
45
1
734
5457
471
2
5
5
6743
26
1481
2386
12136
27
575
3560
9
3
1327
1621
7
311
7
13
3354
3
2389
2
13556
1726
1570
15668
1
5
9
317
3
77
89
32
73
117
993
16916
769
99
6
79
17
416
68
19
30
297
44
1114
9
1302
5248
8
2
10983
150
1461
456
52
1137
2
115
8
6431
13150
187
4
8942
132
1
1884
235
1146
12679
1224
3
942
527
1
1494
1332
118
3
1065
1289
469
22
5
189
7
6884
838
7
46
8
97
258
77
3
2
1072
1372
23
42
7
548
9052
64
36
28
691
26
164
9
1383
456
22
270
258
43
20
1089
526
245
3
258
3539
879
2128
9904
1782
1835
52
153
10323
3
90
8015
68
2
4
20
125
128
28
618
8695
8
2
176
13
148
5
5
1
418
8
7184
4
141
15070
721
26
525
3608
11
3
14
2
12772
20204
5842
43
2363
62
8212
339
1229
3437
30
9608
107
2
5978
6284
3
7
9
7
14887
5274
2
8
5
6760
4
9678
5
2409
558
2157
362
1599
41
426
56
293
20551
264
9365
83
2
6015
2902
227
325
34
8
141
130
709
21866
944
1
126
6525
18131
1689
2
4659
6
3183
12121
2427
3
1
3
8
1
54
3412
148
37
4
2
15347
162
56
115
8425
723
1460
481
36
164
25
5
1
356
2853
18
3266
5
607
12047
57
2
15898
100
924
1801
21
8
32
1
8580
34
187
122
165
562
181
263
44
14
1
2
3639
3021
4
9252
3534
729
31
87
138
96
34
5564
5
7
2
19
1178
103
1638
5
18942
8802
142
160
133
1445
74
4
3218
8083
14797
1675
17803
5820
654
6330
35
65
79
4031
20980
2
2
30
3963
4196
55
280
572
38
3
2
222
3706
2
84
4
638
91
8549
7560
415
6478
11
3679
21237
67
246
30
57
1421
29
17
7020
30
1
18241
2
5
93
13975
63
2
238
19151
94
5
12
308
13
297
2110
56
12510
104
42
4820
873
49
2758
12
131
392
14690
21263
8
5660
12018
956
305
970
1
152
1190
5404
79
99
3987
5956
12434
8
9354
463
5
47
289
9
595
17269
8
3569
2
282
716
46
1784
6
4993
2731
358
3028
1687
4768
2
192
214
1
326
3
1
203
2
15
5
37
3358
1
8
177
90
55
15802
3274
5116
1
39
18308
7496
741
384
104
24
7524
3383
593
91
205
3
1
41
4065
1
9549
866
7343
5598
406
264
8404
4
5625
203
1611
8674
4258
538
969
1804
570
1337
20377
15
42
17
38
53
83
102
7
2306
1433
159
4036
298
71
9
1258
60
126
12741
7
15783
304
156
4
357
3552
2
1
7
4155
1428
708
2608
9
4
2
1158
36
2
2
403
4
9
134
4879
92
107
2
867
2095
7681
4897
3693
2
19
2281
2
18
2175
73
1750
14
744
4497
539
22
936
2909
48
5129
3
2030
474
4
2
11
6
46
113
149
9
2189
11475
624
6952
16
772
18
21
417
17
114
1
583
217
19
2
4574
4547
239
7
1591
1632
11
313
3622
5332
327
241
112
19
4
45
978
4
5
4
2815
2812
11
3863
320
10
175
13279
4
7
20081
6859
170
1
29
10641
20
3849
12
300
9063
2460
1
3948
75
4
20451
295
2303
7263
12991
2062
2754
1358
111
68
2
289
21813
272
345
5
2
618
15
2085
1225
1
35
2
1081
35
8727
988
183
266
111
34
1
45
958
154
1
1
7289
431
370
2
4060
13
4921
35
10
518
8528
2
33
233
21
2448
9445
16
2
3896
12587
12
72
15630
104
19960
1
10
1
6646
1404
2
7606
80
1
1
28
3
3
4263
2
23
7433
4
1
279
383
4085
11172
7542
312
806
3040
236
16895
6
443
2270
26
2624
192
13
370
1
564
7
3
14833
14371
65
7149
2
20601
1046
599
1878
1743
591
448
55
397
14
17545
20253
4211
1
429
182
6
740
6
151
606
238
2592
28
7718
248
660
25
2
2
151
5
19
20
2567
66
13573
12254
1
116
3
7
87
64
1
10
8
2202
5
4095
6215
5339
7643
7469
2
92
7
5444
1
6
25
1048
2
2
429
967
903
8813
265
3168
13166
131
16
4
4
20701
98
3
29
19887
1
198
6711
321
3586
1
65
728
2475
19
374
863
6200
337
7
5
17
2
154
683
193
2748
436
6
2
2
6081
127
792
108
632
369
66
122
10785
101
71
172
100
12033
178
16509
3
1
4
8
14232
325
1990
9
2734
1585
722
1
9
63
129
369
8
2
10
7
231
11601
51
2
52
25
1363
712
370
250
1045
64
1444
14512
3
1
2
2
16
1334
42
2916
64
3
199
46
13490
26
139
262
871
1267
18850
81
2
304
52
255
11858
24
118
8182
4268
653
5
36
2
49
5
5
5
250
1033
1174
3
3
14
598
102
2
3821
60
1109
694
416
14
377
2
31
32
3
667
2
19694
490
2791
4716
6059
5694
7
536
940
224
42
9
1121
3
124
11
2
5942
1272
2490
120
15015
10436
1905
109
25
133
4536
136
3
2738
378
61
4
5005
14
34
1019
363
13409
197
1
2154
6
488
3
14284
128
5060
1050
24
1
1
2649
10298
1597
571
1018
1319
18464
22
12269
2027
1110
2240
186
211
1
5
411
920
1
8
7236
20476
214
4492
1815
431
106
30
16
908
140
15162
166
1
6407
40
149
8
3433
52
188
1269
7
12
2
44
11010
2
696
6
688
64
17
55
10136
118
82
1786
4100
602
1397
12
19527
69
1207
426
1650
198
20752
1
1
16015
7
26
34
196
7803
1683
7928
687
2178
915
501
17
19174
2194
9989
30
31
730
74
25
127
11616
287
3
5268
13246
6486
99
50
1609
9
27
29
948
21134
1
140
174
163
2064
1472
4773
37
1187
165
10185
6178
639
17716
3199
28
464
38
28
11
2186
7424
262
104
5141
3
177
7
3
3003
72
963
94
22
50
4454
6
395
1409
2554
2885
35
71
1
547
60
4201
1344
149
365
4
8770
112
319
3770
19
166
1167
4508
8
72
34
5
3043
16
30
3487
22
254
3747
101
347
7551
22
66
562
14
723
71
110
7
73
1601
499
2141
3
2
10386
2170
11945
1864
286
491
21707
168
8
1477
776
17
2
983
110
12663
1
3054
4744
922
38
4384
83
51
22
1
20
616
3
2
20
10099
2633
1
1
5544
55
51
3
72
417
2802
21
38
8
3635
3522
9
2705
9
1551
1168
16
13086
7
1
7
306
5
11
7
121
13295
4
169
141
5
7
1326
9377
43
2570
5
1595
67
16752
199
45
2
12
2
20278
20
989
12
380
7662
2514
192
388
16349
463
9
55
2223
3
135
2867
2159
53
57
123
3290
15
138
48
6
40
2
96
110
1354
783
2199
9
6
1903
23
17123
10398
16231
17481
3
478
1
4011
13
10577
1180
1938
9
32
4
6
21419
13
73
282
387
14
44
234
7114
13722
6
21367
5048
1
1767
9856
9
2
860
359
19
672
2721
344
306
311
34
1762
175
12
3
169
1
28
352
575
57
140
209
3
13
11916
690
2295
1
15
779
5
467
98
89
29
11844
151
1855
47
4814
5365
115
171
188
5639
89
5
503
338
5
113
2
630
716
14424
8
11517
862
2881
16
67
41
10
2523
81
14
12
8738
457
768
2207
40
21787
1
354
277
40
1098
14
2
3872
1418
11131
34
349
1003
244
1
519
142
3
25
3471
6
27
10
14250
425
16330
6170
569
12
30
295
7245
1754
14
2
10
134
7
1059
1797
86
8466
8
684
96
100
11489
5632
1132
117
3
8538
11
3
9
23
1026
21
195
11
161
1
14
16093
4
887
56
7175
7460
891
1998
65
473
996
3
193
9
60
5
2
19432
17354
137
144
877
4
2
3
858
1819
233
6735
40
16211
50
59
39
66
9
329
6943
8384
24
7
1219
159
20033
914
4844
3
1574
585
11887
24
1087
168
1
4
11037
5
114
15
2
9085
31
1283
2
6
124
11091
29
1218
61
1277
1821
1510
28
16034
2
282
3
70
155
8717
3092
208
20106
3
275
83
4216
54
11227
17460
4
12359
5530
6345
14
386
3
582
64
664
21
1793
18
1
6517
26
7
12299
130
462
1385
4421
2728
35
77
3
10
3066
3
3
4563
8074
36
9151
265
80
7
10
17290
2
5
55
6
7860
578
14146
18
298
28
27
520
3
19
4687
5
802
4
331
14
3114
146
12
17502
560
1
10759
18896
588
3
406
262
1355
6
6
36
20853
1545
29
33
7
7765
243
10837
11
297
923
4
37
3226
6
1
3
27
7947
9
1919
5884
7
5591
17375
186
5
453
17
2
2798
749
14654
4289
171
18
100
1311
3318
10223
706
13
67
2234
201
8103
1
5
10
5870
159
5
1143
16
2878
4
341
2320
1
16
18
850
6
1
16
35
1
36
8
1506
18690
232
12
184
13
16854
23
3258
33
103
8374
75
1113
1278
2
374
49
12106
57
12
1839
73
3458
509
207
44
633
11
16
97
1122
68
3
111
11
16
3
1760
75
2
12541
2
150
4
12
1
80
905
1648
33
13474
92
2
8706
4
10
4
882
31
215
1677
341
1039
7
365
40
748
235
33
5785
10
5
1
2
3
12
9174
4739
8
181
1983
349
623
74
13689
7071
36
5778
12
21
92
3
18
1617
169
212
66
130
5750
80
594
2
3
18043
299
24
12
2
4
3133
1701
2439
3648
3
3
883
5
108
3934
1
1
657
3424
2113
134
368
29
152
26
112
285
7192
24
12850
93
8
7
2
14
1628
307
6629
1720
412
58
853
4
1193
75
230
5
2
124
19670
9
2
286
487
149
11
12
9388
902
9666
46
10
12
347
1318
2
4
27
12419
1196
237
7
2
1630
1103
6901
14
8
718
265
777
50
19718
2
303
103
95
700
17
2047
31
109
3573
37
3600
9
2
6834
12
29
6
5892
1
78
3
267
8445
7899
971
24
1426
9820
13
218
184
151
16310
16073
878
180
88
981
4
964
3
407
126
3910
4470
19
319
1
99
692
3
2
335
24
735
574
20904
37
5
1036
454
72
104
13
4050
1
128
27
160
37
256
69
47
148
76
1853
213
172
49
9916
4
51
367
36
1360
2
1362
4
7105
279
17566
23
3
119
12865
3
18
6
127
15744
70
1014
1603
542
864
2
14906
25
11
458
972
42
18827
10
3
384
21
466
51
50
14
1
3
2511
24
840
11
3141
9
3684
5
4
12526
7
5
366
8781
212
11873
90
2545
6
1150
9
43
997
437
394
20501
35
20302
211
4378
50
576
2120
17061
1216
3069
25
157
7
1232
1133
128
8569
32
1846
7
44
5
14601
8622
6148
29
482
5
762
1
9
420
7
3900
274
11630
16
2
8
6
13039
2
44
15535
2
227
1291
1316
2611
196
21393
80
215
37
1368
907
18
10
13070
664
37
5
111
13425
235
113
787
21
18065
151
1
13
2357
1
818
246
48
5
7478
5
7
73
3
1
513
4
2
7746
371
75
6
491
57
253
1
3111
106
814
2678
1245
229
2
4486
13
2
64
2
2
22
3
8113
2
17312
194
20
243
2
3492
413
15
197
7157
40
25
9
1255
4802
6
6446
437
10013
6384
2
4
20
2652
2478
16875
8
39
1557
10
2251
2949
1465
7028
1924
332
2
10917
281
21
35
55
4320
2761
168
7
63
198
1350
2675
730
52
9
10
67
7
344
13
2430
109
2595
6
138
21
2232
14
17
21
165
357
276
148
1499
486
21
4
366
115
4
2466
5
22
1197
50
18805
6842
7
3203
896
3784
269
147
9
5
3
15422
14
2
5011
76
89
3
1442
24
9
43
2007
70
178
339
63
11
21
7002
18
15
9
886
309
274
444
65
3825
3839
2
78
1889
69
636
13376
1
601
220
26
22
4278
3
15
1
6
4808
2539
110
10
2
3
6
8
893
3652
1
1
2
1411
14
617
2
5411
7451
25
14
4
7728
7
75
854
4885
76
609
5
25
5813
3118
180
10
14060
396
3
6
26
1399
3
157
12180
10
3
2
23
1626
32
141
2418
3920
65
2
4
711
2
19268
3
13
14494
73
3
47
108
71
350
5
598
82
86
20401
19
168
2
402
645
1
37
74
74
14
2
18
20
106
88
15764
1
190
25
249
19012
39
3992
16
53
5
58
10075
7588
788
430
17
21
1
2
26
4
4
48
2927
9196
3891
14129
10
5
4
6
757
3774
13
19244
4125
523
84
596
249
1529
125
209
703
6589
388
10746
19
1
10173
1173
112
637
518
24
2
14779
4
206
3844
2
2
128
10148
816
37
4
14583
115
43
21031
2829
56
3
16937
2945
249
522
12
4
7396
503
2
3
2298
144
356
2
3081
185
3
48
36
14
8415
995
3
2057
52
1
1120
624
573
3330
3
4
1175
22
2292
15
1
12224
5524
8
701
569
1
1731
687
18
75
4191
1151
2264
179
6662
4891
178
643
4721
2334
1402
600
7
10772
2181
19
2
104
100
47
82
7
6073
16998
269
2
693
5827
120
3207
158
29
30
17417
21
15821
14
125
85
1
25
109
152
21289
144
634
62
2643
494
147
1549
31
557
398
240
430
1866
7
8
20
114
84
1451
10
43
2
459
32
726
17
70
1
270
3
917
95
207
117
7
226
453
95
436
10824
121
27
979
91
2
110
16389
8
8964
1470
17890
12912
15254
34
29
30
18
18509
2
1669
16
4165
94
3153
1974
4
5
1068
7334
2
5085
51
807
9468
566
4791
11715
1468
1394
4389
428
39
1
103
47
147
8
3
81
2326
4
1
4591
15
2499
4
35
1
188
42
665
3
3
13907
2
1
2860
13
3445
2
2
16732
355
16
359
108
14725
97
53
295
9162
2589
4437
14
1131
4530
1
1292
62
1
31
100
122
8363
2
1
2711
2
1038
2
288
1
5
8333
62
2
105
9008
64
16
189
11
465
2630
3
39
16
332
97
195
2
17
1773
424
2
4
1210
7737
316
12
7653
25
1
479
18
2646
2659
2
99
28
124
143
108
373
3
13102
10
342
1392
3326
875
8
173
65
1945
9
9
50
3
34
18
6613
85
44
8877
9
6
15
738
92
14
5
1
952
126
2695
61
2688
18375
12
6269
8
2
186
245
872
2620
1
2
1728
21186
172
17
516
392
1
3450
15051
410
16
1
20929
74
236
118
1
381
1115
10001
24
6163
362
69
1
12
2392
1184
2
4909
986
403
19
4
4006
116
292
1246
6
158
166
8791
10
98
130
6
150
223
3
4331
32
146
12818
204
93
212
208
1733
7
445
185
4
69
4
17
10890
1681
4
41
1447
2533
20
2698
3
5
1
257
395
3
100
2
49
46
55
20
339
419
577
11672
33
15143
2
2100
57
4838
14112
12975
11
77
157
16409
117
37
511
2
10
2582
9400
1
2517
5
524
1467
400
78
18
33
13
608
2421
3
389
172
12
71
796
189
3500
47
1532
18555
74
7254
41
2542
1640
11
15649
1
4
334
59
822
307
9655
31
16
6140
18
56
351
15199
428
3
5067
281
6
263
739
22
6299
3670
1
330
6155
9320
91
96
2
3010
682
11786
3
2
412
1931
299
10273
61
17
4779
656
79
2
167
5
246
799
3
9
85
8
40
85
56
9643
3
4927
2337
117
4252
1
746
5849
3929
86
2
427
281
5
162
284
32
179
95
7
3371
40
11064
253
3
207
432
6223
1765
404
22
20955
641
10
5729
1
3779
1240
4
10
122
564
743
4
7
831
26
962
2
18919
154
19315
6
4727
6
18736
7442
271
2640
3738
1898
15
44
2
1281
471
3972
247
232
17438
5017
25
407
14851
1646
14
5
6533
17
21341
11
2
4
57
7784
1
219
4
573
4
1
190
8
1508
754
10
1222
6
3
3025
8
1514
663
86
16978
40
27
86
932
5079
2
2
1324
4
5030
93
7
87
4676
364
3246
163
60
331
5
232
8
898
38
7889
116
13
23
904
490
13523
14
7
31
6322
2312
184
1
782
19
5
1
109
8
275
309
2871
10210
3
88
18713
33
17
1125
2795
6
10
1
13
9263
477
3
2248
25
2548
5191
3
14
2
5
6
496
16
301
3
7976
763
71
12694
1936
2
240
17999
521
759
485
32
3479
4
668
71
88
261
247
140
34
28
9
364
6066
6
8
4
47
7851
1345
7405
2
7210
4975
10513
253
6246
3
3578
14319
2
63
11158
5971
10706
31
202
15
4
87
525
13198
4140
1
4
800
15385
4310
10
13958
2895
1105
892
11
5
1
5792
13311
10
409
314
4026
2105
421
72
19935
156
1297
185
7
18487
89
385
4
3
66
13
2
70
4826
2340
119
6
3362
7
550
566
2
9129
107
603
1412
5
10
55
21973
2
50
493
162
17
132
2
3
16
17955
28
2457
9761
145
3591
1336
10
1069
1758
9515
1
22
7
14
13344
4464
6
5
26
660
12
1266
3711
6
6
12
129
9096
4
321
673
11
17333
1568
10248
16
2415
3997
156
316
1976
29
239
25
137
15
6
2985
536
9
45
1
2
8
1
21
12960
3
1914
3
3466
31
1
1
160
1200
35
5612
5097
11531
48
104
27
183
11
6470
24
4041
9
9
13789
6
19
6801
999
19480
277
257
6670
77
3
209
824
870
1
4
6
26
6
9275
271
719
2
1971
546
10026
402
49
5722
538
2
9
54
2
59
124
1880
2788
15706
32
318
30
7
76
61
6103
2
3006
27
8975
3943
31
4
3077
451
1310
1382
778
2
4247
1285
4
4636
634
1578
26
6926
8343
20327
465
2323
656
1
699
8
3238
14761
5
2403
13263
216
1
97
7
2564
6353
81
301
1747
5
1053
3807
44
20
2970
1
5
15937
1118
3
1
12
3322
85
1331
8293
24
41
1260
144
446
329
51
12062
1525
9
5287
31
773
31
8
5605
15403
1969
10
7387
5
358
4
848
7
2343
1
251
36
1062
320
405
125
1
3
3391
8
4400
592
4115
299
11
46
2
34
926
4
1891
5
12077
1
98
14
15879
1830
16
5
4273
39
3
1
72
4710
1086
91
16691
278
7
8
4
9892
1
130
18153
16
1703
56
14
45
11
6439
51
2131
5185
1022
1021
76
14924
17
4613
164
61
918
316
1373
69
13540
18
1
21
8
2242
20777
47
8486
81
3073
1
3
190
4105
55
382
6193
15
44
568
181
113
2601
131
5198
3939
314
2
129
9
1
10
3
1414
175
2139
583
2
18420
143
10590
5
230
6
10
438
2
250
236
2
5799
1274
5
18
83
44
66
1375
4315
950
4410
29
84
943
2
4
553
1093
2183
360
2
2
1
1518
2
839
959
4558
17
280
18
42
7937
3350
41
1002
55
43
827
11
2
3017
22
446
6
18087
2133
1952
16
7569
7
45
2077
23
681
15
21
6037
90
46
2360
1204
7097
1194
10124
2
2167
1
3
8192
1857
4
95
25
19
1400
82
2
17
10811
3
16
2
8
1431
30
4
25
3867
10050
8
211
515
51
8
5
18
12284
1242
15
934
14
475
81
15441
2805
435
2617
1
6253
1
13
317
22
3
388
146
5
6
142
2
35
14389
6
2000
5
14
133
10038
11
161
2
1
4733
16
11213
8
8921
549
11
655
340
755
3
4963
3
13
3756
35
1699
2354
614
78
12
2092
183
1
2
43
375
1
504
41
8
589
10970
2
12329
5
606
30
3032
37
258
3
4
27
1561
158
760
3
42
1
2315
21734
40
647
3
4
20
2
1
68
1135
500
2
4347
5
21
79
18352
8997
2
4160
2
16
13
3
22
1
5
26
13007
62
6
529
11
1
174
17165
8143
50
14302
27
3
11559
113
5906
19291
1775
3
5497
29
166
234
20
2262
132
3
15573
1416
10
7
21
18
2
2
59
13392
413
10260
69
414
2963
604
2162
214
19
14547
5619
1808
252
7
52
385
6
2037
6
65
556
1538
461
2
1
288
2
2484
2012
60
116
1147
496
38
11
72
1
43
1037
1
10424
16610
52
229
5
89
23
1406
3
1
4
440
53
3404
4368
1505
13230
29
17868
24
7
1
40
8
1305
813
4
1613
201
18
3
53
4832
14960
1099
5
1
621
177
590
6125
2215
2
2
3
1149
