9124
17997
1077
1318
140
24
21
13262
23
2427
8815
416
3
1758
86
3
8
6
2
1933
11
16873
3
14085
408
45
2
1539
6
5
1892
1220
8089
13
235
3945
6695
272
1335
1105
7917
15
426
12
4
3
9986
44
4706
1279
7423
3
2
133
14
10651
7
3
181
4
7
43
3605
4
16
34
11410
4
342
42
219
3
26
1526
294
299
10
112
2
21
20
140
11167
8372
10790
2
351
2
60
1014
5
4136
15549
1231
27
17919
3
21
2761
5
195
15416
1036
1045
8
5
2567
3438
9943
389
2
437
12
105
20562
14146
78
6
25
585
4
225
276
1301
1
11361
6
2
9
19445
4
7
1139
24
2846
1189
330
9
193
3088
334
50
4
80
3928
128
16093
7649
304
19
136
100
1204
290
366
392
42
3409
51
103
2
2
33
12980
13965
24
3
274
17843
1174
6013
134
31
242
1412
1129
9
5
180
397
411
1908
1134
146
553
236
10606
5085
11
158
5
33
240
10
6
2
4
3667
2
2070
884
847
265
11
234
52
64
92
8
58
651
3
306
11
14
829
38
291
45
444
361
17766
110
36
1
1828
7328
9242
1215
450
230
497
794
814
29
6989
9046
13
12434
1
1
2
37
48
132
9
76
179
174
2545
8
19697
2
111
13727
19
3048
163
12869
1751
1
79
3169
6
384
4154
3
7
2
2
915
1
109
2189
27
55
570
5
2
7391
39
12925
13
534
256
2
11
2325
5262
10743
15
49
1
3224
1
1144
4
16
5423
505
2
2171
96
14767
39
484
17
231
186
108
6
632
18
227
2
7716
194
14
21100
177
26
348
40
3
43
4
876
3699
53
170
167
8628
6497
3912
560
16024
872
4245
2
387
15
45
409
10
11
963
40
105
20
13036
770
217
51
18230
26
15
1068
8
24
677
7816
5
5
27
339
261
355
23
2
41
3
121
10
9
79
10116
223
5
61
3
22
15219
266
654
1
15819
320
8554
832
17165
8
80
18
1
5470
20740
21
9
15
7519
3895
3
2
2996
100
310
246
959
20
16
3
10697
24
754
22
11024
184
836
869
413
466
75
2611
2645
9
24
4
4
32
5541
15088
850
150
6091
2738
8408
2
2035
115
57
21009
343
572
821
9525
32
57
919
1124
2
4
8
112
3
17
90
1241
1164
1900
13
955
2227
18626
19
16
2821
283
54
8740
13
2
1975
1
6
1091
1406
3
212
1
1
224
600
621
448
15483
5
76
429
139
22
82
2920
18
2657
4
6
33
15751
8
134
175
16163
262
7
2
56
427
2
2
10883
6386
9
4892
6
2469
45
8
2703
4871
1
804
19
29
128
273
16
385
2971
5
53
4547
48
72
47
3
75
2
161
6
2
1159
415
63
106
18
3
22
3683
5
1120
42
1
10
27
229
28
352
923
107
2
11459
1086
6638
9
63
10159
137
119
20
6
35
2448
2044
17
1
5
1648
258
1966
2208
4
28
293
114
20039
64
15
363
12222
1032
1
6
1916
44
1
13668
5019
1263
3009
2883
16
2
3
1225
2097
4263
20919
3
16945
325
1
195
340
7234
1
4
1
22
1437
74
4646
12170
3453
47
3
62
399
88
3128
11
608
377
253
967
4083
14704
7
12
1
208
7617
6
13
81
19
18
31
215
20212
19278
2
1766
12
503
71
25
17690
8
8
744
14
99
41
8
4
4
5
5760
50
8020
1843
2
4
36
2
3
1
1
3075
1
1559
1
2797
17
15887
6039
58
624
710
1169
10247
12066
5195
13435
209
9566
78
3
2
528
326
404
379
5885
4586
6
2895
14
1691
87
7782
627
2
2
16728
1
839
1
23
1
2
6
619
300
1
3
2
6
499
8
8853
95
1096
4
1
3
7551
1706
23
3528
7
19528
519
4606
773
2152
984
13
7296
1324
12
21
3394
6
3
19
89
11312
1
55
11
3
2
12542
132
21
16656
595
1018
1184
865
2945
3
22
21
254
9
13
7
41
15
7
2335
2
454
629
1506
40
858
38
2
27
94
433
9690
9163
8054
104
1
4
707
18
176
568
7
25
1313
69
741
939
4469
472
9
2
931
14
67
4
1199
3035
7584
207
1634
336
27
16
156
6
226
3
29
4
126
725
15
12
8
7265
68
84
20
3
2
2
2199
4
26
3
167
24
5
1468
55
282
9648
147
764
2
935
5
10
470
38
9
9
152
2
11
501
12
284
5128
2
4
156
495
9
988
11
52
18949
551
71
25
70
8703
14391
133
59
2417
111
663
360
4
643
34
13377
54
1
15284
738
6
1773
9
4850
78
3
110
1796
20829
123
19361
1449
1
5400
11
7
6143
14330
14
12
32
4318
903
3365
74
151
19
13
5217
64
1
510
2
5
927
11119
20
45
147
8665
12
9203
1949
2
122
14895
99
158
36
130
107
5240
26
10
303
458
10203
70
1851
6
20
197
14
19
319
1
216
25
9
28
611
657
72
640
1330
23
7
86
11860
6
6
57
24
525
4190
2
2
6782
5308
12596
3
2858
5936
587
3
2406
2088
2
40
8
3
42
3
3
6
14
2668
278
3115
54
62
17
861
7
245
4
1347
15683
3251
1
171
431
7
345
241
1566
7883
98
1
39
7
521
5735
482
1728
1236
142
17388
660
4450
37
8
16585
21
37
6609
6223
18
322
2785
4
103
18
2809
1
3
44
565
337
2061
548
2
603
81
173
1
101
6581
10
19
4
41
18
1
17018
239
1789
29
5613
3
1027
1050
2115
55
671
2079
12
91
52
2
5
12275
10336
8591
37
3022
6
83
4666
15024
11658
22
2
2143
4
13
53
58
4
2396
160
2
162
66
1487
541
6
5
3878
563
492
8
1677
3
1572
6
394
34
204
1835
17
4934
16
1
43
2
297
10
3
1
12
2
4726
200
22
2
3196
123
2
9
143
19953
3
5
4
232
312
5662
9
31
12650
15
46
5
5151
5377
205
29
1
20125
3715
7
13
719
5041
1
787
14959
192
4031
149
8930
6
165
9
202
100
222
271
369
1519
5
10
3
302
14641
1
2
1364
116
4393
2834
5
21651
2
33
486
5
4955
206
67
11
4
4
6
143
2
49
5
3101
249
10
532
1493
65
4208
56
695
10
7
3763
21
3
368
2
248
63
82
637
214
598
6753
57
16800
178
5447
2
3862
8
7
613
18388
9403
1
468
7
2
1072
24
3
3997
2691
118
11608
1100
1
7203
2501
6
18
14831
103
179
35
136
3308
3543
3
2
23
5785
1721
4767
16232
8
1
6959
2984
2459
28
191
11
316
5710
23
165
92
49
89
2
3279
185
544
2534
582
1
807
14
3294
4119
119
10291
1
728
11
3141
2
75
35
38
6469
32
9443
5961
15350
1
17614
2623
13
19195
160
11215
17463
13
3
516
46
488
30
4
3779
4
5494
5
63
4431
11
8194
3731
2134
8517
4527
17
41
2315
3
1194
1620
56
46
683
62
1600
84
6840
238
8
21932
9484
37
53
7
5063
52
243
1290
6900
1804
8159
77
1082
674
4
537
4489
376
976
10425
34
692
220
2933
58
6525
3
3380
1418
1
1
333
899
1247
1
117
3
14
1
895
891
10836
37
48
17
577
182
59
20299
157
13609
951
2
49
176
318
2
6
1992
2266
46
108
155
4
9362
108
1252
18787
88
3828
1
73
21191
1820
43
5354
2438
357
137
29
30
68
11708
288
18074
228
3
35
2
1867
10
40
15
6117
1455
4788
1579
2
2
6170
91
9901
28
8229
13493
1552
3559
2
5860
2523
17
11558
4508
2
2
4
665
2
5
7749
25
150
7
17538
2
3237
6358
420
18707
31
1
365
686
7986
12014
10
374
6065
106
85
8
15616
3
10977
280
16
10
2276
2
213
1461
2053
154
698
8
16514
183
252
2
152
1388
323
29
2018
36
20
18868
4
81
7172
2870
2246
115
46
109
5565
5
947
7
31
1663
28
7
20
315
5
12
60
65
7849
1358
30
66
13320
590
3351
9816
1307
6413
2
16
2285
12
308
13149
30
91
6
13551
1005
198
6
267
4
5686
3210
12
26
11
701
1179
9085
2161
3589
10
2237
2908
141
87
36
16
5
61
16443
3
530
35
17092
127
7110
5
452
208
3
34
120
65
3513
6
86
332
5
5331
59
1001
295
3
203
2773
51
10
287
164
1983
17
182
13
35
3
2
7
2
2
4
354
41
8
2578
2
1545
13905
139
1613
2386
11
172
2
401
148
135
11
12
145
20386
747
257
11
9
233
4
3265
73
25
4829
2
1394
402
1513
3812
462
3
358
1883
3796
5987
1054
382
971
1500
17314
169
2106
15
77
3
142
6
12
210
7
2026
1
73
68
187
39
33
18546
1268
90
2009
854
60
4
28
20
77
8265
1941
2124
2180
4
1
9
3
186
555
27
811
1
263
6666
646
4808
1
3652
60
30
8
20
512
76
3
14025
289
329
1149
9
114
9
68
10930
7455
2
251
13093
298
1627
1958
44
4
12814
18467
7019
94
2365
1699
19867
508
196
17239
2
8445
17
71
50
19613
5
2
23
5
31
113
1670
56
8892
8968
6870
390
546
4049
14
19031
121
12488
1875
66
5
7359
3
2
2
61
2
51
35
1743
32
3
4998
16
131
10380
37
237
6553
1
96
1353
311
19782
1382
777
3574
104
327
26
16302
1684
4
4337
13786
279
3
10072
74
980
2714
11
95
102
83
12
1424
3468
8
39
460
7487
635
2958
18152
767
616
264
5910
94
751
4
735
605
285
49
82
144
14207
12381
5
4
5106
12328
72
1154
39
10
3322
3
5809
69
5
1
2
26
162
125
11508
680
1586
2355
4
1480
5589
4101
2295
1924
9282
1110
14
4
116
456
480
30
7682
790
3182
10515
48
122
3336
784
6724
69
67
2589
3962
27
1812
6331
24
446
722
1
97
89
85
1
1
14
71
124
17
211
2556
2
3747
993
1274
464
1341
14
21466
93
3
418
5
4300
3061
307
38
10
201
3
44
22
8336
7
1
124
1532
170
7
10560
2
2
201
221
145
5637
10
21282
1
18
2345
9
20651
880
2491
2
1115
2000
1736
6304
61
13
1257
16372
4686
2634
4172
13
34
1641
93
85
575
5
15956
3498
1
1
7951
18309
50
120
277
1
83
14578
16
154
1
17
118
1400
11264
1713
190
1430
1
1
6
190
2
1
255
4
173
668
8124
138
7
1063
439
843
3483
117
1
422
7049
372
349
1859
2
713
3
19
2726
8481
4281
47
32
5
4626
269
440
818
5517
1
14
16
801
716
3
11
126
2
7080
3845
270
825
21
11
371
2
52
2
558
14453
6929
997
4066
943
30
406
29
97
346
1781
250
490
2218
1
5
1059
92
1296
648
9
9858
9322
19
9
5834
47
153
199
797
13845
14268
3636
15
2
4
14
1041
34
3
7141
159
3620
97
4355
8301
2750
5
244
1
18
6
593
2
1656
580
38
7
12704
5
21
54
50
2
168
42
424
2600
87
911
2480
3
6
1
19113
1
79
3424
780
3
4
396
22027
22
7
8
10
4014
260
2679
3
21558
2
2512
64
25
435
731
42
7
2
28
4
26
6277
23
6
9607
23
2305
2
20474
757
11758
6811
442
31
98
7
1285
47
12118
148
188
12759
32
33
130
5
66
5
3
21374
10470
888
1370
4374
189
478
5173
11911
1
4
4913
21744
5
25
1
18
8
907
9732
523
7
59
514
1606
15
3979
9007
1
1443
474
43
1023
539
101
9774
704
1
11071
1
15153
218
102
760
381
1
16
36
4747
13206
12
15
2
4226
10
19
1
28
1
1210
219
3
1
8
1474
2256
2
3
12
4412
4
8
4
2
127
6441
14516
4566
113
2
2
166
70
33
2
15
2376
6196
5285
129
10029
55
3155
31
11962
689
21838
1010
314
20
6250
1
3
10
4976
476
8778
80
129
1376
13
22
13
1
46
11809
1593
