88
11
12
10
1
1
273
582
95
14
121
3
5537
7298
6819
5
3944
5728
2270
2205
3
7
91
16
77
212
2002
2907
307
26
16
12802
6100
1
30
15
13438
1066
3444
3
2
2879
98
156
17712
133
29
1852
154
660
239
1021
22027
263
8522
2071
528
4
590
2111
1
4100
18681
1372
21604
18863
78
176
862
4140
15
4
6465
8988
10
1180
2031
5
65
6130
19
2
470
7586
1898
904
2
2
48
121
2575
11
3
1326
11
1320
18
64
17
3
484
4
3
5149
132
14591
25
131
74
2395
1440
89
501
64
17
833
446
55
4
2
28
313
17
11342
14
3813
1
3
1748
1765
226
427
2132
20985
14242
554
6
154
468
415
9
24
878
13116
793
174
125
5
5868
459
1
696
7810
92
20
790
19704
423
181
945
1077
3
1861
5618
111
248
4262
15691
287
1
18772
5301
46
114
43
3511
2
60
4
262
617
56
10395
95
1
3249
3141
25
13701
9
10048
60
11
5275
5431
196
1
268
3704
41
22
12375
2
365
28
170
37
3
3758
11
1
2
110
1175
69
13
19139
11124
47
629
19
3
5
3297
4606
5224
206
1982
76
8
12
887
5
2418
457
12617
3776
280
7
2
11
8440
4673
1
4
252
148
2550
20782
324
90
126
3203
163
1051
1215
141
10
14
9999
8
17
99
53
74
16311
552
10
8198
11963
1011
3686
3
4022
21
148
13969
1
4
20
17456
49
6953
128
2430
2
479
6
3
666
177
55
10146
5
1791
188
146
4
32
130
22
12
234
321
670
5
12
1
4
39
110
2
5
129
21292
355
311
817
13901
461
7
2
118
3
5
1169
1
80
5
6
205
3
8
7963
19
17
431
26
10
14521
13
11
12256
1773
4882
1689
37
66
29
6
92
304
767
6280
2664
187
26
378
19
144
19992
101
40
2
23
521
2
1098
5
43
1617
2
3
593
50
20384
21814
1
51
1041
13503
2
2249
5352
571
1
22
11508
6
1571
281
401
78
233
3
17204
3156
120
53
134
5026
253
7
70
472
2
5812
1103
290
10598
15242
13
79
596
38
870
8647
11452
5
1385
1
147
913
11
1907
7
17
513
24
44
15
240
89
3
301
16
298
19420
6754
605
16550
1
79
958
1
9
276
1
190
7
15
2406
150
249
706
1799
16
9
6
4
25
18
131
3036
2
1
1
65
3
2
9435
2051
8
1233
193
2
2600
36
2227
5756
3983
314
1
40
841
602
10547
38
1
69
2851
1056
24
67
1992
8
6
2
257
72
7772
14
7089
2
3831
1426
202
4120
9
4
241
1723
900
189
403
6624
3
2453
1288
12
149
16
3
4
179
2021
2195
2
825
557
16154
21
644
172
13
6
4
1016
10
3887
4
3
371
6886
2
33
220
27
2174
3
30
119
1352
2
16232
33
14949
87
135
114
8
48
5
13053
16956
98
448
8
19
1504
2
5199
7055
63
5
103
1519
21189
5
4409
6
7405
18323
2
9951
6592
12
11676
771
341
9619
17971
2
1
3
25
369
59
4
745
5983
333
1001
18
1332
2
676
987
393
14662
8689
454
5326
3111
94
3668
11
1870
2
1119
511
360
650
217
5250
128
7263
194
7660
13180
1698
3394
9
549
1706
10858
8
122
673
5050
4
14037
254
41
19326
1826
16
34
1
657
322
197
235
16
66
8080
2810
4
376
1152
3546
1
3740
2349
693
1625
1
508
2
53
1
352
4
6852
16
362
19800
1399
135
182
8563
9
6
2
58
35
2
4517
2
12021
2
2011
3
228
32
175
6311
109
8
3
6786
623
42
1
1130
18
33
926
5564
198
30
105
2
117
73
749
97
4388
14805
1
853
4811
81
68
2216
38
22
4
7513
2293
4858
94
50
7
61
36
73
7
1
12
11
25
1
1490
8
96
36
164
46
8731
17541
79
87
4474
10
11
6160
6560
247
171
72
1186
4
21
37
57
2
6497
59
568
41
25
9855
346
992
11
86
25
2477
4346
59
285
5
4041
5378
8158
8
9713
1594
6
3096
19
1
8859
139
4
9253
1475
5
3
17626
1681
13
6
11620
829
4
1359
7
3427
3
22
227
12864
1
9076
1
19
58
450
11
801
3
3
399
24
91
39
3615
7
13767
4
626
143
1158
8
14173
5
417
23
982
151
8481
526
69
127
5
8945
18412
19047
7
21
192
173
2304
4719
573
222
11232
81
896
250
2
4
264
21
883
42
1454
62
562
409
384
116
466
6
12
164
12740
3
5
30
17
2
1
3650
3
8119
1
5
275
1602
43
6
632
45
663
2769
5
7
28
2893
34
1916
8
35
12197
5
76
544
218
15
22
62
36
16792
231
20285
53
160
3
48
70
4953
139
54
10
140
8902
2061
26
3313
1245
63
208
108
10097
207
1
3
84
123
12435
46
2372
1345
5
1046
5
14877
2465
2
133
2
536
5840
9
101
4
1808
1
2
2729
96
1954
1
2703
44
3
20
6
7
1
35
3
2489
38
3869
12496
13
6403
18
11905
26
421
68
2
8318
23
145
2
13634
14733
109
2935
42
909
14
56
689
1447
2
2638
8238
367
4325
4
138
2
41
184
61
1108
13569
8773
345
1
9526
3051
338
1548
1263
14105
13373
4180
2
337
113
8605
37
29
2122
2
2091
10
172
37
5
124
3794
482
2
21920
1889
84
3281
7
350
3
1756
18
11
18
31
374
2
3
2326
782
14
1036
922
419
6
244
1392
4431
2
439
1641
18
14311
2865
4
738
5001
7193
7
2
1419
2
15168
243
32
1633
195
7550
16
49
2
12
105
14
223
2360
14451
76
42
2824
2
1
9
146
1533
43
936
3
397
15844
48
9
13
11178
2651
23
2
541
6
1087
3
54
4
1221
2
727
1944
10294
1
17038
1657
9
316
21
168
585
477
7
123
15
13834
4905
159
11
260
1
68
1
8
1
1
4
11847
3
5645
2
3
7
4539
1307
102
1
5404
2041
6656
6
797
10195
57
1
5897
2538
27
36
358
435
1412
7021
2
565
297
19
23
9903
65
2837
4651
9666
3172
2796
45
27
13
2
18
7228
4080
13
20187
75
259
1082
7333
91
6688
50
1209
329
5483
10
6
4
3563
9
1
16711
85
2081
255
821
475
198
2588
23
16
4788
7
1114
1963
157
15
813
8
10649
12
452
576
4242
996
15615
1843
1276
8399
118
30
12138
14381
90
335
4765
2
20682
774
760
6
31
1
2
47
12679
2383
3722
7
294
4628
7735
39
14
5784
1433
10805
7477
579
741
3964
343
34
64
46
6
1926
3528
258
35
4367
4
2514
45
7
2677
523
5099
4283
710
325
10911
186
1
18591
24
1163
3
5074
3
874
3
9
18501
3265
1031
19232
10964
7158
5
141
83
5174
3
9164
1
496
2
1092
2921
3
204
6
786
3362
4584
27
27
2
27
1
7
15
683
13
2142
31
494
7
126
72
17
3
1673
237
1461
9807
14
5954
16
3007
303
15
4834
106
43
9
6987
5
1
2
161
55
3
35
52
340
269
2
9389
265
3580
429
8
2501
23
112
1198
3494
13
6
963
10
18
756
18955
891
11017
17121
1563
107
61
17798
9
75
717
46
3187
13
2
6220
3
14
805
10445
31
51
6919
4561
608
353
3234
39
10
37
16
2101
1
67
332
106
1556
16631
20
9760
9
44
169
85
15390
4201
1
1
2
6721
6
5
8
1739
267
17372
284
15540
703
5
75
3
2
44
3345
5
12990
1
654
77
2
15022
588
225
21
30
1269
5
59
74
2
27
112
10245
95
713
17
2
12
291
15465
6
52
5
4452
17288
8
5457
395
21709
954
4696
10
638
12315
1227
13308
7123
2
11
518
11
10
39
178
11070
200
9
3
165
837
137
20
22
1880
99
20883
24
12927
24
2
246
2
7
122
809
1
1136
25
3461
1
3081
82
4977
2
364
41
11733
88
19896
8
49
5700
3
413
185
292
4221
8
8
4
29
201
1339
720
115
44
28
19
2337
11
1468
12
15767
88
734
2743
26
81
9
166
80
2
1541
2153
348
8
4929
29
28
373
17
2
1
47
14
216
1
78
6341
13
4
4742
8
11397
71
214
8
546
5
17
8
113
3
4
15
24
1
1482
533
211
279
10
16076
185
16874
7
1714
18058
12
8816
18
1313
1
2
4
10
9209
20
4
4
60
3
26
318
21
498
7848
45
391
54
940
11790
85
1782
2
444
10
155
224
16470
1006
183
10496
36
6434
3
1294
10
2
82
599
32
2
1
52
20
1147
8278
3
16
1
6250
40
153
15998
1497
647
310
6
9032
1141
236
620
1
7924
15
108
2238
5
31
411
3
3
2
5
34
242
21
5591
3
104
30
679
4
2
18234
130
29
9120
7
20483
3
19
1586
387
93
11564
24
2315
66
11287
1
47
6012
931
142
3022
4
2
12079
611
152
58
5
23
2
34
83
3
20089
1
158
3
2949
56
2442
2163
6
3
560
778
538
232
23
4
17884
2
9
686
203
1579
17
1731
6071
15
3906
2978
168
7
6
63
4160
968
6041
1405
4
1251
151
6
48
2993
2
1239
26
614
9298
6372
136
300
21087
14
1610
5673
3218
62
86
162
7
2
160
50
7
209
1665
19514
1
14
4304
1973
2184
100
1
2
8041
20
641
407
4002
29
1
1
9344
4
219
1
4
295
10
3329
12
5
3
42
221
1817
271
1
2
7697
2690
34
3478
531
949
32
8
21
845
2
6528
15
6
305
327
3
635
137
12
103
2
866
2
38
2
2756
2783
100
65
13
1511
1204
977
1071
3066
22
2
724
20
21395
97
27
104
2
4
230
16391
49
178
1
9
2
6
1026
20582
1
199
56
2
857
1192
9
5124
3378
308
4
35
71
2
752
731
972
18146
15
1935
157
167
2613
6
277
15921
10344
102
1125
12
1257
40
28
463
28
11
5510
380
4
2281
2
1301
21499
7441
1
19
425
10753
4
4
700
7369
385
19609
18
2
1282
57
3411
1
4
191
33
2259
13
2526
210
13
31
107
4496
1526
2
125
3126
491
22
12
2964
51
283
4
10
486
1649
20
3
516
3
389
8358
70
52
918
437
1365
288
8002
4061
116
433
115
506
7
57
9573
6
6190
5
382
5925
3
61
3850
2
4
3632
405
5
1835
2716
10
33
441
67
272
3
1
180
330
10701
2626
1378
32
2
357
54
2
9
4
849
5
2563
489
3597
7886
1061
15095
119
14
6
213
763
51
83
12556
15316
503
319
40
7623
31
13244
9480
3925
33
9
6
71
93
143
