19
84
5018
3
133
2353
2140
7
1
413
56
157
1730
3689
449
91
3
7
24
126
14471
1
7
30
1103
10451
304
603
39
4079
74
3777
1077
63
95
5138
2
208
2231
2526
4431
19110
15262
9
8103
23
16
8
13720
119
29
1474
2
20
30
2
356
1440
10086
94
2
2
2
30
3
81
2
3052
1583
37
3
47
1234
12
17
8
1
5992
10
610
2467
6
174
326
23
9563
180
6510
23
89
4
206
170
505
15628
6
1
14643
2
3163
16
2680
586
9
17696
1602
6471
3
1184
21511
14
49
179
2
69
177
6948
336
7241
607
1492
124
401
18227
15
6
16
539
396
9230
1021
2
11
1220
5
5199
16097
76
29
81
15
17591
11975
2
260
35
7
27
8
1518
957
45
2
1
1003
16
1
51
4353
194
593
986
122
4
2
328
2029
10513
716
24
1
2204
13
40
22
1913
10
20396
7072
2367
119
7
7
13966
3
1
6
431
5818
73
7
30
267
103
6
8
3
4
11
4
1
3125
107
1483
4302
2
20156
270
7
1781
35
8
20
2929
533
209
16
2843
12
305
1242
10328
1
6
116
14
116
5
10
1
95
13
12
2090
140
31
1719
229
46
3
5
4226
1
2
5
24
90
8961
58
3200
38
244
3
1
45
37
2
2877
18998
2
9
2
96
387
19801
43
88
8
54
6320
315
1669
2999
2
2
5957
37
9909
1
457
6
12856
21897
334
1
7914
963
25
71
7
4
2481
112
1
546
4701
48
10
61
596
1835
9792
742
423
14905
16978
12
403
614
2
801
918
16193
33
332
6587
70
2
1501
2
5168
5355
33
1448
811
74
4
18553
1357
371
2
1
2
2496
482
32
4511
5
850
8597
980
13
9
1123
1
11220
8648
6395
32
380
3336
2
203
1813
13009
3375
3
338
6989
2
725
8055
1792
47
2325
19568
640
1
15083
2381
21
13479
968
12
1097
139
913
112
2
2810
2541
54
51
9451
3
778
13164
3984
52
68
5
251
2
11
18774
1213
1
3539
3034
8008
309
28
48
16
21
187
121
8
21
3
5
63
44
69
3
479
4
825
107
290
2
2423
268
65
20
3
3624
133
16002
11
2
5
348
378
4
2826
11
3
24
2
3
8855
18
340
5419
1
64
4619
2
636
11
8751
28
158
6246
625
14730
17487
2712
15
4843
555
204
3016
704
5
14
7
4
392
173
582
2
1317
288
465
114
12
110
408
271
1163
4814
175
8699
1803
41
2
26
3
21384
19
2
1294
6
499
2409
2
38
2452
16679
54
17801
4201
47
3518
8
3
367
18
322
14
699
12046
4
15
420
297
2
226
1
5077
114
490
22
10
3667
101
1982
131
1761
21
50
35
15
5
8
311
4
1040
171
33
132
2728
4
5852
3
9340
663
3089
385
4
4
2244
5
1287
4
7
9
11088
3937
1
59
291
2
618
2257
342
3144
18
935
146
4729
527
57
202
62
4591
4
17
974
13
2617
3914
2
1958
21258
147
25
1090
68
5
751
792
6
738
307
2
652
29
90
189
273
51
39
39
5715
1084
633
76
11023
302
769
6433
9677
145
20
18886
18
2744
15444
1890
18119
10206
2
200
2
8
517
3
773
675
136
11
2
3456
2
230
1
31
72
16
3070
1
14301
946
15536
2128
3296
237
473
998
589
13802
8
712
159
4871
49
92
60
1414
394
4
1
5
6705
5230
20
4103
44
15
6
443
350
4
1
2395
5
7415
5483
4177
49
3
221
57
2
44
552
902
20275
1271
7867
19338
83
32
66
746
201
222
5582
7114
3395
6
806
2
36
41
12
7
11
2911
11354
46
866
5922
176
1592
9
55
100
8346
185
1640
7728
5
1
8
58
9
1
6825
53
3867
2793
1
191
6866
383
1527
105
648
14
78
110
855
9850
363
7820
3645
4646
2
4
3
223
1423
3477
2
3316
5615
1279
1333
3602
7
9121
2
21639
9
830
10
2860
118
68
1
13639
3
241
536
20
4055
34
10958
1970
897
281
5
14385
1
1546
10
7503
156
9968
278
275
1065
6626
406
1130
286
183
10
3
4
2
66
11
11154
143
257
59
93
659
3560
3
15
1431
549
243
15
263
150
2115
10027
764
7
1824
2
4152
511
10829
3890
19
10
3416
6100
20639
1
1009
9507
2438
1
28
1
7
13884
871
121
3
8
18
9620
60
100
7
14
3
28
6136
76
17282
18
7
4
2
18444
418
103
1015
7638
155
1
167
11
10
1
320
219
755
462
3
5451
22027
25
123
67
9
30
26
14
45
787
31
438
59
34
18012
8297
3755
31
2
18663
318
1
3181
2
565
3
3
39
6
15
1650
1264
137
1
3
2103
8546
4
2284
27
10701
2
20
217
8151
71
2556
1868
36
2218
3799
12407
18335
300
197
4
1
3
821
198
79
7961
57
2981
18
55
5
352
17078
15814
2179
7328
193
1052
4786
2017
4
8908
365
5047
4484
5
816
845
4
1
3277
22
1509
165
2
22
1257
4
354
729
572
28
172
3355
7
5
11625
10146
1
4900
283
2571
43
102
5
31
188
3258
3
324
235
43
10765
1709
17
80
1
951
317
14994
6
5887
2
6
1947
105
97
6
1
12555
196
446
6
1750
860
399
23
31
61
13242
70
3
1110
16
10
12117
7548
1381
3
169
16483
78
5
19
24
569
1058
2
5
4959
9
361
508
621
40
26
2
5516
64
4458
3436
6
16385
9014
1177
16289
46
1689
148
12261
6666
142
1
1365
2
20
53
8
108
137
3
1302
575
2
8
15908
4674
11
25
4757
2053
3497
1457
27
5261
11834
1
215
65
9
1
63
3
4
783
3107
8
3
19
15
1
21
12
91
9
214
5
1198
881
5387
4007
2
8248
496
488
5
1
1136
4
8
12189
84
24
56
99
313
17
50
262
13
149
40
7156
2
428
14
476
1310
225
10
1341
5648
12481
1679
9067
924
3
13
10638
369
1
708
6
9284
1227
26
2633
4
3711
20884
213
245
2
21
667
1116
26
14049
5
128
120
4379
8803
56
13
1170
20
148
4405
253
2511
471
2
5
4
37
55
8446
1555
14557
6028
2
22
2
3822
2
5
13
7774
29
19453
4
2894
17
285
14817
2760
411
1071
160
1
4031
21767
5
18
3219
9
14216
720
3
523
891
141
166
12
10
562
4988
2
8
32
1325
629
6
27
691
60
451
7
39
1
1
109
73
23
1143
4537
9735
186
5
1
1
79
11287
1406
3581
20761
14
330
7
1537
10267
49
34
163
43
47
416
11
41
6
18
3238
2
1
231
134
12704
493
36
6172
17
2153
644
11421
733
280
2298
27
106
87
992
83
210
45
13
89
6
11489
151
14
5
85
1
33
13
20037
1740
12630
3
7199
7459
42
162
99
3
344
26
13320
12
3
4564
2586
7371
4
9
9
36
1621
2
6209
454
4
17
2
1993
6745
12
376
9175
2
886
655
126
35
1
5
6
3733
184
25
98
485
129
67
1659
22
2
161
52
240
10389
10
4
3
21
358
181
44
20517
218
115
254
75
542
15
520
10
4
58
1465
3
2
61
5549
2602
6283
94
13
19684
1
75
98
8
157
4
27
6785
247
460
835
17180
82
15172
13
7683
16580
15353
17
2
124
11
1879
80
1191
687
113
14
1
6907
3
102
11904
760
23
87
2648
256
2191
7
12334
4
559
72
248
212
7030
108
127
1
1
42
195
1249
530
18
178
671
17
21008
42
433
190
3960
579
233
250
70
8496
1398
8200
13086
138
1857
30
15721
8
1
66
2
77
876
2946
92
16877
12
346
1611
3
238
2696
104
259
1
4277
3
10
82
32
940
168
125
3
154
111
5323
2066
9
19224
12
1771
53
502
3
41
1
1206
16778
153
293
11694
2
1699
797
1935
142
468
42
1
152
37
6
117
1034
40
34
4328
164
6548
1389
19
28
5
64
12932
1924
22
130
144
38
10
17906
12780
4929
22
2339
3
4128
4
2
5
5
2
38
8396
96
2777
6
62
19
2
2271
2664
6
3
600
436
35
389
7284
19919
85
7592
1046
12
14132
1846
13
2078
2311
9
51
9395
33
425
17384
234
929
3845
4252
17
4
52
3
6064
5107
130
441
25
16
2005
2
3
88
840
5682
6
374
77
6
5292
8
48
16
276
13559
3
4
21133
207
4
265
7
683
3
34
1157
19
4
2041
73
2
1
5749
25
4
2
7
6358
27
10893
1373
29
1028
11
3
1630
11557
9
295
13399
695
2963
679
9
6
7
86
1
86
14
135
24
10575
11764
227
907
50
514
1349
2166
5783
11
298
2
1901
1564
23
15
1150
21
1573
