555
2793
5973
6
3
3
1798
6589
17553
31
4
1062
2
3493
1463
6
13396
7208
6230
4
2683
6
2
4324
3130
7354
106
2
3279
1349
73
5
1779
403
2
36
125
23
95
5201
165
29
3986
1281
860
8
2
3377
2
8
344
7
2
26
2731
32
166
108
229
7
253
3833
11789
877
2
3545
133
445
35
204
180
1
6
3
2
3
11877
4887
1042
13
30
4
124
3793
3
8893
2
1365
1
230
7013
14107
42
257
2752
18118
5
15711
2000
3
3
18
836
186
2
3
115
15811
1
40
141
257
6107
233
94
2304
744
80
7598
78
21
5
368
189
7884
2
89
1715
977
84
15
2
1
332
1257
447
2283
5678
12259
2
108
18214
16934
9780
167
161
338
14
599
25
4037
3
11
5
21385
3464
16
55
230
504
20784
717
7901
116
282
2300
705
5
4
105
1298
42
5
333
8552
1
19467
45
110
7876
14
1199
3
23
72
907
3
5050
10
6
4216
140
47
2566
549
1214
487
365
4976
7
233
22
3
58
216
3
5842
110
85
1914
2
11
4
580
4
4841
12520
2280
3
1809
641
275
2901
1227
622
1759
3
4
6
28
14
1324
2726
389
8
5
17332
99
43
16598
347
8
6
2156
177
20
21
5854
25
1749
2
960
14
16
13
17871
3648
16372
1079
2271
10212
2254
2
90
1303
425
1496
11290
7985
2892
4903
881
53
9247
14302
5
85
16970
5
10452
2
596
40
462
47
1189
17
7
87
45
1315
30
222
2843
22
100
31
30
1
12054
101
107
132
6
2221
1085
12
4
264
1
3923
12
25
325
5
8
50
7246
398
795
8
21295
65
3
280
3749
3
263
30
2376
12828
2
76
2
770
1280
224
2
246
2
7752
53
60
263
3
1163
51
9
2723
3
12640
2324
94
7574
1922
2
5891
10
397
6204
11
12
2
8
567
29
3
878
2
10
14700
105
74
19
8347
104
2613
15928
8
81
2
1543
12560
8036
3
4815
4
1932
999
92
3
8
26
2
3948
211
7005
10
2521
7
17006
328
27
11207
2
117
8
920
122
1549
60
379
48
534
1334
205
1806
3
48
39
7238
661
45
269
17351
3862
254
13
19
927
8588
19
160
4544
288
1757
28
2
7132
232
80
2591
2
4
3479
528
5606
1926
54
5
17042
293
585
10245
88
1
1659
2
2422
59
27
19591
41
19426
14
11
30
2
274
2935
40
1406
101
2
471
7615
14
2
6744
2102
580
4
8
581
7
4402
3
3
3530
53
9
35
10823
902
19060
133
498
5
482
140
6036
271
13
142
2
12207
2
10892
10
787
1
1265
1
3846
1
12337
5732
68
1652
17
16
2
1
1285
455
14212
66
26
101
2
1
156
107
117
319
15
671
9
2953
7
515
1375
7
62
67
2
239
36
4621
5518
4
37
293
2056
4810
3
1838
368
554
262
6
10
245
71
2
6
1366
797
145
2760
860
44
3
227
21138
2140
5960
1136
1194
137
1
24
1
26
2285
79
13116
13915
57
13
27
1517
12130
14
4805
34
2542
4388
131
2
499
453
6
3
118
2
11
52
450
7926
1264
113
8382
7
2424
14
28
8002
230
3406
2630
4
15
632
23
1587
162
3
1311
826
497
12
19446
35
6250
3805
1170
29
8
315
1
18
40
132
29
4
9
4
2312
24
643
1
6
4529
10474
34
1
50
18780
2131
11
829
24
4
10
1556
2089
465
20307
850
1647
5756
99
12613
23
31
9
11927
7
28
250
14
130
3899
2607
9738
12181
1110
7231
6
1633
1
55
166
3310
34
17241
91
21887
2440
463
14062
2058
5443
5
916
37
2458
1
47
1097
35
16651
1
3
1
1
4045
4836
127
1902
22
1564
5066
75
94
4016
2689
26
426
44
129
128
6
21543
76
4
6
371
4
3331
298
436
201
162
119
508
32
314
7
1493
2
43
2
175
12667
12964
16
3
18662
127
49
1453
11422
1156
437
7
460
74
308
16131
130
10563
16
9
1
2045
862
5
5346
1074
45
4011
3
1
855
4193
122
113
1975
1
2228
396
7495
13959
23
1827
1090
1117
374
26
5559
16
155
1
346
1459
173
899
9883
1920
1084
52
1
22
461
83
3097
23
17702
120
173
1554
18
9656
210
571
42
2
1
387
2898
26
16916
2790
16424
9
3
3265
396
2674
4
6631
19
330
9
2
1061
129
105
3
35
9
23
2
127
797
16
24
57
6
20
2168
344
2714
3486
3
78
2
152
12507
6
174
327
1006
767
14951
158
80
114
351
326
2
4075
56
43
5
120
14778
570
22
2235
11
117
11410
29
769
689
174
5553
357
3217
343
4
423
8
9
3
1
8
5207
1566
1
452
6
4041
1029
118
4
9102
4
1724
482
3789
31
17078
360
13227
4641
6
22
8303
75
27
5
17
45
164
51
1
48
3
3
243
133
109
3974
19
12842
478
5318
1231
281
1
1792
12105
300
1
15596
2216
939
470
4
3
221
32
176
129
299
62
479
6270
7
224
2997
10
3
2635
88
807
574
234
78
11
2381
210
4247
3352
1
190
109
6
12
2
4444
1327
44
7777
6
23
131
9035
13424
15497
5
352
8
9365
2453
4
8
1206
2
26
6094
11458
7
4851
1854
38
56
536
2233
5
16
1700
5223
2669
43
3078
1
13567
1
3515
1249
2
2966
25
15109
9
1031
1535
590
12
562
11254
2508
20051
278
1
4986
970
2
106
2
623
447
18
11579
778
917
181
2
67
8121
98
1235
57
6
13
10
187
37
15
11007
9842
214
759
151
4
3
3004
2
30
123
1
50
616
6
3048
6
18042
95
1195
27
21
104
14935
8997
15383
98
4
150
10041
4
3
7416
86
3210
21
1774
16
8365
1196
10
13988
1781
3
5
1048
27
69
1208
577
1731
1434
5600
11628
2
1
10
123
1020
57
4
47
9
9131
1695
94
2
2
4
27
10926
8
965
14
357
6
3
297
2
6
93
4
1
77
131
252
3275
272
4256
19
47
2
75
15
11
6
1499
15
2
21
10519
2
1
6
6787
6
15628
664
75
1295
2292
2401
196
5
1147
5
1166
28
5431
43
63
933
8356
4
4024
2
59
592
3
1377
17
43
3157
771
2242
19
488
741
2813
17909
1152
349
1335
14
39
82
1787
30
2
292
7977
14
279
723
2
2
7639
34
1900
6100
4
4
1228
325
6
6990
50
53
15794
62
3
2720
321
2
925
10996
1523
231
183
517
284
1
2500
1868
667
3
1
44
20872
1
16320
2
983
1153
780
1476
355
10
3982
172
33
354
62
1484
17259
695
12246
3
324
139
8374
10698
178
2588
1058
8
676
1
158
11977
116
2349
470
11
6
13
3321
11
197
256
2295
138
579
7331
3602
18524
6
92
148
213
7
67
381
3
4
7471
5
493
16
1
56
4
1
6
2596
197
182
2
303
3399
43
2
36
409
4458
7
1135
5
2831
44
50
2326
6
1400
124
3241
9
341
304
81
2855
6
291
2
1
18
212
92
1
1300
220
3251
664
22
974
1180
2861
953
3457
245
116
2
11
24
46
6
71
5483
587
4347
8735
17
10
884
342
456
380
786
96
6
25
96
1632
67
31
191
1577
3
2
193
1
12003
7
1896
58
60
46
154
1620
629
275
13
249
2136
168
2
1
5684
4
8
96
694
12815
14
4
73
11
471
800
9
264
98
53
9160
413
66
5
26
105
18
137
89
7951
5848
15513
853
1751
124
762
1
126
170
36
7
85
4007
17
257
1416
1
157
9
14
177
1
14332
111
5
2394
2691
16988
25
130
43
4
2087
2
6030
211
616
77
14919
411
1236
17852
80
1239
8689
1041
3907
5
121
20264
3911
6438
12028
10800
11124
1522
44
2577
700
91
380
24
3765
141
64
566
6
410
3342
120
1344
12
8
1339
1266
17646
2
9873
2972
91
222
568
15481
1504
3
595
7
89
5414
4176
897
514
3590
423
19
1063
15
3741
1579
4
6547
10
3
1651
17
1067
16047
216
2
2080
59
2354
127
2886
126
3
8
15695
9
139
3
110
21
27
12415
356
511
1421
1649
1118
114
603
5565
2479
69
150
120
3
1012
7
89
321
10408
3207
1884
4
17096
821
4
886
2553
1599
10
9
5
137
1
50
7712
1
24
16863
53
925
42
2237
73
638
65
15912
6244
5163
11
2009
4
23
5
3583
4106
10880
305
10903
66
20136
3
793
1
1471
11
11
9687
4
30
989
1
875
10419
2
10508
30
1401
2
1
9
9863
941
6
26
3409
50
21521
808
363
598
4097
151
7785
1252
6
18
32
557
1260
227
23
4
69
56
70
3
3338
18
3
63
11
644
302
15141
125
2
10619
4
9
2
12
1171
5
241
86
424
5
6120
4745
442
410
74
502
19303
1642
2749
29
11
670
22003
8164
20178
169
53
34
2076
24
35
59
5860
115
9946
194
2703
7
1
247
772
15432
1591
2039
2
6554
62
108
24
5290
4790
885
11
25
215
2
103
6596
6
5301
339
13467
940
5
46
10
7720
289
71
2
5
3
527
9286
5472
17314
34
6954
67
1569
9
2369
11
63
132
1
7
2011
6
8
15662
6638
216
333
7079
19988
3
14592
6017
6582
332
6
8
114
5
3
69
5363
9345
4
2032
112
19673
938
6
8489
28
2
7566
83
10608
138
18544
1
286
3679
22
200
29
2
2268
8259
1
2
5
95
5234
30
65
29
82
5
215
8
12
606
55
4908
63
202
60
3395
23
23
556
33
223
2
12910
13
254
228
171
16441
17387
2104
10353
65
8772
1219
202
17
11
389
9208
13653
1
9718
3936
7315
19040
4510
9
18253
4
231
1159
17609
9
973
2129
1864
261
88
20
104
4
21841
14
10
3
49
11690
1
890
9054
360
1105
3501
10
5762
24
3
273
9
1320
5229
3
8
684
14423
21
18
6
138
21071
2
2
821
11
3
1450
2
5793
11
17
6
3
63
20115
2755
6
1226
9
4127
15
3402
6185
289
966
13
15
1
5119
3
2091
76
1
136
36
2763
1833
17498
2929
9
18583
24
295
1777
135
448
5
14092
14840
2266
98
3609
3084
21726
2
78
2329
600
504
18195
1437
92
672
337
340
6424
4
10
2
216
7
4416
1244
64
22
112
19632
348
25
187
1
333
1
7
163
1
248
3
25
5
73
364
19
70
21957
148
4
1735
2
1353
1119
15
2297
207
171
266
11616
576
378
4505
2379
79
89
6
13
55
701
12
248
1536
20
2466
3
41
220
545
17
5
11373
406
2
366
7818
5696
72
7
160
1
144
609
6
819
618
84
4
9
7
5898
2666
163
1
22
5
472
7
3
14
5
4626
15
1950
7527
1095
13171
5
109
50
7
26
9445
97
13974
37
427
2
8
5
138
3
12
2
5055
192
678
3
3
16013
94
14716
258
310
10766
181
11266
1
445
64
3
2
251
219
3
14888
369
5636
5
16845
36
2
277
1
814
81
238
1
931
8931
225
8507
20
59
4558
5039
28
118
1033
11
2
520
2556
65
6
54
7802
71
478
3010
507
54
4
21004
9616
20
456
2
49
150
3572
2904
106
2374
4655
32
138
385
6
2
404
2
1223
1
12937
764
370
8216
27
19
95
2165
2889
34
1358
6
3029
391
12707
2
845
18
46
972
8
242
7050
614
90
7072
13
389
4795
9
366
4
93
93
17
261
3683
104
1409
199
8
1
367
2
16668
9
3
4496
2816
17277
10
283
739
100
48
42
2
213
4949
12
3825
1
27
1973
636
8181
605
11852
148
2471
2170
3
31
16
568
3769
9
3
2
1175
1448
1017
410
1482
39
6
84
151
2223
3303
5
4
27
36
1
565
3
3
111
849
13047
3110
4826
11802
1
30
33
17572
36
1384
219
2249
7
2
13
3
32
10
99
5
47
19
108
6
3
21658
58
31
1187
5098
9667
54
2
763
74
18505
440
12
11
556
20
1089
2
128
1003
4
40
26
2
13740
388
3
308
219
4435
2319
3
1
7
5
30
86
6730
12
17
9
492
139
279
7
1
168
22
323
191
76
1133
1
1
10
5386
33
22
20457
134
49
225
8
2
659
12
4
87
444
1938
34
118
1686
1026
441
12363
4306
70
92
8921
421
1352
5885
8294
3
817
2
41
305
6
329
71
6
8634
4
156
1744
12
23
6357
521
60
3698
307
11
8534
34
16080
215
10116
3
46
11
40
44
146
79
18
73
947
679
141
11531
7558
3359
163
16
86
240
8
1
2
13509
2
8707
14167
2445
9
248
4063
3878
2
3061
489
7
1
2
7463
480
8
33
2663
47
27
2
70
189
642
43
136
77
1682
35
1888
47
16721
7140
41
751
1675
1076
2787
19945
31
369
1013
6
13944
1
1
154
6217
67
10
530
1064
23
40
18
12
597
1
1691
4611
1233
2336
1
10
2
1501
2
4
20
106
72
2047
3
1185
3
1959
8
97
1044
11136
27
249
533
44
8
73
449
19
1
14903
479
631
176
3
4820
18880
26
12774
9697
2
18741
4
6
3
4
20
11
2
1618
4119
75
141
5
5805
16
2
32
261
375
417
1702
5
64
3
7
8
11740
5352
1804
1
46
1304
808
152
13410
8818
6126
4080
133
22
294
20
7
17
1427
16
4
154
2526
1
935
80
784
12169
288
7647
26
4189
15
1
31
74
458
3
35
1592
3817
1036
15
4740
4365
7
5
10
5420
17
5
17796
3282
108
160
1296
15
13144
803
72
10
126
9
58
587
6
291
3
232
9957
4
173
2
5
526
14
30
112
756
578
43
2193
1603
51
2302
967
5028
21
945
96
298
654
731
2
1969
814
383
47
90
267
2916
13
19262
56
519
19283
1068
2404
531
23
67
14347
50
3227
3
14515
1179
7323
2
2
3
103
80
9016
2098
3
20522
6939
4328
44
6
1
532
2
18
2
3632
51
6888
6
3726
4
26
103
2
2
61
35
2
827
3074
275
396
10
3
10375
35
1677
1
217
11902
166
129
8
9
11
355
1001
1307
7284
1
1
4675
1021
1
63
5130
5
6
2
8607
8
6
57
15
7
45
703
13
60
461
1553
4374
13
1
14
158
6780
5251
2
545
2
1952
180
3
55
382
4
1596
919
247
150
711
1
416
2
18
7
188
3417
1726
1
11
16
761
132
380
30
11482
2672
3
18427
20
1137
15
1269
6317
2
10
9978
2
12066
8
2
28
4
7843
1
7
39
3
1
99
8225
21
17223
3
3314
628
293
1
1338
937
4
2
10009
182
6
61
316
50
8
2975
690
12
17
6
130
4397
28
859
618
9
149
15
5
6673
3
148
56
79
2
10574
17461
13
10234
6
91
9385
102
4058
12402
21
58
100
7
3381
572
25
2
481
369
5612
4292
2
297
150
10642
1
10754
1172
84
1848
11
484
1007
18
2
98
959
3163
160
1322
91
147
49
22
84
16063
2109
99
3
804
3
1
607
1
1
5
24
3
11
1986
96
15728
1898
38
19
13
3
9150
8
726
444
4
30
558
12
66
3
1
81
8409
1
2963
143
2769
1635
2
712
2
7
486
14500
851
343
29
21
4616
255
92
251
674
8968
18
47
3490
11077
71
284
2
3
4
2
196
3374
29
5380
17
14669
21227
102
161
338
3
3
11665
1492
2599
382
20
854
5654
2982
234
11914
4573
146
17024
18603
64
8321
1
417
25
138
11
21
240
2
4
289
4
20
288
6
8561
178
95
218
3870
1430
145
260
2
38
90
844
2867
179
191
22
4453
15744
460
1419
512
2624
33
10
4
15
228
268
14762
4154
1666
6
79
21093
42
11
2
88
82
7519
181
72
5
11864
98
67
3
45
6895
3519
5
16
152
1998
8516
286
144
1
169
401
11
1053
5904
12
3013
550
2
688
311
18
2200
1668
331
8199
4
5
10
3
3
8
1
5082
1428
16337
160
1840
773
31
1445
136
43
2
6645
518
52
37
140
5672
90
1148
312
10709
1132
12
9
8471
6068
11518
419
10
86
4660
15
1131
8
157
2
35
14
7
10
185
6113
480
161
26
8173
115
4
19323
6765
12298
15
1808
1850
37
29
41
9
25
18564
8959
2994
1379
14227
2
2
18407
185
5530
2384
2969
10664
16
71
2252
3
10
3
6506
238
5512
2067
4
1
85
681
28
9
1
48
575
17
8902
172
2
1
6
4
225
299
27
9
474
40
3837
10
22027
1
5
412
209
3
4
11
446
8809
497
1218
7
106
53
250
285
18099
135
2
404
3
10869
21205
7
13
8
68
15
5547
2
1
242
13
18900
2434
53
5
10961
6485
217
407
660
28
2
5992
5774
1088
1
1834
2263
1961
88
7
4636
2
2
4088
1
234
9915
2775
7124
1598
5
6652
7511
728
1022
5
2
17
996
348
1100
4872
153
2069
336
1729
2
10
709
990
16
39
102
32
12855
7
3598
1558
15
547
4
963
21
8087
1802
2
1
269
1711
17114
2447
15
6852
18960
2414
2024
1
3
4765
5
16633
7
1261
186
10597
582
250
5
54
1
1981
1278
35
12
10586
195
1886
68
82
3183
136
2
407
13696
115
3
3542
4180
506
6
22
243
114
2575
1
1394
37
5087
730
3
337
2432
18840
3512
21
7065
710
676
457
11
1
109
16
2113
41
347
88
91
3978
7170
8
2
11567
7
89
56
1
19
25
769
393
1
75
21317
4
359
32
12
7035
4
43
4897
488
18272
1
1109
1606
5941
39
1
14
451
184
211
136
227
2
2
13638
653
12311
37
3272
19
841
6575
24
120
961
1451
123
15861
52
101
324
783
12117
15
331
1
40
2564
8
14
3813
611
4
136
10834
14794
1
3
148
929
57
1
9728
20762
86
1640
2
914
3
76
209
4
17
4892
1174
6815
4695
41
20
3
8680
17
17
5642
2389
612
351
26
107
12
18800
384
1689
544
7223
2
15
2
23
3193
19
5923
2
3606
6211
20938
13
1
4
53
28
35
7590
2
12734
2680
3
3
75
271
13
1
11
106
204
446
14048
127
155
1
225
15
183
113
3
542
75
2186
249
5
2694
2
421
194
1528
7761
3
725
2660
187
11
195
2
94
16
12992
3
3
21498
4
1
1
1661
166
39
93
190
1
13
10
1213
449
11
182
54
4093
137
48
14
28
863
32
47
36
9
3621
53
4
518
32
3268
17947
3694
2
175
2
16
2120
9967
27
19861
21
2
2
16
14
72
1948
53
633
13769
184
13
356
8
1
7728
4690
2
3
442
4
18446
505
4582
20221
88
197
70
13102
3
2960
1709
20
13130
683
112
2174
503
6
6081
18137
5
5
10
158
8329
147
8
18
18023
79
2078
1
17966
551
115
11
14
44
3
208
14
909
78
3
8
32
13929
2
3781
120
680
117
13
13
4
3
3
322
7
304
48
548
91
354
3
4670
1
10732
1123
2
6
1
18
7147
123
4
4477
3173
6023
246
8
108
6297
112
2
5
2
2
95
100
26
83
537
61
24
376
1
1
1369
833
8
553
5
1
236
150
336
5279
5
26
598
39
1
1467
1
4
7826
2054
5060
206
3527
3475
10
29
2
7
2
3
147
3
1066
5
4735
11
151
52
12
22
230
10949
64
477
4
3722
1329
9852
10
78
9
7655
17
5196
2
19
2879
1
4
2711
792
1205
865
4
4287
15464
11
1043
40
760
24
7
47
1
1582
104
3
6
9
1910
38
9375
350
36
755
16
2
1306
273
53
35
56
85
137
7
2
81
5
1192
14
540
235
7
13
29
1
8
6
11385
4
9
14
642
324
1704
73
7
2781
56
13311
179
509
121
14454
109
1
144
15
5998
2852
5
17815
12156
49
455
229
5408
1201
666
3675
4486
232
2
1374
3
750
290
523
4
39
2
302
3
31
267
10052
60
1150
21
21
66
1706
4923
159
4149
1
28
88
3
198
9
2708
9073
2041
25
11302
7
28
4425
5660
6873
602
198
3
3957
2307
2
299
923
19
46
13
147
2161
1073
385
3
105
4
2152
8436
282
3
1
1
6
2
1571
8462
19840
9894
29
1388
22
19529
156
120
9
1608
9
5
2837
2
4
11042
2
1
8
630
4
7479
148
915
15
57
2652
19
679
1
1169
7703
495
637
1738
30
562
7
12
2876
9
932
2913
6
168
583
57
4913
10
1672
102
226
114
1139
975
307
5799
331
32
3123
2804
647
13185
2537
3
132
4800
189
1
3324
21864
114
226
5666
2
624
68
7
34
2638
4
199
84
6
25
1253
1
6
14530
4084
5
1130
1770
175
2
6687
12
495
1
552
7
6
2
19121
4421
61
1160
1
63
2455
10201
18
734
165
2766
2
13
494
5147
646
4
17
1546
8078
3471
16792
691
59
6350
9
2991
4
14
29
2071
55
721
2
33
1713
624
1846
2
111
87
19
2
494
318
4054
13
2429
1790
131
37
182
20
6451
24
8
42
3170
152
1567
2
6139
7
1167
192
433
2
7109
2
38
35
87
156
788
113
2486
552
145
194
20
1
3001
103
4525
27
3564
319
2364
87
46
4
8130
27
11
612
2810
429
1
384
25
55
2697
15
16200
5
20
995
5702
28
2778
45
12923
22
2184
227
8
122
2
2043
13033
97
72
9121
17721
3
16
2261
119
6198
1403
92
256
3
2505
7
2
1874
371
40
7
4
3
244
37
11019
8
2602
553
13
2
1397
1
2
18
834
546
77
851
37
6946
43
2
34
4
4
282
5
4775
57
3
9
36
4360
29
7769
2985
812
2
236
4472
16
197
5
8
2111
24
1348
861
5
376
4050
8
1210
2030
209
7424
279
44
17
918
7
60
314
6237
1
7
650
4553
3
5136
10
390
2534
56
62
1817
546
4468
1
1796
6694
2
591
575
210
533
936
6
13
4
9749
8155
92
3
1258
6431
51
2207
775
414
1882
21
48
420
5013
5
21
264
87
2
52
27
1
1052
11
597
1
21
517
8
122
76
727
12
1204
5002
21635
9045
23
6
119
10
4981
2
1424
1240
3
409
306
1
17
13812
262
615
157
3
84
8
306
8070
3
36
3613
2
68
61
6968
18
8251
12653
2013
508
126
659
31
32
472
15
433
2950
15
2
126
8940
12376
2065
4
2
2
12
91
35
6
1
7
4071
18
18
81
2531
305
43
7455
1
73
14
54
17665
12
2
8
13783
11
782
1
432
15
7
1
77
1447
443
353
3
155
23
1176
7
5141
3187
1
25
14
473
79
379
5
28
1665
18721
2
1222
22
4
416
2181
15645
7393
2247
16
309
2
1
5836
3
1544
1415
10
1
12587
18
4110
134
12600
117
28
3745
19508
2386
219
5
28
3150
17
27
1106
655
43
38
430
12
52
239
6603
12801
19
6290
7117
14
11338
1
1
100
8978
42
204
19080
148
38
3
41
6
208
993
10
2772
1054
12
251
128
2978
82
121
1
5829
181
2
5
2828
7
595
105
2558
3557
7
1
12015
571
16166
2
1
12
11
2197
869
4846
1716
4
30
5
46
4
191
28
749
3629
12
26
5
21680
58
185
10653
9
1023
22
5466
1473
9
2
6534
901
5426
12041
119
3052
318
4202
196
149
2
59
2
1182
6
1
179
5
31
8800
10
98
364
976
18
590
20436
3367
25
6
15
2
2
8
57
1362
962
193
25
2822
9064
2740
171
57
27
2
309
12
61
62
172
118
14287
5307
144
25
485
22
12
40
9006
23
2
640
721
4
113
1
24
60
76
1071
1243
171
11434
1361
177
3
5
103
13
980
847
167
5071
888
822
1
1
1
79
4650
1586
10846
15157
20
5125
205
1065
2406
2643
4
6417
41
15530
1540
3
9
5
386
32
18701
89
2
1
2399
529
2
8418
281
1736
2074
2717
872
2287
7
3255
540
2149
10148
3
2
44
71
4882
17
2
197
16030
108
48
4
34
1
1
3761
2
4646
408
66
9
438
52
3328
3504
4
1
2
9555
26
97
1
503
6917
2
617
17535
15448
7094
105
10630
1
706
6472
4520
6737
326
159
1444
14966
2
21
6866
6659
63
3
3143
5262
3
2
4
1111
1
19
7993
12694
50
9465
2
2
26
9
344
203
6343
10777
2616
2
29
8716
83
7687
10364
35
603
4725
80
1
10062
4
1191
45
49
246
835
16
1098
173
13682
6
8625
51
1
29
117
2
6158
1381
12883
2
57
1663
9
9
68
18330
19
9515
103
83
2
3
8
6
159
59
104
3
12
20393
35
7277
14856
686
1
199
791
146
5
505
1
3
2361
44
14
1856
54
1698
663
3307
19
2
5
162
1346
248
4965
2
8
5714
743
1032
583
1562
13
76
6
86
19
8912
73
241
9
37
1658
434
50
4
3
65
1165
71
880
3482
4549
11278
97
671
27
3068
33
29
16458
17833
13061
3081
2
58
15878
86
382
768
65
2
152
38
4167
5
5397
4
2
15563
126
229
109
2737
6133
68
11
2019
16
1836
16
13
1181
5
12468
23
7254
64
1772
4
926
15
10180
20631
1144
4101
218
1328
135
214
12761
32
1
267
22
2655
31
3969
2
301
4407
9565
296
14
7868
15189
11952
129
362
2419
81
11218
566
2
6881
408
145
748
15286
3534
135
178
934
59
3
7535
46
19798
827
87
2627
365
14484
1378
687
3882
158
7
475
1
37
9
17
913
144
2
3
86
70
1154
831
111
8
1912
5323
12534
4755
1004
1
196
7
102
1515
3919
3667
3
6837
29
239
5867
123
21703
266
29
10
11506
24
8846
2
3413
3
11349
44
10
2
5477
9179
381
61
6527
9435
8427
27
41
6723
3
7851
3
15415
8
10310
16528
25
7744
20828
4
149
2
1488
1120
177
345
32
21
4866
882
4710
8019
2
42
4
14122
20
1
1215
99
21
2
621
20806
2
1355
15
10
1
733
6263
619
1364
692
34
653
2
17205
7408
122
123
2
3
20
142
51
6976
15778
19
6178
303
516
2
7
4
1
42
12
17
1
2
228
97
7
48
377
18
262
3
65
12627
18980
127
17369
2290
19161
18940
3026
9
24
153
1503
22
2
476
1
1418
481
6
1940
119
4
3874
372
18
774
46
7
63
1232
9326
526
20
7
8
3858
8044
21
94
18156
7057
1519
32
6390
280
2
6377
12
110
3
3
81
3
169
12
196
275
2273
949
3652
3579
169
8763
2
476
10
64
4
1
212
9636
3
14
15678
17
3
30
6
2
7910
74
1018
13339
958
4003
5391
1283
2
18
19
18
8
1149
16406
388
668
205
474
10223
201
704
39
11
2450
7027
14685
2
18
13
50
2
1594
5
190
1351
8
4123
7
3
23
9
9
1645
2
17
3773
277
524
20
6323
15
214
8
17516
110
89
22
1035
7935
241
25
71
2641
306
238
2957
13
3953
18820
14
207
55
334
37
4960
94
4
2
63
458
2
3497
3508
11752
491
16
12079
27
8
128
801
930
2873
69
1
2022
13
27
39
2
4685
265
21
9189
12
151
512
20
2
2
1942
153
1
38
1
1
20696
7020
20
3317
244
112
4
8616
7
2391
543
5
1498
262
3220
8
1
3460
12
585
190
142
66
5034
167
14
3431
11
11764
166
1
17132
8480
1936
16
1621
8053
1
662
4
12455
9092
785
1237
31
125
60
6465
35
65
33
15
25
405
719
8061
38
89
1584
2
229
23
6
3
1
905
2
320
23
2
635
4
6152
12573
361
3
848
777
62
3734
48
1
5256
6283
124
1740
6011
20
5
403
111
7369
65
2026
9
51
1924
16
2052
11
13297
7860
910
11
45
26
2919
5295
9405
1
188
891
453
131
5744
244
55
11715
2700
21
1
294
59
13
2
1722
994
1302
20009
46
33
100
16
419
988
3
2
1842
255
17
2084
350
1
173
1
12
13157
93
1485
16493
14
452
2
6445
15
3
2
270
10
90
3
15318
208
1811
44
1990
40
7
12
2
16774
19364
2
2050
655
2
2417
13
1670
20285
8
1852
8
7
316
13325
1481
764
816
8147
24
297
465
684
2209
109
4337
6902
157
5910
5374
4
175
350
13
400
2060
752
1
2825
486
164
4
8113
22
3
71
5879
3042
401
102
102
11494
3594
12
9141
468
18485
4393
226
3730
85
300
1087
4730
203
2
341
5403
4861
1
3575
19
3
79
955
32
16511
14
103
2127
3890
3
206
302
2618
9505
42
3
13213
58
8874
16354
19611
5
4
4
374
5
4534
2
2849
11314
707
5618
16
754
7503
2211
1825
693
1082
523
122
422
2
611
75
1878
52
979
87
3058
33
2
12
27
2
5
24
2
2621
3866
4
4
475
1
21
51
240
2649
9831
3438
3
3560
114
107
95
1
107
7
67
58
2
4680
4
128
26
41
5
1030
4
21027
3
513
699
1637
14
1410
6458
57
734
115
16
5
1581
858
68
12
193
6411
75
6
20350
6043
12233
13552
2
41
1
6
454
2
467
46
11470
2
5
267
5
111
52
9
4
1
4
8
2339
97
15
17740
3104
2
11641
2529
152
2
2
1
1
8
645
1755
13
20479
3829
805
138
19100
75
165
1011
51
5
6513
14
16827
7
10743
54
6
3
4
2657
58
8400
1332
110
715
9
620
3714
169
5
10191
2550
16881
76
20
9790
466
222
11
4631
17758
9
544
20653
365
97
6479
287
266
346
8
61
1457
30
84
164
18080
375
69
13
402
2
17
11
8856
2784
181
1186
1
7385
84
338
469
4
1407
3
5007
11
136
3114
153
16
5935
1299
2
2093
1
7377
12680
6
2
2371
26
8
3384
2
724
112
2034
16
8
1
440
49
10
724
8
2
5
146
11543
1892
25
3
3
54
7893
24
657
522
2356
5624
3990
5
2489
1894
9525
2907
2
70
99
634
9
283
3710
8
4
52
235
183
44
19
572
149
4
1
104
19
13382
328
2
2003
360
134
5
2646
594
501
9455
12
334
79
9
17
14982
1220
3777
3
31
111
21
63
2244
56
37
201
300
53
123
1
15399
393
10
483
11
268
6617
99
13
1209
46
3300
9606
326
464
4
8
698
274
95
3
5
152
3200
1433
11
3
23
9267
8
2
9306
2240
10
254
2
13088
19
313
608
137
6772
146
773
1
285
4274
10
3
3
276
19549
1
340
912
37
798
7582
5787
13
13798
32
2028
13368
13
4
50
74
5114
558
14
38
13199
7487
13
124
692
72
257
19
601
459
7
3127
15
52
7663
1979
7
5
2275
1083
228
386
59
131
30
9
51
3636
84
464
5018
8
373
1
904
8
270
36
404
5109
1783
3
5
8
33
1
63
5966
14378
11
13
7
20
5738
1870
253
4877
310
7
4333
7
5
9475
3
1284
21049
202
77
15
6
6
29
234
12389
20
69
18
246
669
3
946
899
646
2
15895
51
781
51
33
272
18291
210
3133
525
3
4
1551
1289
5218
3204
6
3
2
15
3
18388
83
1860
1217
12
96
3
1292
12
5
1988
4
62
10
11148
3
330
254
7292
8753
528
1623
4
26
534
1
1
1
60
32
69
2063
38
292
1514
3
5
9999
19
6983
3
23
2729
15302
36
18
627
327
2
107
14825
46
15221
16251
13
1
66
5
2
21250
6
13885
7
58
5
1431
387
13725
5
3
185
34
2
5312
5
1
14
17424
6404
439
273
24
29
6
1103
766
2
3356
577
6191
1574
70
98
134
87
538
45
9
18
103
21362
13624
11
2922
1072
703
8950
4
1
2
79
3617
1005
24
838
1819
78
2
214
12
38
16
3
7
7
29
5
199
2
35
10
415
25
4
44
1525
565
1
9
15
9495
3214
908
5
22
3
5340
1470
258
183
815
6
3944
2
490
4
55
1
100
2
6
5329
3
22
3753
82
3785
7
852
39
24
3065
1967
20
3
73
511
5
13
12
6
25
23
6
539
3349
11
13
144
2
358
1059
6794
1733
13
3442
24
31
153
376
4715
1
2
3
1
1049
1025
5
4
258
6087
116
1614
272
1654
1
9
378
171
38
77
45
21
1246
11
16
352
259
2947
45
521
2
2
1527
1957
384
281
1
3
20072
1994
1
4577
57
778
2191
3248
18466
1
82
3289
19
1
1
353
11
4
259
155
2
3
65
1
6
1045
19966
1
21566
2
2632
4970
2
387
214
3809
2819
208
68
5
6499
17
48
39
20
1789
17
11
18
2411
188
8138
3
4211
7
5
37
116
3
1404
1616
2331
19
610
4
46
213
116
5
1
30
26
649
82
11
6
24
451
21772
1
799
1
3625
168
14
4939
16
1794
1277
121
16
313
5
4
8643
166
6561
120
1813
167
1
2437
500
1396
26
20850
15
55
22
6
2
4
169
240
16476
15979
154
2188
95
1122
131
201
69
11031
589
8865
609
6
9296
236
883
29
7215
4
14
3
982
895
8233
3
843
4
59
19757
17186
1479
450
203
39
13
100
741
12547
3449
12
6055
2
10
1
67
950
223
1
10
5
6370
1
2
45
14
5168
56
712
33
12869
1511
34
17060
143
285
7968
2
6397
496
330
11702
47
98
23
1077
146
13667
10
2
604
9
414
3
60
5594
90
2
1
5954
21
20
1656
80
1
20
101
1016
454
500
8104
1024
47
2
161
6
35
3
26
760
9
367
42
6171
10
33
6
5
9
3
155
2
70
9
38
18860
2
1
93
298
12143
80
14152
16545
8190
842
1
212
7671
44
1
14
7346
6384
19405
45
23
77
35
10441
1844
2
16580
68
7
48
984
7
5
188
9
1291
101
19
1533
14242
33
5
39
11
1
527
681
96
2
2944
398
1531
77
677
353
2
11446
35
37
3
1
77
140
15
75
5823
462
6
2706
286
5
7
58
9228
117
25
44
9
2366
1831
18
28
61
13
7960
1718
4260
217
1
10
93
803
802
189
2107
2
61
10
3435
15
1184
11
12
36
6540
10915
630
2
42
1
842
71
682
6666
106
2118
76
6
14137
782
34
21
8
1477
13
7
318
176
11
8286
14317
157
5
7
4705
689
9
19
30
2796
10
10
58
392
29
12720
10
13
2513
6310
1890
3
40
145
7
13581
9821
5179
4296
31
832
2
31
11678
8
316
30
119
4
13
2
2409
208
4
33
5985
16686
8598
5
12
132
9545
87
2
2017
9
15030
12
49
2
7
2757
1
1613
4158
3391
92
21
2561
4269
125
107
564
8454
18
8
2138
8
38
549
8884
134
236
4
7810
1034
1996
2846
4
12
372
3
665
11
304
3
14
1385
3
4
101
12428
25
5577
10
1495
483
7
422
110
7
4033
245
5
7
3363
1720
425
31
17
625
22
7193
1
5
2
23
2
928
41
716
5
81
1091
9677
15237
1766
22
4568
3
12441
18
6
1800
3
4
19222
8277
11065
44
176
8
167
68
731
135
3
14638
2
359
67
1288
2
199
193
765
203
20
51
2
441
347
146
1229
607
6
2
6
9988
270
49
4
3224
2941
12
10
5
2
5
651
3
109
15
224
52
16952
818
22
2473
10
560
987
510
6
221
1
652
1015
4229
124
2572
1262
14
16
180
796
3468
15093
27
6708
391
31
14
883
4220
3016
9708
591
4242
2460
5
239
269
11230
697
64
2
163
942
182
1
3
7
14809
5157
325
13
17150
3
10
25
49
21475
10984
231
2177
477
24
2
1057
20371
12092
82
156
424
295
17
1422
15
7
22
2
17
309
9
13754
15350
6
3
139
4
346
1
2
2
51
3
31
1
5044
14576
8781
391
45
345
1331
17985
87
2
20566
301
4
119
2
1359
85
19653
4
16563
1197
20544
14
9218
10811
4
5240
34
531
54
21
294
12
1
492
21453
5
8570
173
186
732
188
3335
10
10552
7432
207
9904
1465
53
3
3180
84
1906
10321
128
3687
7606
3
9
32
509
15
4944
8837
4
101
5
6
20894
8579
184
16
162
981
1
535
24
6337
6
20960
1916
153
40
8525
3659
3094
116
4132
1309
21407
220
8
21
1866
1274
222
3153
20
2746
48
17
357
9
820
9
1037
31
28
193
238
3568
1356
463
5
5
200
119
1468
2
3
735
889
19242
278
5284
7307
1425
23
7087
9
3
2834
2
9
58
622
16
33
213
212
312
54
19344
992
3
4
255
1
40
65
22
1
3
1440
8828
68
100
7
3
1
121
11
1200
6520
1
32
1
354
4
2569
1
177
390
4301
12
256
195
12
260
5
21
2
5
632
8
714
1
62
16
2864
226
435
2
7
6145
1548
21911
441
12896
1
8
3258
4592
10397
36
39
11592
21795
145
65
174
10
2583
757
67
1506
922
16097
8242
4785
14
37
5
1008
5
26
109
2
235
292
7
40
4563
7400
242
2988
3
47
3137
277
436
1368
2
4934
14182
19903
312
5
2
5
83
2
4
4856
53
6
273
18920
2
43
2
2
430
336
4770
3
1872
2
14623
4
4
42
158
924
2
21
1325
8010
19924
2351
3
21
56
72
5190
43
397
93
4315
3
3
154
28
1
4587
7
102
11171
285
2
314
7102
1460
106
1753
3147
14363
18310
18622
311
9585
1413
13
8445
449
15
3
2
18
17777
200
2476
749
10496
18761
1
2
77
34
898
6
6
122
756
39
3895
3
3117
4
3850
10
3032
602
103
20982
78
17683
253
506
32
1439
187
24
3
113
3
3
10288
31
4
5
28
4
242
3886
46
52
489
27
320
269
8
10
28
191
126
17
178
18
20609
4
900
2037
11112
4
86
364
292
5873
1412
10
428
94
2
290
13255
22
21612
18
2
541
3190
84
329
301
15
2523
8
19
1
8312
12
37
3841
395
42
11889
11
3296
6998
66
25
10720
559
4162
1
2256
736
18642
274
343
10031
101
19
4430
3
431
4351
356
124
247
90
2
402
15
81
46
72
1114
27
163
696
12
6
636
1
159
2
54
1
85
2
5
1
16703
20200
4
1876
23
127
3
3091
1
47
23
47
1113
1164
2005
1
39
584
399
48
42
39
9575
675
377
2
91
2100
20
1934
4020
560
1512
3
2
5460
122
12
41
1126
4
1576
2
13
2
8207
2
50
7
29
14
825
3
36
1345
172
4482
9
496
36
1442
6363
9025
1
30
6624
715
745
2518
12788
181
5454
180
2
36
34
43
7
59
4700
1051
4
2
1930
3
15254
1760
237
57
639
1056
20328
64
13842
113
1538
593
231
2
5979
14
4278
143
3
2007
3055
15
12
7
4
5
3
8498
24
2278
1393
1
13
1270
70
871
91
14033
20
8
19
2
1
11
1946
14
39
6568
9
66
4
1
143
335
3
237
268
2610
1454
317
1
10
18682
194
1
7
271
5369
6
420
1245
14654
11
1
873
141
89
317
16
311
7542
4
8
18
47
5
6277
277
4
4
25
425
4
1487
1075
2
4
16
19882
2
149
1977
2734
4780
6165
13269
1589
745
1625
13
7162
39
29
18
840
13481
727
219
4141
3197
830
165
738
9355
776
991
4831
3757
1124
4028
15
241
3045
90
2154
1628
28
809
3
323
2594
61
9485
28
4602
358
29
1125
747
4
186
697
4463
2
49
12
1000
19
9811
6932
1310
7
15
2497
107
14
202
1081
4136
14
968
8
2396
4
3
1158
66
54
5582
64
4
14469
2
10
95
12951
141
9395
1
1
9257
2
2
417
21430
43
2
16
12
8
3
1490
1314
4
20
3
125
11242
7
12285
19570
36
427
11398
6
5
2
287
103
1644
435
139
15
9415
11965
837
14393
118
4997
3
62
400
130
2
3940
16114
2605
36
537
14
149
1
2124
1
2
31
1561
5103
1
44
6
9277
64
13
4
9083
21
140
49
2585
399
1
4
1211
614
790
3
5720
1436
9199
42
19778
2
26
2
12220
3
1
1
32
78
835
669
21
3
12
41
810
5
6
20093
6
538
20674
2
36
1112
6
20030
10938
278
3234
3821
30
19736
3
3
203
8
8744
1601
51
16
51
6751
47
3
2
13
2341
43
217
6330
5708
430
2
116
16
1
874
69
13595
1971
23
7943
2
4411
1372
40
40
7261
9170
4067
14731
871
3663
7
2
2580
2
28
38
406
20718
4379
60
4342
5811
1559
1046
5
1
473
16
52
5
3587
54
63
34
237
3
176
15173
16
2
4501
9535
13
4
638
70
143
41
2
1
52
2
1862
1684
22
921
5817
11
22
15612
1
2910
18061
4
17
1
1992
36
9595
1829
6
48
2
5268
7338
195
586
1
6
83
569
10463
93
1019
2807
6257
1009
104
130
9112
133
8987
10
1462
12
4
857
1
1509
11183
1541
12
13438
8
2
1
15579
16
323
1746
1382
4750
16
971
1141
223
2545
3
8661
6
2
1
10
6
23
1336
9
4207
1371
6
2
49
2116
140
559
2
70
906
55
1
40
16615
11
96
317
7631
21116
263
1880
194
3
2259
722
466
20
15761
13495
1
31
15945
740
3995
3446
171
72
5948
21749
8268
2
4
4184
30
2202
6224
38
80
14
3
1
2
17890
6610
3167
128
34
3160
1
24
15962
2143
2686
11326
395
1
4665
69
11827
467
83
137
3
5
23
11990
948
1572
964
3
418
10485
4
3238
1
56
59
14018
7
67
2
1096
9
4
4
22
45
53
10020
82
20242
6
626
2
32
279
42
11777
77
276
13353
1775
15546
296
434
204
4
40
5588
21
78
42
702
5
98
111
5536
7448
18
21
3
65
36
6680
9646
6
10
18349
1
6
27
10
157
33
6
1055
8670
6
3640
303
351
7
3
2883
2317
2309
1
16217
6
12
5
74
1
16268
102
19694
985
998
3020
18
82
48
7
1742
140
3961
893
144
4449
431
15061
1
17590
6303
201
73
579
320
12
4515
1273
33
5
5152
401
21160
7
491
573
4
233
42
1
74
36
3
40
5023
1
2314
9
18176
2322
4
4233
9
952
10
2
15828
62
252
7550
14
337
21
21
11814
105
3007
51
20414
3286
7042
1520
12324
9769
23
7
143
25
113
34
7
8
245
24
1002
38
3
75
846
227
222
421
47
6075
161
3671
54
174
33
204
574
8790
1609
8027
367
432
2
5
7736
161
39
794
10105
3120
17
1858
5630
13
322
3702
2204
11
428
3644
1
45
662
7
2230
19
34
613
79
5506
28
1190
657
3523
1
107
3
3
1697
18369
2840
9
15014
1688
3140
33
462
21818
412
128
11
237
779
542
459
342
4
10
1
135
11
5916
28
7835
67
5571
2
713
164
73
12350
290
18
1
7
5495
4114
4
6
18
2015
4
7
27
1
85
185
14561
13283
374
2
498
1
944
58
212
33
8
1
513
263
868
12194
957
62
1390
195
650
14546
2502
6
126
1
218
114
605
62
3231
2
220
17
221
1104
5
160
1
10
86
40
3177
66
6924
97
7679
16
1094
13871
66
1
3928
38
308
23
13452
10073
1
686
143
1155
2515
250
11159
5174
1727
14
20
1
38
303
10
52
40
20
33
13
2
3
5
74
4760
56
4
5093
3
14
3039
11
9
5
2214
38
334
887
15
9
484
4607
3
19
708
2484
674
206
1
418
1254
184
46
9
2
11555
1038
2
8
5
620
15
11940
522
876
211
2
2
117
582
85
59
3107
13241
600
6758
70
548
9
7
174
1768
6859
3
2
867
11
209
11839
9
2
2
90
2468
12
437
13074
7269
14
11054
7
5780
45
15270
2548
1099
25
2
5185
249
435
429
55
139
5690
1507
56
5
3
13610
383
9
1
32
414
5
4
824
2133
516
532
7
35
2
2895
64
1639
186
4
37
541
372
13827
24
2
142
125
658
2492
129
2
10
4265
52
3
77
1
5501
896
373
5541
16389
5
4720
6
17296
729
1070
210
457
21183
60
4
640
14077
3
2147
9
11
6701
551
706
1
7155
792
5076
18
1010
4
259
2145
2
110
1
11
187
6961
7
5
1161
524
14
2
2
283
74
2
2870
205
19
69
1268
718
49
10332
10
6049
1984
14
1
80
20
23
6
648
2
74
1530
73
1965
4
362
7185
26
1143
2
121
1313
80
3262
42
892
9925
12481
17
4
5750
1276
9
3100
19201
7
6
45
310
328
18
2
13
19715
54
1287
3
179
50
49
1
3
10126
2802
16303
3424
4
16899
8
28
18
10
27
20740
361
31
1203
7
407
5245
2
26
12978
5
6823
870
5
14607
25
30
50
276
806
19181
37
20
23
5
26
363
1904
11727
33
4991
943
3
132
1317
19020
7
839
1248
167
656
5726
9800
8
4
34
265
1
2
1
3915
2344
1080
1129
737
12
4
134
21
69
8
159
96
50
1785
142
3388
502
3903
9425
787
7
21934
15844
10094
22
14
134
5
4929
700
31
2
5489
6
2442
823
563
644
42
11089
1256
24
17
2
11604
415
2
1681
5
758
5
156
1707
17
2
26
20157
1673
2
287
258
1
16
2
828
46
19819
74
339
903
2494
5648
1
36
170
2
4
490
3293
29
11653
1
22
5929
1092
70
10430
371
115
192
13856
252
315
18
1
4
2
32
4
10857
29
6
2
24
17406
112
2932
221
10530
206
1
41
9626
666
1102
9759
253
88
319
694
2
1
115
28
14257
256
26
3
8
155
738
1250
20500
15
71
55
61
49
3
7
12
61
569
41
20
92
14872
24
15367
1342
270
1928
2925
38
5
313
4251
5
260
78
563
16739
123
295
439
3
2481
1
78
4319
2463
76
154
2938
11195
12
4
2
55
10
162
99
6
1918
63
192
5
648
2
13538
3370
38
951
15
2
183
6
3538
4439
1
2179
6
41
2
1
2858
8
14197
28
468
20587
4597
27
9238
3549
3797
1762
1177
19
370
61
4
6
11
1
378
2
5
866
14272
62
64
124
14747
189
244
17479
2096
8543
90
3854
29
3
108
634
4
61
1821
16
1944
43
33
4955
10972
1387
15125
9
110
1
33
15996
53
4198
13524
31
335
6
12272
6492
180
17
18004
19
10675
7200
198
15
8
12747
5357
753
3
3087
170
1
18
59
172
7
720
1611
11
38
41
9
6830
2
332
9
17928
6801
56
7300
448
17
37
55
16
162
118
4491
13
1626
2
3
19487
121
34
85
1
1
288
1764
10541
588
4918
115
190
4
68
10137
493
1
3345
35
4224
10
7623
8652
260
746
15334
4
394
147
104
2172
232
60
894
13
4145
10158
426
2
49
5524
5
510
51
118
4171
37
2158
8
14
13
133
21340
4
1954
215
27
14439
2
24
10789
349
2
3420
207
342
2163
1693
956
3
37
4
1138
2
60
14
9
3932
3
341
911
133
17
29
22
718
58
19
22
8726
10
24
11101
9
2677
1293
3427
19385
10277
177
141
36
1
8
5
411
147
1
2
30
17
3
1
3244
3706
5768
2
1604
1630
7918
307
96
3801
3
9936
3690
3036
2
16756
142
8
413
48
4
7
10
5212
399
170
30
243
978
10169
1
6
30
1456
218
4238
4
21272
10
19000
1
5
4370
1
135
13900
45
25
10342
17628
327
2427
789
175
42
2
25
265
48
6
986
1399
12494
297
438
13711
13006
8338
1146
2334
685
15046
20
443
1963
4539
57
19
3718
1318
3
4
1128
81
3
529
7793
41
593
1823
519
17
64
97
11361
11
879
5
359
291
10687
48
5437
106
165
626
28
9
1391
1241
21
362
811
76
83
5449
14003
1047
1474
94
296
72
15077
280
2743
192
7177
394
321
536
4
35
17
18233
224
6715
63
588
3965
12
93
105
23
7695
8
8
22
34
39
34
15
2
5335
3
8095
39
3
1142
41
349
41
2082
12
216
322
5
11
14408
2
4310
6910
10084
57
3
8
235
1
16
2346
16183
19
7
4
6
243
1815
83
3023
6004
8
5
1
2540
1748
4
673
16
4
1341
709
265
7440
2
55
165
82
2195
3
66
163
223
19141
12
184
3553
2
1
394
4
813
1
487
179
469
9316
4
7
1107
3
3737
5
18
198
8
168
61
405
1027
164
10299
1
2
4383
17
16148
19
31
15
17168
27
170
284
3
2122
32
25
7362
17442
34
5273
1224
13
49
43
1272
2359
20
282
20916
1
21980
200
10
4283
13019
3071
392
132
5
35
561
30
5
2
6808
1
2510
628
3
178
2
206
46
6
752
3
7
6062
15205
89
5
2
88
555
4356
151
8
1321
1679
2
3999
68
2
11
2799
6
13
32
50
856
6
2
8391
159
10386
233
4
9336
27
1039
954
3656
742
315
1
1
10255
112
3
1
20
17
72
6844
864
4
25
3453
2218
501
10266
14998
3
5
66
200
9
23
130
125
4
11
1116
1908
100
515
2226
31
339
16285
175
16234
129
5
251
8698
10
16810
33
21589
