16846
15797
14354
15239
14587
15495
15228
14208
15975
15013
15819
14776
14094
15416
15321
14821
13903
15681
14496
14839
16143
15447
15177
16344
14242
16433
16299
14496
16664
16665
15433
14778
14519
14920
15135
16157
14517
16945
16674
15272
16488
15608
16504
14372
16894
14900
15265
14036
16755
16661
14019
14563
15811
15982
15012
16595
15150
15888
16452
16348
16530
14127
15051
15119
15479
15200
15626
16740
15330
16380
16631
15744
14919
14067
15229
16909
16699
14768
14918
14825
15822
15568
16739
15223
15432
15080
16711
16647
14471
16973
16942
15820
14120
16720
15991
16021
14355
14051
15353
15115
14333
14528
15911
15659
15036
14614
16061
14758
16714
14655
15039
14248
16446
15697
14809
14679
14008
14256
14133
16239
15666
14485
14177
16187
16836
16676
14568
14639
16688
14018
16768
14528
14533
15320
14971
14252
15143
16791
16231
14449
14673
16758
14715
16024
16759
15731
14706
15892
13965
16652
14857
14065
15379
14575
14318
16452
14788
15545
15072
16690
16163
16446
14762
13968
14941
14895
14769
14740
13975
15294
14101
15399
15635
15772
15011
14830
13858
16367
15168
14683
15043
14726
14852
16616
15674
13913
15532
16138
15238
16056
14363
15996
15720
16655
14761
14112
14072
16943
14885
13884
16606
13829
16516
16473
15308
16850
14754
16416
16635
15501
16069
15551
16590
15194
15609
15896
15885
14251
15873
16720
14597
15829
16091
15336
14468
15645
14505
16659
15119
14404
16651
14516
16737
14465
14166
13856
14984
16215
15701
16243
14524
14712
15426
15541
14151
15935
15446
16719
14811
14579
15752
14233
16382
16768
16319
15709
14158
14284
14775
16466
14039
14826
15558
14378
15456
15100
16145
15049
14824
14596
16246
16120
16960
15368
14899
15433
14263
14494
15524
16708
16098
14086
15084
14177
14469
14655
15891
14220
14639
16440
16685
14800
14352
14367
16329
14870
14201
15443
15050
16601
14943
16899
16927
15605
14448
15463
14773
15664
16341
15156
16953
15487
15119
14080
16378
14752
14966
16854
14921
14212
15289
16529
16874
14516
14758
16006
16500
16434
13989
13961
15654
16497
16552
15925
15051
15611
16273
15551
15151
15459
14716
16865
15277
16734
16658
16374
14395
16481
14754
16501
14187
16266
15370
14937
16714
14770
16385
16907
15327
14876
14778
14339
15921
15227
16730
14661
15412
14685
15684
16838
16574
16239
16034
15151
14202
16686
13886
15942
15268
15213
15793
14397
15724
16704
15548
16594
14269
14800
14404
16593
15902
16590
16823
16062
15178
13940
16545
15046
14011
15142
14793
15015
14475
15957
15116
15004
16855
15818
15318
14724
15069
14768
16413
14999
13862
16572
16108
14209
14085
15927
15949
14247
15750
15630
15047
15094
16932
14500
13859
14793
14196
14904
15709
15271
15280
14241
16207
14884
15599
14283
16778
14306
14268
14435
14874
14239
15667
16638
15490
15727
13883
14777
15743
15169
15523
16794
16473
14328
14934
15557
16135
13866
14630
16274
14250
16015
14157
15919
15571
16800
16188
16606
14807
16796
16990
16355
16668
15379
14589
15584
16402
16731
16247
15862
16218
15295
14475
16980
16974
16100
15800
14958
16255
14124
15593
16678
14241
15294
15935
14452
14063
15135
15417
16162
15418
15618
15821
16914
15842
16965
15359
15954
15205
14608
14115
14112
14520
16507
14589
16319
14720
15096
14204
14735
14108
16939
16391
13961
16789
14294
15442
14599
15377
14987
15812
14122
15262
14945
16053
16049
15545
14986
14344
14757
14622
15113
15044
14565
15642
14613
14462
14429
15980
14124
15387
16487
14163
15878
14523
15124
14703
14022
15902
16040
16907
15629
15622
14573
15632
14728
16948
15337
14327
14443
14944
14952
16736
13819
16830
15790
16622
16581
14555
16006
15476
14471
15022
15174
16184
14346
15053
14064
16213
15649
15437
16160
14598
15034
15869
13845
14115
13873
14566
15697
15640
16845
14842
16343
14583
15544
16007
15869
15059
15156
14580
14218
15190
16185
15325
14486
14960
14345
16530
15670
14185
13998
13844
16278
15996
16616
16334
14737
16006
14782
15067
16231
16268
14586
15966
14754
14687
15422
16621
15208
13880
15274
14234
14632
14092
15169
14894
15438
15412
14100
16720
14883
14980
14975
15617
14418
16878
13895
16593
15932
16221
14998
16515
15374
14917
14962
15969
13924
16000
16175
15815
16330
15642
15293
15937
16671
14463
16771
16453
15615
14680
16233
14188
16448
15426
13849
14154
16937
14747
13815
15927
15295
14917
16612
16518
16063
14134
15286
14787
14232
16211
15943
16392
14408
16453
13906
15286
14015
15323
15220
16912
16242
16501
15936
13899
15320
14279
16308
14992
15515
15815
16336
15097
16869
14019
15297
16376
16812
16039
13835
14057
15257
15833
15831
14225
14181
15087
14326
16577
14039
15446
14223
15316
15890
13930
14222
16271
14500
16859
16082
15959
14403
14185
15534
14600
16721
14860
14388
13945
16618
15833
16181
15815
15270
15001
16486
16874
16977
16789
16675
16406
16629
14068
16360
15440
16984
14626
16126
15299
16219
16764
15942
14251
13814
16444
14444
16178
16693
15479
14753
15546
14304
14580
16319
13981
16348
15572
14707
15221
16537
16915
13979
15229
15569
15990
16810
16083
16192
14182
15573
15099
13912
14152
16326
15695
16438
15438
13938
15535
15944
16192
13876
14878
15854
13832
16638
16888
16354
14882
14380
15570
16302
16068
16613
15796
16559
14864
14439
16559
14097
15374
14683
15140
15053
14347
16563
16177
16230
14067
13941
16057
14246
15144
13913
14529
14956
15434
16282
14378
15528
16531
14533
14114
15896
15042
16855
14797
16463
16856
16075
14491
16439
15491
15425
16873
14429
15939
14982
13839
16657
14457
15937
16647
15775
16500
14051
15247
16800
15599
15111
16265
14481
15995
14445
16532
15158
14016
16336
15058
15052
14449
15756
14179
15337
15342
14295
14228
14765
15609
14240
15978
14376
14287
14229
14721
13866
16473
16396
15676
15066
15924
15209
16109
14358
14403
14296
16065
16168
15611
14330
15958
14651
16820
16248
15555
15126
15015
15339
16898
16693
16541
14763
15452
15600
14062
14501
16339
14277
15809
14426
15523
16110
15616
15847
15463
15341
14168
14785
15525
14013
16550
15668
14880
15120
15064
15578
16253
16865
14981
14113
15127
15500
14317
13830
16255
13958
16801
14257
14318
15952
14957
16377
15936
15554
15850
14125
16318
16745
14655
16145
14671
15426
16756
14818
13992
13893
15419
14998
14882
14385
14907
16698
16073
16791
16961
16523
15802
15464
14887
14648
14187
13953
13916
16388
14076
16204
15582
13922
15926
16867
15993
15552
15811
14613
15347
16810
15286
16054
15054
16278
13829
14572
16929
16419
15108
16584
13889
15618
14117
14602
15651
16273
16113
15785
15937
15808
15869
13968
15365
14665
15032
15929
14297
16422
14468
15709
14352
16233
14800
14452
13971
14196
15838
16321
13923
14068
14382
14179
15794
16031
14498
15771
16139
14452
14395
16411
14362
16378
15746
13840
15209
16464
16240
14969
15772
14481
14835
13919
13825
16936
16038
14477
14052
13855
15822
16772
14512
15157
15125
16570
16558
14208
15478
14313
16213
14748
15280
14247
14603
15891
16431
16322
14901
15299
14173
14557
14026
16677
14834
16587
13831
14901
14115
16113
16927
14065
15981
13877
14372
15772
14725
15111
16672
14815
16555
16704
14767
14413
16639
14468
16683
15280
14110
14960
14766
15105
15036
16480
16871
15672
15287
14176
14288
15787
13851
14898
16219
16478
15624
16793
15451
16207
13912
16326
14405
14747
15081
16821
15013
16806
14620
16423
15798
16241
15418
15231
16145
14517
15931
15052
16284
14270
15619
14815
16882
14758
14562
16374
15386
16187
14966
16308
14941
16717
15940
15034
14491
14635
16568
15798
15172
14324
15921
14865
14931
15411
15291
13954
16365
15958
15502
15867
15592
16621
14685
16300
16990
14652
14098
14514
14588
15116
14541
14341
14512
14868
14965
14596
15379
16669
16053
16819
16448
14948
14662
15651
16689
13964
15805
14807
15132
14359
14859
13819
14641
15449
16880
15575
14616
14240
15128
13908
15376
16118
15277
15009
14312
15171
16752
16421
14614
16881
14052
15667
14550
14358
14616
14207
16058
14059
14679
16576
15698
16969
14109
13980
14592
15339
16688
15028
16235
16426
16793
16205
15996
15831
16489
16274
14003
14733
15677
15137
16067
14288
15721
15990
14688
16211
15213
14305
14918
14132
15686
16096
14000
14769
14748
14236
16672
15740
14886
14201
16462
16202
16261
14127
16105
14265
16700
14523
14671
14153
14845
13989
13956
16886
13949
16849
15780
13925
14172
14531
14824
16945
16488
14649
14622
15617
15614
14854
14153
16372
16738
16151
14032
14591
16046
14224
14935
15015
14556
15629
15317
14081
16009
15055
14179
16659
16971
14057
14471
15112
15381
16130
14253
15324
16929
14480
15282
13968
14394
14704
13821
16066
15027
14773
14973
15734
15695
16520
16008
15434
15697
15270
14644
13900
15052
16979
16017
16742
14709
16061
14866
16817
14739
14006
14948
15008
14359
15217
15125
16544
15925
14882
14850
14206
16146
14975
16919
16534
14653
15753
15736
16189
13951
16692
15281
14262
13889
16549
14442
14768
16191
13914
14463
16864
13949
14574
16513
13859
14227
14870
16272
14464
16086
15262
14235
15684
15800
14909
16982
15182
16359
16441
13826
16587
14310
15485
16579
14977
13830
16533
15899
16268
15873
16589
16275
16319
16360
16594
16489
14569
15179
15227
14173
14785
14033
14894
16290
14198
15037
16364
15866
13850
14933
14795
14384
14096
16698
14710
14264
13862
16154
15030
14190
16755
14776
14687
16001
15699
15550
14961
15241
14161
14478
16024
14307
13858
15485
16393
16451
14227
13976
14221
14095
16836
14968
15584
15463
16937
15872
16139
13940
16285
16824
14439
16355
15173
15533
14838
14780
16853
15440
15168
15320
15084
14552
14221
15415
16850
14394
14964
14987
15970
15126
15833
14756
15765
15029
14456
15181
16202
16668
16660
15731
14628
15964
14031
16307
14753
16878
16812
14458
16501
14345
15287
16603
16960
15408
16753
14343
15365
14808
15650
15652
14826
14182
15936
14199
14475
14521
14491
14525
16095
15170
16991
15657
14632
14277
13908
14645
14403
15593
16880
14841
16510
14190
15565
15102
13866
15861
15586
14531
14301
15094
14182
15421
14787
14215
14827
14387
15707
14692
14368
14655
16215
15526
14799
14025
15463
14323
14508
16326
14968
16570
13954
16436
14394
14711
14421
13999
15547
16458
14141
15304
15792
16431
15269
14044
14201
15143
15522
13831
15915
15777
16809
14328
14365
13815
13894
15641
15192
16233
15803
16031
14256
15793
13837
14151
16425
14785
14089
14257
14639
14722
14066
14133
16627
16223
16158
16475
15383
15749
16123
15312
16658
14082
14739
15386
16710
16123
16015
14337
16704
14427
16765
15951
14081
15184
16783
16895
16067
16259
16087
15866
15002
15665
16416
14952
16262
16726
16159
15938
13978
16306
15681
13845
14979
14788
16534
16323
14075
15408
15174
13967
13851
16619
14443
16438
16487
16663
16978
14859
14154
15390
16373
16089
16774
14189
14464
14973
16589
13916
16730
16845
16641
16846
15643
16580
16258
16343
15679
16449
16737
16083
16917
15716
16891
14294
14187
15765
14614
15530
14673
15877
15102
14601
15984
14516
15791
15492
16814
15163
13885
14547
14767
16362
16746
16193
16436
14052
16311
16665
14472
14195
15863
16464
14287
16010
14724
14748
15773
16899
14910
16038
16675
16802
16726
16466
14005
16969
16562
16913
16548
16521
16836
14705
16700
14674
14448
14230
15852
14611
16089
14815
15014
16174
14978
15316
13955
15835
13853
14601
15227
14092
15698
15578
16147
16623
14376
16206
16222
16541
15252
15117
15792
16673
15332
16037
15147
14671
14332
16132
15898
16058
14400
13843
14876
15663
16943
15313
14412
16363
16474
15654
16751
15304
14193
15966
15542
14111
14579
15785
15147
15207
15536
15158
13889
16173
14210
14907
14990
15651
16477
14014
14716
15894
15065
14868
13923
16795
16457
15844
16710
16297
14735
14559
16768
15668
15511
14562
15389
13901
16838
15010
15762
16805
16957
14756
16296
15051
14913
15357
15714
15206
14955
15727
15011
15545
16958
14280
14847
16140
16413
14027
16982
15254
15005
16586
16635
15141
16092
14552
14683
15374
15855
16967
14365
14199
16522
14789
14006
16152
14645
14946
15047
16707
15761
14209
16467
15097
14284
14371
16903
15874
16094
15470
14115
16207
16535
15279
15791
15319
16882
16674
14639
14160
16376
16195
16669
16029
15601
16693
15123
16398
14567
13897
15555
16221
15185
15685
14665
14645
14452
14874
14631
13944
14413
14623
14002
15981
16459
15661
14741
14477
14997
13979
14399
16499
14647
15323
14529
16532
14655
16478
15792
16338
15845
15917
14831
16466
14326
15676
15294
15993
14839
14515
15543
16143
16735
16203
16082
13815
16060
13867
15830
16886
15941
14669
16794
16022
15718
16236
14041
14372
16161
14288
15417
14517
14456
15061
15387
14135
15697
16333
16114
16493
16442
16512
16596
14173
14026
16102
15109
14131
14083
14918
14536
14426
16085
13962
15319
16431
16618
16081
16069
13872
16608
16336
13830
16609
15276
14517
15378
14398
14993
13935
14406
15871
15903
14898
14757
14638
16394
16073
15323
15261
15453
16655
16259
16815
16352
14681
14425
16370
14962
15966
13841
15499
15088
16089
15044
14633
16844
14997
14520
14364
13883
14559
14652
15123
16899
14273
16406
14065
14755
14813
16587
16557
13973
15512
13916
16671
16909
16945
16282
16650
16632
15978
16065
15043
15775
14739
13842
15084
14988
14655
14966
15765
16911
13970
14001
16971
14777
15800
15036
14240
14689
15175
16248
16026
15088
16653
15953
15057
15895
16048
16603
14251
15492
16923
15098
16585
16633
13867
16421
15989
16215
14392
16616
14185
15987
15609
16986
15100
15705
14951
16158
15260
16792
15420
16512
14516
14834
16475
16069
15228
14588
13963
15588
15063
15175
15531
15856
16112
15915
16245
14972
15558
16045
14083
16425
15159
16269
14743
15824
14687
13975
16932
15461
14447
14709
13897
14899
15281
14961
14051
15134
14759
15025
14019
16011
16128
15426
16672
14755
16835
16915
14595
14411
15546
15319
15049
15395
14023
14647
15536
15481
16360
15236
15828
14822
13994
14770
15354
14665
16964
14827
16292
15410
14717
15735
15023
15336
15204
15360
14226
16871
14954
16585
16533
16500
14742
14095
16773
14287
16293
15565
14942
14041
15082
15704
16809
15187
15550
15312
16012
16135
13921
14733
14053
14361
15696
15858
15177
16710
16082
14912
16817
15132
14612
16182
16464
14870
16286
16109
15457
15900
15983
15934
16220
14680
13865
15628
16957
14338
14010
16918
16571
14418
15056
13894
16796
14519
16136
15436
14837
14112
15019
14942
14776
13834
14444
16406
16532
16392
15589
14215
16788
14341
15720
14592
15090
15628
16164
14386
15650
14511
16355
14994
15636
16975
14619
16051
16679
15563
16359
16042
13944
15783
14561
14669
16481
14369
16159
15198
16380
16883
15869
16610
16287
16901
15220
15937
14116
14170
15797
15599
16840
15960
14328
13868
13951
14312
14822
14263
15388
15741
16049
16293
16250
16351
15094
14375
14216
15953
14063
15660
16065
16980
14492
16974
15679
15955
15546
14111
16488
14876
14511
15274
16082
15249
15876
15465
14124
15128
15032
16264
15753
15370
15579
15759
16853
14637
14327
14385
16063
16662
14354
16813
16563
15378
16296
13937
16005
14037
14622
15934
14867
15539
13835
16663
15124
15859
16299
16185
15022
16442
16085
15927
14250
15709
15921
15543
15815
15307
16811
14743
15821
14627
14237
14932
16671
14695
15686
16570
16301
14772
15597
15143
14631
16872
15543
16600
16419
14505
15552
16588
15099
16202
15453
16869
16500
14931
16854
15865
14222
15071
13903
16523
14843
15544
15305
15373
14672
15900
16536
14526
14228
16161
15555
14690
13921
16151
14996
16933
14688
16490
13823
15538
16897
15237
16361
14358
16716
15121
16650
16912
14600
16060
15371
15193
14311
14634
15335
16273
16264
14851
16603
14281
15833
13948
14988
14328
15299
15559
16076
14841
16738
14388
16238
13886
14318
14670
15465
15280
14664
15036
14972
16759
16622
14994
16832
15824
16093
14692
16925
16316
16765
15626
15171
14474
14867
16248
13952
15245
16826
16351
15855
15477
14398
15629
14636
15363
14360
13961
14926
14273
14508
15511
14289
16410
15124
15405
14388
14464
16908
14765
15111
15815
16820
16798
13903
15107
16177
15706
14599
15922
14422
13965
14849
13987
14481
15880
16892
16180
14217
15940
15179
14797
16042
13894
14768
16494
16077
16620
14049
14052
16834
15632
16302
14780
16153
15929
14315
14290
15830
15224
15258
14302
14872
14941
16410
16692
14056
14106
14692
16255
15619
14177
14736
16504
14185
16634
13914
14655
14756
15173
16783
14990
14211
14822
15920
13863
15335
16663
15528
14468
14662
15669
14256
15795
14633
14911
14002
15859
16239
14105
15507
15875
15116
13910
15738
15738
14330
16724
16352
15551
16571
14947
15048
16947
15916
14482
15919
16980
14452
15184
16395
16784
15482
15473
15172
16117
16749
16321
14888
14337
15474
13840
15431
16575
14880
15008
14751
15831
14912
14034
14998
16922
14767
14900
15154
14883
13900
13869
14297
14251
15292
14508
13958
14270
14207
14501
15436
14661
16933
14955
13951
16184
16340
16055
16524
14887
14460
16154
16206
16019
16546
15838
15187
13996
16300
14738
16537
16786
16919
13893
14363
16152
14895
13956
16109
15659
13965
14048
14317
14119
13814
16509
16797
15792
16695
15106
15942
16482
15683
16546
15408
16067
16714
14865
14892
14576
14943
15441
14316
14603
14953
14895
14292
15465
16184
15090
14652
16851
14176
14975
15157
16514
15147
14756
14342
16062
15523
14803
16025
16699
15439
13973
16429
16214
14422
16551
15626
14571
15110
14853
16086
14513
16613
15503
14191
13936
14116
16612
15793
15947
16319
14881
15955
16936
14151
16846
14622
16958
13923
15056
16639
15570
14146
14312
14731
15048
16957
15962
16980
15143
15175
16957
14091
13865
14368
16051
14808
16229
14271
14799
16461
14132
14904
16357
15205
14816
13880
15525
16702
16204
16297
13971
15784
14690
14191
16946
14739
15214
14000
14258
14041
16184
15689
16468
14553
15934
14140
14088
16033
16674
15193
14761
14400
16862
14628
15210
15320
16261
13849
14042
16851
16858
14106
13850
15756
14073
15213
15759
14444
14033
14992
15702
16899
14575
14465
15665
16385
13978
14618
15267
15469
14018
16080
16319
14224
16119
16865
16295
15744
16409
16088
16769
13849
14559
14068
16891
16881
16712
15174
15513
16430
16988
15845
16830
15528
14436
16405
15497
15520
16939
14077
15272
15955
16740
13941
15119
14802
13991
13870
14739
15955
15293
15330
13983
14832
15983
14269
15342
13820
16866
14518
16289
16487
16512
14206
15948
16685
16777
16895
16535
14007
14735
14047
14122
15964
16292
16261
14740
16024
13900
14751
13973
15541
15379
14948
15773
16585
16061
16881
15274
13861
14691
14230
14480
15583
15944
13901
16688
14930
15678
15598
15718
13971
15760
16594
15635
15481
15136
14995
16353
15138
16642
14266
15905
16983
13912
15347
15638
15503
15010
14850
14839
14922
15775
14011
16191
14568
14801
16432
14985
14902
16511
16625
16645
15728
16515
15732
14515
14744
14433
16073
16867
14193
16037
16647
16110
16403
15198
15468
16690
14521
13888
16142
15043
14019
14521
14505
16322
15702
15553
14583
16657
15609
15034
14706
14827
14705
15998
16754
15558
16580
14854
13859
16793
16213
14340
14505
13844
14179
14050
16208
16051
16088
15759
15586
14196
14629
16666
14143
15362
14063
15913
16476
16374
16461
16034
16835
16884
15157
14631
14646
14237
15448
13833
15979
14461
15369
14792
16607
13935
14747
15445
15211
16377
13831
16887
14186
15407
14418
14348
15981
16538
14067
16235
15786
14104
15603
14502
14766
14278
16304
15669
14234
15191
14467
15913
16909
15709
15922
14767
15543
14941
14479
16949
15507
16257
14979
15258
16567
14052
14265
16025
15973
14331
16877
16437
14515
15553
16869
16804
14103
15813
15021
16439
16809
13858
14943
14893
15628
15179
13920
16463
14010
16272
16691
14047
15291
14645
14093
15855
15456
15613
15684
16553
15692
16975
15047
14128
14165
14962
16316
16431
14307
15928
15460
16520
15758
16238
14995
14166
16233
14293
16292
14735
16690
13983
15831
14185
15979
16670
16151
14344
15154
16913
14812
16767
