51154
54221
59793
54435
56381
55707
55288
58071
55408
59326
52790
51459
52340
50966
53989
56006
52483
51685
58235
55987
55327
59645
55935
56342
59211
57297
51221
55310
52083
51803
51488
54517
57234
54651
55550
52361
52173
55470
55348
53985
59170
52023
54517
54262
57235
55479
55705
54570
54309
52463
55723
54046
58241
52652
59347
55266
52908
54489
57028
52352
53054
57967
55967
54587
59754
54741
55002
51095
54061
57947
55116
59603
53167
55715
54305
56465
59257
53827
53167
53002
56295
59816
57586
51634
53601
51301
59678
54805
55659
55168
51913
52906
56720
51592
52550
56910
53853
57061
58820
52428
55608
55776
54779
58872
58108
59408
52802
59803
54867
56072
59485
53286
53395
54614
58914
51001
55841
51171
52234
59823
59699
51746
58499
54206
51874
51877
52795
58648
52410
51130
57293
58717
59416
58796
57530
54073
52387
52613
52867
57771
52334
54414
56865
52211
57802
59674
57715
52123
58952
57454
52703
56012
52022
58759
55074
54833
58680
52086
59779
52395
59849
53203
53364
51076
51121
58530
53816
55910
55328
58299
59343
52196
59825
59128
56668
55380
58199
55263
56341
53188
59650
52760
52927
57329
58977
51825
52562
52361
56299
52371
52253
51940
56466
57898
55365
57615
54492
59587
52381
53072
57478
55013
51723
59310
51285
54826
52207
51535
56729
55623
51210
52363
53454
57564
56538
54751
57118
58702
51525
57876
53734
56678
58896
58271
57953
51528
51463
56186
56681
55918
57782
58836
58829
52183
56553
52199
57782
57085
58578
58638
55423
59706
54464
55571
51318
55625
51487
57482
58292
52713
52932
55403
52786
56580
59693
56098
57149
52402
56524
57375
56526
57053
56538
57588
51612
54347
54185
56267
51536
54091
59009
53130
59426
57029
57043
52359
56126
54699
54606
52410
52794
58346
52894
58528
52209
59391
59279
58409
53706
59583
53499
58079
52944
55124
53026
52246
51801
53908
56788
51346
58114
53623
51585
55511
51899
56874
52455
54740
52361
55390
53721
51158
55814
55662
57753
57598
57603
54928
54614
53269
56152
56818
56444
52737
53496
57902
57706
51569
58952
53775
56244
51799
55186
57724
53513
52848
52246
58627
58936
59629
58881
52739
59025
57625
53195
58401
51184
51480
51539
59371
59128
54361
53519
57751
55253
58582
55422
59492
59248
55889
55644
57431
51506
56668
58142
51083
54964
57696
51707
55399
59025
55244
52083
53924
57987
55829
57276
59884
58667
58950
57436
56151
58840
55861
56045
58851
56141
55303
54065
58815
59233
53286
53406
53112
55211
57935
56856
52663
52222
51688
55374
52403
57034
51550
52920
52719
55772
52944
52297
51056
57309
58597
51751
51600
54573
53208
59456
50980
58087
57030
58900
58789
53251
54851
59194
56732
53577
53548
57057
51151
59658
58703
56499
53719
51640
55182
51106
51267
56161
53058
51730
59422
54394
59514
58149
52591
53865
52916
59737
58758
59196
54025
55217
52968
56717
53769
59258
58338
51103
51967
55923
59716
54970
57369
59269
56924
51140
59202
51884
53534
57963
51585
59074
54866
58142
54136
55890
51806
57143
58959
59366
53181
57109
55952
56607
53211
57493
54919
59182
50988
54333
54236
59138
56797
58259
51748
54943
51986
52722
54237
53074
58423
55636
57013
58301
56046
59545
56898
58432
52744
55603
51857
57561
58120
51394
54307
52057
56487
52903
53189
51106
53203
57185
57314
58510
53436
52602
53978
55345
58414
59331
55687
57688
59144
56260
58638
53250
52433
52197
52519
51485
53450
54816
52703
53612
59539
56271
53420
52014
59484
51984
57678
57057
59602
52096
56198
58652
59534
58826
56485
57088
52706
54355
59177
56667
53311
54647
55367
55902
53710
53469
51973
52576
56996
56313
51916
58171
51390
53957
57735
55757
56810
54322
52177
55393
51174
52759
58717
57572
55426
54766
54441
55010
51013
52648
53723
52418
56180
51255
53634
58229
58343
54827
56666
59312
58793
56282
52791
59811
58204
58592
53547
59094
55298
54984
54582
52195
55117
59875
54726
58161
59485
57773
59167
54162
56479
57707
57093
58871
59702
56530
59021
54389
57351
53602
53838
51112
56788
55810
51819
58180
53253
55984
59538
56027
51034
54321
54182
52330
53923
51620
58097
58637
52857
58391
52258
56595
51801
56489
52330
59700
59082
59822
58100
57784
50999
54477
55706
51127
55366
57854
59339
54049
51053
57552
55873
51437
52256
54590
56416
56742
52673
54191
56855
53809
58186
59115
59330
55360
59574
56103
51158
56704
55437
55414
59713
51177
55248
57952
55097
55289
52404
51407
58588
58746
55896
55306
58941
58536
59000
55973
57666
58835
55789
55328
53597
57233
57205
57828
56437
55365
58191
56413
56029
53080
57775
57560
58041
59442
52316
59096
57367
56470
51083
54224
56290
53953
54279
57969
53996
57862
57405
55706
57258
56312
57045
59285
54307
53530
56854
56959
51946
53099
56274
52591
57053
54575
54679
56011
54767
51166
56838
59212
56386
51400
59766
57797
59692
52004
51917
51657
59625
51757
54030
54844
54146
56862
59174
52860
59884
52581
58465
52626
57269
54488
58655
58585
52694
53331
56002
51852
52186
55991
52870
58489
58498
57216
53251
52479
59334
55350
52838
52168
54751
56767
53887
57226
55022
58485
59683
53283
56751
52100
58813
55123
54792
57487
54477
52962
58859
52583
55894
51373
56360
54537
53659
51776
58362
58868
59051
51798
58017
55124
53664
57049
54156
54415
57137
59101
59756
59845
58446
55390
59073
55277
52273
51622
55674
58075
59172
59056
54203
52696
56657
57259
56730
54128
58526
59550
56132
55637
55294
52330
55940
54682
54121
53723
59654
54103
54279
53146
55755
56814
54767
57196
51173
53575
55814
54282
54757
57955
54739
55306
56850
54420
55327
52226
56219
54335
56357
57659
53297
53689
59783
58629
59759
56286
57842
57653
51170
52606
54629
59550
56090
56237
52785
52098
53072
59853
57657
59798
57755
52794
53585
57653
56622
56964
56670
51566
57223
55646
56325
59795
53511
51240
57622
54076
56546
53041
52372
51153
56671
54082
54901
55744
59819
54428
55301
51425
59224
55970
59074
56882
54114
54973
54854
55920
53133
54354
53005
58929
53097
52529
57038
53414
52399
54956
56515
54589
51293
53952
54004
58335
56998
54169
52588
55622
51492
55101
51590
52209
59493
55224
59748
55095
54991
55834
53485
52806
56599
58926
51498
57899
57575
53865
57353
51290
55814
58478
51553
57235
54768
53274
56547
58045
56368
51286
51501
52249
55929
56958
56533
51581
55604
57462
53180
59714
56067
52724
55840
52908
58782
57112
54921
51992
57801
53250
58688
57983
59205
59192
55751
54136
51547
52420
54662
54198
53693
56394
51871
57463
57214
53458
54885
55255
54909
53389
51673
59256
57608
53079
56211
59807
55403
52477
57716
53675
55173
55235
53941
51953
56960
56070
51478
51268
53485
55524
55691
55806
57535
56708
53720
55480
51779
51317
58243
55132
57455
51494
56207
56958
54118
55441
54732
58173
55847
52256
56043
51932
56990
59684
59631
51935
55717
52230
54401
51133
55833
56639
57745
59816
57876
51175
58583
51716
56779
58643
56696
52424
56429
51520
52967
59463
59451
53371
54644
51276
53289
56588
51514
55039
59350
55785
57031
51433
54823
51873
52006
54345
55103
52491
58923
52614
55823
51388
51569
57888
53949
52290
56215
53583
51451
56116
56552
56829
54624
56314
51729
57393
52743
53284
53692
54746
57337
54834
55024
54014
59622
55974
52743
54335
58966
54397
51280
58904
56749
59092
53051
58104
54593
53640
51500
55793
57738
51802
59108
54340
57851
54992
51908
52738
56239
55710
55947
56997
53332
54472
51096
50973
55697
55167
58117
55559
55715
54979
51589
57823
54286
58941
57676
52432
54914
56819
52347
54745
51893
51578
56704
54146
53780
57862
56901
51127
51038
52498
54863
52106
57626
54780
56164
56272
54976
51246
59366
55373
58307
52043
52817
54775
56537
53646
59037
53058
56528
59022
52695
51905
54660
51593
54236
59200
55919
55280
52978
53541
57710
55194
59035
53366
58238
58714
55514
51567
56082
51113
51580
56370
56447
57545
51030
59189
56676
56117
52827
57390
56161
54152
56888
54795
51176
57460
50983
51675
55978
59852
55901
54632
52239
51180
51347
59361
59085
56044
58972
59342
56561
59179
57516
55307
54076
56447
51369
56389
56375
51365
57368
56538
57093
54150
54362
54925
57541
54301
53514
54374
54537
57479
58267
52225
59573
57116
58209
52451
57457
54501
55553
59506
51919
53454
53687
55835
53386
59652
58250
53681
57952
58075
58893
51273
53376
54325
58158
56740
59235
55639
53049
58477
53588
55668
58824
58378
54436
51544
52486
55730
53686
56821
55843
55021
53458
54693
57102
58398
56404
57329
52069
52013
53949
58039
54423
56308
54064
54673
58783
51161
55320
51134
56628
51775
54152
51374
58899
56073
54197
53040
53109
52194
51525
58288
54243
55851
54406
52972
54714
53893
59655
56155
56334
55624
57930
54730
56750
57722
53015
56690
52124
52164
51125
56908
56238
53340
51822
51485
56198
55846
58668
58300
57721
54377
58970
57435
56057
57717
55142
56387
54757
54544
53948
57189
51151
54333
54255
52099
56188
52565
58927
58016
51944
54015
56231
58398
54924
55275
53867
58216
59155
54547
57403
54946
52553
58545
51171
53470
54837
59032
58137
55006
59827
52090
55133
57124
55921
59507
52711
55981
57988
52396
59717
54184
55022
56161
52013
55297
51007
57117
52750
56527
52403
59692
57959
51694
53014
54495
56695
53370
55256
56139
52581
58596
56417
54330
54356
52775
51076
56169
53147
53810
56741
52759
52323
57568
58204
51024
51248
57301
52137
53025
52417
51950
53169
55717
57623
59430
53393
59152
59763
51650
54188
58254
52694
57520
56623
51127
55539
54191
57809
52298
52945
57422
51790
57518
54243
55803
53283
59801
54586
56905
54459
51612
53681
57608
54761
51899
54455
54450
59882
58783
51485
54055
56600
51134
51915
51220
58727
57662
51403
52394
58265
51225
56314
52156
55078
52797
56509
56619
56362
57965
57304
51044
52726
56649
56438
52420
52425
55822
53076
58065
54538
53199
52966
53944
56967
52751
53833
52431
51795
59444
54167
51633
55460
55227
54981
53180
55245
55527
56282
59221
54170
51042
55795
58481
57912
57218
53594
51474
53435
58781
51970
55964
56763
59225
54358
59884
52315
54522
59139
55155
53905
53438
57663
52286
56983
58381
52550
53461
54775
55976
54698
58579
53321
51181
56885
58253
55424
57896
58945
53624
54875
57674
57653
56468
56880
57738
51762
56936
58608
53470
54604
57054
53236
54192
55915
55422
54264
56187
54234
56749
55128
55517
56251
55993
51517
52285
57985
53231
53846
55193
58465
54801
51889
55845
57964
50990
56295
51506
59234
54828
51865
57996
52459
53939
54573
51014
54793
52547
58287
52954
52666
51846
56329
53976
52335
53601
57526
51947
52398
56936
54262
59858
59326
57406
54749
58128
58645
58644
52498
59298
55906
52491
54283
53594
54838
54256
53742
54050
56075
52737
52097
52596
59535
55032
58545
55755
58661
55270
58401
55773
54130
57285
52772
58306
53143
55640
57668
51447
53174
55101
59611
58135
52427
55663
59389
54098
51641
55882
53577
54603
57633
59370
51327
59544
53810
57616
56831
54249
52929
56832
55266
54473
56744
54160
59783
55729
52976
53967
51123
53437
51353
51851
56887
55528
52173
55154
55058
56803
58488
59373
55692
54062
54330
51562
56205
56655
57897
56354
57858
58945
55881
53309
53177
55319
56952
52358
57713
55176
56410
55763
53111
53942
51352
51494
51401
56429
53514
53601
55128
58812
56005
52395
58046
52569
55857
56931
51334
53818
56079
57074
56535
55886
53609
54863
58490
53460
55412
56602
54110
57722
58004
59676
53188
57493
56531
53010
52674
55231
57344
57518
59563
53389
57874
56513
53980
51065
58137
52850
55828
51413
55426
51794
52272
55433
54870
52646
58103
55645
55944
59155
59437
53744
54834
54407
53657
51466
51382
56425
52770
57607
58570
56263
55688
54736
55647
52746
51787
55698
52938
57981
57801
55110
52441
52970
59116
58798
56479
51229
58762
53314
55188
58760
54652
54092
54536
55348
56372
54352
54887
56946
59682
56151
56930
53995
55999
54797
53104
55334
56050
54985
54042
56601
55899
55214
56995
54070
56106
55310
56346
59832
53700
57347
53288
59570
56476
52126
55516
55493
57094
56581
52167
52065
53753
56209
52495
54737
52494
52444
54678
54121
57439
53294
53575
58310
55575
55148
59867
52428
58072
51880
53504
57004
56797
53864
54724
54485
59352
58546
56776
55250
55687
58438
54949
54216
57274
57936
52952
56985
55703
50999
57830
53475
50983
55591
52593
52999
58244
54709
59872
58253
52121
53273
58736
56462
55568
56643
52305
59315
56812
56632
51205
55131
54383
52155
54804
57712
52623
59878
57599
54327
51242
51725
52090
59714
52958
57500
54459
59333
59201
54059
51715
59881
51599
54424
52789
52016
53102
53694
53882
51352
52436
56140
53807
52521
56552
56920
56629
56488
57861
53708
52531
53562
55101
54708
57178
52219
55280
55975
54323
51116
54971
52007
54453
51543
57442
52728
51860
51015
59629
55096
57441
55215
54522
59842
54902
57283
57021
53525
52744
59279
54537
53860
55202
56827
59720
57433
58778
53774
51057
58928
51904
53443
59109
51461
57320
55895
54722
54503
56397
53482
53036
55439
56758
59611
56517
51396
57651
51084
53998
56018
59175
51244
59077
57656
52604
56598
51182
54693
54612
59590
59026
55777
58698
53475
56622
51131
55181
51518
51213
51234
51157
55683
51725
52329
56452
57617
55985
54741
53771
51511
51026
54309
52902
51677
54522
51462
58289
58119
57962
56949
56955
57867
57432
53546
59056
59113
55255
52905
53205
58355
58677
54187
52133
53187
52150
55777
56518
53604
56839
56016
55325
57454
55094
51090
54312
52724
51447
54623
52689
53874
58393
52807
51211
59747
58631
54879
59092
55645
59859
56687
57247
51196
59135
54054
51380
52915
54910
53266
56291
56103
52635
51079
56519
53991
56143
57844
53850
52594
57223
51445
54463
54902
53274
52012
57494
56869
54891
52739
56609
55730
58237
52443
51964
59314
56094
55022
53887
51119
52552
52915
51236
58963
56372
54143
56783
52743
55960
51429
58085
51673
51625
52199
58147
54532
54427
59807
54299
53610
53757
51166
56251
51832
59151
56326
54642
53046
53400
57146
54337
55708
57572
52169
53348
59803
58692
52156
57994
54643
52678
52625
51994
56566
51305
51707
56422
51702
58362
58484
57045
57219
57515
54893
56114
54789
58392
58598
54261
55554
53206
51208
58053
52671
58124
59804
51018
59540
53896
55100
57577
57510
51334
53235
51450
59329
51940
54741
54595
54437
57326
58576
51356
58302
58353
55109
54586
54814
53148
54302
53122
52221
58193
53872
52021
59604
58674
53690
54727
59020
58004
57993
56623
51266
52249
57079
53042
59537
52618
58450
54584
51482
57610
54053
52826
58200
52970
54929
57158
53880
51676
58569
54993
51059
52917
56311
53114
51664
53757
55626
53329
59851
55731
56777
53146
54534
56517
55623
52379
57951
52425
54421
58811
57135
54270
57443
59180
51037
52878
59448
54078
53823
55309
53164
54991
57000
58553
51786
53668
54639
58216
58052
58620
53239
55211
51382
52451
53679
51289
51799
58282
53524
52488
54308
58140
59585
54776
58040
54995
58982
58099
54615
56908
56223
51398
59783
52835
56653
53770
52999
59416
54028
58689
53430
59172
51877
55114
53927
52200
51698
51676
58110
52121
52260
59723
59217
56308
59541
59078
52762
53529
58974
58408
55925
53615
53294
57154
53267
52701
52476
53633
59350
56872
55086
56677
50984
59775
59433
56011
52315
51277
55965
53870
55980
54950
51673
55361
57087
54800
52461
57123
53500
53915
56240
56492
55920
54148
51547
58592
57764
55860
54044
52222
51457
51935
53154
51328
53112
52922
53676
56466
51180
57793
58737
55893
59615
52701
57632
56049
56952
54541
53642
53919
51288
54281
54780
57075
53481
58686
51422
54728
59131
51322
57801
57812
53927
56719
59593
55085
58477
59071
52067
53897
54110
57966
55081
55571
58710
52092
58780
51752
50986
55509
51644
53406
54089
57885
52747
56695
56044
55431
56284
51979
58443
52470
59064
55742
57019
54325
51110
54995
53893
53330
59591
58289
55768
55650
54589
56951
55146
54194
58383
51913
51006
58512
56295
59235
55082
53402
50984
54850
54532
51716
57202
57127
53779
52199
56808
57839
58850
54447
52046
53109
56224
52967
55045
55460
55998
58672
59521
54500
57631
52462
51329
54232
58056
56807
55655
51601
51643
53469
53751
56337
52564
56898
51150
57505
54304
56879
54872
59585
54700
52608
56954
57213
54714
52775
55961
52042
54170
53292
53734
55731
57886
57540
56950
59442
54087
53733
56144
52099
56643
59675
59254
55444
52146
51557
57769
56241
51586
54032
53178
59509
53849
52845
58202
59219
56742
55148
54398
51946
55629
56373
54728
51949
54294
54498
51518
58025
54517
52437
57678
54981
57690
56501
59130
56901
59119
51563
51119
53965
52481
56479
51294
52411
56609
53207
55778
51505
56162
55754
54422
52871
52234
58529
52181
54809
58165
57991
50973
57792
58342
55392
54755
54544
56088
53731
51643
59804
58510
51888
54047
57691
59712
58269
51766
51211
59523
52761
58201
58171
51810
52229
51926
52270
58302
54606
53837
53998
53448
51186
59322
57759
59387
57020
53622
51426
54974
51786
52463
53128
56109
59405
59618
53644
55571
53484
57695
53792
53492
57913
59553
52194
59698
52493
52567
52391
57636
51328
58448
56465
55762
51521
58409
55374
58584
54019
59033
51359
51300
56436
59724
57669
58656
55052
51349
53273
56880
59698
57781
58763
58437
51728
54241
54571
58809
55223
53195
57261
54441
59137
56605
52706
52463
55891
55935
55643
51915
56500
55547
57041
52330
55660
59076
52980
53240
53508
57394
51077
58192
58256
54563
53751
52588
54667
51409
55478
52982
58298
58641
55425
54846
53886
51484
58045
59547
58530
52350
54817
52551
56904
54438
53095
59028
51891
58495
58065
51957
58649
56210
53209
51995
59564
56131
51445
54926
57358
55450
55713
53293
56642
59503
56560
51671
53938
55943
59761
57041
58560
53673
56862
58000
59682
53866
54631
53702
53541
54718
59345
53066
51075
54603
57264
56680
51186
55970
55806
58597
57207
57377
55360
55189
56086
51621
53078
52179
54957
51618
58463
56475
56151
55722
53075
55360
56620
52648
58031
58288
52235
52273
55794
58191
59072
56793
53670
54259
53871
52484
52645
54322
54905
54899
55251
57597
58638
58946
53781
57960
52565
52440
51696
57292
52951
51508
53836
59227
52398
54505
52250
52035
59201
58829
53780
57690
59602
55686
52518
58669
56132
51846
56944
58260
53125
58671
51792
56889
53480
59716
57234
56135
57273
53526
52676
59878
55931
58787
53551
54789
51472
54983
58096
51209
57285
59631
52165
56211
56917
59520
56213
51031
55047
56512
52949
51485
55049
56476
58007
54292
53640
51583
52434
56690
54719
54483
54794
55942
51471
54316
53673
54237
56299
55551
53706
58479
57098
59430
55477
53942
57388
51617
54197
54979
55266
51891
56320
52412
55389
55014
57754
52426
57921
58282
54356
55573
53573
53919
54520
55484
53613
56062
58894
58950
53176
55821
57367
51307
57028
58149
55920
57266
51245
58174
52619
58856
52120
54478
52428
55558
53447
58525
56352
52122
52007
53804
51467
52953
57601
52445
56843
55412
55444
52687
59559
55896
55695
56482
53536
56653
53277
53521
53933
59778
52241
56853
56332
54302
53871
56352
52768
55297
58361
52092
57318
52214
53446
57059
51426
51572
53282
52960
55433
54669
56669
56942
51308
57445
53486
53030
56790
56919
59559
59655
54957
59267
53470
56435
53125
57390
54887
59448
54207
52235
56376
58408
54147
55793
51947
59781
56847
54261
56450
52291
58320
55169
56495
59439
52285
58196
51685
55708
55302
52523
58793
57070
59613
55432
51617
58621
52140
52149
50976
54741
55032
53602
56404
58996
52892
51239
54830
57754
52051
51538
57569
57625
58782
56324
53829
54597
55586
57676
58020
53385
51335
54648
53340
53748
56633
56092
52072
58988
54946
51014
58574
53080
54950
51058
52412
54443
57751
56330
56849
52124
56675
56958
58720
55938
52902
54954
51528
54750
53362
57047
54157
52322
54829
53322
54140
54944
59557
55970
59133
55115
57346
54883
58708
52772
58351
59881
58076
54682
53717
51868
57954
52789
57057
56303
51601
51752
57269
57630
56013
59500
55913
52583
51983
55347
57767
57268
51620
58964
54341
57094
53440
56207
57856
55269
52787
52336
53773
52685
52218
56919
52094
51972
51480
55769
52269
58743
58808
53887
51577
51909
54976
51787
59642
52081
56807
57840
53514
59799
54543
56623
59478
53651
58434
57083
55253
51768
51946
59301
52426
58121
58648
54865
55166
55268
52240
52521
56617
56736
52812
51817
56319
53343
56349
54474
54189
52323
54553
58895
53245
56034
55556
51203
57169
58059
53436
55976
53022
56488
55618
52424
54670
53681
58104
56221
56004
53621
57947
51639
55088
52142
51861
52455
52059
57206
55409
56323
58086
59346
55661
53582
56710
54295
55312
53898
52951
55593
52428
55561
54001
51307
57594
53331
52830
51000
56577
52499
54882
56785
57217
52131
51676
52328
55652
51766
58238
54902
52041
52939
56276
51936
57582
55298
55431
53380
54846
58936
54787
54546
51346
57327
52942
51591
58952
52979
54646
54308
52938
57234
59609
57750
59856
59827
55280
57066
51660
52390
57660
58423
52016
51846
55784
55768
54776
58931
52231
51233
53557
59675
55511
54953
53086
56774
55868
54500
58596
54141
55094
57724
56982
55030
55933
53788
54085
54233
57057
58926
56359
56113
56427
54047
58353
59590
52582
54563
55538
55178
54123
55811
52897
57995
53255
52301
51510
51157
53960
58341
57952
58486
58603
52176
57621
52154
52560
54222
56108
52513
58206
58738
56524
53615
56220
57660
57641
55997
57075
56988
59031
55200
52635
55471
51694
56107
53846
53049
57670
51375
55232
58571
55309
53219
52409
53096
54998
51426
51123
51665
52719
54611
54222
56704
54117
55596
57388
52781
57727
55643
53027
51124
51250
51289
52521
57175
57534
57838
59640
51869
55846
52240
53236
54688
58925
53195
59787
58475
52707
59080
59140
59611
58304
52177
53563
53036
58646
53169
56702
53810
52663
53628
59555
54219
53320
56239
54916
54656
53190
53964
51578
52424
56934
57522
51167
58590
51411
54760
55886
59170
53597
52473
52887
58734
51256
51039
56425
52838
57900
53303
58114
51479
56863
53906
54926
54353
52133
52151
53369
53320
52895
57606
54410
56081
54650
54293
57847
56095
59319
54348
52560
52970
52775
51396
53800
52682
55728
57433
51737
51469
53763
53042
52459
53202
53281
52142
56769
51347
56028
51009
52151
58967
51744
51544
54231
51282
52719
56238
51588
57082
55160
58837
55152
55223
55411
55831
55450
55117
59767
51092
52040
52177
52390
53358
52248
54712
54988
57103
56437
53342
51950
53376
53218
55067
56635
54648
59166
58687
53284
57068
59709
56980
54687
59026
54639
55423
57987
53136
53026
57932
53344
52997
55390
55082
56518
52637
54357
58226
58132
58982
55809
57102
53386
57544
51220
55050
58864
59089
56888
54614
56066
56291
57378
52074
53214
51338
51341
57309
59613
57521
56773
51170
57701
55131
51608
51039
55438
54391
51910
57478
54981
56292
54804
53927
56579
57454
55191
52653
54961
52538
58026
52752
58894
54378
55908
56491
51624
56778
58281
56282
57033
59537
59670
58226
58075
56327
54786
55832
55158
58925
59753
55003
52760
54299
52608
53986
52637
57823
53741
55572
59582
59341
51766
59809
57492
56091
55133
54953
56339
58922
51393
52112
53264
59371
53253
58331
55144
59508
54793
52454
53758
56601
55506
53670
52238
54713
56137
56228
58328
52943
56193
54696
54657
53724
54194
51048
52209
58719
52382
58626
56058
51416
59328
51705
54385
55189
58721
56238
56829
58232
52620
58835
52381
52328
58856
53125
51203
56712
57717
51287
55207
53861
52679
52948
56201
53749
58089
57268
59846
55518
54404
51268
56401
59883
59358
55933
57960
51866
51295
56385
58523
52161
52213
58105
57761
52144
56317
51431
52750
53455
57432
53662
53817
51353
51528
51755
52218
54201
51196
51168
54083
56075
55356
53232
54573
52688
55717
57815
58406
53704
56769
56197
58750
54972
55751
52692
53590
56910
53356
53425
56271
51752
58419
59561
54861
51471
54222
59840
57337
54025
55226
55297
51050
59765
56540
56946
58605
52951
54385
51611
54052
58292
52842
54119
54790
54206
58466
59075
54083
51843
57747
52038
54492
56140
58496
58687
53159
54566
57840
56376
53196
52624
52799
51993
54964
56092
56930
51073
55776
56274
55520
56270
52969
52364
59195
53942
51088
57679
51056
58396
59278
58638
52560
53927
51614
55951
55640
54472
56100
54767
51449
59844
55912
51156
53809
51288
53164
51990
55971
59432
57155
54212
52766
56597
58785
54097
54909
59241
51625
58190
56612
59066
58619
51148
58752
52146
51938
52442
54605
53862
55452
54384
58163
54322
55050
54277
52434
58032
52053
54624
51083
59542
59119
59674
57220
59197
54806
54278
56407
55004
55918
51637
53993
52495
52052
51160
56258
51835
51772
51303
52989
53478
53934
52273
52125
57945
58551
55299
58096
51891
53447
57220
56061
51882
51362
51904
52345
57990
56196
56773
58870
52358
55207
57854
53073
57269
54068
57973
55960
58129
53430
57613
55972
55334
55257
56022
56073
51899
54097
52870
54841
58054
51016
57577
56303
52813
56740
59616
52623
58541
53468
58423
51441
51867
52951
58130
52811
56151
55778
51137
51158
59281
58199
59510
59709
51190
51126
56582
57578
52611
53774
55538
54702
54334
53689
55912
59109
58591
52509
59762
55310
59421
59346
53431
59090
56166
56273
55353
57078
53941
56494
57437
53836
51863
55240
58936
55487
59169
51588
59630
50993
56463
57871
51286
54291
55535
56406
51745
56904
55228
55285
58444
59802
53513
52753
56736
54247
51546
55220
51904
55347
55985
56186
56194
54185
58778
59435
59334
53094
53781
59340
52528
56917
56990
55201
52583
56439
59622
52576
54243
57873
53345
56923
52536
57892
51224
57719
53900
55957
57261
53224
53868
55480
51202
52083
53603
55926
58561
53075
51892
56556
52477
54603
53592
54825
59548
51712
52577
55070
54421
53961
52467
56190
57512
54945
53405
56087
52329
54181
51034
58556
59174
52965
55349
56925
56116
57439
56717
58669
56520
54395
52325
53572
52024
51948
54370
54565
51679
59458
58422
55330
51777
51197
53104
54203
56525
53199
52226
53714
56883
52129
51966
58575
55732
52566
50991
53280
51103
53797
58418
55620
51280
59458
56623
56565
51927
56781
55213
55973
51129
53932
57273
54627
56805
56059
53352
57842
52299
52577
51076
58448
53809
51518
59680
57087
54927
55562
51520
51264
55631
52519
54007
53223
59824
53403
53736
53478
57130
54251
53855
57523
51912
52556
51188
53683
59852
52737
53364
55937
57271
55184
59181
51072
56087
54830
55663
54637
51449
52668
55276
57347
55526
53880
52431
54359
51241
59518
59870
57863
56803
52046
52673
53713
56748
56474
52970
55737
53869
51267
56559
55627
56689
59789
51219
59853
57851
54533
52200
57935
51556
51722
58774
56917
54670
55009
56019
52670
55329
55033
57278
51414
51769
57710
57609
59483
54470
54030
56059
54442
56344
53037
53838
51317
54017
57117
54811
58811
53659
52607
51427
51426
57668
53072
57764
56831
55627
52980
56224
51714
51029
55369
54576
51422
56896
53766
54367
59586
57537
55918
55057
51479
53519
55318
53385
56504
58641
52509
54344
58431
58204
52712
52936
51266
58637
51187
58885
54765
59862
56855
53119
51283
54178
55742
53709
59521
55972
53803
54869
54393
56893
53675
55255
56787
58608
53564
56380
55074
57932
59542
52334
51123
55010
53327
51966
57065
55686
57409
54426
58241
52131
54133
53884
51086
59104
58442
58906
51050
54103
56500
58890
55712
54727
53203
54711
55466
51394
57753
55530
56942
55523
53805
55560
58783
52614
55004
58998
56796
54140
55584
58254
52109
55974
54830
56042
54234
53597
59198
57854
56061
51323
53044
59343
52749
59772
56774
58832
51228
59465
55443
52644
54232
52179
59186
52664
53926
58563
58104
55623
56668
52546
54158
54125
54151
58858
58490
52827
58867
59685
53568
51533
51289
55687
58209
55972
56522
55288
51805
52143
56055
55682
51598
54347
56900
52330
59201
59241
57635
57541
57460
53028
51998
52144
58409
52364
56138
54673
53189
54237
56054
54991
56520
51610
59553
55020
56424
52280
56000
54180
59816
57705
56044
53280
56796
54014
56720
51716
51961
51763
53020
55586
55395
55238
55157
57439
55205
58557
54535
56621
57716
57092
51576
57840
52053
52202
52400
52240
54336
59629
58246
59666
55699
55969
52445
59034
57338
55835
52503
51809
58940
58521
58957
53713
54087
55833
54726
58545
51906
55704
52474
56603
56471
58721
55652
51051
52707
59073
59697
55096
54783
56274
56871
51740
57905
56969
51946
57550
56079
51645
55122
55570
51577
55147
54912
56966
55028
53404
55023
54464
57664
57341
55777
51164
56756
52664
58396
55442
53583
51534
54672
56828
52888
59366
54234
58497
59711
55767
54299
51484
58289
54109
53593
55967
56210
56404
55157
56460
53916
55277
52458
53277
58726
59843
52781
54424
56906
57399
59076
54379
54868
59502
54822
54948
52760
59863
54309
57436
59373
58276
56152
55387
55324
56566
55700
53794
50997
51125
56204
57267
53254
51146
56433
56604
56870
59799
55586
59632
51877
53740
54278
56640
57161
54349
59606
58776
52108
56288
52105
51452
53285
56913
52824
55371
53330
53202
54620
52279
53482
56812
58636
51506
54910
51314
53867
56278
53358
58753
51412
52781
54769
52696
55573
55225
56186
54634
52058
56097
54233
54756
54343
55361
51541
58571
57441
57743
52500
52370
59810
52305
56747
51762
54937
58591
51758
56517
58241
56707
55915
55950
56748
56650
56808
55883
52586
52102
54691
59142
56818
51294
51000
52419
56696
51174
56416
51525
52581
58907
53069
59112
54047
55424
56268
57993
56442
54293
55560
53745
56121
56720
52658
55550
52735
56095
53545
53699
56684
58670
55877
55299
55693
55548
54224
59678
53336
52865
54355
53532
58466
51076
52909
53021
54290
53015
53075
55224
53308
56097
54792
53348
58533
56938
56811
55912
54210
52065
54618
51856
58651
58167
56491
56509
57167
58639
56537
51716
51922
53434
51421
52615
54778
58493
57053
59851
51482
58608
51308
58809
53970
51932
56363
56745
54062
51695
58261
53592
51479
51995
58865
56111
54434
52131
57861
54909
54847
57240
51407
51550
55027
52405
56191
50967
52862
58295
59644
53564
51855
51425
54686
55235
56783
52022
53234
51750
56629
53711
51837
51304
52840
59168
58829
58617
53463
58047
58380
53522
56271
52867
57499
55934
56759
54423
55967
55887
59322
52724
54348
51899
56820
56830
59203
54461
57643
52562
59340
56807
59422
57515
54839
58832
57714
51548
59815
51338
58336
51641
53045
53395
52311
55320
51549
54535
59394
51066
58029
51043
56618
58463
51487
53016
54890
51435
52890
54458
51902
50988
51000
58350
53229
52020
57538
51865
54504
53430
59500
55448
52601
58080
57427
51325
52298
56774
56749
59653
51479
55579
53643
55851
57517
54734
55732
58160
51921
55063
53501
52678
59502
51052
51417
54092
56492
58110
53619
51031
51974
59716
54731
51555
55863
55177
54802
55982
56398
51853
52820
56180
52361
56127
55931
53608
56844
51470
52176
56738
55919
56746
54429
54821
56666
54823
53006
58326
52821
57737
53086
51793
54462
52211
52778
53615
53611
52555
52916
57505
53415
56276
59220
54567
58734
54638
55706
56054
55408
55477
51486
54076
53860
51821
54757
51464
56744
51506
51734
51342
54147
53194
54110
52178
54612
58817
56300
55257
51593
59322
56457
54913
55755
55560
51653
54701
53759
54295
52297
55756
52423
54224
52855
52065
54087
53960
51705
53258
53795
58290
53136
53218
57681
57744
56577
55725
57398
53142
56908
57265
55472
51485
54751
53404
56179
59881
55248
54718
56380
58448
59228
52562
59205
53271
52810
53616
54757
55479
57291
53575
54444
52290
54726
55004
53789
52134
59053
55872
57549
54994
58333
58142
54392
51731
58481
53113
57644
55219
55591
54342
56101
52575
54472
59048
54973
52228
52458
54300
58728
51043
51901
55698
57396
56364
52505
51891
53591
51130
57932
57180
55732
56272
56939
51145
52650
58104
57984
55552
56582
56106
55857
53580
54208
57888
51412
51863
51200
54678
55113
53655
58305
51197
53492
51744
53077
51056
57513
51408
58171
59845
51334
51952
52456
53420
53340
54107
52707
52822
53996
58034
51504
59393
53886
59248
58594
56097
51945
55490
57649
59011
57856
51820
54805
54931
59264
52917
52492
58225
58987
52947
54210
56075
53316
58314
59110
57336
51008
55815
55872
59535
56486
54832
57049
58426
54858
56454
52042
55386
57467
54673
56576
57763
54391
54295
53158
59608
51217
57378
53734
56907
57061
54429
58075
59639
59782
54335
55157
55000
54681
58508
54563
53413
55341
55296
54842
52013
59555
57779
55367
56712
51509
58286
58825
55500
55270
51713
53951
56933
52070
51701
53271
58172
52250
55878
52075
58309
58249
57813
58147
55819
51740
58036
55719
51337
53445
56316
54835
59674
55733
58342
56265
57023
57331
56476
58297
58593
57902
55332
55294
53743
58873
53881
51849
53175
52309
56487
58161
52821
54847
53183
57185
55065
58457
56849
51570
58522
52024
52398
56729
57129
56679
58667
57414
57408
55423
51714
59671
58603
55668
58938
55228
57945
52054
59731
59031
52029
54713
55558
57299
58148
55872
59291
54098
58969
51954
56700
51227
51482
51732
54091
58872
51358
52069
54139
56230
57879
52609
58753
56803
57907
56788
56579
54702
53596
52826
51729
55344
51601
53030
51669
59674
58190
55558
52892
57500
54309
52326
55275
51776
57376
55061
56603
51415
54271
56300
59687
55338
54692
58128
58702
52037
56232
52990
54010
57512
58143
53493
56341
59636
51392
55812
58790
58177
55857
54415
54360
52989
58555
53072
55453
53304
57470
55658
59472
56618
51288
59377
53904
54013
56309
53265
56195
51685
54043
54268
56571
58966
58274
55577
57224
55105
57129
54416
55365
57214
53652
54027
53504
51441
53885
56478
54853
54913
58107
51892
56801
51602
57975
52404
55967
51822
53986
56683
57697
59547
58820
54468
56385
55456
51130
53323
58592
56662
58829
56546
55391
54683
51348
51604
51855
54112
58515
54558
58408
53888
58200
58849
57447
58926
51830
59555
55640
56887
51356
58101
52852
53263
51683
52302
55390
52354
53842
55491
51489
56846
51684
54254
51815
51777
58213
58501
53052
55559
55741
57351
53112
57177
53602
51906
57483
56516
56209
51430
53092
57031
54128
55364
54242
54162
57910
54715
59176
57294
57562
58722
55323
53848
52637
53025
53624
51145
52668
57081
52415
55939
52690
58946
59445
58858
56604
52021
58917
52954
59797
52457
58063
55244
55044
52819
52211
54635
58323
58183
58173
59869
52937
53223
56409
55185
51105
59039
59499
56253
55928
55689
53707
52559
53334
54154
55580
53232
58617
55738
54262
52197
52276
52943
58322
52115
55773
57855
58412
52484
59416
57965
53009
51528
51741
55771
53728
53329
57639
51252
59551
55882
54336
52647
55924
57561
54936
55411
55251
55832
57106
57381
57735
51222
53056
53300
56173
55682
52359
52466
51070
52232
55789
56580
56132
54303
53895
52346
57318
55327
54557
59824
53317
52772
54005
53244
58250
52954
52889
59212
57224
54753
54584
52942
51868
53264
51319
57170
55640
58870
52337
53549
56682
55978
56955
58398
52385
58661
55139
52140
56282
54856
52842
54503
52999
59114
53021
55991
54847
59843
55383
53964
58155
56223
57056
54447
56757
54693
55326
54719
55582
58641
54783
52408
56079
51672
53349
54168
55409
53185
53606
53683
56277
53898
53075
52852
55877
54635
58165
53195
59494
58659
57419
59497
53572
53440
52558
55320
55831
52232
52222
56486
59140
58494
55925
59161
54117
54753
56758
57294
55137
59783
53999
57687
54087
56585
57527
55389
54471
58287
54987
56598
55050
55629
55198
55130
55909
58160
55978
53596
52344
54509
53337
59208
58313
57125
59694
59674
58045
59108
53222
57645
54190
56791
54516
55195
58584
56707
53553
52015
51977
59462
56521
56046
53019
59441
52654
58203
55189
54635
52424
55161
52181
58136
53290
52545
56172
57055
57421
54324
57347
57107
56445
52072
53453
54679
55875
57953
52086
54703
55153
53925
57951
58365
53168
51819
54605
52373
51810
55397
56360
54984
55964
54605
54488
54437
51241
53501
51029
57693
53033
54671
59254
54016
53270
54241
59205
54482
56244
59157
56140
57153
58797
59158
56654
58981
53341
58889
54281
53701
54639
52487
57842
52335
56413
56049
56969
55541
52138
53283
52818
58899
54014
52826
52373
55414
56532
51105
54515
55055
57236
57424
51746
53402
51597
56118
55120
51611
54236
59589
59726
52760
59153
58792
54224
53738
56441
56991
52794
53684
56048
55961
54308
56182
56573
53613
52892
56112
55291
52989
57867
58165
51272
52740
52997
56766
51262
53741
56862
56354
51052
52073
55625
53790
57947
56568
51143
53923
55356
54163
51322
51790
58606
55702
53529
51904
51959
58054
56627
57582
54016
55368
53817
56219
53618
53158
56892
56288
55661
58243
55740
58223
56233
57407
57070
53786
53965
52381
57534
57075
52850
52935
53807
52860
58267
54210
51426
52615
57959
53449
58381
57210
52740
52502
52634
53009
56438
54525
55580
55726
51822
54389
55640
59849
53731
56299
58297
56777
57302
53462
56482
56697
52451
51069
52720
53252
51166
51416
56003
58696
54036
55069
57908
56860
58342
56724
54098
57615
58114
52540
54954
54891
53724
55563
59866
54635
57809
56961
54783
54237
52126
52887
59533
56861
58973
58020
58354
55600
54174
59081
54270
53145
55020
52000
59570
53396
54675
54003
52292
56374
59413
55070
52358
51016
54694
58691
52811
57805
54803
58182
59246
54548
59251
53272
59217
54603
55543
56146
54546
56690
58619
53881
59653
55622
51223
54283
57026
59722
53752
59526
53560
55185
59628
54725
55482
52869
59542
58691
54719
57008
56631
57535
54471
51373
52437
59658
56628
59811
59110
58763
51685
54999
55543
52800
51400
51644
57562
52911
56882
51375
56178
56320
55745
56473
54256
57364
52506
58573
52562
52011
59235
52823
55198
59332
57184
51773
56667
53830
57983
51034
52477
57112
52934
54352
53508
56318
52758
56901
59029
58371
53620
52481
58316
53613
55561
59727
58128
57832
54820
56747
54490
56477
52172
54425
55526
58513
57664
54086
55464
59872
53867
53630
52576
51511
54269
56280
51994
52322
55605
57617
57816
58306
56424
52994
51564
53720
56157
51092
55243
51832
56572
51737
52841
59496
55188
56450
55149
56032
51245
55248
55900
59775
52857
59368
57418
51802
59453
54125
53097
51928
54046
52499
57263
54336
51830
58505
51345
58733
57007
58819
51179
52165
53004
56737
58420
54833
52076
59133
53490
55407
55109
57678
53956
55235
55434
55095
58221
57889
56684
55542
58300
58370
58537
57337
57181
55300
56860
57219
54046
53935
51551
53913
57292
56550
54341
58350
59612
51583
51902
55714
51074
52983
53216
51927
51225
58237
54635
57364
52885
58628
52206
53484
56547
58225
58601
57965
52070
54361
50980
52126
56357
52489
58422
59540
53176
53600
58929
51536
54545
56732
53256
59798
59067
56352
51865
57184
58162
56317
58284
51597
59229
51269
58662
56463
55595
59549
57878
51230
56163
55085
54571
55672
52417
56427
55413
54285
51974
51118
56502
58852
53435
59398
59872
55688
52412
58102
56775
54989
57016
53711
53327
51469
52744
55097
52707
57971
59131
57496
59534
53030
56622
52673
51305
56468
56384
52743
54969
52432
56309
58780
54457
51665
51551
51792
58001
59227
57843
59419
51813
51936
51374
51198
59266
52574
55013
53362
50978
51769
56528
57162
56372
58779
51520
53540
51225
54777
52888
55822
55408
53918
58895
52259
57398
58308
51727
58898
54727
54043
55361
55863
52779
54578
53575
52848
52113
53085
52564
56956
51551
55637
51202
56198
56615
59484
54162
51653
53352
57299
53276
56527
57123
53005
55154
54415
51669
55694
54204
57088
53840
57689
53257
59871
54071
52971
59626
59811
52003
52407
55509
57010
55713
53801
52892
56991
56813
57459
58809
53627
56551
56817
57657
51458
52419
52159
51279
57913
53759
57133
51935
55153
53351
56730
54826
55718
53108
58991
54005
53019
53917
57486
53179
54426
55973
54936
53157
57403
59087
53075
53678
53919
55159
55310
55514
59762
53764
59186
58553
58162
53706
54701
53025
54631
58576
59171
54339
53588
55271
51602
56101
55579
53176
57550
54692
58494
52809
55413
51150
53761
56744
53289
59770
54137
56651
53119
54441
58113
53958
58266
53119
55142
51082
52760
51090
54192
59765
54613
53723
53540
51661
52588
53018
58719
56503
55513
53515
51145
59231
53045
54245
51790
57525
57341
53663
58619
59327
53763
55521
51637
52307
51545
56011
51733
58273
54195
55694
51783
52695
56586
57461
51868
54340
56832
51265
53015
58851
55807
58774
52877
51601
57878
59845
55566
52972
55420
57386
51732
51293
56622
59733
58277
56204
55302
56486
55579
52286
53908
52519
51247
55979
56721
54342
54993
54226
54831
56959
58404
51801
56733
56327
52594
55120
51578
57516
52127
56878
54637
58553
56842
58299
56546
55826
53806
52647
55307
59778
57358
57031
55495
56664
56432
57279
57395
59269
53686
59085
53598
58872
59703
56371
58359
52103
55497
55990
56099
51134
57874
54643
51785
59564
54461
52248
55265
52388
51432
53019
58827
51464
58929
51748
53030
52742
52686
53748
59017
53207
53597
51575
52275
51043
58837
58646
55950
54249
51552
54367
56536
59575
53961
55758
55725
55189
51595
56753
56169
57739
55092
57785
52287
58502
54547
51724
51183
55548
57929
55934
51170
53171
53693
51874
55863
52466
53023
52286
57021
51563
58289
52589
55637
54426
55508
56421
54434
53803
56233
57310
56468
51912
51529
51691
57827
55954
56927
55874
51904
58791
56529
58822
50980
53987
52560
53404
52015
54488
55915
55512
54390
51660
55787
51866
53907
51762
53699
55018
57705
53944
54809
59559
59586
53562
56316
52438
56377
56605
51709
54363
54691
51768
52254
51536
53994
56133
58101
53627
56164
57346
58294
53796
51446
54640
55913
58116
51920
58758
55219
54115
52013
55907
55637
54847
51934
54321
56129
57843
51681
51923
56793
54225
58787
54282
57536
51817
58717
53270
56617
51627
53648
51780
54522
52131
56502
59037
53954
57326
57487
52302
54643
51381
55043
52986
51182
54630
55567
56293
54449
55682
53872
59680
56604
54919
57156
52126
56155
56943
52376
57666
57413
53652
52537
51815
52643
54235
59371
53142
56779
55290
52510
55782
57219
56451
51239
56351
57946
58874
57068
51768
51492
58691
55614
55497
51828
56611
51050
54553
56591
54356
53930
52969
53055
58205
58510
50988
56522
58864
55595
57571
51294
52579
55626
55851
59548
55280
56721
52760
52262
56832
51487
56396
53552
56782
51736
57905
51151
54758
56083
59485
57156
54197
57151
52280
53502
54205
54373
51861
58896
56304
58117
59680
56647
58481
53337
59270
51400
56055
53700
56218
55080
59805
51065
56702
51849
57311
54348
53956
54775
53356
52215
53042
56364
56628
54433
56692
55215
54404
57573
56805
50999
52041
51091
58442
53383
52318
53774
56548
54551
53004
51204
56010
56545
58465
58655
53731
57922
56535
50968
56904
52876
57288
52441
51756
51438
56115
56176
56462
55553
52583
53294
53710
52880
53597
56166
52962
56260
57517
57009
58851
52834
51721
58859
56081
52839
53935
54124
59155
58443
52593
55302
51053
57214
59734
56636
52129
57083
54488
54915
55833
55313
51658
53734
57850
55020
57405
58257
53232
56520
56724
56586
58253
55410
53441
58033
53534
51216
56457
52823
54954
52122
51279
51223
52283
51558
51742
53530
54169
58665
53807
54972
55540
55279
58612
59715
58286
56515
51184
52264
52271
53783
59224
56554
56288
56092
54435
58033
51751
58087
51922
51986
52131
58477
55909
50999
52803
51095
54373
53087
57779
57546
54409
51263
58780
51457
55335
56136
52494
53539
57442
51592
55668
58022
58697
54863
57829
55405
55356
53533
51539
55238
55498
55084
55394
51078
52481
55304
51020
56495
57762
58408
59798
53185
56593
59607
53783
55429
53620
56915
54210
58361
55987
51752
55200
51538
51443
59256
58237
58653
55087
54264
56637
55646
52224
53270
54621
57399
57549
58015
55529
52771
52524
53723
52490
54921
57240
56728
55015
51659
51108
53790
51917
56438
57555
56088
57292
55850
51443
53317
54361
59042
52667
54619
51729
53796
59241
54618
58695
51866
56918
57146
54659
51423
56694
57680
57349
52834
54460
51237
55241
56309
57752
53639
56001
57163
55181
58913
53715
59793
58020
51223
52207
56212
55191
54035
55261
55904
51926
53298
58396
56644
53719
58743
53167
58433
52695
54096
58862
55862
52466
56735
56576
58168
55026
58680
54880
54260
58485
58290
54169
55112
54645
53271
54068
55222
56532
59003
59600
55814
58185
53915
51978
57209
59803
57089
51092
56643
54478
54529
57584
58637
53291
59773
51599
52516
58005
55460
51708
55967
52496
55206
58095
56158
51294
52306
51732
51854
53188
58779
53030
56338
54521
53833
51996
51747
53958
51823
55364
59713
52427
53912
55746
53663
53199
51895
59424
51595
58470
55751
57919
51046
54864
59745
51790
58740
56534
53554
56219
58127
59175
57560
56780
59770
59078
51946
53137
54963
51197
55668
53398
55169
52980
56983
57063
51487
56524
51705
57436
54569
53706
52977
59455
53094
57985
53974
54176
51966
53385
57459
58863
51629
56498
53751
51464
54279
55132
59157
54158
53617
51586
59013
58735
55620
55373
57003
52099
56825
56900
51311
54624
56364
52536
53619
54407
53123
57203
55439
53447
55757
55571
55858
51391
59411
52153
54312
55076
55702
59383
55595
56317
52880
53231
55972
51039
56730
59348
55850
56018
59553
50969
53860
56848
53752
56440
59043
52043
56854
59590
53286
56090
51597
53578
54273
57276
59233
57845
56068
51424
54698
51267
55173
53039
53190
54119
58333
51983
53289
56963
52404
55496
52674
55470
52958
55647
55908
55564
59070
55234
53885
53322
57047
57955
52043
53751
53858
51532
57188
53644
52934
56391
53177
51819
59629
57702
56351
58425
55741
51459
57352
58442
57727
56338
56267
54307
54657
57415
52766
54117
53396
54771
51528
52210
55191
54909
55256
56298
53173
51845
54266
58014
55703
57336
56024
51337
59453
56743
54216
55010
52573
52522
51968
59760
57187
56522
56293
56475
56483
52830
59063
54588
58722
58325
57750
57264
58266
53288
57059
57147
59014
54031
57283
59711
53688
51562
51912
55996
51450
51059
54384
56500
51001
52407
58965
54068
53321
54543
54414
55860
53977
58638
51595
56399
59128
56157
56602
53783
56187
57830
54862
55509
52902
53154
59552
56824
55708
54048
53295
54376
53225
54829
54424
56792
57172
56294
50987
59074
55407
55565
53705
57754
57008
59303
55235
55734
51189
57118
58918
56000
55963
57428
52787
58330
55599
55223
55576
55370
59359
51108
57529
57001
59139
57459
58320
54302
57850
52951
57124
58507
59348
54600
58863
59078
59068
57670
55107
51941
59766
53534
52037
57835
54839
55073
55091
53727
54751
56091
59237
54844
55557
58749
54558
53991
59193
58536
52778
57087
59145
53834
53398
58798
55980
56168
51221
54274
54707
52267
55825
54100
54101
58635
53217
58325
57303
54786
57171
57100
56704
51232
53619
54889
58840
57157
53258
58258
59431
58764
59346
50990
53083
59470
56846
53310
57995
58522
52560
54062
52353
59165
59042
59338
54442
52605
54330
59247
56875
55788
51255
56422
57141
55311
53018
54125
53726
51008
51699
58223
51150
53191
52947
56344
56663
52738
52101
56755
51419
55555
54144
59655
59149
51548
53697
58607
55325
52980
54208
51666
54196
58328
54973
52343
55544
51701
52824
52996
56474
52839
56572
55461
58183
54344
57106
56487
51705
51043
54794
53343
54680
52289
51357
53852
53310
55824
52285
59407
52718
53827
54412
54699
53663
55436
52724
58937
54715
54476
55135
59227
59485
54731
57099
58055
56074
59644
53740
57275
57591
52211
52926
55903
52010
52216
53602
59286
52958
58434
58556
52642
51568
56709
56286
51246
53720
57551
54521
58172
52452
53457
55752
57322
52961
58643
58422
55317
51992
57910
56229
52125
54472
56123
58588
54230
59631
53323
51557
56006
57050
54203
58616
52279
59585
58436
51493
52680
54343
54301
53520
54610
53063
56910
57815
55945
54846
51354
54490
59538
54246
56886
57002
53445
56822
54626
59791
56053
52753
54120
51945
59513
55266
58231
55073
58030
53196
51564
53725
58422
58335
50966
52962
59607
53924
58555
52885
51474
55946
55202
51973
56327
53997
54993
58471
53741
53975
55087
51005
51391
56123
55250
51980
53799
53519
52572
51744
56523
59781
56408
51367
58402
56337
52304
57039
59017
53547
52676
58806
59048
56643
51359
52126
55029
59771
58511
53646
57788
51501
59124
52511
58029
56948
58449
51548
52304
54425
56034
52116
51702
59094
56767
51412
54649
59386
55757
52542
51107
55905
57203
54773
56367
59612
58389
54637
55037
54279
56150
57392
53862
55571
57302
58815
52259
59005
53389
57782
54494
56177
52604
56223
58153
52689
58586
52772
54086
52536
59241
51487
58044
50965
54516
54725
54118
52748
54286
51693
59119
57615
53530
58506
55937
53775
56172
59805
52729
54810
53107
55978
55999
55626
51309
57017
58029
58410
58043
52788
51997
52438
58534
51591
52188
55475
53484
52683
52320
54006
53904
54788
57564
58582
51031
54930
53589
51771
56682
57258
51541
55590
53614
54926
52238
55116
56608
54462
52738
55950
52209
57073
51094
52373
53512
52803
51357
58159
54264
57012
51996
53855
56314
52253
55248
51481
56705
59304
52482
56620
56809
51386
52258
53226
56980
55768
51992
52984
51403
51273
59848
51233
53796
51062
59866
51569
54491
55458
58794
51064
59158
56055
54315
55799
58668
59725
53341
59213
52957
57571
51890
51351
51291
51716
57797
56504
55021
52684
53651
52011
55619
52338
53570
53634
56759
53171
53540
56210
58577
55271
58622
56947
58087
55796
54827
52966
52231
57932
57854
56496
56332
57482
56931
57953
54498
53125
58461
54599
54191
52662
58621
51516
57404
57801
54265
55394
53017
57821
54702
53214
52286
57494
58395
57329
57915
52002
52229
51226
52094
56440
58916
58403
55878
54415
56877
52262
55692
55652
57138
52168
57780
55173
52606
52509
59449
52357
53626
57101
51853
58321
58915
52310
53124
56202
59144
52632
53086
53039
54363
56964
58834
53043
52929
53024
56624
56485
59337
56854
56943
52232
55741
55389
51800
56122
53068
53078
52998
52687
51789
55950
55396
54489
52703
53681
55772
51140
54921
53839
52936
52136
52875
53065
59452
55919
54687
57302
57911
51843
55638
55331
57730
52574
51622
52860
57664
58759
53681
54043
57520
55069
51055
53963
57940
54650
51810
55056
59162
58452
58657
58627
54168
54712
55387
56544
52084
53779
59812
57616
54570
52348
51336
54126
54931
51683
56463
51347
53105
56364
54085
51567
52974
51484
57095
54278
55023
54075
53671
54894
57547
54162
57403
53563
54765
53197
53744
54132
52936
59203
52035
52593
59708
56494
58626
52669
52298
58640
52055
52098
54514
56704
59855
57388
51163
52966
56926
58252
53927
59761
55760
52347
51044
53110
51315
51149
51678
57881
58477
53792
53880
58294
59776
58962
56508
53126
57795
55857
53108
52391
53366
59304
56309
52151
55267
57594
52782
57701
59247
55054
53427
59594
56628
57146
53062
51483
55781
58347
56113
53374
57540
59717
51742
54275
52994
59642
57619
54111
56522
51485
53138
59642
50978
52787
57495
52212
54522
54289
53396
57268
55188
52245
53542
56126
53678
53044
59096
59409
56369
58089
52494
51957
57074
52828
55080
57048
51649
56753
53004
51087
59352
52239
55021
51273
53754
57234
55452
55162
55445
55133
57445
56905
54392
55787
54991
53939
59007
58474
51309
52611
59326
55003
59612
51343
56676
52076
57912
58624
58401
59736
54778
53995
55387
55900
56848
56358
52700
51902
58652
56818
57790
53500
55065
57480
56136
56638
52540
54348
52042
51036
55339
55421
52470
51576
57979
59454
51475
56104
55292
55268
58493
59354
54265
52349
53026
54956
53709
53180
54075
54179
51926
53365
59714
54263
55115
55792
59646
51805
53629
56837
53134
56686
52354
53104
58802
58938
55877
54043
54104
56243
53579
56870
55569
59371
58100
57515
58779
59842
56996
58214
53649
55890
55964
51914
55011
56075
59389
52743
53876
56507
56187
56712
56941
56710
54733
53745
54015
53797
55443
57289
54706
57004
51750
56437
52066
51213
57476
55279
55902
54032
51479
55859
54060
52231
57800
56272
53484
52009
53060
54072
56238
58811
58469
59679
59800
54914
55550
53260
57946
56346
57089
56335
55507
57003
56922
52087
57943
52315
58643
55722
55055
51324
53192
57391
53332
51269
57050
55579
51757
56419
51358
53559
54931
53074
56818
54565
54507
56928
56165
52622
52104
54119
52318
59201
55599
57779
56630
53068
56190
55040
51647
50966
55361
52990
56232
52529
58054
55970
56938
54467
54862
58239
51576
58764
51406
59701
51362
57879
57859
54263
52070
54399
57879
52402
53496
52281
52793
55343
52412
54231
59392
57714
57323
58685
52182
56994
51871
56952
53589
56868
58285
53361
56017
59627
56187
53564
56293
58964
57733
55065
56895
54730
54775
56945
55155
56278
51118
56334
54477
58320
58390
54440
55095
51168
55126
56884
59315
55818
59451
56649
52109
57108
58031
54904
53515
54670
55401
56265
51905
53990
57327
59309
58676
54994
53359
58968
51545
51137
59307
58633
53051
55900
51616
56760
55333
52161
53684
59565
52444
59051
52310
51235
55831
52770
59150
59211
58132
54655
58184
53534
56868
53546
56733
57838
54810
52295
57417
51100
51762
53057
58691
57674
55237
57686
52295
58654
54386
56198
58680
51756
52849
52586
51956
58934
57571
59317
54501
54931
52867
54304
58335
56157
52711
56615
57221
53181
56235
56543
56754
56770
53840
55587
56668
52934
52024
56001
56037
52216
56517
53833
59081
55281
51850
59520
58791
56615
53309
59055
53140
55724
56383
53288
56893
57372
54871
53473
51255
53502
56481
55029
52791
54783
56241
54895
53463
55200
57360
54337
53753
52683
54279
51488
57972
54865
52677
57021
52589
58831
57158
51087
54172
52140
52590
56695
51067
55577
55949
52192
57508
56376
56095
57092
55155
59678
51285
52064
52097
57094
55335
53887
52385
57631
53294
51600
51578
56465
52357
54336
59654
59480
52491
53574
58297
57507
52042
56922
58893
54819
53193
55556
52123
53351
53957
51717
56387
57435
51705
57687
51521
54403
55729
51762
57863
56338
54607
51501
56952
55149
57182
51417
53176
54223
51035
56555
59469
59775
52384
56983
52842
57161
53824
54514
55944
58548
54877
57549
57997
54278
54337
59650
57294
58050
51962
52821
56830
52721
53843
56544
52114
53684
57504
54167
56860
59046
58863
55055
56577
51460
54492
55193
54496
52895
51063
53330
54807
57798
58313
57577
51662
55399
56847
56160
53941
59470
54322
54499
52880
52268
52107
54770
55708
55274
57706
58484
57005
54653
51407
59583
59840
55177
56525
52650
59564
51512
56149
59624
54648
55804
51210
51166
54034
55388
59818
54861
58148
54815
53021
54247
56024
55562
54232
53528
57674
57973
58303
51288
52648
59150
51385
50980
52175
57953
56917
55430
54194
55254
54845
59084
56416
52874
59055
58275
52496
56318
52164
55334
56154
56413
55851
55759
51192
56553
51638
55103
53378
51252
53553
55303
54362
57178
52244
52745
53962
59532
54439
51605
52350
53230
54676
57459
53663
59185
58866
58008
53991
52453
51628
54068
52758
52066
56971
53137
56652
58449
54372
54114
58869
51414
54804
56597
59400
59791
55089
59306
55546
56081
54846
58560
54683
56031
55706
59137
51366
51990
52527
56832
57890
56992
51777
53224
53259
52070
54749
52289
58077
58729
52324
51898
52851
55495
52961
53657
55403
56640
57525
55518
59624
53751
57158
51867
51797
55270
59644
53361
56210
56043
57065
56892
54062
58463
56379
57496
51085
58254
56925
55522
52988
57965
55289
55155
51258
57880
54630
53845
56064
54120
54886
52586
51147
56345
56561
52544
54345
59422
59283
55324
51891
56719
57625
56454
54755
53475
51283
56885
59369
51366
51410
53132
56735
51004
51518
56415
54957
54927
52510
56998
58936
56484
53928
55803
53378
51398
53053
59325
51535
51515
56442
50965
53451
53530
56781
54320
55674
51619
59566
51841
58278
57408
53915
56960
56424
51378
52081
54102
51227
54181
58778
55775
52647
58563
52108
54813
54534
54833
52013
56148
52006
53868
58275
51523
58908
51716
56596
56415
51207
53855
55135
54023
57617
55567
58223
55821
51614
51546
52884
53055
59618
55309
53447
54138
51635
54363
57545
55883
51362
56692
52584
55039
53188
52209
57678
53362
54851
52413
54174
54850
59723
54743
51259
53987
56497
52987
54800
52776
54667
54258
58274
53673
58013
52210
55452
53265
59143
51180
51153
57293
53854
59183
53075
59743
53736
52209
54036
55890
57544
54911
58267
51106
58257
58602
53205
58146
51027
55125
53978
53170
56138
59520
52009
52644
54876
57237
51860
55018
53809
53540
55863
55761
58456
58364
51107
57482
56765
52545
54282
58776
56275
57977
51229
51414
56059
53707
51334
54629
54138
56578
57249
55061
58338
57835
53691
56422
59402
58263
54409
51499
55445
59246
55748
57323
54442
55954
58532
55211
54038
52918
51478
54625
55974
58096
56230
56525
56215
56017
54342
55326
53332
58408
