15902
14909
16017
15818
15271
15216
15249
15626
15018
14990
15795
15686
15561
15692
14722
15283
15296
15302
14853
15162
15223
14696
14992
15018
15100
15912
15591
14881
15236
15540
15191
15785
15204
14945
14790
15985
15347
15245
15748
15251
15550
15508
15919
14972
14985
15325
16004
15287
14885
14999
15576
14743
15821
15495
15003
15436
14940
15686
15235
15264
15953
15398
14888
15889
15383
14943
15853
15470
15346
15074
14974
15536
15047
15282
15065
15285
14876
14993
14863
14999
14837
15274
15342
14997
15050
15786
15031
14979
14885
15662
15082
15990
15274
14734
15101
15488
14722
15333
14700
15275
15185
14855
15903
15714
15464
15753
15331
15245
15164
15237
15823
14975
15835
15719
15643
15195
15532
15068
15184
14704
15996
14773
14951
14978
15523
15668
15839
14997
14766
14794
15136
15682
14920
15391
15257
15120
15401
14829
15224
15980
15975
15940
15053
15807
14745
15742
15084
15227
15582
14867
15176
15037
15906
14927
15582
15923
14788
15029
15764
15304
14962
15417
14872
15864
15930
14843
15356
14963
14697
15164
15815
15226
15421
15840
15821
15603
14818
15714
15728
15752
14819
15128
15571
14841
15086
15167
15852
15704
15230
15982
15519
14900
15281
15287
16007
15280
14890
14739
15064
15811
15161
14710
14856
15815
15440
14801
15856
15458
14912
14782
15077
14848
14772
15557
15618
16012
14721
15107
15237
15254
15234
15184
15883
15738
14935
15007
15393
14802
15377
14920
15841
14772
15286
14869
14758
15032
14790
15385
15813
16016
15293
15183
15790
15736
15724
15085
15415
15728
14736
15000
14807
14811
15840
15057
15927
15629
15008
15025
15270
15368
15272
15008
15331
15179
15454
15449
15740
15520
15196
14773
15180
15926
14927
15193
15766
15407
15740
14926
15621
14817
15873
15079
15776
15957
15772
15470
15916
14981
15394
14753
15790
15574
15455
14793
15891
15996
15394
15746
14952
15345
15085
15749
15381
15670
14963
15767
15673
15451
15092
15554
15509
15159
15202
15697
15534
15568
15067
15843
14924
15210
15875
14698
15373
14908
14705
15341
15192
16000
14832
14790
15598
14738
14995
15661
16000
15451
15342
15650
15301
15196
14978
15222
14717
15115
15643
15751
15432
15999
14825
15604
14758
15554
15874
14760
15469
15647
15235
14982
15345
15001
14706
15309
15629
15430
15756
15879
15287
14978
14782
14929
14711
15567
15173
14691
15302
16016
15167
14859
15615
15386
15862
15986
15670
14973
15693
15391
15860
16002
14877
15218
15542
15514
14843
15483
15875
15309
14987
14932
14868
15909
15421
15197
15482
15127
15573
14975
15816
14709
15984
15671
15297
15687
15078
15878
15346
16011
15774
14699
14758
15193
15122
15039
15745
15105
15000
15534
15041
14733
15250
15899
15700
15230
15084
14784
14711
15992
15560
15735
14769
15498
15700
15132
14726
15636
15752
14751
15802
15453
15222
15560
14950
14824
15752
14995
15503
15558
15059
14688
15141
15318
15597
15157
15065
15470
15874
15919
16017
15724
15864
15234
14815
15060
15397
14718
14783
15367
15832
14719
15655
15791
15890
15375
15157
15281
15450
15203
15454
15161
15660
14906
14706
15268
14917
15059
15868
14813
15176
15979
15800
15189
14783
14998
14755
15653
15257
14982
15459
14790
14904
14952
15485
15840
15495
14694
15323
15367
15443
15711
15154
14846
15193
15679
15684
15974
15776
15168
15849
15051
15631
15917
16007
14936
14711
15692
15848
15138
15092
15051
14715
15058
14945
15056
15827
15254
15401
14907
15881
14994
15110
14760
15343
15439
15360
14955
14955
15859
15431
14736
14774
15528
15547
15190
15758
15735
15497
14857
15719
14912
15301
15431
14797
15022
15235
14925
16006
15964
15937
15671
15652
15453
15200
15215
14726
15535
15448
15944
15197
15633
15239
15299
14802
15874
15303
15169
14978
15214
15709
15603
14832
15004
15487
14703
15453
15642
14777
15577
15806
14870
15115
15000
15796
14784
15985
15371
15785
15956
15689
15125
15832
15970
15347
15636
15553
14987
15413
15688
15675
15556
15838
14892
15525
15101
15770
15010
15248
15464
15510
15814
15494
15362
15426
14983
15463
15754
15917
15202
15727
15736
15852
15897
15460
16010
14859
15825
15056
15237
15995
14735
15238
15687
15087
16005
15688
15584
15477
15026
15726
15550
15162
14703
15862
15781
14865
15025
15333
15062
15883
14876
14881
14725
15133
15976
15248
15954
15085
14787
15098
15439
15534
15974
15167
15126
14804
15426
15692
14744
14987
15176
15099
15874
15660
15055
15023
14749
14743
14872
15415
15385
15790
15558
15504
15433
15172
15868
15658
15089
15780
14904
15256
15199
14943
15589
14825
15364
14831
15790
15691
15718
15962
15061
15180
14698
15183
15019
15792
15014
15128
15922
15549
15262
15030
15879
14804
15785
14997
15323
14910
15949
14783
15283
15525
15154
14888
14874
15294
15780
15034
15451
14877
14998
15795
15535
15051
14975
15772
14899
15069
15730
15643
15596
15028
15189
14723
15654
16000
15264
15728
14733
15383
15815
14799
15140
15839
15968
15859
15526
15641
15139
15114
15765
15724
15480
15443
15739
15124
15016
15457
15803
15209
15894
14844
14776
15210
14705
15121
15338
15259
15708
15042
15346
15113
15766
14908
15608
15264
15764
15610
15849
15162
15589
15507
15769
14745
15564
14896
15028
15039
15710
15478
15932
15591
15396
14840
15032
15191
15740
15074
15368
15731
15769
15389
15442
15382
15087
15770
15243
15841
15613
14741
15835
15823
16010
15507
15867
14958
15472
15013
14688
15665
15644
14715
15103
15893
14964
14815
15184
15775
15121
14950
15473
15766
14977
15193
15595
15042
14696
14864
15293
15810
15080
15420
15415
15475
15491
15265
15902
15036
15640
15462
15143
15861
14979
15316
14902
14971
14735
15554
15267
15723
15662
15971
15859
15803
15943
15792
15421
14716
15660
15755
15847
14701
15703
15877
15865
14711
15482
15981
15870
15214
15080
15267
14850
15046
15808
15374
15088
15977
15311
14906
15732
15192
15449
14868
15746
15927
15891
15635
15598
15152
15227
15135
15840
14721
15669
15802
14958
15956
15270
14759
15446
15504
15454
15993
15743
15442
15149
15514
15218
14857
15223
14925
15927
15070
15770
15559
15739
15465
15088
14764
15135
15004
15798
15693
15189
15525
15915
15039
15878
15699
15015
15872
15844
14780
15932
15257
14692
15752
15627
15783
14772
15045
15359
15891
14813
15061
14979
14705
15944
15920
15942
14906
15321
15082
14718
15410
15479
15360
15065
15317
14834
15517
15404
15631
15650
14911
15110
14844
15440
15220
15670
15332
14998
15988
15073
15596
15282
15887
14810
15578
14735
15510
15323
15631
15459
15077
14846
15778
15163
15707
14979
15809
14700
15131
15825
15413
15953
15848
15879
15982
15941
15848
15703
14858
15233
15462
15311
15413
15582
15183
14958
15172
14825
15408
15965
15525
15365
15814
15126
15835
15945
15178
14798
14941
15009
14955
15266
15050
15508
15610
15424
15780
15336
15122
15903
16005
15097
15887
14704
15157
15171
15494
15941
15842
15430
15802
15944
15515
14741
15888
14772
14867
15116
15764
15035
14768
15054
15174
14698
15880
14858
14869
15036
15326
15911
15895
15212
14843
14836
15198
15713
15522
15921
15442
15914
15488
15786
15304
15522
15605
15933
15306
15844
14961
14782
14874
15723
15936
16016
15544
15829
15639
15569
15461
15553
15806
15137
14916
14733
15450
15870
15393
14856
14994
15308
15262
15593
15258
15173
15836
15392
15496
14910
15047
15331
15108
15231
15704
14861
15257
15054
15052
14995
15846
14892
15545
14786
14702
15131
15839
14744
15314
14809
14778
15871
15507
16011
15421
15506
15623
14698
15801
15519
14757
15523
15135
15038
15003
14856
15048
15179
15835
15012
15825
14919
15313
15944
15505
14932
15818
14850
15327
14863
15096
15562
15587
14865
15872
15332
15527
15728
15493
15557
15040
15130
15249
14816
15783
15595
16002
15575
14964
14743
15855
15989
15423
15579
14996
14711
15697
15437
15163
15553
15448
14736
14795
15972
14737
15159
15907
15338
15899
15316
15748
14988
15572
16010
15771
15205
15256
15655
15758
15900
15774
15018
15925
15258
14820
15072
15582
15012
15100
14841
15067
15663
15295
14984
14721
15953
15108
15301
15199
15016
14908
15076
14759
15042
15309
14743
14998
15954
15179
15280
14866
15502
15540
15016
15029
14756
15700
14943
14733
14744
14692
15931
15352
15080
15287
15957
15899
15376
15433
14982
14934
15959
15278
15485
15234
15569
15331
15110
15339
16008
14932
15971
15638
15945
15323
14887
15505
14892
