17206
20422
15675
15736
16141
15003
17594
20843
23613
22177
25096
17489
23607
22282
26675
26205
14015
19190
29252
16888
23290
16764
13955
18272
20378
19349
27642
24403
29601
26170
15822
27693
27901
22577
17458
24962
15958
27750
23908
27697
27568
13903
14731
20190
16059
23650
22039
29765
24893
21034
24278
17669
18193
28321
26239
28974
14571
30063
19804
25385
19358
28132
25281
24061
25727
15220
20898
22946
29777
17158
21317
22875
20412
24296
23181
15519
20835
20323
28961
14822
27059
26878
22983
28417
18487
24801
23330
22687
15338
26900
27079
29808
15291
18785
25162
29033
19399
18010
22851
28748
29228
17257
29781
20060
21647
22611
26102
16837
17416
19451
26842
20043
19736
16346
29903
30137
15206
28995
14873
17271
20058
23476
17537
23903
26460
16178
24645
28687
14525
29462
14368
14321
23730
24933
25668
16863
28699
29970
27831
28541
15618
19633
16158
20620
17657
17129
24887
17276
24651
15748
14731
20060
15614
16240
27366
16258
14516
16941
17156
19369
27460
18847
29692
19136
27143
20945
17177
27169
20782
25950
23266
26666
29600
15826
17696
23594
18322
13752
14595
17276
27442
16773
27240
26250
14531
15740
22766
17616
26933
29532
15069
19487
25544
25384
14083
16641
29419
24561
24047
29891
21280
24353
19798
25535
19148
25967
18749
22549
21672
27430
14613
27008
24486
20798
22613
18873
22589
16640
28551
28755
27491
18161
20347
18610
17683
22228
21714
28653
18584
18275
28677
13932
18671
16566
20470
26004
23889
21913
15215
18533
22954
26342
25807
19005
19508
20657
14813
17254
28607
21139
23501
22507
19579
25662
24827
29080
19850
18357
18673
20570
18128
17639
27249
14784
13846
29561
26977
14134
18405
20342
29817
19934
15628
29097
18927
28280
16513
17399
15494
25130
17199
20225
27799
16556
19980
14034
20584
27143
24585
20361
16807
17235
20111
28538
22161
15905
29845
19604
21120
25981
17931
21044
29017
20903
21883
27751
15299
21299
13772
26924
14472
21913
21445
14348
18764
27903
24622
27464
14313
19130
26090
17564
19151
24680
16824
15097
22388
28026
14460
18988
16010
20661
26109
28515
18316
19621
22086
22117
24804
21125
29810
21126
14383
27035
16524
19456
23486
18428
14274
26747
17986
22135
22046
18770
22514
23861
17767
18427
19795
16876
17481
13712
22687
16042
16456
28594
26277
25820
25977
21528
27617
25579
20463
29978
28154
20787
20497
26990
16706
23075
22197
28555
21123
14072
22637
19732
17603
29074
21742
24860
29318
18069
29550
23837
17015
20066
25666
23972
21256
20432
18521
21052
22344
22491
30130
19894
20164
24487
25486
17550
23916
17416
18484
20396
29419
25047
23290
16581
25289
23336
15597
27521
24677
20899
15654
19076
27131
15469
29069
22564
18632
22046
25351
22163
15040
17696
24060
19216
17098
28854
23629
28721
30121
16361
24413
17206
26538
28041
27961
15645
16870
23100
25254
23499
23123
21135
16642
22610
17727
20372
19040
18790
23982
27037
28033
18258
25467
30056
20899
27853
17098
20522
29723
20091
15320
14448
18719
29284
14009
22373
22869
22615
19594
19118
23639
21316
21164
26536
20329
25915
17112
26333
23319
26035
20456
18630
22705
21417
27576
19335
29332
23164
14939
24349
19165
18191
25000
19112
27226
28428
26878
27522
14176
26435
14169
14719
27451
27717
24023
27788
18552
15188
28649
28945
14502
25729
22244
26589
29714
29413
16523
23256
14230
15543
16418
26362
22730
17990
24127
18261
22455
19404
29307
17714
19572
17590
15569
17746
20326
22193
26313
19647
22152
23572
27669
30053
22742
28986
26180
29003
17285
20271
18737
26628
29245
22888
14365
18985
21724
28704
22706
26129
22370
22946
21846
14895
15511
26473
29721
15195
17844
29872
24348
28722
26702
22054
23510
14064
14010
29122
20075
25176
22799
22381
28618
14775
27334
21715
29229
22099
20403
24291
13769
28304
22265
23113
19479
17916
25729
23081
19321
17162
26041
22231
13759
23302
29021
15326
16567
23494
25010
23489
18666
14871
27264
14214
28688
22338
17268
27303
20545
20121
23598
25163
28162
15104
25100
14622
19323
22170
17374
21365
16047
24132
20199
19598
23135
25044
28174
19453
14473
14483
23698
28615
27076
22598
18873
19612
23100
15391
23389
20088
21720
14244
24393
24786
29005
21254
17100
22977
21363
23101
27428
29684
26579
22015
15771
16713
14203
29070
24587
13702
23163
15073
24566
17404
22238
18813
20317
24468
21733
28955
17522
17367
25688
23696
27072
28029
29426
14153
29195
21002
20848
16442
27150
26434
15712
16564
21909
16742
29986
21144
19343
23418
29245
15453
14528
27764
16124
25223
21869
29926
21737
27832
27968
25353
15616
21124
22738
15294
28192
20882
21536
19291
28566
13933
13996
26149
17377
22612
20463
17426
27527
17539
18729
26791
13837
16578
27842
20057
19681
26384
16554
21590
26327
21120
15533
25732
16421
24565
27477
22116
16780
22358
16198
18890
19814
19336
15559
22775
26013
26239
21309
29843
19819
22834
21877
27681
24711
21140
18396
29027
28223
24331
17052
19421
16984
23573
28770
23964
17391
26815
25619
24923
28703
22009
22243
21357
22956
13885
20405
15592
16666
14015
18914
19701
20913
27824
28460
14486
28597
18145
28935
17436
26707
29383
16924
16246
25278
15925
13954
26971
23056
16829
20245
19045
27458
16754
19502
19541
22651
23792
19608
14209
27550
15706
23182
28245
22597
14300
25477
14187
16425
14140
23572
28793
26429
16711
20792
20995
18244
20511
14344
19274
29304
16775
22469
14629
20109
28254
27532
25118
23169
22659
22732
16943
23766
21302
16164
26441
22322
24299
24501
25028
26035
19164
27532
26463
16692
14423
26414
24884
23953
28965
22882
19121
17144
29537
24417
26611
27933
26398
16579
14325
22358
22894
19771
26642
21064
24493
26510
14171
25095
15098
17134
29284
24014
22077
19702
26769
23777
18786
21703
14014
19229
17917
28342
27275
18009
15301
16288
21114
23655
20076
24515
13927
29912
15138
19213
15502
22009
22411
26401
27414
29246
29830
26186
21902
26585
22015
16598
19756
17252
29793
19904
22717
19365
20405
24966
18055
19360
15033
18710
28255
17786
23417
21777
24682
13739
14355
18007
24144
20350
25645
25377
20123
15069
19781
22898
19757
19630
25364
28135
25222
18829
27635
22871
20461
29037
20076
27070
17601
21953
27153
29073
20895
13689
18192
13848
25084
27508
22027
29545
23291
24309
29109
19116
29341
19315
29397
19894
18218
24803
26678
29039
28709
20186
29007
24546
16200
21144
23103
14415
14952
29258
22493
23882
22170
29251
25200
17614
21609
20444
14173
29867
16902
19380
14913
24606
16822
19633
23438
20428
14790
18343
27326
15644
16858
29127
16497
29156
25939
25963
18619
28201
18432
24130
14510
17816
25909
14792
18225
25231
21065
15312
29244
24336
20118
22136
17818
18472
18888
21681
19371
18947
18251
26933
24661
16889
29962
22520
16062
29647
16659
14545
17499
25942
23363
16387
19868
18630
16583
18199
13850
18117
24502
29762
23051
19354
29330
24107
14907
20757
16776
22733
19432
16860
17359
20807
29282
14364
25231
27194
14403
16336
20663
27731
28160
18248
29744
23851
26847
14360
17700
21423
28970
28278
24782
15716
15355
16789
26946
27492
16045
20735
29641
26206
18553
18583
22991
23944
24945
18620
18839
13921
19686
29362
14843
26918
27242
16846
20262
14071
17448
28263
28041
20303
25274
25682
24494
25119
22612
14789
29833
24335
16337
19614
14612
14048
25453
27540
27080
23653
28358
16439
21179
18641
27950
26817
27477
17381
27233
26979
15922
21490
15932
27125
21514
15337
20886
24206
21960
21907
26626
22907
13680
18724
17430
16469
28843
19554
18897
21048
28199
30015
17555
27473
20613
21496
20580
29078
23899
20858
28142
29938
14276
26948
29249
25014
26303
20816
18941
22031
20544
15579
24749
20196
23635
28558
24867
16055
19360
16930
16220
18342
28910
21335
19160
25640
28071
26628
25063
15189
18513
29693
18555
25816
20883
26564
20977
21344
14977
28569
28173
18686
24278
18738
20030
15092
23320
19846
21622
29744
19572
17684
14915
24753
14656
25814
20469
17288
26600
26114
14387
19076
28376
20541
25652
26228
27850
27817
25849
14455
22635
23323
17196
17292
20747
23710
20188
24926
24074
23161
15928
24174
26759
16570
22018
28620
27331
22384
14517
19783
29250
29136
27037
17017
20028
17123
20731
23481
17515
24100
18917
24351
28931
18486
26348
28291
18463
26869
17123
27357
15565
20201
24181
27086
28708
14579
28269
16767
23892
27470
29060
22173
17603
24044
18709
20954
15455
18808
28070
28854
16446
22900
13796
28648
19212
17008
22185
21256
27381
20175
22399
28437
17927
29072
18148
22713
21550
29570
14113
21665
15094
27280
15905
17923
20551
29079
26450
19800
22685
14893
21005
23085
16277
19887
22769
13946
16395
17240
22313
27938
29765
20242
28802
24613
15508
16400
22633
26508
15719
16646
29592
16638
28994
23188
17120
22160
29328
14117
17774
19008
29603
21318
26885
22880
14575
17480
22302
14100
13846
19577
22416
17746
20725
17667
24894
15431
29796
24115
23087
16630
18501
25921
22729
22527
19086
17330
29355
28097
23954
29299
24294
18239
25618
24602
27728
17811
26616
18108
22171
24289
23405
20381
29343
26428
25958
22678
21806
18319
23567
24497
21844
22741
24957
23019
29016
20006
28504
16702
28963
28217
21638
17034
29931
25572
26497
17677
20303
25209
13693
19328
27810
27719
14276
17427
15203
14032
27259
20514
18220
24116
28701
24138
13953
28011
29843
14810
23400
28855
21948
21728
18794
16291
20940
27654
19450
23419
20807
17081
25439
15595
18607
20022
18207
23312
23737
24418
28243
29009
23616
16381
15427
28573
25581
18620
18120
26959
15360
23317
27012
27597
19236
18566
18091
13752
17964
14589
20984
13955
22704
29507
25944
29029
14481
29055
16176
26944
25406
20705
17998
13874
18419
16227
14734
23675
17071
21372
14264
19136
24874
18980
24176
25307
18404
14455
19458
18798
17075
20381
22801
21388
24084
14927
14837
17237
22162
26827
24649
26726
22552
18042
24973
18272
27056
22362
22864
21280
22230
21713
24085
23068
19904
14490
29505
26211
17559
17701
29215
21436
25172
28757
24805
25744
23875
29404
15865
16457
18212
29694
15249
26214
16061
23885
24031
18875
29143
15434
23194
17323
30022
23104
23119
13745
23607
22353
16834
24240
19955
28917
26818
29101
29215
15310
28206
20912
29632
28047
24656
20052
21411
24472
27891
19643
27920
22678
26166
25762
15037
13810
23430
18269
15246
28984
15812
23145
20636
24078
25466
20514
28613
29184
17203
15160
22790
28838
23615
24675
27952
23265
15724
26848
15083
25049
28327
20903
27734
23526
15669
14567
19706
29479
13790
16222
28429
16194
27265
18573
16066
17704
23863
19172
23817
28185
29968
15556
21516
22604
17280
25421
22367
26137
19958
22364
21076
27564
15391
27719
21439
20911
24699
20354
13886
28479
25279
13997
24293
15588
28715
22401
17722
20080
22533
28233
19236
17362
20558
25593
24354
19562
15698
20624
13996
17325
24373
14140
21638
20878
20713
21712
22230
29595
26228
25229
17015
26718
24391
18531
24832
22601
20326
29485
20449
14330
28213
14172
14828
17971
14951
13735
27709
23546
28894
22745
28249
26525
24496
19551
15918
24900
27491
23208
22596
24301
20705
23714
29101
18198
17246
29184
16285
23162
28515
19600
18248
25886
23010
16539
18403
20201
30032
25820
22396
28227
22729
16653
14680
28970
17292
24474
16723
27023
17012
17468
28615
14083
13885
24361
20026
14246
17625
17730
22585
25615
15400
27644
15018
29169
15755
14044
23199
29588
18756
24397
14294
15704
25771
19899
16772
29218
24532
18570
23962
21478
26429
21811
15447
20742
15323
18300
22228
29391
28435
16371
16108
20266
25515
18119
14999
17005
27166
19398
14215
23673
18267
20332
16530
15447
13914
21596
28950
26218
16905
28089
28696
23857
19879
19400
13881
24000
21321
24829
23810
19613
22057
18634
24537
14519
26164
23803
17533
25592
14111
26345
25413
29436
28344
16894
27666
23198
17865
16545
15338
25956
25543
25883
23316
16991
25948
19064
30056
28385
19098
23949
15441
26095
28116
27911
21709
24562
21583
25657
15688
25211
17817
27628
20865
26884
17961
26705
25271
14076
23990
25385
27629
21162
20456
22459
15101
16769
20226
25701
20542
16346
28426
20432
28498
16197
23414
28804
26490
23054
20991
13769
28047
18895
21158
19053
24638
22006
18026
26254
16287
20675
18255
24136
26382
23625
17585
24679
17070
22985
15732
13942
26056
29887
16822
21814
29382
29306
15079
26709
21404
20757
24529
24621
16336
28129
27252
29458
18302
21557
18355
20482
23057
16834
24375
22010
21756
16232
24725
20147
16358
13841
22684
18439
20150
19162
24089
15586
25162
18314
19254
19574
24581
26351
23956
28547
22101
17963
15526
15455
16742
25531
26494
23817
26703
25676
28722
25512
22213
24630
28712
29093
18904
22201
17658
20684
24329
14474
21051
17634
26150
28762
14225
27614
20595
26759
15489
17513
20705
19379
23788
14350
29482
17037
29366
26061
22167
18145
15225
14645
27601
29055
25334
29448
22254
18273
28303
21773
20249
28578
24757
19113
16526
16284
27608
13828
24010
14857
17238
28337
22188
17531
20391
23624
16175
23050
18324
21455
19555
27057
24355
26217
24345
29970
21207
22255
17622
19736
26298
14676
15311
28312
22736
20586
26362
23617
26792
25710
15320
17191
20775
21293
21994
27617
28646
26762
27740
25245
19129
25185
13920
23943
14601
19340
25960
19874
16024
24058
25470
18385
16635
14568
28616
14559
28051
20218
21228
25663
28615
20133
22393
28306
28895
21731
24346
26011
26662
14818
25993
25560
25413
15976
15108
25553
16920
14556
22537
27364
25864
13924
20104
15927
20343
18979
15251
16913
29605
15422
14917
21967
28030
26566
26485
21601
24984
20327
29027
20878
29195
14867
26936
15280
27554
17074
20693
28937
28296
13852
28071
25883
25975
27935
28753
22861
13855
22884
24747
14612
28766
22537
29518
21547
24706
21864
17008
23337
27727
20855
17014
19264
29749
16000
22270
28822
28755
22674
23019
18049
22743
22133
21373
13718
16828
17050
21475
15366
27554
23168
29406
20899
22235
28866
21821
18474
14078
23073
18461
16717
16973
28052
22659
28038
29424
19529
29589
19083
21636
25469
19923
29936
24677
19553
28308
19284
14470
18899
22946
19579
26564
20922
14225
16521
25223
18761
17028
21024
25527
17708
27073
19379
29663
26185
14312
27895
29519
14526
29683
19680
20882
20110
19136
17535
17644
27376
15264
25734
17470
15061
25865
20325
24486
17741
15249
17921
18799
27114
17112
22903
27972
17019
13973
13845
14406
13681
24002
17630
25055
21703
23662
18807
18284
22838
21924
23074
19040
28338
15354
24439
21690
27927
22015
19472
29403
17273
16032
16992
15988
14755
22720
25161
24803
15746
15735
24084
24811
29913
27222
19631
20460
29404
27266
30116
17121
26231
16735
16590
16201
18316
19284
21599
15495
26289
15665
21118
19464
23842
17000
15395
14958
22506
22606
14870
20411
29116
13778
23792
26610
19748
28928
20780
28514
20075
21554
23958
29073
28118
21738
23436
29194
28095
13801
21300
21617
16661
29216
16916
15570
16492
18297
29377
16373
23730
29400
15399
13913
25956
21178
15657
27007
17149
21673
15060
20427
24628
19669
18299
17951
22056
26224
18449
27386
23751
28359
27581
27966
16519
16547
27470
15313
17810
29645
23223
20257
26057
29149
18690
14092
18926
17208
30137
24250
18466
16935
19300
20774
17180
16015
24257
21419
25357
22270
24774
24356
25504
19231
25118
23016
19969
14611
16711
21720
21657
16155
24453
14297
18305
21101
21838
23256
20999
19940
27805
25619
15114
14676
19549
14561
21399
24846
14453
15994
29671
26841
14393
14491
23744
21970
27507
15789
19722
21663
25640
23388
25712
15725
24561
24920
27246
26785
18771
18413
18302
14131
24087
13876
25275
20447
24060
14741
29649
16357
17377
26816
19817
25009
27186
15386
19959
25254
19402
22294
15595
15816
18102
24583
14554
27579
23780
24685
22666
28360
18571
24583
21198
21758
24022
21171
29445
14004
14752
22146
25562
15934
25087
13871
27021
24722
16147
23062
27841
16705
19953
29201
20280
22402
14148
20050
22307
16401
22454
15806
23347
14415
16071
17500
16366
19689
21346
20449
29483
14677
29572
16926
25762
15956
18145
15383
16037
25578
24465
17586
26863
25340
18087
21961
29210
20969
20831
23992
19205
18892
25204
27480
14368
27324
29889
16189
24729
24307
27123
19154
22892
24923
20726
17611
29536
25350
28084
18095
20936
21553
24299
20227
19475
26064
25633
16748
19802
26130
15980
26248
28850
21567
17015
24449
19386
26495
16096
17612
27134
15211
29246
16305
19458
20815
20217
20019
16772
25220
17029
22000
22851
14357
19960
22697
26773
14368
27667
27137
29838
19627
25549
16016
19310
19141
23369
18411
23101
19168
25734
26899
22796
26708
29402
22727
18949
26380
27606
19163
26374
17144
23073
17115
26594
20660
16266
22204
19801
28269
29968
22733
19545
27094
28508
28697
25136
21108
15546
17716
25873
21442
22416
22697
28315
17733
29240
20396
20051
14756
20568
25140
20904
21554
22179
17410
25392
29330
20483
17635
25630
19523
24571
17641
17723
14799
24197
21147
14418
20813
19570
15092
29336
26994
21554
23584
22292
17927
25096
20431
20945
29764
28240
27482
21358
20076
22066
23738
29856
18732
17127
19911
18379
19384
18665
13754
14883
20435
19751
14449
27569
19253
19913
22653
17587
14997
28697
14952
25854
16375
19712
17442
19245
23475
17757
22856
24681
13868
15850
26361
27315
22875
29264
24536
16940
19140
23520
19764
14477
26467
23377
24952
15321
24539
25449
26751
29538
29185
19574
25790
22892
19636
23498
21546
24743
29542
22743
24390
23294
18164
14337
17753
25043
16168
29337
25904
24448
17405
27727
22618
16614
27098
13736
28342
27648
16334
26214
14979
21419
18059
23351
22400
17967
15018
29821
22155
18000
16165
23903
25327
29538
28585
21770
19143
22362
23437
15140
25774
23911
15541
24327
27263
16873
18173
15349
26146
13892
18918
29807
20073
29309
27725
14397
18776
15090
14295
29839
18944
29381
13816
15892
15086
28299
28230
23803
17842
24909
29910
22857
26981
25646
22035
18501
20589
29468
27198
26048
20531
24372
22901
23086
21267
21170
18009
21925
27305
26904
26143
16581
18690
27716
22050
27193
17307
27316
29426
29692
14700
24480
17216
27008
15131
25005
29981
28091
21451
15410
21549
28571
21889
17188
18483
13829
15540
25008
27099
24866
19935
22286
26199
25577
20715
28728
20556
22742
27165
22116
20139
26931
18675
29347
24850
22907
17945
25897
25552
22575
14080
24662
20546
23379
22950
16990
15796
25803
26688
16883
22709
21721
24386
17384
25760
19664
24732
29117
22299
21515
29309
19571
17299
29017
29539
22548
27207
14273
16777
26059
22095
19033
27379
22242
19410
19497
16772
27677
15443
18099
14902
21359
18138
21217
15633
21788
24137
17321
27828
14237
25609
22620
18573
26349
14081
22200
14360
19097
28855
20491
22202
23527
24998
23324
19971
22164
25924
29180
16170
26894
20800
23440
23729
26458
28180
27178
24555
26122
27156
21714
19574
17526
16586
28537
15880
28068
18371
14029
15138
17874
29265
18082
15118
22829
21194
23071
18994
26544
23191
27866
20461
16479
20368
21265
26663
21466
17088
20786
27316
25650
18331
25295
26943
23223
29175
27596
17681
25877
17877
14106
19984
26753
23056
17373
28609
15325
24077
18230
20286
14449
14527
27493
15195
23499
16901
15700
13822
25087
20823
15343
14846
21471
22288
20001
18501
27863
23396
18792
17923
22994
13706
28477
15531
27406
28885
22866
15857
20441
21335
15970
17509
19181
21743
28643
21136
17282
25984
27559
15324
22304
14420
17840
26982
18445
29731
27636
29990
27624
18654
25861
23783
17041
22321
22604
28092
23427
27054
28816
26494
24146
20479
19621
13683
23160
30078
21797
27905
23542
19771
19436
19209
20622
15431
29433
22122
28215
24455
14062
29579
18866
24918
27434
21874
17322
20941
29851
19322
26000
19345
21469
15301
29227
27566
16798
29481
16485
16862
15944
18037
22352
27640
25746
22612
16147
19089
14469
20357
29366
16261
28509
26583
19286
17999
17928
18996
23109
29292
22315
26457
28540
16459
14020
22719
22856
17259
24061
16335
26325
29103
18270
29150
25660
19716
17262
25864
25407
27963
23456
21263
18392
25528
15738
14102
22094
22879
28566
15304
23031
23932
19448
20435
13849
21193
20849
13717
23969
23761
14735
20955
25835
21996
27533
26452
29916
19897
26146
22189
23801
29736
14379
21985
25021
27120
17569
21840
17240
25219
29477
13909
26463
20257
23271
13847
26832
24140
14992
14028
27856
23813
20979
19131
16652
21303
23404
22406
22204
19988
29002
25114
29699
27422
17428
28485
21858
19105
26796
22330
22291
20158
25150
22484
17983
13763
29343
14827
18188
28366
21826
16505
27505
21902
22724
25354
23981
15332
23245
16733
22137
26890
29886
26462
28722
15596
15954
19245
27566
22710
22160
17747
24475
18861
15925
16644
21925
20705
22330
15545
13710
14303
18776
17607
14497
15679
29885
24032
24121
19543
26299
18941
22881
15580
19192
19734
15986
24357
17653
28691
19537
28567
21127
20853
16546
27512
15668
19914
17382
15120
23566
27021
27873
23342
28715
23865
25472
16109
27445
29199
29319
29708
13724
19816
13778
19467
22577
26509
23702
13981
23325
27351
18156
18834
27276
29018
24463
16127
21183
22417
14659
28359
22533
25849
26131
29658
21979
27902
21050
24343
21876
18670
29160
21349
19431
23860
16664
21170
22879
19698
15751
29616
22419
18991
14371
28097
21438
19447
28685
26302
15143
19747
22911
22822
21200
20808
18320
15793
28342
18900
17400
22017
17932
26829
26316
28894
18142
25871
25001
28862
17211
18762
19996
21806
14197
28197
19889
25727
24681
29274
22547
15578
26861
28600
14119
18200
28122
15934
22928
23089
19967
21360
16970
28200
28496
22547
22781
17783
26574
18916
23398
21944
25007
19604
25848
29384
19126
20358
18246
21555
18499
23001
25613
19985
14893
21974
29801
22437
28702
22537
20142
14387
28017
27420
23619
17576
15885
27178
15289
14518
14717
19624
20213
23918
27801
28753
23183
20078
20801
16605
29271
24625
28090
15360
16270
14620
28354
18817
27032
20534
29282
23643
20894
28092
17529
17223
22975
14721
14684
19389
19180
22898
20761
22092
27659
14775
21798
22698
17987
21319
24086
29519
22282
28670
20194
16354
23628
23855
20690
26972
20948
13832
21066
20141
23274
24764
17448
27403
29253
14641
18432
15716
28994
27388
24097
21908
18534
14400
14963
23338
22016
16231
24065
23995
18982
26686
14887
26860
20658
28884
24511
23896
28815
28895
27317
22049
17736
24912
26873
16096
19610
22168
21679
22277
21603
23658
29100
27511
28530
25223
14976
28815
15727
13849
18346
20104
23208
24596
24422
25615
21016
17748
25614
23549
17091
18248
17438
18524
28566
21263
29553
14829
22856
15635
29058
22826
15865
14766
19439
22923
23337
19591
18619
22589
27030
24282
14550
25508
15634
25472
15784
14745
15145
16432
17370
19296
14565
21436
24146
16169
24072
26503
17011
19641
16886
15842
22624
26490
29528
16712
18690
19313
15458
23466
25842
14689
14910
19904
27713
23618
26992
26349
17288
27854
17542
23395
20291
23767
25329
24171
24813
16735
22547
21387
24009
16242
26137
26165
23376
25344
27029
25035
14119
26245
22762
16279
23736
27551
26311
29289
20758
20365
25917
18610
27330
18019
27280
18378
19760
19006
21678
25214
22310
18625
29617
28008
25213
18588
26097
23696
24146
17005
17957
23544
21403
27980
22743
25041
19924
30114
18035
27478
21813
27680
16374
24306
19898
28044
19650
23852
25733
21567
21758
23615
17543
27027
25226
28819
20023
27316
18353
29033
23949
16441
14139
18143
14875
18412
15678
23111
27314
27641
28737
25849
22071
19514
24353
19423
24482
22460
14733
13919
16611
15351
28441
17506
16521
25878
17020
19302
15345
18339
28304
22751
25245
25238
26253
29607
16819
13708
19234
14288
15455
20640
20401
22677
23482
22473
13930
23099
22540
15809
14014
19885
22755
23261
14087
16240
23270
14493
17254
17747
19988
16313
20033
20382
20280
24859
21632
24258
19091
23369
23077
14079
20575
26928
16719
27331
22780
23114
20662
17232
22365
14249
25876
27263
22739
27792
24658
24147
14826
27385
26714
25986
28074
18236
29333
21615
28595
21220
15021
22811
21083
13863
25130
20755
15034
17543
26476
18371
26266
20168
17741
26802
13952
19663
14434
22482
19665
18032
19853
28303
20001
22654
13743
15401
26289
23670
29113
28607
13854
14105
29521
15806
16733
16892
17842
29618
17194
26519
22592
26822
25644
19334
18222
19682
21754
22500
21122
24533
17771
16989
24499
27368
26375
21224
23538
27829
29651
23570
24581
20171
23488
18623
20227
16829
28561
23624
18536
23446
14193
20541
16022
28306
14580
27897
22220
18556
26048
19532
22208
17206
16079
20464
30148
15536
27148
27723
15442
21014
18959
23258
21613
13788
25869
14134
16058
21240
17166
25129
18122
25084
14379
23245
22554
14818
13739
21770
24685
22577
21497
27577
24020
27153
17632
16246
21183
15751
28443
29841
15304
24879
14595
29910
22898
15533
14159
25348
15270
16944
21155
14057
29981
22933
22698
22854
24663
24253
19027
19434
16284
25486
27989
26813
20179
16702
26677
14602
19655
27711
21498
14079
24606
20696
24269
19931
24339
14999
28225
21162
26774
15097
22927
27528
22202
18521
19355
19166
22495
16702
15317
20963
27808
26737
22923
17297
24240
20396
26607
24981
21674
22452
28858
14076
22846
23866
27432
14583
17024
19523
14915
17613
21181
22016
29825
23937
22931
26001
27399
24164
17613
18035
27335
27133
29599
18222
23281
28681
25358
24020
14985
15235
29868
15664
24511
19062
14104
21501
16914
19815
15352
28528
28143
16005
26840
24316
27738
14216
21001
19684
27183
29063
20241
22652
15869
15596
20644
25568
14200
18015
25876
28422
19626
14760
15011
23975
19753
23104
15915
23665
25657
17622
16846
18279
16282
19875
22362
29831
19018
16301
27290
27617
22038
24050
23467
26335
26952
26906
29353
23391
23002
16455
19441
20597
15695
29608
17189
28424
27165
21047
23272
25180
24180
13890
27423
15647
17606
24169
16107
17064
19141
20946
23624
23351
20012
23931
29577
29940
23521
18099
23957
26337
30015
23355
26840
20714
18564
27946
19604
19826
29714
20673
29972
17226
21414
26126
21681
17571
15306
25729
21268
18252
17666
24787
28713
18102
15667
29908
18735
13841
19657
15533
24626
16784
14203
28777
18570
27598
28107
25518
18542
29913
22368
24534
29833
25781
16837
15012
17068
29233
18178
23765
22875
23624
22935
21457
14785
18980
29448
24358
16032
15995
17124
18118
16940
15589
21602
17930
16475
15566
19013
15131
29737
19897
29847
28950
15188
28472
15600
28537
21495
14918
21586
24579
19784
29079
28733
23344
26919
13811
17234
26581
23968
15835
25565
19236
25821
15476
16992
26688
22050
22283
14528
16904
28224
16281
23326
26994
15848
19791
19245
26802
29736
19305
26593
27825
25475
28035
15388
27912
22839
23238
17778
14421
29693
29785
19588
28302
18807
17587
14161
26143
23886
21651
21152
15394
16834
21205
18341
24543
18584
28790
22276
18222
24872
16158
15570
28791
27624
24794
29843
26771
17463
25018
17072
28876
24535
16116
20838
19291
18792
27663
29246
22555
18599
29376
17773
15086
26238
18398
17112
19115
17996
13772
22825
13940
29441
27903
28199
14321
16495
21703
23153
19573
26340
27786
28937
23727
16976
15083
29205
29429
17805
16150
20357
25499
22532
17993
26927
24482
14839
18684
27231
28998
27395
17958
22423
16168
15645
17254
26021
28596
14421
19438
21068
21449
14378
29321
26174
24164
19526
27721
16808
23287
17688
14863
20165
19862
16491
19665
14623
14502
28847
23344
18436
20270
24571
27070
25650
19412
28639
25084
20590
18748
21116
16867
14915
20783
19827
20214
13852
29790
21065
25688
22992
19010
29266
23119
13804
17131
24158
17663
26280
20150
18199
25276
28041
22728
28929
19773
25363
20981
21206
26878
24948
20832
29069
29434
27349
29844
15985
26522
16483
20326
21426
22849
13829
28567
17064
27586
22262
22082
22890
16855
23733
30047
29502
15138
15739
22012
24473
28216
27125
24987
28466
27160
20708
16023
16469
25839
22699
27688
14780
17401
20879
29175
17448
14930
20954
14574
14684
27943
20341
27750
14705
28795
23967
24750
29026
20510
22023
27639
24694
24183
20461
18206
28696
25152
18110
25529
19785
19728
16225
15365
24845
16254
22251
28689
27730
25288
26393
23226
26993
25047
14382
14305
25570
15988
20471
20233
18790
27390
27024
18141
20996
20320
28736
17751
29736
26184
24100
27266
27019
24709
28841
18384
21145
23113
15883
14929
16953
16290
27138
16773
18838
23630
24520
19678
24786
26153
25944
18663
29711
26545
24250
29466
15751
29535
17375
27531
25792
22846
15046
26228
20472
29055
22468
29425
14630
28291
18361
26818
21134
16792
24110
24844
19637
21095
26403
21057
22347
22796
20860
16483
23531
17321
20263
26051
17334
14229
14390
18814
17251
17888
26412
24260
22377
21797
23801
22348
22043
17239
29197
21365
19297
22034
18205
17175
22706
26645
20335
22976
26331
15562
29784
27093
22139
14929
26477
21262
24431
22149
27503
17375
26686
27338
19388
17455
25674
25005
14620
15342
26155
19711
29135
18653
21258
16795
28745
28478
16055
23234
27535
26018
18674
15713
18835
29702
20016
17208
18529
20876
28305
16295
28059
20406
16293
28071
19918
15890
14395
22891
22284
16005
23898
22493
28147
29236
28320
29958
18554
17677
23268
13738
28168
24153
14747
15772
26730
28944
21517
26619
26268
19061
14751
22817
18733
19673
18204
20412
20117
24886
18254
24637
20799
19843
22276
15746
28775
27174
22667
23893
27164
27374
15028
21058
25729
19424
24035
19705
25830
29604
16901
23407
15551
19512
26905
23351
27067
21449
24890
14840
23259
22375
23728
25267
15125
13676
30116
25136
21577
20779
14378
23998
24793
19824
13904
18827
21697
14233
15736
24042
27662
27094
21045
24243
15822
24148
14106
18217
24870
24880
16376
29092
18405
17394
24537
24922
28036
19060
22534
22772
24442
17384
14593
24344
23035
13877
17498
22353
24703
25716
20805
21833
28115
24515
25288
23931
28129
15041
17937
24065
20200
22203
29709
23020
18050
19973
26177
27381
18899
21720
27301
29128
26251
20635
21010
23603
25480
27734
19527
23267
23499
28367
24954
21578
23846
24659
28157
28896
23778
17844
16983
22660
16647
15078
13977
25835
20785
22403
29798
19837
28964
26019
18886
22250
15009
21426
25087
19041
25446
24475
18248
14725
20550
28034
25589
21266
23025
17554
17973
15297
24794
23029
28663
16163
26927
24637
28381
16259
21332
15622
15450
14144
25091
24505
27984
16021
21452
25531
20041
28224
21936
21877
28798
16440
19708
14233
27991
20081
15792
23531
17291
15893
25838
14038
17178
21161
22502
24338
14566
25427
21429
29678
19563
23490
27262
17712
30132
26753
14546
19660
14198
23914
20576
21733
23951
16082
21026
24891
28797
21806
16408
17748
16781
16424
30051
17297
19256
17848
26155
29748
16162
25979
22730
25865
20934
26858
14138
16606
22564
23274
19071
23599
28650
21360
22827
21160
25675
28035
22843
22587
21888
23203
21273
17391
18941
22704
27974
18924
18857
25373
16828
20124
22670
29493
19551
24879
22225
25811
13926
26167
27156
20074
14827
14861
14490
28417
19149
25750
22195
27209
16348
13921
25145
19186
17241
14533
26242
16944
19772
23456
26982
17423
15357
29041
17068
15825
26437
17219
28178
26614
22853
21594
29215
29709
22129
21251
16502
21666
28792
16092
15770
23233
16117
14939
21950
18587
21360
14043
14454
28099
22446
21516
15384
16860
29905
23716
22459
23606
16784
22565
14928
30151
15898
25186
17543
28447
27096
23999
15455
18348
17516
25080
25140
25440
15337
19419
24019
14769
25609
21544
15681
19379
19721
18258
19238
29834
18963
15142
26238
25781
30054
19785
23765
22314
21335
25369
21684
25770
28315
24951
24778
28100
28651
28131
29892
17490
22300
15297
19448
22891
29631
16105
28414
18575
18920
26009
17675
26735
24635
18417
25874
17754
18604
20883
20308
16717
18970
16732
18207
14369
27732
25427
27830
25154
16034
14660
25425
27894
16984
13697
15229
19405
24758
14799
26930
29332
13987
28164
14583
18317
24509
17448
24987
27991
28798
14658
21217
19835
30139
15586
17463
15593
17257
23944
14747
21662
27011
13983
29670
15388
21510
15829
22264
15077
15844
25785
15800
28688
29758
26722
27244
21171
22478
20446
26460
23017
15809
26599
21478
20662
21367
23911
19515
15839
20671
25975
20648
19613
24641
21772
14334
28077
16598
20354
28068
19141
27839
27443
17065
29882
15847
17572
28838
14681
14750
14753
29536
20409
25553
22457
13697
21298
14558
28016
25081
23295
22350
24342
25955
27058
15742
28670
28941
21730
14953
17677
13709
25793
17372
17958
21988
15508
29147
24816
29568
18857
14517
24858
21848
22292
24205
14068
17429
24973
22638
24765
17975
23034
25795
14262
13975
29670
18711
22924
22998
13799
29996
20651
27794
13924
21584
19312
22303
25582
20190
22689
28690
28744
24748
19395
15514
15518
16099
17588
26143
20544
28443
25075
14714
21820
29199
18885
26295
26311
25308
25573
25265
21095
17900
22411
16045
29371
20509
28676
29025
24426
14320
24459
15211
15547
24147
17153
24970
21433
24344
14724
21534
23454
28617
28452
15087
16603
29833
23857
29641
22883
18010
24468
28149
28720
19371
18302
26570
26805
18536
22646
19379
15942
18127
19089
18222
17689
24207
29598
15502
20713
20311
25328
25162
29920
25510
21415
29639
17921
16916
19693
14424
15901
14055
16821
19827
18681
25993
27704
29265
17984
15756
15100
24438
27131
26698
14673
29364
22342
29546
16780
26980
27760
25316
28786
28113
20866
25837
23286
24747
23791
25856
27963
28986
26099
15512
14973
15106
22555
27286
25355
23579
23839
19719
19649
15933
14306
23753
26185
26684
14414
19852
17398
27185
22497
18333
14999
16921
24889
25469
15290
19402
18412
14737
21888
26699
17446
22160
26557
19733
23448
25945
23847
15375
18550
19645
21122
26021
23337
28168
20131
21173
28038
18060
19983
16203
24591
24696
19959
19952
18454
18888
16406
19697
25188
25204
28932
22049
27544
21137
13775
18685
18997
15310
14696
26594
24019
21564
18951
22095
24170
30080
21431
15780
28031
17264
20012
27793
25435
23466
28036
20375
21167
16722
19760
19704
27316
23042
19172
25513
21284
22955
22152
22003
24402
24342
21411
23208
15059
15701
16216
23878
18665
21558
29184
24623
17624
23357
15282
27096
16288
15536
15066
29619
15960
22330
28715
29624
20270
25216
19065
28288
25440
15352
27939
16977
24084
22894
15974
23683
24205
22487
26969
22524
24515
27989
23464
29120
16682
26639
14728
17933
19654
19992
16164
17733
25717
19939
26775
27839
25148
17616
18801
16948
13711
29782
19154
26163
17795
18841
29362
22196
27559
16760
28679
26963
28601
14128
25529
22582
17976
14070
27147
13847
27186
25326
15883
21124
14899
29417
19997
15676
22248
14292
25517
17193
21167
25294
21203
18015
14879
15238
27559
14568
22434
16466
19593
19459
15995
28733
29564
29046
14680
26137
28814
16188
23161
21713
16536
28945
22429
14456
24756
18306
17707
16086
22892
28613
27979
18697
16034
25509
19115
17353
14380
23787
18723
13746
27196
20850
19359
25021
19964
20993
14423
29764
17418
19750
20292
27185
23450
28696
27216
16263
20999
29318
28876
27447
28766
26768
28133
24948
18942
16716
17018
15117
19808
19169
22632
26218
26041
23646
18587
19432
20333
14731
23909
30134
25994
23732
24850
18808
22359
14618
19250
26171
13902
26516
16578
29666
24266
22066
17396
15764
15288
17180
29038
16900
24749
19940
28934
15843
26255
27482
19129
25730
18383
19571
15977
17793
29071
22261
23547
20298
19054
22887
23869
25577
26642
25697
23260
17619
19946
22318
28563
15144
26194
16210
14606
18248
18088
22412
23273
17558
25667
18484
29828
21576
23111
17889
17348
28735
19650
29425
28080
25625
14202
15472
15480
15580
18722
19431
18585
22343
25344
22505
29602
27502
13941
23196
24241
17058
25714
18744
20765
20289
25728
20209
17296
20824
29725
26246
21348
19887
23076
26021
26374
28606
28404
21796
21489
26139
23266
14780
17050
25931
24790
14195
18157
14806
20236
21647
17794
15398
15660
14648
21915
15815
26844
15715
18407
15387
18870
15826
18720
13791
26395
23057
25792
24069
25306
19824
14983
19344
26030
25770
28104
14873
19214
20757
16390
17553
21978
27721
22782
26686
23512
24127
26758
28817
27620
19108
23635
15318
22473
15012
17568
21673
21299
25777
27439
23418
26720
29213
14631
23164
24716
28873
26894
18488
23519
14651
21518
16364
27044
28381
28550
14731
20382
27347
18790
19683
15558
28972
26529
13746
19577
29065
27049
23699
19736
24073
20514
14090
14554
27437
28549
23035
28782
17592
27334
19490
16153
17476
14334
30018
23807
15858
16050
21718
28562
24382
20807
26344
17407
16492
22332
23888
22095
20807
28922
25740
20075
18225
22316
13790
13812
16063
28207
18937
28784
17224
19844
26512
21842
20983
21817
26174
29365
23309
26851
20909
21512
24174
28697
27571
18732
28086
15150
27050
25818
23014
29625
29381
25052
29065
17261
16332
20804
19122
28433
18062
29171
23080
27300
29013
24992
25260
16170
15745
29007
20904
18934
20139
24602
16145
17478
20517
15470
15630
19138
20175
25956
26899
14445
19728
19525
20085
26554
16765
18265
20228
16937
15059
14104
21554
19430
21366
21942
28191
13910
29075
29163
28602
18908
18274
14967
22741
16411
28325
27184
14694
20216
19439
20158
26506
17371
13694
14274
23540
14417
24707
28348
26116
24707
16865
24492
27899
24594
19689
14784
28859
24647
21265
16203
20644
29016
19629
17178
22642
14883
29998
26997
25778
16941
22703
26463
26145
28788
28668
21605
17355
27784
26064
18520
15642
26364
25748
19989
25718
24853
25088
19545
19118
24987
16031
16850
18630
19195
14484
21499
24008
16001
17259
23580
27843
24964
29545
16881
15338
16190
15505
23502
18844
22057
28992
21695
22509
17418
22296
29524
28631
20874
19576
17849
26200
25590
29069
15105
25066
20224
25445
15232
21912
28115
21852
29034
21140
20774
23083
25460
29672
24115
20119
27434
18127
29777
15377
29814
15121
17143
14013
29236
25874
13784
14617
24513
16014
25764
23098
19805
19231
22900
20800
17086
25531
25855
28630
23889
15605
17087
20898
17743
26122
16950
20483
28838
25657
29037
15407
26090
23409
23368
25857
15988
29824
26713
24741
28858
14550
24594
18610
29497
25869
15312
27700
18308
20687
15277
22281
16809
23697
18306
25238
26120
26243
17138
24356
16247
13960
13971
24457
17512
14855
24921
25144
15886
20979
19443
16252
19910
26640
24390
18974
24348
15773
23742
29394
28336
27671
16922
15013
18313
19097
20019
22091
20382
28157
28398
29058
28414
26822
27638
27885
27051
24277
18478
14554
24936
20377
16331
19993
26472
28772
19300
15495
20000
27740
23079
22682
16294
18686
15937
24680
29532
22789
15086
19743
17973
27070
20042
27251
14642
20740
24600
23500
20155
17924
15394
23414
20624
13755
19938
25031
28422
17618
25134
15318
26038
24595
22132
21748
16878
19060
15448
16050
19169
19187
27039
27841
17266
28244
19483
24910
27386
22180
26844
13771
25272
23726
14548
19143
20456
22000
18046
25748
29532
27276
28372
14970
18292
22888
23733
24892
26798
27533
18823
27545
14717
27647
28420
27355
22949
22977
22040
14713
21942
15630
21507
23893
26575
25460
15604
22742
21061
25126
13921
22169
15195
16576
26561
27027
24119
19926
14689
20374
15036
21401
25176
27200
22241
14543
28658
18088
26689
17435
16444
13735
27168
14948
20992
25554
22494
16596
21945
24000
24770
25028
17165
20738
16689
15085
16662
20175
22071
27899
20223
22506
13766
21448
28377
23900
15659
22876
22433
21830
16876
22700
25424
20741
27589
28055
30066
15776
28873
18496
19489
28190
29110
22580
24953
24658
15490
20759
24360
29002
20453
21596
27489
14142
19697
25649
19882
24546
19371
17668
29185
16944
19234
14977
26374
28328
14118
29222
25410
19073
17267
19104
27989
18912
16944
26988
26445
13718
17497
29056
25989
19653
13714
19215
14614
26571
19710
24577
14344
24056
29828
28561
24908
29660
14764
16576
19891
22727
25265
22828
29135
18468
16585
25926
25769
21817
21448
29907
28467
15127
22839
16519
18141
16916
22411
26260
19754
24143
16632
26712
18371
14841
17505
28310
19946
15961
18118
23101
25980
19777
16913
18490
26330
29207
21997
19196
30106
20555
28439
23504
23912
18168
21566
29707
25327
21717
21405
17976
21620
17014
22033
24257
25250
15902
17613
14030
26667
23297
29360
28221
27625
24519
29661
19021
22824
18012
20826
23687
24170
20281
27411
29777
26327
25525
16894
19590
22943
14698
18637
28752
18902
27536
27836
25850
23953
19551
15404
14170
29700
16996
17145
13868
25340
25331
17605
29847
14110
27183
25877
24057
27063
24512
17685
26698
20932
14919
18308
16041
25293
20883
21485
21234
24046
25645
25771
16196
23352
14068
13872
22492
18053
21928
18308
18115
28538
19086
17752
25707
26750
25221
14174
14675
14075
14730
16787
17652
26476
16356
27419
25911
28207
27231
19361
28787
26259
16484
14359
23598
18720
26493
25794
25536
28581
18634
27768
26418
25341
25876
23362
19072
21124
23113
15948
22188
29884
15517
25464
14244
23983
23203
20909
14869
24555
15273
16518
29571
28045
15700
24127
22972
16681
24025
25621
13706
24458
15906
28083
16650
16888
25276
16149
29863
29170
22896
27970
19250
21900
23486
27660
16373
24565
19329
27441
26198
18812
28370
14533
26925
15370
24206
17944
23596
24410
24842
15626
26065
22802
15088
14729
25241
21120
20810
15201
18707
15980
23786
13959
19407
22664
20669
23914
20454
19187
24796
29820
16248
26317
18567
28351
19138
15116
22901
16103
14344
15984
27452
28195
20203
14910
26695
21564
29785
23208
19141
28150
27202
19592
14204
27851
29515
24170
25007
21247
28639
19897
22398
19999
19189
29414
21521
29468
17780
26559
28699
18956
19600
25884
20088
26646
17791
14723
19913
16394
23881
27519
14284
21699
25550
17620
23864
27367
27019
14708
21885
14688
20485
30076
14203
19508
15055
26890
21058
16188
24175
15884
22318
22874
28278
22154
23535
19293
26541
22868
21333
29532
29738
25808
17736
22705
19539
24633
20843
26676
20299
23288
25274
26957
14969
17187
28127
19996
13749
15368
17264
27580
28581
29325
28852
18691
24004
17142
26810
23262
18616
27628
26532
24485
21866
27628
20415
22121
26592
19287
23339
24078
14991
13876
29076
21584
20820
25735
18684
17288
24942
18470
26366
25412
15878
19477
17486
20439
18673
24632
20708
23816
23683
16833
22492
17237
24407
29413
28226
16263
20204
25293
29207
23752
17172
23272
24591
21802
24508
22004
29354
25187
14572
17350
16830
16507
16565
28412
15672
22739
23893
19150
25711
27839
24424
28833
17926
22857
22327
23042
17249
24488
27556
29878
14048
17339
28757
20803
23696
19375
22230
19156
29497
27740
20614
24589
26587
28903
22043
19560
14400
17350
23129
24583
15739
23668
27383
23406
17561
28363
25397
21141
15377
15402
24194
19276
24824
23363
29440
20085
28101
18573
13699
27204
20940
14428
16754
25009
17838
24698
14766
24303
15591
23464
27720
28333
25399
14946
22281
21065
14116
23890
17880
29050
27610
17163
17767
15628
22871
22375
24195
22361
15081
20956
13820
15706
19291
26842
24430
26205
16687
23782
22295
17093
23572
19479
28895
24709
18615
14306
28637
25770
26269
18368
23102
26640
28513
17930
20963
25758
16662
16852
18544
15879
26881
26468
30128
22875
23594
18408
19940
27435
25183
27227
13779
29245
17847
18496
15452
21997
26984
28539
29553
22797
27224
22010
16378
28750
25096
25582
23460
14940
29227
29737
28065
19647
15536
28128
29648
29533
25989
27947
19452
18641
17710
18828
28821
22264
20350
16769
14108
19621
23546
16931
25886
20223
29347
20930
17732
24252
14397
22211
27180
27182
15607
15543
24059
23657
29650
22900
26906
19156
14914
15672
23368
25423
25062
27602
29129
19900
27386
14327
23269
28792
28011
26058
29485
23546
15323
14516
24899
17350
22232
19471
25214
19151
20524
25714
21158
28753
28052
28322
15765
25951
21359
17902
21511
24215
17804
18586
19136
28268
17689
23963
16256
14930
13894
20678
18556
25752
23372
27471
21846
25757
14815
23257
21869
14327
26794
16387
25800
15437
17660
22357
18854
20914
16426
22330
20911
18955
20396
21272
15607
16426
26424
17934
21517
27112
16423
21508
24599
24157
20793
26732
19097
29060
18318
19802
29555
25877
21340
20207
20478
29527
13739
19270
27661
27688
28410
24864
29146
22003
14542
16540
20483
25735
17541
18997
20638
14661
27630
26443
26787
24316
26591
16976
21257
24134
15118
15822
14326
18000
18962
22243
22546
15164
22974
17967
28915
27290
22114
23183
27943
21668
29104
13678
26312
25925
26180
21114
14079
29450
15974
25063
23215
13988
20258
18450
15694
20765
29612
18280
14135
18360
19164
23416
25218
29956
14262
19773
22370
16882
18829
19302
23260
19273
24392
23204
26020
23343
14192
27970
15561
22920
22583
28922
23443
21908
14288
22404
20823
27707
22844
28990
28863
27826
15941
26146
26945
16455
16797
20613
29044
16425
16474
22735
24090
17470
22413
15055
19138
26471
24467
14402
23974
17178
15048
21188
24991
14739
25856
26395
26339
14591
21112
29797
26339
25714
14816
17645
25308
22813
28215
19613
22814
25482
22027
23229
22762
17497
26634
21747
24947
25532
25811
19542
21051
26025
17198
21370
17679
19235
29802
28915
28003
25728
15335
29648
21542
25029
21625
18662
26926
23930
24167
21541
15344
14929
24059
27552
18368
25676
23037
25275
13923
18177
25604
25565
16910
17046
27796
24771
23164
29410
26445
21816
27479
24740
19758
28266
17095
20086
20260
15074
15292
26195
26726
25639
25698
16143
28113
22528
26834
19671
27350
23874
27274
27561
25282
18167
28437
14365
24606
17474
23760
16959
28963
24012
28918
28349
14380
25212
21357
16885
29374
17571
19897
28290
28976
22194
26202
19143
14502
23427
27087
26774
22508
13717
17495
28510
27474
19960
17840
15147
27607
29553
27347
17387
20010
22046
27479
29299
16779
16881
22481
27515
28929
26668
16699
19497
22024
27108
27247
17377
20245
19588
29577
29511
21268
23109
15992
22259
14996
26522
26781
24114
27280
15040
27315
15636
20450
17032
18915
28519
16960
16157
24172
30038
26853
22346
27037
13673
29318
17894
15082
17789
27494
27002
15631
13684
21165
24265
15461
29658
14345
19620
18524
28106
26025
27094
16524
23402
18200
22608
17384
27489
27527
24304
25599
23935
15981
21308
13750
24354
17055
14607
28287
13954
25176
25047
20151
28756
19810
19566
18932
19395
23153
22927
17096
28007
14582
16135
15748
17062
22461
28863
27379
27546
16372
21970
21705
26584
15319
19671
27869
14767
27539
28716
24068
23205
19907
18188
28068
15729
24914
15282
19388
26535
17101
21392
16665
23703
19615
23585
17338
17396
14833
17354
19089
15979
15271
19544
22448
24721
26057
27805
22684
25159
20421
20466
26331
13920
16970
27842
15264
24518
28824
17506
14592
19257
18809
22381
14501
21414
28420
22693
15263
28498
14105
26224
13850
23609
24887
13928
18691
18735
16882
23530
14753
26003
22028
20971
22613
14708
16947
14198
21510
25390
16218
15078
23705
19879
19447
18088
27058
22720
24167
29527
24768
29907
26201
28236
17261
28221
18553
19386
30082
14600
17993
26976
14795
24216
19761
24568
17225
18606
26630
26517
26122
27432
23444
15630
15787
29201
18783
22606
22797
24293
29099
16224
15029
28167
23572
16980
28580
28879
15953
26021
17472
23698
13808
18950
29124
29864
24199
14737
28366
13753
25210
18623
15459
27227
24482
15033
29319
29160
25445
29499
17641
25566
24844
28417
15540
16563
29730
14917
16005
15750
24932
25930
28490
19096
17103
26628
14422
21721
29354
23507
15226
15971
28155
23231
25967
17330
14471
21357
16318
20571
17706
23026
16578
27459
13988
21212
20808
21267
27588
21003
25794
27637
13897
15638
24984
28754
17794
19875
29444
14075
20356
20573
29931
19977
23635
15191
16290
30108
22801
15043
16052
29924
19741
14987
29961
21432
28101
23566
29290
25571
15075
16632
15294
26584
28374
19806
16769
23437
15705
24406
23585
25296
15566
26585
27602
23853
23664
21802
19991
30165
26622
16175
16701
23168
21004
14096
17585
17919
24065
17943
19924
25993
23274
21382
25466
17044
23447
19646
15388
16034
29932
25147
18820
15433
17829
20642
14051
16038
26174
19475
16087
26702
17056
21131
19639
29161
23484
21752
25455
16703
19291
14519
24554
24723
27609
22241
23816
27889
28878
24660
26204
29571
28529
29611
21462
23114
16128
25652
26064
28158
15413
29290
20637
25576
24429
22861
28982
23297
14934
27874
16316
29755
24020
28212
27506
15005
24087
14901
15850
24205
24303
24240
17241
22730
27978
23014
15601
27896
26633
21412
18714
15679
19473
22502
22807
25820
22013
23108
28961
17853
19908
19017
29168
22961
17117
22240
17895
17577
14914
27033
20471
26190
28864
16876
25466
23079
25882
24052
22894
25107
21621
14942
23461
19362
24913
24651
29727
19021
19922
15649
22876
21026
16396
13718
20560
16017
28841
28505
21292
15321
15128
15083
15774
25351
15677
21080
13896
20752
26657
24942
19360
20716
16815
17228
23707
16585
23153
26113
15649
17073
24170
16386
22853
26324
23068
18359
27125
20034
20514
14221
14423
19529
22300
14948
30121
16776
23709
16445
26709
21816
15642
27162
20221
21577
29029
19255
19880
14346
24156
23883
16285
29167
25969
27433
28328
19108
28507
19438
13831
27672
23387
29927
15606
28958
29538
29478
17403
29561
20308
28597
20345
15718
27715
28060
28258
23306
24301
13925
17309
17761
19526
29315
13886
27338
21884
23400
24969
13887
15457
28184
20416
27572
27967
13855
16106
21270
23345
17614
16613
17932
20678
23846
14611
28119
13842
15364
17137
20974
17334
17091
16886
26978
19446
15674
21313
18173
15511
17765
25854
21865
26001
21937
24472
16649
23973
26775
15396
13985
26244
26281
26475
16938
25971
19260
18568
20679
26874
23609
28210
23723
23747
22148
27205
18664
22763
29564
26541
21483
14843
25165
19468
17390
20941
18287
27380
27562
23470
29841
16363
20131
28124
22305
16270
20441
16963
19010
17144
26317
13883
18371
15865
16652
16678
21670
19215
20632
26869
27459
25801
19290
28429
14819
15345
28152
14708
23076
18941
16911
29763
15694
20264
16323
16470
17267
18708
19842
18226
17710
26825
25156
25597
17759
18374
14699
28607
23171
21853
22570
28622
27069
28379
15222
29002
28554
20258
21343
23691
25933
15180
15214
24268
18227
18017
22018
19323
15488
22203
24473
17403
23394
22208
26791
17455
27164
23708
26784
27423
29222
19308
25291
25735
22490
13940
24149
27115
18574
29911
25589
26405
29289
15867
24932
22060
16263
15150
20307
25108
14544
21586
21840
18901
14806
29649
29638
23608
20959
23478
25588
16821
24007
20638
18466
18252
20689
27790
25648
19148
29134
28805
15353
24360
26380
22899
18786
24414
27862
23329
17636
20850
19615
25356
21054
17466
15155
18182
19172
27254
25628
13763
14297
16506
27262
20010
24758
13797
26355
14527
29267
13902
25177
16634
24495
26830
19611
22673
22250
27517
15396
23081
28613
17123
13839
18932
19632
13964
18770
25685
17966
19153
23958
28089
21929
14570
23619
15488
21938
24384
15856
28825
26173
14846
25057
20904
17490
18357
26179
25886
23438
19469
27939
24672
15022
25589
17841
26900
16587
28370
22100
28718
16729
14536
20011
21943
28138
19778
16056
24819
21371
23545
20658
24176
14456
14289
22449
20617
19442
25703
22072
17285
17060
23654
18589
22012
16226
15037
24553
17307
15567
19273
28288
27019
23745
15723
25650
16738
27818
15518
30087
26991
27249
19389
25257
13740
24377
20085
17796
20916
14069
29371
18455
16463
15760
18678
23840
21888
21881
16200
27685
24211
14889
15947
18812
23843
26770
17408
27194
24853
18624
29028
22324
20987
28987
16627
26408
28114
21631
29724
26170
25375
20172
13794
24262
23327
25866
26965
28188
19555
14370
18945
14827
21553
25707
20775
27017
29588
28227
19124
25328
21885
29671
17836
26356
25576
13717
18780
18856
28491
26970
14224
17060
19779
14463
29799
16178
14217
23120
20027
17856
15061
15787
17740
22714
14326
16239
21244
18714
18537
23127
14243
19151
19820
24036
29768
22349
26024
22810
14058
27511
25726
24748
21919
22609
15176
24193
22388
29657
22031
22541
18129
23607
27184
22036
18777
24556
22411
27299
24847
23485
17356
29418
22897
28113
22756
17089
29255
27340
14663
29450
16188
13919
23266
16898
28178
23040
21672
18576
24046
16770
17453
23266
28811
20420
18778
20787
23773
27807
17213
15621
24287
23498
25577
23646
26224
23715
19732
26625
14090
22282
25967
27542
27216
17183
28768
21380
18014
20086
15492
20021
28872
22508
15170
21532
18437
21816
25516
20948
29506
21124
26980
19870
17088
27334
19179
28987
24238
16111
25402
20886
14870
14330
15948
28326
25765
17225
16831
21840
30063
25666
26675
26339
29383
18948
17964
15385
26355
26105
19772
21778
15736
29319
27548
21640
16980
29326
25672
14231
16635
23847
29619
27715
21977
20463
21079
23281
28600
29138
14112
14430
22455
29127
24012
26646
17022
21301
13801
19646
28234
16192
24909
15573
22926
19060
22093
23893
18353
26288
16325
23663
25200
24185
19116
27869
24891
15953
17809
22086
27715
29153
28673
26116
17905
20294
22065
23118
17410
20767
16780
15437
15320
28971
18994
18129
24892
19485
20045
27813
21341
18460
30037
19071
23798
20107
22628
14357
15426
17061
26621
13733
15024
20498
28823
28331
28004
26030
15009
17644
17107
27343
14414
25123
22675
16907
27610
23688
21408
20951
18993
25684
25956
26729
23812
15532
26421
22918
15414
29608
22152
15349
16470
25027
20562
18575
24248
20937
29550
16778
26722
25626
14136
16094
29378
24895
23599
20965
20178
21142
18988
18091
27025
20287
20098
19689
20156
24263
14795
28006
28313
22434
19388
18052
26527
23330
13780
13835
29592
27290
16450
29307
23820
18629
25645
16260
23410
22394
22971
19493
21744
22749
24123
19650
18894
25870
25751
30154
29176
20977
29418
23561
25208
21266
20726
27585
19464
21531
24298
26877
25204
15010
18704
26596
28391
21687
16102
29597
15004
22409
26289
16324
29693
24994
16765
16469
28688
27413
27126
27393
14239
26091
14144
14390
19728
28062
23386
24457
24053
27642
14736
17326
26800
22199
19521
27680
20282
20358
21391
22360
28524
21349
23196
22297
25482
15533
17799
26732
21730
17268
20420
15804
18050
14570
24940
21721
26528
28394
15979
14494
17536
28463
28179
20453
19927
22292
22771
23818
27919
18949
18951
14180
29747
28281
13817
14715
27422
19270
28325
15154
15567
17899
29081
21147
23675
27690
18585
20820
18632
26295
23960
14604
17385
21617
25579
23328
29806
29724
22960
18557
14625
18926
22405
29246
17165
14490
15061
21857
17773
18527
20491
28764
22191
26137
19667
20329
20334
26615
18505
27477
19315
14805
28608
24635
26713
18317
15419
19160
29660
17962
27959
24199
25592
19932
14196
25316
18554
19472
22811
23733
24741
27870
28749
26878
26163
14174
28570
17785
13816
15302
25506
19567
27116
28213
22094
24588
14669
13769
21997
26172
20805
19440
22720
18361
17032
18636
26890
26945
15287
29494
15681
17651
23218
20251
14616
20536
21115
25013
19871
20470
28375
24822
26353
15122
23153
24348
29272
26394
23700
14692
23598
24906
23431
28965
16940
29359
24143
20464
24486
19966
14355
18559
26915
22796
20946
14527
28346
14032
20305
15599
22409
19109
29039
20751
15292
23168
17566
15594
24785
21204
20540
17911
17662
27098
27636
26429
29525
25948
23690
14058
17905
26170
20519
14761
21429
26767
17526
22115
17484
17171
17496
20956
14714
29408
22462
19823
24589
25838
29053
15349
17787
27066
29886
22613
22537
28240
22502
26578
29477
14811
24003
19949
22003
27700
24866
19211
23972
14883
21177
25973
16162
28378
28428
17863
26005
21363
18840
25916
17755
19182
18776
25948
21905
14712
25495
27421
28181
16518
27026
15665
26342
26144
19949
19893
14550
28476
13876
21824
17758
25352
28678
24376
15987
25882
29159
19674
29591
24865
18181
16203
17773
15149
26423
22080
18767
13761
27743
19632
22531
25237
24097
19365
20620
23804
18969
27383
28934
27812
15532
16461
18722
29360
29722
16423
28313
15125
27081
22419
23938
17545
17144
16295
20382
29218
28277
18333
23153
28280
20619
16164
17008
21131
24740
23802
19923
27431
26927
28575
20215
24716
19113
26362
14017
23001
26456
29666
19003
25864
18141
15264
21252
18867
23900
19841
21281
26961
16189
25369
16101
19583
25746
18049
19115
24852
29630
22348
29420
23354
18945
24331
23219
20863
29076
24354
20646
16013
15493
28988
23378
18211
22105
19503
25950
27272
23850
14012
21953
17243
20218
17192
14134
19972
16755
21896
16420
22890
28700
29865
28519
28740
20375
21921
14102
25890
26171
26697
16620
22153
17301
17969
16989
18058
25602
18786
26021
17591
27405
15078
16003
19089
15765
17899
19465
17924
23720
29686
22895
15307
18033
26142
24880
22917
16791
22690
18799
26455
17730
17898
13757
17536
14979
29853
20013
29147
15491
16418
20717
16190
28750
19380
30119
22476
15038
29176
19113
17258
19032
27845
20822
26285
16385
16386
22303
23957
20632
14921
20301
19360
18755
25772
18018
20427
28105
28430
28320
28859
20732
19328
24552
25806
27664
21923
28329
16415
15425
19296
19584
16325
23366
19299
22171
14401
15655
19920
28355
23735
25161
18278
21633
29759
14062
23585
18700
15142
22401
18385
17541
23077
15459
14542
21687
27298
20234
25666
26562
26079
19699
18195
19931
23594
21184
13749
15747
29426
14839
25578
21638
16329
16574
21878
23515
25052
18463
14133
23025
19585
21644
24696
28673
25660
29246
27398
23818
14432
18968
26187
19467
15289
25626
13933
29673
26458
26012
25196
21127
29330
28071
14677
27555
16391
14085
25281
22952
19261
25916
22049
27466
20964
23727
17962
23318
17496
25336
15876
26787
15444
26119
21455
16830
19549
17794
24879
16560
25436
26220
22966
28509
28151
27151
28578
27882
22764
28884
14828
18052
19380
17290
19074
14342
29610
15144
20981
15909
23405
16697
21985
17795
15309
18744
14178
17815
14407
13968
16082
29748
23916
13945
25261
16698
22075
29498
29437
28286
14546
13710
14238
24725
16344
28238
15220
30006
24237
26393
26295
24853
20899
18100
16739
16583
15098
28816
21684
29719
20755
26102
23895
26119
24673
17950
27336
21529
29899
24315
14196
19002
26878
17402
26389
23393
21645
25390
24235
21277
18031
17215
16207
17938
24300
27233
16385
20403
26063
19441
18407
19386
18690
24439
22969
20649
17782
21106
26989
22740
22935
13762
17235
19824
24629
19580
18253
15563
25401
22240
14048
18028
21642
22401
23548
26755
27369
22792
26561
25764
17462
19647
28094
17115
17404
23031
27159
21752
26802
23335
16414
20076
13990
22378
18742
27650
19274
20902
25064
15062
29323
24325
27818
25538
22878
14185
23897
25619
23914
19285
16930
27560
21622
15944
15936
21106
25604
29407
16097
17674
24068
27637
18669
14276
26445
28905
15152
28263
29402
15049
15938
26649
26419
17148
25535
16388
16651
20024
28222
14906
22577
22771
14772
19393
21223
21159
22664
28254
25907
24748
19482
14621
18197
19153
26889
25790
23283
18357
26499
30131
28553
29683
23846
14173
24475
25647
22491
17106
17507
14576
22494
25405
25758
15145
27712
16970
19582
24436
22587
25310
28322
15225
28393
25630
29420
29145
26640
14406
22797
24192
28561
15824
29623
20268
20205
24888
17638
29385
13680
15513
28163
24558
17241
20094
27816
29769
20128
26057
14514
17106
15071
26665
19663
25245
16244
27351
22547
21944
27110
20191
27659
26153
22519
21038
14068
15688
17003
19431
17760
24303
22094
26959
16677
25041
29254
29013
18099
29922
15700
29055
25656
25019
18794
15213
28084
27012
25295
28755
25083
18157
28720
20533
22287
19318
17796
16076
23768
19186
14248
26355
25258
14194
24586
27962
13878
24122
22095
29500
18742
22455
14757
16396
22712
26949
20027
19004
23898
28399
23339
20897
19586
29796
18489
15396
21122
29501
20424
16438
28126
27341
14034
15172
18472
26589
25678
29823
28368
15942
18138
27097
15272
20886
19682
28208
29228
25655
14479
22213
18326
14272
21470
13877
14872
29231
14536
22258
19745
27288
15405
26338
21782
16725
23987
21636
25704
19096
19560
19381
20739
17463
16044
16588
24958
20616
22262
26615
20853
25806
21283
27086
16098
27110
15343
20227
27292
26093
22099
15089
16344
22028
24856
25569
17027
20376
17053
26655
24193
25792
15632
21964
22192
14743
25375
17880
14251
26288
17660
25618
25781
29116
24006
26501
24324
28880
20336
26085
14070
22612
16461
16198
20167
28082
16011
22959
15279
25827
24569
27603
24900
15284
13737
28339
18566
28307
29824
13919
17336
17922
23749
23721
29843
24519
21995
15764
24902
14636
13891
15843
29858
27905
19453
21911
30006
24216
26348
28867
14950
20313
19831
18911
20095
17552
22339
22306
22516
15366
15902
29962
22805
17633
22772
26714
18406
18754
27194
28030
25013
23294
27952
19736
13724
26985
15241
24471
18294
20365
15059
24065
14401
26684
18864
26214
26544
20756
29688
24609
16422
19334
23059
26817
16914
24301
26326
16909
24414
27287
16038
29924
28899
28811
23765
25123
18584
20913
22316
24339
15076
15774
15426
29128
21993
17601
16670
20623
22822
16148
15271
27435
15568
15591
29940
17100
17231
20018
16737
17163
29128
25877
26242
17492
24274
15322
26441
18583
18361
21428
15478
23298
13880
23583
14696
20897
27071
23320
20245
20254
29485
25489
20127
15838
16524
25899
19529
25681
29743
27341
28897
18713
28178
19851
17019
17292
16819
14236
16783
24590
29838
27018
20735
24430
18235
26000
18615
22470
21956
15707
28520
27166
21861
24830
24175
24022
23029
22193
25119
22087
14763
28852
23014
23607
27209
21619
19594
25438
30079
28390
21758
24092
19373
21174
28654
16834
16969
28632
26004
25867
24232
23270
23060
26579
27517
27289
20700
24479
20389
30163
21690
21211
22152
18977
27619
17630
28707
29646
29290
27352
26353
16782
26929
22022
26915
15515
18150
15467
26959
18811
17777
13852
18900
23459
21418
14564
28658
21554
26425
28599
15557
17768
19915
26251
13838
28361
22621
27689
20197
29050
25662
19420
16986
23399
25179
29765
27272
21250
19048
16348
17519
24919
24614
25483
14973
15675
19629
16958
19931
23356
26963
26955
28796
28516
18113
27654
21937
23459
21326
25267
20805
17274
18494
16819
21316
29287
17518
13728
28319
19810
17123
20085
13993
16421
26307
19512
17475
16713
20951
18303
18978
28534
27131
21918
29320
18629
20156
22972
29687
24473
26356
15123
16229
17499
27919
14725
24136
29572
14993
15616
28069
21651
25384
18162
15889
26838
20970
27766
20627
17632
19921
18803
17314
19003
27586
19341
19488
26427
17132
23044
14059
27894
21987
27691
15671
25132
20261
26233
16448
27569
22649
16754
23716
25949
22056
25936
16327
25880
24878
26953
24521
18786
24402
13982
21193
24914
26933
20582
13994
17629
27350
25712
26342
28509
14714
24151
25769
21285
17067
21145
14744
26379
18448
15990
28156
23012
24177
15883
25778
21573
23239
22556
15053
23807
18033
23384
18096
28247
17804
28030
28308
23975
14600
24361
26392
23347
21281
24458
14291
18518
29560
17702
19650
25165
20928
25705
23315
24075
17859
27227
22493
29920
23255
17545
22674
19640
25460
20288
20653
17290
22610
21723
16042
18524
30088
17278
20198
25127
19129
29459
19656
15677
19614
15585
27425
13955
24113
29069
23015
24955
17473
26429
17402
26545
18888
26951
29380
27275
19847
26161
18572
17718
17603
29292
21344
16240
29722
24234
18818
26232
24338
28927
14897
17346
29697
27722
15717
28334
22306
27733
29875
16821
29721
22811
22813
15771
16846
17201
27625
13775
16588
26911
18180
29580
24173
29705
20689
26427
14338
27471
16293
24360
21393
25916
29693
23355
24535
15851
21276
18364
29750
23418
24008
17565
29852
21118
19203
15940
24846
26614
17313
15569
17304
20004
21063
27771
14462
20264
17704
28365
23967
16524
18183
19836
20482
24663
26292
27225
20121
24948
28009
14834
16707
27367
19524
22141
21931
19543
14086
18118
24791
29968
20266
22071
23384
23947
23519
22263
18602
17676
13881
21090
28889
16157
17576
22924
27340
14720
16339
22690
29487
25973
28769
25136
16881
24228
25659
15502
24642
21343
19580
19002
21858
13780
21484
17275
21382
14504
23675
17965
29319
14761
24961
27748
24237
26009
28702
19637
27448
25600
15708
17039
20453
18947
25955
18042
28547
22293
25262
29926
22965
28822
25635
29380
29741
22904
17955
13899
19660
22456
23042
23336
24421
29954
14965
29823
23112
29185
23699
24736
23192
21394
14475
21421
18498
22907
13675
22565
22309
25389
15023
23126
15303
28839
15438
22047
16842
18608
14275
29354
23425
18501
22119
19373
17935
29079
19366
28207
29560
24694
20231
14299
14386
22490
16844
23909
19444
22657
23402
28817
14009
22176
26160
24428
13746
25689
23895
14270
14975
28542
19854
13951
29059
27284
24408
28565
18980
22926
15012
20570
14373
28669
28955
26469
14706
22212
16275
28467
21882
27376
20362
27090
14682
20267
19095
13865
26762
24727
21214
19758
19491
22924
13748
26089
22486
19254
26037
24232
26976
24415
26107
22353
25709
28037
28340
22396
21398
20407
17475
28749
16788
18361
20035
15048
27837
27974
27361
25065
14197
14871
28223
25968
16306
18253
29506
27686
29318
25907
21947
27794
19148
17486
20426
14864
28018
17276
27784
18161
19285
25294
29488
20291
24695
18398
21662
20702
17593
19948
27085
19052
19107
18942
13721
16129
23271
27371
14234
28092
26839
29539
20712
19628
17157
22496
29713
15410
23447
24319
17675
26444
29527
24812
13833
26279
26227
27460
27064
28731
20622
22712
24057
25094
22376
17789
28090
27573
13850
29186
28518
22303
17447
28546
29083
22510
19888
15869
25764
18948
24814
23847
16085
26913
21108
16208
13738
18233
14007
29553
18319
25685
18301
29161
20530
25573
21105
21552
24193
22311
23605
24284
22920
19961
27634
21343
28406
19868
16121
27453
23168
23149
15931
13760
17092
27704
19925
25200
22145
19496
14224
17075
24682
18340
14390
27312
15763
18647
28948
24158
25708
15750
27330
21532
23419
14078
24679
19286
22888
28184
22169
14424
27985
25840
21078
24042
19324
25263
20871
16967
15604
18192
21278
19364
29878
15411
26508
18868
27604
14070
28523
26847
18880
21054
18372
18093
29575
17884
26960
17168
19430
16186
25273
19691
14438
29017
29024
19647
18608
28844
21700
21569
20459
13900
25732
25215
16291
18688
23963
24014
28606
27824
18314
26431
25663
19558
20325
18600
29366
18783
21807
25632
14944
14648
17983
29846
23069
26149
26357
25465
17132
14377
15025
19442
21253
21010
18543
20778
22606
14863
16180
28072
17114
20104
19279
15854
16432
25956
24837
19511
28734
27160
16159
21962
22493
26038
15015
26425
14188
23562
27798
26143
19563
13784
23351
24938
28622
20255
20926
20854
27043
20467
22035
17242
18397
24092
17644
14473
20475
14367
23214
22169
14986
13714
17310
16661
15018
26107
20320
24746
19620
29254
28710
25455
25429
15660
19533
14454
24736
20689
13886
20617
26848
20838
23057
19266
14966
14410
26645
16311
20856
16684
21653
24713
24854
28249
28929
23330
14572
24265
21490
16894
18749
21695
26355
24218
17540
27560
24230
24466
26744
19477
15920
19597
22465
18008
19874
22678
25908
22569
13789
17776
17008
16928
18589
18247
18843
19078
19425
19052
19561
27629
24025
14059
21128
15992
22664
28220
16790
16956
20037
21119
28944
28725
18143
14219
22020
24585
23682
28684
27414
16135
26572
22064
15852
23070
22258
27626
15349
19010
22631
26370
22582
26761
20133
26545
16629
20061
15621
15418
15464
18417
17315
16369
15260
14036
16530
18869
26046
29575
14606
13972
16395
21004
15910
27784
24173
17531
16429
15670
27045
18456
28793
25988
18338
26907
22056
27487
21652
18801
22937
27251
22204
17008
26603
26731
16259
14249
13959
24735
22264
19895
14997
13761
22459
29113
20201
14365
24520
25401
21454
29237
17668
16160
20602
27042
26606
29083
26816
29052
23572
19221
23623
18249
23095
22500
19486
21011
29548
25456
19531
14018
16287
26193
15645
16958
22010
19266
23634
21923
21353
19148
25459
17951
28667
22511
24093
28542
29461
17204
17102
28408
26090
20872
16928
20555
19806
19337
17425
16429
29186
19227
13995
18058
20695
26732
29607
13699
17097
21798
23382
25530
24989
19884
19744
29803
28795
24842
28355
29047
21375
19168
18836
14953
16249
17368
26994
28362
29137
18115
19841
16990
18670
18348
29039
24001
27630
26103
24576
16007
27863
15843
19670
29547
16236
22718
24772
24665
15565
24581
15399
24874
24811
22218
27474
19623
27417
29912
22623
27127
15305
28860
27103
21297
25868
16545
27905
20048
28151
22602
19623
21702
15724
27421
27470
21839
16131
22908
28258
26559
13822
14880
19324
18293
14679
25375
26511
17011
20836
20339
27310
29237
24646
30137
18214
18694
19885
17282
23902
18933
20782
16612
20422
24068
28655
15234
24224
21820
15659
18317
26065
14903
23556
15514
15376
29686
26472
21127
25958
23739
25430
15643
23455
27121
17857
23711
13817
26284
18236
15402
19329
17693
13754
27308
28523
23186
25014
21547
26288
19392
27006
28996
22983
15640
19386
22070
21889
27831
16396
22456
18953
23046
29601
15979
24582
19390
26612
18117
18445
26511
27707
23473
24308
26818
17234
16491
18970
16605
23525
20436
23566
28770
25899
28065
26444
16056
18677
26441
18501
16776
17111
16708
17989
14102
16890
13723
19134
14683
26023
22844
23766
27770
25412
22757
15371
27825
17544
21548
23467
13852
16030
26788
25496
26925
18999
21722
28572
21752
15031
21918
21187
22250
29326
27034
14198
20409
20164
17343
20391
26746
19759
13889
28082
14793
23595
26064
15111
27665
18980
14754
29868
14660
18932
28632
22294
22092
24807
14935
27233
18878
26027
16319
27950
19684
14551
25700
21399
29334
19805
25009
26689
17167
22774
14081
22326
19634
22076
27744
29203
26349
25930
22203
26818
25017
15559
17928
29224
19545
26167
25574
14089
21350
18511
19632
26505
29913
28230
15068
19056
16506
19117
18665
28958
26904
16114
15765
29251
21806
23982
27835
28318
17281
29974
24606
21368
16339
22646
15542
23973
21783
25293
17444
18520
17142
29612
28274
13857
22779
20370
23186
17835
18290
20868
22535
21728
14657
18030
14274
28773
24570
28556
17882
23105
29832
18421
13900
15720
14518
26643
24987
15788
16597
19924
14694
15505
16437
25795
15007
18543
28809
28902
14771
21513
27195
25582
16297
25033
29772
16380
29928
27300
21671
27619
22572
21546
15656
27757
15357
16743
21121
26860
28870
14314
29353
28884
21861
28576
22282
17412
26541
19990
25797
17159
18158
19076
26831
21940
21885
29418
23919
26524
14858
24488
21293
17582
18975
29502
20598
22906
18679
16322
25762
21548
20846
21257
17671
29462
28502
28749
25701
29133
15064
17727
17002
21054
25006
15471
27161
27782
20460
22950
16468
22874
15191
13674
16023
28195
19774
26242
13869
21322
19215
17336
21014
16798
24546
17268
22141
29483
26508
23415
28595
28464
27560
18348
14957
22427
22869
14873
24626
22920
25702
16728
25282
21011
25536
20850
16945
26450
14368
17261
18184
18100
24367
27261
28331
14248
15266
23136
20139
18310
23492
27627
25157
21278
25436
23674
24088
18892
29135
27217
27794
21947
22305
21012
20937
26977
20385
24696
14057
28618
29870
14846
22724
22360
26625
26503
21927
27769
23954
22856
18621
29174
15878
15408
17160
22750
15660
29984
25820
20991
17226
20221
15342
19271
20329
14441
29580
25470
20312
16389
23867
14783
16712
22255
27816
26896
19362
22681
15743
19888
20056
26613
19524
27497
23284
15506
22397
25614
28906
19723
22664
19376
18683
28534
21659
20326
16607
29126
29989
26406
15709
16945
27354
14172
25703
14710
20412
24308
24918
14394
27242
19619
26774
16100
20554
19872
21889
21230
25694
24699
25900
29867
20764
27287
22622
23567
19977
15482
18868
27279
22906
21238
25081
25992
17586
22300
28247
15755
19127
21398
21555
25092
18064
15978
16879
13892
22385
19731
17493
25268
22098
27064
18171
24408
26998
21068
20828
13924
26069
25664
22363
16440
17265
20502
20697
25000
21369
20376
30149
26242
24406
27253
27597
21952
15311
18924
17684
27920
23041
15039
26444
19136
19176
17926
20908
19433
14901
27882
21654
15587
17974
20134
26825
29519
24080
20026
17203
26729
15952
27489
24643
22681
20980
27166
29918
17545
17201
21635
22399
18747
18571
25564
20683
15124
19654
24446
19806
18385
25155
24106
17699
16283
27851
18793
16632
19031
23483
21262
25381
24740
17990
17172
24414
23340
18879
25297
22875
13867
23936
16995
25552
28638
29366
22168
28134
27022
25259
22768
29870
28156
24908
25240
25984
21208
17505
15081
26236
16119
20886
16984
25613
22276
21301
27020
23358
15659
28426
25380
17691
26545
20070
15355
15610
28655
13741
24825
18920
24183
28280
23146
21641
21481
24637
28400
19109
24025
29133
19750
28575
13891
15249
14710
18430
27026
19426
16098
19076
25842
14497
27753
14512
23191
19498
22405
20606
22526
15338
30111
27743
25734
27238
26958
17191
25751
14763
14390
15162
23762
25562
15124
23355
15894
28419
25867
28770
26383
16662
21766
25236
23655
25561
22215
19409
17985
18767
21559
21968
28136
17862
16344
22959
13761
26698
15358
25265
16705
22673
15903
15822
22004
23412
24069
24736
24470
22389
23433
23438
25012
16560
17588
15032
24825
24609
22768
15611
27093
14522
20274
20172
17252
25758
26754
14598
17907
23770
15291
20688
29847
23160
25285
14103
16286
21227
16258
14287
25310
29543
29477
26272
25387
20834
22316
16598
29355
26353
21991
15296
15621
28822
22670
25178
29680
21309
28171
22419
26947
24416
24986
21674
23776
29687
26048
19920
26261
16159
22100
19484
23363
19483
14420
16758
28773
14018
14361
18049
25342
21658
14639
26782
19902
27391
21058
16459
23428
27066
14620
25489
23034
21863
15112
29427
23160
26026
17862
17036
14733
15905
20805
14645
15517
16106
23388
21656
18326
20198
17417
18288
19615
17426
15528
19540
16887
20702
25278
15506
15901
16599
17324
23293
23845
15399
30145
25240
29214
28751
18682
14506
21200
23829
21949
26466
24128
23260
15526
16226
18820
23530
29735
20301
27340
23973
23847
25026
15290
20867
17113
20336
17835
25914
20569
29373
20328
20088
18632
24587
15788
24090
20174
27188
16367
21631
22380
15774
23281
23210
15199
27126
21066
27547
24030
28055
28037
17571
14179
15932
19798
18147
29500
26905
16158
17075
24026
24274
23040
25967
29037
20817
14679
16810
26538
22042
29028
19701
22613
14379
29396
18593
15709
20642
29101
14092
21701
22305
22624
21213
19765
21202
18531
14447
16688
16413
17188
19036
23621
19477
26566
14672
24595
23897
29942
26418
14290
29458
27360
28023
14836
14878
25055
20616
17911
23355
22263
29378
18010
18365
28291
23382
15602
17431
26832
20553
28007
25281
28045
21002
17255
20639
24482
13821
14335
20199
24599
21865
14266
29082
21414
15084
21903
23442
17988
17751
16451
14803
18490
15644
15402
27653
28595
19335
29539
26405
15922
20391
28270
16814
24732
27359
28041
21495
29418
25734
27015
23771
29473
14777
23896
13745
22323
24063
22844
15743
29030
21810
22329
27970
16980
19481
27836
15631
25114
22884
26597
25379
19279
27240
18953
15922
13897
17461
20438
21167
24708
17416
17418
17899
24933
23671
27153
20165
23998
29809
19661
26359
15711
19714
15992
18357
24159
26995
17224
26221
28754
24448
17444
30118
19586
25604
17138
21463
29503
26292
23795
21804
16400
14343
29205
26683
27565
16052
24336
21006
14344
20927
14084
23394
20719
18742
15079
17081
19199
22100
29306
17725
29159
13977
28441
27017
17725
19373
22411
27814
13984
25160
18825
27443
21516
29510
22906
15208
29538
16574
13815
16443
24419
27290
21222
19727
16042
16548
21944
16771
18796
21371
24926
18205
18682
19957
21129
23850
19097
22797
20520
17096
16607
17084
19004
16322
15952
27018
14875
18320
14730
16253
24539
14512
14190
26946
29169
16167
20611
22838
29511
18133
17229
16752
28720
29842
28897
23726
27726
17434
14809
17401
25332
23817
28037
20295
25859
18111
27283
15080
21713
17423
20903
26312
22089
29877
22335
17307
21011
25056
14071
28219
25320
24362
22592
14700
28145
20007
14391
27058
16543
28208
23916
13812
27867
24541
28098
28686
21776
28957
22400
15333
29343
17311
16880
21709
22773
27514
15740
23818
20231
28349
16983
29040
23069
22196
26494
26086
26263
25226
25386
18949
29495
30043
24932
16933
19268
26371
17009
22245
15981
20698
28657
15782
20982
26572
26070
28910
17757
17624
19468
15630
16985
18325
20435
18357
16289
22154
15030
20250
15725
25995
29374
22264
22820
16078
17390
27029
21308
29141
23281
22689
14751
27535
26157
15516
24144
15875
28347
22235
22413
25224
14595
26498
29657
15805
17871
24731
23134
29380
18867
21749
28826
27267
28541
22915
16529
28658
23176
25316
20331
17452
29757
19672
17913
29345
15529
20886
18110
13721
17806
25291
21843
17199
28243
24054
26709
29611
27985
18926
14712
14043
15016
15646
14167
16264
23293
16601
23740
24011
24327
22671
17152
27095
23729
18774
25202
28828
18548
14443
26008
18090
28709
20619
22000
24021
17540
22016
27831
19315
25724
15806
20887
20401
22000
21108
17125
17232
16519
20221
22987
22028
26344
13832
18681
22977
16456
18761
29412
26694
21473
19071
29740
21808
15366
15545
22663
26265
21541
21123
29308
23336
22392
24632
28377
18843
17996
16206
14424
21226
17660
23847
22740
26641
18528
16831
16643
28880
20977
27633
29958
16264
24946
29098
17675
16339
29155
15129
19960
15980
16295
20766
16274
15887
19535
21232
19975
20703
28647
23667
19389
15041
19954
13935
24156
21599
17745
16596
15892
15279
14959
28581
29617
26898
17960
17343
14079
15906
26180
20255
29907
27522
23594
20869
15743
13908
25053
26376
27293
17226
16889
16581
15841
26855
21763
27730
15606
29777
25026
17521
23517
26396
14416
21215
27142
26669
29842
19415
21214
24653
17318
13999
29316
26477
22386
17303
13970
19446
29748
20865
22590
15330
26629
29892
24306
15594
18154
21596
15078
20364
20575
15702
15882
29663
27037
16221
22539
16039
14961
22973
26861
28024
18755
19887
21907
30080
27756
26037
24132
17108
28003
17377
17439
26729
20993
20370
20439
13873
29021
29767
20029
19646
18660
26583
17625
18969
24988
23540
17775
18215
19162
24095
29132
24185
28470
28717
17349
22044
14122
19353
24427
17163
28420
19135
26112
29134
28647
29212
16036
21525
14980
19050
24954
16660
22781
22406
16663
21623
21286
21338
13690
13894
17772
19245
23826
26926
22884
14242
18000
23134
24054
19580
23318
22293
16514
20177
15442
20610
21760
25038
25325
23731
22478
24149
17354
18099
17383
26328
28245
21058
20104
26167
13974
22334
25430
25021
17289
20539
29328
18171
17749
26361
13697
17784
20351
15587
19757
15327
27997
18439
18416
25401
24751
20654
26766
23260
24354
23414
28581
15074
21911
19956
23777
29935
18812
26967
21831
16084
19956
15644
27783
26393
24171
24073
17118
28778
15718
29720
15461
13717
14659
23050
27940
26649
22835
24646
21412
24657
22631
21953
19742
18240
26324
13985
14238
23407
22631
25171
28328
17047
27294
21862
17450
24337
28670
20935
21670
22925
18664
27809
19212
14186
20484
13835
22232
27467
16671
28197
21068
29142
22273
28826
15190
16337
24712
22897
15035
24445
23563
14005
22454
26937
28687
23767
25933
29381
19439
26340
24029
29378
16263
19403
21311
25430
19500
26236
26752
25432
28522
17219
20438
18962
22596
21638
15760
17994
27081
29747
28640
24354
19935
19264
16461
28145
13720
22284
26986
21895
15005
29239
26222
22278
23031
17214
21521
16008
17445
17137
18740
28977
26815
25852
15193
29612
24567
25631
20122
23392
17750
17554
28886
20377
24488
21758
14532
19100
19481
21629
23605
22348
19559
22737
18046
30104
28848
20851
24105
14711
15828
15497
24089
25857
27884
21088
28614
28623
17703
25027
24481
13865
13736
22917
18599
19779
14016
23882
26164
24456
24373
20434
19912
19689
18590
20633
18515
19953
25444
20852
18944
16222
18361
26483
18350
20062
27057
21360
24434
26349
19644
19893
14581
15362
28700
16702
18045
24368
14626
22605
27131
17435
14767
21953
23695
24268
28130
24486
18847
24830
23156
30124
16394
23587
15056
21272
21617
20013
24733
17987
18595
23793
15608
15271
23364
19711
21438
25326
28787
21849
25079
15671
24929
28058
24013
17501
24440
26182
14031
26841
15909
14825
29612
25251
15487
21438
15987
24518
13870
19591
25684
28095
27921
20488
17918
23692
19682
20163
14128
15873
13894
29107
26354
28897
26316
20135
19262
19223
24782
14939
17028
19568
22349
25766
21328
19665
19823
26106
18834
16734
19308
26085
29900
22170
20061
18109
23843
18410
21219
19804
18943
21674
20917
18883
22944
14172
19318
28985
18478
24484
29726
15617
18009
19089
25598
19787
22818
29804
17644
21936
19663
28895
24666
22696
14611
25183
14985
20234
22966
19816
20236
22351
25343
24352
15641
14192
17896
14458
27325
16432
15914
25244
27441
28434
15761
17815
16005
28963
26979
19874
23443
22521
21493
23704
21158
21232
20047
21075
28019
27731
20818
27053
14391
28186
26194
13980
25783
17773
26186
25793
18206
24669
19283
15006
23995
28039
24985
16418
23334
28409
20463
22934
19261
24876
24757
20649
23225
22824
25481
29269
15430
17770
17360
18656
28506
26750
28445
23552
25104
28898
25763
14499
28961
15084
15853
16206
18681
24712
16545
17335
29354
27472
22514
16389
23066
23823
17608
23129
21104
24207
30029
20921
18506
25882
24409
18870
29389
20711
20852
16969
24267
22459
22258
24559
15308
21282
16369
17831
26621
20995
27696
19282
26855
24480
26195
28227
28778
15418
21691
25785
13839
21418
17795
29009
27800
16755
23569
22976
16312
28010
16435
14075
24926
20417
17131
19470
21132
25050
24040
24143
14256
25733
17265
21798
16767
17573
15420
21881
14640
22189
15527
18736
24927
18305
29233
28474
23238
19120
17590
22275
18931
18728
17721
27743
29869
20958
22825
29945
29334
28622
26335
21215
14094
19735
16983
22904
14800
16766
25009
14189
24148
26619
27524
14350
28942
24504
21445
25420
13936
20895
17231
16975
24865
15021
18070
29273
20178
22443
21583
29352
25217
29147
15014
28952
24954
20807
26258
25920
22721
29549
19587
29602
23650
26142
18315
27286
29660
21080
22425
23391
17740
28137
20898
18630
22031
19455
27762
20606
20878
17479
16132
17910
24236
27934
28416
18903
20744
17936
19433
23079
22178
20834
22770
27026
27445
15165
21884
16702
23332
20845
18913
18648
22501
29339
28265
13908
16736
26043
19472
22279
23281
22352
23484
28243
17132
15494
18662
16886
15470
14689
21077
23305
24322
26865
25729
27154
13781
22957
17911
29557
27235
25802
25062
25202
23798
19375
14487
13918
16874
21607
22581
25132
15308
28422
22180
29110
17420
29520
19167
19953
18269
28556
22914
22471
22801
14188
14739
19513
15032
20732
13812
27179
26580
18997
19518
16331
18395
27170
23600
20723
16171
24563
16786
28575
19339
21362
15412
16799
20248
19516
20723
29436
28857
15914
22455
26898
24583
18028
20925
19787
18786
26726
20352
27529
17613
14422
26388
21769
15547
28904
15949
19051
14258
21722
18097
25598
16968
15275
27792
14929
18835
29326
29570
15389
22925
28992
27739
23789
21756
26112
14373
22767
25886
19206
22649
18778
22619
26508
28664
24648
14597
15668
14629
14675
28304
18289
18118
26646
28539
26351
26640
18118
16593
22798
19835
22699
24843
28802
21880
26365
22877
26634
20947
25170
22554
16961
17154
16952
28752
22842
23925
26738
25412
29113
19220
21619
13711
28855
17016
16223
19081
17018
23868
29801
14449
25088
14291
21907
28771
18235
20672
15342
17936
17238
27127
22756
22785
25478
18562
19667
25572
20037
27534
29689
26848
22071
18227
23719
29689
22141
25188
28465
19352
18671
24722
26342
20606
22248
16046
28342
18760
18971
28400
23435
27189
23171
14034
17629
24465
29541
18778
22846
25629
29611
23956
28700
19329
28335
26323
22151
28554
28214
26765
23379
13869
14507
24187
14272
23318
29853
24071
16629
26862
24427
23545
18147
21067
25782
20134
15136
27474
15284
19145
18251
17911
21831
29265
27887
14114
18452
20655
25150
24170
28970
21354
28037
15554
23986
23656
26785
13965
19215
20368
22215
17552
17069
19808
14276
18189
19052
26086
17963
15545
14859
27638
14318
19421
18604
22190
19858
21912
22067
17174
22820
21526
19527
28396
21288
19756
17622
20180
21165
16989
26967
22623
29560
20893
28953
25693
20983
13765
24176
17068
14476
25874
20781
18221
16379
21493
21632
25053
19223
21864
27791
25111
21840
22235
17014
18734
17106
19750
16462
23844
18814
16561
26318
21967
25838
23490
17885
26627
25776
24065
22965
18853
14850
18649
25222
24329
21043
27707
26849
17002
18155
29886
18350
29271
24190
29224
23593
19207
18204
16929
20227
16846
23704
17708
26552
20917
26346
25033
24474
29514
17617
27787
26516
16026
24685
20537
20120
27262
15368
15201
15283
26599
23261
13983
22561
17008
27813
20569
28011
24596
23597
22224
16336
27957
23631
17076
27782
22485
21011
17916
24748
22663
27804
20922
27209
13843
18146
19393
15030
24909
16983
23172
28176
13832
14136
18939
28770
26823
23208
26175
19799
17293
16270
17886
17604
28120
26807
15238
19988
20835
26492
22001
27677
22835
19880
22577
21199
22946
15362
24303
29471
19138
24820
18902
15293
21813
20342
26454
20146
14434
18778
27793
21040
26775
21273
23744
25409
24055
25686
17381
25997
27890
28180
22914
16666
14463
25856
18910
14535
25791
25785
27278
18196
28115
16297
13766
21353
18209
16485
19712
17422
14879
15751
27835
17818
17881
22701
18333
21840
14034
28913
22802
14166
25028
25248
24875
18757
20751
24256
20114
28404
14869
27335
24068
28435
27958
19718
22597
20719
29860
14261
28569
16793
26062
29776
19680
16513
29516
14475
14622
19224
14196
20509
14558
23074
26811
21745
20995
18665
23603
24235
22107
29774
17671
19751
22878
21929
20177
13958
17688
19134
26364
28169
14198
22390
27308
24207
21430
19671
16893
16765
21687
14782
22908
25690
23417
25256
22198
29207
19318
16822
23773
23721
26903
28605
25144
23644
24813
23159
21331
16648
17885
29563
27875
21798
17944
22075
25760
20260
15188
15343
13883
27629
22917
23286
16990
17382
21184
17789
23037
23516
23947
16094
13723
15321
28732
19762
27810
20248
27104
15490
24310
25335
19739
28656
19057
28960
26421
26329
14711
18959
17378
23945
27280
23871
29440
27594
22997
25502
15509
27064
22452
16117
14190
20932
16140
27255
26161
27034
22826
21487
14440
14531
28884
15624
28642
23133
20225
23178
20240
17177
25855
19510
25529
16243
21829
15911
17097
21402
27280
27278
14268
13692
26559
26320
25678
14120
28800
14453
18691
16203
23777
21362
24177
27376
23795
22026
17574
27759
25557
16955
14673
27660
22977
20910
24603
28394
17991
27380
15450
17472
27245
13704
27265
19042
16119
17244
25849
24052
27059
25977
15202
16067
22367
16490
20141
23461
21395
15212
26102
18219
26562
28056
28657
28194
18585
15155
24179
16974
16553
21620
19871
13940
15285
21665
28713
20211
23809
15109
21362
24420
29385
17459
14856
18119
23566
18831
17755
20253
23072
15584
23928
24886
22120
27591
27260
27525
15319
15400
29571
15034
27676
20647
19069
19421
23391
20515
20514
23083
26642
25000
27623
27201
16881
19100
29144
18852
20093
23215
28392
29582
21100
26957
15064
20228
22290
16977
27111
18230
23957
18557
20641
22435
20368
26585
25809
22548
22746
28562
28510
25399
24378
16925
16669
17541
17440
23109
22061
15507
27269
24162
27292
17404
25108
15376
24793
17607
22349
24182
16122
24946
15160
13855
19512
15905
24973
19850
19338
17172
20032
19203
21173
20062
21392
24930
18126
17762
25680
18000
29313
13833
24183
14910
15997
14230
15032
24860
13787
27820
20230
25286
18385
16692
20751
29274
26862
14103
15933
15492
21355
23790
27447
27595
21465
15902
21952
25014
16698
16061
18590
25791
22794
18445
27773
19103
21709
19102
23177
14087
26920
15204
13721
23231
17163
14541
20016
25447
26556
22205
15262
24245
13683
21624
15101
21174
18209
17167
15782
24357
21992
18388
29002
29136
29429
15857
20760
25205
13932
19564
17596
18445
23110
20216
20404
18953
19506
20435
16033
24633
25826
19560
23216
14450
28488
17243
28892
29808
28783
17263
17029
14613
14115
27422
15443
27807
25603
23285
27066
18624
14746
21302
22744
17439
16825
27661
27347
20875
16396
16351
28058
29133
27909
16807
21059
29880
30072
26948
14549
14710
21696
26681
28757
27049
24058
23125
27674
24350
27991
29062
23172
13871
18254
20191
25992
26232
23713
24970
21000
26878
24728
27057
16077
22617
27854
17319
20349
26726
27614
15433
27053
14249
28174
17332
27812
27262
26682
14069
17248
22529
22297
15674
26186
29694
27033
25920
28422
22197
16468
29195
15802
29029
15961
13896
25060
20407
21731
23057
19809
26387
17203
17731
20074
28798
17179
14230
18519
24826
24445
21923
21235
16824
19259
28755
18545
22027
14260
16783
21048
15902
22620
24121
15951
19267
28858
26625
28428
21323
21304
25014
14172
25463
29045
22922
19617
22768
27482
14679
16957
23846
25128
22052
17262
29506
18610
17344
20615
14092
14453
22816
23270
23959
18049
20710
20825
19599
14562
27405
24020
19716
20620
29650
24085
14548
19413
29482
22812
18869
15979
21115
23711
25290
27219
24475
29991
24842
21972
16824
29100
23320
28810
19754
26034
26414
14194
27619
14681
29297
17497
18550
17856
22598
16833
29635
26876
24989
27355
19618
26782
20212
19269
26066
22814
16782
24863
14763
16035
14651
26551
19921
26006
22974
21829
22414
28778
14148
16261
28733
28420
20146
13984
20831
16162
16858
24997
21891
14238
27563
26088
21008
24326
17587
28662
15138
20730
17781
28364
18289
22749
16518
28008
24483
14805
14147
15340
16258
19656
17109
18706
27511
24280
17823
21346
14248
25434
24911
19260
21557
15042
14007
27305
22900
29219
17316
25546
23261
28933
21310
28185
19687
29497
27055
22282
20493
18910
19865
18181
24921
25904
18226
25296
15402
24666
29111
18555
26164
15553
27812
22010
27382
21466
20922
29774
15374
29606
26146
24646
26410
17834
19841
20685
25772
24956
19026
18397
22017
16043
28248
27629
27102
24756
24768
23614
26362
23041
26378
22055
28983
26315
24298
29037
25931
18021
18983
16856
27685
14966
18062
15049
14089
24631
18301
24117
16133
27392
18016
19957
26014
14543
14410
16587
28991
26695
28937
15354
14715
29054
16663
28306
29627
27580
24981
15031
13826
26978
19087
14714
23216
26608
13737
25117
16670
20070
28448
21223
13763
23312
20550
20333
17944
18572
19426
30080
15973
28021
16817
21610
14591
19195
23343
25399
28311
20809
26352
19397
18519
26277
14481
20606
16856
14519
27735
27162
16076
27316
22751
20787
25515
21708
26515
24438
18442
29719
14043
25738
16088
28639
19606
26529
26119
21070
26660
29564
17774
21938
15393
19581
24605
25336
21417
17709
14317
17314
15631
27492
16127
25060
19254
16859
17779
22061
27045
26430
19471
18685
21774
22218
22691
23317
25223
18561
19248
21891
20165
24084
20792
22576
19518
24757
14539
29939
24490
24910
14559
26696
14970
18763
26885
20681
27241
19361
18467
18279
24876
26875
21450
28080
22030
22579
28628
21663
18687
18893
24513
27692
22251
20820
25632
17947
21283
17557
17335
26515
24206
26939
22460
15840
15730
19900
19480
20750
21816
29321
23727
15562
16390
19045
16801
17492
25941
17606
21274
27605
25627
29043
25372
16591
28361
14978
29057
23057
19215
22436
15716
21208
28287
16795
24507
15974
29061
29092
20536
15882
17093
29941
19153
19197
22717
29055
29719
23768
19533
14263
25923
16726
26559
25798
29903
21794
20462
29413
22991
22792
14780
27216
16653
25752
30057
21783
29728
25501
25911
19868
29922
18289
20919
28701
16020
18992
23243
26962
21396
15993
14427
19300
29880
29681
27867
29735
26014
14395
27066
16190
21156
17326
18114
24841
13769
16500
18430
29290
17350
20742
17939
22793
19543
20939
20740
25523
20510
24220
16139
24848
18008
14880
18623
20416
24148
17747
27786
14635
17561
28452
20423
16037
29124
14510
18699
28838
21160
16269
23791
17938
16400
29023
26938
26472
29661
27479
24691
25359
14644
23966
17307
21447
24889
27066
24498
26341
15893
28569
26489
16774
25212
14993
14894
18925
25092
14113
20151
27023
22870
18094
20232
29421
25730
20978
18444
15562
25581
28031
22745
21500
24987
13844
23431
20042
17228
23061
29017
23140
15540
22421
14387
20573
15458
17229
15234
26266
17749
22583
25883
14901
28534
27311
24893
15213
21364
26231
21321
17273
28301
17672
24384
27804
20727
16423
21554
16829
26202
26521
21113
20867
20824
18913
14611
29325
26781
25689
28031
16871
29344
22938
14217
14248
19024
14423
20620
21889
14838
15142
25089
18003
17875
16094
29837
25268
17506
15536
29477
19533
28568
20206
14696
20641
16175
16606
15981
16197
23536
22123
29891
17032
17564
28862
19223
23608
16027
22040
28390
19177
29668
27109
15652
23113
25989
14916
22168
23973
26053
20967
19887
17024
24298
19925
28671
24191
14500
22696
21117
16709
22952
19747
22786
29262
22519
24304
23891
22173
30105
15707
27998
27964
16286
17627
20985
23532
19613
27717
14096
29753
18219
29363
27699
20426
24865
26467
17965
22316
23752
21017
22117
25386
29377
15994
25805
23692
23578
27312
23296
18802
21235
23084
21339
17168
16521
27919
26894
26439
26629
20495
13746
28161
23622
14974
24225
26586
19403
25262
14633
22191
27507
21625
28779
26903
14954
21322
23146
22108
18805
17130
29303
20000
19962
20665
16755
23183
21068
14222
17892
24741
17088
25809
14137
29218
21249
17849
20116
28392
23378
14436
29781
23394
29713
24271
18429
19474
23048
21985
25795
15192
14584
14590
16352
21176
25691
26155
22804
29772
26883
27491
24948
18905
16898
21749
27351
14163
19528
25404
17407
13875
25610
15807
28959
18790
28864
20673
29300
14231
17034
14300
26593
18564
20650
18350
25694
15975
28248
19235
22207
26176
22114
18348
23915
16796
21426
25784
28454
20048
15122
29389
22542
25511
25238
15766
17723
25999
16186
23389
29785
25663
21052
14004
26089
14728
21142
14780
15002
20434
25638
23497
27761
18522
21817
29781
15547
21819
14629
26510
30063
18142
29653
29986
28521
16642
14313
28387
20836
23633
14160
18548
28528
14943
13676
28322
22288
25473
14048
22765
16912
25501
15136
27835
22107
17575
16199
28110
26387
13930
27458
17628
16439
15784
23854
29921
26784
21329
22480
18807
22781
15184
17019
20356
17096
21959
14676
25917
26402
25639
25394
21743
26308
25637
21014
23842
28593
27113
19657
29025
25810
28931
15045
26969
26786
24220
27349
18391
19225
24859
28207
29619
28386
24742
15220
15529
28170
23697
16320
17296
20732
16341
26168
28841
26112
18704
19861
13864
20519
18771
23150
26533
22812
28671
28750
22198
25456
18385
24776
19537
15359
23827
29953
18770
22484
15551
28010
17984
24688
18155
24182
18436
18571
25326
25245
26422
21090
17239
23594
25638
19852
13955
19069
21184
17576
20130
14362
25137
30005
20427
21114
23491
28475
28579
19638
18725
21734
22272
21106
15458
18855
29364
15169
21779
14702
27177
17878
25887
18848
22926
18887
15057
18728
21901
16730
15611
18114
29158
27574
16596
13688
19876
18829
15215
23775
16986
14194
16788
16932
17526
29151
15847
28207
19816
28572
28267
26578
13907
28782
16395
19677
19633
15593
17190
15753
20599
25458
15906
19133
16451
22993
16498
21841
18100
15805
29409
27947
24436
19143
14626
28402
24737
27380
19368
22845
25471
24211
18378
22866
20813
19934
25524
26499
19989
22948
16725
29028
26217
16480
18505
17943
20806
14462
16360
14202
22973
16034
26264
17437
29314
16826
19751
29199
28911
14670
18532
28196
21585
29124
22783
28738
27951
20631
15444
13990
21276
16692
25495
16727
23546
23994
27574
15893
21754
24935
18555
21899
14831
16489
23527
22185
14344
24937
20898
23151
29072
22655
14549
16579
18178
24320
27670
19528
19978
21334
14821
29186
26912
22708
21953
25076
14384
25455
14529
29199
20306
22849
24460
14799
29753
27581
23765
24051
18827
29046
24578
24859
21034
19000
14164
27959
27902
21858
13780
28741
19095
16393
19893
15835
14326
15316
26214
22714
23128
21135
29948
23153
25768
29907
23271
21083
20261
23676
28145
27613
20528
17663
18606
26521
27613
17396
20297
16876
21614
19600
18780
23764
28052
16817
26662
15035
21477
13700
26651
25867
14213
22907
15431
28398
17243
25510
20839
28563
26101
18814
22067
21045
25541
14356
15254
20687
18454
24186
21344
19019
27096
28091
19529
22272
16689
14011
26812
28516
15631
15568
19886
22848
25430
15679
20783
16942
22471
14040
20497
15535
22406
21927
26648
28216
25003
23369
29524
20337
24952
20896
24127
16578
14286
19583
14257
21348
19044
25840
21838
21458
17512
22526
21041
16618
26634
22458
27715
23896
18680
22874
18303
29491
20695
27341
17481
25989
29587
22262
15923
17252
28887
20736
28159
29173
26656
29398
27522
18019
18103
14089
26957
25642
21352
27290
20657
19404
14311
27724
17035
28663
19333
27401
24730
14066
18621
18626
28302
22907
17080
19675
28505
15787
17064
14119
26765
18896
14677
15064
18022
23758
28433
15749
23499
27130
24536
20210
22510
24156
24593
23121
13852
24086
27910
21009
22137
27092
27463
15388
25540
29130
29623
19946
15427
17681
14539
27461
14162
21805
17756
13837
23883
19902
21958
14014
13898
14918
27504
20986
28506
27565
15317
28513
24803
26286
19697
14625
16849
28949
14783
30050
29774
26813
21234
13983
15897
21777
18772
29284
18472
17526
13931
20713
24360
15402
19497
14396
24610
21768
28980
19634
21636
24668
18295
21121
19955
16440
22745
29702
23446
25380
22955
20669
28364
29145
16232
26643
14491
25708
15444
28439
18006
22827
17366
29107
21144
26695
27230
24197
14288
18586
25225
29201
24533
14205
13733
15650
28507
16357
22625
16842
25872
29180
14646
20032
14572
28258
15708
19844
15486
16110
27317
16682
23347
28082
24125
17079
18713
27722
23829
22352
27248
15305
14801
19334
20450
22305
16454
14205
14781
14735
17242
29466
15084
19610
23477
28869
29769
19761
14192
20668
27717
18338
17228
24595
20476
29130
15736
19158
16622
18831
29892
15920
16366
13866
28728
26269
21901
29920
18627
26592
20307
28986
28420
27817
20299
20324
15405
28815
17836
26109
20500
21738
19988
23121
22851
15453
21818
18266
28594
23101
19900
26953
24342
23321
22745
15403
15959
19430
17207
16951
19158
17955
21775
27068
14147
23222
28582
28674
15520
29473
25159
28921
21369
28552
25626
25653
27681
22516
14806
22940
24855
27829
17014
17534
26248
23682
23522
16616
26552
18092
26090
19145
15478
25644
13710
24459
27955
15466
25494
14508
24682
16215
17615
18708
20068
14028
14667
21512
17025
25498
21269
20410
17570
24580
22177
19563
18485
21378
22985
14661
17939
16998
18247
16480
17124
23507
23664
26829
20914
26941
25206
21658
24736
17413
29221
27894
19752
25943
17548
17506
19354
18869
20636
13771
23809
27602
18145
20606
24714
16106
22562
29859
14316
20380
24820
23703
16660
24507
15676
17453
17602
20245
18538
23282
16292
16156
29865
16986
25101
18817
17319
18296
15124
19231
28144
29962
17153
27887
18385
25459
14217
24085
28177
27870
18732
24842
16378
16608
20312
25999
23264
24706
18819
28794
23699
14294
14992
23680
23488
16142
14622
28228
21139
16298
28094
14854
26815
28106
26733
15001
16074
25439
24885
15828
20124
24331
27699
22359
22891
25189
22720
16247
22946
20617
20582
13714
14745
24344
26471
16019
14134
23247
26648
14177
28796
25610
27645
22956
18065
28732
25672
14796
23123
14769
21730
29609
18250
18779
17632
24862
27267
18308
18276
18081
20062
14815
25207
17153
19980
26649
20251
20026
15672
23371
16968
25298
24624
14567
17091
18676
14777
18518
16123
22989
27740
29373
23743
15913
22281
20965
21109
26263
17360
24527
26466
20451
15977
15983
14747
18303
25372
30090
23831
20914
21574
24521
18163
17992
26013
29209
26157
20152
17124
23896
17105
26861
26029
25033
27002
20623
24283
26710
19601
20052
15647
18561
14157
14462
26290
24433
27646
22939
26435
14859
20532
18079
25595
16321
20176
24765
19373
17334
17935
16133
18939
20643
24140
15422
20589
18368
13702
16695
20929
20099
22370
20092
18058
20398
27016
18073
27739
16010
24671
27667
20364
19896
26041
24979
24747
15447
28095
26953
16763
24858
13890
28091
24614
21690
18996
14868
22513
13725
18165
15241
19867
18703
26519
24577
16007
18818
20573
16862
18610
15772
23413
29713
25847
27593
23576
16557
16873
21619
14519
21208
22415
21046
25561
26755
26399
29806
24560
26706
26139
19545
23589
27640
14911
26276
19344
24800
27111
18553
14493
23456
25703
16779
16011
23847
13934
24809
28281
29112
22024
17405
21386
28518
21488
19313
29642
25196
20264
29560
25530
20114
14246
15988
15159
18046
18465
26326
16571
19738
17656
19619
25840
25045
21278
17369
25097
24320
14440
23689
17647
28246
27447
19888
21864
27181
23672
20917
19497
19662
19567
15080
15331
16254
29377
26210
23684
29145
24800
17716
20752
19704
15471
28375
16785
20811
19547
20110
21816
23162
25293
15522
14433
23885
25275
22110
16364
26250
23020
22136
17657
27029
19417
24523
26218
26720
23952
17365
20630
29290
18690
14605
28136
24663
21771
24140
14083
22567
26351
19117
13955
20158
28944
23704
24227
28558
14851
23752
20555
14243
25833
18704
20573
25007
18453
28357
15718
18758
18516
16717
18599
24490
18846
22123
28667
19129
18667
14225
14494
14514
14676
14929
28071
21473
14960
15761
27428
26835
23995
29411
17327
18650
24212
23085
23227
29972
28263
26525
29607
26382
26212
16259
27270
23403
19552
19490
25932
15785
23065
29749
15197
17067
16260
21718
23401
14599
25423
25658
14276
26909
24706
17988
23948
27672
13858
19808
25695
23273
23067
18248
27410
15933
14048
20993
27502
19923
21460
14087
29165
28311
18674
26437
21296
27952
28718
24903
15955
25116
16681
14653
16558
21571
21314
29827
13692
21144
24168
25875
16322
19135
24342
18525
29644
20269
19179
23700
19281
27205
21612
28652
15079
28970
15974
19426
29776
24776
27470
29779
30167
29729
27508
13855
26150
21649
15963
24548
27810
27879
27031
25593
22496
27213
21963
21345
25442
24697
20918
23821
22462
18260
24849
14482
15848
13969
23709
28433
14066
28162
19238
22946
14009
18303
23121
27918
23648
20842
28548
23400
25055
24994
22909
19377
19471
16773
15634
24870
15426
13693
14389
20603
27016
24672
25169
14546
20075
16204
20938
18063
24517
22209
19871
25070
20506
24180
21673
20330
26234
21637
24693
27090
18654
20909
25412
17992
22714
16184
17082
23794
14163
29838
25307
25106
14977
17668
27493
27646
16490
20554
19931
19199
13972
18411
27225
18938
25045
22472
28860
22985
17026
26640
14284
17010
25149
25278
21713
16705
16759
20470
29508
22222
23082
22883
15647
21041
22400
23225
16915
14344
23400
22367
14042
19130
22902
21949
14571
26686
26012
16553
29055
27273
19258
14304
24390
23858
30052
22431
29538
22289
29242
28473
28024
28688
22817
20705
27823
24532
20457
28008
19245
23782
21210
15970
17076
24194
28063
14437
22481
24729
22456
22796
22389
13938
22976
23445
26328
27114
17094
23386
18429
16247
21955
27741
29349
20137
25469
23314
29231
15705
22832
22214
21567
13940
22332
25414
23172
17860
27085
18489
20696
24738
29669
25989
22026
25338
14286
27352
24372
23524
24592
23199
21889
24958
16813
19025
28478
23735
18282
20447
18388
29387
20407
16872
24351
20903
15929
19473
21299
14005
24256
22635
17142
21154
16065
20541
27341
20771
18572
17408
19171
18941
24837
29378
24450
13903
25298
20055
15343
21637
13673
29918
26173
16834
18519
22622
21852
18940
23910
28829
22695
24834
16283
21433
21276
16360
27927
16445
14225
25043
16211
21634
23913
15279
25005
18573
25371
14070
28385
15780
20721
22388
15721
17734
16054
18710
15678
16130
19669
19921
13766
15682
24296
29077
23711
17298
27320
24558
27973
22874
26688
19114
21980
20694
19288
27775
20389
25690
20579
27693
29864
28888
25486
14925
28264
26672
14725
21502
21870
15131
14694
16122
23462
18977
26909
18471
20759
15753
19765
14580
20593
21062
19082
19961
26244
19324
18574
29061
15603
24744
17123
22599
21004
29412
26296
29338
25047
17917
27202
25756
21430
19887
27167
23002
24965
28688
14981
20909
23023
20170
28143
28518
14276
27782
22107
27950
13740
21810
22179
15002
17991
18655
15545
19654
18259
20044
19400
27761
19211
18613
21168
24731
13791
14883
16934
14314
20774
23231
19774
14192
25383
25611
16511
15489
25426
15694
21063
15691
19781
14364
17413
16851
17448
24266
15100
19884
20521
16993
27309
17223
17180
25156
25708
23072
14098
16759
28480
24399
20427
21082
15678
20550
19591
22273
20158
19093
18172
14285
16391
14935
29578
17647
18370
17242
28228
18869
24484
24136
19719
22279
14338
24069
20392
25559
15333
27790
28592
22305
18519
20859
20280
14359
29000
22701
22098
16953
27703
15207
27395
29744
16864
17481
19054
23610
15864
22403
29926
16323
18817
16210
14751
19848
21212
15627
16751
29832
23201
