48
413
6544
1
4046
37
12
86
3593
2
5874
4549
1
899
9080
3
33
1341
8
2033
11
14199
8252
297
211
54
4
48
3
3
15
10909
20028
154
4
849
130
10561
12089
2
15
6
6006
9
2690
20
720
71
821
717
94
3
1073
3
2
2
51
184
249
29
42
28
14518
15017
7820
14
377
3974
1
536
91
3685
20496
13
17
32
7
195
10
3397
1455
20892
19693
3
8
76
337
2
2964
12
1371
10048
50
397
12
1
2300
2
1630
15388
17606
84
3
1493
5995
6
441
33
6
9476
14
328
1
623
9145
2631
26
121
160
92
35
91
4
27
24
2
520
52
288
106
11
1698
14
366
15416
35
10370
159
1
196
723
10477
7398
21
12
6251
3036
28
33
39
246
4
17803
119
19
2
6626
302
185
1101
519
61
1329
4
7
1
70
2
826
3
14
16354
679
31
32
13
2
880
16685
2
83
104
2887
31
4
148
12
2
1687
286
3187
99
2
5
2740
7300
2
7
4600
8
5
250
48
5
19406
363
656
29
22
44
374
21658
1209
2622
442
9
2057
6
1626
21022
4302
39
3
2
50
331
440
27
4930
617
3
83
3013
11
8
4
7
3320
4559
624
2
499
111
23
4
1141
16
5
796
1912
9845
2281
6817
1523
23
1
10
1269
20
118
4
2
7
2815
315
3648
21542
822
11781
121
170
932
11
4831
4
35
221
2722
3
5882
2
23
10
17583
104
13654
3937
29
5034
46
8794
4
13
7
3713
18
17866
3
15
2593
1
1
20342
1414
302
19056
38
1359
72
3375
12
30
5
1590
615
175
2
34
92
4
5143
65
1708
500
2308
10895
3
13
1320
1442
221
935
4
397
72
231
2
406
11
34
2
128
29
20
17
1222
157
117
1820
6655
195
3
418
151
21267
3
16856
42
79
15
233
16
296
1
6
4
6
126
210
9
2780
11
223
13936
4396
1
2034
1661
2914
119
9
25
17075
2
55
2367
9371
163
5822
1229
1
1289
10722
5
36
532
9
53
212
18
6
3636
2280
716
6
6
47
2079
14224
6751
48
108
810
72
2
39
1152
13131
1900
9
2
297
7168
5
18904
504
35
15945
1
1
98
260
677
1456
3
2
31
10
7504
108
10
5
312
62
6049
2
137
872
17250
1
11
182
1587
626
16
20
6229
3125
80
2
2413
2
10
2497
1
266
233
1
16274
9325
5
4
2
56
10283
1698
75
46
6
133
659
794
3
15
5825
4762
31
6
3
1780
7
4
287
18912
10256
24
13455
1475
21
30
165
1
184
8289
9
6360
952
15
1022
7054
173
19484
40
758
16037
19745
7
76
5425
17
1
34
482
1
769
87
2
2
10179
12911
41
2088
1
36
9814
4
14
1
58
145
76
93
94
10352
49
999
1031
5879
1018
5346
1
447
11
3918
938
9354
3
1166
2
6301
5449
1
48
119
40
5
3528
105
3185
58
225
6
3
9
13
18
7
224
14726
2
103
5
515
173
3
4
63
3
25
57
371
407
1
4
89
98
4058
7
12
39
10053
15368
11
13
102
1495
82
4042
1560
5
1145
52
224
3
14383
11
9
10566
5152
2687
25
5
4818
2
320
11085
25
8223
20938
25
82
5
7611
3276
121
9
28
7827
43
160
131
20144
316
21
11
9
21
1243
30
400
34
155
1425
30
11745
175
8693
102
434
30
13295
14570
3512
120
1134
63
3129
240
8888
32
78
86
266
1
20369
186
175
2
15470
20772
35
359
315
1651
1326
5
7
16
2
17
2517
8046
14791
1
776
231
2920
23
8
14
9
1
12599
4714
1
13
23
3208
3
195
65
9133
174
5537
14389
774
5073
8
2249
11481
1
5
104
5
7
1496
2069
976
19
77
1701
49
2
19632
471
2
6
946
9
16
2772
8
64
56
348
35
11
2
630
19562
234
10514
2
8125
4
1351
121
20873
2218
3
36
70
3
4418
12588
15
7
510
3
398
166
15
3987
39
1392
2
10
1
5166
30
7
2046
157
1
34
47
5
19243
2774
234
9
35
848
45
948
496
313
179
36
19737
31
10
4
1761
84
12
2730
3
2248
56
1
13
93
24
7
231
1
13
19320
2
1968
11584
12213
1146
34
29
1082
59
2
7765
28
2745
4
10524
3
13
10924
5014
4
5
1
261
45
19
610
1
15966
213
3541
7
2
1479
10
306
11
2278
17638
20
10
9
18
2
458
258
191
3
1
1
1590
46
2
85
13
305
569
586
29
2
178
2
11390
9658
55
2399
576
5
466
1025
3
5
9999
6
135
15
2387
3
1480
16954
2
8869
437
11839
54
132
4233
6763
23
5
5432
657
5406
1
88
4948
9
168
427
150
411
14
6579
17906
637
178
116
1
8158
2444
308
6
3
249
2
137
40
133
1602
63
1
542
50
17
46
4822
2
6
43
7
61
15184
15889
285
1643
16766
507
8
3630
1203
1123
12945
3
34
17
3164
64
3
1289
91
2
1
167
72
8
5
367
487
2
2205
1
202
1
9
13
797
23
1765
552
265
3
4
21
26
281
252
39
365
6
9210
1604
2185
916
2716
3257
1131
1
10
9539
1381
5401
453
13107
1057
4
237
1350
5892
638
553
807
16
3
15104
25
72
4
919
734
3679
1
4926
6
24
703
3
22
145
1929
6193
45
1037
4
7
7284
742
20
7666
22
703
4
2927
9797
20
46
1009
3
11568
161
332
393
673
146
2
745
10
46
16486
198
15
3851
945
22
11
376
567
39
69
2
3771
817
18050
23
2
4
15477
1998
134
426
1
16878
3
2335
2
57
2180
2440
18
22
58
19
172
9
542
388
2
5
2
152
958
12
3182
43
2
864
453
1501
14621
19772
3
8
1
1
1
4
17
6190
10
551
4
53
8183
289
12
146
15205
58
133
15839
14
10
8
573
97
6733
237
8
18106
10
679
3913
46
7744
1148
4
1961
6
395
3263
109
2
46
232
50
92
4
3
270
9680
6
311
1
39
2199
3915
4
2
1303
1
1906
2775
82
5
19
11269
495
1578
8
1014
133
3514
13
11
3080
11
2
527
4
263
30
1
73
53
3
91
4
12
4
37
53
489
38
19
7534
6
37
70
14641
17898
41
32
1177
590
134
478
3202
6570
326
5
22
397
2129
8
3435
247
2
224
3
2
485
8389
7
2
5554
6793
30
3
4
3
1
898
4547
124
1158
1427
1
1272
22
21851
1
172
2997
2
787
10808
1568
7
1500
99
329
16
206
1402
67
1735
101
2066
1
3360
176
45
25
13
1497
19415
29
1846
959
2
10618
2816
319
247
961
20
6939
1302
26
1299
49
653
268
71
9
10
1712
413
10
15
6380
6335
2
132
96
124
5008
3489
1869
9
4
2
2
149
95
3
52
56
5641
52
12126
4
28
1
1635
1
1
13
1087
11
95
35
4252
637
4610
126
326
274
490
10106
20360
1675
2
3849
3369
14
2
876
49
39
73
1
412
681
525
114
59
731
23
16
6599
625
4617
1
3964
10556
18203
12449
6
126
2
2518
107
6
289
5985
47
48
55
3
228
15
3031
184
677
9697
2
9973
185
2
7588
9
65
19763
2
12785
2
3
894
297
1
8286
1209
246
524
12100
669
795
13
6043
9
29
744
6
23
3
103
138
26
353
2
63
12515
683
17143
7
5
86
6
13
1124
1
17756
5801
5
52
8
216
17
13
2
14
3550
737
40
63
1148
16
845
160
17
16340
4
20
9
741
1
3531
1361
1
24
13
133
7947
27
8
19
15
19
4816
1976
429
1
2600
18
38
2206
3544
615
30
12825
18695
103
30
2
8330
87
10403
23
13
5
29
20827
25
63
3707
1284
6271
4082
5334
4
11
12
28
290
130
10
4668
10233
1689
58
5755
1477
100
240
1
50
618
1
6
11502
2
116
10
13265
208
19895
307
84
1
298
165
446
13
19
256
52
234
4
7345
785
1022
13
1
21
1573
8085
157
562
5377
1274
12740
23
51
2710
4116
22
10
7
36
1511
2
78
3372
91
1
184
228
19
1
9276
65
5
421
332
3
2869
63
32
1
117
4489
82
26
15
6
5
165
181
17
6349
104
4
7
1
10
326
50
77
15245
335
11
4346
163
484
2442
124
182
86
2
1603
7238
19200
95
6
12
9
39
916
46
5
2
436
14
55
5
1441
4
200
7741
1
39
16
93
8
8404
2203
40
49
8
12
7494
20387
544
108
3
10613
58
52
2003
167
14
6667
141
51
6620
282
2
8
9586
239
361
67
2
97
3173
353
1730
1
625
19
3
18179
394
7775
6
402
514
11100
329
9
145
261
1563
87
18
1045
17528
2
708
1172
5
21229
6
164
25
19
79
14
14
3
4539
678
41
8
4
7
607
7
358
5
280
5
7
2
1855
12
3
7
438
157
735
2
3355
578
738
634
13
81
40
733
27
13703
1
1
1575
10
4155
2689
10727
2100
2187
145
7
620
10
6403
10
1338
14
1
20
400
12974
64
5
3603
778
18341
25
2
20744
33
5032
9
2112
4
5753
1216
2
4
958
1163
1593
2968
238
1849
205
3289
56
257
3
6547
197
45
21
268
26
9577
964
17962
309
2074
52
375
2
194
18770
12
1
7375
208
42
16
4430
3
64
36
3
967
191
5
2479
3687
20
17327
9
16
660
6
603
492
11
2947
29
4105
56
589
1088
384
6614
1874
3157
3
421
2972
2608
59
78
27
2778
2
1372
2798
231
5794
99
4
664
314
442
152
76
168
2389
198
4
2
534
458
548
9
46
27
818
20679
87
450
10622
11
4095
2
11
1953
797
4
1112
3234
52
205
4
2427
288
19
7
5019
311
9
1158
200
74
20
1255
3568
356
8
19
1736
10017
121
960
1471
98
244
4974
65
945
11
11881
17082
42
4
731
7996
42
938
6967
19922
231
2
101
2
13551
10594
13
3
2
4218
7
6
260
21870
13
300
18130
24
143
19
1
236
777
18406
48
384
4
50
22
1
30
83
2348
16
6130
8
8817
30
2979
20
1
64
9
1
8956
8
1220
556
16
8
438
1
43
7793
17052
26
17
24
273
5461
2197
33
193
1414
67
4957
18
4
3817
372
862
1901
3
401
2629
582
14
27
9
62
2
20515
16
452
279
17273
1
333
69
7
6
15
86
1206
307
323
1339
902
136
2
4
4402
1038
34
4024
7
6
445
426
17
4
6661
244
3
28
20
21
577
2515
1163
94
234
3106
13
7993
947
5
668
162
21
3
76
538
17412
95
261
51
36
470
20
7
1196
470
10
345
468
9028
6
72
870
6884
3069
1
35
1358
11
2
6265
13
3
20433
147
760
113
109
2
680
9108
21032
8900
5679
24
3948
2175
10904
7954
205
5066
13
2
173
161
1
15
190
877
1433
66
14778
22
3
839
317
11553
97
7883
118
2560
3474
217
345
1727
6310
130
62
30
11
3628
2
88
296
3
9
262
6009
1
4
244
4
936
36
847
297
952
26
5
164
1306
12
1196
1809
3
262
12349
3
267
1
493
1
5
1543
11797
2200
645
466
2255
15
254
7
9
22
20
2
15
2746
28
1692
2
6
2512
21210
14
57
5
182
1549
517
74
2
1888
130
14005
4
576
596
1
6
5444
9689
3431
2
2737
8035
86
299
218
3552
1699
1645
42
5
4
330
3837
8
27
3
387
2
9977
1310
125
7
78
154
14
9543
88
16
12694
7
3899
276
235
11771
533
13
64
6111
4
6649
6
38
154
10
7
2895
1117
319
1
198
3028
11430
8
2110
1079
483
25
1321
4057
648
61
29
16
1231
523
16
1
21
4361
9467
799
15191
111
560
1
1068
10794
3786
19886
7
17204
240
4168
2
141
255
4499
5806
41
82
121
96
14937
228
2
428
113
1
45
10938
102
4483
9897
2284
282
941
2
121
1634
8
12
5
4
17258
76
12
11169
395
2
1828
149
161
1620
76
249
1054
8786
3
103
2
16789
2
4
3577
22
38
881
2141
2325
5
2
12593
1434
5887
139
147
21
11436
299
86
4
36
5
14256
882
3
205
3408
228
8
327
17
20
2904
5238
2943
1255
58
477
4
7
4
3620
280
11179
777
88
6
73
262
479
14910
23
61
71
26
1404
1
4469
238
375
359
356
6670
3
37
372
4179
8
2
2
17
29
17946
418
2264
6
488
6
3091
1516
88
4
460
4224
1756
5
1961
374
16
6
14831
21
85
3
17
8348
23
12487
4
1514
12865
550
38
72
169
2
36
281
3498
686
472
7079
4999
8
85
43
317
48
95
36
270
20189
2
32
21978
4138
9
3222
347
472
2
2
590
3
9181
1
66
3807
43
101
1411
8
19842
2
2688
20
5362
7813
127
35
1185
801
192
87
238
4
2
46
331
1067
11
16
8
4
355
812
4
12
350
6
3698
4
189
431
17
3
7510
11
3403
193
20
6
328
1
5947
12922
4767
283
443
2257
410
3
63
33
67
9633
1565
2027
2
25
5
9
151
317
19
92
9
372
16
34
1005
240
7
975
49
41
1097
8293
49
3012
47
10
2
7
12
155
72
2
18
6
8
47
16456
1434
781
8
2121
7696
61
12443
1
10334
296
203
4283
1295
60
2
111
62
355
3055
3
10
1
2534
210
305
751
524
1
22
823
10
2050
169
62
62
11
481
24
1
39
2
124
4
3
19667
10088
13801
23
46
3
19
8
974
187
18
1198
2806
465
4133
7114
820
11
1677
4961
2
1
1
857
3
670
29
9
28
2049
8996
785
2944
2
127
2
1826
1310
6
3
461
13
2433
225
111
2
219
170
1
28
16
5
432
2383
18195
2
7197
206
498
1161
3336
5109
7
5
6025
773
12
128
620
3017
1285
74
40
4047
1
9
11589
7642
443
1177
1132
4
68
5609
16
288
3416
2
20
10987
261
677
736
1307
22
341
12
548
3
3
2
631
1311
633
2
213
1060
15
922
4010
4
81
5684
551
10192
1
518
145
8
1918
2
10552
3
644
35
95
50
911
15124
366
10039
138
4203
190
213
14
74
8
10651
393
277
8647
743
30
59
8
2
7803
413
148
61
8624
3780
16217
2114
344
15043
1260
15211
15037
11
236
5
2
4598
78
3292
11441
516
4
2
3
8
1724
49
245
38
18
85
69
25
9827
483
5552
15
4685
18563
3255
167
54
9092
118
282
18505
58
36
31
2
1
3
41
381
1972
815
539
5750
3
1515
897
152
75
1
9267
6
3
25
1
48
508
2394
3
1
111
3
368
157
7
25
19780
39
2677
1564
200
9
9329
3
16
1
1397
104
4
103
1195
796
296
6
14785
1
3
1583
2694
10183
17
125
9338
293
20
44
350
1032
14048
2
3
87
12
2
5
1
95
22
28
468
3
50
7
7
6
202
1
27
16
640
25
12295
4
18954
19
37
2
1292
11
137
508
131
1
68
3
190
1
2013
1
179
3740
7810
27
1
34
70
84
2476
15526
3738
762
73
57
18
87
13218
6276
5629
2
5420
423
186
2463
94
9
16796
14
21371
20
6429
2899
273
465
9
44
35
314
1656
1088
5129
3
1077
9
13
837
3
4654
25
6
1
81
7017
6757
15157
76
85
1436
171
2
3
33
6
12
10062
19
804
5
462
1405
871
18
11229
2
242
3
5
1
73
482
1407
6
35
116
139
573
2426
2
766
4336
3
4
1810
12571
1
111
12
159
1
18
2
19789
5
23
3
61
1
306
4
6
225
8
8
34
11002
12604
81
12689
3
16515
62
5
1424
13868
53
96
2
4
6
77
64
13
2
176
2
1760
30
1531
10789
27
845
233
7628
16
16984
4
1
2
5
1
3
1291
579
1912
65
2977
5415
9230
2
70
3775
3533
2
191
17
128
179
180
7557
1
1
10
698
1952
1609
10174
53
3646
1
17653
118
2253
40
309
102
18
2
19039
722
16976
2907
2
3583
63
3
5900
33
6
2
1078
6
4
1
15938
1262
1312
3
1580
14700
59
13348
11512
469
5
4
220
20
4966
12916
2
10
36
8
53
2
2029
1994
219
1
9876
628
35
82
748
2056
449
3
1
1
49
103
483
7
3394
875
17
108
13207
1
2
1109
1666
28
250
1445
14281
11
211
2
2
140
1
688
521
21
6
367
30
14
11224
772
573
146
20506
457
728
998
66
9247
5
8892
2470
15860
1
4541
5932
3
33
216
56
2
18002
28
4
1084
6474
10
217
771
5
3
3
27
3
13
378
2
51
329
2535
181
1
20
481
10
5382
106
914
32
1
1362
28
18
105
6
2460
6341
14
8
77
4342
86
2
23
1391
20117
5760
64
4175
45
11
277
1367
1
1428
725
12
137
2
4
650
91
7004
8
7
44
1761
789
508
4
31
2
80
7
1144
331
6
193
4
1960
255
37
10750
79
1
4786
735
12655
12
8
13618
9906
69
3894
2
1
223
253
14
607
4
3
1303
481
710
3763
18163
243
3615
4463
14
1534
70
8068
2
4
15
7
5410
1365
8
2272
2
9137
1353
3
11
349
161
336
759
8386
5517
2829
3
4505
2
75
86
11466
6
842
18745
130
1234
23
5557
5
2
802
139
10
6022
1
500
14
16
874
80
6174
1542
8140
10026
15
1
14186
15
4
1
4
56
11625
1436
430
922
88
85
8
5
414
3
2
54
6437
12371
1047
12229
1903
16173
122
1
98
50
14
636
7388
431
48
280
4471
9
7014
1049
4369
5
234
5
4
3866
70
4
357
243
4
55
2
58
8651
676
1032
1232
103
1082
1
2
3
4
1733
4
3
874
26
592
3674
898
1343
1173
2
3270
53
3
13443
1
1
11
229
344
3
4129
237
19710
2231
5
642
303
1670
2
5
41
7226
10343
1639
229
18
15713
363
30
142
1182
52
970
249
444
2370
3302
51
44
8129
1
19
2
110
435
210
3
2796
118
892
657
406
3553
75
1357
13324
11
1061
139
12366
3798
8
122
77
1
1162
4983
8308
144
3
36
17
21201
2725
348
35
3
2492
2330
11
2
17
15
1391
92
4164
645
3298
3703
20
1228
67
3224
2
3606
794
7876
3351
58
5950
431
421
2
364
124
53
1609
1
86
17022
1484
12240
19467
2
7381
47
11
14086
50
14287
3
1
14505
17212
4390
460
217
381
47
5
2925
18
2
2708
639
114
10288
4681
8940
197
73
26
1151
39
12627
57
3
12
8
1901
2
1604
373
47
349
420
15762
2340
93
19
12
1
182
3
1779
2
1038
5974
95
4
5532
4
5
12465
35
69
16
6207
2
2961
4765
17
6
42
62
641
15
1279
18349
120
3024
2
4670
1920
15
3
10
162
14844
2167
1
3
1611
9981
21533
849
9
2
95
2047
85
29
4803
4874
1772
21
352
2189
173
42
7352
2743
28
9556
10741
10934
1392
79
9727
11630
274
207
120
20
255
6
424
3
3
4220
68
9
9161
3803
1982
3340
8491
715
13630
3
27
8075
328
2
1
12521
2448
3428
3
139
14
6051
3167
571
6
259
218
6
1948
13
98
9429
881
1
1769
2
6
8311
134
13
4
56
44
1
9915
7551
2
1
135
2
5
19
16
1780
154
41
38
439
2
3
68
11
2
1115
56
2
2
2575
2
24
4447
7618
21
4
164
206
658
2
6
3317
94
268
6
8517
392
527
528
19519
12
5
4260
1
143
10963
752
2
6
101
2565
2
1029
58
1107
49
83
176
1922
4990
123
14111
342
9
11507
257
257
8
16
19553
12745
19
110
4
11
20524
5
187
4
13497
6232
38
7852
33
48
4
670
11476
6046
23
9
3
2
1723
491
50
3
4
426
22
9
1188
5454
29
2
8
10
628
7
9
114
2
1256
450
14
432
892
149
9
160
59
15
2
8
627
32
161
5911
3
14130
144
5929
6352
802
6664
882
4545
1
9442
2
1
2351
180
12
146
184
1551
115
4359
75
217
4
14
3
77
82
6896
1
622
4
239
1215
14
123
14447
1260
8
18887
17
67
13230
8
55
4
7713
6856
39
1
10
12024
101
308
18074
52
229
13
581
75
2
34
3
9526
30
9902
16916
12
3444
2
51
8
20652
195
136
14563
9
7
13576
49
9832
5348
13426
7149
16924
346
1814
591
2259
16
4451
159
542
4
17
3
1
6
200
8103
29
2861
28
2
13432
274
3
666
7
73
4044
4672
2
104
1
10528
4
12
21
9946
238
237
36
21
85
176
1
348
15299
28
108
13
301
1200
43
442
120
4972
7
2
5
6521
146
14
133
2845
17
314
179
668
514
134
19851
564
113
11
133
1352
803
886
7277
3
59
15
2130
4
2
2
49
7329
7461
452
25
322
73
191
2084
237
431
495
111
1373
1198
8
68
301
22
20
6893
11299
231
6
4404
8802
826
17
100
2265
11149
28
9
2
8374
3
859
18357
1686
37
657
69
5953
4296
88
7174
114
1297
157
5
855
60
12
19
964
2
926
158
1925
12
18629
167
3
4880
29
195
214
181
12
20
62
285
3820
3
41
16
261
335
3429
2
4
113
14
2
5
821
8639
1388
4426
1
4913
244
783
42
8708
1
3
780
11834
5765
6234
2
21696
161
453
2207
2634
449
4
3
1803
14877
9
2
1
20
4264
4970
328
12616
153
163
26
106
3
2
10968
39
1026
5
18171
87
3
3710
570
17
1185
6357
2
15
211
940
2
1
5
228
955
70
127
239
947
12498
4955
17591
3
43
48
9599
31
2756
285
20615
6
17513
662
3
15
4773
490
753
333
1
5256
97
21428
2499
742
17552
1197
3
1
6826
16
83
71
19
605
9573
16
23
2
1492
2
1
342
1850
2
12
5
7
62
673
43
4572
7101
56
4485
876
10641
8
3207
119
2467
16
189
1184
5604
948
2
17
14
6887
130
3
14
71
224
21163
17
5
18812
1
65
1073
18
7
11635
3
691
88
121
4919
1733
5
52
151
12
10219
227
50
194
404
51
9
411
2
2
20762
298
55
4021
7
4161
17
1
2
4
22
11
4
5
4537
6
15
1253
13930
7391
4729
35
2
26
5
14693
195
5963
17
309
174
419
6454
2023
11
1764
8674
6
547
11
15110
6736
2
1
3119
4
15354
6553
82
13
400
7
4898
1
66
3290
3
46
30
393
299
1110
318
4
357
3
7
5
344
12246
1440
21107
4
2063
12322
50
2028
5
291
592
274
27
14
5
778
58
6377
1
98
503
2313
2
9157
14
72
8631
3
71
43
152
7
13313
5
2
3373
1557
594
32
58
4809
484
2
1384
1
3209
4
1
403
30
15
7326
1700
1754
81
15973
3271
19
70
1384
15
265
112
64
1
385
263
192
2
4
7
58
119
19
16376
658
1617
28
36
1505
63
158
294
63
2588
8
7274
34
40
183
2524
6363
3
4
37
852
1
3
1
4
7023
1594
15
1
17
6135
10717
925
6890
2641
67
22
1
7
298
163
6
232
18
461
14
4
208
12554
216
16224
65
8
131
3
94
56
3
19
18
1
274
1373
3339
666
21
782
219
4432
93
145
14531
1438
3
57
3228
351
4479
102
170
16640
340
2
63
992
2102
9
585
247
11
8
13
2
144
2
165
7
2791
48
405
10
20
900
4
27
13043
8
209
94
6226
123
443
44
3
832
13
1693
6838
12549
12388
599
2890
5277
2
7
8169
2
1
266
12
2
2
1015
5
334
2459
137
18828
3
13201
725
17
6
73
20
10
218
5214
19869
20
3
445
8849
130
92
13715
2277
267
4131
3
333
971
39
63
5245
74
384
260
251
22
174
303
395
5812
2820
2969
398
5
1
8528
4
1
273
9788
15
3
168
310
170
5918
13733
126
2077
9
200
12
120
208
1503
374
2569
8806
24
7355
2
79
54
2
996
247
996
1
139
4854
1386
1030
55
273
1937
572
402
13
13136
27
1028
14
21323
102
15023
3
1410
1
1
6
1
1
170
13
70
14
3
2
21
69
3
34
11
1512
1
18219
1
9
6326
1335
868
3
2
43
38
685
2
1420
7758
6279
16893
266
60
1898
3279
2
3
4
13
11354
20469
24
82
16
3184
87
5699
12796
11698
43
3
4
31
5
19
587
999
385
119
2223
13
2
459
1
1283
2742
210
36
39
35
7
4
14917
1
14537
2
16188
8025
477
5
5674
7133
1017
2
43
6218
308
3
687
2190
2161
1
324
2
10
3
20046
16
17
1129
2
12848
2
2
537
13195
1118
75
125
33
80
141
865
1763
8814
25
77
14
248
18
7
2
9
11687
4737
471
4
3044
2
2
9
5184
16530
9
65
1
226
1860
3191
105
1259
134
6
188
198
2202
4811
9
65
52
73
2
20
6176
204
41
226
3
1
41
120
7869
18
14
25
4
13
4
90
122
3
14634
4
2699
485
145
3730
18
4
20
186
387
17
15429
137
5306
3454
247
12
99
11219
948
15
29
107
4
19423
379
232
93
1
53
44
16908
18
1607
158
355
19
3
34
3
106
5263
2
3745
3
4
89
1
507
5
10
1205
9198
13
1893
2
4895
11
941
5
101
165
294
686
37
6
135
175
96
4
1
39
2764
5086
7
7571
4
417
522
3934
8
16
3960
13342
1160
3
57
12
2
7
1300
5924
938
3827
20864
10679
86
15450
2
5
10798
260
1306
21248
26
2
253
5026
3695
49
17
32
1442
1445
1483
27
21
33
42
749
7171
6781
2
7
3614
962
22
14
6
45
2
9753
591
5
3989
623
4
15910
49
831
1
840
6
155
100
805
213
1095
25
1
4720
9342
3
16
12191
4
2
2
83
102
1080
1218
66
16939
1598
42
5
6
299
53
133
333
32
11051
115
422
7332
2
7
399
6
1258
16
584
883
740
2
6509
8
3
15164
52
71
4
1523
48
1
16138
4
598
5596
6133
104
3
2615
1726
595
581
8
31
1
439
591
603
11
1
90
321
2645
4716
20378
5
157
45
3
8
9116
11385
1
7
2
5
63
6400
3000
7
4792
9
31
69
184
68
10080
215
634
14
7
5730
323
22
109
12
3582
151
6
171
450
110
18870
199
2833
1328
4
4
833
5
16052
373
17630
2173
19192
4917
551
238
10
18066
10
2
20415
3
9
2700
3379
2
6
1
2
351
11
32
6730
19649
168
137
54
2
2
68
3
56
2
185
9740
84
4885
851
292
150
43
1458
3741
10
13
2371
1143
11
9
1689
1
16931
1333
18
9624
15
847
434
9646
43
2625
221
51
48
1
2911
16
6799
600
3
369
252
8
2
2611
1983
15
464
2989
4013
169
273
3460
41
12256
21418
11
1
22
8
2
220
322
121
33
1173
243
15609
12
44
28
305
12
14017
3143
5046
11
168
6766
17622
5
381
384
91
14
211
6
6
1112
2
10
6
1
14719
502
1102
4
5987
76
12
16116
8
4
404
20
890
24
1836
12661
327
9243
7
3
2
1
7
21144
3889
14745
20
34
13
1273
2828
16729
2
22
48
2
3
9
18
1165
13660
24
363
9165
43
9548
2
1
43
3830
752
7547
223
177
2405
448
114
33
5853
1459
362
3875
15
2
200
3160
526
786
100
557
833
1415
5
16
3990
7203
4701
17
52
18497
4
2
80
3
2391
4
1540
15
59
33
106
2
7
661
11105
20451
5198
48
1
112
433
2349
15
2881
5
2356
3
4
9072
462
2823
5850
27
47
9
28
14
698
46
359
531
8
101
698
2000
20
3382
13183
2
3682
1971
390
150
156
4327
9
1
469
185
16500
5
3
75
659
1
12
3050
7700
824
1101
1
27
2
1
5
1738
3
6
381
246
259
7105
56
4
13408
1
2
2717
270
136
21182
42
1
302
1009
1
8
12051
4140
11818
1
318
2
1
17954
3
666
12
51
25
3
17059
4481
1027
24
191
13
17
12035
1581
2073
5059
48
460
1013
40
3
7848
4979
14
2
11279
2336
4
2481
3
17174
4
19
3619
15151
86
6
5634
2
339
635
577
6
7
1439
100
857
1762
252
9202
4177
5
40
324
9012
7
1648
28
3
44
40
16
72
14011
60
665
2388
2
60
17536
9990
1
1035
6215
804
989
732
58
408
15981
363
13
256
127
284
2
2464
396
13
2
39
3945
1
18
47
140
1
19
883
674
93
193
11
11865
631
1
633
3
5
11
3
1051
86
8
10813
209
32
2177
12218
280
3458
4300
93
6632
3
460
4
6
1
1776
12
5
9488
14544
2
41
17181
17
13248
62
983
1566
20
614
99
13171
346
17
82
5171
1529
11
2
43
40
1
4
5
60
21
111
10
1002
4
5132
10
1
1
1
10
7
18374
41
1
137
3
12
672
94
2
33
1516
2498
834
1190
60
2122
212
6
344
9616
2
40
73
1540
3244
1054
6414
33
1647
131
230
2
6
12
15
18147
1159
4001
580
2586
1238
1
7477
141
34
2736
24
16
18546
18472
162
6054
10
7
5
784
9255
11249
727
3832
15
272
2752
715
756
139
356
716
1091
1926
39
2
5
102
40
2
67
149
21
9
346
6
3296
79
10201
123
10
59
52
8876
982
2973
3725
282
704
1204
318
10421
22
7404
587
22
7
96
305
8
3
20
1
327
11
6
26
351
6998
4861
9
4
13009
19
1282
746
8
757
165
33
2234
27
8
1007
9
13066
978
1
49
120
11130
84
4
17
1
68
3492
1851
4
23
479
1
35
175
110
718
136
30
7859
538
68
5
1740
2
2
90
12197
2
20180
6
846
74
1
1055
47
4
14647
128
570
99
60
519
10
11
43
15347
1349
11750
5374
1
60
2918
78
1487
2
5403
19
27
281
23
1919
2
65
13831
2
9194
209
1216
70
40
766
3996
843
3
12471
1341
2
39
3
81
59
200
3039
1213
5
774
63
17
388
546
1851
13844
5
4777
2
8297
16
611
51
131
5
2
3110
652
312
5182
25
89
235
5327
548
264
8
3
2
4944
3370
3
10
11012
3
6
202
6
4071
3
183
1
2
196
15622
907
108
21822
1
8498
8
56
2
187
2
136
14136
19904
1142
1
174
7
347
6014
56
362
292
1
4
2886
1401
5
24
12
1237
9
5463
16552
26
4
4381
549
129
1
3878
2
616
2
255
96
2043
16596
1024
3
122
32
267
2
2
9305
117
54
3
2
1747
1
33
872
5709
1118
60
1
647
3
3
602
10755
96
6287
1094
188
1
3
291
8
5
5284
8932
4739
7
18
2500
2
3920
73
44
10440
7887
615
6
602
21890
3
2
1
12153
30
2002
389
7
4
23
5913
17
18
15
29
4
183
3
69
1947
4
29
6989
1
1695
405
54
94
759
53
9396
3839
179
336
2
18
29
2583
640
2
2130
2
8
19
30
15
10
124
20
16
388
3
5
5799
161
10
13557
620
8
14
352
1108
632
3074
10
4
7
127
386
22
3358
7020
3
378
3
166
26
17
692
13
2
261
2
77
3860
26
435
163
2
5719
11
117
10
10
2
57
9
17
2135
383
1
23
195
1181
3
176
5
18
2617
348
18596
3
31
32
1353
289
5993
180
4
594
7267
5107
15
1890
2
4
54
1
2
336
1799
12871
16449
1
214
713
4118
28
3973
8
16
95
568
9235
441
78
276
3
295
16
364
4
326
856
1048
439
811
243
32
59
1518
10
4319
33
279
8904
2385
50
4
5
1219
41
40
111
106
1
2572
16
2
3282
4637
25
5
21
13014
24
12
292
7591
383
32
1
1045
37
5394
47
4
623
4
37
4200
19
752
3736
2
106
116
6829
39
3969
63
4031
1081
1419
7
17
1206
3609
195
2
15137
8
4643
30
1104
895
3097
472
782
13
7845
2039
7978
757
33
27
14155
2
9
65
125
1930
10
4
56
19
1666
14
155
1160
401
11
34
90
10
16
1
83
15259
9
3967
7190
5493
132
1941
295
184
4588
406
4019
134
2
2
3
19354
14706
114
160
8
19
84
2
1167
929
3364
5
2
308
5
220
7
532
1042
163
137
3588
17938
3343
64
5
1939
3040
67
27
12
55
3021
24
98
54
1717
8980
60
1788
222
66
2044
669
29
45
780
10953
4935
7111
1535
8589
12802
328
1977
246
2682
107
565
5
2378
5308
282
5012
20
95
655
6
2
5611
30
29
112
153
104
147
10
1
14306
4968
5191
156
2151
12
3
3135
2212
2594
5341
81
13
5
5247
38
2
2
20171
2
2835
12019
170
12
402
14
120
7524
3
3345
47
77
23
9
9514
13
8513
3520
85
231
168
302
41
5921
80
1457
76
58
10170
18737
236
3
4
13
4756
1862
21677
1
19372
4
5
171
4
19132
156
3
4241
4
32
37
41
951
99
350
29
5786
6
11641
1
10871
13160
1
8427
9928
8
4
93
4708
130
5982
3
739
218
6431
1367
201
3
8
27
55
6103
4166
21514
473
300
5
2
77
4
133
282
15
139
1
3
14
2739
4
662
18854
216
988
510
20
1
1
3861
3177
1112
35
6
5778
427
81
61
31
81
2
54
15057
74
3
9693
990
25
2
3225
24
16
15
8
1
5291
11
74
147
3
543
1237
10977
2768
7
12757
232
1758
177
441
32
18
2
921
1189
112
3708
26
11
12
1
2412
2376
2
6605
6492
14
33
5030
593
40
5
164
722
13
7707
2317
4
1
6
39
337
10803
3
13949
2545
7
6
3
1085
7480
1
85
2
3361
23
13648
160
3
6457
6555
45
1462
34
9259
10120
10
10
2667
6532
3910
56
75
14
1520
5905
20396
245
3
4
242
17661
142
2
5439
2
3870
3241
5
486
15
5
4
3
101
569
7807
235
411
346
51
7734
69
363
11026
252
84
7
149
1625
3
1
5111
3
6
6
36
7255
117
7957
341
6070
4
62
1453
967
2877
1
15734
365
4211
2
114
427
15
19
50
9628
124
327
3
1252
1
73
18
1085
427
5150
46
58
14396
251
153
518
3
4647
1449
69
47
10115
14
10948
5466
1653
8282
5
65
4
3466
252
7
3
12355
376
20910
78
1
4365
6811
1
23
7689
1
9663
711
3
42
237
29
55
7
157
403
1
71
7362
8397
18
2
29
22
116
28
162
96
8
167
77
64
11
1
41
2188
5120
7368
4
10102
14402
481
4
97
574
1547
114
5
35
80
112
1676
8924
10238
7395
5100
151
113
1510
3
10124
2
28
6832
318
13479
382
798
64
36
2
3
4794
262
3
440
24
188
416
60
1084
2
13
281
105
10632
503
81
500
2131
5315
1
3
214
2954
3788
1028
399
90
12
178
27
42
3
8209
2
2
44
3
203
16
2
36
1403
2548
16
1
1996
12
2263
5
1448
3150
52
5490
8544
6
7474
100
6
7
354
5840
149
8
7
11
8
379
3
8
17819
43
3748
18753
6588
1998
10215
155
819
100
954
82
1811
6185
390
96
208
146
265
626
4
30
293
29
19
4388
14
19501
8
155
3
114
14
23
35
549
19
287
54
16
206
11
16
1674
6
328
4
20351
17
360
37
118
1
980
3232
5
14990
2
4
162
4
1053
1069
2302
8
786
1405
6
1978
6
44
944
4265
6841
2559
101
36
28
11
14
102
9
394
26
96
66
2786
12
6535
1
1858
26
736
1
115
91
671
4357
497
54
57
21
3
11
104
5
7339
16662
19
1541
4687
2
740
278
6
159
26
24
13
41
4
310
90
228
2489
1034
50
25
55
409
27
11125
46
10407
1843
15
3
997
4869
2333
3891
195
5203
16
6100
2
3
2040
21
17482
198
1915
119
7
38
2419
8
7
14
910
3
11254
13032
1498
8771
7303
17693
2191
2022
433
11897
2
65
2
1091
11259
16267
3
19
3122
19389
860
10665
1074
40
972
7541
1612
3726
1
689
14
4933
25
14
2
53
2
4939
89
2
4
4
194
2309
10
42
15
40
480
863
18
579
580
8
423
3
4775
46
330
606
12
2
5
33
7
2
8220
32
282
1934
368
24
225
262
27
115
3
8
28
14
489
51
1816
4
15853
293
3591
16095
844
10412
1186
2695
20288
6
5180
7
115
4769
19277
1
6629
6
2
78
3095
9
854
167
199
23
144
10021
389
2
12030
149
9300
3
19527
3
724
2
9565
251
3
191
104
5023
136
4012
2
6282
158
2
6875
1
13527
10731
622
3
6
12711
574
4
27
822
463
5
77
4887
2
3422
2514
588
13
17716
17
12040
20
1103
1375
8689
9522
2
66
16707
20333
51
8
4
56
4
1202
17
1
78
37
504
2505
20
1
18
63
3
4664
26
359
13998
6905
18
15595
9
14
6
4416
19
29
55
26
8415
16
3580
209
1417
1
242
18
74
5737
3
2404
6
4
188
48
251
29
1820
691
9
181
1646
94
69
8
6
5
471
1
27
1
384
41
1
3107
12382
5217
16
1207
788
1
20
12678
2
924
19269
32
618
2078
7271
21060
6
45
1400
38
21088
1
3
587
65
759
3
5621
23
2
2
2753
28
457
505
17520
16
284
22
287
4950
5189
1990
478
7915
2307
1
70
15
67
25
47
601
21783
55
5814
127
28
1969
17
267
53
8
5
517
715
5
43
1539
16848
1833
54
4
11
2882
3
497
1
12
266
533
2015
169
16
3237
13
1
13582
23
29
825
8
52
1156
1312
326
8
1
1734
217
2538
16
456
1
164
3043
2
77
2
213
2
2
159
53
594
10458
102
5
5
28
717
20
10846
3086
123
65
20100
3929
1212
30
2
411
2
4941
5
4
1
1422
1128
7039
62
661
3
19217
46
2170
6
596
2946
35
1
486
1469
6567
1797
1183
511
7
9933
1
440
9920
274
492
561
19571
103
16
30
515
10689
102
24
1257
312
3
5542
2438
13
4307
501
4098
200
11
21
3824
5
1605
3
105
3138
2166
1
19064
15443
55
4
8
616
288
522
394
919
38
2
241
10160
19
2
2942
2843
9
164
1560
184
3797
31
1254
3388
5
76
7139
33
3569
761
3
3126
9
6
701
12432
118
890
20920
9836
461
54
6515
253
9
2
445
12
59
18
5599
2041
1585
4
6
15671
9862
14486
79
2182
1108
141
18820
1153
22
142
54
10693
5098
13
508
50
2
10
3
1
9
5
5636
23
7971
19149
223
8
586
8506
2430
11982
566
852
117
49
8
2451
1415
1005
9867
111
9
2014
16
43
296
24
321
7
2
12235
1
1774
15657
4
5
11
1674
1716
1263
182
142
2
480
61
951
1741
15783
5386
6
13125
3563
15797
6
1265
1003
9
18034
11334
509
2
85
53
126
10
1681
1942
34
5207
4080
73
41
15
2064
152
3
9317
1
24
4
16202
835
11420
7724
15293
13600
2
61
11289
2
9766
5481
4
1988
2589
1
1667
11234
6
12
2613
2
3509
121
1
3997
516
105
14857
795
19475
998
1337
12779
162
21041
2
3
10
17
10347
1
31
1
141
1
73
8
400
10
46
40
2850
482
11870
12
44
619
484
2
354
4
2
406
1
44
892
28
78
12
7880
3092
1046
150
24
2396
2
3
103
171
29
115
7
15286
33
173
1056
272
2059
1
1317
17458
4
386
10
14
12
294
390
365
397
45
44
24
303
55
51
1
4
5669
1292
33
3
5
766
5671
280
5
8601
2
9
5052
18300
1
49
16
2
4
321
791
60
2186
9
2609
400
977
1
278
3235
24
408
5
208
1258
414
3
7497
701
32
13606
1
1
6
16
13
13
15117
25
147
700
7210
878
53
36
18
14
11907
9
86
163
429
732
1
14
5
299
4
169
32
798
2981
1241
4
13084
5500
13
283
131
4
939
13746
22
320
7
109
154
2246
4422
6406
1649
874
18252
71
450
345
26
80
2
5
2955
906
4
37
9714
79
69
5041
14
4
259
189
40
35
166
5
40
515
4247
7
13
19
1377
6
10242
11
3
271
5226
417
5796
56
45
94
1481
562
527
397
21
5
2052
13
122
2
6449
4
2490
885
2
66
28
263
1
3778
4078
19251
10
7762
433
1293
16478
236
11
1018
137
6
84
43
4
26
4064
224
3
43
10004
2117
464
573
2
4015
22
10197
18762
43
181
18
13
252
9280
40
3190
1281
4
2728
760
563
253
6986
4649
20
62
16
6
5266
126
2
2696
330
209
4
271
1
249
1
9185
580
5
20306
45
21
788
6237
4144
20073
4699
363
14067
4837
4313
132
239
2294
1
5740
2105
21832
532
36
705
97
3084
10
3854
133
16
33
342
189
192
3463
7431
6
5
121
7584
11
75
3
4286
479
34
150
238
4807
14
93
6
2
2
6
16332
1
83
2
838
3
1
11823
11
4594
214
29
2
1382
404
152
1987
536
2021
739
12717
3
2
1280
289
18276
9068
12
149
1
166
2
2
15
40
1262
8566
1907
7
5194
1506
558
11036
1162
3168
1226
10627
42
76
2119
4
2
984
34
4127
10
42
4
10
22
84
3
96
2224
10861
5
5977
4
138
13485
397
8896
459
56
159
2
1074
280
21
609
7264
5
26
20
3666
8053
9
8635
1062
135
3720
4
20198
59
19081
17
14
5235
79
3
1033
75
10
2
1
76
2
630
7
11849
61
14824
11
88
1
5
255
10770
12121
1827
157
1001
14957
73
27
216
7
1946
24
7
5
3409
8
10
266
1
129
879
20643
4992
1331
17090
6
54
105
93
65
84
84
7
174
3333
975
3
10
120
62
72
1014
37
21276
6315
3595
17489
21
212
6
47
520
9607
2
2473
2
5
68
46
7
108
4580
21
13
3
16383
525
57
138
8
58
3471
3751
294
4304
1
12
45
2
112
111
1228
56
57
184
27
42
4
3781
80
1942
22
4
12
27
6062
1902
3475
6
10
98
1386
175
2
17365
567
934
410
4
17
739
44
18122
8
437
2232
5
13807
6576
357
513
19623
21
3301
30
6
6
199
3556
497
15699
2377
104
1
1
2
6
27
6691
14073
1052
5515
2
2873
31
6
1
267
2
161
5451
9911
10
647
21
49
1
84
1087
119
7242
84
428
575
771
18678
47
11
132
58
9590
185
2030
1521
9
520
166
48
291
1
8
313
7
3221
3
6
12836
17
415
13594
1
2838
5
640
19
5353
843
15
9
6
42
8176
28
278
7
12
88
41
21
10
1340
4104
1
19
1
69
3
30
3
633
9
2
1308
4
13545
191
310
4625
20883
19957
74
42
1765
20597
472
46
13
14
2
19
6
14
1815
17404
18
110
24
1833
107
6
3
2592
20
1
61
1315
223
2940
455
5005
86
1
2
933
32
3
9493
125
32
6602
172
211
8948
1
842
6
318
128
2
5
41
2421
39
1
1775
230
53
99
5418
30
37
2093
4
60
35
18946
67
12859
126
4
802
613
14098
454
10
33
1
364
5502
8393
1
75
2
1536
1
2
236
6
3
63
91
53
3842
5651
841
3760
74
1
174
24
18
69
7
11194
2616
42
19
4315
1
2
1595
15
40
735
268
3227
950
549
270
81
9292
122
38
21013
1169
79
60
13236
2948
16961
4262
32
927
68
2
21495
6658
3
19825
789
2
189
476
19
2
617
933
5
3396
58
10943
321
3015
5233
21919
3927
2
4752
15
2
226
2484
2
3863
2
4107
177
14759
1766
122
1473
1878
20091
8
2346
2
23
31
33
147
12
11
1407
8
3539
1
176
15090
1021
186
56
1
12
337
29
373
17
241
1023
721
24
4
9762
275
240
124
3
24
4420
25
2035
317
746
2
1
110
5940
1870
1932
403
2
295
66
125
12105
458
1730
110
24
208
9505
1
1
606
25
7484
4
3
6
3200
8
1790
425
6526
11739
10
5626
1
2
61
25
606
4641
18
8
2
9
2
29
17135
20957
204
1
92
20855
2800
1099
2
3
678
113
578
3
82
585
5
11987
11
18
222
1579
462
293
39
18187
868
197
5742
399
845
1192
18090
886
7229
4348
11115
4
1886
10
4
27
834
5442
6608
117
340
95
11
5871
4410
8536
7
1991
6
8
259
2
4848
7676
63
2529
2
338
6
5
98
32
4
5
13119
20
663
2573
535
1
22
170
4
4
1
1
8555
1
28
10765
193
3
2
1
688
737
213
2693
7089
150
15
413
235
4645
5
140
702
29
89
113
50
1
24
415
9840
42
2
2
109
9
2236
3
10856
1873
342
1465
3502
7
1748
92
496
2
15
163
4
2381
50
3649
455
2352
767
15
2
2
47
3656
2
12311
1
16
2303
692
23
1337
53
15
77
30
2
1
2
37
2395
2291
3530
5
1464
2
1147
625
1050
519
11329
52
7490
2779
10972
11
10736
3
51
20661
80
4151
1
11
16
3
3
29
35
10
3
2
88
505
3477
1553
14
9
7424
6
939
9379
827
10
2
27
622
2
9088
241
26
6
772
3
3500
15
28
598
16
1
5
8
3
141
109
4457
13254
4279
3432
15
23
189
22
1165
4
9
9
3
19
13354
55
107
3651
2528
461
3
2
32
4363
9
1546
684
3793
7421
13061
20
4354
3
15519
4439
3
27
1812
162
16166
344
104
1465
22
30
2
1691
13764
45
8872
24
7
8
18712
2762
156
4
14923
13967
1
7514
486
2
2
48
654
5
844
650
7
2407
5
239
629
12
25
21
138
30
143
38
24
2
825
1323
302
4
125
28
2
8
9
871
1931
4576
3
2114
233
13
6902
1460
1684
1507
2
18
15706
1064
62
700
10
2
1
510
2
666
7
94
369
303
2
60
4254
8300
19
652
108
6321
729
37
33
2208
257
2099
71
2085
7
1454
171
9968
2
6469
27
2126
90
160
38
136
9
10306
584
36
92
413
428
2
22
35
191
44
13881
530
79
6
2777
1267
3
2
2124
5664
2384
11
654
65
1533
1982
115
3640
414
1086
8
178
987
3
398
2
4467
3
124
1
3721
2
5686
127
87
2096
6
883
1908
311
1
1
585
869
13691
396
1001
2
3702
1710
41
3
6992
240
5
5
89
3564
17381
300
6
272
25
12008
16699
12899
23
353
692
760
1330
14930
508
5776
102
36
19286
3
14
1554
44
69
264
2
3
11199
10
748
3089
9
3488
2
12143
187
10703
1637
3
16145
1208
6760
220
3773
110
3041
5
4
4340
423
4
28
340
9806
2254
378
22
21466
1324
119
19
646
9
611
7
435
43
1
3
8
3023
78
1
208
1
285
2991
1935
5864
9
12
12
178
255
332
7
7
3139
1
1924
2
11
2553
6033
1139
8
2
10
307
5275
5955
18
1512
453
2576
165
475
6518
140
2
15
1737
4
16
708
127
467
7
12
1545
343
2058
394
104
382
51
709
1
29
44
11672
95
14
2665
1462
7
621
37
2
154
667
4033
3
205
2
46
2
18010
99
20542
536
10035
93
611
9
12734
17
5
2
4828
2137
23
6979
1854
2
46
1408
46
5
604
4
3287
17851
41
2213
5296
9
41
4963
422
12
855
8
52
7
380
2222
165
1
93
4
46
73
5187
201
6
422
3
2
1
73
13862
2
220
259
117
946
40
38
7
170
3381
12
147
258
5270
3295
3
37
577
27
4
68
21
1
3
465
8
3
5
1296
1421
13570
5
5055
17
4513
7737
2
1
6
1395
5
1366
56
787
38
69
6
23
7083
5
2
18778
6
461
4377
2581
4475
9463
1052
445
83
3448
19124
10
13390
1347
212
42
7349
83
24
11765
3
8
34
17
9
74
53
409
55
2
4574
70
5242
1
959
4
261
3599
5
10842
1754
405
8400
251
32
1794
241
53
89
40
7679
2
42
25
24
8
336
32
2226
7655
2301
8
144
937
27
648
22
5
4298
4564
315
394
2
660
187
61
7
2
488
1275
229
89
91
2144
21
3254
475
356
734
470
2
20
38
1269
387
1640
301
1025
312
51
787
3
749
5
2
2579
15
4909
21764
24
160
2375
10
20818
16886
829
7
3
45
5
15130
581
17435
2143
36
2987
15
62
519
3917
4328
6623
11016
28
559
2
375
6863
2
20634
10589
3
3
118
15
2
230
9
9358
5
33
2286
21
8
172
6961
4
9334
33
5
4878
11319
22
165
6
12560
221
549
358
75
130
4
14
124
11
3761
3390
110
13
4
888
242
87
2
8472
7
215
1383
966
102
695
2211
2
13101
476
1683
3
199
7120
1
7
528
1159
17986
1838
10206
4053
2668
188
82
2
8585
12
4
84
9
51
7
708
9884
905
11886
3264
497
2
119
2809
168
2
35
43
10
2
4443
1718
12
23
2
1713
4
1151
6869
1
108
2
1819
9
3659
3231
46
156
16391
23
5
275
48
9667
49
1470
1717
96
1
81
1201
451
9
1139
12751
6443
72
2053
3414
1
300
26
741
9016
2
40
6
5606
368
829
13521
417
3
1806
17304
5
31
1
2729
203
647
5
6
1958
16289
146
338
781
61
13642
31
80
16
6
1127
191
13449
5
9
34
157
4006
879
1504
3
5
2
5
1242
1058
4
1225
18
21
16253
5136
1
255
4
83
33
23
887
15
142
117
3332
963
36
21116
7964
2
1
7444
171
13
382
429
416
434
2
5017
84
34
8
1
3
1875
743
12404
3795
71
1
388
2
3
475
55
12
19510
189
1615
6
2
60
1
2995
9309
20279
5
1034
3503
118
61
279
22
459
9
1387
277
753
20
37
13782
28
44
574
165
761
4
4
1
13
5
23
143
1059
467
7
20406
204
10151
540
4527
189
4
5
1811
1518
484
204
595
44
17
6694
1469
19545
22
9446
37
1
269
49
725
1632
10
23
1672
162
18284
503
2
840
3
21
1
357
866
9
3
4294
18
108
3
6060
2
3632
1007
12
2537
23
4
32
14
830
454
2773
10486
4
19
246
4844
746
3
13307
13
4
499
9560
135
6073
5869
1136
4445
1
20
1458
234
635
136
4
12504
50
7
5676
1077
2445
276
106
9417
55
16611
2824
5
17779
5
4
196
34
690
2894
490
102
3
123
15720
7
1508
1513
14
371
21
4
383
11950
21352
6417
10538
14167
1234
321
17227
1
129
3
386
2
102
887
343
142
292
156
1012
8
3505
13
18244
7
5614
489
747
13
1
2501
22
19975
20
49
7796
9
161
105
186
7
541
18
3
9480
26
4876
2
17
2174
3953
1348
14
1
1048
72
14
218
369
4796
33
37
286
28
2
205
306
4852
16
89
6
4904
2
1440
11522
120
42
12
3108
66
7
8829
3219
8
361
19432
590
45
980
3868
3
1
158
215
4258
17
2
42
62
42
14357
15
2
816
451
3
7092
31
12
3
1129
3
77
21648
105
1
8
5329
230
8763
11
5
37
6853
19
1096
3
3836
361
1244
974
7232
26
19
45
13
5210
1
1
39
628
2148
89
1099
9819
3
151
35
9
49
76
5422
111
37
192
305
340
117
46
221
41
8666
1242
275
4309
1841
16
12672
132
4135
4
13
24
15636
21638
17420
1097
3
23
643
19966
34
5
3841
362
43
183
1759
2818
87
3486
881
1
1
157
37
1
15050
5
5
206
2347
3
19
2485
895
21
865
264
125
10
2
67
5
3684
2567
31
1
12
1022
2261
3
138
17
9084
1193
1
5
14
16
46
19702
10
21476
7
10
209
20315
5
96
112
5
560
45
807
14
22007
182
4085
79
1815
12278
77
169
36
150
4826
25
22
253
9409
3
9
3058
8
303
52
276
29
488
166
58
20
18
12
7
3
1053
1394
263
448
72
207
18098
1
493
409
3046
80
7
87
6790
757
307
129
3669
9
5
20966
6187
3
139
718
26
801
7
2357
598
22
6
2849
22
5661
33
2
430
91
18
1
354
152
277
1188
3635
134
220
1892
9569
690
1781
3
11558
169
1
7
1093
1413
3113
19
2
5
25
5310
546
16
7216
124
5
8
2227
8
2858
27
691
5
8
145
20243
251
2468
12186
41
96
7
26
5
3
46
12
36
18082
39
778
1
9
2192
382
5
3508
1
20
1429
5890
5289
17
140
5
695
6343
62
8
113
2150
37
35
206
44
23
44
2
176
12
3
3
5522
9784
19337
8
2153
5
4533
11
9
4051
1301
2183
3212
16
14
10
18
9
70
163
1
13
2620
114
13
2480
13539
5
1
69
40
2
142
5
1114
2
3426
228
45
5
1098
9732
17
24
19441
9964
5897
16722
10822
5
1
94
54
267
7683
78
51
155
24
2
7
256
1
909
71
4
1344
72
62
2
286
518
19329
82
27
6
126
44
19675
2
124
18382
6814
7
19684
14608
545
299
12
3
2
2550
7
11
118
97
3627
11
15
2503
9
496
546
10832
1742
2
169
5
6
823
110
3680
28
601
196
402
2842
8267
7427
54
141
31
21
1
39
2
3906
1
125
1
7434
2814
14268
223
7032
5070
24
4754
22
3
103
15361
1
8017
3
12306
6472
14
2938
33
1685
4731
17858
6
12
856
104
2213
59
2639
1076
270
192
1721
4338
4946
5694
173
4
6500
19
449
49
2
177
432
2917
13
2901
1571
2580
10093
4
8
963
310
54
2065
809
4531
1126
11
191
16
128
3145
32
54
54
2
651
310
4
22
15083
14351
405
23
26
3
2599
599
77
2221
148
14262
10
17
141
23
2
2
366
2
5
14
92
14029
1
1298
16
116
2
1
13
219
5
2857
119
788
917
720
1
11
1136
3329
18
6179
518
2
9
9
12762
468
911
7786
11204
2
2
18
1
20
3
275
9497
5
784
90
7751
702
2
1895
6
8968
7537
113
4190
1566
660
12
254
197
22
27
142
6
1711
351
43
444
9
509
219
1036
22
182
32
492
18963
4586
6423
25
76
545
1019
1020
11360
449
221
7
4111
30
4449
4
466
24
116
6
4501
2051
15685
5434
6
154
189
1
416
31
13437
11
7
540
17006
1
283
331
2
47
49
117
4
1067
10
7385
480
1620
6
191
6030
6703
22
6
136
9
3180
21172
2
5
5
7
7187
534
1959
3511
1449
7
203
81
38
2
9
7943
10
5200
6
15825
5
12415
27
808
6796
1
112
113
1
1
39
15077
1140
2
10
146
4201
1309
98
101
707
9
6
148
16
19
24
687
8
175
2
338
6155
453
699
726
1799
15995
1
1352
63
9
6
194
6
108
2713
14123
5
125
11410
13
88
324
557
238
6
2062
75
183
154
12
854
8
447
436
21
2344
17685
18579
5
34
455
1147
588
4
3
2
3
22
2
64
1279
5
1004
2353
56
719
157
3
1
143
2718
115
18
487
9594
29
47
11
12
141
1466
7890
2491
1426
1936
161
18211
4
34
5
131
297
56
7
2840
1570
9
135
9654
1526
5
8096
32
2
16
10
51
9128
1194
9
3
293
4375
1271
257
286
1885
34
13
2
2
1
23
10
1
3
1569
3248
2527
2785
2
83
20055
194
10375
171
1
65
8697
6523
2262
4
2898
3385
1122
676
27
2
19141
1429
3411
9
7290
12493
8964
41
1080
2
4100
146
21841
10
1824
61
1
114
95
15692
54
5
17787
2441
2985
6754
10774
3
3
3
2465
3
5
2
158
15
84
10
75
463
1842
5212
3
22
11309
4414
80
10444
2266
50
8
5903
19658
10914
1030
3
3346
3617
1023
67
21725
6635
7010
124
7
1
101
8782
613
380
2
1622
2123
2160
28
5
31
2
14338
304
3
5654
51
67
64
107
1075
6983
7
3019
35
27
3844
210
11
5877
2023
17544
301
7598
1290
1997
1
278
1
915
144
349
5
5
1533
55
1
217
3
21
797
3
4142
11164
1
991
8438
16588
12
1131
932
65
225
56
20799
289
124
11
113
805
4237
32
3604
1602
17
10580
8
733
14
14148
121
524
1
25
1419
328
306
793
14
11923
8
1535
725
2506
57
15574
2
13378
6924
8853
12333
9582
87
2521
207
8662
11461
9
146
53
19588
39
4
1974
4
6329
37
8172
10165
9
2
38
6952
4959
2287
60
3425
11425
24
60
3
6
417
2
3
4922
12
25
893
11
643
1557
265
6389
867
12633
55
2
277
593
1233
5
20551
11
361
9455
6
2
41
16
118
535
21
34
286
10
906
968
20
38
38
2447
5
6712
4835
41
14
2
27
5566
786
1
110
318
127
1745
1
21361
9153
319
13283
5835
521
23
41
15334
1368
11
6
10500
44
312
541
24
710
48
323
148
2
4
1999
52
22
26
121
18260
39
12
10449
6
6512
292
5
10
2577
11828
4256
1597
2
327
8988
479
1
11
173
74
1537
813
9
2
6
147
11976
21793
6948
17
2
14
6
1
4
2848
12968
6927
2
78
6
51
2885
7
6
4
38
28
159
401
30
15
3132
2875
556
274
13026
32
9
3922
1877
8050
5
10
37
5
2
12819
28
547
21
1525
109
11264
118
7
1137
38
40
3
16369
8032
104
3810
1657
2094
1212
25
119
75
153
1571
632
24
54
212
3
14
4733
3
13
8912
1394
176
1729
5584
171
2830
6
2
10013
5478
76
513
873
1
58
1066
14
25
4893
15491
7727
11
17835
5
3808
14237
7
28
11486
147
501
3
9169
5261
1075
7
1
3
1510
928
2
2
35
2
6
11239
18366
20
7
825
23
13
8
1
26
162
12046
2
40
411
73
15
1
83
29
20698
64
8597
12
2
2618
2630
14963
77
7487
661
31
1155
6065
289
2658
1358
2
129
253
4124
1690
762
9
6017
716
21997
2070
6324
14
14752
1916
17342
263
4584
8010
900
1
1
26
288
7
186
11703
1
8
434
8256
2
1758
6
859
33
4
6122
2
516
955
2
2
4509
479
323
14602
3
201
89
2551
793
59
220
3
57
12344
5656
1359
8509
2868
850
13
896
12438
2
6582
12582
15
1456
7
9173
6409
2
3
1527
1016
33
74
1
9
1328
358
109
5077
6
5039
5
1
11344
8920
96
55
2852
2570
280
140
295
713
48
2754
9
59
2037
1
39
1471
2543
2
15
3
33
45
2
729
1
26
51
1680
3
2
61
19
520
19047
1643
131
8
111
4049
383
8833
315
784
3999
193
11
6087
98
16471
6673
3412
6964
5589
2767
8
3440
8952
23
779
164
12876
183
2
4623
1039
4
2
11620
6092
5485
2267
49
1755
231
19
415
4
1
402
399
16655
90
57
14326
493
3598
93
5488
4872
529
106
6
44
6149
352
12251
2
5594
2
16
9
3
12706
7817
1244
9
315
54
3755
22
9
2310
10210
30
8
6171
663
149
16574
754
143
3
4
359
700
2005
4
14
1
1
8
16969
13
2456
10818
16282
9
29
303
3
11802
57
68
4561
93
50
180
345
266
18996
2362
3
249
4
2406
1381
5355
11314
2
1430
270
4
144
126
21687
108
8367
159
2
38
996
18921
7
66
175
115
13850
3
33
4008
15097
245
5317
2
218
1
243
53
277
4
2081
257
4
3587
13
59
154
37
10320
256
5966
15748
3
57
1
120
12
2770
17559
15553
3887
144
78
58
1
15
8
7
306
15464
7
6
8165
305
3705
17281
10
642
5
324
2
14772
3728
4
243
13503
1
38
78
2
145
1642
2
19
3
658
340
923
249
7
21
6209
3904
75
114
6611
393
6835
235
164
674
2
6
16
15
8230
2134
73
800
1
2663
2
153
153
43
148
4839
10057
9
13
22017
88
30
46
148
366
244
58
8916
339
198
1899
7527
1064
235
582
7
332
1
2132
210
6
72
88
358
11
86
621
10
2243
21
2935
11
5336
106
31
15498
215
23
4683
10111
1452
20
1126
564
4137
21861
395
2
9434
86
4
254
1923
8442
5
1553
3
2
6
1948
4
1897
2
374
1273
257
21
5
2068
18
1135
8825
326
27
6296
12
3
5177
24
25
2
1957
185
4
7932
861
1090
518
4535
3204
74
3052
8278
3174
4
672
49
7748
1627
4
9
699
40
66
134
10297
265
63
4900
534
1
1652
28
52
246
981
12327
4392
2571
1
2750
1986
177
89
14
4997
3423
4
3
81
1782
19175
6
12
1695
11
3
126
1375
5175
134
1569
5
209
473
60
2963
15811
17764
14
6
183
850
172
3
1527
191
1789
582
13330
97
2083
21
340
127
60
1248
16123
3299
1
2607
3406
4882
2
13336
2520
1490
22
14818
24
18
52
94
1105
298
26
2
5075
4
311
41
156
61
50
2355
169
17
68
409
47
10
19719
190
1409
460
199
189
1
3
539
172
84
2087
116
2168
48
2360
99
12
13
26
3
2
7841
223
1202
4
1245
139
2
3812
20001
444
240
23
2012
441
15
9
1
450
14
173
5391
15
1633
10
705
3102
18
16209
61
6221
696
7635
1318
321
5
1517
129
10
3037
1577
5
7
1192
1
7258
2
46
15832
106
311
150
18464
122
2862
5601
3314
693
5
37
16398
17
80
1
85
927
686
18
187
9400
3
2
1
21
265
8
4
2139
63
21667
119
9
3
15
864
17427
73
45
1024
69
8
1
42
8992
3
1
19
8
6019
11041
1342
195
1220
228
175
229
212
5088
91
15903
2
978
155
1437
39
416
162
95
84
160
131
10
3
364
1127
78
8064
137
1529
186
5
8593
2
13
13
1896
12700
2
1664
7615
5
3
2
3
318
498
4385
4
782
16
36
889
1044
4662
159
1315
1130
81
15402
59
4
17
2
2
8
2
12928
603
3
9
391
2
6
2
2
83
6497
226
76
17811
5057
3
2
10
2323
21735
474
4394
201
1063
51
1010
1383
105
2
117
4
1071
612
5447
355
2825
10
49
15
3
45
5
2238
12377
9775
629
2
1
265
1013
48
51
7
8319
12934
5819
2542
46
15804
199
1485
22
1
3980
5
846
90
2016
398
1
5
289
7544
1
378
1865
37
1658
1
10
1
1
3461
27
1120
24
6
7638
109
82
70
5
5287
11
3464
8245
18
3
1332
57
76
138
597
11
11776
1
11760
1
230
2
2
5
280
2
15422
19993
2
2
7
13
2960
6
1092
1248
5
5534
16
1176
9
197
4
14345
337
241
523
17
7772
527
4
3
1210
3
8434
555
5
552
242
4
14
9
1
2365
5224
336
39
7
41
192
32
2
643
1
514
908
117
614
2140
7
118
5
3536
362
18235
2
4924
4
3457
7447
15
30
3
6
2
1431
1641
4
395
4
432
630
44
2
56
92
14
3008
36
51
7
13
12
64
236
4
295
1
74
973
10
1861
235
4089
2306
2
2662
41
838
681
264
66
64
4
969
816
66
67
4507
116
1
4635
197
29
14370
8315
2876
2
2502
6739
1318
2
3131
2628
557
10519
7911
26
6
5161
531
8532
41
101
1041
76
1
4
4
354
4856
18
6
7
8352
4
3217
181
7184
1261
116
756
1
697
1036
7982
27
2495
4
1
5
257
23
4
5544
1
3480
656
40
1767
1
8
11615
586
6
3
7
565
1489
3059
41
42
57
2794
12
14837
13685
1
333
906
2
223
148
207
2533
14667
65
13473
680
5
1
1703
5
2763
7358
15546
4937
25
348
4727
13212
25
30
392
14205
10670
9
15643
486
12208
6
20019
60
151
4
1370
12
8
16
21
6
128
1
20
2
1067
1
123
130
9288
5
5
910
20
979
109
18292
2854
187
11080
14765
82
288
814
618
613
35
20
13
18
4
11604
12882
3
3939
839
5102
70
108
1
144
13
5747
29
121
15532
10
2614
266
358
3327
5
331
2
11
2008
32
5666
7601
51
10
8
50
59
17
42
771
2
212
19614
577
5298
19
6366
10
641
113
52
15846
621
6
1347
5
3306
671
3163
1694
24
2999
12180
25
1679
100
1488
5324
1808
3516
383
258
8136
114
5856
42
271
884
108
8341
338
190
566
142
4213
2
6
10708
2474
17466
1078
2
128
2672
418
50
1
1
7834
2637
6
1
127
18431
2
1172
604
89
512
1276
1617
5268
268
1544
424
29
14950
4084
347
11
169
3
1
52
247
653
13
61
40
6108
6
1801
2067
654
21
10133
8216
1
296
264
197
693
6769
2782
8759
42
18
17
637
72
5
15
6
1134
1879
5830
43
5154
10142
1031
3848
211
21
31
4
7
552
2
6
427
4
10472
43
330
12831
116
7108
29
23
2975
8014
23
90
347
6573
4
15
13752
1558
8
361
2
661
4248
226
83
3312
4
19107
1105
1
112
10
608
930
232
507
58
18
1
21
17
19
29
22
2
353
14524
28
2
182
634
22
1119
11
31
1582
1006
470
11
7
988
25
18
29
4
762
125
1
27
14
2
68
1181
12808
64
178
12460
18929
47
20442
250
9
126
7411
15
747
6772
3
43
348
5
5
4
97
11339
88
3
64
9024
1
2
18513
9959
18
5498
4
93
11
33
2
951
13612
27
133
6641
179
3
229
2350
91
50
1613
880
1389
5838
918
154
1
185
57
810
9
28
83
3153
201
4332
919
3
8
9
20
2
109
20010
14615
17235
140
117
3
159
5
89
931
9
438
4867
2
64
9
138
11
6
44
80
2279
14805
185
20
770
309
76
1223
18653
1170
2364
173
13
16
414
3908
15063
4
17843
13072
166
81
4205
1
94
421
6778
135
12399
1909
575
14
1962
6440
851
40
12
2
5
711
89
30
1240
23
4
726
138
268
1168
1083
1049
110
4
79
1771
100
219
8570
21
7
11
828
10
1
2454
180
2
25
1320
529
6
225
1
10
12
1612
2
314
67
1
1201
11061
31
149
222
85
8502
9222
27
16
2
19605
133
1249
2
263
3
56
7
26
4
9040
36
2155
583
5832
3
493
11370
2
3
34
15
19
2
18
115
8360
4091
4
78
1727
2
8201
2
22
4555
169
2
2115
2604
24
1622
1
13
36
1
3
19913
1783
4
2
16318
5
21333
4174
9
6254
380
9
3
29
2118
1355
31
164
297
12939
1046
2
1488
76
8747
115
2741
12728
2305
1
99
626
568
37
157
27
2748
639
11
1561
15
2312
175
300
129
6
67
67
161
23
4436
3
17067
18456
536
8
3959
6
569
334
178
4495
20994
3446
81
9052
8060
168
67
5758
2855
984
625
6038
2
14
410
565
38
4741
13980
412
3065
6
1
2
65
1239
73
1751
17
6881
3
10900
627
2
1
531
2
3
2
3051
733
360
2108
8
489
20
136
13
5
2
2
3128
727
7
599
9104
11
3
4271
28
214
369
26
11
4
614
3
105
23
22
8
794
11
13
1805
24
135
7
26
11
512
23
3625
69
369
17
6
21987
368
47
4383
14
2808
18227
1
2
322
4639
6872
241
111
2726
145
609
485
159
1
5827
43
848
14
31
13277
665
71
712
4
1
133
6391
21948
12
31
16066
105
3
12644
20
128
14660
13366
780
7
33
19234
14
74
4
80
7
81
11
1
96
3481
13
7
414
269
755
1
19640
7
858
3
113
123
143
3321
767
3354
16109
15
24
8263
11
2217
747
499
3856
16633
5365
8
1
103
4
66
18
339
1845
6859
4
114
19
371
4
32
3
904
2
19166
2101
5732
993
71
2
27
380
14
8
92
5549
1880
14713
1214
53
1
663
5
2
2031
4
367
2
3250
3
888
27
1199
1
3955
16434
3657
26
4120
1
6
12
20
3925
1
135
2
513
5
533
55
5148
228
33
8767
5
42
1
11184
6057
203
1
588
5527
3
57
1572
15818
2
8
6
6700
102
59
457
85
4
15
2225
1519
109
25
7
32
1
28
10
7662
21
2
635
2
5408
13776
128
7
618
7200
3
2009
344
50
82
2
187
120
19984
1
11
4
1795
67
751
2240
121
1
3154
25
19948
2539
21706
243
14
37
1
2432
6355
199
19
1
21409
156
2642
2554
10
2
125
10784
13973
1807
3
50
1300
1502
582
5
13154
706
12014
1835
325
3
2784
4017
11
260
1
11405
1514
3
2
12
587
1770
18637
189
671
186
994
16759
1
3
14479
7064
1
928
7
14
2
3
27
50
36
279
2
2450
216
1
3
392
2414
14890
1610
1
968
478
152
13
2
2089
4323
24
2
7
3574
597
11610
8378
11574
21050
616
817
302
14
8
2260
571
52
2
9
11
353
2
8326
13260
349
360
523
2
59
1627
3
17
492
322
1832
1
19005
4093
2237
167
3623
781
6784
72
593
2
69
237
41
335
427
1
909
28
9858
8
110
12078
556
6240
24
141
4652
6
4863
271
8457
173
25
1468
3770
21
18670
5884
21004
14
5
1
107
931
167
7
20689
53
376
14
7378
712
419
38
26
179
407
55
6538
333
18398
793
193
37
3419
317
8551
105
1102
5
2516
6
38
1
1633
62
142
536
1917
190
2
9995
1153
544
77
2
452
2017
4159
287
4192
2922
2393
97
1
76
21610
100
2705
151
2675
15
18423
29
2194
926
425
1784
127
21600
628
8
714
34
40
6
1149
2
9
1268
11
1450
5
11
8
6
23
1744
151
5
14428
3517
100
3
2
2154
14
897
2
396
4
11
85
1995
3
10599
1295
12
60
215
1356
5
2627
21562
80
509
97
55
19303
6
8
42
10
94
11
5430
24
1156
4
645
28
123
944
456
1
6
44
13697
3800
78
7451
64
5
6
63
7
10071
1904
41
17
37
341
364
256
343
649
14
120
3
15
9
36
1652
33
5
1550
20
7985
5
1
11692
5861
12
1532
12
619
316
5
5
18
11497
16
178
163
183
3093
4379
2
2
26
4
19449
40
5
4590
4
1894
10
66
46
354
3
2055
2158
40
1
4503
39
48
7
72
2
398
56
21909
203
9
1215
41
34
13
6
168
4
80
102
2032
26
74
19
385
10
2
173
3
152
39
7
139
6318
7
3400
204
1
36
21
935
7581
13
2
28
63
73
12
2443
1
3
2
11
81
1913
1954
4
31
8
21
14218
3
3
329
10919
28
1562
22
8
92
45
19098
2
229
1
3
1
1122
142
3
52
4022
473
393
11934
33
53
54
15
18
632
1
3
7
3
3378
297
149
3
3
8487
8356
467
2
3527
722
36
18
6
2
17
20846
1757
9
459
1601
3357
50
98
3882
8
1
1
20753
218
9
164
37
3
4
8574
1
74
510
1040
242
2
20460
5
8547
3
112
176
20162
3195
9032
101
69
3715
196
4
302
1
174
54
7710
2
7564
22
1398
8114
7939
26
13
22
45
467
232
1
3
841
22
12476
181
3483
870
1346
2
371
3
2061
230
5
100
37
1
207
179
20670
24
251
423
47
55
3743
2
12
6168
10
2
2684
5
15
136
75
437
9
17
2435
70
4
861
281
30
3
436
886
1
8
11304
1597
652
19
12
7
440
2803
1
76
154
2462
29
29
6995
476
6
254
25
190
20901
10329
11
41
185
5
30
319
2
2
4
2195
241
11154
26
4400
3571
3
2
82
40
174
221
809
651
1
9
1
163
1
237
4275
99
4
100
4
1
6823
562
15650
8
32
2455
1837
6718
101
2757
4566
767
6369
53
6223
85
10760
394
1130
307
273
2428
803
505
187
9056
7
11599
135
790
10
1
41
6383
14300
1494
3566
2
2651
4
5
2086
87
5763
7
38
1
64
16603
14
10380
116
3
1072
374
1486
31
5
2669
27
13
2145
275
3323
35
106
343
17
1146
52
33
18
20
6138
1
1817
49
429
6918
409
471
27
4207
7098
21
204
14511
146
122
26
100
4371
1
989
13142
3
2661
62
667
95
17097
22
2316
5320
1
6697
5068
29
331
66
8
1071
3
204
4
611
3273
118
2
13224
29
4
619
77
21
1
17882
21
7181
55
5745
25
28
1065
59
8
11929
56
5
1
11
8928
2984
10
846
6451
172
494
9
524
1906
2
34
589
262
75
11
23
2
1
4
239
502
20
570
51
71
3585
1
2
33
23
10
1314
684
12
30
94
324
19022
10712
2
304
71
7
10
1804
1402
17
27
35
2
87
10251
25
16
131
12888
8
3
14
3238
4691
68
144
1016
614
1
1058
2
10866
2
3
35
23
34
2
25
11
37
4
3
6
4608
17
485
171
3
933
2290
9
1406
73
5510
65
4
704
6
4102
36
63
235
1
16
664
6
2
1522
8
320
36
31
8107
209
147
524
325
38
35
5
8
773
6
3
5926
547
443
2
132
25
7789
17614
22
2
2
56
3
38
597
1818
230
1254
4
8960
6
18447
15030
3
1990
46
2
11110
5
6489
6
5
12
112
267
6
7
2
47
5529
1068
370
8238
1
351
1433
79
17
9
58
1559
20588
197
51
1860
1
4
2
36
18
29
1393
81
1051
2169
1
492
14249
4517
5
60
132
10
13788
1731
63
3
10827
21812
68
1504
2
3348
9
22
9
3
19
1496
246
51
2
150
430
93
811
247
3011
118
11
751
5
207
80
467
8334
20
4
15
926
7076
70
697
410
5
5707
141
45
4477
17105
20207
79
4570
16692
3
77
1
11
11446
765
212
18
14904
158
47
3
597
2147
2
198
6715
3892
3
31
1
13177
92
24
1
92
22
14
3
768
275
1297
68
10
17158
499
1344
2
3
8
7
66
19
33
8
367
2209
1
2
70
44
7645
36
11579
2916
3025
1659
1233
1187
8
2
141
8
16559
1124
23
18
1
1335
21
46
15
17497
2
5591
138
20082
5
5
2082
21939
42
3
34
19
5
194
15
15615
5
1673
9
126
442
4162
7
9226
138
1
16
644
46
2327
538
2568
47
15790
17748
16
750
146
3
7
12543
391
8605
219
24
20
5
6068
19458
22
2
322
1387
27
4
488
4039
25
2
90
392
24
1
34
194
124
4
2321
1372
133
9810
2
216
18
76
9149
8161
22
9
7
822
314
1115
11
16
218
12
6
2
2
1
31
2
34
2
2
4
1304
5
491
16774
16311
8371
253
622
10491
3305
696
3
20
430
82
2
12148
2295
129
9484
2790
1608
2
4
1
5
36
24
13
4911
11214
2
15
3622
1
3
298
172
5714
21
4
7086
9
27
3420
4805
154
596
4243
4
7
6483
516
34
1350
2
6973
848
293
78
1821
109
12393
6
344
3
1
885
8778
11274
5
1
953
98
134
35
561
765
14
2
929
2859
47
2
1707
47
3393
2
12893
2
949
128
32
79
204
976
31
4
27
2866
1
10
125
19209
17
1
448
95
114
6
1
676
5507
115
226
87
260
139
417
36
6
190
2
366
45
3
7
649
8861
1
991
86
6307
7001
10
9
230
4005
19
954
1
1
2
15
3692
4
706
74
806
6561
39
956
12842
1
35
10
6541
1891
426
2
4865
971
33
1720
3
491
13986
3
412
16
121
1119
6
529
6930
118
3
58
985
5
20
654
134
584
15
16648
227
96
35
220
222
185
228
20
37
10357
104
5
14628
5
576
3
675
688
1225
31
5
38
10
3009
12
15581
833
132
2
140
17
136
7
14739
128
35
738
2654
1701
18
2214
17037
7621
2801
7
3985
2401
83
7800
617
27
18
6
1
7
215
57
35
199
16073
2
12137
664
14
2324
2649
8
14680
1857
19
78
6
2
2
1058
6
26
444
994
12723
2042
1187
11140
1154
3
14
1463
202
18114
17930
71
999
207
9
464
6
14
435
12980
3
37
5
5
3
2
639
1307
24
1061
5134
978
37
51
62
1
15
199
4
8
22
6
4109
699
2
78
172
17
246
3
3
4799
13955
57
3952
15874
26
111
475
11
6550
2988
574
1
25
4
3
2731
37
215
540
1473
77
2258
13
2
10
2274
25
1208
115
11945
12
891
1555
2
61
5
7
11145
2591
215
1628
3667
6
5
95
9367
8
131
47
269
43
3016
273
51
338
6955
4
18
521
3
70
10
9
326
2671
1356
58
1887
63
214
5339
820
9950
206
1
1446
2
21219
85
18
13
4
1379
3
4
720
87
375
1
2
913
3
4
3
849
1792
15
390
89
3054
3
2719
208
3
5
4
463
8
2706
17350
1
57
19939
1
554
101
2
104
3
1
29
1251
3
687
9
10274
4
1008
2496
125
2993
292
2
8121
1
334
86
2
2
49
840
4
4
1332
1551
3
3903
6
329
11718
21314
3
3
3661
6970
290
7
201
714
6
3978
258
13
1
21
132
769
368
3766
790
4493
8984
111
22
6
7779
93
9
134
615
7
4
2
1125
2
16
1823
4
5
19
1
9736
6638
2
2
274
14061
8
4859
9676
314
2
52
14498
3
1714
2
2171
5332
16
17
325
1
68
155
239
1428
15896
675
8
550
68
3
831
32
183
7
45
2
169
7
5
57
167
459
446
21
19754
20
59
139
16819
959
1346
10
5576
35
2
122
118
75
3735
18
4
418
1
4222
6727
17288
230
338
4928
5
5845
2
2331
5259
1
9
12
17
441
59
11
511
11661
40
255
16
17
100
12565
16405
30
72
14
7672
86
2334
23
645
21571
107
12
171
209
60
21958
85
2318
13942
8
4
51
3
4
2
8
286
11656
3633
1
30
568
26
2
1
11527
8212
6
702
90
2547
337
15171
16737
16238
5574
261
7
54
3027
20
4428
12
6878
415
312
17
3
106
690
647
96
2
2
7194
3251
38
4
8
87
8198
9346
2821
8908
10315
5037
11
18058
2
2844
44
19090
2319
3175
2644
2233
6
7520
9
11667
796
71
3048
6
8751
1
10247
3
224
2453
18
9036
36
26
3
2178
673
2931
223
10097
41
22
71
16
162
303
2
13
10
8
2359
1491
88
21968
17505
136
28
276
3
2546
32
13509
1
5294
16087
401
2632
7
420
196
4
17914
638
7873
235
546
1
2235
14
2
636
6585
12
5118
7
1
1
1
4
323
22
4631
1
2
31
3
199
46
49
2363
13
47
10
71
5
8
783
129
6
183
345
3
58
2239
52
1399
10
682
11
8616
1644
4
1095
16
8345
46
14
5001
7070
3
480
1175
283
67
90
609
834
116
754
526
2766
2
3073
61
147
12
11375
6591
7
23
5
495
3
17
1
21
1379
6
25
1825
2
55
4239
16
75
8
3
18
1
2216
10992
1
2275
907
16
391
4
1
8
39
3
2
3
6
718
5125
158
43
532
10
97
18439
5048
852
1
1502
40
27
1
94
17874
26
5313
1933
1993
2358
2142
201
5
1692
1660
21
375
583
59
96
5028
13
835
284
130
474
35
4801
3
928
144
485
565
4453
684
2
350
14466
764
28
5
19
4
23
3283
28
3156
14
13360
2
4710
1011
10389
5727
90
2146
1089
7
2
17
4040
5
5791
1278
1271
60
15539
8464
221
3070
3853
30
227
32
125
51
4
8720
860
2
52
13794
5783
101
13372
1325
555
61
2007
5866
2
35
11855
18
396
14
985
7768
107
18620
3
1
167
1460
14117
10547
19
4
2
211
166
37
1043
921
50
36
372
12
188
2867
4
15931
4
68
4
8
3
18
3572
22
1576
21485
18
3994
446
15320
43
6
15
34
6
20533
112
20
4722
501
1174
912
11677
2418
80
35
2
72
23
7130
14
578
2074
12
21390
13893
7
13
12132
3293
13856
54
1444
1047
4250
301
11120
589
1
101
69
13189
15340
4
1715
11
18
1
1709
33
1227
605
407
8071
168
232
179
10
192
2
40
1
554
1619
2531
28
11538
25
14
22
21
4
183
8
7143
140
10
5
16
61
7
10
12951
13
13
7
2095
45
3
3976
1
10684
426
272
1
194
142
10
3
8007
18
420
15
2
41
5
32
7
905
1294
13
107
233
6114
13020
284
48
21
27
8
10417
163
13
10
777
901
2
102
313
132
1008
2598
16152
16
451
19
148
2681
1369
54
600
1
8732
2
1492
1150
371
240
2159
3
697
2883
17
21
2
9671
5
38
1390
11
9421
57
1109
6420
13
3066
1385
291
3601
92
1012
2411
301
2900
20735
25
1
670
284
5249
591
8
2345
5
3941
10
7989
16412
15374
1600
190
2892
91
55
601
1041
383
114
1683
47
34
16
18042
36
1574
379
16
81
494
85
54
1060
105
1360
3
37
10
4
10
4
13096
3
2
5372
16
6
1638
432
3
683
1
2
142
566
10
15602
2834
5512
1467
47
7
19
3653
3
4
4215
2054
67
3558
29
5770
284
3
2929
3931
8118
82
2
396
11
11713
10
1865
3
2276
4273
123
19
4606
2
4
5219
327
1322
2
2341
120
176
19
2
11
437
5
29
133
856
1065
10393
1250
3261
1
2
2
320
15
3
14589
10
768
379
5
2
13636
11
12791
43
50
25
860
2921
2098
7
53
3
95
91
1803
9893
15
2509
12610
149
2156
66
5
10
277
10510
456
25
8
23
2
3
6
865
3981
2
382
6805
386
2402
20
6
1
447
2099
19
5
8
562
3712
8449
1238
20
20
14983
1963
6
260
408
2
20
1525
21619
12510
93
22
16744
4846
21
3
1778
4891
5303
17795
515
45
5
5322
2
11209
12
16
68
3352
16059
4491
24
2686
64
201
111
5384
730
9531
5
12338
292
13727
4779
32
768
14851
410
75
66
859
1467
704
10
300
38
13
4
1595
149
1973
2
20
2
160
3146
2
3485
2
21
53
1784
13
8
1638
31
10890
97
359
25
596
7
3004
49
553
149
2
143
9
799
110
3
981
391
11007
7
108
109
3
59
3
558
26
9
75
89
1
22
35
2
34
2322
2487
19807
2
2
2
188
42
3267
15755
10426
45
203
1923
15
6
418
2245
6850
13
4
15
1017
26
11
2
4196
1
33
424
10837
1
2
558
3096
31
4
9
315
598
108
22
9076
7
34
30
876
9801
5971
25
355
9611
9459
185
271
2
2
2150
1476
89
141
498
315
2
301
62
2
8
238
98
1918
17166
3596
2
40
10147
13672
51
17567
2
10066
41
70
28
3
790
2
1305
866
4
11
1
12962
29
1
3
31
4718
10361
204
33
36
346
148
64
2623
347
510
837
1472
7048
17151
14654
20
35
103
202
14142
99
650
60
90
14970
16
24
7
761
530
1494
43
3
310
6
4
2
4
11
3936
7280
399
44
1
21191
1211
2415
1615
10
202
341
1
298
5
4076
4
2
3607
213
3
305
669
252
65
624
9823
4194
334
2
35
678
18317
4113
3308
63
4
6
1079
15952
5
353
2646
84
4183
69
32
2
232
225
38
9
3
403
407
5228
2
3
242
346
377
7
14
7
11174
447
177
31
13113
26
1142
4
2
2
7
6
992
210
3643
17922
1296
60
49
4
3561
7408
18
16677
2
4
446
230
829
13739
5702
341
15
345
11
27
20
5
9
35
8608
80
2648
1
1042
5
148
19493
331
53
18
4367
979
15
152
2256
229
21
177
669
473
349
282
122
7
10366
117
86
1
1864
29
12
17196
481
755
15381
5
3
4
3983
256
3
18
5
6
33
285
45
9
6
7045
1830
14870
1
14211
1404
775
6146
400
1
40
5
3783
422
1050
6
6262
16130
1506
4459
1509
1
1240
28
1
2204
2723
12
141
251
9
2
8612
5
47
18
2507
129
67
1
8194
7693
2
1
543
7
7306
342
630
68
5
818
476
8179
36
1
11
140
1224
128
2889
11
1
4
817
10
4
268
258
3
9745
68
2
12
8845
4
528
4
484
23
449
14
313
46
14
3
4408
2090
114
5916
7261
4
1
2
79
62
317
4
1
14
25
1855
6
1989
333
99
99
5093
1
2664
99
56
44
986
11
11
156
5895
894
196
61
4
26
291
19
2
2
4216
29
2299
1769
2
17358
16
367
671
2
1
52
347
39
4
105
6
2
12284
5173
592
12
227
244
2
7
6
79
342
5
193
20781
4284
5
1
330
21
1
14332
3542
30
98
76
4
1890
1
40
317
26
5351
183
349
91
33
2761
1840
1144
18
4
102
1743
47
91
127
31
61
15
668
3495
8944
8494
150
406
3
12
2
339
365
2804
2
1259
4
25
555
269
13037
45
842
97
11960
1791
7838
41
455
88
3118
13
3085
66
5370
1370
754
26
1739
6808
272
119
3776
38
2127
8582
5
225
1753
2343
2522
168
269
10
2878
559
97
7213
213
12774
27
773
6
935
11471
196
3
121
198
33
41
155
4
3590
4529
370
3
808
28
2
14434
22
161
129
7
580
97
1
233
22
6908
5252
371
1
7067
20297
257
167
29
281
5
113
12159
74
170
17
17396
18720
248
4
981
239
792
320
6
4
377
74
166
14811
15567
291
24
1856
30
10156
3469
1564
9112
588
2585
6480
7
24
237
16080
3785
4
3
10
20
691
884
59
391
942
79
31
137
434
667
4
1
196
1
29
6
3
4235
755
2896
4
69
44
386
1218
9552
341
13515
3121
10301
445
13
1454
6
10
16159
4
146
10
14
3
2
265
4
12067
340
49
3315
1288
9284
1110
1
55
10
458
1
11492
1599
10
80
2905
707
8304
940
128
10603
1
43
17
39
17890
2
424
1399
15436
750
53
1
30
8483
421
44
61
5773
32
218
68
3957
5681
1538
15313
196
1
7061
57
3693
197
2602
612
4292
21
6
506
4784
776
6
4
87
3035
295
601
8
290
1
8
18
151
503
1773
34
1193
85
8475
950
1313
18728
1
226
6
360
3
1063
814
164
1
3670
418
69
6
7136
455
50
49
1614
84
5646
8
8150
3
20
31
276
4627
2
2397
39
103
1686
83
2536
262
1
9637
4424
9
695
49
9
2
16581
4
1
12
425
502
1137
14
72
10505
17451
18
2
9792
47
21880
903
337
227
45
5
1829
2
2
54
1340
4028
163
77
27
3
26
6
32
31
2
1884
4
5
7
24
100
60
925
636
1
7
44
4
1
517
2149
559
2369
1
15232
22
1
4525
1056
4551
32
2
4889
37
7604
5704
21304
15
14674
207
99
14
5559
696
4
16841
769
758
15
11
93
685
45
65
8670
7
370
1867
11
181
47
6
141
1
139
4760
3638
9008
2
63
11
682
1418
3
3
1
8
525
62
7831
27
99
1327
16
5
543
2042
143
11
957
29
123
204
25
5717
5164
13770
1834
60
2
245
3188
361
362
21125
8
501
18
4
1
6346
3765
35
23
227
26
620
1
4
2967
2923
7
3654
4629
3884
5
5050
6
5631
12
3
2403
452
107
3245
16751
38
561
5
4
15512
1
2
9
3
83
9
5
6196
6
5969
3932
7
2
3
3114
17708
7
1331
2080
568
12360
498
123
24
17
12813
3060
1070
1183
28
36
2
13961
4
8
9
57
2
306
514
87
9251
15003
18155
38
15741
134
29
537
5
2482
6394
8
2
140
2006
6426
106
5
369
103
359
2
2
14732
6685
474
29
2
3
7
113
20252
1
17373
28
13
1657
82
8884
830
1121
3349
246
11021
2
39
2
8
15917
70
365
246
3
2271
1793
4187
8
174
364
3758
2
9
8468
44
57
420
14036
7372
23
1584
4067
122
2241
30
310
1
4
7414
356
4820
31
293
8154
28
15
16
3326
3201
2076
572
2957
2250
5
4
2493
13402
54
58
16
7554
2215
21342
393
1
707
4115
95
5722
325
59
3822
1985
3342
1859
468
162
40
1
19073
533
7
1968
18
1
5624
2
19728
16871
1580
8
1
1230
11
15
16
85
7594
2
1800
181
16826
5
21
1235
5
339
1008
810
14884
1113
20569
20725
34
12317
55
1
12
75
624
110
3
2471
478
17242
18895
10
20
2
112
278
49
2
60
210
2092
21
100
181
1143
83
2
10
94
741
2
54
3
14977
78
531
92
14054
1944
1477
12
17
8
12262
1967
60
4592
2
1463
2425
4228
1671
18
2
17669
5116
3
3579
4
1
30
19860
2
1389
2847
403
4
130
16195
4
1089
513
1848
286
1
22
828
659
158
6035
112
32
18325
5
254
6125
8227
12905
137
1
307
4
75
503
5
2228
20
2795
192
21257
10
16
58
250
1499
3
3950
2420
758
46
1
138
129
512
1
140
4
428
5
3
4
1435
13
14023
12
560
57
29
1
4824
2060
990
65
4660
2707
3111
18
6
31
993
109
2252
7026
1585
1791
3768
94
3
1
281
9849
3733
67
13
264
304
24
5
116
56
11813
6293
23
12300
15776
3286
1631
15
352
13396
4
24
36
3214
197
3
236
60
20478
5
2
256
15266
12
2540
94
123
24
8
2
149
1094
116
7
26
1668
11966
69
62
43
10435
16618
10
2
6
11
1104
1796
1004
3
3
30
7
2125
38
12
91
1
23
1
343
2759
544
11
5768
1
16
42
1093
26
8
942
2
4185
50
726
827
2
269
182
4330
13905
20929
1
74
180
7824
54
6204
3335
1490
8857
1654
21
29
7401
12537
11
10292
71
683
5
4030
19115
10265
11939
30
30
64
7530
198
1663
7
1004
2
443
2048
53
12
151
7
4
1
31
15
6721
1002
5998
9190
3
34
84
178
3
920
9
3523
949
360
5360
67
6593
1671
402
3
187
1043
3242
157
174
147
159
173
8
8880
9
21
1324
2926
100
387
2
11532
2004
721
15
2
3
10
438
20579
233
13
5937
2
4
112
7
245
15
1
201
17474
7
104
2
2
2
18333
25
2247
2311
815
34
13918
15588
316
4994
31
123
153
457
2
221
54
1678
17
1
10958
2297
1
9702
9392
824
40
14415
14
8
1787
42
133
86
138
563
1168
509
66
1275
5
10698
749
3
222
2913
962
287
13420
807
446
3472
3387
11380
79
1
2510
30
7178
1
15
10
37
9986
2
2
30
18
1365
16
123
62
968
43
31
4676
53
166
4
159
47
31
3194
1423
20234
4
2
11844
271
672
10
522
83
99
2
5
5064
192
154
1544
8363
2
1180
10
13
6820
31
248
2
2
12
1
175
5
13533
138
12
27
79
20790
80
1
17
4
456
101
6
111
465
122
750
23
10660
602
1975
242
3805
1098
19380
91
218
641
413
4568
13
26
134
42
7
2198
2747
4461
11
180
858
2
2
122
477
7
5
263
20707
3
14243
10030
7901
1
304
325
51
70
9
296
3865
182
47
2603
214
8972
3
20324
6
1853
851
21900
91
3534
21
18554
3
176
80
2
74
5043
6
66
17575
607
1000
254
4
7124
21153
5095
33
554
8
17
888
336
3802
9
221
1032
4230
25
448
263
287
94
8578
547
9
15
5520
894
10542
4
120
3
496
1
1
6
764
389
2934
5
35
3
1
1787
150
75
408
7
16361
4724
244
109
2
1207
466
6742
6127
90
103
6466
2298
13678
2676
269
31
10
19013
96
623
3
7
19
2
4748
31
1113
4621
646
3873
2724
1
2
10279
57
608
8936
90
5473
13
2
55
6958
2
5712
17128
21
476
584
5
2
275
158
779
376
5
245
6
740
144
2
156
1154
2
36
95
21629
26
224
262
1
3081
731
25
1
3
14192
88
1725
145
8
9
5
97
8
23
13
818
6
16
130
2
6706
12175
126
37
67
610
10
358
1396
329
108
1
2557
1376
2
2
3
21
5459
88
3
13003
6212
17598
1417
4
15
50
1621
68
2720
419
97
17
239
3
36
1630
2
2157
466
3
3020
515
2
120
75
18
18879
7897
39
160
2
73
36
38
13
16
79
12526
6617
2
24
14
17219
128
1111
1798
1524
13
3405
72
832
1970
115
2452
68
71
20
2
137
51
3
188
6
48
1728
7
40
1841
2853
267
3
1213
323
1027
2
8821
1
18
646
827
5649
39
89
2269
10929
1
2
3611
30
6144
1940
4
1277
1283
206
192
14
42
17120
526
2
14
1000
3268
5569
6802
182
33
119
188
3672
823
2544
283
48
5616
1
775
537
85
90
779
2
6011
6165
32
642
13
5
3077
63
3198
1
585
5021
152
3136
774
26
5123
16325
97
12
1636
5
4
32
79
11
11
2
174
4771
7206
2937
1035
45
222
836
20836
9
6558
1646
61
1037
2
55
20225
1345
4231
9
1263
23
2
2285
16
14161
256
93
41
1484
6284
16
1150
25
217
131
13
2826
16427
1607
9
3
2368
594
488
627
50
20624
1
76
15279
6
572
7235
55
17
1
2652
2
8724
1140
30
35
25
756
2624
12957
9
10
12
1950
2
1281
505
2
7042
377
225
18
1171
4
229
24
1081
830
2400
123
84
4
2152
11
3
3
1
655
13
5691
120
1100
19
24
2
112
107
5961
440
3133
2
1979
977
43
6141
335
2201
1191
177
1397
7
3901
12
322
1
11
5205
5282
20216
5079
6
4
1
535
687
20037
2338
1
8322
4
1
283
3260
134
9383
276
1133
10
10779
16493
14319
45
109
4
1368
6
7855
4434
13
1964
3549
148
551
207
1178
21295
10
411
2992
15198
2
4066
13
915
813
3723
3491
7
1
156
5
3391
6268
48
11
2621
71
303
1277
4
10
3117
48
1038
16
132
6
7
1910
7
1
2289
3
74
33
1
5848
313
18703
90
108
13666
42
2788
3690
4
13467
7
71
14
8
38
65
153
20424
583
19
16781
1343
19
19
10
8
2163
4
43
542
912
377
241
2
462
800
12
162
1
5495
22
11395
5581
2
17189
2193
801
49
3
25
11135
27
29
1486
268
21
2196
234
30
10997
13758
1
12
271
4
8
1020
553
8
1117
5
10636
86
4833
290
106
2010
4790
8
3
204
2564
13563
135
2
5697
1039
217
2596
1211
3644
6
278
3
18309
3032
551
16
158
3
1
19
17113
172
24
16
357
5858
24
16
3
1
1
10
171
5724
12289
3
5
13874
8736
1
3
2996
2
2
334
867
6
15
4695
200
589
130
95
885
9272
356
279
8790
206
6
454
73
232
11998
32
283
62
1426
4674
295
4615
114
6
4
7922
6936
11
234
160
53
4
222
1954
19294
30
4
23
728
21078
86
437
16537
2326
438
4
4325
9
205
10674
198
1280
370
2
1
45
34
511
9
216
5468
3641
404
378
10
21
3
9
8100
31
224
1141
2552
3159
4
16
6596
59
873
2
212
11646
6933
12
177
8677
6
1128
1
6
45
2711
136
5254
2712
836
51
4
5
1229
491
15
58
1
12202
144
48
2
5
12
2
17
259
87
605
12057
16714
567
54
360
30
1
9425
42
24
16625
1
18862
16804
8
1629
82
16231
105
14
2
18
1
112
12083
270
65
324
1980
18787
193
5788
12
1171
8
1076
91
544
8627
214
44
16
8057
4
5781
477
1
4
98
9
6386
18
4
31
5934
2
5
17
2
1665
66
2097
378
16670
908
6
4157
805
2799
34
12
813
159
14441
957
1287
1750
17
199
695
30
1949
943
447
11075
9871
68
17044
52
1
294
9
15
1135
3
992
5476
11
304
1044
3
1
39
133
3007
5
20808
890
475
250
61
32
1
501
1711
1059
1
9214
457
219
3056
10533
2361
35
734
6
12003
493
4
3
9955
10
53
4
316
2
3
3
20
1
8841
43
5168
8423
717
5
30
15560
10
145
7
995
211
4612
6976
214
72
319
9924
10468
153
9
1
9096
1586
3
4
384
14492
38
2
965
163
2268
714
140
1
301
69
900
504
724
1807
16246
24
7051
559
147
67
208
6
6529
21
72
2283
4915
8089
290
1461
3
3
1301
36
67
127
32
390
9
50
1655
679
137
730
17
7470
8187
26
5
2831
2315
316
122
13887
166
4
73
8
9100
430
8430
1
47
32
31
17443
9
2
8260
1
206
2
420
107
1704
6
4693
23
53
542
49
409
3538
1092
2
4788
2789
152
10
64
15238
5082
1103
3451
18390
1668
2
9263
8
7686
34
1432
20
2
9
444
482
2
1266
3
140
381
92
125
172
1
2
1
14864
11918
2
1077
3545
8
2
200
4003
4
2
78
6
273
19
6748
7950
60
2
743
24
313
3
92
75
16420
608
954
1066
40
530
67
7908
468
1287
63
1871
737
127
7293
69
76
8798
13
7517
1
121
10
1107
1966
474
13
39
1011
56
6312
1330
9710
3181
8132
662
637
11
374
6
88
35
57
694
1121
1111
7
3309
9206
4
3924
21399
605
40
8271
727
8755
6273
6411
277
2
4305
8
27
677
3
11
3
3266
1190
4
9
3
88
151
6679
1
3
3815
16522
22
377
29
12
1885
126
878
11
72
26
31
19
5301
763
3
244
10
3
7
15
1
35
1
82
1308
2959
5
4
41
115
17319
4656
2758
495
14079
1945
13414
83
2164
379
1421
13242
3142
1578
8
83
13825
1311
3
219
20
3240
15505
11
5221
12
250
7165
2
214
35
6338
8658
1
6
3829
7
170
1
25
2424
34
75
45
10
166
28
215
6434
1682
10224
8
8976
22
15
14798
20
2
4406
135
2
6243
7
1245
1824
165
11451
107
7467
13
4321
28
5
23
2
7
6
17677
1236
42
2018
48
7152
99
10482
3971
2
248
219
4267
223
7
18
43
129
23
35
511
1
7454
362
2
17700
617
2282
2
4
5
32
54
2001
1027
20985
211
13
2
709
528
8
12273
10
3
350
5
1316
19363
3161
1863
10324
9020
2038
1
36
539
602
1062
8
190
24
213
4
4543
1475
2980
1232
367
134
9438
201
18488
6477
13899
7669
72
215
28
15
17389
2
132
7073
180
4
32
130
903
2229
9
12
5
54
9
3675
2251
16
4387
4977
152
651
18
936
497
26
5159
2466
1928
29
2584
10
1880
534
16
4
87
17771
59
494
90
2
11
3
5
12532
2678
4
6
8
6089
21380
11
1223
4198
18837
436
19579
4398
103
319
1724
12
442
4697
3
986
713
135
2
187
34
17978
18
19183
3258
6911
203
3366
48
50
2270
8716
9
9
295
11159
4
548
10
1696
103
1222
202
435
381
1
1943
26
9375
3
33
10
7
1
152
4350
2793
3437
28
45
6503
3
121
5
72
14
41
32
256
8
8643
17
44
745
2045
279
3047
2811
156
6259
875
689
22
4037
2
528
2
1176
12
2366
4
20
17732
13
4
3
5561
84
604
104
1
15
478
11031
12116
5
3677
2
4
23
7
16
392
17
1
2
29
3
81
8000
12
7
77
151
2342
33
98
4
291
9000
177
8
10
100
1106
2120
1576
59
97
3
1
8
11786
11056
703
12853
918
33
11349
2
567
11
18
17
385
21715
2075
100
29
3
31
7
65
965
32
2410
181
4344
5
3612
649
9
809
1
39
15988
1844
13
1227
5
694
15
4062
126
1866
227
923
710
783
51
87
6
88
131
290
419
14
17
87
1802
1319
65
6298
290
3662
1199
8445
4902
17
1267
3846
4596
7
11294
387
4
60
97
93
2
250
2704
113
422
2
7
5619
7
1
332
12482
1029
3
261
270
1376
4553
34
105
1362
2
15218
10384
13
748
1409
3
2903
73
2
7117
56
103
53
7
930
5
179
64
545
4602
299
209
474
12454
55
155
57
26
12
983
521
7
161
150
4
72
3253
3124
34
4
712
58
2
8453
20
11244
2556
105
8701
6724
3
2
4679
2014
386
10398
47
4
1
10075
11
5
21
6
4126
937
1482
18521
2184
36
934
12
1
2
252
1378
862
439
1
7127
2
37
205
197
28
973
5389
1
21
6290
898
6847
23
23
375
20487
13461
972
64
8563
7925
3
17
201
1650
19
1
10430
8241
3
879
1231
233
2971
1284
37
1956
13588
7007
11682
106
2011
7
248
5471
3147
8
2
3
1914
2
3
9064
3
1
352
1905
15
285
961
1451
9
1286
612
2380
744
1354
92
84
2
178
48
4906
20
126
1600
5367
25
7975
535
7
17296
1785
198
15395
14
26
276
5
102
1364
46
1589
185
6
11
46
58
945
908
179
2
189
131
1
545
233
25
4523
917
13
2657
2
1010
1
2
34
158
2
471
28
106
1266
18268
103
8
186
7
116
13813
6
14
607
11594
222
3
24
81
2
631
336
9
1
15070
2
30
203
4
19
8
308
9706
97
2172
127
1106
21
31
11860
143
675
66
3731
458
899
1120
16181
17
2
16023
3
93
1
5
1055
49
1123
10
88
13
188
530
21456
1246
96
2337
14377
763
24
3
14
64
4750
348
1006
14
3330
99
21238
4
15769
1831
1
914
175
388
7
111
1114
18
3
3104
52
65
6078
78
8681
373
12
15484
745
2
581
1090
227
8
4334
2
1
2220
1591
819
3230
12
3
9
13
66
2734
23
1935
1
7968
7
25
6646
1
117
6
42
6463
19030
47
2437
4841
2
2511
9
11755
572
39
472
1189
4
1
2578
1
37
1
920
8620
186
3
15727
1
45
294
285
312
259
1
2103
21097
8
2373
306
28
2314
5061
3304
2032
343
17335
188
4
893
506
16901
144
608
8559
1654
57
1221
2
29
3718
997
1
8
43
3792
176
3
7
3
4
10982
263
3443
3
6
150
249
179
313
2
4
3
158
130
20
2525
14943
47
17
800
1322
1125
15327
448
700
638
9363
3877
12
7
9404
81
244
6652
332
21
3
9
227
1616
2
7323
119
332
51
15
412
50
1
39
370
16508
46
517
129
1662
15629
1072
2863
1
1531
72
4149
1167
8
11734
2486
2390
24
1697
314
9
1334
79
249
25
255
3
1288
30
157
3071
3166
5240
138
5343
97
242
705
6
91
1
170
4
52
563
17645
7
3
2
3115
2
16
1250
71
1443
192
8525
186
22027
283
1
512
3
5456
10044
184
407
2072
2174
974
92
124
2320
11
2
4069
6198
1336
17724
15
250
2457
20108
27
14
1500
6
25
4
4
3
388
10885
5145
16566
2819
170
8143
5437
3062
18530
165
1
811
65
4245
1
4
988
160
2735
3
11456
385
2
3560
76
284
28
80
66
6564
971
4
4146
86
43
101
71
22
1003
148
12094
264
85
604
494
147
32
25
674
19
1086
586
19798
3149
738
487
29
1929
9684
306
161
433
279
1268
2702
2508
2
987
8
4658
872
12985
2
2
1
9719
11415
40
4352
2181
1219
5104
5
135
869
19
1
2
3547
27
4
14997
538
22
250
26
18
48
59
8654
1
174
18795
226
114
82
1380
299
7
150
37
1197
15
6844
18
2
1
1044
143
19
14092
34
5157
13
2
4
226
1749
5
5
23
1
11
101
40
134
15457
2488
2587
711
30
8
19
1981
135
1221
19
208
728
737
3
2422
3
18587
648
770
320
45
76
6027
982
1548
4988
15
74
15867
795
58
82
3178
3311
88
5231
17970
31
16863
1588
179
4
3
1149
8479
2429
7
18
70
66
82
4
6084
14
6152
2
21590
2526
9450
490
67
3
4
100
10
49
2
327
8
1264
6
7
8
2
2555
13
2477
4666
19311
21
11
48
1
1447
51
52
9
1
13
7
6
5
3525
2810
2
3
83
357
11284
2
18845
137
138
55
2
1
3
6
45
4
235
136
12997
1236
334
1677
20
27
3
791
815
7
3171
17
537
4
7929
16002
3872
212
109
8
38
232
904
2024
28
7437
2133
634
8
3
17
29
11971
1
106
425
1200
34
521
3756
1184
5547
337
853
8
2
910
40
64
7649
9124
3067
11792
248
1057
162
2
16102
5908
2244
7222
6942
3
7155
153
655
107
490
7035
11517
16303
421
3
186
6643
5
1327
6921
144
1400
1334
4
970
10851
59
140
541
69
2
15144
3555
68
180
1451
11548
704
15
13
203
2
423
18018
44
730
1573
7158
38
59
2
575
20948
3700
3
709
4455
2643
128
14230
224
8
1317
1
166
59
7500
8
16442
120
211
98
222
4075
3664
46
14582
113
205
9313
99
55
6
4758
2
1562
31
550
195
4
12576
20606
6
2104
391
6899
38
2
272
142
10
376
15
9
9
6257
55
3
11
404
1355
775
18971
5141
1722
9
1138
1
7
3519
2
14364
7
15225
17
3
54
325
1704
4
2
643
103
202
251
11
2
105
9620
1635
271
69
11
195
32
37
17
139
2
165
2
4782
39
7652
15
85
15664
117
5
385
744
26
95
867
4
635
1416
8728
742
58
16
8003
10269
4
1520
61
247
2230
7
2478
3
4
11046
6460
6787
15
132
1180
22
610
92
12
82
16347
309
10
7717
3005
921
2656
16811
4
58
5
15
254
229
11
11892
12
3
2912
106
21
57
1205
10
18571
6160
247
13148
772
4
143
11992
19
29
1191
7
1992
27
6
21286
45
1
8743
2
146
649
5138
3
373
2
17029
33
3
30
28
11913
44
2
15
451
17994
1293
32
3
62
8147
5010
288
10
1707
1133
8028
966
236
1
26
23
902
71
6397
4
1204
278
4
4
4
4
205
6157
3274
2109
182
4
3
21
656
53
8
9
84
14453
37
29
109
2
2
57
1
7336
92
1
1
3
9
8
373
31
2
3417
65
5
34
363
153
4704
28
158
227
14473
335
3
2
4604
7
5
18480
2176
20153
1452
4
6
12
26
1321
2909
1089
6304
10
6081
4
19
2
529
2446
109
1747
27
10
2052
196
469
115
5
5539
16
806
4986
376
21
1876
12
210
304
34
1
1325
553
3478
93
1530
2680
7904
12
9
75
1
3
18
8042
454
2983
6
245
5273
2561
11
21
33
5
36
23
962
2071
6682
3280
1412
1
4
5
19
4311
116
10746
5
2
2
45
3
368
42
13837
1155
107
2683
1
122
9004
7
41
20976
3
31
1688
4
685
4
22
32
889
70
9044
2
370
14313
14042
16
100
5
3103
286
62
2939
2026
57
3
3
2
329
14
1740
259
9749
3029
6
429
24
220
86
21
67
7
14
73
13
130
1
1178
27
3506
806
106
2
1
1
396
1
13
177
3100
2091
209
6163
4269
12
3
62
1552
41
120
264
13992
78
913
9239
6775
17265
3946
7
389
3318
63
719
1170
7287
3494
20
84
26
4
14
1921
13709
4
4
37
1846
1852
140
3
12224
7561
17
5
12
9
20261
9471
147
1
14687
7251
370
716
3
2
2
4
111
3858
61
59
2
564
8082
42
3384
308
66
6332
156
339
42
70
3
9889
160
1
27
399
18687
43
292
6
1270
1
1412
47
4519
1
6374
73
7
123
505
135
119
2025
4
10
1938
540
216
11902
506
5990
7319
79
60
7162
245
641
1965
1257
190
34
5
172
502
405
1447
46
3911
144
17
146
13289
11
4712
83
1883
2
7
355
843
18612
18538
2
2
416
8078
632
45
3
32
8
38
155
136
70
1567
3497
80
151
8
1
12426
61
541
9
6
8
1
6
3
45
42
132
20064
5091
1
3399
469
2
17
3211
571
11
24
15
13384
117
1364
15678
324
1975
32
1
1
1839
56
6
334
15881
2956
5
20
6076
11
21
6
12
1
65
8521
11
2655
2880
59
5
4
3
2128
14
6
212
10
4557
5689
839
6866
2409
3003
70
2933
2
9641
39
4148
70
9177
62
22
6486
34
4209
143
9
1
82
49
6106
4153
79
554
27
38
3082
2
32
6
42
2
7441
7961
1881
2751
5564
425
63
2434
9758
199
2
1
210
719
3
103
10
260
6
7659
13721
7
217
3
2
9
10
63
10
2
4
202
682
14180
463
4
1164
168
166
2113
2417
15010
1019
258
3
10
74
34
78
11724
753
89
122
2
1719
2805
504
214
9321
1
9
2
819
56
4
1927
2562
1012
68
98
19
729
66
3
8810
1
4515
31
2138
2
145
7625
1714
14
1847
1542
66
9141
1
7095
61
265
569
1537
710
1528
9518
272
1
1649
12
499
9
2
2111
14275
930
3
412
67
6
50
389
10646
2
2
19
5
2431
13
1955
288
177
8460
12991
108
500
330
145
2
543
2769
3
1314
10188
42
40
557
1837
6119
869
69
11955
3140
7866
6
156
3
3
241
24
389
1548
90
155
16045
487
44
792
5
3
437
202
335
83
14595
826
3716
853
6
1
129
1746
16833
12170
11
14
64
8774
1596
21
44
27
5809
1720
43
3
118
3
3099
8419
59
1786
2659
956
77
5979
19
5003
995
11324
4412
1252
6
1026
16
76
8382
154
2165
8
8
1249
41
7720
13491
354
3
12649
5843
355
28
8039
3
233
821
125
1822
1285
14460
21437
125
5
13
48
6
2
4188
294
1069
5
1911
2296
20
97
19260
23
64
1641
1
181
5427
19
1
3
2783
129
11
275
837
8337
1
260
3078
87
6
62
4
32
8865
5942
14576
20
98
30
8
2304
419
18415
2106
16009
12
4619
43
23
53
4706
4
2
1828
5
24
539
103
6
69
1
38
107
924
113
240
2692
7
308
3
8705
217
14
2606
19
115
812
5
13166
3
24
5
5
10
1
6688
9535
694
1870
7
2
8
6003
482
11066
39
4582
629
4746
23
904
5
1239
38
34
90
10
8021
7
2
180
2
1583
1363
7
1592
12421
13049
3
404
68
12666
2
25
2638
2
770
9501
7
104
16544
2293
3
2930
432
18662
11
216
1424
7365
4
25
12
1889
10463
5639
680
4373
19816
877
20126
11095
216
11
2813
9723
1
470
9
2458
1017
151
9
4438
150
2
11189
350
2273
321
5413
3
258
23
21
2
41
164
13819
239
953
4
49
17
8
19877
3697
2
2636
7
164
11
3
164
1410
3441
6
6
4
3
279
89
98
39
18
1882
94
107
3170
1508
14
1
2379
3
24
2
2
1872
483
3
178
4497
11
3
132
5127
18604
1
18138
4281
3
1276
184
1680
136
579
1
70
2
8
462
18
48
21504
50
101
37
4743
5
11543
34
799
1776
241
1247
175
58
6097
4511
2
8
139
1587
1021
171
5
47
15
1
431
12
17
523
10
896
1
2530
248
5804
132
143
7418
7
3434
48
3192
2
814
37
2701
6201
6745
10496
436
126
1
12
4122
2
2
35
20
9509
38
77
6
3
2
2
52
108
1625
6001
7
723
3
81
2416
6248
294
118
2
6
2610
3966
644
27
2386
914
1247
912
8
104
90
20
129
33
61
44
969
15
7
2332
20560
1226
10
836
9388
226
379
612
64
2
7464
194
2116
298
25
21523
1
1194
1
11
53
36
3819
1132
1592
1
7
6495
5
38
42
7
2
25
3
3522
90
22
1732
311
38
8111
1
3277
36
15272
2
5113
1264
30
4
1795
877
32
372
1
2
5280
1768
188
3
2839
891
14557
35
3962
89
20
37
71
6
206
6
98
1
243
2
18803
10
4
148
7936
6
3
18
253
58
52
13
4
5
732
1
7
25
3215
8
4096
578
13078
17740
9120
5
30
139
11400
2871
592
943
2
4487
2
173
2382
89
896
12638
131
39
512
2714
18
764
2670
53
8
22
595
196
1051
309
7731
600
31
5
2
1
2
6446
12
37
176
7
681
18645
8
2
390
2698
593
12073
2
6
7577
21754
15
21744
965
1338
1164
2136
52
765
33
2951
561
3
51
3
7297
220
10338
52
9413
2891
8
8234
7310
351
13911
10585
15
2
11729
95
181
2
3
1618
1217
1772
5
656
1624
7
52
789
862
7632
3285
44
28
1951
11563
72
7
11
9
44
21135
3
21803
11
155
8408
2086
526
1498
1157
1214
112
48
2
1
10570
118
1702
11
1349
653
1033
28
3088
13924
609
2976
2950
2836
63
1
1116
1660
8739
10
3205
7894
6
1015
3825
1
721
563
236
21773
10129
2952
211
2
40
9
550
2635
155
4181
16946
1116
2242
2864
2
16
98
2
18026
9
600
12
5
3753
70
20
313
701
21581
3992
194
6
25
5525
5
1
74
956
4
18988
19346
5
17
12
14
2
49
248
26
2
16016
8
41
146
11
39
10
1272
237
9937
7
10608
15306
1
8205
60
307
77
11807
31
2
3
8
8
7342
4
9771
39
2
3
3
2
3
115
21
3
1
110
187
2469
12
22
6
3750
21
2019
15409
4441
113
736
110
382
5
1443
13319
23
42
1179
19931
254
6945
16030
1378
205
2006
346
14
38
4735
12
18980
71
2
21
124
1
3247
1751
5
5
7755
3
184
36
901
15
372
522
7457
1
1482
408
579
804
7608
6915
142
2965
1
169
48
560
706
14550
3
47
108
10
131
2
2439
18
6
1
11708
1777
27
10084
35
51
1438
1291
20
193
4073
89
339
49
1
1
6
10875
10
238
689
3468
7567
665
245
4473
5483
5
1
167
56
311
96
465
28
342
42
178
79
3
5817
570
10260
1
6182
267
4
46
4952
1
46
49
17827
3
11
1299
171
12164
39
106
117
287
639
13
365
10
4
2
11
48
5
65
200
1
316
13
2
3
22
6
2
224
222
5
16
10228
7
1
1
12
16260
433
3746
1157
5379
44
109
2
3575
4226
3449
3
401
55
2
56
2
168
1868
439
77
2
2
10
180
1
1
7
17
1555
18
1606
77
4055
110
7146
287
4172
1
1
857
1737
11
105
17311
10008
10
112
74
203
309
152
2
274
64
9060
9
2
1374
110
21069
78
4317
325
4850
3897
3880
5
9779
923
3033
10
454
663
148
1
4
2733
405
2
4521
12
13090
3197
13
10
6041
123
6245
451
3
9048
285
3790
124
7
7
23
17
153
15
2062
5
627
2519
193
6372
21447
2
1100
558
3
16991
6
20270
10311
3438
1253
71
1
4277
25
278
1744
2650
8412
3
4290
564
2339
291
68
1083
5579
5396
1
2
1
674
4
18
29
3
13
1040
2036
1
46
38
1
4
36
571
35
225
651
5
252
2
30
4
33
1145
13
100
9218
68
7245
19
70
1
47
26
1752
49
22
1070
7
555
6
71
74
15924
31
44
12110
5659
12
1474
424
5945
66
2219
3813
50
4
1
5196
13
126
26
12267
19
9
6
5
22
10
16464
248
5735
128
67
12768
168
14174
12062
415
1361
2
174
88
9350
6
7029
9
80
14897
2
17
366
1623
1478
81
47
5644
353
15959
50
323
290
6
2601
2
495
102
194
322
13
11070
19
680
105
18
424
180
870
85
14421
2563
1705
13
11
11876
20716
1
21552
1556
14
9
1
8274
4
2
300
19536
506
4578
2210
284
7316
16999
12
4
6
231
1
21929
6
566
2
428
10655
7
902
2292
1166
3152
1169
4
985
2020
6
9942
7
6
2372
219
71
4026
184
6
3218
2162
3885
2
464
17
2
62
145
9
21
3
66
3
19
4
6
3
57
234
3
684
1
2
4
14104
3
1813
791
14294
3
14
12
960
4288
6709
54
576
2
1152
487
5
23
202
5
153
13
11651
17
130
116
3
1431
36
1706
1480
525
1
3337
3063
243
253
177
2179
3
12683
1669
5358
1875
1
26
2
2
2
3075
1
16296
452
31
113
8093
92
4170
3
3
33
2595
1
2
6
115
416
272
2
270
172
21
2
723
7248
48
2674
19226
2
61
2329
3
12410
350
115
62
6095
8837
2
11090
4087
13301
6
13
22
7313
532
17
1
78
4355
2872
119
1984
1
863
43
207
917
8
143
1
3
3367
3896
8
91
8
6
864
20135
14
552
407
89
3
11
10
8190
6
44
2
19833
352
304
170
1243
5
11
4060
320
2475
1
1546
9
19
3
11365
3
5586
1
1096
7782
2
50
91
4981
7219
190
60
4689
3455
18
19
10138
16
64
16
4
8685
4465
380
3943
5
57
1422
83
122
23
127
9
116
101
17014
281
20
12621
724
35
3376
52
2107
142
3
7703
5398
854
131
17
5958
316
85
33
1
456
7
18937
27
1
14409
34
297
319
19597
10454
30
3834
6506
15252
2
3324
464
104
1
6676
111
22
2398
8
10575
7918
36
1
19
167
107
25
10880
1174
693
9880
37
269
556
128
14
30
309
1
8
3
44
46
153
3
19
19
8249
258
5505
107
123
55
7057
940
153
1
3001
3688
193
8
52
4813
7574
8
5571
4
13271
258
63
54
17
1
1479
2
96
21
7507
7862
5
81
3452
658
1663
13
20
9650
3
213
102
9296
4633
3402
3363
73
832
112
2
48
57
6
61
110
14
43
26
207
107
1895
8712
14
38
1182
14
19397
6
11
15
19158
7
88
24
2908
35
8540
5084
9854
1
13624
80
1179
9603
4035
1396
5
79
10
1304
2
943
80
20
1
2
3
94
13055
9
91
6116
507
2
15178
2
15
26
