7736
83
42
1022
3575
76
9
1
2
27
19
308
8429
1
18
7
15
1
2508
69
1906
331
92
103
2
14
13
11
18
3
434
804
45
21528
414
2944
1517
130
3475
25
18449
36
4
123
25
4
31
827
6406
11
705
261
1569
5
134
80
10
5
34
1120
3918
3
36
5
54
162
145
49
3012
10595
15452
1770
91
2
5335
1424
2
1
73
2125
2480
1
21
640
3
259
3046
36
10
79
225
114
134
2
297
9
363
91
2581
168
13
125
982
94
21406
927
999
2187
13017
18
2
19646
8145
52
7561
166
36
1
101
9724
8874
5913
64
4031
1
2
12
15
154
3
211
33
149
542
960
12506
7
6
20
151
182
246
105
11348
9184
1
18
57
11947
104
14
29
5366
114
886
2
328
6
6120
113
231
61
6
24
20
58
128
3
2137
1
15190
2438
5
70
16
9
5947
3
10
26
16
213
185
15900
11
7
2494
96
62
18032
11155
13
45
6
2007
3
13783
9132
37
2733
7182
1552
14021
146
48
9669
4
1
1249
3721
533
333
2053
3189
82
229
205
10
512
21
7
2
204
391
109
412
2
16176
3658
88
1578
26
1315
8773
1400
3396
1179
85
93
13471
141
18
7
3963
11283
20802
1543
3
147
4
3
7
220
7605
18768
322
1
382
39
6
6480
6592
5490
174
1
9
17524
2263
141
5185
10475
14345
1
15
32
1127
1917
497
6
1337
1588
265
9396
189
462
71
5
12015
53
7348
2596
3
7
5
3064
965
23
1
80
74
60
361
1
7141
3851
95
3207
3555
4
22
1166
49
2
200
18239
842
2
1962
218
60
72
48
1
3
2
5
197
24
145
2089
2
2113
5
20
2
1853
42
14
1058
4
299
551
5039
11028
1615
670
717
10779
16
84
1
2042
1213
9
31
7223
127
19
3896
84
8925
673
5
2
5010
13
19
4953
296
3338
2927
2
881
6
31
8381
4
12
1005
1
3
1200
14
944
786
3357
2717
86
1491
436
2
14677
3377
28
8
4
489
697
3
429
28
4
18
8
9
21
4
4055
3
6016
12364
20566
5126
172
3099
7306
6
15
3
4
11677
1
444
3263
7
21776
26
1322
85
258
193
61
309
2961
2796
4220
10
17030
4078
35
11
1139
337
367
658
165
12650
12
2
2
16
1070
20922
12435
170
359
374
3700
6
7265
241
59
112
10
99
12293
23
5
1606
515
23
3679
2
1984
97
273
6630
119
12
866
15103
286
574
5
530
2
475
72
102
1
4
12
5396
567
9504
3873
50
31
2
55
39
1207
32
2
777
10122
12154
419
9
2077
3029
615
8
5681
3764
126
9
6
1089
49
16083
3
19312
10356
15992
5714
3
1064
19534
3
3117
159
2
1353
107
1133
15
7
3319
10006
56
1
35
654
799
18661
1895
237
243
4
73
16268
2
3
184
40
1046
13941
2
3495
1052
6554
9836
1173
116
2
13
12869
10717
398
152
2250
2
284
28
755
50
18135
8
32
30
47
689
10902
1
3
4598
15
10965
24
5
2
1107
1376
372
1
3
764
27
8
464
98
662
13166
1
58
3
2
896
681
2452
291
5649
20449
4
3
65
138
5214
2
5
3
3940
163
14182
232
9
18
136
49
7915
161
45
2
5
11
8
13626
7
405
10
2355
11610
709
17
62
111
11091
42
2
2
2
12
21
24
9080
5846
282
9893
618
89
2369
347
742
10238
6
6940
19202
17
3171
132
1
1525
2
7
72
1
5
651
10180
306
6085
8
52
66
4
271
9
14264
4
26
203
2289
1408
13
2
117
3300
4
15
125
3
38
274
6155
2
4008
5617
3
590
6517
15720
15
1457
4
234
4678
1028
34
1
5
6
3
67
5
3
17424
5067
19
15630
14931
6370
4651
677
3
431
13242
11
18344
1
59
521
256
158
4841
15017
13
262
12
564
227
3515
16
164
6190
1
180
795
6261
2
8239
45
5
55
75
19
7
343
481
15541
4343
41
137
60
4
2
1345
3
65
1863
7101
524
27
22
4
19423
75
3416
6
8006
1
6668
385
17
242
7
100
16933
1760
11
2894
44
611
6
87
56
8723
2424
12
6
21901
632
14428
108
12223
2
4
222
43
4759
9
2018
3
10
6297
1
39
28
38
178
17624
29
40
4392
42
171
12795
14
2656
304
181
2611
19
44
56
8333
7692
454
685
4
18
95
9237
5
268
92
4
13318
202
10297
580
63
3535
2
16550
5
20
77
107
2
7
8
1780
472
18
317
3
1652
3
20
313
1
2749
954
4318
1
81
88
10064
34
87
198
1874
2
82
289
912
2
1449
1662
2
1973
4
292
44
144
545
407
2764
139
421
597
17
4125
25
64
993
4367
1821
18555
2978
46
734
949
199
3
1227
503
725
1
584
4
5
4624
9
7
500
2
2671
34
140
1
5096
2466
216
11
4
1
451
1681
35
3
16362
12722
245
3282
89
5
33
212
12084
1
19872
353
11
83
77
1561
21652
21042
33
217
5244
2
16455
183
1
772
70
8
3616
61
729
8
9343
355
103
8192
22
2212
6
9
494
4
3153
2
1384
4
30
330
4813
17
54
1
647
751
2162
2
281
13
9614
4443
25
53
459
5
7
5427
1440
2702
1330
294
7825
123
13
3
69
169
2
1034
6
746
988
2537
2877
1634
6
380
561
441
4520
10
207
43
2
53
93
14510
3
65
738
387
1
23
3
5
1
11
558
253
1186
2552
1095
5
27
33
3435
876
24
15
30
7518
2
21
41
25
29
142
10
76
6226
41
120
1730
206
577
4869
2
37
2626
8
19986
5
276
2237
424
3786
6
1
4148
891
409
10
6
861
11
21284
38
17226
14
2
5
130
3
28
106
11744
2
1016
41
938
46
21
8
2
2
11879
5780
1
9450
173
345
14594
759
33
19
74
1465
1508
4
1
4
7870
75
3
15
22
8
2
8
11
22
2780
3
4
9
8
4494
267
2
22
6900
971
2315
58
6
115
215
8526
30
8
16740
7020
813
13704
1
13862
14
4172
6861
94
51
4786
66
1285
55
12
335
1278
17324
15810
116
439
2
2686
1950
365
10
341
7433
1432
837
186
153
2828
2
19
1
594
5274
5
3
13
1392
54
548
79
195
539
1928
449
238
2
17127
1790
2
6744
2329
426
11413
4
5521
32
13548
59
4
9
23
1671
2910
22027
7
18
781
2
15
29
9
1
26
7
396
3
1076
120
3455
8976
25
1159
157
7
13
96
2523
118
16
16645
3
223
8286
53
302
608
29
2844
1624
4704
10535
6
5
2
1482
18876
17827
1082
287
3
279
78
16836
6050
3743
210
109
9
21
604
11
16
3135
1011
252
2
1939
39
4
1691
315
1292
100
4897
6822
187
2030
62
2101
23
318
636
14846
19759
3
4293
1885
3
118
86
3637
2
2410
713
17725
20101
40
467
871
16
832
1
2276
3
1146
3807
5
14101
554
148
901
19
44
5585
12
63
2
12578
4
701
768
1474
38
1
15364
1300
78
1368
1643
11811
3226
1720
16
1
135
2
1
1831
17929
6
1
1
9290
5
1597
12
221
1811
26
151
1114
4925
7475
10415
5
10
5305
446
6783
239
8
1
622
81
721
2342
10840
124
2
226
13091
856
5458
3
230
67
818
63
8098
177
66
2861
122
393
110
14761
6333
15
625
68
1193
68
8
4418
17
13
7781
4
133
1307
14
6
4101
1842
2302
8575
1710
97
823
137
1263
14
1101
99
8
2
2065
1256
26
1270
20
1
666
1241
11219
3244
250
5
326
8
601
40
143
68
17
2
106
13394
6980
8
1
111
5155
131
12
37
339
43
7
2
907
2
255
4269
48
35
1750
7
196
357
506
27
38
11
10
3
7060
52
2995
2
4196
400
10
43
51
2
378
320
30
933
128
6
4
2812
249
160
5
3
4244
90
34
46
7
14
1
2
570
1220
2
3596
21
478
1
2
23
846
20
264
509
21162
20684
17
4981
16
11
2
31
270
17
2199
57
6
19093
376
4
10
47
11544
40
311
6
917
1
10
4731
8052
2
248
2396
6
78
2224
2
851
456
486
3
17
1
1360
1
4546
10
13
4
8824
191
324
587
1
29
5747
47
5
3
9028
3
1534
2566
36
11
22
112
24
2174
20
1234
35
5813
922
18984
1700
2641
809
1
4
1
2
101
9
349
25
22
5981
71
629
51
3
369
16
28
1
5880
3
492
1995
12
536
417
1499
1
2149
4
13
2
47
23
12
8477
31
179
693
7648
6706
2
1
167
2
50
20332
9780
3
24
9559
527
159
235
11478
14
4
150
20
278
3
3081
2
57
301
155
12942
85
5553
129
1
351
9949
1800
209
483
4468
156
790
188
27
33
1416
976
1153
1
30
6
4
1
121
7
194
46
32
175
51
7390
104
643
403
3986
4
2382
1040
3829
518
70
176
2
7
6443
470
3
8624
190
15277
389
20216
1740
8674
4572
9
37
7
14
10656
8
7961
