32050
33656
42705
34086
42870
30817
42923
33126
31426
33716
32098
37374
35476
41362
35283
41724
31879
35644
39113
38537
42018
41940
35937
38626
36027
31192
33460
42757
30729
36049
31849
36407
39704
39798
32223
38685
35478
30194
40725
42278
30159
39660
35147
38497
41325
39912
33989
40971
36059
40840
35675
37621
33675
34900
35571
37872
37450
40840
31123
40377
33008
33919
37765
40331
32069
33584
31316
30766
34390
35086
43119
30323
31061
41935
36017
37977
40448
32776
35687
34897
37635
31960
30872
35123
31995
36445
32725
31857
41403
33418
32046
37064
40059
30401
41458
31891
30985
31437
42573
39456
34881
36274
31404
34544
40303
30963
41879
36394
37467
38494
34975
35272
39802
42930
39893
35068
36558
31453
41165
30971
34528
33885
41685
30521
31277
35220
35211
43006
31996
32424
34622
41453
31545
39166
32137
35168
35589
38098
32519
31165
33062
42645
32252
41313
31382
34613
30318
36308
34955
34339
30954
35738
41338
36841
41320
33222
36993
30143
30683
42137
42552
39554
33881
31089
38182
31131
30798
34952
37440
36129
40710
30203
42674
35924
32210
39014
34405
34245
33370
34171
33549
41225
35911
32110
33893
42184
36927
39234
34251
36203
35858
30663
42941
35161
38397
36761
36644
37773
33781
39243
30751
39537
42185
35434
35044
40448
33597
31602
35679
31718
37476
42873
31151
36256
36511
42495
37677
42833
41161
31444
33781
35514
40897
39947
31929
41312
38343
35301
36873
38097
31125
38879
43155
40204
35243
41260
32539
40903
31957
33099
31151
34702
31964
43228
40762
33834
36117
40175
32854
34524
35638
31548
43048
32502
40206
33522
40392
33507
39559
30257
38775
31998
30399
42117
31482
37621
38449
31889
35174
30493
35871
42078
35800
31681
39351
41228
36766
36449
35903
42950
35811
40324
31437
32891
33717
33424
40259
38559
36327
36925
35336
33661
33737
30468
36297
42954
36841
32944
34820
32727
30717
33788
33332
32301
35493
33271
39026
34379
37908
32101
41530
36796
31688
41177
37335
37598
32150
32825
36384
39974
32013
32647
32041
36733
43165
42212
39607
38794
31089
36491
42645
31135
31559
38844
35954
31805
41170
31127
40607
30760
32613
36151
35288
33485
42892
31303
39338
41198
35834
33290
34595
42698
43216
32995
36357
37497
37720
30928
41563
35559
42400
31541
39760
42253
31978
37560
37960
38486
41147
42530
35059
33959
31687
36406
31950
42056
32134
32849
34256
31538
31731
38598
33029
31333
34917
35963
30286
31275
40458
33583
42841
39798
39996
35610
42128
36079
33190
36161
32064
33364
42093
38483
33568
30128
37936
30558
37797
36675
31998
30271
35082
34597
31625
36956
36498
42831
31562
32509
36798
34490
33808
35208
41209
31069
34413
39787
33089
39335
30210
36290
31076
35897
31512
31842
31142
42656
42111
31601
35701
39971
40933
32811
38808
40052
38175
42869
31397
32348
32725
40128
41940
36701
40681
42660
35987
30523
42529
39744
40006
39871
33392
35243
39260
35969
40566
39120
43215
37971
32065
40359
31372
33229
42634
32035
32516
42171
34097
31429
31167
31057
31990
30692
36852
36876
36317
33595
40517
40248
30963
35274
33839
36149
32305
42042
36265
31559
40211
37986
34127
37741
30208
42118
40260
42616
31895
43014
36654
34286
33210
39295
42690
38066
35374
37653
32408
39349
42103
38610
36090
35138
42635
32140
38424
30674
30821
35444
30337
34208
40556
30327
38004
32675
42955
40009
37496
43069
30113
30925
37331
37855
41715
40800
41448
38571
36223
32984
42752
30778
33315
32996
39564
33252
32811
34005
36350
34886
35772
32472
40657
33530
37170
41377
37964
37905
35726
34370
33109
30902
43025
33431
34837
33528
30862
34063
36738
37875
37174
34655
32207
33634
34226
43072
39098
35647
39233
30919
34562
31933
36550
31258
32896
34195
35136
35308
40227
33717
43155
36318
38887
33737
43224
32431
34485
35036
36024
41858
41186
33830
33947
39895
42657
30419
30679
32368
35689
41482
35430
42929
39288
42907
30613
37817
31555
36783
42292
38349
40366
36136
34571
32464
36664
42858
42695
37667
42721
34177
43041
35714
34385
36507
34852
38756
41840
32285
34511
41669
36827
43193
35647
33601
31244
41022
30660
34766
33652
35912
35639
30848
40210
39301
32906
36213
32058
36827
42471
41358
39305
34425
31077
36105
41191
38610
40742
37505
36501
34696
33754
41023
32215
42452
36809
33569
32612
30543
30515
31172
30764
40592
40090
30505
34541
40902
33051
42322
35055
36326
41091
30178
33985
42770
32018
40580
38576
35080
40276
31514
31818
31970
40939
36275
30392
34084
35078
33097
39755
32034
37019
41927
34070
30608
42515
35733
36084
41041
34208
34037
36583
35102
30952
35626
30845
36451
33125
39510
31357
36663
33955
39108
36320
31913
33959
40192
42289
32549
37793
42184
38933
35866
31735
34524
34634
39569
40861
31082
39887
39850
37750
30298
39690
35233
41338
36189
41976
33407
40284
33811
34941
40713
32035
40857
40579
41264
40843
33902
39382
36655
40914
30154
41461
33665
31792
39869
35978
41901
40291
40094
33803
33259
39761
39195
39876
32976
34360
37560
34112
32644
36608
33760
34897
33331
33494
37645
31753
38041
31347
35616
34402
30881
38932
35175
33651
35875
40103
36156
40992
39217
41198
33556
32151
42742
42770
35345
33115
38218
36662
34176
30126
41110
34601
34416
35748
32329
35095
34067
31341
41838
34731
35640
38642
32849
31293
32480
37658
41373
30988
38014
32723
36548
36232
33448
36848
36167
38745
35139
34203
43018
35028
34695
40523
33793
41047
33899
35577
32817
35268
31432
34169
40390
37140
36781
35611
35861
42748
43169
36402
42917
36972
40385
34171
43296
35302
31636
32522
40395
42926
37712
32537
34779
31887
34555
37390
41229
32025
35619
36961
30348
30187
40273
39819
31146
34735
39651
31588
36021
35268
36115
32334
42563
31938
38765
41153
42072
34107
30955
31565
30759
33656
32785
38134
34023
30417
34642
34416
33596
35734
36548
39637
33435
35500
42500
35644
39402
42963
34053
35560
35366
41145
36000
34966
35093
34744
32906
32973
38770
39411
41562
32209
37936
39766
32032
38866
35958
36917
33385
31455
38445
40431
35744
33383
36307
35214
36976
35710
31337
35157
37739
32648
30664
36984
33027
35568
36979
31582
34661
31606
32541
36584
30210
37293
42439
40203
38670
34986
32155
31586
35080
41177
41337
33856
30939
34588
32586
32325
34989
32395
41472
39161
42432
33222
38414
35183
33075
31515
32714
32022
36345
38314
34542
31956
42434
43087
33601
32911
30563
34118
30344
38936
36412
32848
39697
37804
38370
39690
34789
38490
38568
38896
40522
42154
30206
31306
30984
30272
34020
40148
41989
32087
38695
34059
37231
38901
38430
39221
38423
31337
33024
30238
40641
33560
39889
33793
32331
40950
33765
33154
31841
34238
32695
40247
33029
31604
33856
35104
30561
34493
32161
33651
33003
36358
33925
41264
40503
36613
30247
42352
39851
33040
33737
30810
35406
33628
35845
31112
35961
33860
34691
35037
32228
41684
36387
31586
32970
38684
34497
31412
32477
31333
30734
41085
33903
39648
30822
37535
39241
30671
33880
42550
30574
42744
31778
34070
32481
32887
31552
35308
32964
38343
38423
32481
35129
42012
33500
31560
30707
35352
40308
33591
42613
31503
42637
39676
41315
35452
38034
36745
39991
39958
31674
31202
37748
32044
36494
43268
39142
32760
31802
34662
32765
37809
39914
34587
38001
39152
32349
30705
32975
43254
34667
34540
38125
36378
36413
30469
37607
40076
31590
42671
33526
33029
39666
42487
43024
34852
43291
33854
32147
42714
30977
35316
37912
41097
37929
32006
32571
30601
34281
35400
39903
37603
30401
36098
33829
36026
42792
32873
36483
33539
33403
42665
32731
30267
30874
37424
39445
30829
38267
38261
39608
40666
33858
42510
33164
33355
35266
40386
37429
32035
33735
30647
30770
39078
42490
31605
37155
32795
37916
34106
36479
37105
40042
40396
33809
31634
32886
40141
34841
32082
36522
38390
33028
36082
34355
33723
34866
31555
41221
36595
34575
30615
31161
39042
33500
42403
42379
38801
33055
30650
31223
36713
36104
34126
36329
34249
40743
31968
36276
34587
36310
37256
42786
30501
39018
34769
32140
37970
40873
37576
35652
32390
32785
43041
42432
39047
41291
39647
31234
34543
34334
38551
32400
35909
30193
34912
32663
36298
32607
36431
38111
30287
41229
32557
38753
30961
36137
30578
33044
30600
37395
38798
43260
36438
33435
34708
34893
36302
43009
30463
38785
41679
33580
37792
41964
34233
36713
43008
37157
31710
34200
43162
35228
32597
30286
40848
35117
42784
35816
38475
33581
39477
30235
40697
34423
32656
33926
41738
38414
31336
36027
42834
41918
38574
37271
30260
39339
39910
39329
33967
34636
37262
30224
31780
38332
41690
40497
36361
37862
34306
40319
35395
36732
35731
35504
38743
39468
35524
36099
36073
42291
38981
34536
38623
39337
31809
30535
43102
30267
31675
35563
36569
32225
30249
38352
36625
39261
42109
42689
42617
37442
41588
39527
39559
36095
36024
37201
38195
31293
42217
34150
42483
35693
42467
34341
34589
37074
34681
36415
37833
42233
34446
32392
42988
31471
42057
39029
32125
42892
32799
31097
34331
39724
31713
38285
36138
34169
36775
39387
30476
36755
32583
36303
34502
32956
33552
37693
32629
33024
39364
32095
41653
31209
35293
39683
32068
36233
34711
39286
39379
33373
40155
34340
43074
30832
41119
42205
39265
34159
33360
38700
32911
34307
40785
37939
30872
31160
41990
38518
35354
32291
41388
34303
35910
33592
38234
30406
32053
37921
34464
32145
38246
34647
33768
34159
42259
41681
30168
31305
38869
38158
30802
35688
35114
42759
34550
42640
30540
39380
39572
36214
34399
41188
35117
30530
39497
33899
36201
35259
36800
31070
36216
36921
33237
39431
40374
30559
31963
37378
35388
34296
43294
35960
30202
33355
32620
43160
37717
38936
41711
34830
37899
42150
36216
35253
30347
31713
34475
30638
30847
41893
31941
35603
36802
36151
41042
35985
31447
32803
32364
37771
42338
35728
31118
35200
40725
39241
38947
40608
40171
34060
32501
32473
40544
40757
33984
34030
32977
32542
30305
36100
40490
41687
31226
30857
42025
37369
36351
41369
31047
42615
32144
33497
42910
31761
35677
38583
35055
34097
34997
37231
39752
35735
40124
41988
31606
33705
37845
38968
32720
42231
36112
34152
34082
30271
35227
32280
33205
38052
35470
36273
39397
42455
37472
39028
38253
37790
37924
32993
43152
34978
36609
34625
33779
34074
35787
33119
39177
30149
33797
35216
31456
37184
32803
36040
42424
32553
31923
34536
32883
39281
38197
32382
41305
40977
38629
36321
32886
42910
33529
35553
41227
32111
34439
32447
31610
30785
32747
37078
36226
43167
34081
36351
36679
32977
37363
36585
32477
33348
31589
37224
43116
37932
32712
38298
31423
40751
33298
38870
40446
35940
33688
35618
37704
41574
42933
30901
41103
32537
35574
42389
35795
39966
35518
36497
39754
34204
30125
34291
43143
32552
32875
35255
37530
35287
34514
40271
31766
42717
39041
35550
30421
42084
37693
42938
35710
31034
33170
42773
33302
30763
35833
39143
33699
40712
42746
35390
30956
39618
33985
33924
42188
38037
36052
32126
32226
33575
38289
41158
38561
34213
42766
34550
37509
40410
30471
32813
38611
40448
31053
30351
36906
41215
37179
40026
38596
39692
31196
39122
36753
32879
39843
30633
37023
42731
36186
34326
40567
36915
39157
30573
34877
42187
31324
32601
40104
35062
32381
32974
31596
36277
36229
35590
36389
37886
41145
38743
37919
30190
39892
39919
33081
39599
42066
32919
31719
41585
31764
34568
38872
31160
37112
33399
40833
38707
36156
30705
38058
31788
33952
38163
42112
37691
43228
36595
42882
35385
34590
34882
30897
42810
33585
31396
34760
31517
35106
37953
34928
41144
31407
40723
33519
42169
32323
36452
35411
33041
38654
30432
41156
30399
38266
30510
36185
39557
32236
34716
38725
40177
34928
32872
37030
32223
36469
32079
42609
37811
34114
33356
33464
38658
30412
42224
33468
36570
34510
41935
32890
35677
32912
42371
30776
32559
35505
31234
36309
41531
32482
35795
32079
34899
37692
31843
38899
34893
34457
33126
43208
33433
32761
31414
32487
34868
35660
42362
35910
34474
32636
41289
37407
37791
30189
40360
41097
34357
32664
30843
40704
35847
33214
36700
41826
31277
32721
36753
34139
36370
30317
42877
34152
34935
38071
40879
41642
39707
42844
42229
32731
34921
34347
34840
33552
38354
33537
34452
38216
38886
30311
34579
30252
36078
31702
36473
38881
34248
43287
30186
42232
32562
34240
33512
34583
41815
42030
31921
40691
41675
41902
33951
31847
32817
32406
40318
35916
38132
30666
41369
34108
36811
31956
42742
35292
35069
40912
30389
30642
40684
35659
35509
34118
35842
31589
36342
39399
30411
32866
34978
38423
31773
39253
40516
40084
35536
34473
42949
32548
30933
40625
37900
33114
38102
33106
41072
36457
40171
38711
31438
33807
36016
42357
39756
37052
35594
31214
40922
32645
32030
43161
34867
40270
42995
37206
33380
32289
39233
32485
31840
38552
35346
39230
41956
38057
32179
40898
35799
32223
33304
30739
42979
33512
40360
30684
37911
36195
38242
34945
37069
34979
31292
41020
30598
40753
40897
32131
32605
39599
31086
36045
34749
35993
34842
34986
31600
38285
34729
41136
30229
34275
32785
33134
36107
42369
31047
34550
33631
34324
34923
34365
39760
35947
34342
34442
30794
36217
38748
39497
38451
32515
31996
32031
33134
42576
43080
34427
38457
41673
35974
33429
35726
37431
39495
40263
30863
35373
35504
36951
31386
30446
37968
35281
42531
35614
33277
35364
33534
40661
34920
38474
33055
34286
36290
39338
30955
37805
38780
30654
41730
40134
41655
35911
42261
31001
31997
37222
39489
36857
31506
35991
33961
32815
43030
41300
32892
40782
40076
40348
40471
39840
36811
34630
37883
42005
34603
31525
31502
38372
34056
33517
30243
32690
40408
38352
40655
31313
32303
30934
36970
33640
36320
36716
39925
30375
42810
38056
32948
43137
30509
32548
35827
40124
31964
32640
41419
34794
33795
34684
30565
33058
35490
30273
31648
39829
36683
30153
30625
33717
42526
32686
37943
33375
37654
30522
34904
32299
33277
38558
34182
31135
39078
37809
35272
36831
40800
30614
32935
37509
41002
33573
32114
30525
32514
35715
33004
33870
37692
41503
31493
34588
32033
34726
40000
32426
31023
36263
40451
39733
41854
33563
34168
32240
31804
39383
35162
31511
36135
41184
32787
41245
31977
40549
33066
37500
41999
34835
35525
40668
35473
31430
30148
36350
35947
31790
34235
38229
41034
42290
39509
36802
34755
32169
34992
41238
38624
32028
34200
42280
39268
36437
39476
37591
41689
40039
31171
40082
41456
38604
37098
31511
40502
36399
42742
35645
37303
41584
37757
30341
36163
31922
30911
35910
31138
37956
35471
32863
40588
35582
39216
30468
38388
40705
32538
40343
34652
37650
35738
31220
35166
38572
41899
39871
31638
31554
33188
32008
36395
36218
35264
33205
31269
36113
34546
33295
32470
34226
34888
31287
31622
41093
43127
36510
41501
30254
30334
42822
35864
32645
35380
41790
35306
43112
38531
31818
36845
32096
38288
39069
32415
31810
31742
41769
31279
37592
35178
30536
40260
41332
41888
33336
37763
39117
35397
31690
32895
41406
38616
30998
38684
33489
32922
35939
30934
32576
30440
39355
41540
39517
34905
35130
34176
33738
40882
32431
33999
38198
42766
36098
41268
34183
33270
40008
35459
30281
30582
42229
32616
31902
36337
34536
32095
36682
32338
36270
40322
36971
32332
32409
30331
31182
42919
31464
30611
33339
34900
43262
40328
34182
31560
35762
42203
32445
34529
34530
33944
38584
42922
31485
40856
32640
41906
33454
36382
35333
32440
41756
30479
35789
33714
31368
38501
43066
41171
30482
34876
41954
41479
35831
37127
40880
43198
32502
42517
32853
31015
31647
31571
36168
31407
39519
40442
39501
35685
42411
33622
42692
33141
33788
41964
41232
36637
39701
40115
30842
38123
30588
36481
41793
36424
32341
30692
39671
30509
30749
33039
35085
32667
42277
41294
36966
37540
32298
40173
42326
39159
36227
31299
39750
41269
39695
33377
32375
33820
37770
38532
41261
34918
31569
35828
30186
38217
33299
42592
40298
43185
31552
32398
41187
35866
33696
32622
31397
34954
33838
32506
42450
33343
38916
34933
42592
31493
34589
31174
41330
34606
35413
30928
38129
40545
36847
40228
35846
43029
38957
31048
32458
37827
37203
36951
40174
40797
38374
41655
37360
41943
30150
33341
33828
31673
36384
39025
32958
37148
39305
35163
35031
31660
33465
34484
31304
36332
31453
30742
41563
42500
40680
43279
37745
38879
41356
31957
31004
40129
32859
34851
37432
31688
32929
34082
31310
37169
43232
38057
38548
34117
42971
31535
41235
39261
33863
33775
35433
37704
31959
35669
33724
31729
37434
32435
38123
41711
32755
34382
42814
34053
33820
35048
33095
38548
31896
33048
37779
40077
32998
41538
41580
42734
30672
34281
32046
36174
33554
39171
32583
31403
33241
42152
32102
36157
33916
35390
33218
34776
30968
42086
34668
31785
40982
30263
36810
35012
33233
35088
38379
33249
33101
33673
37917
43100
41138
33538
42158
42617
35954
41872
35029
34367
41762
38596
32232
35888
41896
32914
31264
37572
42372
30607
41283
34608
36347
40567
34923
41015
36381
38823
32379
42239
31044
37615
37696
38092
30200
37959
35911
31427
33770
36008
34887
33515
34979
33232
42045
33986
40724
40989
36101
31691
32864
30169
31109
37011
34051
39753
31241
40899
31879
34123
42564
33916
41163
30551
33749
33532
33014
32265
32097
43269
33709
30200
34434
41738
36384
37968
31009
42901
31978
41250
40048
32733
35437
30394
35416
40232
34576
34061
34601
35668
41527
42371
41862
33420
35049
37065
31532
32071
41170
41774
32480
30969
33540
31870
35783
31662
38520
31594
34545
35574
38406
38275
31407
40698
39953
33339
31091
31005
34372
33614
35163
34783
42650
39022
40979
36276
38098
39575
34555
31994
34413
33302
34193
31236
35092
41055
32511
34383
36543
35947
39125
32593
40844
38680
34939
38030
31882
30740
36183
34602
31283
37301
36274
43171
42971
35993
41723
38038
30171
35342
34460
40423
34498
34587
42398
40194
38329
36335
33465
34925
32340
31402
38743
36213
42791
37488
37050
30722
31637
31458
34066
31862
36801
41401
35926
30589
30606
38312
33771
36199
31646
34779
40290
41734
30778
32209
40753
36086
40549
30279
42354
39338
31690
36295
33321
30871
34841
36125
31415
35729
31110
34180
35048
41814
33670
32717
37750
42363
36057
38804
35440
36349
41693
33711
30394
32616
40598
41358
32803
33856
36113
38860
41494
30955
30904
33970
37217
33061
31142
33625
33406
33329
33613
36038
31995
38763
34435
31721
41525
42102
38639
39998
41993
32822
39780
34539
34811
31050
31886
30903
33128
39887
32148
34703
38329
35301
41542
31838
42284
30873
35631
31909
34692
40444
32956
41665
41612
30720
31997
37098
42046
34588
39748
37404
32396
33333
42131
34481
30725
34227
36146
31560
35090
40176
40279
40991
32968
41872
31996
39451
36535
36319
41884
30476
35381
31913
42567
42146
32361
34843
39302
43040
38867
33208
30345
38010
38519
30580
40888
40086
39507
32133
39358
37793
31482
36383
30863
39251
31930
36470
38298
31025
30670
36132
32406
33078
32243
40432
42849
42186
38745
32281
35977
35651
35751
34313
30555
43030
38543
43180
36134
30915
32123
35438
40181
30969
35321
35437
38138
31979
40348
31360
42522
30290
30816
42954
38541
30609
35286
38300
31587
30294
36405
41909
31212
31785
33574
40737
33670
33118
30602
41150
33136
33363
31901
36446
36117
39687
31187
30767
42170
39408
32795
42886
41797
30338
37284
32612
36640
37862
30164
36575
33310
32976
31286
37819
43148
31941
31539
35597
43180
37654
33937
32298
42057
39286
33951
42222
34219
38126
43180
36279
36719
33910
36441
39742
31945
39104
35906
30503
37816
34874
38627
30663
43044
42584
35516
38423
41606
31464
30183
41279
31303
32997
33261
30149
32330
34147
36948
30904
37889
40731
31341
34001
33235
37762
30986
32976
40882
30779
36687
33120
34549
42932
33045
39775
34947
33566
37068
40188
38491
42462
34547
36645
41134
41534
32550
42328
33152
41520
43076
35295
38445
30470
33471
38508
36922
33221
42143
35174
36904
36054
35462
38297
37891
32547
38827
32068
33085
31932
40491
42479
34793
35611
43208
40965
30917
31648
32446
43116
42413
34878
40917
33229
41853
39061
30541
42578
42775
33145
40621
36040
33189
31927
36625
32681
37663
42247
31965
31070
39420
31927
35210
35797
33183
41995
30581
34994
30945
36969
43158
36150
35386
35559
30597
33150
34970
34791
33223
32718
30627
38376
39719
31238
33854
38163
34286
41517
33064
41870
37749
35525
32471
31771
31553
40735
31396
32177
33904
39144
31323
40607
34762
40760
31024
30290
40557
33369
32293
31178
39626
39884
30354
33028
36070
31931
34082
42220
40720
38504
31167
41876
33805
34539
43140
42468
30826
31694
31364
38335
39398
36943
38641
36154
41434
33829
35068
41623
33845
35761
32203
35482
39467
31245
35922
31518
31894
33447
37863
41930
39580
36765
34348
33084
35081
35802
30880
30435
35605
31172
39921
36184
42478
31516
35942
30817
30204
34836
40697
42484
41155
32548
35738
43281
39319
37473
35300
34980
39887
38846
37798
34214
39376
38722
37738
31174
32930
31605
42708
31559
41714
41829
37542
41928
30934
32881
33315
39359
31986
38224
32858
34069
42536
39310
36534
34015
33447
34322
32530
34824
35641
35137
35474
30450
37066
42899
32825
38168
34827
39612
30169
37671
37919
39915
34587
31254
32350
40416
42005
36079
36770
38752
34927
33778
40685
37697
30998
30524
30703
31199
40570
32390
39430
39109
39753
38144
34998
41426
36279
32214
42936
39097
42447
33696
33956
31773
37192
33321
33271
34511
32756
32189
34645
35495
32689
37939
37594
34967
37856
41320
31571
32609
40197
33729
33789
33632
42775
31021
31346
34424
37411
39414
35768
31312
35120
34180
32168
40916
31473
40339
35508
34385
33140
35234
41501
38033
31910
35860
38957
38935
33072
36311
38178
40658
34326
42435
34232
38337
42974
41310
39408
37708
39388
36039
32957
36075
33566
38228
32384
35365
42199
41309
42690
36606
32600
30732
38854
42891
33308
37492
35955
41766
35858
39128
35321
32157
32070
41610
42818
31268
37190
32458
32350
42990
38541
37164
32742
31904
34004
35327
42946
34056
42967
39161
33493
42504
36169
36135
40685
35927
33720
41966
35525
35414
43052
30119
42698
35563
35415
41233
33349
41510
34454
32161
42573
32842
42316
33091
42604
31535
36332
31482
32652
31559
34110
37997
31395
40750
41461
42817
40956
30413
41105
33339
32223
33601
30197
37117
31603
42893
32340
40893
33794
37065
36249
31157
42693
33362
35491
37791
38341
34370
38899
35986
30679
34151
34564
32671
35284
30508
32300
38272
36601
39772
34712
31188
38032
38059
39996
30233
33922
37563
30468
37057
32070
31479
40193
30300
41016
43236
39184
42103
34069
33039
31994
30521
36022
41511
34427
32221
32944
38982
40964
34891
34452
42699
35316
35815
31820
41790
35914
39557
34699
41542
38394
35418
35870
34134
31870
32663
30568
33535
39496
33291
30727
40365
38116
31984
35479
31585
41650
41366
40028
33125
42843
38382
31119
36354
39744
43104
39810
42115
32709
32799
32927
40409
30750
38589
42529
35966
38532
38984
31468
38690
30323
34335
38280
42997
30384
35497
34886
35220
32613
41102
32905
36189
42933
34565
41909
34749
32516
42727
34090
30629
38895
33590
30681
36216
33339
40668
41196
36808
35470
34717
32630
32778
30398
38347
31997
39793
30360
36468
38077
36054
35604
31429
31067
38587
32801
39662
30468
40289
32384
34130
40977
37237
32464
32876
32915
31849
37219
40538
34559
41730
32322
33889
35083
31277
36089
38354
34888
30861
31091
34477
32850
32552
30163
34991
35245
33776
30546
43285
42305
31847
40789
39764
37902
37811
41511
32817
38410
37642
41083
36755
38919
30690
33888
37685
35073
39851
37145
42940
33272
30412
37878
37334
34248
34630
43292
41045
35706
37741
34783
33489
31098
32342
34364
33930
33945
30222
34434
30693
32210
33100
31261
33688
32161
42514
36103
38959
35829
36897
33802
41496
39579
34499
41640
32356
32385
36337
40741
42810
33884
32358
37023
30144
31536
34911
37145
33565
30397
30715
41423
34582
31391
30200
35717
42686
34683
31900
40190
35116
38662
34589
38707
43042
31637
38712
40392
31365
37914
39577
36293
33303
35081
37247
30884
39606
40441
40473
30857
41607
42575
33954
42376
36771
42064
39691
42007
34265
35715
31519
34772
42046
34411
35964
41626
38083
35976
31043
40081
34252
36655
31648
37825
34016
35542
32631
30450
31411
37574
30683
32822
35950
32826
37703
36458
33726
43162
30452
38670
35817
33315
34104
37452
30989
33109
33206
41671
32734
39575
37436
41053
35343
38738
39148
34390
41035
34849
40479
32332
37396
35468
31284
37859
35138
38490
33591
35160
43110
41810
34646
30414
41481
30651
34047
33196
33514
35095
40800
38690
41034
40579
36173
30504
38887
30995
36015
43015
31916
39219
38792
41852
43275
41076
38147
32467
34439
33083
34892
43241
34000
32319
41215
34458
36671
41838
34357
32816
33302
35285
41642
42785
41533
34745
38537
42713
41164
33370
34247
38145
30950
36108
37557
33909
36084
43194
34521
35588
35253
37988
33370
38530
42427
35653
32914
35728
33207
34002
39346
42152
35488
30695
38411
43014
30610
32839
41700
32220
37473
35946
38330
40991
35152
33596
42223
33509
30634
35992
32570
33402
40371
38109
30616
31640
39732
31354
41300
37288
37360
36786
31451
39108
32126
32160
35481
37343
40844
38318
32051
38014
36881
42882
43090
43082
40338
35189
42473
36642
33480
34181
41578
34945
31366
39832
38588
39744
32995
30739
42431
33831
32332
41871
37695
37319
43281
43158
34022
32711
31018
32083
32912
38397
39961
38084
33371
40527
42054
31051
43240
32317
38326
34176
31302
41621
42437
32630
39409
35804
37416
32869
39273
38728
37622
40407
42802
38671
30931
36093
35601
33886
34193
34717
38442
40590
39389
35669
34009
31337
33303
31650
33325
36109
37647
33573
35711
32152
37076
42409
31499
43075
32802
40209
35212
35682
32578
33719
30757
37023
35327
31638
34209
32240
33801
34239
38384
31568
41964
43012
40867
33916
31261
35745
43115
31972
42660
35979
39640
34166
41350
41631
42412
34490
32145
40290
33901
30337
34665
34079
30268
39021
34712
43057
32469
32364
42352
40873
32217
31928
36995
33984
37798
37265
40755
37244
35710
30258
31678
37973
31525
35746
41614
31754
43069
35064
33202
37588
37204
35540
34493
34366
38737
34878
41115
35636
36105
32681
31342
42418
38683
33217
43066
36464
36433
33877
33227
33363
34370
32481
31093
37345
30281
36476
39497
34812
37575
31696
35208
31270
32643
35028
34027
40880
33969
31780
38091
32096
35113
38473
36325
42091
43118
40025
31844
39434
38160
35566
34642
36019
40229
31630
32563
33469
33154
38997
41085
38597
37014
30886
31690
42435
43275
42156
36600
36241
37742
42204
38138
34702
30662
38491
33251
34322
42250
36453
41294
30550
39214
38971
39725
31441
39301
30682
42608
34911
34254
35503
31835
35193
33879
38641
35008
35635
37705
34166
35356
35096
42985
33242
41156
31217
36301
39123
34901
39897
38119
32832
39302
32106
40073
32071
30259
34146
42084
41043
31883
40997
30310
31672
33399
39729
30544
40943
31453
32578
36419
33739
38294
38536
38951
38929
39081
39043
40193
31876
39232
35590
34644
32507
30589
36064
34544
42920
41289
42853
40526
39701
42141
37361
34368
36247
42201
35858
34400
34237
38897
32675
38635
40924
34094
42097
41981
32269
34378
42627
37077
39942
38386
35610
42611
30526
37691
42663
38247
37999
40556
39156
39315
39613
41916
40127
41408
34592
32275
38916
41546
31445
30816
37343
40970
40469
37478
38376
41534
34001
32879
37021
42762
38301
34842
36205
31295
37026
33354
34773
36020
39677
34322
32212
36068
37216
31914
40170
35525
31227
32697
30211
34077
39416
36245
32900
41774
30478
32714
32847
36105
36134
30273
43268
32055
38330
34626
35196
34366
39161
41859
37002
40574
41755
30854
33707
31215
42738
30669
41199
38603
35753
41700
31065
36054
41437
36387
32673
40148
33485
41682
33301
35942
37536
33791
41747
33393
43103
36068
31726
35474
34616
30797
36971
33082
35795
42274
40341
30715
31335
37995
32606
35342
34178
31344
42978
43061
36339
34022
39183
37500
36230
31460
30655
31664
36941
38840
43057
41643
43208
37170
41357
34343
41843
33793
38897
40878
30573
36054
41907
36762
39024
30641
41699
30133
30890
39503
37128
30525
35693
36152
39224
33714
34356
30250
40562
36362
31388
36384
34934
33955
39356
40943
38649
37590
35669
40372
41123
42589
32218
41815
41671
35189
35105
37430
36958
34609
39223
41797
31880
42943
30809
35604
43252
41687
40222
36392
37149
42979
42220
35736
33326
30746
36011
35062
34117
30439
33924
42647
34067
30115
32242
33484
36374
33561
30381
37818
32886
42066
34999
32189
41724
34990
37237
36793
30651
35125
34880
30135
37161
30627
40403
40373
31849
40663
33014
32531
32540
32889
34008
37659
40982
33904
41952
31885
37762
32238
33914
36208
37227
42927
33318
34862
31499
30569
42939
38027
34696
35538
30534
32157
32482
32703
36878
40753
41052
35386
33838
43184
36707
39393
42196
34260
38612
40990
34868
32820
42508
33167
37349
42373
36296
40480
33592
39989
37613
31512
42193
31730
38744
33470
31770
33568
35830
43093
34018
42179
31178
39152
41656
36700
30195
33808
35782
43095
42304
40466
30752
31431
36669
38581
32330
34258
41361
38988
41356
35852
41729
31624
34176
32214
41138
37881
35478
38280
40712
37844
33487
30208
32066
34474
33969
39185
37363
40002
42104
39164
35910
33794
35130
33707
38862
37969
32738
33256
41401
37377
31596
35547
31879
33173
36357
30525
35703
36285
42406
31940
32837
41995
39401
42096
42064
33723
35907
32278
42059
43219
31703
31240
33169
37316
36313
33996
37515
34078
42291
32303
31725
41771
34144
33960
39560
38507
34110
42184
36160
39774
31125
36413
31070
42320
36081
41986
40936
31449
30766
31567
40611
30817
33295
31077
41867
35602
38754
30731
40772
33349
39412
42364
32059
43016
31966
30725
40138
31922
33720
30337
31634
34633
41334
40674
33851
40928
34518
40636
41080
35514
31591
34023
30681
40916
31480
39378
30489
34645
35763
39548
35195
39609
33417
30114
43054
33144
36337
32220
33552
34684
34876
43242
38621
33219
42432
35544
33884
35125
33079
34422
38756
41128
33995
36207
35072
35362
32197
42713
35579
32801
43218
40714
36413
33114
37067
36453
31726
40554
38501
38219
34244
40853
43106
34100
41026
34910
41970
40734
36471
36421
34774
31181
35143
30961
35216
41476
31820
35550
34777
34446
31846
34528
31561
39316
32446
35342
34333
35395
30877
36871
32603
42420
42742
35698
31317
42449
37529
30531
33969
34947
31241
40902
33648
35072
34528
33634
39556
37956
42607
40535
36818
35723
43055
33135
41902
30583
34062
31461
37581
39308
31264
35961
36615
30667
39513
32133
34510
39369
34784
31104
31587
35436
35836
31455
42555
30401
35296
40706
31088
39389
30412
33728
31406
41626
31001
31301
33782
33123
33637
41759
42953
36985
31037
33110
42242
41575
33273
33284
34157
35773
37520
33276
32951
31794
33065
32289
39923
34336
38806
37286
33457
43227
40971
35407
40318
40078
33045
31279
38710
31642
42794
39811
30801
35721
33498
37282
34883
32365
35252
32594
38650
35624
36300
34560
30259
32303
38050
34241
38076
36272
37703
32542
34304
31302
42383
42821
41302
34324
30565
38063
34255
34366
40050
39881
35380
38453
41275
35241
41403
33736
38473
35113
33848
34627
32332
39795
34135
35312
40616
41657
38736
30450
38897
32958
37706
35259
38729
31389
36456
35814
35868
32381
40338
37497
38499
30627
35491
32848
40347
30721
42191
31201
40667
32125
43288
36024
31276
31432
40059
43105
30867
30192
33950
41262
38979
42413
41456
37919
31256
33538
37454
32826
33421
42300
43278
41875
33655
32825
35779
34931
31551
30440
40911
31280
30370
30457
32438
40896
30698
37628
31883
33283
33889
36825
31688
40261
32255
40485
32515
40141
34352
32350
43289
35309
32300
31680
38051
34661
30213
42684
35303
40158
43145
32021
39331
36646
38083
32132
41049
31158
41288
39144
37860
36030
42266
38175
30593
38859
39056
36481
42082
32482
30216
33248
38237
33621
35858
35230
38732
30476
39872
37535
35456
40719
41834
41413
42822
31101
34408
36846
35183
32077
34778
39314
36216
30123
35428
37902
40682
38688
30947
34680
35782
33774
33731
38579
37872
39190
36109
36352
36913
31383
32615
30469
30525
34045
40050
38981
33489
42913
40810
39932
34717
37360
40674
35405
40508
31777
35049
32052
34996
33174
34791
40992
38793
37610
34406
38297
42292
37292
40436
42829
34810
35542
40046
40891
34374
31680
33557
38374
41250
33594
35634
37559
40852
41663
30736
42376
40460
30562
33954
33815
41105
32871
41909
36653
39193
37367
33177
38609
37544
35268
35858
38841
41029
35810
40599
37629
37400
33194
33511
32055
38814
39697
35621
37933
33445
35595
34500
42785
34677
30977
36712
31616
36415
34555
35614
40656
36272
30724
34958
42846
34420
38234
36024
36943
41913
35029
39904
40621
32122
30270
37327
35659
40463
30615
36466
33295
33130
32889
37019
38391
42324
38537
41479
43210
42224
40075
36711
38049
34952
30450
42705
42951
42738
42436
36160
30190
31205
36368
32873
33165
41137
41313
31430
40407
40318
40038
34315
35902
40218
41234
36184
41280
37026
33690
36396
34380
38175
32691
34769
35098
41007
32407
30121
39424
33371
34854
42389
36221
32055
42665
34169
34211
30813
41859
30921
39733
36819
33084
34470
42419
33325
31973
39631
32376
42614
31999
34122
41218
32833
30546
35101
31519
38792
41175
33329
37679
31901
39942
37425
30684
31634
34057
32258
30613
36987
32859
42856
38324
40353
30819
36450
35586
31863
37916
32796
35477
30978
36713
34041
35296
31844
42149
37158
36042
36093
36376
30315
35540
39995
30794
36474
32658
41835
39305
39889
33206
36795
40833
32244
39237
32732
40180
33174
42041
32429
33835
36723
38311
40389
39190
30344
32250
35927
36208
36204
38340
37039
35989
35088
40265
35190
34410
40918
35356
37672
34662
36723
30863
37221
34383
39920
37326
36581
40981
38438
31567
41217
36314
37624
34646
33233
36461
34955
35075
41745
33848
36307
35553
37235
32623
33922
33438
43205
36194
39284
35560
34528
32461
32439
33695
38427
36656
33539
42963
40983
36650
30833
32911
32291
38300
33945
32566
35736
36172
30262
35275
30754
35544
35213
32659
30802
35667
36023
37196
42028
34928
32844
40008
30933
37210
38337
32975
36902
35324
37755
31062
36313
34334
31299
41905
30366
34661
34346
34013
40871
31549
30266
38490
33186
42989
30372
36052
39927
38485
42816
31198
34020
34021
33205
37828
41658
33959
33762
41542
33749
39008
34503
31585
32557
41405
39333
36485
40056
36139
36033
32632
39522
38650
37506
42276
39775
36620
32840
32296
38221
32419
38984
35837
41731
32906
33202
36756
34029
33836
34383
41198
30900
30288
42495
33885
36406
36983
36207
42883
42108
38933
37704
35829
35294
35456
30628
32058
32815
35840
36994
32453
38401
30826
42417
41640
33922
34075
37801
41434
43230
30441
38112
36328
38124
36186
34157
34031
33283
31731
31682
37696
40876
38302
33558
30676
31585
30337
34503
32945
30904
42836
39653
41073
34520
43115
33862
35773
30939
35981
31701
42424
42971
37835
33802
36476
32727
36704
36841
38047
42284
41347
32893
38656
34928
42089
30501
31380
35645
36074
34722
35198
41974
34689
34680
32382
30272
42410
35073
33827
32800
37762
32840
32081
42173
33406
41117
33688
42230
35485
37616
41789
36037
31623
35582
41422
38878
33532
39595
37473
41467
41768
33376
36391
34269
40084
37870
36685
42376
33187
33260
32590
34096
42347
43158
32257
40248
39391
39892
31874
32750
32241
30294
42192
32913
33839
30278
36793
33479
39508
39015
34759
39674
30249
37918
32027
42945
43109
36805
31499
42535
34814
34515
31341
31775
34143
43222
36177
32972
40663
35699
33263
38239
30286
38589
40029
34988
35709
32789
41846
42099
32749
32191
42966
36415
31679
34384
33322
34802
40279
39585
36059
30421
30452
32540
33841
42831
30173
42760
32179
37347
34807
38898
36437
36440
37362
42879
43134
34718
39628
30242
38737
30374
32634
35498
41545
33313
39659
30939
38071
34250
40649
35410
31176
42331
38162
30698
34958
36718
37736
37097
33013
40988
30225
38214
38392
32379
31647
33551
35968
32288
36020
32394
36148
43024
40425
40857
33628
34171
36347
43043
34402
37770
37130
35789
31895
30757
42125
41155
38907
34371
36099
36453
33838
35764
31210
39259
30296
33771
40015
33393
31608
32450
31517
37197
35315
41730
32448
43155
42057
41865
40583
32587
31073
39068
34952
38726
32413
40247
30532
38829
40210
33383
35099
33892
30949
36543
33019
31559
40494
42493
34684
33342
41559
30125
35519
41133
32422
38351
40879
34437
36194
30693
33398
32978
34304
38573
32368
38639
42469
33226
33604
31410
33332
32794
41743
34074
33507
31658
35836
34190
33670
34161
31311
33914
33858
36464
41715
37170
34686
37124
30926
41087
36431
31044
33803
31547
32452
42345
40547
39911
42273
30631
32900
31371
39436
31110
37060
31537
30555
31385
34783
31990
43118
34160
38339
30122
34817
34987
42399
30115
33874
42843
40722
30420
33561
32872
40964
39864
40850
37042
35932
31567
35160
30945
33452
35149
41139
37094
37796
30454
34077
40462
35332
31037
33827
39404
35929
33936
36156
38906
32405
32204
33478
35121
32524
31909
36415
30177
34802
32922
35399
30750
30325
30793
41616
31370
41826
31409
33143
43111
41700
39865
30465
42554
40486
30134
40917
42079
40574
42772
41996
33231
32339
42808
40077
40988
41255
30455
31836
36218
33766
41067
33545
34665
31996
36499
40393
32890
37729
34122
31393
39619
42998
36960
42436
34782
33695
32307
32369
40112
33017
30232
34424
35710
30808
39618
32317
30368
33469
40566
34942
37502
36606
34255
40586
40311
31572
41857
38765
41380
41655
32292
32174
40811
33882
36608
42756
35318
38995
35873
40494
30890
36790
40223
37486
38931
39218
33028
33154
33357
34110
32149
36950
31039
31707
33497
30447
42558
40837
40083
42470
33889
35597
31705
34087
32245
30632
41261
41775
32326
41768
34271
38504
41999
32382
31681
33440
40130
40836
41366
30566
37666
32427
42490
36313
33765
36608
40740
40055
33495
41952
38705
30233
31655
33544
42976
31017
42051
34551
35016
34739
34438
30931
35884
34006
31085
38619
30531
32879
32025
33249
32972
37186
39734
38235
36475
33178
42583
34461
40650
35031
37303
41096
37128
30936
42414
37475
43106
31134
32232
42268
39238
38628
40387
32978
38696
37518
30608
41591
30475
34798
34097
36223
40271
41426
31622
38946
35965
39404
37782
36318
32934
30467
35804
41581
37492
30593
34079
39134
36469
37460
31999
31655
36820
33652
34087
37629
40336
33966
30641
36774
34703
40565
33422
30538
33234
32646
34491
41684
32660
37988
42707
34822
35737
31729
42361
42357
31039
36216
38878
31617
34577
33425
38999
37299
37592
31320
36748
38710
37122
37051
32524
38999
32473
34758
31256
40445
32547
43000
40147
33649
41879
37088
39670
34983
37316
31249
42465
31371
38398
36549
37161
34293
37173
34640
37116
32527
37381
35379
32397
40045
34930
42429
32563
42244
42915
30324
33851
36444
36318
39260
41483
38270
36048
33239
32930
37117
35908
34692
37858
36494
37300
31309
41119
37161
40957
41668
38497
34553
34808
32756
32722
34950
33244
40867
42367
33312
42147
32924
31766
33373
35893
35663
36044
36485
32602
39529
37503
31902
38364
42527
34477
31238
36476
34389
32519
40535
38102
34320
31983
39233
35208
32579
31356
31847
38353
34827
35385
34883
43086
40565
30900
37743
30419
31380
30485
36871
36270
31114
38286
41526
38246
38903
35692
42561
32938
33353
41813
40458
43106
33796
38729
30782
31784
37735
31529
42971
33519
30699
36178
39406
43130
34308
38867
38748
33044
39328
30379
42130
34890
39231
35176
33794
38517
41346
41662
32888
32001
35262
37156
41391
31773
34402
38962
36584
31990
41824
35437
40508
38027
36307
32914
38023
37553
35118
32260
31154
34527
35974
38330
32826
37534
37735
34955
33064
42119
34832
41301
34785
41332
31884
32960
30969
38937
32534
30948
30928
41686
39322
41988
37135
33489
31835
30405
40898
34548
30522
37502
36126
30425
35583
39432
35507
33203
34922
32936
43028
30921
37355
34243
34941
31846
42592
42760
30571
37076
32979
41928
35939
30641
39107
40830
31703
33223
37739
32229
32358
30313
38226
30977
35009
34951
33279
37271
34340
33855
37957
32923
31422
38941
32595
42480
37493
38776
33190
32984
41378
35057
36330
40091
41800
32295
38427
32829
36296
31379
37905
39505
41200
33612
40829
37498
31643
32440
33302
40831
30592
37968
39960
33306
35087
32480
41868
32846
31405
36486
42253
31978
37248
31454
32447
34543
38696
41909
34059
31488
40014
41061
35988
38548
38123
38928
31103
32570
35618
37540
39308
34539
40129
38122
42231
30876
30399
42352
41517
39472
32850
35441
39070
32744
33393
31555
39160
31488
36310
30717
37949
36473
33465
31017
34764
37200
39560
40765
39850
41054
34690
34749
41837
34358
34716
32083
35256
31362
34137
38355
30690
32905
31504
42220
35072
40789
30124
38929
31508
41542
33053
39364
39173
39839
42986
40035
34352
37513
31513
31584
38871
33267
37564
37911
32718
38520
33467
33834
34275
37041
30235
32066
40974
32359
30466
30437
39280
32059
36851
30625
41599
32860
35604
34286
36245
33369
33126
42213
34824
30633
35992
37311
40955
40274
42727
40556
32834
32376
31872
41842
38356
33923
41190
32578
32348
36479
42057
37309
32803
35304
39117
30337
40523
33686
35395
40634
37314
31802
33346
42704
35528
31819
42710
32574
36721
33711
35299
32654
39350
32019
31893
30918
33181
35709
34322
33190
39596
30990
30407
42980
32148
41046
31555
31229
35927
39395
42932
32038
41029
35616
32834
32663
34169
32076
30117
31240
40978
32218
39299
37222
35165
39387
31598
33423
34362
39382
37341
35236
33483
35994
34692
32031
31004
41872
36122
38237
41219
30528
37458
41371
35133
33473
34443
35826
40809
41348
39366
36505
32121
31059
41535
30783
37596
37201
38354
36485
30137
39903
36137
41749
30705
37318
32719
31775
32234
30458
41119
39220
32838
30699
36219
31459
33573
31035
30286
32129
34651
33465
30327
42908
40873
30518
30975
32685
31382
36915
34272
33374
33657
34862
31962
30232
33584
42364
34958
33536
35390
32063
31996
31332
31727
33286
35732
33367
35150
31339
41851
30991
31677
35614
31246
41603
40660
40822
30243
36458
32496
33136
42128
39683
36470
37338
35914
37653
36281
33286
42196
37560
34689
42226
38198
39290
32090
32036
39531
30974
33317
30956
36193
30705
39892
32512
42326
34443
34522
42168
36233
30331
42561
36128
37440
32583
33154
36269
30500
32471
37641
42701
37561
38866
33402
37289
32043
31026
36397
32949
37961
30610
41874
35656
30925
33335
38448
35864
40542
31764
32667
42568
36509
32839
36136
33400
32986
33687
30848
42794
32388
36691
34198
36392
30130
35343
35365
31699
32849
34847
37283
33498
33807
36135
33189
31965
36973
32979
31518
32795
40616
39745
32604
36652
37857
34934
33898
40221
36025
43295
32428
31404
36082
35224
41153
34357
31010
42279
40184
38259
32333
42893
33618
41544
40742
30526
33557
36459
34918
41243
31353
31255
35668
35440
30722
32816
35792
30750
30327
33159
31609
36163
31385
39117
30897
38521
34286
35578
39345
36530
35015
41467
34480
41427
31484
40239
34411
40061
40950
41560
31936
41902
33137
31141
38184
33312
33409
36440
32691
35254
38406
35294
30695
33096
41831
30768
36853
39666
40427
38140
35113
34960
34411
40855
36980
32358
41121
37035
40617
33280
38818
36262
33851
37157
32767
34782
33704
33712
31401
33053
31182
30630
34163
39518
42691
34255
39120
33445
35795
31269
43116
37348
32127
32482
34917
35314
35272
41458
33928
39464
31644
40777
39560
33993
42191
34033
34132
38069
36278
37567
36226
40621
36262
40763
33120
42644
33739
30150
39453
32932
38071
33125
39822
34039
42425
32065
42706
40328
32623
42826
39919
31403
38243
32907
33232
30530
36047
31074
34950
31284
32657
39879
30870
38471
39911
34651
32171
31149
42804
31414
32999
43019
42679
36820
40447
30724
33256
31944
30517
32238
36903
41319
43082
38236
34337
31826
31948
31453
32709
35613
34470
33720
37830
30637
33354
39006
35305
42298
41133
35415
34391
43184
33947
32585
33340
33519
35887
35054
39826
35340
33402
32634
38950
36561
42943
40978
39335
34032
32231
31933
35940
41898
31975
31553
30899
30598
31051
41085
36195
38970
39552
33028
41802
38727
37581
35501
32001
30677
32149
34060
37962
35819
37655
43095
33198
35957
32801
36433
39148
37744
40675
34543
42094
39625
34359
34580
42466
42000
43107
40619
40821
39971
30443
35313
37333
32823
38608
32721
34307
36432
38066
35496
32325
35310
32523
30517
33439
36152
37202
39245
33832
32285
30552
38181
36825
41466
33072
31015
31120
30853
41074
31559
39302
37840
41005
42876
35980
33631
39965
32418
33817
31105
39952
30389
41450
30900
32463
37053
36656
39123
34376
31056
42722
36259
31226
32042
31407
33241
33306
31204
37799
34469
30494
35594
34150
33013
36447
31626
36412
36210
40411
38349
37776
39311
40786
34932
43073
40133
43124
31777
38398
35369
35945
33484
34359
42601
35737
35614
39040
34717
39566
34101
32791
37340
32117
39805
32913
33336
39981
38790
36884
39632
39217
36382
30745
32609
40980
35039
38100
30149
30997
32555
37253
31661
35508
35200
33832
37197
33581
34223
30764
32231
42252
30132
30671
36289
31920
33876
31101
37677
34749
35241
38835
30483
34127
31340
38157
34588
32411
33920
36763
38125
41921
41102
34935
33167
32496
32698
31069
33043
30580
42026
41075
41403
38062
30587
33356
30891
34594
31922
40741
32877
40005
39674
31815
37230
40031
36187
34357
34365
33256
31479
30944
33247
37801
35501
36825
36668
31062
41658
42221
40838
31379
42789
39946
30204
30301
31890
33573
36229
36446
41142
31483
30679
39427
32162
35024
40899
42752
35331
30225
32064
38557
42854
32787
34012
41696
36539
36440
30412
37086
35026
39675
35860
34692
41920
30375
32941
31437
31566
40202
41436
31511
38853
36470
30721
42170
31466
34804
32520
37617
38243
34958
41851
35827
33179
41857
36954
38934
30169
31897
32390
39805
38170
41675
32087
39130
31386
35841
39899
40574
38597
40900
32620
34088
36200
32162
32714
38343
43153
42965
33664
31256
31555
37171
42002
31575
34893
33163
30318
42131
42322
35621
32451
30412
30945
34246
38128
43032
36085
35607
36941
32901
32323
32050
34816
41929
34984
32508
31709
39464
37166
41822
36233
33167
31809
37550
30845
30959
31826
36563
32194
34018
41626
32373
33962
41787
43118
36010
31745
42841
31173
37404
37595
32351
39228
30813
31858
37043
30966
30753
35283
31867
40649
33347
32274
33760
36977
30246
42974
37415
38056
36480
33734
34897
39203
30303
32352
41955
30122
31887
33924
35273
36233
36647
31265
35262
38452
39658
32681
36865
36366
34939
30884
32424
42228
32286
32765
42312
42167
31829
38995
35648
41061
32100
33164
31781
41574
31259
40311
38139
41779
34287
42743
39827
37323
40714
37675
34434
35487
32453
42534
38455
39570
33991
43139
32129
32556
38866
35533
37163
36155
43004
33530
34794
38856
30862
30523
34434
34176
38541
30898
39026
30634
35973
31286
38586
30205
36380
38258
39980
38111
32560
30345
37392
30149
31813
37232
31628
34601
33323
35093
32508
37327
35874
37733
38890
32259
38437
42890
33852
40188
37810
30765
35896
30779
42427
31454
35176
35306
34673
35818
30251
31662
40987
31011
38707
39341
40838
32510
42845
40304
31144
36840
42575
31363
42355
37144
43201
34828
36059
41125
37885
31128
40431
35752
36409
31259
35635
42817
32978
30360
35811
33776
41795
31495
43180
41280
30992
32542
36718
34701
38847
42554
33701
33650
40601
38028
32675
32679
40369
39518
37385
32846
38113
33635
40952
31217
33455
37522
33896
39032
37921
30440
33658
42282
40946
41372
39729
42776
34490
30515
36132
32609
35211
34983
38270
34627
37041
39285
41877
36685
31954
36593
32674
31513
30458
34736
36621
42672
35241
38861
33910
33819
31828
36212
40258
32608
39786
42451
33248
36514
39148
36530
30254
37487
40567
39790
36134
36419
33200
35925
42256
39484
31409
39262
43187
30539
42293
39955
39494
31008
33456
35237
30266
32374
32504
41552
34065
30625
40090
32478
31600
35321
32381
34617
33606
38251
37378
35276
32196
32199
38470
42756
32798
39592
39933
33509
42558
42115
34834
40637
35210
37478
32512
41582
42761
43176
35897
39858
40670
31232
30152
33980
36796
35597
41673
39963
38695
40925
34678
38922
33062
33232
43167
37774
31804
35956
38671
31969
33335
35951
41597
41800
30988
34664
36854
37250
42590
30389
32727
36426
35680
42940
31862
34667
38461
35692
31214
34243
31785
41378
34523
38991
34601
36309
30476
41154
32620
42162
31123
40850
38353
43041
32128
35411
33537
33315
33507
34493
39405
37314
36647
42034
41396
30413
32351
32201
32796
34546
38882
39819
33641
35143
33114
33182
37016
34753
39833
38129
42847
41444
30912
41968
32746
36043
33774
41786
38700
31969
32234
37975
30254
35577
40870
32407
35811
34132
30392
33288
37197
35614
41098
30475
32726
34880
31261
33720
41467
31520
43143
43278
33547
39584
34068
35647
41320
40449
30365
33555
37723
33226
31005
41042
31401
35567
35851
31700
36682
36481
35503
33790
31923
30402
35928
31571
32526
31328
34020
33777
35442
33365
38181
40829
40601
35132
42194
38856
33108
32831
36670
33659
33974
31036
35297
35681
42714
36698
36314
42012
41694
35214
38116
33809
33267
40899
31234
30585
38578
36053
35441
31879
37601
34048
37720
33815
43023
38745
42798
41250
32604
30356
33675
41610
34782
34703
43258
39597
31209
33528
33354
35812
36772
37709
43257
30233
33910
43201
30311
32878
40371
34643
35530
36688
38386
33638
35765
42037
30272
30860
31143
31455
42141
38103
37303
33502
31048
33587
34462
42873
42214
30387
33611
32500
35013
33400
30231
37817
41400
32414
40662
30648
38898
32105
34196
31858
40168
40791
31527
36844
41743
31784
35106
33742
34355
37631
35242
41006
42162
39221
31149
37547
40016
34001
41853
34191
43017
40157
31944
30969
38652
36203
43214
30573
38657
31207
33481
30209
38017
35098
39764
39419
34011
37475
30968
42962
31911
39189
31915
35182
37688
41571
30871
31200
32280
38045
31955
37521
34084
33194
32016
33902
33800
42317
41079
42570
38908
35520
38204
31885
34815
30685
40028
33810
37390
39595
42762
40410
38333
40263
31533
35606
31746
32543
32443
31643
37541
30607
34230
35350
33574
40455
30407
32877
33666
30423
42047
36484
34584
37950
40789
30947
42039
41966
40868
37474
35935
32436
39096
34225
35457
37077
31679
32742
36724
31606
38088
38324
32702
32677
37363
37135
33717
36622
38564
30598
32968
30834
37952
43197
31053
31959
35777
39897
32527
33661
32817
42590
40660
41668
33870
36189
33025
32038
41570
40649
37286
32066
33492
35820
42628
32291
40591
43107
34061
41733
39936
32849
42141
38257
41206
40648
36348
42283
31200
32753
31141
33217
38645
39608
34798
30929
34361
41263
34373
40982
39436
32424
36074
30316
34327
41356
33442
36755
30567
42316
32373
33023
34035
42449
30402
34369
42168
31773
40882
31338
32105
38606
30166
33040
36257
39711
42179
31360
40451
40504
32336
38732
31167
31907
42107
32482
40744
38833
42165
35956
41780
32340
42423
42865
33802
31234
34345
32035
32356
33373
37559
32015
31399
42682
31072
34458
34636
30837
39271
35689
43004
30633
34138
31110
35122
35235
42159
33985
32905
34508
35516
32711
32737
33432
33386
36724
30405
40400
32733
33629
30186
33127
32347
34325
35411
39958
32345
33571
38287
43007
32361
41733
41904
30826
33402
34013
37099
41022
41497
35556
33556
40458
36452
40392
35378
42038
35469
34876
37700
30658
40109
38325
37292
32222
30933
42828
37302
32889
37385
33915
42839
42606
41932
34989
38293
30830
39027
34373
35004
42331
35420
36180
37849
36963
32997
35425
38706
32083
33637
32036
35586
34187
41953
42847
35956
33324
31645
42059
34993
33502
34805
40021
43270
42516
42633
41094
31807
30537
35794
33765
31472
31541
36522
36094
41843
42447
42418
39220
43123
33807
32218
38411
30745
39587
36820
34498
38375
37793
39584
30173
33497
34106
38341
37672
41942
38876
31027
36318
36272
38498
41672
38793
36200
32868
36547
38289
43274
32963
33140
41143
33219
30661
31941
40034
31878
42438
37730
37556
37603
42466
37439
38658
36518
30140
41640
31459
36601
39623
39280
37193
36846
35998
34549
40465
34296
31869
32539
35754
31602
42127
32824
42259
40908
33457
39213
38817
33146
32474
38908
36830
37510
32375
31201
35886
35119
39249
35423
35603
36401
31873
31171
34872
43192
40715
35428
41064
35858
39942
33569
32528
30669
41856
42692
41103
35282
34527
34560
32314
34752
31344
31973
40955
36581
35505
31416
30641
43123
36041
33388
32587
42445
42767
40829
33599
37648
38493
31462
38395
41938
34321
39531
37764
34494
38572
32817
41390
38727
35488
36194
39987
31066
36241
38854
38955
31779
39696
35715
39081
32224
31890
33451
38098
37196
34249
30204
32567
30131
32002
37861
39392
32239
32923
33871
32308
34677
33294
41316
30830
41808
43093
33648
33106
30172
42611
40837
40905
31523
33458
30574
33571
33056
42490
30787
32161
30636
34781
38076
39779
32840
30513
30166
30640
31241
40179
41892
43271
35566
32599
39843
36056
40041
30976
33971
36234
32580
35298
30565
34702
30804
37018
36179
31012
31526
38655
33839
38303
35485
31365
39678
35850
31570
34574
34391
35968
38441
31148
34622
31319
40694
32837
41426
32270
31882
30439
35978
40190
32648
31498
34641
32862
30305
33210
34328
36473
32185
31210
33275
42743
41631
37507
31883
31687
40108
40238
38412
41512
40172
33255
42247
31845
36995
33179
42958
39150
31622
37017
32179
34309
37919
31672
35241
33382
40437
32460
40850
42643
35456
35591
40947
41393
37340
34855
40907
31550
36470
43278
38389
41168
35160
41943
30951
42096
38520
35878
31658
40114
40769
33139
39124
37435
34259
33511
34426
32824
38557
39535
42798
36771
32233
37589
30211
30785
31424
33584
37047
32529
34902
32549
43050
31404
42453
35267
31820
32253
34109
35914
30253
33413
31699
33436
41089
34288
34948
32669
40457
35085
36784
36031
31508
34397
33759
41325
37757
36468
37183
36472
31450
40885
36658
37332
40728
40164
38492
32327
41251
35992
38676
39035
38547
40944
40922
36036
39060
32546
33140
35973
31754
35792
37500
40828
35255
37417
34652
30578
43177
34770
35682
37847
42859
32378
30290
38942
34698
33525
35933
32052
32149
34162
43109
39475
38986
42892
32382
36561
36157
31144
33548
36606
41221
32027
30542
39277
33205
35689
37544
33979
38298
30488
32286
39518
37601
40974
40075
40752
36098
33922
34300
40204
32635
41256
39876
31312
40906
34981
39132
35418
32236
33258
36633
40931
40926
35864
40389
37646
30984
40910
38939
30366
32568
32981
34184
30624
36081
30305
32833
38081
39150
34453
39133
34646
37659
34643
34553
34867
36242
37256
38481
33212
42511
34087
39596
35820
40115
39464
30441
39296
31345
34646
43095
30151
36118
35807
41754
35031
36413
33985
36199
30737
35189
37559
39572
35253
30753
40907
42510
34053
42118
30834
33791
31758
41224
34769
33309
38728
38224
36109
34410
42232
36404
35981
40804
36639
34514
36079
31801
32704
32457
30361
42739
43147
33457
34477
34213
34073
33603
34665
31745
42678
41445
41807
41531
35729
32393
34058
37324
38583
31440
41818
35195
42587
35484
41110
36972
39440
35138
30135
42635
37061
31712
42293
41601
36788
36777
33894
41130
37156
39792
35457
36388
41236
40269
41809
38241
32285
32623
40554
36545
35861
35485
35693
34569
33318
31627
34515
42104
35658
40824
33390
36820
34277
36050
37787
32958
30569
31139
32601
30635
34659
34014
35931
30703
40797
40399
35549
32990
37518
40818
33737
36982
40670
41655
36596
39284
38495
41689
31943
39702
38899
35004
32853
36758
40548
31600
32806
36083
42656
41102
36321
40460
32206
35869
31608
36472
35106
41151
32784
34187
37657
31410
43295
37883
32946
36287
32635
32349
42250
40501
41031
31661
41730
42333
30488
36856
34130
38598
32129
39567
40063
38958
31352
39142
36129
40342
35524
43159
41410
41918
30961
35487
30920
34276
34272
30707
40370
35664
42565
42883
34785
36151
40630
33851
33521
34708
39900
34928
33181
30229
34309
34306
35723
34590
34354
38834
43057
34516
33655
34387
42641
30677
33857
33045
32836
30230
39005
35586
30374
38572
33239
33321
30429
42049
35283
41516
33471
34857
36734
43146
32651
36436
36350
42285
35036
33235
32324
34993
43150
40017
31520
34901
32585
32878
42221
31834
31648
37093
34820
43026
40185
30937
31840
31903
41982
30240
39639
35471
43245
30323
40937
34097
36402
43065
34409
34424
31233
40967
37911
36421
37895
41980
30117
30958
31673
33095
33527
37920
32022
31590
35840
43057
35081
35357
30961
31692
42228
35296
31104
34973
33769
40843
41566
31963
31064
39908
32520
33141
32996
35661
30680
38534
41647
39957
31625
37629
34121
32832
31778
41540
40818
33049
34928
35123
34084
37590
32933
40194
32767
36702
36156
31131
39013
30764
39291
39917
36956
34869
33666
42131
36793
32728
32847
36343
41066
31969
35176
41173
41894
35994
40832
39893
35044
32417
35218
41118
37932
38460
35222
36314
30340
31497
39490
34699
34205
40821
33516
31494
42677
31691
32601
33922
36816
40235
35918
36893
30490
35188
35568
42139
38806
33507
31429
32325
38239
39840
40092
33694
36142
36013
43035
35640
33736
34002
30807
36739
40483
33054
40270
37737
36078
42941
33324
34296
35987
42723
38794
30747
30523
42866
37328
38707
42714
41436
38158
36675
43116
34129
33522
35328
39516
40919
30301
41833
42063
31282
32894
40585
30324
42141
41743
41316
32482
31555
39501
40561
31996
32345
38962
42603
30485
35940
42119
31115
36042
31665
33782
36560
40681
35163
31856
32889
33752
32596
35755
41768
33722
30814
31881
37238
36074
39501
30255
31523
34740
38178
33985
41490
40959
33389
40692
33901
34510
35958
39057
33140
31192
42501
30251
41818
32345
32913
37843
32246
39733
41508
30391
36174
38547
31147
32149
34625
35255
41850
38720
37309
30126
35754
31245
34429
43221
41375
42348
32696
30698
40126
41573
39213
33904
31391
42217
32825
31278
41517
32268
32472
40968
33537
38724
33668
30246
43265
31389
36205
35521
31929
30813
39782
41013
33357
32332
34179
36524
39422
41388
36573
42853
43104
31191
34630
38313
34914
31824
42309
39565
39101
37400
34862
40071
36780
34869
36026
33063
41561
30659
32346
33752
38899
30571
32118
41113
42072
43203
34300
33425
34850
32987
39992
35641
38144
36949
37894
34656
36275
35593
37668
41321
35773
31750
32358
32220
31018
42461
33866
37037
41077
34518
38482
39947
31122
34523
30325
42179
41594
36706
35173
31344
42794
31438
35214
39012
32935
37793
30957
32801
40275
37833
34211
36501
32895
31702
42150
37999
37126
30905
35485
38687
30891
32204
33096
36557
30143
39456
36690
40822
34534
35834
35007
31156
42625
30466
33360
31572
37601
34870
35831
33049
32185
33852
42187
36147
38492
35642
30468
32738
43127
33201
33555
40475
30953
33586
39720
39074
42796
33147
31574
34700
40804
34753
32563
36288
32970
31563
37213
38124
30766
42541
31595
31203
31389
30501
39340
32920
32309
42736
35282
41277
36287
38450
34165
36042
34889
33135
42592
32788
37370
37124
30634
40836
43162
31378
33372
31080
36412
34823
33047
36118
36018
36286
42698
31353
42837
34793
30659
42578
39578
33472
34989
39690
36948
39540
32194
32990
40265
30857
36330
33510
30892
38287
38139
30538
38669
40833
34463
42551
35138
33799
36851
31350
37073
37865
38236
40634
40908
37129
31675
34273
36065
40206
38590
42351
32874
33316
36160
31902
37526
37061
34276
37234
40966
38324
39235
35867
42171
30305
39528
34447
34085
37216
30370
33300
40245
38108
37832
42356
34619
40063
38544
33504
42463
39475
35891
35424
35548
35340
36690
35193
33898
32570
35092
34173
30699
36442
34148
32767
36613
37492
31843
32803
34448
38349
41533
36089
39663
31048
32431
35438
30606
41181
42302
42066
39175
31475
31782
38839
40188
30592
34446
33266
30852
42325
32462
37358
33497
42045
42389
36211
40184
41673
33359
40925
33069
30562
40934
42138
34178
31441
37551
35607
43038
41819
30455
31969
38836
33184
35370
35823
33145
34711
32128
35005
36559
39466
31145
32126
38268
32806
42306
38591
30583
40757
38294
34738
31490
38136
42575
37441
33270
31228
34946
31345
40674
31010
36351
35737
31790
34478
33852
32057
39354
31078
40592
40373
37868
37038
34404
34514
33211
41732
33602
34295
40792
42308
38746
40905
33134
42305
41137
32380
40565
39090
42629
42466
33587
31134
40691
31287
31920
37928
30572
30279
35264
31775
32899
38957
35256
33940
37558
38398
32547
42043
32328
37673
34738
40258
32988
35566
33323
36336
40673
35434
34480
34780
30958
33434
31338
32166
32396
41511
38301
40318
42717
35726
33081
32305
38339
39474
36799
35618
31090
38697
30126
31955
41051
41591
39562
31333
33394
33825
30762
34447
37257
34795
41429
40663
38578
42993
42605
33613
33707
35183
33066
41500
32781
35774
39837
32520
38390
41098
42925
31715
35753
41368
41481
40578
30579
35043
42356
42253
35286
37094
39960
39245
38649
34319
31846
35118
36140
42857
34451
35594
41217
30977
37511
36277
37355
35306
32994
31869
34507
31372
33334
41874
36897
39940
32093
40463
30199
32191
38206
42656
42506
38420
34931
41226
40306
38156
32093
38792
36029
42504
35713
32105
31114
31951
33428
30507
35284
35997
40484
30404
42085
42252
32599
42165
33125
38458
39043
40363
33775
35759
42199
40948
32414
34113
41684
31421
39438
31755
32860
41117
32563
30891
42768
32988
42945
30662
42071
30885
40946
42768
32088
38948
33377
34079
35630
38532
37034
32566
42880
35100
32968
36291
37808
39809
42841
34644
32913
33701
38170
30625
35203
38057
32904
42579
31475
37082
36289
30550
36098
35106
38513
30492
34158
43055
31681
34488
31088
35304
33129
34610
37359
35717
42822
33252
41999
32112
36887
37511
35350
32007
35632
33179
33879
39560
30284
39950
40489
35325
31659
36245
34322
38951
37684
33078
40929
31515
42334
34255
34723
34651
35514
30237
36901
36812
32188
35169
42752
39056
32430
37745
31019
34244
30134
31593
33193
30616
32607
35344
34458
30550
30145
36547
35172
31415
35667
34005
32522
33035
31058
42145
32735
33474
32683
40946
33572
38018
41152
35547
32349
34656
35220
36839
30226
31258
41287
35942
35382
30728
34990
36066
32694
40255
41244
40345
37282
32597
32762
39472
30857
30189
43118
32877
43182
35750
35489
37099
35260
37520
30161
30299
42481
36943
37964
30774
32264
38687
39997
34925
41915
42142
32352
35244
40563
40194
33926
40469
41794
42811
38237
42301
31403
38291
32101
34098
34645
35587
41550
30661
34408
34571
34911
35016
41467
31345
37780
39602
36450
35356
33634
30534
40068
32803
30566
31947
32328
42414
33184
41108
38475
38053
31000
33543
43285
36848
34703
40002
33398
41511
36424
35486
35753
37523
32052
33905
30751
30249
32502
36899
39013
32376
30598
31155
36254
32679
35291
32705
42839
42889
40624
32580
32693
38825
36793
36303
39598
35438
41800
31292
33034
34254
40948
39757
40384
30315
35453
38526
42026
31009
37078
33096
33991
35521
40906
30464
32994
40814
38415
39659
31570
42795
30749
35666
40276
30132
40532
42001
41004
39860
37436
40775
37555
37005
30514
30647
31681
32012
36396
37444
39191
35974
34212
39648
38300
37628
35563
39187
36163
35738
33561
40221
37966
31121
31810
39221
31550
33353
38203
32833
30222
42527
35907
36510
33437
34762
31316
30497
32269
33117
33390
38206
37430
32640
40437
34330
30114
33603
42166
42006
40639
31279
35845
33375
35941
42920
40928
39913
38685
34548
38218
38939
31026
33623
38560
36656
32214
30680
37721
35709
33017
36879
32339
42894
34754
31854
41889
38549
37212
32143
33320
32239
39078
32817
34379
36412
34235
34403
42663
38104
33163
31839
40752
39132
31721
34060
37984
43105
37124
39830
37192
43233
34984
38413
30960
34385
41540
37374
35193
30854
38716
36280
36597
41719
30391
30167
40237
41948
36332
31363
35740
34163
40913
39994
40031
37243
32813
36355
34742
32553
32909
35579
40608
40006
40774
40245
36194
31855
33984
42403
38494
41642
33349
35864
39208
31346
42687
31492
33519
34297
34201
31031
41467
32126
42491
37615
31924
37905
42064
36096
35235
41866
34217
42728
42330
38082
37054
31152
39487
35430
31677
41938
30967
38522
34495
41038
32660
34883
34428
36104
42475
38519
30867
43152
36859
39672
35374
32549
39935
34700
42076
30441
36849
31295
30755
30182
35826
36490
31462
42237
37280
42155
35063
33718
35351
41874
34623
35102
33327
34793
31535
35096
35134
39917
36048
32913
40075
31036
31144
33299
35753
35771
30893
38643
32736
39745
37744
33098
38392
38809
34704
42553
33306
31133
32479
31396
35189
40859
32303
43118
37415
34789
38466
34741
31172
38315
37057
31836
30394
35042
32816
35896
38802
41991
33865
34098
41245
38791
33048
33564
41030
30330
36493
32409
34921
30159
39466
32223
40090
38347
42652
31902
42476
40637
42375
36237
34887
36548
35737
41113
40085
38664
37294
40923
37175
32450
33416
30382
32700
36495
43003
34004
41186
34333
41945
35598
33300
39894
31154
35888
34791
42069
38023
36046
31944
41845
33853
40960
34337
31033
37656
40891
32213
38859
37064
35622
42877
38055
30994
40187
34635
34575
32322
37779
37791
33750
39417
38523
41939
38909
41242
40941
34912
40961
30605
36551
38368
35204
34420
36265
32590
33694
38114
31940
34165
38017
34383
42439
39155
32258
31467
34557
33146
33289
32101
30509
31576
35733
38445
42522
31802
30367
36136
39003
32450
34208
30455
30326
41823
35402
42555
35822
32716
31472
37411
37816
39414
39846
40546
38873
35832
36019
38604
38832
31523
36569
39827
33782
32667
31979
32267
39190
42379
40442
30570
39592
41648
35782
30953
39742
34761
41196
41011
34633
41887
33974
36552
42463
33462
31090
36097
39546
37646
35497
33196
32397
34022
36394
35836
35910
40969
42090
42805
35382
36296
34704
36302
31674
32044
30356
42638
35865
42246
37659
31574
34370
34057
41524
39467
34056
31242
30799
41853
30980
36750
32230
41798
42618
31328
30953
43254
34212
33773
35168
33290
36843
31144
31136
37115
35484
40916
42545
40535
32999
37444
32793
39835
32384
33795
32033
33728
31990
42592
37971
33570
36533
32190
38876
34681
42334
30647
35787
30619
41577
38502
33444
39274
33669
31450
35405
35946
42198
37063
32192
30731
36130
39110
33231
38369
38736
37942
42749
40352
39839
31582
33031
39312
41856
32603
40999
34496
33914
35028
43168
38191
42584
33561
34889
31497
42640
42614
43038
40452
36132
35822
34048
36310
37129
34520
39966
40906
37490
30181
34464
40771
30835
31587
42594
38770
33219
40370
32490
32214
36901
30458
35487
38636
40192
36573
32936
35752
33017
30341
37681
40782
34388
42155
35149
36972
34469
36182
31029
36869
41428
39457
39905
33598
39781
32534
41090
39876
36545
38226
36244
34441
38733
41183
34371
39471
32472
34578
33645
35583
42083
35174
35323
41341
36120
41500
35619
32329
30813
32667
38979
32491
34574
36316
32963
42498
38480
37880
41254
42550
41884
42956
36258
34469
37802
33542
32507
31125
32993
31865
30580
41830
36304
32049
31188
35235
32678
31473
35080
38542
34124
40718
34085
30669
42013
35186
32783
38438
34118
42549
38036
36638
30166
42770
43027
42385
33903
41451
30939
31895
30731
37834
40886
37693
30917
38787
37812
33444
35881
38447
42018
34899
33514
42481
30437
32114
31317
39419
39225
37725
32898
38170
32507
41788
32927
35251
38362
33516
39647
41432
35893
32769
36576
32521
42967
42279
39321
33164
34973
33208
31025
39724
37559
30588
35721
35795
35378
36018
35882
40471
39883
32604
33912
43287
43162
30311
32788
30547
33618
35752
42429
34485
40466
31215
33640
40838
34473
35798
30858
32008
40464
33191
37057
32819
32192
33626
38846
41391
36171
37555
42232
38636
34511
31301
31211
32414
42307
31957
32241
41935
40109
30291
34500
34318
33256
42101
41168
36499
32949
38959
36326
34856
32363
31794
35863
31785
32242
39412
35308
39087
39624
30176
37613
36068
33684
40462
42929
38498
33940
34351
36621
31147
43272
36530
42799
43007
40458
40432
42176
33422
36035
40159
36703
30407
35329
41220
32116
42090
38249
34507
30326
37553
30541
34116
37934
32019
34016
33759
42399
40806
36616
36045
33652
34839
42802
36105
39538
40591
39882
33921
30953
34365
35241
31342
38859
36273
41971
35721
35974
30160
32313
33530
37292
39827
30371
33904
31123
42909
34514
39027
37999
36125
42491
40880
37863
35244
30601
42365
35727
34769
38629
39916
42563
33624
32002
42537
30705
37943
41224
37473
34502
30264
42073
30263
30254
37508
35639
39760
38910
35678
33755
30946
33907
33084
34983
35092
34835
36292
40289
30337
33940
35261
39738
36126
41602
35390
41190
35264
31781
38260
42895
40625
37208
35741
32234
36570
32149
41069
31661
40728
43227
42237
38843
34149
40761
42177
33449
40174
34178
43070
39108
35123
30128
42595
30618
33387
40863
42585
42126
38761
33793
33145
38541
31720
36316
32674
30778
42982
41670
33176
32074
31045
33883
34161
32856
31896
38825
36650
36432
31716
32155
35995
31020
42975
35830
31571
34155
36883
38189
42135
30559
40490
31251
34230
39602
33448
41081
35033
35413
30422
32511
30980
34794
42137
36002
38687
31873
35402
41354
34540
43183
35620
35148
42823
30278
30250
35422
33077
33203
39161
31373
32692
42747
33925
34905
33949
40474
36073
30590
32792
34520
40341
32767
30335
32199
33017
33136
32230
37677
33837
39889
35625
34216
33040
31184
37898
36244
39862
41540
40396
30988
39469
31931
36264
32571
33781
32442
38436
40800
35558
36073
42470
32970
34795
32741
30929
33374
30506
36947
30990
32244
31805
39905
31327
40755
37443
34119
36980
30372
40309
39846
35788
33112
41198
34042
39619
31529
32815
34935
30543
35815
33851
33445
35535
37661
43045
41191
37294
39256
30573
36286
33667
34327
32980
35570
40798
40278
31616
36057
30554
39392
39768
40585
32693
36014
42172
30727
34043
32228
33722
42601
30417
38799
34541
36568
41516
33722
32074
42572
36312
32320
42352
32559
37547
32519
31695
39997
41571
38365
33685
43181
36070
31148
32466
35109
35029
32404
32345
35557
31056
38375
40150
32751
35976
30930
39946
39919
37196
38512
31540
37903
40647
41588
32987
34140
34927
34343
34029
34955
30696
37758
35942
31461
42147
38477
30749
40781
40940
33641
40309
32069
34245
32747
32484
31599
34248
38163
30182
37699
38130
32524
30582
32272
35022
37639
30777
40084
32320
33504
31935
35075
42760
40407
33008
31072
32918
41565
41707
31747
40737
41603
37946
34634
34199
38261
35322
35225
41364
40458
32580
37996
30516
40848
35364
36803
40607
35521
32460
31897
31331
33580
34556
30540
41693
31222
38005
40670
34929
33546
41672
33589
32954
38107
30470
30610
41008
40709
41457
37871
34596
40308
37263
40821
42659
32728
32134
30969
38094
35247
41173
31270
37800
40819
43073
36185
32787
32873
33373
36443
41434
30795
34841
32070
42043
40871
32864
39868
40253
36098
31897
35726
33636
38763
31698
34391
36389
36477
43239
32602
34417
31779
30571
33625
35253
37555
34450
31107
41701
30165
31108
38552
36246
37797
41794
31198
33381
43259
31607
32964
31195
37247
34275
34198
34555
34133
41924
42281
37652
35168
39944
38425
36181
35183
36370
35606
34184
42571
33055
42440
31490
41010
33356
35410
41138
33675
38660
32120
30452
33601
35880
38154
37315
42097
32534
33552
41816
30621
35587
32421
41794
34921
33831
42023
42436
31209
42041
38766
36034
34975
34598
32198
34194
38844
35056
34359
38949
35162
42480
35115
31666
33364
42482
31507
42777
38327
32755
37439
31642
33424
32228
38360
32368
33808
37988
41920
30910
30721
32386
34056
35519
38740
34393
35769
35311
35966
42990
41382
36260
32108
32656
35250
34350
35204
39334
34677
39271
35708
38088
39709
43219
43180
38734
38749
34236
34462
32089
31154
34890
35846
34620
31164
43192
40089
38360
32082
40807
41424
39807
42500
30227
35390
40452
41084
33299
40347
34869
41405
30699
39833
37750
32937
34240
36906
33937
36217
38485
36312
31020
43150
39130
38798
30544
33136
41549
35205
42798
37849
41410
36066
38464
36132
32467
31683
32987
31268
39373
38686
36451
31038
37911
40002
36367
31037
38208
33161
30290
30419
32146
40798
38296
41454
33744
31040
36308
39605
33092
31329
42274
40753
35251
41084
35825
35086
34225
30140
35083
34725
38924
37283
31662
41504
35075
41357
35249
41257
40388
38743
36026
32744
41957
35803
36050
35143
30878
41304
30322
41958
33255
35880
32277
41694
40447
30543
30229
43014
30938
36188
41544
30145
34776
42281
33211
38037
33761
36372
37042
32284
35172
36082
38696
36337
36928
31977
35491
34622
38801
39767
40982
30747
33019
36781
38606
38399
31666
38269
30162
42790
32362
42228
40250
38468
34576
41426
31247
42302
43089
32105
34882
32331
39151
39085
30706
37543
36624
38482
35674
32124
34625
33206
36462
35913
32554
31652
40176
41985
33672
35029
35496
41640
40201
40431
37698
33956
38422
36657
43255
36004
41742
32000
30811
35639
37253
40096
40211
39881
35581
38165
34111
31286
36520
33399
35534
34301
30732
30743
39823
34861
42010
42841
36577
40944
36305
40370
32357
35238
38210
40639
37197
40904
38308
43225
34028
38600
31830
33316
33486
30595
35196
38858
35998
43002
36997
31427
33319
32072
35447
33252
36669
42370
31108
33104
39490
30118
39791
42981
39780
34145
35411
30688
40176
32569
32530
41040
36241
34962
37710
42158
30136
40291
39393
37393
42579
41763
30198
38124
38439
35700
43180
41519
38769
41135
34954
38327
32525
35819
41568
34699
38810
30821
42869
35862
32623
34480
36406
41392
38466
30518
40569
33663
42021
38774
30650
38272
38574
42691
30184
33887
41589
32435
32038
32843
32639
37826
33043
32643
38679
34786
34983
31066
36489
30566
36942
36825
39655
39616
31408
32548
36400
37164
38882
30455
37820
36143
40640
43077
35659
31704
42371
30269
32795
40374
30369
33617
37336
42014
32680
33076
38320
31001
35590
36468
39937
31234
34017
33876
40839
38546
36609
30816
36509
31474
34346
40808
37315
33465
34438
36069
39096
37257
32759
32474
38053
30364
40967
42898
39633
41447
31398
36515
40260
37966
35078
43133
42679
32439
33629
38021
31777
42701
32692
31300
30837
32994
31479
37330
39405
33184
36334
31964
38529
35204
38215
31997
41791
38022
36935
32236
33948
35311
31032
35603
30899
37111
33844
31645
32814
34505
36240
41092
30692
32437
39927
30867
38748
36572
37673
42022
42654
33499
36015
41435
33363
40303
35836
41643
32384
33961
30536
39271
42198
33215
36636
43282
36519
37337
39043
40167
40147
34910
31556
33583
37173
39907
35167
41927
39950
41728
30261
38590
42476
30655
39378
32801
32697
30496
31180
39763
38073
35481
41848
42953
35458
42801
38587
30966
31272
35781
31992
42105
38726
42703
33110
36087
32061
41745
30982
36695
30721
32687
34584
40940
38613
39491
34690
37557
30724
41392
34110
35077
40047
40804
33056
30234
43279
39473
32732
41081
39318
32432
36102
30926
33032
40265
43122
38214
42211
39776
42443
31729
34016
36983
41654
32738
33473
38750
32607
34032
32519
30601
42474
31266
38511
31951
41021
31392
32209
31712
32446
30120
40622
38615
32045
35318
31973
40993
30144
40296
42997
33821
42098
33500
33470
30354
31688
34119
40960
36004
35257
33656
35570
43256
31050
31025
35100
38207
34953
35299
33628
31959
42559
31050
41029
37772
41296
41323
34795
31836
33864
32992
36759
32992
39187
39709
39517
39786
42272
34952
33749
42256
39041
38455
31401
41617
35071
38501
36293
38266
31645
32210
39318
35468
32129
41789
32448
31977
35362
31809
39562
33163
41647
41524
35744
32337
43056
34083
37255
32678
31705
34018
42738
31304
33731
41229
41292
38870
35830
36962
36975
34930
36713
43012
39054
36948
39389
33613
38440
37088
34708
39815
31583
32045
30183
39715
36364
32868
32923
34111
33280
31552
30148
36410
30367
32688
36903
35534
31960
33745
35166
43085
41168
33629
38575
30230
36077
38601
31628
41939
40360
39002
33882
33490
31788
32669
30325
41264
38500
35033
40694
30512
36207
33222
31702
35685
38971
35509
31925
30134
40721
36106
30407
31734
37269
40991
36444
35348
31792
35719
30493
31857
39803
35075
32595
43074
33551
32934
38196
39585
30718
35055
33453
38743
41587
37512
36474
30710
35738
33161
32297
35365
38002
30385
34213
41479
32067
30505
32666
42636
38389
43144
34691
30555
38217
39965
33059
39824
36955
35510
36011
34371
31987
40605
39990
30259
31338
35165
39045
31464
39393
32336
31468
40628
36235
32727
40692
31266
42599
39436
35184
30152
33384
33404
32504
39385
36046
30585
31896
39553
34754
32151
34957
31051
42436
39057
34222
37215
31731
38133
33554
31258
38475
31905
42852
33546
31985
34572
31818
37540
33461
42251
34298
35889
40542
38534
41221
33230
31845
32584
38160
30208
31587
37506
40885
31211
42211
30271
37125
37936
35717
40103
33068
42336
31095
33841
30601
34533
34055
32319
34082
38881
41024
34703
41983
31900
31166
42843
35355
35981
34387
35045
35374
31158
32910
38337
33075
35625
31393
33398
32107
33975
40657
33941
42482
43282
35923
39198
36354
36450
30935
30719
35171
31875
32254
30575
42962
42838
34653
36163
35439
35039
39219
36279
30190
36915
36637
38276
32733
40225
32171
35699
33225
37560
39355
33576
33581
36421
32319
39080
38398
34279
35312
43029
40823
34046
41049
42223
37490
32976
36910
30251
41392
34851
35712
34643
37811
33458
38045
40559
35565
36899
41650
32849
31636
43051
35139
41827
38303
34531
35031
30431
34725
35594
30143
33654
33578
32465
40980
30786
36073
34398
33189
30778
33232
39321
35735
35217
34106
35174
32254
34321
38943
34411
31323
32537
36756
32713
32238
40730
41914
36793
30855
34960
39366
38976
37679
30240
40764
39375
36248
40436
34865
38957
41997
40830
41975
30497
43116
32008
35995
31220
32920
30248
38184
30157
36679
42810
42408
43282
38644
39618
40177
42580
41043
31690
36824
36761
37808
34310
40336
38763
35495
34441
30172
33359
33284
42219
40149
40943
37604
36788
38691
40161
36151
42027
38624
35499
35972
35563
33833
38719
37100
32443
42360
40785
37340
34698
36561
31599
33121
43051
34235
35493
41449
34504
38049
32057
35616
33048
32879
31431
39782
40691
35893
34208
32773
39101
38620
39263
39061
36555
32715
31567
30923
37547
43223
30327
37086
30371
40690
39892
32373
40934
35911
42850
33129
34324
34088
32868
34991
38068
35452
33163
38162
42062
41860
30532
32260
31831
35319
34292
42225
37359
31766
34713
39510
32714
38792
36129
31960
39137
42652
37967
34106
41581
37060
36130
37790
38531
33584
32830
32758
31016
32471
36437
36547
33061
33817
31217
32450
38333
34197
34374
32070
37738
41922
31164
34236
30404
33010
38364
34724
31314
38736
30247
30451
38156
30843
30133
35033
33627
38744
36424
42411
30294
31250
35726
38857
41425
42887
31810
36228
34027
35264
40221
35270
41728
31882
37314
37058
31663
41064
41324
33427
31683
39118
32006
34933
30358
36347
37916
40106
31652
37256
30461
40329
34817
31328
40939
30804
32225
37629
42021
38536
42177
40633
33678
33233
36094
34852
31498
33262
38451
36119
35493
41602
31663
36229
37255
30809
39903
32085
31697
35316
33193
34027
34635
32255
34160
32281
43270
32404
43138
32064
30340
34987
30542
33362
35275
42845
33077
30665
33679
34638
40417
38277
33925
40912
36729
42589
36099
41581
38632
38505
33891
32194
40355
30718
32458
34681
33802
41637
35950
34647
30714
30642
42770
41937
41452
39574
31570
35062
39132
40799
40728
37854
40985
38237
36298
31709
39843
32544
38529
33392
34934
41403
33039
31541
34898
40799
35546
33813
33251
34195
34633
34069
32686
38036
39998
33975
31088
41250
31556
30462
31309
32508
30281
33367
42658
35359
37030
36352
38524
31109
38056
31920
37417
35924
33959
31717
41865
39332
31294
41946
41203
31958
42900
37993
31527
36414
40119
32234
33399
39313
39084
30734
42672
32999
36979
39292
32220
37325
32398
33634
32652
41877
34174
36547
35226
35667
39316
32322
35570
38183
38309
32868
33115
42003
39704
37892
39024
39402
32320
35965
40178
33918
41379
30433
33338
41295
30523
33594
40971
33117
37071
31603
39641
31106
36144
35931
34461
35974
32833
39158
33016
38509
34955
38934
41312
33069
34251
42876
35302
39448
41410
37975
35503
34771
40293
34977
37978
30561
43133
33151
34580
36243
32292
41340
36602
32621
37511
35198
33545
37516
32986
32056
32098
42825
38675
30287
34982
38333
41580
32928
31915
33557
35318
33598
35933
41783
32974
40895
30375
30466
38151
32730
31411
42812
31887
31519
41496
31449
42123
34324
33512
39817
34792
39581
42530
32934
30761
38544
32526
32512
32023
33622
39475
40080
32394
30770
41989
35224
34152
32379
33900
30942
41385
35786
32561
43031
37801
34236
31575
34637
30431
30736
32182
34133
33673
32855
31702
37081
33643
32566
33171
39353
35838
41337
30832
35421
31787
30949
38205
40793
33882
33776
42783
38028
36203
32857
31198
39124
34217
37606
32440
35431
40061
39768
30394
41348
31911
42585
35940
35529
30818
32028
39246
31560
36703
41768
34617
33501
32840
40251
34402
37808
39200
31892
31573
40578
35611
41857
40806
35653
39281
37403
33774
35043
31296
34389
38100
31914
36381
42157
31416
39137
31997
36357
39547
30700
39646
34957
40653
32105
40861
31728
41545
37109
32229
42360
35497
30942
42571
42805
34099
35729
33296
31942
30215
40824
43253
43014
32759
31994
43273
30156
33799
35491
34495
40986
31095
30647
38118
35721
36530
39512
42597
32569
35555
38993
34636
32873
31868
30489
34806
36403
32362
39282
36143
36350
41267
32758
36254
30923
37888
34162
32842
33977
32623
33366
31119
42660
35982
40721
33671
38283
42277
33898
32769
35309
32671
41547
30477
34270
39791
31332
33655
36410
35961
31091
33457
42087
35482
32046
38568
38518
34584
30452
35476
43111
31350
32786
42408
30520
32433
34461
40627
37037
32300
34631
39761
36770
39722
31459
32900
36755
42641
36590
35993
33572
34044
41691
39549
32805
42627
31906
34732
31463
31273
43208
38570
40245
42822
41376
35997
35367
32887
38102
42191
33369
34095
36014
31984
32190
33386
38459
30774
30767
38987
31563
34194
32380
38425
34854
30817
35292
38278
33296
38021
35951
42884
34482
32010
41314
42332
32504
34206
42912
39092
38245
31959
34403
42835
31746
36342
31353
33475
43002
30935
30968
37164
40560
36840
33422
31264
30830
32506
35196
30634
31574
32884
39669
30114
35796
32152
39229
30789
34284
35654
36229
32539
35388
42889
33981
34200
35615
36265
39711
33593
39279
41192
32256
31637
34482
36666
33805
36477
33652
41348
38739
35592
34154
30288
32212
32046
36542
31401
35588
30880
35660
34921
40209
34033
42101
36144
32065
41611
31939
37841
33710
33883
33521
30751
38132
39024
36774
36630
37819
32280
30483
33380
36024
31751
34825
30564
30579
37348
32873
30402
39864
36249
37083
36674
36950
34287
35328
37907
40431
41883
40033
33179
35549
38996
34131
35030
36526
40262
33702
30787
42152
30602
32579
34791
34902
34914
35097
32771
39486
39652
33696
33775
35550
42701
31179
31473
36387
32406
41755
33892
34635
30388
36235
42587
34744
37443
40585
37979
37324
42602
38403
31445
32844
36432
39842
33075
41513
37783
38477
31366
32307
42096
31297
35231
30508
34026
36665
38127
40776
43153
38038
36289
43034
32223
31540
41309
34901
31715
42137
36366
35035
36507
33378
33454
42005
32714
30499
33548
38669
33339
38327
31238
38251
41782
39951
36696
32099
42015
35236
43257
32438
33780
38217
39728
30969
32232
31619
41534
40915
32857
34372
31011
39073
34270
40606
30500
42551
31052
41647
30210
32152
31488
37913
39576
37951
35330
35385
30263
35712
40675
37682
