18396
20099
18816
18117
21473
17551
20830
17380
20266
19223
17567
18935
21270
18965
17533
20403
20115
20929
20901
18438
20266
19989
18946
18636
20029
19127
17866
19803
17906
20388
21118
19886
18099
19551
19557
18746
18103
18079
17904
18181
20398
18293
18140
17291
21252
20790
20432
17130
18899
20293
17790
20054
21021
17992
18670
19169
17719
18099
17907
17382
18764
17939
19652
21420
17191
17919
17082
20343
17547
18859
20235
20337
21492
17127
20011
18169
19391
17483
21512
17999
18662
18002
20454
19404
17245
18751
19540
18352
21281
20685
17210
18852
17623
21259
21492
19571
20462
20977
20734
18618
20796
18795
17222
18131
20285
18272
18507
18793
20736
18067
18078
17441
20655
20389
18962
18898
18020
19420
19419
17862
19600
18518
19889
19420
17468
17458
19152
17144
20591
17994
21006
19370
21340
18310
19837
21271
20501
18374
20283
18169
20898
20304
21115
19741
20456
18461
19701
19313
20914
18333
21298
20135
20622
18320
18933
18524
20271
17768
19930
19957
20384
21145
18904
19615
21344
20403
17408
20009
19263
17993
18898
20400
20112
17853
20297
19915
17058
20160
18342
17401
20253
17829
19013
20262
17425
20057
21107
18699
19674
18086
17946
20288
20799
17513
20233
17483
17352
19783
20949
17845
21379
19464
18476
17069
20330
20973
18959
19941
19676
19188
19440
19137
21086
18662
18909
17132
18407
17533
18076
19987
18954
17101
20395
20592
17199
19147
21131
20992
18180
19224
19523
17137
17727
18976
21010
17354
20926
20323
17929
18068
19157
20177
18247
17320
21197
20726
20968
18887
17698
20649
21024
18446
20456
21507
19501
17234
19191
21026
17084
21104
21014
21228
18956
20334
19511
20868
21359
20094
18564
17263
21331
20370
20126
20089
18354
17653
17208
19039
17620
18343
19845
20069
18777
19985
17853
18291
19062
20996
19627
20411
20422
18226
20978
18209
21197
21184
19396
17730
20246
21391
19846
19915
20687
21065
19306
20927
20754
17567
17725
20336
21234
19238
17962
20954
17486
19378
18577
18173
17781
21079
18222
19733
19964
19381
21446
17522
17976
21393
21330
20116
17691
18300
18125
20913
20345
19058
20874
18853
21167
20379
20466
18198
19885
18025
19262
20349
17835
20744
21098
18657
19576
19283
18960
17709
19477
17449
20031
20961
17236
20523
20018
18086
18845
19496
20766
19106
18538
21234
19404
17105
19264
17144
20520
20332
21101
17181
17316
20119
17932
21338
18574
17090
21450
19564
20320
20858
18238
19255
17877
20056
17564
19958
17806
20654
18405
17373
19714
21434
20974
21335
21345
21003
20408
18053
21339
19724
17481
20732
20736
19519
18152
19471
18547
19695
18190
19309
17621
21425
21227
19346
17721
17094
17640
19642
18465
17054
18799
20656
20093
18383
17196
19414
20395
19658
20480
17524
20651
20952
17362
17704
17439
21445
18981
19764
20952
19671
20715
17862
19509
19190
19364
17259
19654
17172
18294
20154
19496
18073
19614
19679
17712
19384
18467
21304
21020
17654
21150
19207
19098
17642
18222
18581
18823
20396
17217
19483
21160
17990
20120
17651
19873
18139
17986
18229
19054
18096
19527
17808
19084
18330
20746
18457
17697
20135
19638
20253
17413
21444
17487
19211
21320
17747
20815
18917
17378
17757
18629
20451
17051
17804
18520
18424
21163
18731
18035
19188
18114
18784
17694
18835
17956
17710
17361
19421
17771
19303
20371
19461
18159
18211
19625
20401
18991
20480
18662
18223
20659
17803
19504
17160
21023
17172
18915
17360
20476
19256
21472
20663
18632
17564
17618
20619
20064
17666
20384
20625
17991
19201
18834
17498
19675
19428
20208
21233
21514
21264
20727
18031
17140
17970
18477
19410
19370
20967
18285
18926
21088
18683
17777
17679
18985
21119
17850
20562
18094
19338
17998
17697
21104
18988
19738
20620
17774
18665
18461
21134
21485
21369
18267
17994
20218
20933
21242
19219
18477
17458
19069
17417
18247
17696
17820
18036
19384
19189
17540
18276
20142
21356
19762
19931
21401
21185
19040
19142
18056
21338
18881
20490
17880
17830
18290
20012
17741
20763
20006
18626
19576
17833
17841
20023
18828
18573
17820
17823
18501
18355
19229
19530
21469
20916
18978
21008
20605
19527
19864
19469
18146
18805
21327
17971
17742
20910
17352
17768
17998
18240
19086
17137
20709
20600
17964
18699
19783
18581
18555
19662
21391
17500
21222
18543
17240
19629
18868
17855
18897
20403
18902
17090
18974
20874
19763
21179
20423
18994
17579
21455
20062
19601
17896
18011
20135
18390
17256
17791
20199
21195
18726
17667
20872
20441
19522
17422
17367
19695
20159
21397
21487
17692
17612
18567
17083
17075
17690
19022
20270
19223
19442
19510
20278
20909
20171
18181
20383
21413
18487
20800
20827
17601
20719
17670
20099
18259
20780
17265
19426
21087
18705
18415
21409
17178
17892
18889
18896
18976
18321
18371
17946
20156
19806
17108
20239
19333
20545
19477
20090
21356
21188
19475
17189
19594
20705
20882
18377
19985
18915
21128
20667
20776
17207
19546
17661
19437
17816
20515
17963
18260
19860
21491
20095
19560
20236
19217
19815
19341
17403
18555
18246
19140
17618
17687
18507
18615
20152
17247
20393
19927
17854
21164
19184
21343
18598
19760
20763
18499
17846
17116
21413
18529
20415
20555
19804
19757
18045
17176
21058
18434
19633
21465
19490
19072
19213
19305
17298
18534
17500
17852
19324
21179
20037
18621
20172
18704
20006
21069
19413
17123
19814
18844
19887
18152
18440
20646
20812
20270
20112
17830
18263
21494
20562
20246
18816
17702
18643
18807
20810
18915
21033
17193
17288
17946
17236
18381
17836
18205
18923
18488
19475
19795
19328
21066
19295
18461
20251
20131
18226
19807
17892
18570
18386
20158
18055
18757
19974
19456
19817
20052
18766
18873
20903
21319
20734
17483
19653
18049
17587
20826
19097
21498
17932
19021
18477
20127
20772
18286
19910
19462
18859
18127
21352
17839
20741
18480
17804
18095
19878
18859
18788
20968
17831
19442
20801
17975
17434
19295
19758
20481
21305
21030
21325
17873
20254
19994
18121
19646
18868
19673
20639
19021
20876
18155
19881
17870
17465
20340
19199
20105
17180
19207
17517
19545
21502
19204
18344
18833
18925
20012
18122
18206
21386
17656
20269
19610
17597
19528
21179
17925
21422
18447
17686
17992
17434
20512
21195
20859
21251
20097
17114
20069
18981
19570
17778
20533
18953
18733
20474
18207
20493
18779
18551
21421
19471
19700
21448
20474
19666
20164
19269
19565
21389
18286
17496
19897
17536
17605
19918
17667
17436
17543
17892
17425
17781
17593
21401
17629
18625
21200
20982
18223
18294
18626
19098
19515
20305
17240
21391
20288
19067
18956
18926
21028
18639
19690
18984
20528
19614
17861
18759
19327
19368
21480
18222
20054
18850
21287
17370
21114
21465
18549
19862
20390
18468
21380
17150
17113
18919
18865
20933
20583
18214
19049
18222
19777
17246
19287
18726
17202
17526
20698
20109
18257
19774
20469
18526
17754
17780
19079
17523
21245
17879
17833
18979
17523
17423
17863
17461
18766
18326
17776
18823
18708
19575
21183
17111
19885
17923
17881
20809
18361
21055
20350
19360
18220
21084
17895
20704
21458
17555
18082
18094
18342
17842
21078
18181
21342
21388
20777
20323
17948
19108
19712
17264
17669
18612
18289
19810
19804
20289
17504
19503
19011
19873
19724
19368
19051
20428
19469
20543
19890
20152
19692
17891
18414
19505
17445
20925
19299
18913
20941
17194
18560
18735
19140
18760
19968
20634
17171
17466
18417
20408
17580
19880
17723
19269
18252
20523
20247
21147
20306
17349
20696
18977
20642
19016
18262
19530
18499
17129
20332
18369
19775
21338
17715
17935
18305
19106
19737
21213
20871
17097
20325
19846
17520
21392
20674
20628
20831
21372
20205
18946
21113
19527
18617
17713
17409
18013
18417
20413
17953
18663
19261
20181
19980
18416
17505
18728
21118
20046
21431
17686
20556
20358
17689
17202
19193
20533
17572
18153
18203
17391
20797
17529
18112
18235
18258
19943
18777
20068
18585
18697
21188
20007
21430
19924
17580
18935
20058
17406
21068
20436
20943
18201
17638
20653
20983
17075
20136
17548
18864
18399
19985
18209
17119
18355
17403
19217
20820
18465
19290
18082
18045
18041
19305
20235
17968
18467
17714
20823
18591
20184
17929
19975
19115
18547
19744
19763
17765
17735
18021
18562
21070
20552
17843
17058
18694
20727
21250
20870
19690
19720
19167
18898
17757
18726
20871
18118
20833
19612
18615
20964
18143
20418
19569
18505
18147
19318
19962
17974
17122
19238
21411
18921
20273
20122
19029
20551
17794
19572
20337
19895
21446
20404
18053
20606
19578
18776
20158
19069
21286
18648
20140
19876
20971
20504
19450
20753
20711
17718
18450
20770
20248
18673
19510
19523
17483
20835
18978
18497
20391
18347
17835
18840
18839
20143
17720
18403
19813
17544
20689
20957
17224
21248
21010
19143
20065
18912
20541
17384
19832
20656
17521
21462
19426
17788
18751
21215
19190
19721
19943
18928
18292
19754
17535
21143
20836
20343
19158
21495
20749
20527
17449
17424
19883
19186
19775
19873
19437
19690
19805
19384
20548
21467
19104
17207
19545
19229
21307
21503
20738
18246
18686
17138
18887
18533
17169
17881
21170
21139
20786
19766
21238
20767
17906
17994
18610
17327
17509
19483
19770
21162
18422
20016
17464
17877
18369
19447
21185
21311
19335
18206
20032
20988
20707
18034
18502
18756
17588
18542
18370
17182
20631
19186
18287
17488
17489
20741
19380
20820
20070
20173
20187
21142
20442
18543
18680
17200
17274
20305
20159
20573
17669
19029
19152
19673
20171
21420
18080
20441
19137
19166
18878
17230
18859
19823
18462
17875
17074
20035
18960
18596
20832
18504
17679
17344
17182
17706
17187
21102
18540
20724
18638
19779
21332
19254
18537
19243
19663
17153
19441
18031
17545
20815
21169
18097
21214
18777
17984
19551
17302
18861
21503
19121
21316
20434
17086
20711
21300
19387
19553
19505
17109
18457
18758
20263
20659
21204
21440
20200
18849
19455
17276
17839
17409
18702
21015
21196
19780
19821
20964
18435
20227
20269
19662
19601
18807
17332
20403
18874
20142
20508
20671
19644
17533
18043
21127
20023
19321
20256
21126
17873
17959
20865
18785
17122
21005
20147
21409
19070
20652
20356
18140
21510
21108
19167
21307
21403
18006
20161
17825
20856
18528
21190
17191
20220
21470
19846
18879
17990
18257
17749
20650
18867
21501
21320
20525
21005
18746
18210
19256
20941
18778
19764
21161
18326
20151
21008
19550
19823
18505
17334
18723
19134
18384
18580
19477
18592
20130
17256
17101
18721
19369
17598
19761
20689
19577
17218
18901
17288
19377
18899
20232
17335
20775
21287
21394
19563
17632
17370
17532
19979
20698
18015
17445
18433
19428
17506
17596
18338
18622
21262
19523
17142
18488
18834
17893
21327
18772
19478
17305
18015
20295
18074
18609
19895
19755
21069
20717
17070
20975
17829
20286
17735
21058
17985
18940
19427
19976
20663
18881
20841
18291
19613
20299
18491
17230
20097
19959
21131
17509
19243
17446
20683
19402
18515
20919
18437
18599
18423
18141
17545
19419
21068
19347
18133
21111
18215
17547
21241
19743
17352
20015
17560
19166
17185
18860
20554
21394
20958
18323
20499
17239
17633
17834
20091
17741
17234
18694
17818
19253
20594
17800
21278
17127
20194
21364
17190
19471
18221
18695
17348
20062
19252
19463
19754
19003
18710
17467
18584
21338
17285
20845
20957
19432
20965
17153
20665
19490
21241
18538
21245
21403
17050
19477
21262
18621
19309
17398
21492
19812
20417
19305
19862
20221
17338
17417
19559
17517
18996
19982
20179
20037
17434
17875
18095
18466
17081
17850
20434
20667
18565
18199
20468
20024
17776
17676
18512
18637
17720
20592
21395
20098
17115
20151
17843
20220
18794
17781
20147
20058
20753
20053
18519
20116
17351
21358
19977
19963
19431
20893
17202
20429
17859
21298
20462
19541
18639
21285
21026
17124
17334
20200
19065
21130
21088
18796
21295
17288
20522
20280
18637
21062
19395
17641
18566
19764
17761
18440
18290
21165
17445
17375
20183
20309
21241
19958
17973
20915
20888
21026
17049
21019
20273
19741
18358
20069
17670
17159
17374
19407
19011
20795
17666
20441
17207
17430
19314
21165
18435
17962
19617
17961
19656
18229
18382
19184
17752
17094
20971
21080
17117
18804
19894
20042
18184
17967
17152
19402
20567
20054
18060
17486
18910
18863
20147
19446
19054
17804
20007
17495
20488
20761
19852
21197
18560
21157
17949
19379
18426
20164
17944
18206
19898
19618
17813
19574
17250
18962
20649
18102
20581
17359
20186
20872
19038
20585
20368
18473
20611
19189
20446
17938
20206
17534
17156
21183
17592
18701
20535
18305
21497
19813
19218
19549
20255
21310
20008
20439
17451
21165
18072
20618
21054
20067
21389
18249
18455
19653
18907
20719
17986
20213
19273
20824
17979
21429
21499
20274
17673
17116
18649
18459
21451
18231
17058
18948
20942
18150
20136
21151
18359
21104
21388
17721
18699
21061
20417
21179
20537
19199
18450
20601
20735
18197
21401
17662
18621
19025
19336
21505
20755
18004
19067
18439
17117
18007
20878
17863
17854
20092
18061
17770
18075
20463
19094
19955
19186
18230
17251
18080
19198
20780
18838
20293
19129
19778
17851
18294
17698
18688
19582
19487
20363
18590
17093
18473
19746
17225
18176
19245
18910
18832
18522
20552
20001
21426
18127
18426
20687
17136
17338
20721
18429
18316
18600
18155
20456
17844
17380
17047
17294
17606
20381
17663
19710
21122
18265
17362
17519
20616
18929
18774
19928
20940
20469
17448
20319
19408
21056
17607
17668
17951
18909
17363
19088
17827
20287
19811
18547
18524
19538
18106
19783
17797
19940
17818
18116
19446
21188
18192
21361
17591
21039
21215
19226
17189
18358
17208
19434
20954
20179
17391
17628
21481
18333
20436
17059
19500
17677
19209
17751
20583
19932
19519
19524
19400
19641
21215
19407
18354
19653
19579
19806
18984
21115
20251
21008
21138
20996
17392
20845
20616
21321
18103
20154
19325
17590
18249
20416
17567
19109
18426
20239
17753
17453
19789
17865
18866
21346
20930
20830
21119
17283
18605
20552
17786
17406
17938
21114
20587
17388
18914
19689
18815
18906
18985
20970
18561
17916
19966
21042
19944
18158
17898
19184
18583
18492
20506
19063
20382
18972
20710
18106
20086
18110
17915
20567
18717
21396
17550
19275
20002
21409
18766
20402
17763
17914
20723
19720
18858
19606
20150
17811
20591
21260
19292
21110
17222
20673
18291
21484
19198
18666
20728
18877
19144
17141
17500
21380
17620
17411
18813
19755
18953
19183
17970
17298
20222
17915
17577
19841
19433
17112
20322
20795
21130
17460
17171
18505
18295
17806
20461
19394
19124
20818
20451
18203
17156
19951
18198
17706
20160
17889
18839
18691
18018
18239
17286
18504
20498
20898
18489
21350
20795
20510
19519
20443
17470
17377
20737
17226
19588
20422
18871
20711
20786
17482
18480
20801
19665
20176
21047
18736
19856
17714
17648
21255
20761
19860
21445
20230
17529
19113
18005
17947
17166
17619
18256
18284
18784
18357
20028
19752
20258
19818
19767
21436
21038
20551
18123
19017
21322
21345
19676
17298
18280
18232
21081
20003
17660
21190
21385
19828
19322
20721
18226
20906
19677
18866
20714
20968
17267
17172
20811
20483
17762
20976
17164
19127
21351
18854
18269
20760
20403
19300
20427
20314
19715
21291
18444
18762
21058
17961
18045
17657
19219
17718
19822
17372
21459
17184
20547
18686
18479
20650
17976
18873
19157
18463
19968
20253
19290
20749
19662
19997
17474
20294
19576
20404
20307
19228
21400
20415
19895
20626
20006
21371
21006
18494
17428
19306
18593
20228
21364
20330
18520
20996
18023
20935
18964
17320
19372
17772
19554
18440
21449
20943
18766
19659
18787
17442
20290
17112
18741
20384
21314
17795
19125
17106
17955
21114
18699
19309
19365
20490
20969
21442
19818
17571
18751
18032
21234
19053
21376
20630
18744
18112
18645
20328
21328
18458
20996
17714
17803
19180
18545
18418
20181
17496
20981
19249
18771
18437
19430
20310
17379
19492
17511
17758
17692
18355
19419
20935
19747
17595
21065
19762
17512
19698
17420
18549
17056
18750
19843
21219
18382
18719
17664
19730
18253
18917
19824
18189
17911
20540
17429
21510
19686
17205
17825
17444
19317
19171
19856
20289
19461
20113
17166
19123
21046
21355
18072
19776
21511
20934
20921
21192
19234
21468
21422
17734
20054
17649
18886
18176
20441
19176
20379
19042
20910
17209
19166
18134
18281
19295
18295
20284
18462
21202
18939
21514
20960
17655
21468
19202
20788
18554
20673
17692
19764
17903
21042
18424
19128
20633
18164
19519
21463
17679
17318
17859
20984
17611
21269
20870
21441
17642
18051
17482
19352
17240
21302
18925
19589
20262
17784
17488
17804
19385
18634
20624
17180
17439
18594
18258
19552
21420
17410
20440
20566
18228
19091
20621
17999
20316
18148
19509
20429
17393
17467
18899
17826
20738
19756
19992
20811
17048
18944
17786
18904
19050
20390
19826
18926
18562
21473
18631
20470
20854
18956
17830
21349
21232
21067
18857
18811
20434
20933
20705
20748
17287
18368
19898
17973
19784
18682
20680
18024
18908
20434
18199
17066
19349
17058
17986
21285
20006
21218
21235
20343
17883
21442
18184
20802
17269
19559
21126
17171
19222
17046
17934
17843
17900
18987
21333
20370
20050
19406
17894
19359
21383
19536
19806
18175
19510
17648
19102
17150
17394
19597
21437
17809
20559
18350
18009
18178
20345
19688
20054
17055
18434
20297
19330
18140
17153
18814
17763
20140
17823
17597
17910
17184
18756
20784
17680
18215
18423
18170
18370
18979
19010
17717
18826
17120
21243
19272
20160
18239
18253
18448
19141
20663
17899
17739
18213
20226
17619
19069
17425
20217
17456
17523
18112
18167
20190
18350
20986
18642
19973
17157
19722
21211
17636
18133
20410
20385
18977
20102
19728
20863
19157
18299
18685
20526
20165
19173
20611
19829
19796
18399
18636
20258
18207
17408
17750
19795
19573
17049
20909
18900
21292
17326
20403
18479
19937
19535
20478
18794
20848
20476
18082
20057
21179
18134
17414
20176
21514
18654
20783
18667
21395
20679
21065
20047
18345
19654
19566
20507
20146
19120
19043
20321
18759
18414
18004
17707
17264
17829
17726
17867
19362
20016
18174
17199
18012
20185
19475
18571
19698
20472
17491
20186
17264
21358
19205
19953
19293
19735
18347
17476
17103
19877
19180
20966
17639
20156
19985
20265
18223
19377
20408
20638
20200
20941
17674
17534
18234
18401
17646
20118
18320
20285
19543
19408
18296
17605
19319
20287
20566
20159
17447
17431
17883
20624
19636
18828
19448
19894
17266
20536
20525
18328
21437
19760
21192
17592
19850
18305
19776
17742
18107
18189
20349
19792
19852
19901
17410
18641
20452
18782
17144
18703
17314
18051
17075
19265
21409
18303
21137
17386
18953
17808
19857
19957
19978
17104
18889
18337
18284
20238
21328
19398
19054
18662
17435
20886
21015
19340
17883
20347
18894
17388
19770
21172
21101
19997
18749
17345
18714
20247
20694
19167
17475
17277
21026
21206
19168
21302
18981
20337
18587
20635
19260
18381
20301
20574
19748
20760
19119
17144
19129
17963
20276
17562
20198
18247
21017
18994
19925
21158
19482
19795
21002
20023
17918
18209
18042
17456
19335
18179
21184
18219
18255
18941
19164
19626
21109
20187
19965
18345
17412
17770
19593
20483
21191
19856
20823
21190
20111
18003
17496
20587
19716
17680
17292
20537
17996
20355
18187
21424
17576
20055
21459
20533
18354
20428
18737
19551
21322
17093
20761
18130
18356
19599
17758
20121
20981
20936
19650
18393
20667
18729
17718
21382
19754
17917
17766
20782
18458
20451
18812
20457
20184
18852
21430
19598
21038
19096
19423
20260
19050
17216
20756
19761
21125
17672
18352
18053
18282
17172
20732
17646
18457
17908
18570
19651
19832
18360
17139
18718
17794
18791
19087
18023
17088
18049
20279
21334
18881
21125
19276
18755
19581
18245
21355
18249
18425
20077
17982
20629
21246
17847
20605
21507
17381
19024
19282
18913
19950
18132
20480
18640
21338
19764
20636
19687
17771
21178
20127
17372
20769
19269
21003
17345
17123
19583
17520
20518
20367
20010
20442
17378
17260
18393
19836
17853
17215
20553
21474
21445
18733
20409
17963
20319
17884
18710
20946
18600
19784
19808
17359
17791
17951
17599
18494
19821
19696
17724
20998
18308
19063
17694
21213
17382
17225
20758
20843
20795
20672
17833
18965
18174
21041
20744
19324
18430
19390
21330
20869
18272
17933
19732
20097
17926
18841
20030
17755
20827
20671
21266
19532
21424
19466
17582
17294
18716
17175
19216
19336
17891
19612
18364
17712
20822
17248
19143
20503
17921
19360
17928
18943
18158
17847
18821
17379
19743
18156
17962
17837
19176
17113
20448
20973
19883
18030
17194
17554
19326
17575
19844
17336
19254
19273
19777
18360
20133
19637
17315
18700
20194
18331
19930
19325
21406
20277
18700
20591
20395
18224
18215
18042
18206
17373
18502
21209
17313
20773
17887
20305
19804
17674
21323
20112
17297
18308
20023
21244
21312
20744
18230
17371
19282
18090
17208
17725
18834
19127
18291
17994
21183
20804
18458
19670
20685
18508
20356
20117
18710
19936
18019
18439
17231
20535
20986
20053
17082
19004
17712
18632
18816
18615
19857
17857
18643
19616
17498
20639
21088
17136
19631
20220
20295
21470
18813
19287
19420
19944
20783
18663
20542
18904
19578
19770
18073
17488
21068
17524
18144
19108
18560
18569
18009
19486
18288
17138
17053
17653
20118
17295
18567
17772
17397
19220
17590
19540
18288
19688
18088
18600
18689
19134
17302
17400
19690
19674
19698
18200
19580
21438
18743
18003
17165
19881
17967
20298
21392
21225
19069
19711
17218
17985
18974
17363
19899
17603
17259
18290
20157
17661
21366
20356
18376
19631
19540
21157
17369
20914
20582
17074
19383
17160
20073
20200
19000
20311
17976
19319
17301
18272
17474
20384
18883
20340
17985
18710
18874
19095
18377
21211
18215
18003
20350
17956
17913
21271
17626
21074
19001
18157
18065
19230
21293
18402
20050
21017
17832
21277
17052
19055
18498
21121
18466
20207
17238
20257
18812
20069
18256
17513
20132
18426
20604
19094
20610
21174
17458
17124
18295
19212
19726
18242
18016
17628
17552
19275
21503
18946
17824
17866
20048
19292
17654
18981
20842
19484
18494
17352
19408
19253
21227
18070
20207
17259
18975
20945
18605
17815
18437
18480
17662
19461
17052
18177
18917
19021
20095
17776
20104
20680
17287
17860
17289
17336
20879
21429
18319
19899
18160
18021
20981
20643
17102
17403
18235
17717
18539
19516
20629
18100
19561
19012
19575
21336
19301
17886
17235
18241
21178
19870
20213
17254
20129
20551
18085
18463
17748
21378
20669
20986
18444
20460
18936
18026
19713
17455
19369
21430
17293
18008
17426
18328
19137
17132
19353
20500
20327
19920
21078
17784
17154
21339
17712
17281
19032
19716
20796
17883
21009
17919
19239
19679
20734
17781
18946
18443
20231
18435
19753
19640
20361
18223
19604
17670
17936
17042
20875
18472
19011
18921
21255
18682
17996
17494
18322
18592
18394
21091
19310
19083
21174
17517
18491
18297
20803
19089
19303
20449
19157
17875
17841
21126
20021
19630
17381
20151
17294
19284
17622
17496
17405
19184
18615
19298
20174
19417
20674
21086
20950
19501
17422
19357
18629
18773
19744
17564
20728
20013
18634
20977
19862
20060
19754
21162
20997
17664
20895
18865
17819
18416
17197
20833
20970
21189
19410
18002
18916
19455
19842
19429
17634
19103
20864
20397
20888
18081
20351
18388
17669
18839
18850
17596
17687
19694
21277
20948
19975
19922
19209
19235
19479
19783
17337
21175
20555
21002
18218
18569
17467
19928
17527
17634
18483
18422
18914
19420
18462
21402
21505
18128
17134
18137
21156
18306
18373
20708
19431
17935
17903
17252
20357
17550
19442
17985
19659
18099
18365
18126
21279
20294
17498
17263
19842
19695
20273
20932
19840
19548
18153
18480
20923
18254
17405
18578
20331
18304
18991
19823
19439
19956
20055
19266
20062
20997
20838
19154
19414
20996
20119
20388
17901
18570
18963
17548
20689
21148
17171
20013
17069
20788
19253
20085
18095
20578
20472
18649
17173
21237
20451
21244
17163
21232
18483
18151
20058
17700
20180
18253
18539
19315
20694
18144
17851
18215
19268
17978
17043
18153
18283
18721
19187
21357
17163
20419
20576
17775
20929
17361
18636
20649
18203
18033
18251
18435
17362
17050
19192
19751
19570
19205
17428
18036
21334
18294
19740
20682
21482
20530
21355
19839
20236
17969
20053
17379
21055
19950
19250
19406
19842
20229
19949
20866
17352
20851
17651
17632
18728
20971
17225
17053
18400
17120
17339
17105
20910
21169
19979
20391
17641
19237
20416
19996
17869
19418
17685
19990
21088
21249
19629
19457
18764
20292
17487
17135
20325
21266
19069
18621
17685
19989
18410
20325
17991
18488
18544
20707
19366
19731
20399
19411
19306
19320
17746
19824
20833
17260
19255
17616
18293
20033
18394
20478
21375
21510
17273
21155
19901
17719
18468
18247
17228
20628
21294
20862
17715
17055
20142
17241
19328
20332
19523
17806
17079
20646
17489
20155
17372
18017
18627
17213
18176
20927
20743
17085
18050
21046
17112
18086
17155
21001
19533
19798
19464
20347
21025
20119
20430
19591
19599
19040
19505
19258
19311
20334
17408
19966
18522
20146
18617
20567
18269
17431
19532
20232
20531
20777
20756
17759
17967
18391
18658
21187
20959
19102
20607
20956
21111
19607
21024
18910
17854
21417
17653
18581
19207
17892
17599
17376
21028
21475
19798
17575
18381
17561
20147
18588
19991
20775
20424
19111
17983
20841
19026
17953
19678
18870
18443
17160
21164
19046
21084
20418
18621
17607
18263
17679
17633
21118
20082
19639
17831
18574
20432
18377
19004
17134
17149
17676
17847
21046
19645
19044
19605
17565
21327
17661
18363
21003
20290
19384
21360
21039
20365
19215
17534
18686
17160
20557
19946
21467
20968
18489
18378
18876
18224
19651
19880
20249
19989
17484
19573
19131
20419
18705
20889
19359
20946
17609
17319
18502
17598
19976
20749
17713
17616
19329
21190
19156
19100
18473
19939
20194
20350
18474
20857
17830
18951
20767
18836
19369
19441
19408
19255
21217
19074
20842
17611
17618
21211
19345
17361
21271
20368
18858
20696
19092
17905
20508
20873
21120
20167
21269
17545
19218
18464
18269
20139
19681
18819
19674
20922
19700
17960
18969
17256
21023
21312
18521
18290
21077
19967
17810
17680
21094
20361
17396
20465
20412
17362
20615
19222
17141
19351
20565
21067
20106
21315
20589
19185
18536
20845
20620
20551
17605
19171
17803
18613
20007
20698
18152
17980
20984
19176
17457
21077
20227
21266
18998
17936
17498
19599
17781
17460
20393
17858
18780
17628
19681
19337
20122
18801
19874
20614
20003
18446
17104
21444
17069
19119
19193
19735
19708
19636
18755
20620
17860
21257
19775
21504
17582
17989
18272
20460
21202
18262
20537
18569
20205
19058
21512
20030
18104
17791
19828
17961
19012
21253
18443
18321
20618
20881
18028
21203
17421
19747
21274
20869
17657
19764
18786
19327
19639
18480
21299
19469
19097
19548
20206
19742
20950
19651
17140
19251
17415
17791
21282
20875
17133
19262
20561
19486
18658
20068
20902
19503
20863
21476
20468
19504
18026
17240
18752
18005
20881
17120
18343
19469
20805
20065
20133
20735
20449
17538
20060
21008
17923
21240
17173
21448
19374
20126
19034
19831
20453
17792
17758
20779
21351
20583
19820
17649
18553
17593
19422
20462
19752
20580
20929
18098
17377
18924
18014
19639
20192
19918
17567
20228
18745
17439
17464
20743
17807
18018
18708
17652
17110
21426
17130
19299
18139
20372
20306
21497
18895
18562
20043
17912
18071
17930
20149
18598
21379
17467
17427
17164
21503
19380
20203
21505
18164
20853
18444
20080
18640
18727
20309
19937
20043
18850
18772
19029
19547
19730
19363
20478
20911
18370
17562
19694
18781
17263
18926
17850
17719
19230
18927
21311
18261
20886
19589
20747
21031
19733
18237
19599
20413
19094
19241
18810
20346
19499
20069
17805
20409
18212
21035
19693
17512
20357
19263
20140
17799
17270
19070
19365
17312
18233
17420
21352
20935
20467
18671
19895
17614
19971
17736
18016
18241
21481
18598
18546
21221
20121
20137
19233
17593
21155
21489
17294
19673
20559
18215
18379
20856
18064
19274
17434
19015
19864
21194
17269
17293
17971
18674
18190
21228
19243
18428
19736
21257
19183
20562
18117
21231
17661
20406
18848
18219
17093
18871
18024
17713
18973
20543
19263
19946
20948
20503
18165
18861
19997
17673
21185
20356
21258
18023
20746
18274
18908
19667
19666
20520
20439
19298
21100
17707
21449
20451
