24432
22573
23048
22569
23926
23764
23769
23924
23383
22550
24341
22810
23534
24319
24176
22578
22834
23069
23189
23726
23925
22480
22943
22829
23851
24114
23272
23301
23944
23912
22875
23735
24057
22568
23829
23678
23285
22782
23915
22999
23880
23267
22695
23344
23120
22480
23266
24216
24277
23106
24115
22625
24191
24289
22639
23614
23322
22714
23777
23789
24414
23998
22556
23412
23228
23465
23069
23613
23419
22927
23266
23423
23360
23414
22786
23419
22963
23701
23132
23513
23724
23872
23620
22590
24079
24357
22587
22902
23789
23668
23969
23796
22839
23221
23019
22997
24208
23386
23195
24255
24200
23644
22802
23641
22827
23805
23456
22884
23424
22524
23450
23703
24025
24365
22522
22984
23313
22788
24300
22786
24162
23975
23691
22894
23350
24248
22833
22743
23859
22752
23661
22888
22799
22581
23424
22742
24307
22609
24015
24113
24423
22807
23134
23324
23970
24085
24414
23272
23810
22467
23405
22699
23347
23235
23994
24269
22506
23653
23458
23052
24073
24113
22735
24201
22766
24060
22881
23908
23261
23121
23086
24304
23814
22896
22812
24420
22844
23937
23429
22862
23336
23024
24348
22528
22725
24350
23368
22972
24395
22520
23470
23317
23524
22611
22762
23898
23753
23932
23795
23303
23814
24097
22663
23841
23878
23768
23343
23743
23395
23161
23547
24290
22981
23486
23356
23372
24245
23853
23636
24009
24036
22854
23372
22726
23430
22522
22762
22598
23521
22541
22789
23878
22752
24233
23467
23366
23175
24004
24239
23591
23071
23322
23521
23315
23919
22613
23166
22772
24435
22847
24436
23191
23281
23570
23184
22488
23486
24208
23820
22541
24084
23734
23600
23067
23754
23207
22989
22689
24201
22937
22761
22480
24110
23934
23022
23643
23835
23333
22681
22668
23495
23108
23932
23622
22653
22576
23230
22973
23961
22848
23129
23569
23999
24420
24144
24354
24194
23078
23941
22750
24198
24180
23858
23190
24021
23848
24195
23706
22500
23758
22840
24244
24378
24254
23817
22798
23678
22836
24297
22833
23056
24049
23898
23436
23303
22793
23500
23971
24304
24296
23163
22828
22476
23196
22486
24214
23688
23489
23843
23364
23915
22954
23331
23142
23956
23073
23210
24082
22747
23367
23854
23354
24397
23934
23472
22730
24055
23427
22635
23284
22929
22598
22753
23928
24179
22812
22478
24168
23735
22470
23388
22762
23963
22664
24347
23166
23292
23125
23183
22753
23154
22662
23840
23916
23768
23736
23802
24194
24063
22639
23657
22645
23894
23132
22486
23926
22924
23202
23979
22999
22696
23187
24115
24238
24127
23309
23062
23182
24159
23182
22982
23528
23765
23742
22695
24103
24040
23988
23607
23039
24029
23378
23130
23778
22874
22519
23955
23978
23230
22482
23706
24387
23287
23238
24256
24216
24098
23780
23920
23591
24200
23548
22627
22853
23986
22743
24085
23688
23817
22981
22628
22976
23413
22717
22595
22780
23915
23208
22708
24384
24152
22624
24189
22771
24394
23689
22617
23453
23040
23150
23475
22541
23138
22814
23492
23378
23028
23824
24012
23234
23462
23388
24215
24001
24261
23408
23897
23557
22611
24142
23385
23172
23638
22738
23998
23761
23659
22544
24365
23453
23697
23627
24127
22995
23050
22984
23528
23108
23222
23763
22514
23085
23273
23384
24366
24144
23963
23130
23579
23035
22627
23262
24090
23978
24336
23080
23730
23807
24363
22780
23668
22533
22951
24432
23044
23002
22883
23722
23505
23835
23491
23371
22555
23025
23641
22504
22590
23967
24264
22834
22483
23225
22841
24061
23583
23224
23342
24023
23208
23385
23085
23387
23769
23200
22772
24073
23088
22824
24263
23193
23902
22987
24388
22822
23135
24238
23477
23828
22843
24377
23298
22641
24219
23552
23030
23137
23500
22675
22628
23583
22774
23735
22680
23857
22937
23418
22831
22734
24251
23002
23619
22551
23920
24423
22882
23620
23056
23608
23005
23532
23942
22565
22862
23532
22507
22674
24111
22797
22984
23046
23597
22552
24057
23726
22568
22968
23871
22952
24122
23316
23319
23572
24192
22617
23888
23998
24393
24048
24196
22796
22687
22893
24307
24178
24405
23884
22851
22817
23018
23650
22991
22496
23572
23134
22716
22610
24114
23105
23276
23586
24436
24342
23016
24093
24150
23372
23912
24006
22509
23135
23280
23823
24066
22610
23106
23167
23707
24193
23964
24044
23213
24336
24326
23030
22718
23270
24428
22633
22507
23639
24126
22724
23143
22919
23506
23587
23648
23439
22511
23497
24202
22927
24091
23409
24374
23445
23156
23631
23640
23909
22975
22777
23008
24445
24299
23713
23178
22997
24245
22985
23187
23526
22530
24353
23961
24094
23273
22673
23795
24250
23949
24063
24440
22783
23224
23308
22733
23727
22640
23745
23956
22715
22594
22483
23393
24246
23400
24403
22558
24116
23467
23851
23865
23355
23925
24327
22634
22588
23258
24333
22864
23572
23195
23951
22797
24266
23514
23587
24384
22853
23684
23780
23359
24117
22899
23098
23401
23478
24008
23909
24368
22931
23306
23812
24100
24217
23992
23239
24172
22517
24345
23582
23163
23547
23539
22593
22490
23972
23759
23215
23283
24050
22712
23629
22789
23637
23102
23665
23715
22852
23418
24267
24156
23866
23965
23547
24339
22805
24294
23983
24227
24412
23168
24104
22464
23800
24125
22536
23803
23433
22735
23044
23012
22792
23598
24259
23797
24161
23375
24091
23434
22972
22509
24401
24180
23841
22484
22602
23501
24362
22525
24096
23706
22618
22495
23481
22964
22926
22526
24036
22869
22685
24223
24011
23890
24099
22991
24444
22698
23452
23755
24192
23426
23670
23123
23224
22968
23011
23577
22854
22977
23733
24202
24392
23576
23529
23500
23028
23887
22662
23324
23239
23939
22841
23158
22695
24219
23952
22942
23092
22476
22810
22535
23089
23502
24167
23359
23391
23582
22475
24136
23092
23868
22787
23705
24249
23300
23974
23571
22932
23913
24052
24083
24027
23821
23104
22911
23063
23336
23065
23937
22600
24276
23928
23566
24439
23880
24200
23268
24299
24251
23811
23959
23050
24164
22594
22998
22776
23398
22915
24276
22657
24039
24246
22848
22796
23438
24425
23591
23223
22671
24329
22527
23156
23322
22813
22551
24136
23883
23570
24362
22845
24046
22464
24284
22529
24385
23558
23691
23134
22646
24127
24019
23924
24043
23483
23998
22931
24338
22842
24290
24077
24432
24084
23673
22911
23483
23728
23593
23868
23289
23255
23700
24095
23897
22822
22918
22522
23567
23200
24315
22708
23631
22508
23643
23800
23875
23407
23111
24181
24190
23065
22994
24160
23771
23660
23371
23545
23144
23641
23508
22797
23485
23153
23504
23092
23178
23189
23883
22927
24142
23076
24277
24250
23716
22970
22685
23915
22969
24047
23306
24375
22573
23729
24402
23076
23892
23047
22977
23954
22744
23519
23455
23446
23133
23105
23829
23721
24332
23833
22535
23491
22838
22842
24395
22610
23337
23099
23533
24110
22464
23736
23069
23138
22475
24407
23974
23905
22949
23633
23739
23606
24009
22925
22487
22604
23532
23798
22614
23586
22570
24021
23088
24397
24367
24428
22637
22718
24023
22952
23296
22631
24212
24419
23681
23542
23828
23177
22772
23322
23427
24180
23978
23711
23042
22778
23468
22991
24103
24073
22894
23456
24441
24234
22571
23334
23299
23623
23831
23812
23180
23486
23339
23578
23755
22998
23864
24199
23173
23136
24239
23017
23308
23264
24417
23519
24068
23046
22593
24152
23914
22810
22677
23588
23101
23414
23528
24117
22659
22579
24176
22616
22622
23889
24168
23013
22800
23821
23851
23110
22981
22463
24081
23687
24288
22766
23410
22584
24217
24249
24045
23483
22930
23719
23857
23484
22858
23440
23139
22956
23456
23380
23459
23905
24031
22526
23894
23182
23748
23507
22657
23094
22543
23513
22892
23288
24193
23721
24109
23399
23053
23715
22573
23511
23020
22849
23002
22939
24303
23688
24015
23869
23595
23755
22656
22760
24071
23106
22569
23410
22751
23254
23373
23327
24245
23172
22914
23524
22850
23480
22710
22591
22556
23726
23197
22645
22712
23681
23608
24168
23215
24401
23059
24228
22659
23932
23463
24444
22999
22777
22520
22788
22851
23245
23854
24232
24049
23809
24427
23965
23210
23842
23877
22905
23034
24090
22975
23674
24385
22468
23185
22679
24393
22594
23463
23008
22690
24007
23785
23289
22960
23429
23072
23353
24212
24292
23474
24240
22663
22750
23549
24393
23511
22676
23604
23264
23652
24123
22530
24082
23004
24359
23492
23286
23123
23895
23223
24199
24124
23992
22594
23777
24438
24116
22981
24062
23420
24167
22798
23106
23368
22938
23552
24155
23356
23796
22597
22766
23225
24071
23084
24422
23893
22589
23503
24100
24064
23887
23594
23016
23312
24358
24043
22643
23210
22811
23564
22711
24369
22687
22692
22859
23170
23729
23507
24291
23516
23603
23074
23106
24082
23336
22744
23183
23849
22588
24073
24199
24305
24011
24246
23523
24395
23690
23395
22967
23708
23621
23865
23498
23924
22539
22583
24021
24333
23108
23176
22818
22842
24246
23649
23596
24281
23000
23844
23000
22714
23670
22892
24252
22760
23149
23547
24176
24291
22917
23743
24113
22556
22746
22546
23685
24301
24072
22722
22502
22663
22978
22906
22553
23504
24272
23881
23552
23641
22796
23911
24172
23949
23310
23592
23359
23233
23755
22471
23570
23742
24018
22499
22539
24178
23622
23841
22521
23380
23886
22957
23986
22716
23073
24309
23308
24406
23384
23353
23483
23637
22496
23578
24411
22574
23470
22562
22740
22653
22777
23093
23373
23388
22690
24349
22669
23497
23281
22568
23593
23540
23584
24107
23207
23419
22647
24055
23701
24150
23112
23597
23471
22682
23027
22823
23615
23572
23054
22807
24040
22632
23816
22637
22973
23074
23376
23539
22694
22723
24405
23608
23737
23421
23847
24265
24033
23127
24121
23184
23050
23389
23467
23630
24354
24239
23168
23461
23319
22952
22788
22487
23510
24277
22518
23223
23157
24121
23451
24012
23535
22935
23443
23344
23307
23093
23646
23960
24246
23941
23000
23471
24441
23421
23240
23664
22670
23613
24038
23872
22882
22712
23742
23817
23267
24119
23748
23549
23773
23294
22995
22820
22683
24015
22471
23491
23872
22754
22823
24178
23425
23936
24435
22727
22500
23538
23199
22707
23688
24213
22881
22740
22474
24012
23051
23977
23312
23713
22834
22704
22479
22757
22721
24024
22618
23341
23709
23425
23020
24428
23685
22781
23572
22566
22707
23521
22804
23683
23687
22934
23428
23989
23466
24059
23630
23462
23510
23716
24434
23271
24400
22973
23299
24181
23250
24323
22684
23466
23211
24323
22984
22576
23683
23280
23642
24334
23439
23796
22719
22733
23809
23325
22526
22503
22909
23852
24315
24052
22580
23373
22594
23638
23243
24370
23416
23927
22484
23975
23061
23609
22613
23438
23072
22917
24211
24165
22829
23540
23143
24125
23853
23711
23065
22780
24309
24401
23162
23575
24344
23375
22496
23380
23348
23340
23685
22563
23565
23735
23826
23423
22908
23245
23140
23471
23282
23446
23205
23451
23079
23333
24069
23147
23354
24281
22528
22780
23712
23259
24195
23937
24310
23890
23274
23397
23560
22709
24318
23277
24151
23806
23214
22755
23841
22565
23691
23139
22515
23280
24149
22914
24316
22757
22846
24017
23221
24131
24266
24289
23792
24141
24086
23136
23521
23901
22637
23930
22687
23138
23593
22552
23959
23281
22672
22556
23803
23259
23241
22708
23769
24147
23366
24282
23965
22993
23523
23494
24268
23648
23121
23365
22922
22859
23832
23176
24304
23733
24133
22793
23976
23131
22972
22725
22808
22708
22849
22638
24347
23200
23605
22674
22844
23346
23857
23796
24285
24053
23790
22510
22905
24059
24035
24403
23667
23864
22799
23553
23322
23553
23768
23743
22719
22861
24209
24363
23759
22508
23899
24078
24089
23947
23909
24198
22608
22684
23342
23388
22849
24355
23352
23334
22718
23182
22981
24153
22641
24390
22611
22489
23519
24347
22859
24333
23099
22773
23350
22888
23192
24194
24186
23550
23005
22737
22690
22908
22726
22561
24320
23530
24117
23117
24377
23264
23736
22821
24043
24216
23561
22545
23685
22723
24082
23480
23818
23538
23953
22522
23753
23157
23393
23559
24409
24355
24098
24087
23061
24019
24019
24148
23605
23351
23484
22634
24417
22973
22824
23227
22721
23351
23972
23921
23976
23132
22601
22753
22854
23039
24054
22744
24419
22934
24382
22933
24274
23190
23310
22529
24115
24370
23647
24059
23754
23306
22954
24381
23995
23702
23760
22753
23932
24176
23657
24404
24049
22669
23971
23990
22568
24094
22806
22517
23752
23201
22882
23757
23739
22789
22875
23519
24172
22631
22798
24173
23544
23890
24164
23556
23807
23755
23749
