64356
64411
64150
64463
64411
64391
63978
64196
64526
64850
63831
64644
64558
64323
63884
64316
63966
63995
64655
64318
64699
63997
64626
64596
63939
64730
63874
64829
64332
64533
64578
63893
64523
64783
64167
64669
64834
64464
64840
64079
64672
63949
64393
64622
64403
64269
63845
63834
64416
64242
63975
64400
63956
64552
64732
64494
64688
64489
64310
64585
64329
64035
64342
64087
64018
64858
64404
64412
64148
64357
64837
64336
64446
64019
64237
64027
64314
63902
63961
63969
64252
64495
64645
64118
64224
63900
64410
64107
64417
64020
63938
64534
63894
63843
64279
64759
64655
64084
64180
64592
64631
64044
64480
64647
64078
64573
63953
64002
64434
64504
64270
64610
64362
63872
64218
64238
64120
64684
64272
64681
64796
64412
64306
64649
64638
64035
64708
63857
63977
64683
64735
63909
64082
64726
64487
64005
63866
64153
63964
64174
64190
64453
63883
64013
64617
64273
64767
64430
64783
64592
64707
64871
63892
64216
64036
64629
64055
64695
63941
63836
64746
63831
64334
64642
64330
64132
64484
64264
64790
64453
63835
64671
64093
64094
64130
64865
64003
64793
63917
64645
64394
64209
64106
63834
64794
64659
64084
63895
64321
64813
64775
64643
64256
64104
64727
64437
64451
64173
64044
64740
63915
63868
64802
64100
64105
64677
63901
64255
64658
64823
64308
64134
64296
64564
64214
64059
64162
64322
64031
64749
64699
64322
64529
63937
64328
63918
64291
64675
63903
64622
64168
64853
64706
64303
64656
64824
63992
64385
63900
64557
64331
64682
64147
64431
63961
64440
64505
64298
64055
64569
64496
64085
64555
64827
64236
64730
64720
64444
64346
64759
64065
64648
63881
63971
64222
64416
64738
64172
64203
64595
64096
64157
64584
64016
64104
64453
63913
64456
64668
64807
64513
64416
63975
64510
63865
64223
64221
64593
63964
64246
64688
63996
64826
64866
64323
63918
64769
64363
64325
64368
63830
63903
64117
63993
64738
64537
64424
64754
64481
64362
64100
63972
64562
64081
64222
63926
64031
64338
64426
64037
64680
64454
64273
64284
64149
64211
64080
63836
64807
64491
64021
64094
64135
64215
63925
64567
64315
64719
64102
64224
64278
64579
64165
64577
64680
64208
64853
63872
64130
64083
64772
64291
63907
63855
64846
64077
64008
64266
64747
64613
63982
64232
64742
63828
64838
64515
63999
64270
64204
64808
63885
64496
64558
63856
64619
63958
64872
64303
64234
64378
64367
64103
64441
63844
64736
64654
64184
63912
64810
64249
64037
64335
64267
64615
64242
64497
63824
63952
64260
63917
63963
64856
63857
64627
64408
63920
64105
63910
64023
64122
63888
64122
64252
64320
64466
64654
64678
64815
64466
64587
64674
64111
63976
64801
64539
64290
64262
64795
64685
64594
64218
64070
64767
64276
64672
64095
64392
64183
64683
64079
64852
64571
64761
64474
64311
63980
64550
64120
64387
64204
64281
64544
64729
64545
64804
64458
64713
64252
64191
64231
64020
64492
64498
63825
64112
64083
64388
64371
63830
64724
64686
64237
64346
63894
63861
64796
64578
64723
64150
64384
64180
64375
64162
64325
64426
64579
64168
64795
64843
64374
64675
64552
64484
63877
64000
64590
64536
64837
64011
64175
64276
64144
64567
64158
64537
64613
64071
63971
64002
64440
64418
63896
64589
64274
64804
64653
64000
64617
64734
64867
64315
63936
63881
63921
64364
64742
64475
63986
64031
64524
64552
64615
64221
64009
64301
64572
64404
64620
64515
64326
64192
64395
64666
64046
64533
64828
64688
64849
64337
64775
64568
64251
64333
64771
64140
64280
64670
64618
64181
64323
63949
64696
63889
64567
63994
64523
63943
63970
64591
64496
63980
64388
64287
63960
64469
64822
64109
64252
64308
63928
64154
63882
63997
64534
64096
64115
64629
64000
64046
64552
64104
64077
63973
64131
64669
64335
64088
64392
64203
63838
64417
64736
64671
64413
64487
64725
64703
64494
64126
64860
63945
64374
64533
64645
64616
64317
64095
64512
64311
64350
64351
64722
63982
64707
63890
64604
64539
64066
64366
64158
64382
64132
64793
64044
64077
63863
64285
64294
64289
64014
64287
64333
64357
64628
64268
64258
64177
64393
64319
64561
64306
64648
64578
64744
64799
64149
64179
64657
63838
64127
64100
63926
64522
64250
64722
64455
63924
63877
64083
64748
64474
64206
64428
64865
64090
64476
64493
64661
63937
64529
64281
64708
64185
63853
64644
64551
64818
64503
64074
64337
64693
64857
64806
63963
64210
64152
64854
64174
64660
64188
64436
64550
63918
63967
64752
64508
64788
64176
64561
64559
64570
63919
64485
64035
64387
64734
63859
64234
64280
64838
63984
63880
64038
63874
64834
64822
64074
64492
63936
64261
64733
63879
64558
64220
64581
64449
64750
64639
64108
64291
63990
64275
64034
63951
64667
64851
64387
64106
63920
64366
64688
64612
64608
64310
63909
64704
64456
64651
64773
64106
63875
64769
64519
64245
64691
63868
64711
64166
64296
64546
64008
63905
64193
64645
64484
64447
64587
64687
64155
64754
64072
64087
64277
64778
63985
64522
64116
64043
64839
63984
63835
64217
64686
64012
64283
64149
64005
64285
63924
63836
64710
64384
63881
64195
64232
64832
63912
64259
63992
64785
64470
64137
64256
64425
64203
63965
63861
64279
64755
64423
64041
64177
64207
64099
64451
64166
63860
63853
63929
64434
63952
64404
64357
64092
64041
63962
64210
64150
64724
64444
64695
63949
64493
64532
63829
64073
64837
63974
64805
64065
64465
64459
64365
64801
64362
64592
64257
64364
64330
64466
64219
64782
63996
64804
64645
64213
64090
64113
63991
64037
64396
64376
64337
63906
63942
64389
64226
63968
64136
64070
64211
64654
64468
64716
64839
64545
64767
64074
64213
64347
64388
64344
64501
64661
64445
64477
63942
64091
64708
64674
64859
64053
64460
64205
64722
64573
64225
64738
64448
63915
64656
64679
64432
64483
64249
64848
64466
64705
64520
64724
64255
64418
64285
64679
63955
64851
64802
63974
63881
64516
64626
63991
64160
64755
64155
64098
64492
64301
63921
64245
64379
63897
64406
64268
64721
64090
64165
64143
64236
63917
64614
64157
63947
64598
64332
63913
64001
64346
64369
64317
64558
63854
64280
64289
63959
63897
64577
63890
64261
64732
64311
64013
64326
64071
64353
64293
64123
64696
63962
64029
64306
64623
64253
64606
64681
64716
64673
63902
64324
64708
64431
64479
64289
64607
64662
64506
64112
64479
64634
63999
64700
64303
64325
64429
64837
63984
63927
64332
64042
64448
63879
64842
64289
64563
64651
64261
64556
64037
64636
64747
64075
64510
63980
64443
63856
64679
64079
64596
64395
64097
64300
63834
63836
64599
64053
64588
64348
64777
64121
64451
64837
63842
64768
64285
64232
64344
64473
63867
64565
64757
64493
