62325
61492
63542
61726
59028
63566
62857
60575
63473
61331
62017
60721
62623
61472
60106
61315
62850
59885
59199
59386
62664
62124
61913
58661
61606
63009
60265
58777
59310
60818
62726
60732
58567
61651
60734
59872
62926
63012
60480
61318
58927
61237
63495
60142
63143
59850
62385
59961
63019
59765
59027
63575
59968
59476
60435
59569
61758
60536
58899
59830
60393
61547
62100
59009
62710
59969
63729
60046
63260
61631
60955
62176
59803
59458
61079
61907
62568
59463
61092
61501
59969
58924
61798
63005
60088
63700
61027
63099
63180
63510
61104
59478
63227
59536
62777
63940
59376
62013
60765
59020
62390
59168
61381
60319
60567
63343
58944
58953
59390
62794
60024
60973
60462
61026
61788
63029
62107
59402
62272
63978
58797
61923
61386
60910
61087
62543
59573
58674
62970
62524
63822
63743
60054
60230
59218
61421
61995
61106
59262
62580
62053
59666
61270
63446
60481
60927
60022
61605
61230
61777
59742
58974
62403
61478
61370
63292
61585
60667
61618
61594
59361
58504
59316
62545
61980
63465
58966
59083
61648
62640
62630
59262
60003
59866
59110
59236
58824
62956
62824
61433
63035
62965
62672
60646
58894
59574
62666
63709
59651
62129
58677
63292
62825
58607
58849
63142
63668
59577
63901
62618
61530
59957
62968
58795
61088
61731
62816
60055
63638
61322
59091
61829
60670
63834
63663
58616
62476
59936
62838
58679
63907
60804
58512
62246
62305
60127
58593
58701
58928
63874
61816
60460
63096
62732
58614
60032
61796
63066
63495
59628
59615
60739
62644
58650
63466
61815
62376
63163
60251
59298
60085
62416
59940
58539
59526
59907
63496
59410
62783
62418
63587
58984
62045
62084
62458
59589
62798
61497
63800
58934
61715
61697
62337
59939
61683
62104
58872
61009
59951
63575
60318
58922
61778
58569
59675
62588
58779
58950
61986
63173
62738
63776
62122
60276
63042
61225
58599
59009
60789
63137
61415
63143
61049
62925
60101
58954
61317
59040
63704
63746
63953
62807
58892
61146
59590
59094
63195
59595
60278
63205
59797
60901
60982
59048
62132
62261
63038
61279
60130
61527
62767
59392
60342
60439
62822
59833
61350
61532
63563
58689
62064
60716
63558
61137
63523
62675
60773
61364
63350
59118
59805
58887
60561
58723
63655
61380
58636
62527
60104
62376
61339
60559
63427
61918
62659
59308
58531
62530
58875
58647
59112
60161
61062
61245
58812
59438
62479
63972
63176
58660
61862
58918
59416
60126
59027
61413
60899
59018
59108
63622
61359
59381
59812
59093
63142
60159
59743
63225
59264
60313
61614
62319
62661
63343
58590
60909
61350
63585
63893
63040
60994
60494
61527
60264
63895
63314
63428
59250
62239
60839
59472
60473
60559
59893
60673
62608
62163
63112
61596
61937
61318
60229
62032
63622
60936
62637
58605
61242
59337
59179
62191
59481
59253
63097
59050
62419
63560
60908
60225
62289
61939
63768
63422
60736
61289
59037
62294
60778
63464
60356
62978
63195
60916
62029
60209
58493
62068
62696
62528
59214
62064
63073
61393
60866
62863
61360
62392
62031
61950
63875
63707
60627
58486
60759
59224
59153
59361
63378
60719
58817
59815
58523
59213
63915
59982
62767
62361
63748
58923
60140
61415
59333
63846
62002
58750
58713
60310
61428
60919
59388
63868
61779
63508
61972
63197
62009
61838
63798
63670
61984
63833
62994
63366
62389
61224
61238
62189
61212
58494
63327
58596
63304
62709
63268
62827
60570
60218
58954
62190
60566
58669
62012
63653
63832
61420
61598
60104
63945
63293
60534
60863
59828
58573
60305
62647
63044
61633
58833
62304
59054
61748
59276
59127
60986
60434
61044
60444
61233
58676
61483
59075
60229
60701
60903
58533
61958
62130
60144
63619
63540
58983
58938
58937
59012
61993
59370
59979
61609
58899
61159
62050
60713
60103
62089
62836
61021
63803
59896
60456
61733
62285
59491
59946
62609
63600
59616
59520
62645
62220
63337
58638
61083
59110
60489
61203
59805
61011
61436
61954
61918
60107
60907
60985
59496
58569
60589
63225
63871
60584
63413
62485
60906
58687
60195
59936
63088
63725
59645
63777
58837
63717
60080
63339
61731
59410
63290
63167
62243
60963
61885
60711
63589
60854
59662
59300
58680
63415
63388
61698
61133
63279
60527
62087
60229
61798
63256
61129
59601
62946
58592
60286
61522
61141
63359
62449
60946
62671
61358
60288
58579
63384
60110
58659
59614
61647
61890
59705
62792
63335
63141
61425
58598
58910
62280
62151
63239
60948
63680
61715
61155
61082
60688
63727
62946
62975
59303
63198
61685
60804
58633
62273
59630
59494
59956
62103
59133
61900
59681
59266
61647
58785
62093
61428
61741
62555
62786
62571
61621
60303
63675
62605
59731
62831
61115
61532
60817
60368
60875
61039
58901
62429
61140
62023
58675
62512
62607
58868
62705
59508
62828
62442
61054
58596
59629
62105
62347
63199
63275
60173
63606
58662
59177
60747
58707
63611
62965
58718
63318
63702
61396
62549
62138
62338
63186
60484
62339
60164
61288
61544
62991
59118
60675
63580
63833
60034
62249
59060
62715
63015
62659
60641
63084
59855
59236
58703
58944
62724
62177
60751
62889
62834
62982
61615
58550
60228
59994
60856
60846
60718
60297
62996
63641
63848
63132
60087
60137
60434
60462
61861
59632
63297
61637
61255
60588
63683
59267
61825
59499
63751
59979
61457
59374
59434
61796
61129
62654
60306
59265
61133
60491
63071
60454
61315
63146
62786
63100
62846
61762
60279
63935
61752
60766
63983
62473
59310
59890
63486
63882
58616
59387
58861
63954
60348
59680
60653
60208
59291
62046
58795
58743
58747
61094
62871
60389
59692
59558
62720
61983
62606
60143
62579
60611
61563
59276
61547
62463
62891
59426
59966
62197
58898
63769
58996
59891
60935
60576
63533
59653
60233
63982
60850
63021
60908
61005
58542
58906
61181
59550
62254
62997
63531
60173
58616
59126
59639
63941
60245
61154
63191
62923
58904
62432
60990
59163
60159
62539
61461
60046
60046
58969
60394
62934
58995
63941
60181
63779
60105
58686
58892
59263
60206
62068
60687
61080
61140
63040
62125
62107
59739
58665
60752
61596
59621
60980
63842
62665
63043
62269
63390
63240
62492
63797
62742
63718
60714
63529
59536
59633
59181
62003
60269
61250
60462
62009
60308
61954
62750
59176
59303
59979
60034
61596
62879
61179
62246
60705
61696
59152
62376
58767
60423
58936
60513
61537
60506
63733
59174
59265
59493
59227
61146
62027
62666
63144
61897
61351
63123
63017
62946
63735
59267
62087
60829
59647
62857
63042
62840
60792
59170
59869
60714
62166
61988
58494
62855
59854
62631
61994
58995
63483
60918
60632
58594
60213
61728
60020
61132
62230
60900
60050
59075
61366
59135
59839
62037
59735
60292
58600
61106
62898
59971
59700
58495
60262
63759
63596
62980
59202
62585
63663
63099
62301
60278
62156
63385
60634
59873
61394
59844
62837
59609
60357
60550
61208
63096
60514
60705
61189
62170
59446
62082
62968
62137
59172
60056
61636
60048
61152
58865
59085
60355
63096
58699
61911
62372
62509
62703
61221
61827
63211
61105
59172
63764
62168
61131
63199
63880
59156
62258
62421
58896
61674
58604
62747
59491
59840
58508
61023
59041
61650
63504
62615
59612
61803
63745
63206
62664
60206
62472
58556
63261
60744
59057
61674
62872
63660
60172
63315
58963
61729
63141
60488
61981
58542
62860
60072
60066
62681
62688
62458
63902
60616
61208
63569
60161
62647
63435
63840
62206
60785
59312
59263
63187
58895
59370
62371
62872
63590
61126
60038
59065
62180
63982
60698
61941
59585
58788
62792
62479
59647
61570
61102
61932
61564
60425
58822
63132
61024
63304
58883
58774
63083
61429
62252
60838
59150
63146
62582
60717
59046
60891
61162
62090
62548
61806
60664
58650
58917
63979
60864
59301
63184
62037
59301
62477
59635
62522
60440
61576
62632
63133
62219
62310
62440
61999
58563
60194
61633
63323
59909
63565
58736
63244
61749
60894
63281
59553
60895
60166
58716
61366
59366
61556
63417
61829
62814
60901
59125
60921
61477
63555
60118
61571
62868
59857
60586
61242
59771
61604
63555
59908
60050
59393
60716
61249
62067
58519
62371
62064
60522
62846
59656
62300
60524
60230
63545
62277
59203
61018
59610
60142
63747
60212
63869
60558
60088
60907
59219
62950
60388
60124
60608
60128
60860
62095
58628
59596
59156
60709
63053
63507
60813
61581
63233
63435
59631
62693
61526
61876
59416
59159
58684
58553
62573
59804
60356
58713
63534
63795
59727
63343
62684
59019
62553
62609
62582
59735
62304
63517
59244
63594
59297
59059
62622
62515
63067
61403
59723
59042
60361
63632
59395
62397
63676
63666
59381
58682
63650
61703
61273
59093
60613
62325
61794
63580
63492
60344
62190
62970
58898
59017
58572
61997
63074
63944
60851
60119
58936
62825
62752
61580
60367
61497
60323
62470
62428
60673
61396
63374
59535
61472
63898
61687
62382
63007
63535
59874
62921
61381
59780
62500
61350
63516
59384
60246
59829
61863
60518
62910
59237
59630
62501
59465
62484
60702
61391
61731
59072
61481
63682
60745
63584
61321
62698
62057
61048
59490
59422
63333
63764
62716
60675
60526
62206
61777
58987
58566
59257
61675
63008
60607
62568
59847
60876
63362
61157
63648
59418
59297
62763
61249
60389
61357
61132
58650
61290
62394
59861
58857
60022
58534
61495
62539
63132
59782
60311
59394
58791
63398
58619
60375
59460
61782
61212
60806
60635
59169
60043
62950
59317
62529
61511
62881
60016
60942
61977
61836
59346
62568
60751
63064
59860
61077
60343
60383
62507
58886
63788
60502
61077
59686
63514
60649
60952
63870
63947
60492
62750
59747
63464
59593
60080
60932
62070
60427
63300
62656
62009
58501
59629
61129
60294
62993
62723
62588
60427
61667
62638
58697
59633
63267
61255
61861
60473
61714
58644
62598
61883
61037
61626
58905
62470
60904
61435
63236
60335
62209
62104
62134
58870
62128
60702
63392
63965
59552
63898
63624
58888
63774
61380
60775
59877
60991
61191
58790
62936
61840
60820
62634
61769
62121
59552
60800
60324
59782
59488
60614
59982
59816
62396
60827
61990
61003
61660
60689
60711
61290
58976
63372
59022
60915
60937
59775
62401
62516
62408
62576
63834
61860
63871
59272
61793
63844
60751
61146
63981
62097
59960
59285
61210
58503
63453
58545
61988
63581
58713
62017
62815
60829
63345
63282
63074
60003
59767
58580
61407
63809
60666
60975
62099
58495
63716
62022
63224
58640
59301
59764
60245
61940
63196
60969
61084
60744
60176
59346
62010
63066
61457
60610
58891
62721
62128
60622
61045
60061
63167
61637
60699
62748
62798
59657
60161
60530
62586
62136
59327
59011
60844
63401
62944
59686
62772
63148
63533
62623
60849
60201
61050
61161
63073
59074
58666
63691
60839
63421
63878
61650
61866
62480
62512
62624
59261
61215
63500
61387
60430
63894
60636
61146
58555
63025
60684
62144
62159
62497
62214
58948
61403
61729
59771
61290
60111
59592
61580
61830
62472
62544
61247
58813
62635
63469
59301
58623
61762
61676
60292
62808
59510
61312
62421
60190
59112
60713
63426
60001
58942
63257
63496
58966
58718
62844
59638
61438
63029
59139
61953
59498
62836
63514
58720
60114
59087
60280
61492
59576
61893
63822
61826
59350
58624
62168
62442
62222
60123
63169
63607
59162
62545
61252
61929
63347
63438
63385
60464
58860
59497
62433
62888
60300
59998
58763
59545
59229
61491
63357
62228
60509
62877
59642
63268
60062
62878
63767
61073
59668
62194
63631
62051
61387
62134
62644
61971
60935
61729
63719
62382
63019
61695
63016
63446
62738
61336
60826
61856
59346
61013
61160
62402
60268
61351
59064
61941
60983
61289
60689
63268
60190
59730
61282
63553
61243
58721
61236
58857
62137
61720
63465
61233
61866
59990
63523
59715
60118
59011
62679
61852
62736
63273
60159
63822
63797
63228
63387
63134
59034
59726
63804
62143
60961
60299
63424
60325
62193
60131
61147
63276
62446
62402
62522
59260
62201
61815
62019
58533
63164
62044
59951
60553
62367
61617
63360
59194
63676
59203
61771
63019
59966
59760
59419
58764
58640
63860
63100
59056
59486
61359
60122
58788
59710
59869
60280
60030
59603
62402
61603
62391
61560
62432
59776
62327
63079
59579
58493
60685
63634
61087
58979
60371
59968
61442
62476
62355
61834
61897
62750
59299
62857
61480
61018
62180
59894
62224
60251
59292
62248
61333
60519
63676
59938
63619
60933
60560
61951
60058
58900
63870
58949
59384
61420
59335
60350
59902
62580
60285
59825
61254
61589
60368
60005
59190
58540
63498
62723
62568
58823
59622
59428
62515
60409
59545
62301
62431
62439
60223
62389
61663
62401
60504
58585
62721
62040
60874
63548
61944
63553
61058
59277
60700
61508
61035
62632
60649
62386
62185
62983
58891
63624
58688
61105
61285
62368
59350
63849
62436
61461
63305
60789
61118
59852
60901
63222
63185
63899
63327
62072
60030
61599
61134
61536
63362
60340
58946
59667
61997
60134
59938
59485
58750
61632
62644
62006
60175
62963
62728
63760
63697
62200
60016
62220
61287
63578
61045
62908
63932
63215
59879
61332
62544
59382
63657
62258
60216
59582
58817
58783
61522
60480
59880
61979
63147
59179
60760
60706
60813
60322
62888
61736
61460
59154
61113
59726
60754
59005
59579
58579
63186
62474
60191
63842
63667
63840
62683
62217
61343
59137
63326
63121
62631
60268
62424
59093
59064
61460
61685
59559
60136
62492
63372
62275
63001
62321
60209
62433
58542
60746
58889
59696
58913
61616
63323
61304
63316
58807
60062
62131
61550
59006
61186
58740
60797
63739
60790
61559
61291
63716
61452
63333
62290
62715
63783
61609
59460
58957
58707
63563
63068
59434
62324
62447
60456
58581
60263
60553
59375
61284
60926
62756
60586
58578
60555
62896
58498
60362
63240
60227
59995
58572
60751
58516
58981
58525
63065
61054
63691
60075
61039
60092
61948
60832
63299
63669
62823
63910
61761
63979
61330
60398
63300
59739
59765
60150
61607
63319
59352
60435
61967
61086
60167
61736
63494
61323
61437
61304
60374
58607
59426
63392
61546
60711
59599
60166
62362
60198
63134
58492
63152
61873
63963
60693
59118
61177
60947
60489
60178
61987
59277
60073
58543
61995
63834
60865
59665
63183
63765
61188
62263
62650
59224
62276
58854
62067
59331
60320
63508
60815
63843
61444
63113
61891
59046
60294
63294
63633
61389
60936
63582
63483
60196
60386
62391
58804
59678
58706
61373
63270
62336
61209
58643
63594
59908
61067
58488
61191
61066
62348
63038
61557
61908
58512
61473
60877
61752
60770
59955
60630
59970
62569
63330
61306
61184
61910
63459
63260
59264
61097
63773
58923
61232
60876
58568
59630
58942
61862
61814
62587
61028
62805
61308
59197
59717
58601
63170
60525
60929
62566
63221
58817
58558
60054
60964
61767
59049
60181
59884
59230
60461
61856
61828
58555
61301
59776
62633
58875
61198
60307
59538
60673
59586
59968
60539
61061
60291
59108
61072
58703
62924
60476
59072
61539
59121
62593
58590
60901
59345
63792
61991
61917
63974
58651
63062
63489
61479
59134
59385
62308
61178
60593
61191
63139
61847
60333
60360
61991
58735
60678
60676
61554
62089
59014
61406
63063
58970
63928
63960
58673
59795
59169
60477
61347
60224
60047
63007
62624
61426
59883
63420
63588
63883
62315
60025
62914
61503
63436
61338
63327
62829
60237
61326
61948
60313
59692
58530
62935
62201
61465
59903
59478
61396
63408
59049
59046
63379
62529
58822
60699
59391
61480
60890
63256
60970
62493
60340
62172
61049
63261
59440
59316
59915
61398
59203
58988
61857
59141
59880
60372
60805
60699
60299
63031
62008
62444
58933
58777
61641
61058
61620
63771
59674
59283
58565
59309
63400
59341
61449
58624
63647
61126
62047
62114
59737
60933
63825
59209
61975
61945
62543
60757
63430
63666
58485
58806
58903
63688
63760
59909
59027
62018
62609
63306
62701
61724
63843
61095
62444
58704
58765
59174
59694
59609
60965
61026
61563
61568
59124
61564
62001
62929
60642
59595
59903
61174
62044
59743
59909
61156
61489
58860
62746
58486
61942
61887
58622
58989
58769
59861
63217
61838
62933
59320
62888
62419
59253
62707
61226
61597
59135
62019
63643
63344
63220
61260
61811
63506
61798
63547
60655
61473
58678
59550
61562
62384
59085
60878
58682
59753
61384
62234
59063
61551
61065
62294
61071
62678
59402
62355
61070
60026
59142
62120
59234
62163
62301
62929
58641
61689
60594
62102
63323
60176
62796
61979
61090
61361
62929
61909
62725
63124
63571
59755
58761
62309
61340
58751
60605
61486
61608
62702
60657
61434
58986
59914
60594
61864
59361
61466
63506
61911
58537
58991
61456
63057
62702
59102
60332
62607
62527
61578
60081
63314
59794
62391
60156
60232
58785
60658
62586
62916
59127
62361
60013
63350
62261
59542
62646
62172
59322
63834
63304
60557
60628
59208
63063
63431
61349
63339
60887
60472
59470
60416
63290
62533
60671
58981
61540
62741
63870
61694
61061
62747
60061
62923
61202
61426
59274
62316
61938
63256
58744
60539
60159
59526
59103
59951
61852
62952
60962
60245
61138
59336
62398
63840
62973
61896
60240
62644
61953
60095
62415
61686
62455
61498
63957
60206
58658
61006
59238
62118
61351
63258
61567
63565
61865
58572
59717
62346
58718
60908
62781
61159
60873
60090
62615
60584
62141
60622
60946
61038
59461
62854
59155
60966
63356
58698
59925
62867
59644
59281
59513
63749
62674
63409
60305
60292
61378
62745
62938
63589
62541
63363
62503
61406
63075
60730
58670
59918
61204
59223
60034
59735
61694
62111
63704
62567
59122
59434
62664
60202
59954
59414
61448
58953
63016
60150
62658
59720
61203
59081
63137
60599
59091
63895
63457
60726
58534
58969
63526
61649
61650
60453
59735
59295
60887
62728
63800
61346
60107
61719
59041
61055
61726
61631
59577
59741
61146
59337
60106
59250
61526
60027
58560
63638
59414
58716
58976
60280
59821
58722
61963
61936
63080
63094
63573
60155
59639
61043
59157
61189
61307
61038
63694
60923
59184
62603
62746
61217
60098
62821
61379
58897
60532
59572
58958
59379
60670
63167
63902
63638
61193
63035
58836
62235
62898
58988
60543
59627
62071
62122
60270
61754
62811
61336
59649
59485
60667
58727
61793
58721
60943
61799
63448
62937
62046
62971
60180
61061
62741
61354
60295
61563
60100
63099
63500
62493
60814
62314
62403
58671
59826
63252
59411
59009
60998
58480
61645
60888
61811
59271
59197
62911
62276
60251
60717
63579
62471
61890
60196
59440
59892
61066
62686
61805
59584
59712
58715
60152
59262
60154
61175
62560
62765
61986
62805
59867
61905
60982
58575
61864
61852
59588
63500
58805
62353
59883
61357
62205
62253
59796
63962
60175
62203
60424
62171
58912
61160
62333
58976
60497
62414
63666
61793
62443
58893
60978
60427
60667
63319
60248
61135
61766
58984
63287
60026
61806
60955
61742
58818
59981
63730
60490
63201
60435
62898
61347
63594
60321
60661
60081
59386
59566
59738
63966
63472
60093
58604
59498
62824
60348
60622
59992
62797
59017
60456
61644
63214
63334
60923
61845
62310
58899
61173
60804
58874
62365
59857
60566
61395
62604
59690
59378
59332
59215
61901
60723
61045
59355
60077
58955
58638
63324
60621
62949
63294
63483
61444
61322
62379
60691
61724
63254
60886
62121
63164
63484
58696
62629
60201
61399
59750
63639
59893
61138
62772
58494
62969
63739
61624
58497
61727
61008
58530
61697
60905
58829
62235
59745
62767
60718
60540
63598
59476
61026
63531
59891
61106
62381
60837
59118
62423
61448
59032
63341
59910
60482
59537
63172
63156
60062
59157
62904
59725
60907
59309
58909
59276
60426
61872
61839
59356
59073
58730
63491
59895
62235
62454
63811
59065
59693
63099
63072
62963
59588
63536
59509
62871
60264
58605
61619
62957
63691
59568
62504
61988
59740
62459
59000
59325
60760
63100
63404
60108
62509
62993
58561
63178
62838
61850
63877
63367
58652
61975
61585
60476
59997
60523
63797
62561
63580
59351
60828
62810
62944
58489
62499
62203
60379
60342
61947
59949
59595
63768
63357
61368
61520
60594
59538
62683
59493
62279
60238
58621
63122
61644
61334
62850
60256
62676
59616
61935
60908
62843
60658
59412
58669
61151
62489
61539
59862
60986
63395
60570
59108
59040
61202
61651
59722
60336
63773
58552
60756
60336
63346
59038
62451
61044
58562
60458
61020
61740
59076
62908
61664
59111
62211
58746
59665
59305
59657
63862
61928
62790
61620
62857
63507
63504
59553
60088
59328
62638
63662
63124
60392
63896
59061
61475
61495
59822
61832
63549
61325
62713
60004
61651
62069
58840
61500
60303
59224
60720
63980
60251
59984
59636
61179
60878
62740
63329
60017
63912
60218
63740
62516
59079
63110
62683
60965
61764
59173
61958
62092
59049
58902
58737
58560
59047
58981
62708
61002
59318
62086
59224
60757
63338
60122
59125
59565
61745
59304
58867
63457
62178
63196
58795
61328
59967
61934
62129
62056
59254
61648
58687
61054
61327
60069
60060
62852
62939
61206
63576
62278
62580
58727
59054
61221
61257
58509
63645
59827
63099
62715
58950
60236
59327
60113
59915
63750
62122
59136
63563
63249
63552
58614
60657
63932
59355
61796
58966
61232
58551
63973
60489
60278
59583
58487
63367
59354
63062
58507
63370
61847
62829
62534
62308
62331
61519
60711
60244
63431
61312
61351
58619
60064
59947
61249
62161
59243
60779
62359
62756
63272
59109
60399
61404
61286
58561
63003
63496
61121
60435
59837
61271
60597
62234
60647
63190
61516
60847
59009
59425
60742
58820
61628
59964
60397
59541
63811
58845
62625
58528
61409
63406
63459
61326
63036
59638
60032
62466
59934
58784
61970
60091
63475
59582
59343
61915
58707
61197
63336
62868
58751
62754
60206
58748
60722
61466
63132
62107
61742
62643
60541
58491
59809
62762
59587
63261
58719
60814
59165
62472
58600
63606
63368
60665
60615
61720
61154
62985
59825
58870
61715
61745
60977
58749
61519
63338
63730
59147
58543
61914
58536
62987
58505
58754
60308
59190
63955
61769
59841
58871
59363
58969
58999
61464
61970
58578
60169
60236
63284
61864
61982
60251
63209
62126
63913
59292
60778
61186
59379
60738
60187
59162
60771
60940
63360
58846
59537
58906
60821
63663
63741
62636
61782
60624
61944
59469
58529
63281
63253
61534
63947
59995
60448
60977
61414
61294
62256
62595
62492
60926
61087
63390
62028
62874
60850
62733
63151
59405
62878
59877
60204
59832
59273
59679
63175
62576
59796
62055
62882
60814
59067
59310
59785
63799
59630
61469
62000
61939
60812
62852
59101
62265
62763
59823
61185
60369
63178
63585
63196
60314
62293
63144
61720
59519
63590
61487
63813
60473
59639
62773
59829
62194
59700
59819
59470
61448
61764
62919
59522
59343
60675
58576
62332
58740
63701
60088
60617
61696
58626
63324
62593
59782
62647
63008
59256
59397
58807
62228
61191
59085
62109
63544
63983
59489
61073
58968
62512
59457
60936
62981
62159
61313
62797
61133
62005
60140
61191
59113
60347
61728
62249
60424
59913
60198
60741
63376
60028
62747
60373
61532
62992
61618
60159
62929
61987
62206
62421
59315
58651
61067
62213
62784
59781
58926
59106
63940
61583
60830
63083
62665
60650
58858
60711
62803
61426
61220
61577
60308
63239
60300
61315
62714
62119
61348
60968
59136
63815
60934
60233
58969
62596
58841
59070
60768
59222
59164
59088
60225
61603
59443
61702
61889
61188
60471
60036
62576
61935
59517
63505
61525
63492
60480
62273
61975
61213
61834
61273
61529
60979
60757
60407
61489
60501
61791
60334
63625
62997
61190
58628
62994
61540
61498
58521
61351
63404
59132
63318
61398
63452
62135
59402
61268
60069
62402
62949
59584
62565
61391
61551
60050
60124
63613
61514
61316
60784
59830
61460
59965
59259
62936
63477
63605
62282
58897
59503
60574
60546
63539
63019
62188
59865
60958
61332
59739
59028
58759
63487
63817
59527
62052
63034
58483
59610
60813
61062
62672
61349
62429
61075
60328
62547
60900
62168
59220
59979
61218
61834
59616
60854
63899
62444
60430
63713
61504
58759
63376
63863
62690
60527
60918
61820
59151
62952
60965
60464
59807
63952
61937
59606
63248
61620
59157
62635
58759
62435
59353
58591
63447
63763
61165
63524
63164
61532
63845
58582
60288
62382
63347
62572
59020
60014
61008
59505
59107
63134
61766
59691
62405
59100
62440
61562
58525
62525
61837
62581
61451
60260
58937
61575
62907
62896
62462
62424
63815
60812
61378
62803
63245
63770
62645
59397
58615
63620
62100
60078
60279
59917
59225
61178
60405
62678
63422
61407
62166
63045
61083
60251
58913
60971
59383
59452
59086
59338
58717
63103
62358
59697
60960
61038
60149
58564
58774
63797
59345
61321
61099
63052
63965
60745
62562
61203
58541
62734
62404
63443
61342
61294
62087
58782
62530
60199
63233
60494
61968
58835
61049
60047
62908
59336
58591
60353
58660
62710
60938
59025
62540
59168
61837
59987
60773
62982
58940
62486
59246
58777
58697
61605
62987
60658
62403
60692
60354
60388
63728
59007
58511
62304
61855
58892
63807
61269
60974
58554
62056
62489
62197
60606
61903
61783
61024
63782
59595
61358
59628
59302
62957
63883
59606
62704
60679
59171
59732
62284
62203
58986
59098
62621
60784
63919
61114
60989
61290
63609
60360
61650
63802
61296
59193
62516
60502
60574
62304
60596
59192
59098
62715
61270
60074
61324
62571
58864
62825
58659
63488
58805
58599
59042
62550
62868
62034
60485
62059
62320
61286
59433
61435
61256
63051
61603
63375
63169
62805
61871
63445
59639
58584
60317
61834
61056
63217
61935
59348
59578
60128
60235
61442
61732
59772
61385
62350
63084
63322
62970
58641
63079
62831
63725
60317
59921
59379
63854
60649
58949
60862
61874
62215
60089
60471
59894
61360
63013
60508
59072
60548
63196
59106
60722
60813
59207
60078
61590
59808
59860
63631
63686
60015
58988
63644
60943
63262
58520
58728
62195
60033
62260
61776
60376
62253
61751
60439
61493
60363
58668
60509
61926
59511
63629
60642
61632
61071
59295
61327
61973
61918
62794
61571
63980
59533
62675
58591
63348
59799
63318
63044
61206
59397
62505
58903
62027
58962
62702
60913
62446
61618
63504
60490
59379
61224
58642
60835
61277
60941
62827
61533
59540
62749
63044
58638
59041
59060
63751
61783
59041
59922
59327
59961
61005
58542
63548
62096
63060
62092
59579
60220
62159
60689
59350
58731
63583
58686
60971
60203
58492
63830
62323
60183
61780
61342
59706
59189
60143
63433
63613
59113
58487
63315
63062
62685
62090
59491
59953
62926
58684
62730
59652
61282
59204
58539
60000
59506
61261
62862
61860
60312
62530
59084
59167
60607
60071
58993
63268
63595
62097
62816
62934
59113
59086
58857
60346
60512
58856
63916
62072
58842
59259
59856
59215
63933
63044
59201
63809
58792
59675
62797
58746
58489
62993
59568
62392
58656
60032
62937
62679
58556
63061
62127
61009
60195
62685
59433
60150
60355
62761
60110
63470
63789
61277
60615
61348
60981
60652
62065
61954
62495
59151
59694
60957
63939
63119
63950
61317
60215
61083
62340
59683
60384
59128
63321
62872
61128
62548
60905
61530
61592
63416
62074
62151
61613
60092
59540
62460
60269
60038
61403
62373
59592
60728
59369
58640
63367
63340
60214
61201
61602
62152
59982
61457
63973
63910
58587
61348
61269
63846
60804
62930
60671
59952
63852
61403
59425
63509
59973
61073
59364
61073
58970
63579
63535
59384
60098
63066
63622
61843
58511
62952
58741
60706
60785
61487
63634
60833
61417
58922
58991
63091
63771
61045
58783
59156
62998
63288
63259
59829
58880
63152
60252
61991
62529
60026
59645
63054
63430
62881
59728
58867
61010
59020
58823
58971
60448
60227
59734
61606
60120
63424
62749
62599
63009
62479
63686
63129
62576
62320
59725
60813
60200
62451
59941
61253
59412
62304
61059
61155
60498
61031
63815
61869
62263
60908
59945
61661
59262
62206
63296
62498
58776
61792
63831
63485
60554
63704
60419
63410
59340
61663
58671
62549
61732
62098
59104
59410
58833
60231
60798
62058
63283
63138
59068
58685
61716
62690
61099
62084
59231
59046
63414
59369
62372
62119
63379
61986
59697
60406
60663
62422
60795
62159
59346
59235
61352
59770
59083
60437
61495
59062
61136
59489
60720
59913
60065
60717
63439
60550
63044
59518
62183
62230
63264
61140
59708
63376
62719
61360
59397
61107
61877
62339
62130
59524
62165
60959
58854
63111
61668
59168
63497
58774
62434
63134
62676
61602
59218
63816
62010
61022
59278
63706
63210
61186
59417
58702
60038
60198
59909
61871
62230
60326
62603
58596
62429
62264
63937
60974
62464
61222
62419
59163
61172
59546
60549
62697
63603
59909
60344
63005
60203
62261
61510
59584
63653
62234
60074
59757
59422
58769
59865
61283
63643
59185
63029
62591
59106
61207
60392
63127
59721
62762
61965
58855
61556
59835
62165
59351
63494
62639
59336
59910
59985
60493
61893
58989
61867
62118
60482
61273
61211
59764
62646
59771
60680
61670
63139
62320
58722
61100
60019
61846
61207
59857
59340
61812
61815
60183
63282
59238
61709
60981
58715
62935
61169
62572
62856
59869
63825
61716
60715
63796
62155
61275
58549
61662
59740
63319
63520
58975
62629
63357
63966
60555
59479
60052
60646
61648
61486
59445
59655
61134
61065
60613
61203
62415
60762
59699
60661
62658
61876
62329
61556
62741
61710
58756
60927
58885
61361
62860
61401
62496
60219
60202
60343
63058
63857
63692
60463
60917
60377
62139
61149
63333
61995
60402
60454
62520
62003
59485
61288
63786
62155
59243
59379
59236
60242
60457
62071
60020
59375
60572
62816
61391
60420
58534
63313
63547
61936
62542
59595
60204
59194
58867
60805
62702
63346
59416
58568
63754
63285
62999
61089
58959
59797
59794
61212
63294
63757
61793
63769
58623
63666
61850
58652
60543
62470
59632
61704
59322
59889
63399
61743
60622
62486
62481
62182
63717
59950
61508
63311
61339
60928
59692
59773
62678
60212
60105
58489
59593
59537
59228
60344
58500
62949
60070
59082
63259
63556
60520
60989
60080
61613
58787
62640
58721
60821
63791
63748
61131
63640
63461
62493
63923
62875
61244
61636
63724
61764
59880
58833
62142
61395
63090
60001
59782
62920
59669
62181
60829
58718
63734
59328
60426
59431
59244
59719
58785
62488
61619
60133
58541
61150
59105
61687
61741
61602
58669
62314
62698
58985
59007
59750
61932
59194
60706
59588
58626
61794
62674
60677
59382
63290
61909
58909
62603
60003
63898
63334
62201
61778
62673
60632
60667
62217
59260
59189
60896
63663
62890
58536
61086
61527
58898
59997
60222
61996
62029
60371
63593
63008
61368
63937
60110
63117
60093
59154
61967
59733
59619
59346
60267
59480
61692
60109
61690
62224
61680
61878
60192
60049
62492
58871
60135
59767
59317
60534
60788
60907
59367
61310
60587
58603
60557
59242
63188
61480
59232
63482
61659
59600
63914
63092
63422
61810
58891
60098
59025
59237
61908
60673
60229
60795
60146
59431
59856
63373
59555
63563
59877
61191
62854
59117
61686
62826
63291
62034
60446
61039
61203
61600
63302
58979
63933
58509
63485
62223
60753
61370
63355
60749
62627
61054
63315
63388
61405
59559
63225
63718
61633
59109
62881
60946
59466
60378
59697
59938
60590
63094
60296
60952
62156
58651
63720
62125
63507
59134
60789
61380
63681
63864
58917
59981
61486
60400
62943
58715
61564
59351
63554
60261
61242
59026
59087
58886
63681
61188
61915
58902
59989
63661
62034
61854
62645
61718
58735
61424
58635
62402
62765
63311
59080
60799
62600
60518
58486
63940
59587
62493
63316
61616
61872
58541
58500
62730
62408
61039
62326
60316
63747
62570
63746
60520
62276
58609
61875
60813
62547
63610
61839
61653
61004
58577
60029
62748
60336
60062
61462
61975
63024
58602
58856
61650
60741
59233
58681
59126
60279
63290
61965
60710
63896
59432
61387
61931
61171
61891
62234
63828
63746
60087
60000
61596
59669
61753
61254
62972
62986
59140
58855
62805
62593
61000
61048
60614
60497
58906
59679
60805
61602
62067
61117
60189
58576
61498
58707
60153
59406
63786
61358
63576
59869
63738
63289
58509
62325
63089
63218
60533
62430
62962
62933
59000
58969
61885
59986
62824
60561
60879
63404
60137
62144
63412
62197
63502
63925
63611
63224
63357
58908
58902
59036
60174
63367
59273
60142
62568
59777
61334
61795
60087
58739
60662
63150
63610
58616
61434
63532
63813
60834
59105
58559
58969
60257
63603
59175
61681
60651
63090
63086
59403
60151
61550
62977
60760
62553
61480
60901
60862
59273
62276
62346
59789
58786
61696
60123
60550
61282
59334
62647
59924
62520
59475
59375
62610
59767
63720
62860
60246
63757
63304
61332
60046
61966
63556
58823
62190
62279
61756
63624
59198
63515
60216
61277
59666
63103
62217
63290
62451
58907
59995
59493
62434
58773
61987
59793
60941
60145
60916
59582
63135
63160
60324
58692
60275
61824
60637
61254
61404
63176
63712
62888
59720
59620
60615
62818
60729
63628
62028
62126
61738
62302
60698
59659
59231
63124
63442
63684
59410
60728
61623
63511
63028
63887
61095
63224
62786
60805
60217
60024
60486
63699
61929
61668
60293
59434
63839
63580
59914
62616
59113
61483
62676
62152
60036
58981
59066
61696
60689
62351
62788
62933
59951
60899
62196
60421
61683
63107
62190
59368
58972
60126
61982
59786
61011
59195
61839
63784
58909
63563
61155
60559
60899
62436
61853
63570
59967
62901
60183
59706
58635
61918
63574
58500
58603
61091
59311
59841
60508
61147
63363
62672
60120
62103
60625
61555
61004
61590
62708
63783
61132
58721
59015
58747
59117
59504
59516
58619
61424
63418
60405
60605
59527
62593
62725
63397
59548
58940
60696
63025
59405
59256
59205
59718
63642
60007
60213
58494
61993
59294
58784
61813
63681
59672
59016
63465
62084
62101
59963
60935
59139
59947
61894
58798
59043
59403
62060
61435
63473
61813
61046
61630
63831
58667
59221
60617
59997
60223
63925
60941
59337
60858
62180
60112
59956
62554
60261
59193
60201
60080
59178
60745
61817
60597
60678
62007
59143
62247
59642
62696
59306
63873
59144
61360
62191
60625
62239
60378
59310
60416
61395
60576
63396
60236
62190
59320
61394
59969
62134
59957
63901
60029
60137
58559
61441
63263
58659
60336
63802
58805
59199
60799
60649
63813
59905
59165
62976
62331
63487
61880
62525
61498
58742
60633
59817
62544
60212
61463
63587
60752
59326
61247
59906
59809
63193
62757
62478
62322
59196
58946
59045
58687
60926
58491
63938
58713
62648
59350
59824
60450
61828
62010
59698
61967
60243
60808
60349
62652
63423
59041
62096
61131
59733
63608
58998
60997
60712
62444
58539
59317
61199
63744
63729
59048
61452
58919
62649
63409
60249
61002
61815
60118
63907
60656
63650
60404
62117
62520
59261
61192
59847
62690
58536
59772
63467
60658
62659
60976
62945
62598
62493
63114
60808
63573
58719
61507
62357
60149
63035
61261
59111
60901
62990
59295
62744
58764
63053
59260
58587
60213
62226
60164
60987
59111
63017
63145
61278
61125
60623
63618
60342
59330
61360
58550
59489
62001
60508
63698
62362
63499
59568
62582
59585
60005
60448
61089
60966
61002
63144
60776
59277
62133
59667
60278
60511
60201
58662
62648
60595
60478
61369
59747
61889
62515
61945
62166
63848
59226
59865
59315
61812
60689
62154
63358
58992
60545
63528
61685
60313
60466
59505
