14882
15351
15705
15413
15448
15362
15088
15259
15797
15520
15023
15848
15336
15838
15836
15203
15015
15674
15592
15365
15843
14905
15081
15111
14988
15310
14874
15135
15799
15272
15732
15391
15799
15604
15135
15812
15075
14929
15189
15420
15199
14883
15047
15671
15370
15685
15205
14862
15180
15013
15541
15674
15375
15396
15645
15346
15138
15878
15137
15441
15458
15445
15862
15157
14935
15152
14982
15849
15083
15091
15431
15676
15333
14930
15180
15660
15776
15586
15736
15879
15607
15811
15248
14889
15247
15466
15248
15480
15388
15567
15669
15767
15813
15091
14953
15908
14968
15510
15681
15202
15285
15261
15171
15538
15253
15108
14953
15153
15075
14955
15268
15339
15441
15366
15082
14936
15137
15223
15873
15520
14986
15359
15243
15598
14965
15745
15704
15482
15425
15048
15874
15080
15178
14953
15299
14994
15462
15183
15827
15241
15565
15736
15006
15014
15506
15069
15778
15345
15354
15758
15227
15781
14932
15724
15143
15112
15547
14886
15600
15324
15656
14884
15155
15021
15420
15499
15086
15807
14924
15834
14989
15033
15439
14985
14930
15519
14957
14948
15263
15772
15139
15074
15345
15890
15158
15835
15562
15273
14887
15674
15688
15231
15469
15116
15490
14910
15421
15690
15690
15396
15082
15546
14878
15413
15815
15163
15027
15767
15570
15252
15637
15142
15801
15215
15458
14946
15280
15005
15276
15308
15039
15406
15564
15754
15130
15360
15570
15858
15038
15581
14948
15359
15189
15358
15070
14882
15280
15510
15741
15721
15165
15412
15290
14994
15629
15649
14988
15652
14897
15754
15381
14916
15311
15310
15472
15123
15564
15551
15318
14975
14953
15848
15159
15074
15659
14924
14926
15161
15531
15494
15625
15562
15616
15749
15524
15824
15445
15359
15839
15685
14896
15250
15262
15351
15429
15286
15290
14874
15521
14912
15453
15469
14973
15158
15429
15010
15245
15107
15148
15469
15565
15230
14883
15683
14989
15835
15465
15686
15476
15175
15055
15733
15486
15262
15854
15339
15226
14927
15848
14861
15159
15638
14902
15427
15636
15068
15367
15821
14903
15473
15439
14947
15820
15297
15555
15854
15602
15092
15366
15403
15320
15245
15629
15666
15680
15864
15800
15609
15286
15571
14912
15351
15318
15897
15879
15187
15825
15181
15802
15168
15174
15479
15659
15293
15714
15869
15724
15113
15652
15718
15017
15203
15091
15438
15025
15037
15306
15423
15692
14965
15224
15759
15715
15822
14911
14954
15548
15733
14877
15422
15819
15875
15073
15444
15740
15740
15575
15068
15161
14975
15806
15710
15505
15348
15677
15737
15228
15744
14957
15443
15493
15363
15791
15729
14869
15395
15417
15780
15411
15465
15773
15417
14946
15660
15770
14914
15318
15601
15673
15907
14876
15635
15438
15896
15014
15461
14864
15732
15556
15898
15197
15345
14970
15395
15715
14873
15400
15389
15415
15539
15887
15864
15509
15637
15275
15723
15419
15026
15661
15698
15157
15129
14913
15587
15586
15341
15144
15862
15012
14879
15902
15077
15844
15452
15296
15725
15032
15175
15846
15015
15512
14891
15106
15543
15561
15746
15805
15598
15906
15790
15840
15658
15764
15781
15458
14890
15125
15365
15398
15603
15038
15882
15575
15860
15351
15475
15572
15609
15225
15487
15868
15827
14931
15476
15667
14963
15595
15110
15746
15058
15737
15666
15899
15566
15851
15709
15414
15161
15442
14992
15475
14947
14997
14901
15738
15345
15800
14978
14880
15625
15855
15437
15140
15048
15243
15435
15235
15482
15874
15844
15342
14879
15444
15445
15155
15430
15492
15550
15717
15673
14962
15021
15240
15034
15574
15551
15904
15292
15714
15202
15283
15681
15437
15019
15909
15177
14952
14977
15083
14989
15483
14940
15371
14860
14969
15876
15171
15768
15753
15323
15860
15272
15434
15729
15592
15615
15205
15560
15682
15749
15498
15075
15237
15896
15120
15394
15284
15763
15678
15592
15525
15262
15635
15325
15029
15347
15435
14924
15831
15862
15364
14889
14912
15469
15527
15697
15796
14970
15239
15185
15533
15568
15871
15674
15199
15859
14992
15366
15320
14972
15004
15454
14888
15267
15440
15831
15675
15731
15120
15901
14960
15500
15796
14915
15871
14911
14936
15589
15527
15333
15696
15283
15361
15222
14913
15634
15609
15457
15096
14907
15208
15808
15654
15091
15517
15490
15173
14911
15111
15312
15334
15517
15126
14867
15591
14863
15403
15740
14941
15578
15260
15090
15055
15310
15373
15570
15194
15521
15858
15833
15553
15746
15648
14949
15636
15435
14960
15332
15696
15351
15178
15744
15284
15884
15805
15079
15898
15103
14927
14895
15455
15409
15070
15848
15398
15329
15851
15343
15810
15335
15309
15774
15223
15497
15426
15200
14925
15527
15081
15196
15006
15168
15812
14976
15422
14997
15908
15546
15582
15508
15563
15020
15426
15123
15867
15794
15067
14952
14951
14953
15552
15025
15854
15403
15613
15564
15198
15682
15626
15695
15224
15758
15856
15539
15428
15077
15799
15737
15468
15340
15061
15091
15189
15536
15381
15368
15512
15113
15570
15024
15128
15770
14982
15876
15756
15290
15876
15543
14959
15192
15422
15250
15127
15063
15724
15811
15196
15243
14870
15774
15546
15596
15403
15305
15478
15784
15603
15802
15845
15764
15422
15636
15734
14875
15147
15456
15346
14890
15494
15425
15177
15009
15649
15691
15893
15740
15305
15456
15072
15770
15283
15380
15236
15196
15200
15029
15643
14919
15068
15780
15307
15789
15766
14871
15631
15067
14885
15885
15175
15583
15245
15656
15897
15326
15813
15457
15029
15207
15720
15148
15539
14973
15881
15370
15451
15261
15267
14982
15624
15603
14889
15429
15674
15230
15082
15075
15068
15075
15447
15866
15386
15459
15558
15590
15306
15087
15149
15080
15480
15864
15732
15283
14904
15692
15690
15866
15169
15848
14922
15326
15365
15556
15374
15433
15796
15447
15810
15763
15887
15305
15845
15221
14871
15606
15000
15868
15149
15272
15362
15280
15779
15461
15280
14992
15026
14860
15846
15042
15740
15463
15770
15380
15149
15600
15038
15581
15756
15262
15571
15486
15728
15433
15295
15758
15384
15914
14985
15862
15686
15688
15480
15185
15401
15379
15257
15263
15419
15875
15151
15559
15096
15165
15821
14917
15246
15457
15782
15529
15643
15488
15804
15574
15905
15180
15042
15373
15553
15468
15083
15675
15318
15430
14881
15578
15732
15182
15511
15574
15399
15875
15378
15263
14912
15158
15775
15303
15481
15566
15093
14880
15876
15263
15834
15751
15904
15700
15362
15525
15243
14984
15288
15789
15773
15318
14988
15574
15405
15150
15324
15593
15337
15464
15889
15241
15870
15176
15386
15743
15424
15378
15250
15234
15202
15049
15239
15588
15735
15390
15247
15793
15692
15632
15150
15313
15854
15184
