10043
11379
14918
9368
12815
17032
14696
15993
13064
10950
10926
17408
13502
14186
9897
6788
10484
6906
16845
8458
12521
17703
16679
15194
8938
12075
9838
9809
7928
14938
8470
8602
12298
9043
13884
8689
18239
14522
17219
7203
10688
15942
15296
15143
9236
8327
13952
17045
14723
14235
7057
9714
9318
13502
12627
12282
10694
7109
7813
11743
13897
8884
14314
12197
9123
14870
18213
10886
9100
14063
9354
17984
8749
16263
9724
10514
10565
8017
11796
9237
9267
13900
7695
15327
14589
9080
14710
10980
16537
11384
8999
14619
8655
11827
16797
15550
12316
17165
11045
14277
9967
12126
17348
13279
10854
13815
15564
17202
8514
11340
7230
15053
8592
13537
15001
8972
7704
18299
10042
16213
7429
10867
11233
10573
13233
8837
14190
12155
8143
7998
14950
11464
12165
13451
8873
14731
8444
15390
7148
14703
13575
17017
15121
13016
18054
12473
17024
15883
8304
17113
8802
14006
7226
15775
7572
13175
7441
14880
9460
13808
13004
10531
9497
9075
9615
14216
7529
17924
10919
13924
13553
10266
7361
7278
8357
8114
14595
12854
15591
17554
13467
10114
8651
16679
16888
6722
10405
8873
14881
8647
14098
16907
10777
15137
7211
8381
16338
9563
14358
9273
15445
14977
16800
14853
15026
12968
12762
18461
14401
14556
13604
15436
12705
7026
11849
10101
12003
8709
15680
15706
10848
7893
7726
10723
11752
9002
6782
13809
9445
13167
7069
13914
13218
8140
7229
11025
10142
18237
12703
16430
12941
14964
9843
13760
14754
17351
16372
15182
6992
14862
12418
10033
12476
17796
7656
13703
8718
18034
6833
13615
12984
10277
15153
10410
18030
18429
14844
10166
16473
12427
8551
11426
11177
9659
12382
18007
12621
15218
16869
16266
8156
13748
18070
11921
15737
9575
13417
6870
15594
6986
8726
16530
8082
7351
13423
16286
12299
12828
11205
12782
10777
13837
13633
8200
14758
7341
17316
15408
9008
9987
9852
12947
12456
9715
18425
7359
15723
9483
11386
11012
11099
10043
16547
14110
15934
8377
12108
9654
17231
12063
9131
12884
14501
17345
9225
8345
10256
9875
13111
7801
16166
11750
10217
16588
7671
10557
7159
11488
15463
9118
16428
10737
8762
14063
17145
11100
15590
12028
16204
12776
12602
18176
8318
14529
9467
13252
14231
8187
9509
14827
12981
15651
15284
15664
7368
17482
15828
10770
12804
12357
15532
8933
11770
11096
10142
12181
11002
15238
8791
8810
14056
9788
8350
8685
10820
18188
14954
12751
12506
7569
17429
12639
8721
12093
12288
13240
12342
11734
11365
6835
13284
6857
6779
7555
9534
8676
8207
17890
16146
11458
9622
15382
13521
13269
12092
7133
7679
9350
12878
10093
14618
8543
8309
11875
14238
8016
15066
9239
9693
11906
13664
17845
15450
15363
14476
11393
7702
16882
9732
17367
10824
13145
7416
15677
16704
17837
13163
18247
10792
13898
10717
9042
8314
11872
9638
9997
8597
8242
9934
6672
11097
12607
13757
12753
9838
11971
15957
10260
8581
10814
7822
6873
10745
16068
16554
12244
8009
10817
15702
17440
7639
13260
8231
12233
10420
14148
11771
7823
7825
8550
13748
9897
6893
6797
14536
13729
10399
14178
13886
17575
8379
9198
17008
15743
7815
8808
7028
10206
15879
14501
15091
9418
9393
16570
8425
13600
10051
17112
7575
10843
13643
8143
17411
10835
7290
11198
10307
10669
9631
8453
8497
15221
17206
11250
11973
9829
17579
10708
14745
16215
9300
10787
9275
17980
18413
10932
12500
14818
16547
14484
9474
14620
16252
15543
10183
15882
16061
10098
16761
9046
8628
13353
18473
8229
13053
10760
6964
7242
11093
9987
8936
11724
16488
12631
13307
16469
9702
16653
17136
12500
11804
9748
16217
12061
17736
6791
12287
13034
11807
14253
14406
13925
13642
11034
13751
14406
9357
7790
6820
8978
12751
11925
14091
16809
16058
10991
17336
10923
9590
13657
9603
8171
16054
13003
16556
9181
12506
16893
16745
9512
11491
10827
8561
8515
15705
14833
10783
15707
8404
16337
7172
13925
14666
10318
8991
11809
8747
9816
13324
11596
11689
8943
14652
12006
10708
17813
7200
11990
10062
9801
13512
13667
11191
12875
14885
11933
11144
9617
15953
17730
6702
17223
10259
9347
14603
14966
18309
17913
7379
7656
18081
10771
12527
17808
16093
12342
17580
8541
8002
12651
7531
11415
10904
16163
7173
12850
11706
9161
12574
14044
8588
12625
16417
14883
10629
7508
11083
11446
14588
18203
10924
12342
14574
7195
7427
7635
10198
10960
15738
16832
10956
17340
14366
8705
11777
13442
14698
18179
10280
10970
12494
13129
7893
11128
15799
15280
15674
17484
14507
6907
14769
12890
6989
7731
14424
11153
12556
6910
11490
15037
10953
12005
7822
17867
11442
8259
7890
6661
17846
17244
17349
13397
15757
12275
9253
7389
7809
8115
9479
16426
12042
14701
12807
14125
13588
6652
11999
13619
17975
17145
7114
18332
12117
18026
18190
12581
7177
10768
17939
7205
6937
8602
12349
9302
14498
9776
15831
15596
12300
14221
16485
8895
12756
11200
16587
17466
10733
14758
10191
12548
11237
13148
7774
12702
13813
14328
6791
17069
13386
14931
18454
12573
9298
13132
17913
12844
9019
13462
13976
16843
15763
8193
9735
11300
17022
17657
12652
10584
13673
18447
11944
14665
12744
10487
7269
10854
6860
16446
7467
10539
17778
8112
17654
11824
8556
8258
8134
12173
13510
17200
12945
12864
9570
12012
13720
10088
12250
7405
8158
14613
15688
7326
13777
11680
14975
13816
15496
18118
15679
13835
8504
13125
13633
9525
12685
10188
18375
9492
7567
9002
12878
17189
13159
14590
9321
12541
14647
15286
13733
8652
11203
12798
15678
18414
13425
10402
14689
10653
10607
8456
9027
8074
9461
9798
15099
15037
9851
13440
10227
11925
7235
13503
6826
15238
13139
11675
16478
9650
17366
6755
18062
8480
8254
15921
10081
6798
7502
12512
14166
11299
12350
15759
8225
9890
12625
7840
10450
14660
11059
17226
10185
7615
18408
8513
13254
17932
15995
8262
10464
11996
8974
14098
14455
17197
13561
10951
9083
11815
14126
17911
14692
8009
14450
13517
13905
10150
16252
11590
6777
15621
12932
17043
8289
7404
11504
15982
10803
12846
17475
13420
13616
7800
15704
14234
12092
11433
13908
6658
12729
14261
13126
14845
13482
8000
6736
8694
16516
11049
17403
14577
10004
13221
12115
13131
13803
13377
15360
12344
11567
6890
10418
7456
13725
11384
12608
12856
7875
14043
7236
14502
15477
14206
14306
12137
10341
11309
13723
11489
9399
12327
16153
9291
8736
10187
15120
14495
7275
7679
9081
9623
10052
12928
7337
11799
14280
8804
8289
16558
12023
16907
6869
8701
8824
9025
11013
15302
18429
8995
7642
13043
16698
15841
6769
12260
16942
18058
7722
12568
11467
10346
16588
13604
16252
7555
9156
13121
12449
10297
12425
12830
7293
18313
13749
13934
13022
13097
14248
15786
12117
11866
16161
11558
9898
11843
12156
10193
10063
14543
8941
6698
17900
6999
13962
13439
11721
17790
10928
6955
18343
10994
11345
11415
10123
13994
7158
12517
10677
17118
10348
11154
17219
13542
7542
14058
10374
7019
17780
11677
12161
14161
11011
13157
6765
16571
14749
16146
11216
8074
9964
14632
10415
18040
13543
16262
14526
12273
17917
13594
16013
10284
11557
12368
7972
16554
11536
15225
11566
7344
15007
13480
16439
10302
10587
13383
9639
8555
8872
8974
10337
15675
11744
17510
11753
7751
14612
9070
6833
10317
11033
15886
18213
11011
7152
14951
15510
10266
9034
16651
9838
15492
9195
9952
12970
10995
8570
12953
16766
10440
13714
13101
11599
9652
9892
12637
7845
10396
9737
7944
18455
14155
17514
14066
8109
13829
17864
12540
15980
9531
10759
14908
15832
10830
9470
8654
14705
9663
17571
15594
12782
12873
12584
16331
11659
15511
16830
16739
11628
17605
7466
16946
14458
9390
8558
14899
8481
12384
9551
14751
9825
8533
11300
17668
18145
9156
13950
12829
15507
8892
9200
17481
9452
8083
12847
16744
18151
9578
14743
7930
10269
17110
8498
13988
13327
15360
15412
11010
10449
13051
14376
7315
12931
7404
10101
13912
15976
6791
10854
10086
14498
14190
9618
13650
9800
12646
15492
14141
10718
13367
8519
12563
12784
14788
14259
9978
16247
16349
10262
13297
10563
11726
16036
9912
10280
7915
12704
18459
14424
15028
8876
16035
15085
17399
17313
14047
17423
14927
10125
14324
17614
13829
10799
10675
12175
8367
17723
7175
10518
12883
9972
17279
13437
14078
8532
7178
9674
18459
7467
15171
11416
17923
10575
16320
11928
11577
10094
9664
16339
11055
15641
8965
14727
13647
11716
10332
18423
15656
13288
10160
7075
13274
12276
8157
15554
8558
10478
9655
14554
7588
7967
9523
14449
15308
10287
9415
17870
10252
8879
10087
12081
15055
12075
14155
6713
14182
16268
9660
11741
15361
14826
17214
16059
14648
10465
10004
16174
16287
16440
17537
9665
8573
8767
13383
18121
12700
12213
14531
13775
13390
10720
12715
8132
10774
13665
10920
15339
14460
17672
6706
15167
13635
10943
16269
8005
6746
15381
15255
13662
13868
15778
9580
9260
9400
6666
7961
9271
12031
8553
9511
14787
17043
10595
15576
10936
7838
9315
9119
10119
12305
16966
12055
9221
15409
16656
12616
9623
7519
13560
13925
12748
13749
9433
14114
16442
11467
16228
12955
9799
14589
12057
14320
16951
7898
7901
12219
17466
14216
17517
8384
15206
8164
7877
7752
8107
14443
8890
17278
7581
16054
12695
8610
9619
13374
8062
10465
13240
14634
18336
11917
9333
11843
18128
12812
14165
10964
13507
8707
9965
9778
10443
11893
13006
11192
13968
14878
10128
9090
9622
15297
10223
12063
8890
10645
12158
16105
9067
14105
15047
10134
7673
7287
10754
14243
7008
10346
9400
15945
18046
17311
14101
10031
16366
13225
7889
7257
14253
16410
8895
9425
16608
7870
17116
8178
13488
17724
14437
7775
11835
14652
17860
18353
8026
7777
7963
12355
15528
8683
15561
10567
9808
8097
14163
9724
16861
17772
8790
14611
15148
10887
15809
9201
14273
17310
8474
15962
11530
15936
15277
10989
15236
17918
13661
14366
14021
16956
12585
7532
10969
12815
16314
7137
10592
13248
13683
8344
7575
12581
10697
14948
14870
18482
17911
18293
15315
15180
9911
9296
11416
14566
10548
13301
10013
8499
15236
8825
10283
9284
14949
11512
11005
11868
11010
9422
15677
7596
7078
12088
12438
9175
8216
11346
9957
6876
14226
12097
12906
15632
11080
8891
8549
7618
8257
8706
9752
17046
11043
16346
6843
13643
8590
7127
7625
13645
14249
11144
10347
18198
7372
10531
18453
15845
16880
17813
12060
11176
13942
16655
16364
7159
14983
11732
7252
7329
12603
15792
15637
7765
7280
14991
16287
16577
7143
13225
11600
17884
7723
9240
15266
12435
14147
11487
8788
12703
14410
10249
13735
15587
14844
12402
9496
7704
13336
17881
7995
15162
13914
7107
12451
14649
6813
9440
14480
13682
10447
8429
8996
8484
11250
17180
15801
10274
12521
13493
8731
14493
14491
13370
10982
15882
7185
9098
11642
11247
9769
9970
7048
8178
8122
16443
12821
7880
11602
9800
8885
12505
7547
13492
14108
11314
12355
7666
11453
7164
7386
16499
10929
17301
12470
7214
8635
15598
18270
7175
11930
10437
7428
13287
9096
10269
17610
14455
16385
12997
7680
6903
11184
17052
7865
9977
7932
7297
13624
13577
12345
17656
13102
18387
15570
6738
11508
12910
7048
8859
13160
9636
15515
18193
13826
17513
12491
14919
17617
17207
17626
10231
9812
14313
12908
10689
9092
15320
18326
11338
7608
10550
13467
15585
12389
10047
13987
15037
18498
14528
11087
14524
9053
10945
14178
10859
10224
10811
10228
8268
10194
9279
11985
15748
7740
15239
12379
12075
8155
11110
6881
16997
7315
16468
7417
17051
15709
13425
9172
16873
14270
10148
9129
7501
7569
10718
8643
16451
8436
6856
17833
16941
9219
14822
8359
15681
18278
8641
12535
14627
11651
16671
16523
17662
14490
9396
14073
11535
13361
16630
14623
7972
10084
16563
9539
13560
11678
8756
12841
11385
17035
10285
13854
11147
15480
7994
10604
9117
10520
7158
10208
17531
14557
15475
17680
14385
15039
9231
6966
7198
13739
17421
11670
11330
11734
15864
17399
17922
13069
14286
17907
11328
18357
6733
11392
17040
11154
10236
17101
16547
10414
8873
7564
14610
9243
9747
8371
9796
15170
18105
11520
8430
8789
11832
13488
9382
12649
14485
17384
9635
10852
14601
11822
15661
17848
18432
7737
15698
12365
9331
13115
9077
7746
12827
17577
13887
15457
14210
14465
14793
11621
12830
10631
18178
17118
18051
9042
14287
9929
9573
8935
8607
15350
13787
14326
9041
8369
11556
14767
7475
12387
14790
14553
16836
13905
11521
15278
11987
7494
16910
18124
8013
10345
6691
8569
18121
15551
14340
8219
12482
9135
11755
8677
12414
9646
10337
8327
14647
14486
12549
14914
8717
13822
18172
11890
14556
12419
12141
13166
15517
10481
13896
14394
17090
14166
8737
13354
9317
11691
6821
11241
8336
8147
12370
12775
10360
14939
9214
10920
15991
9130
15680
12905
6903
13917
15999
13590
14779
17023
15098
9822
14538
17856
8467
11910
13647
16966
12991
6903
13851
17562
7061
17160
14150
16276
9297
8941
9240
13172
16321
8899
11450
13165
8853
14702
15727
18205
17306
14805
15439
8610
8370
9637
6901
16601
12008
7002
10415
12713
15388
7995
15174
8778
10767
15247
14560
10111
11443
8746
11886
13523
8242
16134
16468
8287
10620
12042
15028
11163
18278
14603
16684
11435
13596
12405
13884
12801
15337
6961
7932
14300
15344
8781
6959
15299
11332
10166
9738
11683
15725
8083
17072
14142
13415
16021
12492
13359
9494
9983
14155
11588
16064
12331
7756
18451
12533
10695
13251
16703
8339
12356
7103
11492
9472
7049
17583
9238
10531
7452
12545
12451
15022
7887
11326
7389
13050
11239
18032
18093
14581
15152
10693
9045
12866
18035
7502
6910
13208
13722
7645
6712
6666
9093
10022
17046
6670
13162
7060
11510
8962
7495
8493
8502
10683
13891
14977
14575
11336
17976
7178
7232
15008
12860
15858
17524
14090
12797
9527
18092
7679
8827
14685
9590
15377
16487
16999
9620
14085
11757
6840
15313
18128
18195
9634
14350
12667
11020
14994
16169
12315
6761
11237
17432
11069
8991
9509
7306
14000
18421
16251
8173
18313
9827
15312
7195
12521
16413
7462
13486
6741
7987
9774
8209
10677
14065
17730
10717
16950
9016
12583
12396
8083
13560
11084
7329
8931
7601
12163
14024
12774
7957
7019
9378
9097
15619
11872
9333
13390
10100
10052
7137
13377
7814
13006
7608
13803
12179
7044
7216
10518
13453
14116
13461
11598
11774
15400
11284
15566
6677
13289
15448
11032
12644
13121
14878
11669
13841
12972
7064
18415
14937
13306
18123
8904
7492
7907
11458
6786
8372
8951
10748
7529
13736
13236
16731
12867
11901
14544
11253
8286
7173
14233
17048
13707
13251
15720
8596
15233
10279
16760
12907
14239
7014
17448
11074
12538
13729
16136
15343
13768
15242
12582
15371
13373
10509
15263
8758
9123
11233
10079
10346
13711
16337
13576
6721
12162
13487
10677
16205
10135
14323
10395
16381
15416
16892
13316
10654
9122
11418
7246
11479
13917
8383
7375
16600
15381
7698
10853
14753
12015
9909
10674
9160
14130
10070
10155
11040
16206
17958
13138
13726
7481
7379
8650
13038
13591
13611
8965
9685
13970
11830
10543
17081
7393
16335
14327
13498
7719
11440
14897
14968
17996
9848
15674
7785
12556
11627
7260
15298
6730
16494
14750
8605
11842
10463
13257
8939
10541
7351
9868
12675
8657
7706
17272
9762
12507
10998
13941
13168
9682
7699
12735
6852
13439
9157
11447
10010
14302
10726
9012
8816
8239
12294
14005
17584
16795
14798
7600
15962
15410
17276
6684
15179
7472
15079
7440
14461
9746
12090
10367
6964
7390
9188
8193
10451
15365
11064
14998
10339
13673
11894
11249
11860
15555
7225
14736
8231
15727
7658
13315
15738
8391
15642
7167
9534
18306
9911
12518
14544
15753
14812
8931
8856
6877
6744
11123
9287
6981
12013
12592
17195
8946
8751
16813
8169
6983
11573
15678
12081
10970
14444
9299
16729
12529
15316
7786
8960
14233
10930
7632
15251
17883
11293
9845
6810
9645
13260
17616
14883
8965
17944
7479
9140
9745
8452
14135
17876
7982
13138
16551
16201
8391
8786
14205
9880
14500
9261
10816
7429
7234
15530
14314
10952
17928
11346
14807
10391
15423
8323
13386
10879
18163
18348
14895
11630
12164
13098
13513
12095
13714
15334
7350
11719
12285
12662
16948
17882
11598
12876
17001
15670
12031
14050
15206
13383
9717
16991
10567
16597
13439
17282
14042
7794
10271
11557
10557
16577
17721
12800
10740
12190
12058
17549
10794
15773
16298
16276
11224
11630
12588
18289
9378
17900
9694
10158
16870
6879
15515
11745
16251
16891
12903
10361
11338
12084
13399
7090
14798
8031
9329
15068
12977
15970
9239
13376
11202
17087
17907
18462
15049
9390
14755
9007
7968
11128
9325
11239
13397
10418
9256
18402
12766
9984
11066
13652
10713
16851
13881
9119
14110
10801
12291
13387
11249
9737
9163
10064
11712
10929
7370
7965
12748
13763
15356
11847
14679
11140
10631
9168
14873
17905
11456
10594
6721
7199
13167
13897
12292
16874
13861
7188
15075
17257
12020
17029
13833
10075
7042
10874
8776
11079
10005
14222
10520
13950
11089
7455
8631
7680
18076
11109
8234
6725
14122
11597
16171
8196
14280
8452
18330
12904
7007
7281
15985
13822
7535
16242
11602
16222
14419
9094
16676
13394
13206
8528
13653
12602
8119
11216
14895
6999
11537
10509
9912
12296
13031
8302
13606
16391
14925
10736
10139
8423
16245
9772
17323
7488
14119
14258
8045
9525
10937
7465
11471
12322
15510
16111
10987
11207
14943
9922
7179
9591
9585
15054
11883
14584
17543
16384
15478
15411
13510
7593
11174
14917
9466
14132
16043
13980
16793
7521
16760
12214
7475
7195
15900
17248
11742
13254
12647
14318
8756
15638
13545
14848
10232
16352
8859
11927
8451
9809
17041
13217
12385
8809
7447
17859
17335
15310
17754
14984
8259
15179
8113
11436
15468
7596
8431
6938
11150
9118
11481
12300
10919
13055
11282
10801
18124
14659
18154
11671
12686
7231
16530
13421
7868
16929
14239
11692
16883
8177
12787
11184
11400
14218
17839
10226
16652
11551
7791
14089
18294
15778
14937
7255
13493
12844
7510
8375
8460
6788
9867
9423
15622
9973
16504
8743
13707
7083
9159
10383
9658
12783
8770
10206
10305
8903
9592
8143
16553
7237
8162
7435
14724
7001
13269
6812
10034
10549
11981
15201
12466
15692
14815
11472
7200
12458
12740
10873
18263
16622
18393
11782
10816
10501
15944
14084
17241
7134
14383
12082
15761
11169
7399
14016
11545
15964
13149
7655
14035
14682
7335
7342
11794
17424
17642
12490
18052
13195
13446
7480
8458
13022
7502
8059
6820
15908
14012
17765
13016
17053
18330
7762
18311
11011
9577
10425
9520
8134
17382
11874
16196
14624
15736
14048
10747
12919
17749
14229
11501
14669
14548
16842
10238
8328
12140
12230
16620
14759
9442
10432
17247
10933
14586
17790
7903
8302
13538
10777
14911
10594
11764
17606
13852
12898
15745
8348
7952
14585
15128
14296
16671
12554
11179
8275
7405
14307
11424
7974
9185
16619
16204
7872
15251
12702
12317
6717
8563
11831
6693
8867
14805
9272
12157
15663
17684
10781
13230
14722
14291
6966
7958
16919
12918
15678
12779
9730
14295
12424
13973
8777
16427
18244
8774
12869
10308
9265
9254
18152
12448
14730
15025
7534
14962
13998
10678
7767
15890
15475
16118
8198
11851
17176
13533
11210
15327
9747
15135
13728
18492
18443
7290
10635
11304
13521
17153
14053
15341
6979
11498
11484
8047
7296
7211
13565
12489
7700
13342
10807
8387
11276
8245
17724
15189
13222
14756
18268
11020
9036
10098
11894
11038
15672
13513
7386
8728
16318
18010
16534
9925
7896
14195
13187
9359
8943
6879
16214
13802
8080
12141
13550
6898
6957
11015
7544
17188
9474
9931
7179
11492
16042
9820
15355
15296
14853
17835
8775
13868
6688
7070
11556
14417
11751
8998
11623
9024
11563
12572
14238
9669
12722
15502
15273
18082
13004
8567
17148
18223
18480
8678
12106
13356
18198
12355
14455
14390
17697
11028
10057
11320
13079
11199
11314
18410
13622
6672
7175
14924
13280
11565
16987
14377
14858
13893
12183
14984
8610
10678
10502
14113
18261
10805
7153
11656
13683
11066
9834
7315
15307
15212
11117
9747
13555
9433
9209
7494
14604
17092
15455
12356
10713
17627
12698
12933
14624
10974
16165
12179
14608
17121
9727
13378
14876
16126
13426
7112
7807
11236
15300
15787
11625
14731
9879
7776
15485
15807
14241
17952
7320
8053
16325
10717
14850
10885
11170
12858
17760
10932
11488
11922
7208
14283
7402
13458
11570
15583
9569
8975
12499
10931
7440
9799
11665
13388
18457
15307
13649
7770
13379
12731
7930
16514
6659
8338
17495
11331
8565
7625
15312
10947
17193
14634
12734
8125
11294
17576
13842
17096
14305
15422
10582
8354
8431
6733
8544
14004
14515
14274
14462
14006
14858
14362
11098
15424
9126
15881
13591
8851
11387
10214
9146
18060
7789
9727
14715
9381
14201
13511
10924
11952
17387
17056
6898
7921
7242
7905
10668
17097
10477
12327
8519
18162
12223
9611
12225
7665
12516
12804
14833
7003
8360
11802
7701
8050
12660
13448
13098
11505
16910
12330
10217
9048
8232
13270
11503
14029
7338
9001
10696
11820
9728
15463
13246
8684
17428
8987
9018
11386
13721
18066
7237
12656
13378
8797
12657
18009
18017
13410
15325
9198
16881
8872
11981
6811
13672
18301
14958
9174
10013
7495
6843
8616
8205
8711
8628
9339
10096
18321
9127
7289
11712
11288
11103
10738
7672
8507
10206
8788
11154
12671
6891
11308
18277
12334
12438
12367
18043
17713
11583
15588
13546
9081
13710
12749
9361
9107
17021
13604
13002
12942
17112
12097
7067
13494
13839
15328
9769
17199
16881
8549
15653
8326
16368
14202
12680
11695
15386
13803
6976
15183
8927
11628
11647
7534
13181
7177
15560
13395
17856
16406
10092
13198
9569
8226
11896
16925
8625
14963
15186
16257
12784
15493
6967
7292
13628
10286
8930
8478
17838
7302
17822
9614
9215
12653
16035
14987
9516
10306
9400
11297
10573
8262
9475
13219
11032
17905
8166
12981
11648
11611
16014
17894
16462
16843
11319
14386
17152
18227
8867
7745
15047
14677
10786
9480
10730
12354
10897
13722
16798
18272
14850
10105
9495
8024
13022
15144
13414
18332
12108
7977
17747
9584
6899
7104
14720
9398
15297
17831
7615
7240
10802
9938
10563
14897
12844
12597
15341
15365
14443
6747
17885
7174
12035
15588
12363
11755
10557
15242
13315
9311
7261
11490
16521
17064
14971
7522
13160
8388
14846
15373
15787
16774
14823
10441
6922
13294
11283
8927
8981
12045
10517
9240
8895
9413
16247
10543
17777
12504
14695
10439
17232
13043
10841
13735
8762
10390
15164
10629
12388
9977
6880
8911
13969
14310
7018
7997
8826
11346
17686
10148
17459
13347
15136
10027
14425
9592
13647
10044
17235
6961
11912
8591
8211
9319
13644
7828
15089
6687
9550
15896
16714
9882
11982
7425
15136
7499
16166
13925
17600
9556
17802
17900
10422
9091
12399
14226
15314
13172
13223
8961
8762
13934
6854
17593
7463
10788
12310
15034
9026
11310
17312
7729
7769
13859
17424
17592
8238
18455
6864
11937
16564
16150
14371
7113
14082
14039
12350
8960
17261
17141
13833
16117
16481
8036
6832
16583
14240
13114
12714
9732
8802
16527
9620
8572
9099
17487
11231
14905
13375
15978
17086
7017
6667
17953
14028
12786
12725
11015
15292
11466
10278
15946
7822
11832
12818
10106
12448
12892
14537
15017
8385
11647
14737
8518
14824
15720
10672
18040
6718
18493
14443
14236
13369
17401
6973
7613
13144
10980
7810
10569
17485
16817
13202
12838
12185
9564
9949
9980
14600
6749
16269
6802
10948
8926
10620
11898
14475
12410
10056
12710
9885
10190
8874
15410
7386
12152
13782
10269
9854
11937
13849
8038
15092
6843
13876
11279
14036
7337
15672
7771
11082
13648
15733
13545
15478
9171
15155
9691
18281
9053
13605
8128
8128
9075
15351
16433
11403
11963
16575
9607
7196
17505
10141
17720
15838
17304
6817
9364
14046
11580
15320
7104
9765
18126
11948
14041
12194
16500
14384
12346
14073
10099
13405
12360
17231
9211
14554
11277
12980
8477
8998
12629
15183
10065
9250
16725
7496
13338
15556
11060
17721
11541
8077
8365
14077
11650
9825
18367
11354
14593
12716
13144
9769
10264
14273
7645
8121
7870
15183
8265
11780
16143
8611
13025
13644
15049
18013
14914
9485
6909
15770
15929
8921
11067
11784
15501
8357
17036
16192
9727
10776
7351
14515
11797
12830
8138
13445
15158
11813
13897
14005
11160
8563
16967
14589
13149
10961
10864
14660
13600
15294
8284
10114
7786
9434
17193
8842
10495
17213
11813
15142
14660
13348
14710
11337
15149
9545
10585
14826
11402
7306
17698
13339
12767
15656
8842
16574
8712
6830
14884
14235
14801
17040
10223
15617
10037
17537
10857
7756
10871
16620
8522
17925
10868
7818
16818
15294
10973
12523
9292
10506
9475
8614
12598
13609
13308
7340
11845
8755
18426
15917
16077
11782
6677
18137
11834
13839
12764
13655
17190
10042
9329
17422
10897
8351
9087
10505
15323
7393
12256
15959
10929
16655
14074
6714
15598
16179
9813
12555
15910
8144
8271
11904
13860
7867
18057
9282
7376
16475
11471
16178
7878
7302
10817
8813
9014
10572
15297
16170
11894
13169
7455
7954
7261
15105
6816
17430
12198
13864
11888
8687
14241
17369
15398
13556
11891
13562
14170
7277
8925
9864
9098
16500
9962
15955
16691
12132
13751
7338
8993
15730
12147
16530
12189
9059
16163
9104
12710
8341
14108
11525
13361
14192
14000
12538
11871
14390
13820
11933
12794
12295
10044
11893
16660
10412
15367
7456
10696
16922
10842
11449
8634
8540
12483
8740
14175
13333
9799
11899
10763
16574
7484
18472
16641
15293
7061
14082
17390
11597
8713
16552
7268
15416
9275
14561
17481
15411
8131
16633
8637
12606
8596
11437
16053
9161
9136
11861
7417
6812
9699
13542
18127
18457
17868
12308
8743
11526
9072
14455
14339
13257
8088
16256
16828
8162
9575
11746
9410
15129
12435
10837
12230
17314
17033
10552
16661
10461
15925
9831
7601
14859
8116
8580
9364
13761
6750
7340
17972
15761
18437
11525
14635
11823
8934
16140
15624
15463
8824
16938
7832
8741
10168
16089
8067
14072
7296
16594
11704
7008
9037
14750
7961
9526
11038
8046
13941
14213
9686
10942
14025
15197
18470
9924
14848
10043
12475
16481
13619
16645
11010
17295
6811
14089
9875
13699
15718
12847
11227
15650
14349
15314
7061
11493
10154
10130
13022
12271
15960
9883
10856
15042
17312
13116
17917
17712
13120
8985
8268
13771
17642
15289
12632
11508
9154
10877
7522
7414
9627
13902
18041
13548
16293
8613
11528
8370
12000
15122
7887
16887
12900
9537
13282
11032
10979
13429
12598
7704
10639
10767
9075
6884
8285
15546
15339
12857
15048
8907
11738
13492
14345
12693
9940
17672
8132
9678
18029
7041
7351
11664
6822
16668
8332
13008
8756
10389
6704
10654
7792
11078
14687
10152
11865
15941
12155
15032
18082
8511
10768
9689
17379
13024
15184
7850
12122
14275
6707
13856
13309
10722
12469
15971
13999
14275
16362
11207
10577
7479
8031
14093
12776
7035
16322
10962
10151
12639
12690
8591
12542
16391
11704
14563
13629
13311
14587
13522
8235
11968
16500
16270
8163
11476
6754
6755
8763
18301
8286
12398
13675
14674
17676
9069
15600
16096
12943
9032
13338
11269
15027
13684
8325
7054
17453
7705
12999
13298
11294
7348
13061
10973
11912
10430
9876
8049
18109
18350
9002
14629
10580
17904
9826
12974
7796
11679
14703
10249
9523
17354
9937
12676
6755
6712
12512
12034
9108
8243
6835
12587
10175
13405
18380
14639
15339
13759
7170
10193
8353
14622
12475
14364
15096
7806
15486
14716
9279
12271
13680
18164
8957
12505
12522
10264
11935
12347
8804
9954
11870
9922
17336
13820
16727
6805
17774
16127
15355
14491
10604
16069
7968
12706
14735
10512
15345
15233
8982
11075
8182
12733
10012
13945
7700
13132
12982
14475
14994
6676
15874
9915
9224
17911
7008
16417
9200
10313
13441
17183
11259
7985
11963
8317
7771
9958
15716
15772
15859
17072
12172
18115
10730
12772
14669
8964
13444
8060
13870
8046
6713
8873
11856
14963
10262
10996
14962
8251
15506
17992
7692
14431
8601
8862
17740
8105
10141
7831
8272
13586
12992
7597
12876
10935
12174
11851
11173
14070
8386
10092
15630
6948
6898
17058
15251
7033
17302
9653
8222
7209
8251
12786
8611
7103
14739
13533
15079
10901
11033
15344
12686
7315
15247
14127
7199
17088
11490
8597
12597
14820
15412
10670
12725
15114
7580
8339
7388
13440
14937
8590
10602
7178
13192
8316
8960
10514
10699
7410
15525
16817
16776
10100
18266
9807
18193
16335
10056
9805
13708
11990
13918
17092
13140
9481
14138
15487
10466
8745
12856
10610
11275
8948
11774
7773
12015
13887
9535
12566
7873
17601
6652
14127
7133
18290
7471
13461
13466
11248
12754
13697
16699
15778
9971
14670
10502
17334
12682
12246
10059
10754
6940
8458
9940
14697
14576
12603
13625
7498
16962
14400
16991
14881
17493
14121
16425
14330
10930
10809
14989
8289
9590
14423
8920
13035
11561
14063
9817
8581
13594
12122
15618
17552
12358
13249
15412
13265
7229
7626
8091
9568
12382
7403
11747
11039
11878
16329
11421
14101
12771
7096
16493
15271
11491
14668
7372
16414
16287
12315
18207
17358
16617
9206
15937
9051
7127
15200
9804
7177
16413
15408
8167
10824
10466
7583
14717
16811
15062
10871
18043
10772
13766
14131
11747
14057
12541
10652
12905
15630
8231
13136
12741
17189
7777
11384
7473
9268
9455
12934
9201
11182
8092
10599
9532
18125
12066
15608
9559
9362
9120
7857
6684
9329
17424
15573
10729
7159
14381
16998
16168
7311
15381
9932
9849
7712
17257
7587
7688
10946
12860
8984
17398
14963
8537
11406
7397
9060
9263
10816
8924
16643
17229
14294
13928
12440
7299
16266
13841
8847
16519
14679
14168
17929
7444
15002
8212
15573
15232
15447
10835
7669
10569
14297
10600
8137
10833
6937
12782
12933
7008
15702
15396
10837
13107
9166
13351
7857
12920
8595
16902
12916
12372
9410
12660
14931
14983
11366
16381
11184
8954
16358
16169
16728
12568
11228
14121
10436
16836
8680
13879
16870
11577
10979
10368
18423
18241
16327
16344
11212
7269
12874
8253
8247
7288
7018
7012
9978
10711
11108
15443
9932
16750
13216
12668
10532
10026
13367
15601
14027
8239
11253
12893
8465
13138
7321
12129
8634
9382
15042
13949
8049
12860
10519
12965
7405
10231
10620
12736
11113
7327
9468
9486
8295
12336
14176
7775
7292
17104
14173
8184
13000
7242
14880
13227
8142
12168
8498
8147
17035
7097
11388
6933
11551
8832
6921
12577
13300
16801
16933
11828
8381
13655
15717
15392
14540
16773
11664
9198
7669
13937
10808
7028
8218
17315
6925
11184
15162
14888
11507
11781
16864
12932
17359
15174
12759
7546
6855
9713
11867
7739
15521
8523
11008
12207
12033
7334
7301
11406
12461
7072
13609
10625
17339
15448
12672
7306
12772
9423
15140
13881
10507
11743
16396
10775
8461
16393
13946
13695
6980
10403
7977
10841
10116
16067
11119
9831
9675
8310
10913
10029
7211
14101
14129
14541
10906
7692
6756
7973
17797
15192
14119
11691
11215
14095
13713
15286
9948
16580
12659
15485
14860
7582
11243
12003
13957
8721
14253
8455
8751
17490
17510
6878
15584
12661
10671
15108
14079
15354
15577
10919
9356
13682
9875
9310
9778
16735
17229
11224
14054
14964
8182
14772
14325
12113
10772
10236
14014
13177
16764
15441
6765
17876
13248
17323
15532
12037
9098
6761
16795
7642
11090
13932
7360
16123
8897
8934
15929
17779
9791
9598
15775
7607
14139
12258
9445
15244
13990
6749
14529
18378
14211
7310
9613
11234
15613
11413
15675
12003
11094
8195
11042
13484
12741
9256
18376
13211
11571
8277
13831
10924
7069
15302
9724
13858
13546
9245
8400
14658
7862
8915
16162
11820
9416
6674
14253
18038
6843
15187
15373
11818
12024
15739
8026
15739
16583
11701
11069
17369
11271
12434
7220
9397
10015
11409
7221
15396
12021
7708
11213
10390
9602
11558
12019
15193
9913
14412
8692
8584
16689
15764
17817
17335
12836
14202
14694
9486
15115
7223
13034
16482
7951
15883
14996
17275
10654
11464
13041
15880
16002
15597
15011
15166
8092
14427
7909
12700
16135
7008
6760
17441
12469
13093
11047
14238
12899
17882
7163
6708
7598
17974
11992
9871
12678
15408
16569
10097
7396
10602
9670
10664
8460
18374
18433
12763
15611
11305
11801
11822
13003
15098
9695
17418
15794
8848
10437
14789
12790
15347
11673
9684
9410
7903
9033
12559
13361
13829
8527
14470
7870
9017
11318
11209
9245
15132
15056
12515
11978
9731
9133
12339
9482
15989
14640
12384
16717
8558
10067
6734
7906
11243
16183
9554
14335
11709
11012
11295
10922
9355
9436
13320
13888
15678
11863
10815
18359
13180
16626
13641
11759
10928
10782
7452
12842
11319
15425
12141
10905
10771
10600
14558
16890
12168
13980
6654
9936
6911
15253
12806
14255
13010
9602
11491
13365
7879
14528
6968
16340
7232
11962
8168
12419
14920
15038
17225
17730
7906
11985
10174
8139
14108
15951
13899
8396
9570
13478
17247
14192
17503
12519
7093
7895
14239
8030
9269
14953
11692
14100
9889
14108
14767
10762
16221
9162
16916
11423
15123
9834
12962
16958
13882
7298
8705
8253
16039
15787
11673
11089
8380
12304
12388
10155
7479
14520
7762
6773
9354
15348
8272
12211
8682
18269
13659
15045
9423
7797
16691
8948
9717
16706
13590
10679
13877
12801
14951
14843
8521
6795
9799
17903
14488
9741
14655
7382
14676
11473
8683
11229
16259
16803
9717
14533
11442
9303
10241
8951
18163
12116
15078
18264
15504
15388
16513
8912
13118
11855
14275
18407
15554
13583
10539
11325
8484
17586
9810
11418
7168
16358
10463
10173
17035
15492
12314
7137
7899
8661
9677
14295
10441
11424
17400
9553
7430
8799
7468
15470
17615
9681
10046
10889
16460
8395
8687
15535
11897
12557
7177
14342
15583
7652
14600
12660
10077
10730
12447
7308
18437
11790
17518
11442
6677
11689
14553
13092
10735
12958
15178
18089
13133
8990
10251
12406
7715
14468
18266
15703
10421
15096
10366
13902
9367
8218
15761
6783
7760
7078
11516
16029
12068
11416
17457
12109
12058
12926
14389
15213
12228
8276
15160
10251
15746
15883
9455
11215
12682
6850
10469
11656
14056
14403
16415
8525
17679
13840
13489
7231
16018
8123
17229
15194
8831
18088
9687
9493
10986
15362
9645
9132
17006
8071
9400
7112
7530
16728
14365
13671
17337
18067
11834
6799
17354
17947
10081
14782
15454
10931
15369
11648
12836
13523
11150
7672
17500
16551
11363
14913
11341
16396
15325
11378
10908
17484
12864
13251
12828
12733
10257
11141
17359
12167
12647
15835
11667
15210
12082
14083
10657
12853
12105
9165
11599
9641
11833
18202
8012
11215
7139
10666
9605
14275
7808
6842
9213
11013
8607
16712
9955
13835
14987
16762
16640
15562
10783
10068
16334
9508
13812
13329
15731
9445
14096
15171
14700
12485
9526
7846
15950
14516
9813
14626
9780
8535
8743
9501
9519
17504
16556
11719
14976
9467
7525
11623
16172
15951
10952
8660
14589
9962
8599
8721
10339
11532
11247
13950
7967
12892
13668
14474
8542
12243
12486
9550
12167
7632
15592
14529
8563
8005
10570
15384
17814
10470
7572
6798
7872
8480
12241
10553
10448
15757
11196
16804
15791
17173
9878
6933
6893
17423
9140
16932
14493
17060
15444
13596
14802
7225
17726
8333
16803
17795
7712
15524
8081
7815
8542
15818
12230
11603
15810
8549
13325
10166
12005
12782
9872
10871
12365
16389
9137
17012
9897
8779
14475
16667
17557
11125
13756
14910
13129
6750
14180
9128
15519
14328
15243
13412
10275
13265
7495
13968
6723
14372
12328
17712
15328
12327
17030
13271
6888
15028
7582
17137
18237
18343
12358
15900
10174
15831
15511
14634
13733
18454
18289
9297
7340
10404
13546
17438
14928
18292
10413
9670
9710
12464
9159
7611
8728
10266
9658
15838
10145
8580
9025
14141
15101
10399
10862
16255
12990
17726
18498
8791
15547
13160
10099
10077
16980
12837
12491
10426
15138
11608
12548
12118
15594
13316
9086
13110
13437
15850
10554
15734
12889
9232
18184
16641
7228
12606
14806
14682
13916
17436
7677
14234
18478
15216
9214
17425
17635
7283
11311
7957
15302
11046
17013
16745
16589
14165
8234
14112
12689
17929
14084
15446
15948
16297
12368
15064
8789
14925
11253
9955
15545
13459
9626
7911
8321
8663
6698
14791
14763
17444
7943
15627
17283
17221
13912
7315
17780
12007
9645
14622
17171
7705
17898
11443
10570
17308
9450
15038
12557
17399
7848
14947
14245
17862
12535
10735
7419
6798
13222
10741
12772
13820
11948
15028
14671
9999
8599
11112
10117
15050
9206
15601
13186
15455
9900
8739
7681
6659
18363
7026
13486
13656
14642
8965
11569
9811
8429
10116
12868
8538
13349
13679
7023
9788
7655
17506
14628
8126
18444
11999
15314
11883
13816
11635
11891
10315
7188
12764
17434
8997
7682
16292
13211
8824
13106
11185
12837
14289
9987
17160
9755
11436
15298
7631
16331
15828
14964
10142
17079
13085
15759
10932
10600
14866
9630
15400
11025
9325
12023
15131
7774
12345
14745
17473
16924
6727
13021
8206
12852
10229
12230
18439
9521
13666
9867
7098
9392
6998
9178
10858
15485
11224
8971
10038
16166
15638
15484
12310
6811
12762
17788
12207
17025
9854
13603
9680
17329
9957
9451
9949
15684
12081
7255
8664
16420
16689
9247
8838
8289
10633
8449
13778
6816
13937
9288
15971
16071
12481
12420
8305
9112
9798
16230
13048
15528
14397
14261
9030
10702
15330
8076
11063
12527
11720
17056
13348
6706
18354
8633
17284
10808
13636
14194
11022
16235
11764
16498
11136
16788
8563
8419
7556
16465
9959
7751
14324
7424
8648
10670
12254
13446
11485
15680
11552
7876
7468
16409
14548
12828
14463
9431
8996
8653
9844
9790
11967
10425
16857
8491
14261
9861
12718
12636
11600
13895
15136
14624
13608
11383
10554
12288
17801
7226
6707
13680
16879
14671
11356
15083
14633
7407
14472
10114
11778
12949
10967
12602
13305
12751
11363
6683
9822
12854
13982
8504
14468
8999
12240
14182
6984
11021
12085
7328
16683
16560
7977
8392
13008
12229
14043
13951
9556
18238
16968
9531
12114
17070
11095
10716
12577
10023
8064
6979
6829
8076
9004
10425
10199
12876
10041
13530
16617
7372
7592
8842
11907
8816
15148
13666
7369
9920
11892
8862
7382
8635
12583
6868
8898
16476
9488
11057
7305
10827
10922
9846
10172
12510
18059
15767
9293
13881
8160
14909
14573
10264
10116
7358
14489
11316
10259
12785
14273
13436
14975
15978
8418
11499
18238
7129
17925
7819
14537
11424
11146
11692
16286
10738
17508
17121
8919
11591
10579
12164
15040
12961
15875
12454
13692
15307
7295
14045
7511
8222
16278
9510
8928
17695
10748
7163
18412
6806
12917
6964
9630
14450
9700
16714
14538
10100
11707
14798
14111
17313
13461
9444
15241
8253
12111
11540
12716
8395
17493
7193
18214
17035
13507
6968
10527
11963
15128
18031
15238
17445
11050
13968
8852
15663
11441
8082
12936
10922
15371
7897
13026
9610
18145
18309
9633
10738
8148
17242
10993
13041
13245
14329
10260
7383
7412
9879
16663
12890
16556
14664
16426
18285
18135
11714
9876
9031
18089
16440
8770
8284
17121
8620
14108
8482
10346
7099
15778
7448
15157
16121
6914
8575
12179
14892
12898
11695
11021
9075
7060
6859
7220
11008
17157
14057
17650
13953
16964
12216
17557
8886
16061
14476
6773
14441
16975
8683
13404
7327
15842
7659
18377
9224
6903
9574
17297
14261
9518
15969
16783
9958
11365
8468
8675
8735
14553
13550
12475
13790
15662
8931
14582
17429
9230
10075
8144
12618
9885
17699
17909
16504
14686
7923
16107
15823
15805
15267
14474
10676
15015
15282
12131
14959
12028
11251
17519
10299
7005
15964
6964
14428
11907
11647
16766
7835
12403
15013
15852
11306
10666
9008
9640
9988
8168
13619
14759
18100
11210
8206
17615
17166
10629
12738
10679
14926
15227
14699
14118
10364
12630
14998
7358
13928
16550
8567
10117
11729
12407
17520
13682
12100
8221
16591
8472
14424
10878
9510
9059
10690
9500
15441
6765
8226
7441
17538
13650
16835
9582
13949
8750
10055
14120
12788
18342
9064
12049
17987
12377
10108
9193
16248
6932
8621
8026
12558
14579
10992
12088
12432
7460
17752
14688
7016
6845
6810
7782
17625
16682
13788
12121
6996
14406
14068
11329
7397
16729
13938
13533
7997
15635
9870
9555
13050
14284
7620
17890
8815
11585
9738
7364
8234
8157
16385
13823
7273
9951
11280
8215
10969
10759
13730
8966
12852
18456
12985
9036
15453
14107
12671
17975
10711
15212
7920
10980
7165
11771
15592
15636
8135
9353
17693
14650
15765
17846
9408
12336
7631
9583
15921
11114
8441
8071
12949
8598
12026
7824
12798
11053
16579
15550
18483
10079
13265
8645
18391
11132
10330
15577
10856
7786
13937
13731
15262
17827
12141
9314
7966
9049
11239
11817
14985
10069
12873
11138
13198
15064
15365
9083
15811
8771
8416
13515
13473
16875
13767
15033
9007
9197
9033
7425
16024
7146
15322
14774
14177
15289
13373
11973
17541
8428
8777
15510
12898
12861
9831
7242
6848
17724
10129
8419
15779
13760
14574
10376
10771
15973
10520
12769
10460
16961
14486
8812
12149
15769
16583
7136
12537
11218
10936
14744
8041
12659
18283
15934
16902
8414
14819
16465
12835
8559
11759
11944
9433
9073
8165
12274
8873
8617
10900
15447
8758
12190
13301
11038
15659
8490
8959
16384
10317
15056
12970
17277
7289
16615
18082
7291
10522
13100
17121
6696
10140
13520
6950
7396
8253
16114
8410
14972
11463
15850
8175
16684
17412
6687
9384
13796
13002
7815
11046
7639
8751
13219
10014
11847
16133
12785
10414
14079
16579
12011
13782
13950
12820
18026
12217
8686
17429
11909
10278
17469
9049
15815
8610
10561
14240
12727
8301
14922
17056
10872
16603
7180
17101
8675
9518
9400
8146
15142
9702
16828
14363
9205
8361
14384
8844
9778
16912
12701
17778
8186
12129
13320
13660
7683
13245
17392
15568
11880
7487
12542
7639
7555
14488
18444
13594
8140
15327
7361
8897
11016
14390
9397
10413
14314
12809
10687
6688
8036
15459
11598
12972
11432
11099
11022
10915
10582
9398
6834
15371
16735
11423
15081
13659
17369
9980
14752
10729
15606
7174
9081
9297
18333
18003
17908
7738
14908
17232
10052
8056
11467
12272
6827
12676
14079
11451
18351
16682
12941
15993
12963
8563
8993
8060
11125
12736
17945
9875
7757
14705
10205
13861
8412
16949
11678
12503
10883
10642
11062
11548
13525
13609
9220
14775
11774
12327
10901
9099
11513
17989
14826
9177
9089
15377
16536
8014
9645
9390
15352
16346
13934
17923
8739
17741
13333
10796
9624
16982
14321
12369
10586
16818
18221
8728
14985
10222
17244
14177
9538
18139
16125
17997
11077
8695
15670
8631
9872
11533
8835
8540
7990
7773
10893
8094
12336
8883
7764
10188
15801
8109
15180
8639
12900
7969
13927
9926
16736
7360
11466
7993
15221
6970
14519
14743
18368
15207
9455
17069
15286
15235
8616
14580
16139
11897
9288
10742
12718
14719
15671
13253
7539
12845
18008
17486
9636
11970
8113
7945
8853
15418
11847
12548
6793
10116
17219
13625
12171
9381
8932
10303
11047
10873
11030
13617
16743
13436
15350
16648
13306
15003
11214
8917
8401
16466
8430
12294
13545
8503
13221
16039
14568
14253
10246
11679
18136
15662
12106
11469
14893
8662
11545
15166
15093
8038
17128
12906
17726
6809
14905
14418
17592
16083
9947
8327
14768
17116
16887
10892
14551
15071
14735
9141
15261
8830
14368
7200
14779
7377
16680
9398
12317
18065
13205
10654
18417
6948
10467
6941
15485
10635
8150
7114
10156
7908
7037
15440
9939
13232
14776
15569
11269
9250
11242
15608
8255
15735
11329
14077
15270
13803
10957
13081
8675
9204
14823
10204
15419
8644
18075
18336
12139
7494
12079
18112
7841
18129
17881
16287
8298
16980
11666
9689
15344
13777
17581
13660
6959
10461
12888
7637
18274
10865
18038
13937
10140
9396
18262
11306
13645
15145
13981
16921
9385
8137
13564
9228
15896
12421
14166
9389
13339
11237
16106
16379
12318
13524
9667
15547
11565
9111
13245
9780
15615
12555
8303
15195
18391
13238
8275
15155
13449
6854
12657
11027
12373
13604
7107
11282
9965
7671
13744
7366
14086
7982
12921
8900
12051
18306
15439
14955
10002
9468
13645
11958
7852
12475
16636
12683
15290
17378
8970
14492
9263
11476
7812
12776
7087
7898
10879
11278
10699
8257
14015
8950
15592
15336
9009
8727
8673
10677
11685
9974
15876
11954
18342
8750
15520
18128
12534
15300
9791
9762
7391
6801
17474
8347
18113
12535
10398
11246
15823
15362
11956
15707
15549
11931
17137
14524
16826
10301
14582
11816
8156
13622
8583
7488
13580
7170
14023
14846
7186
11827
8360
15903
13813
6871
11850
17429
17918
14788
17933
7645
13622
11683
17913
16020
7031
11753
14412
7485
15599
10824
7564
17367
8061
16076
11334
13070
15771
13789
17476
8930
6996
14118
9648
14830
14883
14621
15402
12989
8146
16775
10081
9232
12919
10822
15235
15258
16506
14053
7856
15295
18139
15782
15282
12292
7039
14424
12723
14355
15945
8212
12249
9729
17977
14086
11636
14109
16273
10715
12459
16932
12871
17626
17640
16294
9664
11247
17546
18144
17847
14822
9029
17217
7334
12598
12002
15249
12033
9602
12422
13786
14582
15999
15166
7587
11682
17048
11648
15141
10415
12145
10596
16646
9840
8747
15353
10977
11153
15872
6932
17788
18176
11088
14296
13297
9361
11781
16046
10952
16321
11050
7121
16708
9499
12735
10857
17684
15981
12102
10571
9388
9594
14979
11320
16951
12096
14849
7989
16842
12900
10567
15411
15565
16791
11270
17017
11621
10261
11095
10282
7933
13607
10068
9203
6929
10275
9738
8681
14435
17507
13495
16581
13994
12453
14975
12985
13230
8702
11574
14974
8343
8572
15601
13219
17963
12630
12496
7593
13848
15057
14042
9464
18284
8388
9259
16830
13138
10605
7154
10025
15918
11382
11467
10945
6703
17029
14231
8516
15444
16285
12900
18215
13543
12221
14459
14870
9606
6673
14416
12980
12522
14641
8447
7011
6960
14031
15734
13481
11316
11789
8549
11504
10460
15259
7723
15711
13788
14801
6920
14755
16536
17398
8958
12173
9043
10500
8134
8300
12514
13590
11447
8976
9772
12780
10233
17524
17842
11474
18386
16413
14251
9983
12629
14771
10995
11431
14564
12013
12365
8700
12172
8655
9030
17753
9195
7171
9371
8109
13354
13636
13275
14240
7748
10660
11781
15065
13882
10071
6822
9347
7528
8114
8965
10141
6819
10227
12704
9548
18126
10929
15989
15501
9651
8437
9258
17042
11848
16742
6910
17909
11583
9093
15925
6974
16351
14838
15329
7733
11182
8330
13016
11075
10447
12495
18409
6884
15028
15184
11872
13238
8812
7637
16209
17288
15390
17630
13060
9737
14994
16243
15962
14688
15422
6794
16225
10593
6894
8499
7012
6955
16455
6984
8496
15722
9998
13829
6697
13863
15518
6922
12985
16699
9130
11873
15296
11177
7038
9807
14466
10091
9507
13672
17645
16520
11486
14102
14736
12881
10010
6702
7489
13158
11110
8115
11981
6698
12469
17293
10256
9150
9452
8685
12060
16064
9536
15041
12400
14353
9411
8928
11695
8432
10067
15936
10764
15154
9896
9373
17718
13135
15954
18479
16179
12717
11981
18070
11377
13435
14405
10298
7705
15970
10636
10264
14376
9846
14114
11171
14750
9150
17773
13303
7801
9045
9061
8153
13021
7451
7766
9080
14544
14405
8017
7218
7062
15152
9053
7629
14781
7354
17292
15618
14899
13868
9961
15246
8588
12865
8030
13828
14476
9690
12702
14045
11946
14827
8793
11681
8657
10004
12920
14807
15179
11215
15012
14041
15809
10871
16584
6708
9325
10590
15314
11580
15484
11738
7087
11934
9747
15517
13017
8147
13041
8845
17799
9930
7179
16413
12965
17735
17540
16281
18091
7735
11918
16324
8353
7667
14322
16923
12030
11629
16471
14048
7848
14344
17135
15327
11652
15351
8159
14463
18259
12093
11175
16655
9797
11160
13027
10837
9228
14330
14770
9250
9253
11110
8706
12907
18361
7033
7771
12819
9648
12937
12449
11086
9971
12684
10518
10861
13458
9258
11878
11530
16072
11879
10696
7261
11154
9236
14150
10063
7254
14485
17370
8048
16693
13661
16430
9456
12068
6973
6957
11571
8880
15729
12270
7705
11677
9238
16433
8839
14413
9555
9573
7753
10756
7256
7546
15056
12704
9112
13304
13814
18159
6665
17391
15354
15625
8878
8680
11455
15665
11213
17218
7784
10538
8838
9723
6998
7175
8894
12291
12256
10630
17073
13196
8244
8337
18375
15587
12224
18269
10613
18450
7408
10790
18095
15341
12731
13540
15220
17725
17782
7311
11412
11230
14694
9479
10136
7036
11158
6658
12921
15275
12833
14590
13562
13842
11170
8155
15721
17568
17623
12594
10457
16886
17462
10429
15758
10495
14802
7066
11663
10247
7829
11343
14913
14629
11315
11842
13731
16783
11007
10952
15123
9340
16583
15072
7100
16263
9706
15841
9514
6730
11170
14767
18161
13585
9962
8654
13270
10989
7106
12670
10894
7299
10767
14054
9724
14572
7859
7354
15884
9962
16705
17536
10432
16667
9246
8164
15284
9846
8194
11674
18114
6862
14637
13498
12762
8304
6775
16693
14336
8603
9606
11040
8728
9405
10219
8990
16282
6778
7295
9258
13784
9583
15155
13586
16209
14190
12560
13258
8578
11990
8451
9678
11304
18093
8758
10693
6807
6996
15419
10309
7531
9345
10811
14765
17708
13159
11802
15980
12395
6822
6729
14615
16561
9154
11809
13747
15120
13976
7123
12593
8068
15536
10033
7488
12345
15388
13743
7348
15851
14638
7662
7986
7557
7623
6901
17189
9946
13594
8410
10107
12481
13329
16605
16978
12504
12819
12145
15147
9642
15013
14773
15711
6810
7662
15391
7426
9739
8879
12072
13058
10961
8278
10144
9673
9715
10067
9414
14614
14813
10758
15680
7907
8102
8041
10186
12625
9936
10679
18417
13605
17430
12327
15026
8120
14611
9323
7582
10505
15088
9248
17270
12542
10329
15612
10113
12124
11560
17882
9045
14905
13235
11066
8646
8980
17695
8165
12517
10445
12018
7566
9242
11615
8660
17804
11637
11274
9567
16897
11412
11044
13551
7037
8951
8905
13136
7502
17966
11922
9025
14432
11223
15637
13742
14822
13168
7828
11961
15029
13704
11340
7774
10335
9341
14626
8976
10582
13880
17222
17293
8339
7983
14395
13030
11487
11368
7614
12282
17302
8187
17691
11543
9101
15062
14350
13923
6804
7302
9445
10938
14606
16978
11587
14498
9854
13500
12433
15201
8700
10350
9686
8970
12600
15340
11863
10102
10089
15916
8257
7197
9379
12362
7359
9663
11207
9322
9931
14999
11651
12697
14060
6759
13453
12328
9362
14593
15382
14341
9317
7360
14828
8713
6914
14808
10681
8807
12582
10894
14780
13937
9442
6849
12701
17103
13848
16417
7635
7924
7499
12368
7279
16411
9961
17344
14845
16935
8541
8248
11035
12249
14483
10585
11531
11328
16410
10397
12734
10171
13250
11986
9439
6901
9290
16930
13155
7933
17934
8904
17735
7819
13220
8145
9688
17408
17600
15738
14563
15222
14294
14245
18351
16286
15527
10497
8220
10782
14688
16681
7369
14020
8606
10746
12256
10838
12809
13280
9899
13020
13531
14883
14365
16591
10986
12667
12076
8226
9300
6768
14439
17417
14215
16923
10359
14594
9831
11724
13185
9333
11124
15729
11328
12578
9949
10907
16444
15268
14534
17961
11784
15364
12142
9423
11730
9133
13395
14603
16471
10972
11331
10888
15795
14946
8935
13501
7016
16070
8280
18188
14412
9146
15713
16808
13836
17131
14370
12994
17859
7263
17184
10895
11334
7035
13415
7530
13865
8016
15734
16070
6690
16248
9532
13168
6924
16864
8358
15781
15341
17632
13058
8538
11468
9924
9157
8745
16030
18071
8614
13357
11049
14925
7870
9125
18301
13408
18105
12880
7927
14458
15655
11754
14637
10670
8665
13203
7491
12088
18350
14088
9347
7897
12480
12162
7401
13680
13251
8464
10637
11065
12219
15364
12615
6922
10097
16689
14833
11852
11417
8321
9942
15081
14178
12494
15572
13344
11004
17847
14968
13434
12635
14975
9052
13442
14587
6793
14853
10015
11020
8967
18026
17334
9311
9586
10770
12592
10769
14795
14482
15057
12672
15368
16416
15665
13354
15294
8837
16340
9329
10051
13553
13471
7692
9255
8707
7409
8082
17687
8662
9078
16867
13033
10041
17683
12554
8951
8562
7209
14861
12502
9319
15424
10291
17281
12533
18014
17455
11097
18182
15189
7118
6675
8221
13555
9936
9166
6752
16302
17243
11751
9205
9626
12696
16538
10301
7999
7726
7684
17036
10769
7196
18116
14069
8919
7667
6734
7327
16791
7082
17243
9710
10289
6934
7443
18330
14674
18149
16898
16506
10061
16409
15451
8292
12437
7711
9160
11267
14750
14148
15268
7964
11396
7778
7744
8671
9673
11315
7059
16529
18224
13297
13612
11976
10708
9215
9782
17510
9255
12748
9249
12011
10212
17008
7686
12954
14682
7218
13563
10765
17503
11931
7534
11965
9806
11496
18210
9639
12925
14050
15647
16448
10721
17555
11980
17852
13207
11353
13375
9564
17289
7836
6790
13335
17564
11577
16824
13536
7470
7145
17004
10468
17659
7350
9991
13388
17875
11451
12540
8780
15030
8126
17474
10798
9650
18079
13048
7766
10141
10165
14771
14930
16090
17368
17460
11233
8755
10209
10532
7429
17437
12724
11448
15692
9893
17473
8833
14135
13934
7966
7821
12898
8693
12212
10628
8931
8101
14653
16439
9431
12835
12600
17064
7709
16091
7855
11461
9289
16304
7943
12062
14256
9821
18048
8492
13069
11068
11090
10585
17557
7624
9685
17292
15554
6717
18185
10219
12920
13614
8808
9905
16386
14016
7810
14684
10151
10094
8344
15857
9142
11542
14686
14477
16796
12872
14082
14426
14741
7333
11791
13143
17940
14881
13049
12506
16697
15101
14342
7904
11227
8523
8210
9875
12610
8826
12950
11100
9705
6989
14708
7331
13797
18179
17783
8629
9616
8720
9956
10652
13112
18199
6923
13188
8235
7489
8530
10198
10972
14984
7491
6886
16643
12178
8682
14999
16194
14218
17509
7247
17818
16097
14338
9200
12543
9113
7742
12211
11529
11223
13551
10381
17809
10301
9539
8201
14385
13658
10537
12911
17289
17408
13558
16392
17255
12363
12947
7483
12509
12182
15793
10081
14620
11468
11580
14203
15454
9445
8296
15708
13701
8998
14805
9922
7908
11679
12719
9259
14525
7718
17455
15642
13170
18159
12403
11576
12158
17053
15820
17480
13180
14920
12390
15246
12331
15044
13383
17102
13500
18219
10632
7548
14001
12236
6845
9336
9975
12578
15558
10700
14896
6887
13967
16642
14678
17853
16750
16386
6692
14582
14265
7662
7637
13443
11513
12281
8866
13785
14877
7623
10412
8865
11266
9589
13485
10009
9580
9809
16474
10040
12316
6858
14098
13018
10022
13603
8517
13969
15398
11542
9691
15224
11968
15238
15842
9514
15124
10886
15340
10355
6992
11462
11786
10786
10340
13832
9479
15847
11442
13192
16866
14113
17489
9337
10771
13569
8085
12730
8111
11085
18216
6701
10370
7209
15451
17425
9326
13224
18269
18332
14226
9626
12352
11109
6940
8296
15918
8871
10079
7433
12580
17314
12198
6781
9189
17541
15633
15218
9913
17612
14316
15314
15609
10831
15199
9687
14637
12627
8645
7810
8891
8324
7611
12763
9096
17803
13865
9531
7160
15639
11790
14549
8040
7483
15101
12099
9168
16151
7045
15846
15062
7339
9036
15206
16629
17546
12438
14127
10749
11027
12196
13516
15073
8473
16536
10121
8952
14848
12391
13364
7792
8894
7901
8980
15031
11997
8576
17411
14060
13241
14778
12034
17656
13594
16349
8874
10677
6867
17973
12702
18053
13090
11460
13849
11532
12956
9771
11458
10442
8578
14390
12741
18144
10337
8322
15166
14828
9034
12715
7970
10762
16471
11059
12141
12395
8505
9976
8626
11462
8190
16380
12873
11449
13149
7116
12693
8779
13729
7795
9257
13989
6994
9569
9157
14970
15679
7904
12501
15281
18294
12433
13273
17408
15128
11383
11238
7339
8380
10345
18076
10908
11863
7693
15039
14123
14636
15723
15381
7363
10158
18478
9850
17438
12521
15515
12766
8942
9136
10224
14284
14631
10448
18352
12671
7884
9123
17393
12486
13603
8194
6939
14121
17205
7973
11288
14632
9308
8364
12397
8565
13677
16857
12170
7201
16357
9446
16994
9105
11975
10923
13411
7677
7651
14182
13177
11036
9441
13257
15703
7908
15774
16525
6655
14268
10538
10850
14534
10993
11430
16796
15705
17209
7188
13636
8088
15819
7331
14753
18217
18209
9972
12459
7335
15135
17693
7038
8917
7717
12039
13855
13394
8351
7829
14377
17805
18389
14738
9069
13176
13718
11332
10735
7649
15080
9390
8210
7294
8490
17877
16721
13049
8652
10336
13271
14920
7128
7172
17115
10494
8141
13748
10970
10350
18232
12050
8918
12559
14640
8246
12136
9299
14068
10818
7217
16769
11839
13699
8711
11440
12221
14513
14540
8653
8747
12506
16870
14774
12109
15711
16791
7677
7600
16544
14946
7940
18136
12228
14698
16880
18100
16800
10571
11857
9546
10875
9912
10169
12306
7885
9405
11285
15465
12701
8614
18161
9625
13130
8291
13958
13009
12585
9502
14551
8502
14057
13482
9244
17256
9072
14246
15060
18350
13612
6880
10772
15122
17970
9979
11445
8379
7305
6972
11018
15148
14452
9874
10268
6994
10655
7151
9888
10419
17517
17269
16701
8039
13866
6805
10167
17209
10079
9941
15950
9944
10451
11735
9332
7799
6778
8260
10465
15999
7651
14469
15313
13110
8126
9215
14981
8817
10297
17286
7810
13906
17227
13319
13509
7515
13806
7000
11098
12033
7163
16520
15576
11348
15420
8137
15828
14322
16610
8132
17418
13106
11995
14005
12910
9193
7439
18468
7541
8703
11933
13158
8654
14854
15997
9881
16822
9242
15803
8941
12109
16062
13068
14282
8943
8237
10869
11683
11601
8614
8694
18242
14328
12298
15490
15609
17681
13373
15630
12799
11055
15475
13661
9475
14126
16383
6968
11636
7627
12666
8411
15403
17779
6884
12242
8888
7738
6912
8472
14349
9303
13735
8687
8742
18149
8816
10556
7553
17165
18181
15511
11638
12268
15297
7292
18152
11348
7236
16630
13419
13228
9149
14843
8069
10017
13222
17982
12624
9185
13461
14574
9955
11294
15922
12389
11912
10899
12509
16721
12470
7698
16364
17916
8469
15233
10816
7665
13089
7375
18066
15627
10142
14887
13763
12398
13165
9546
7621
9206
11196
14467
18400
10135
14450
8254
18064
17438
12851
13845
14438
11340
15278
15111
12813
9480
13458
15110
6819
9996
8101
16655
9869
8467
9837
10849
8334
11928
15646
7246
10169
16066
17830
9637
7044
7685
7074
12682
8199
8767
9621
15975
11027
8568
16355
10508
17072
10103
12836
17311
14390
8986
14611
7683
8115
11836
13662
9456
9253
18445
12919
13800
17970
14379
17555
7688
13346
13994
16065
16683
14069
10445
11069
8233
12077
12692
12182
14002
8156
9467
7789
16428
17716
11556
6678
9282
10350
15178
13188
7150
8658
6794
15080
8557
14812
17806
15878
17580
12174
9960
15237
8391
7781
15205
11611
15586
13646
18145
8051
7963
7074
14173
10320
12026
7572
13245
12393
12412
10442
13016
13093
15401
11281
15979
9264
9788
14358
10814
8065
7283
14875
15149
10683
10308
17346
13619
14249
13540
10863
9358
13013
8233
15453
11966
13972
9247
13386
15506
7308
10971
17027
17623
12057
8001
8183
16159
12987
7756
11855
14396
7433
9114
7401
7359
7589
15697
7628
13201
18172
12061
7320
13830
8293
10393
13572
8166
17780
7825
8898
9576
12701
12987
15533
8236
14043
13070
18012
8193
12785
15479
13803
9735
9904
15585
13804
10875
15217
11119
10474
7002
17294
17059
8319
8287
6803
16877
12775
7668
8192
12269
13876
14693
15989
6735
9393
16490
14998
9522
17683
13773
13578
9782
8836
12024
10849
6911
15020
9308
7781
17509
15696
15343
9071
7263
16228
12179
8054
6988
16697
16120
8487
10578
8716
17858
12853
7390
9754
11606
16267
8114
15491
10411
7695
6993
9711
18343
13616
17484
14104
14821
14113
12912
8098
15350
7635
12018
13285
14970
13618
15608
7307
11817
11910
16310
14611
7893
8081
15613
15735
18125
9466
9699
15629
13048
11704
11825
11415
15661
13844
9682
16646
12573
15125
11762
17439
13452
9678
9462
10175
15089
8104
12956
17333
7840
15473
7409
10985
12416
14096
10632
7599
17152
12256
7083
16044
8101
12848
15181
18038
14047
15272
11361
9372
9282
10463
7021
15151
6659
8091
15770
10842
16517
15124
10621
10378
11690
9239
6667
8823
7957
13942
16283
6931
15030
15542
7644
8334
13354
7719
8264
14045
15815
15508
15046
6773
12480
17629
8552
12932
11298
7722
18340
8445
14327
8727
16641
14395
11999
10924
15054
14501
11800
16619
7956
12407
8001
18240
7909
18218
7749
15598
12767
14082
11596
16624
11747
13078
12647
17891
17650
16231
8133
18442
14478
14192
13712
11723
10147
7251
15120
10755
14281
16606
15930
14590
9430
15538
11585
15774
8905
17923
8148
16693
8788
9014
9383
15476
9149
13273
18307
13843
14092
8558
10222
14124
13950
11198
13860
15216
10048
10704
9363
10120
7266
7834
16445
14614
11549
12099
10078
12171
12437
15688
6817
9473
13842
7514
16161
7487
8700
9360
16181
16077
12643
9606
16262
15584
8764
15993
15906
15209
9200
10450
11615
11008
12684
17377
14025
8932
14622
7723
10171
8385
12149
14433
7470
14096
6980
12713
9623
15542
12917
8157
12958
17288
11954
17523
9488
15209
8905
13964
12396
15509
12386
13162
7139
7203
16759
14141
11391
10150
13522
13642
16915
11926
14374
9560
7164
15116
12247
10652
12874
11498
18398
10624
8917
15560
14566
13570
14332
13200
15916
7315
7324
17541
13918
12298
12813
10205
8550
7201
11928
8228
6798
18401
9140
13035
15594
11282
8911
6715
14882
14395
9908
11786
6760
17128
7337
6929
7301
10800
7417
14169
7532
9546
8877
10996
11437
7357
14177
10436
15496
11575
16800
11679
8427
10858
17439
18300
11323
9673
13348
9438
8018
17984
11804
14807
7397
8900
15137
14291
18468
11722
7893
16650
16932
17794
9614
9189
12134
7942
8093
9041
11294
15892
14047
8233
13525
9755
15872
17634
7259
12438
7513
9195
15019
18139
17673
16920
14693
12072
8481
15501
16347
8483
15595
11685
12281
8505
15713
14739
8823
17212
11013
13415
9349
17922
12970
14885
8961
14616
15453
12300
15958
13885
17827
6697
12431
11380
10795
10029
8776
15393
9098
12933
9090
10922
12985
18451
18216
11622
15543
16123
12080
9876
15914
11091
14509
7805
14032
16400
8666
14949
11524
18090
17131
13972
12057
11278
11998
10013
11022
9368
8906
8919
9514
15124
9837
8042
18232
17847
14098
14586
16597
16160
15224
15510
16293
12585
13472
11603
15008
11867
14207
13019
9543
16876
10262
16195
9334
9460
8749
9337
9641
13622
14420
14921
8983
15400
12112
12608
7992
11408
14695
14490
15064
13802
13391
12371
14865
11773
15960
13031
14002
14573
15567
18476
13650
17102
11138
7983
6983
12828
8452
14554
7921
9408
13786
17474
7818
11790
8292
14021
17640
9579
12459
14719
17342
7654
8164
16427
9728
12279
14270
13415
12298
7033
12976
8949
8817
17874
15259
10091
6914
18064
12678
8604
15985
16708
13963
8785
10348
14642
8758
10258
11633
16103
13861
15810
11416
11934
7874
10891
17547
11277
11370
17395
13601
8410
11538
6855
11886
15753
12453
16922
15430
17609
18365
7068
8039
12838
10581
15566
8598
16962
17242
7521
18095
15560
14610
10951
13827
6682
13956
12113
12901
6953
9546
17224
16475
13042
14628
17703
9087
13726
10097
15873
10987
13854
8014
17842
17380
13904
12647
17193
17309
18102
11734
11562
9151
11385
16613
18420
9768
18188
12842
11707
9774
14684
8284
14203
17439
12727
14210
7778
6969
7241
10640
14708
17301
16558
13802
11155
9507
14167
15379
10336
16439
11764
9988
9279
18376
8291
7915
18306
11705
6767
9683
15105
15667
7582
7742
10172
13999
12415
11699
6653
11409
15661
12119
12004
11117
9281
17123
16194
9968
15384
13186
12596
17242
11033
18180
12423
13953
14986
14175
9589
11589
11183
13428
7123
16802
11142
17136
6945
15390
13206
11553
14672
16305
10718
6762
14354
13707
15008
13897
16676
8409
12016
13707
8063
15505
13989
11502
7967
11878
14149
11950
18475
9000
15298
15345
8919
17887
14520
6871
9809
14212
16040
7236
7045
18091
18375
10448
16081
8382
15560
18243
6782
10831
18455
11813
14306
9344
10197
9871
11026
10775
18347
12428
14815
18174
7424
9790
12100
12888
15653
6725
18410
10487
10512
11808
9061
12831
17909
6800
11020
7149
13618
12629
16414
10860
13569
11243
11546
6758
12655
14437
16620
8681
13842
7063
7599
8787
12514
14884
15197
14819
12702
12026
13337
10560
16867
9934
8367
9753
8071
6892
11388
11504
17049
12041
9571
10176
13535
7562
6880
7660
10223
17759
9142
13866
13330
14828
11543
10593
10455
15468
14849
15203
17871
7436
8882
12216
9209
8031
10232
12628
10400
18102
7781
16803
15284
14546
11883
12781
6971
7590
10301
14512
7046
15776
16344
10143
7142
9082
11341
7480
8263
13348
15702
10497
13345
14303
15700
12349
13155
17354
14000
10127
15282
11480
10823
15515
11397
9858
10605
12026
11739
15623
14342
11104
18412
8936
7536
10854
17195
14899
14392
12605
7803
16602
12697
13814
7219
14613
9942
10854
17949
15718
7120
15115
7878
11966
14783
15230
9540
9191
14196
7521
17207
9889
14318
17676
15260
12028
13306
15524
11780
18155
17917
12545
16268
9092
16593
14374
8987
14519
17080
17908
15031
10452
8355
12048
15762
16950
7706
13192
17381
9567
15377
8583
6687
12893
10836
9384
17091
16933
9535
9009
17269
11063
7659
11855
14537
17471
14904
13009
8383
8987
7054
9668
14438
11015
9607
18176
13512
10328
14369
17360
8487
9118
14944
9609
8670
10615
9736
9166
10700
7772
11906
12548
12946
7717
11015
13486
14129
10589
9856
16675
13935
14772
12113
11112
8082
15937
13577
12622
8764
10854
13784
9195
15744
13003
6810
18190
9461
11685
14732
17418
7457
7220
15671
15897
9508
15562
18352
18180
11204
11358
8075
12101
7789
17732
9688
18335
10066
17847
13548
14350
12244
12381
13671
16345
11436
15083
7678
16769
15943
10470
14925
15388
13106
11992
16642
6909
14121
12415
14431
14416
16492
14409
9141
12059
13790
14487
14249
13803
14389
7636
16672
12884
7615
15933
15603
12404
11222
7295
17113
6763
12757
15720
14870
14241
9020
12410
15116
15434
10911
9875
9292
7406
7293
9798
11636
13989
15089
7522
14964
16660
10772
16345
10951
15409
11151
12978
17777
6675
18350
9021
14608
12402
7836
14676
6822
10112
17612
16548
13234
12143
10719
16911
11739
11438
11798
7045
17562
12284
15261
9617
7613
12179
8702
7034
10106
10488
8001
10448
7197
7489
9538
17368
13747
16109
13786
10343
16240
9619
13217
14724
12575
16992
8183
8829
6796
14915
6684
12239
15590
16132
12837
14664
13308
12370
16941
14007
14640
14436
10969
17572
8863
10628
15982
10518
14258
7450
10564
9763
13124
8097
10185
13128
8176
14516
8334
17544
10554
12741
15706
10501
8375
13732
7727
14133
18112
13966
16885
10088
8577
14259
11170
14577
14945
10398
8342
15031
7739
16806
13140
13531
6870
8860
7211
9305
9508
13502
13040
9961
13035
9825
9546
13135
17127
18096
9841
11690
11789
15545
10201
10795
12637
12291
7900
9486
11810
7563
10444
15215
13351
12788
17709
11118
6890
13604
12492
10301
9567
12361
14870
15995
8748
12995
17412
18400
17451
16994
17830
14473
8434
14093
8922
13727
13185
11128
12855
9783
16998
6750
16368
14902
10499
11520
11461
8199
13510
10329
13384
17971
13448
9765
13788
15095
17102
11418
10868
15221
7427
17085
10629
8577
10918
10628
15262
12998
9036
8452
12753
11649
13151
9795
7934
17507
8264
7756
6664
8890
13727
7270
16299
11979
12489
8285
11464
7689
14024
11470
8396
10834
14390
17409
10513
17825
17774
13930
13569
14411
11290
15136
10156
10535
18027
11878
14902
6680
13081
13559
14717
6962
8348
15631
8246
13405
14240
14745
11353
8414
7104
11423
14722
7659
11897
8393
13127
9474
10099
8092
16442
18397
10609
10106
17962
7678
14219
13405
14367
11703
9510
15486
8448
15124
9336
13567
6846
10402
16520
7158
9112
15294
10779
14834
13076
14324
13933
13226
11754
8244
16846
11521
13513
16264
6677
18024
8831
15447
13973
13772
11526
13211
18062
9654
12943
6987
17748
7631
16170
18139
15562
7976
15768
11443
12674
8992
7250
16757
10577
8811
15365
13373
15855
15452
8202
12556
7514
17468
12115
10978
10533
8044
11499
12743
13402
10449
14784
10321
14044
9494
13219
14205
15576
15433
8756
15416
17904
14722
14955
8672
11827
6768
7470
7628
7348
9700
7509
7867
10333
18133
7238
12701
9510
11094
12144
16439
15495
10816
12015
8758
11049
13702
14628
6909
14338
12505
11892
14494
11487
7742
13271
11556
7275
10509
15704
13654
9495
11153
16465
13707
17344
8900
8001
13489
12508
9303
14793
14701
10822
8057
16867
16539
10933
12049
9403
17210
8883
12376
8777
14475
10850
9162
12786
10131
12662
11311
12507
15976
7295
16323
9113
18215
8254
10345
9998
9006
11992
8278
10929
7024
15155
15037
16220
17260
7796
13423
12192
17235
8671
7613
7889
8067
9655
9998
18272
14904
14750
16221
8525
13427
13196
7781
11501
17025
14236
15399
11332
11379
10187
11964
12583
11724
13819
14229
8596
12509
11059
9371
15771
7858
11298
8225
15613
17658
14672
16042
13768
9455
8691
11895
15243
14561
9816
7082
12256
6968
7335
16511
10944
14836
8793
8921
12110
9695
8146
12797
8442
15414
12108
7163
11028
16792
11530
12289
12024
12387
11443
13696
12139
13178
11562
11384
17304
9191
12767
15223
15498
11177
12764
11322
17984
15515
14865
12746
9586
10405
15477
12669
7951
15970
10694
13971
14570
8899
18363
13183
17617
9230
17818
7285
8961
17282
12794
7276
11724
11482
7257
14896
9117
11318
18392
9785
9359
14295
9970
12231
10549
7858
13830
13245
13884
11793
8317
12310
6854
9755
11927
13331
11538
13292
15462
14010
17547
11003
13665
6977
10982
7403
10196
13710
7253
13601
18149
11727
9955
8297
14271
11694
12478
8623
8414
12060
8108
9866
6955
12266
7385
12079
10380
16937
17595
9112
7501
11768
10549
14223
12653
14469
11286
6735
7754
15702
8167
10489
11247
6780
11729
17687
12963
13247
10198
10911
14400
7882
14994
7567
13586
9902
13022
13288
8758
8734
15088
7733
14991
6721
8036
12643
13956
10869
9542
9015
10640
7861
11439
9114
12787
17794
8888
13332
12121
12237
9867
8149
15516
10709
14190
11409
11546
15301
14615
9483
8175
13988
7946
10426
10967
7000
7290
8464
16211
14296
8244
14105
13331
15780
8525
13549
9126
8572
11544
15613
14213
11092
14927
11809
6720
14243
13220
7442
8404
11197
14680
18060
15284
18130
16505
12217
7816
7184
14245
16643
18143
14966
10870
18131
11843
12548
7406
13423
14526
7432
16024
7518
10376
13579
7299
15223
9666
8041
12223
7271
14043
11619
14978
8997
10054
11841
13135
10323
15962
17262
12649
12270
10104
6676
15796
12418
9438
8071
8214
15344
12626
12347
14282
11708
12550
16548
8798
10508
12546
12593
8313
16101
6890
15622
9087
8372
10478
13449
16283
12383
9541
6837
10028
14250
7107
16186
14918
12001
11052
11475
12655
10686
12774
16420
8364
12533
12601
6690
15570
7515
15325
15389
10726
16631
18033
10332
16705
12106
13080
10649
15472
11184
9749
12206
9916
11559
10386
14589
7859
11172
9222
9530
12518
14283
10750
9479
8007
18008
7136
13376
17766
15420
12605
11174
10260
14136
15733
15489
8285
14240
9200
12575
7934
16402
16104
9757
13855
10106
10563
7753
9460
17021
15640
16886
16371
14106
12120
8047
7381
15933
7915
7966
15252
17016
14626
14353
8435
17550
12405
12039
16562
12008
8179
10819
6939
12668
10606
9641
9588
18184
14963
16786
14213
6940
11806
17320
13067
17800
8565
10110
10555
7415
10495
10403
15881
6946
7190
18391
13649
15210
11421
13862
15693
7499
14137
7364
8018
13906
17964
15861
6959
9217
9141
10730
13220
10467
14076
15611
8686
6796
14866
17842
17840
7553
13831
17536
11653
14887
9925
12993
16927
7271
9154
15930
10781
8333
9984
8873
11531
16546
17424
10441
14087
15332
11057
8935
13213
10453
16369
13033
13039
17421
12155
8123
12646
8109
13884
13916
17738
15840
13424
9425
9615
9149
17120
7097
17789
7403
11307
8038
12198
7593
12692
14430
9219
12184
9879
12358
10086
15601
9766
9839
12808
18441
13159
10484
8797
11690
8653
14391
15708
13572
11524
14212
6816
13523
9505
10811
16057
12802
9372
17888
12877
7491
8505
14397
10819
7720
16334
11100
10163
8582
11309
15049
16164
15487
17024
10328
10051
6889
10164
13512
7394
10163
11730
9753
11120
11308
10909
12454
15827
12968
16680
14338
14396
8950
13747
14709
15381
14351
10312
9307
14448
18272
6908
13590
8474
13215
12886
7433
8721
14450
10563
17750
10873
17539
8410
8406
14865
10973
11730
16741
15479
7757
15280
15423
8260
7770
9674
12560
15037
11866
18110
13400
10271
16237
15499
12664
9813
14023
17925
17073
14896
13249
11186
10677
15244
10586
12959
13411
11156
16414
8441
10430
12141
7595
11958
15296
14146
9422
13322
12988
16493
9896
13797
17157
10293
9092
6737
16388
10090
7156
12578
10884
16507
10333
18026
6764
16088
8453
17153
7044
17969
11417
17815
14773
17794
6831
9321
14219
18064
17431
13816
12717
6951
9051
13598
15432
11768
12376
10468
12014
15149
9990
9506
12831
14786
7850
6927
8602
11937
8568
7670
10619
12806
12324
13175
12468
7693
10818
15737
12576
16073
11252
15955
8876
12205
15320
15120
