42798
43633
43034
42302
42410
42487
42332
43177
42861
43198
43367
43498
42937
42525
42849
42677
43034
43594
42338
42756
42955
42927
42972
42855
43139
42798
42525
42397
42986
43165
43365
42397
42864
42504
43307
42822
42982
43037
43369
43293
43045
43005
43394
43543
42917
42722
43562
42809
43505
42287
42790
42900
42937
42551
42377
42965
43364
42398
43536
43594
42873
43339
42386
43156
42364
43547
42326
42397
42547
43283
42413
43028
43362
42300
43144
42413
42799
43202
43005
42496
43382
42511
42814
43297
43000
43411
42590
42803
42670
42362
42913
43655
42737
42901
43147
42435
42286
42733
43466
43447
42381
42692
42730
43496
42325
42358
42450
42592
43535
43544
43034
43252
43546
42573
42672
42704
43374
43594
42880
43401
42948
42300
43535
43490
42308
42545
42659
42879
42776
42964
43544
42728
42741
43151
43553
42348
42952
42775
42983
42712
43265
43486
42646
43041
42494
42455
42462
42882
42712
43278
42552
43373
43204
43608
43460
42998
42884
43537
42285
43647
43136
43496
43576
43337
42838
43238
42785
43428
42518
42495
43651
43187
42954
43176
42946
42468
43499
42807
42383
43125
43558
43380
42449
43460
42864
43475
43628
43379
43519
42433
42567
42446
43444
43318
43513
43459
43629
43345
42551
43398
43221
43215
42527
42395
43194
42999
42671
43141
43411
42496
42671
42305
42986
43591
43215
43023
43185
42533
43501
42979
42689
43353
42363
43374
43467
43298
42658
42777
43081
43486
42910
42717
42671
43130
43070
42494
42817
42631
43589
43468
42977
43532
43621
42905
43028
43099
42728
43572
43534
43285
42386
43223
42729
43558
42899
43321
43140
42326
43504
43665
43490
42803
43218
42714
43578
43494
42807
43576
43560
42692
43495
42396
43286
42404
43248
43006
42933
42974
42880
42930
43151
42474
43214
43050
42354
42904
43329
43473
43214
42391
43235
42931
43406
42948
42366
43209
42289
43360
42919
43635
42708
42371
43330
42694
43289
42736
43490
43664
42848
43386
43213
43663
43162
42278
42939
43435
43447
43561
43408
42328
43385
43290
42913
42923
43052
43293
43121
42429
43125
42406
42808
42812
43202
43235
43544
42398
43121
43545
42318
42807
42458
43339
42458
43585
43473
42970
43337
42726
42306
42325
42651
42432
42448
42519
42368
43420
43569
43308
43400
42298
42978
42921
42671
42706
43213
42878
43535
42430
42390
43576
43189
42427
42715
42707
42638
42598
42929
43427
43451
42594
42281
42996
43471
43612
43020
42552
43464
42748
42517
43610
42660
43522
43605
42617
42362
42411
43335
42348
42363
42738
43616
42472
43381
43403
43183
43120
43174
42380
42778
43317
42729
43479
42924
42852
42732
43003
42715
42624
43628
42967
43049
42947
43292
43586
43337
43454
42996
43260
43131
43160
43482
43189
43622
42509
43444
43269
42615
42863
43060
42570
42846
43278
43546
42586
43332
42347
43412
42434
42621
43183
42565
42477
43098
42614
42795
42525
42570
42549
42552
42349
42690
42772
43042
43286
43472
42630
43624
43227
42574
43573
42599
43208
42663
43565
42356
43151
43439
43200
42300
43109
42992
43233
43306
42702
42403
42519
42961
43409
43014
43462
42357
42337
43404
42396
43003
42997
42907
43293
42497
43476
42599
42691
42289
42829
43454
42543
43557
42882
43579
42594
42754
42298
42519
43459
42484
43045
43077
43629
43093
43256
43155
42735
42469
43042
42871
43356
43464
43633
42521
42344
42790
43638
42992
43046
43033
42453
43508
42734
42546
42888
42343
42701
42289
43114
42745
42315
43476
42641
42303
43503
42588
42704
42586
42783
42563
43126
43292
42753
42500
43368
43517
43110
42595
42351
42714
42379
42815
42616
43662
42555
42549
43451
42585
42947
42915
42605
43601
42657
42904
43214
42587
42618
42397
42493
43423
42813
42380
43099
42294
42898
43178
43444
43087
43421
43339
43445
42877
43395
42923
42852
42491
43323
42438
43202
42670
42913
43301
42468
43456
42886
43535
42711
43001
42801
43629
42724
43309
43483
43519
43021
43421
42495
42958
42487
43326
43180
42409
43274
42894
43558
42948
42720
42676
43598
43612
43008
43465
43271
43236
42847
42367
42603
43410
42626
42831
43194
42430
43549
43149
42768
43420
43367
43207
42726
42465
43373
42403
43004
42605
42362
42565
43147
42897
43395
42496
43077
42804
43361
42798
42523
42904
42898
42518
43437
42563
43647
42808
43466
43203
42766
43353
42539
42514
42626
43638
42843
42696
42407
42388
42697
42732
42344
42593
43365
42754
42655
42675
42682
42280
42711
42791
43041
43517
42916
43002
43035
42792
43662
42597
42740
43090
43317
42484
43582
43448
42796
43208
43248
42509
43190
43233
43144
42305
42757
43518
43219
42440
42343
42451
42432
43458
43254
42970
43366
43284
43210
42689
43534
42812
42904
42625
43665
42676
43404
42503
42623
43518
43631
43258
42956
42972
42682
42952
43274
42525
42667
42684
42822
42379
42667
42967
42324
43472
43442
42538
43097
42652
42427
42659
43462
43336
43029
43006
43008
43161
42332
42921
43056
42755
42739
42944
42861
42965
42396
43160
43627
43378
43360
42895
42785
42840
43603
43176
42866
43038
43506
43283
42600
42968
43268
43210
43665
43042
42409
42315
42845
43337
43210
43498
42978
42459
42729
42578
42476
42746
43388
43657
43185
43104
43443
42999
42341
42873
42470
43490
42636
43530
43017
43535
42401
43168
43303
43166
42796
42935
43307
42834
42985
43508
43350
43127
43567
42736
42696
42515
42691
43315
42404
42947
42356
42580
42422
42968
43131
42452
43000
43509
42972
43232
43380
42378
43442
42423
43336
42907
43401
42557
42849
43590
43469
42594
42323
43612
43410
43127
42489
43218
43400
42722
42830
43307
42427
43265
43324
42399
43012
43443
42326
43656
42869
43658
43164
42991
42844
42462
42795
42654
42628
43250
42319
42637
42768
42363
42516
43021
42845
43226
42293
42456
43003
43238
42725
43541
42867
42871
43315
42622
43612
42306
43038
43464
42560
43493
43352
43551
42677
43118
43095
43126
42870
42573
42578
42737
43504
43384
42521
42334
42854
42795
43459
42907
42714
42886
42282
42930
43497
42711
42285
43472
42395
42471
43481
43338
43134
43223
43022
42548
42998
42654
42600
43519
42908
42965
43082
42714
42467
43351
43051
42384
42623
42491
43646
43503
43139
42359
42957
42852
42712
42344
43609
42542
42387
43556
43305
42434
42667
43464
42760
42465
42692
43571
43310
42999
43393
42398
43587
43495
43187
42304
42889
42742
43581
42747
42311
42281
43155
43318
43122
43175
43058
43153
42375
42328
42527
43411
42407
42577
43365
42732
42466
43354
42339
43371
42985
42829
42413
42811
42803
42526
42718
43547
43187
42708
42882
43056
42673
43390
43397
43266
43041
42445
43046
42439
43544
43388
43336
42585
43353
42980
42762
43028
42771
43020
42727
43220
42502
42381
43137
43004
42991
42436
43522
42402
42348
42888
43248
42691
42866
43230
43657
42696
42414
42289
43204
43089
42453
43264
42762
42892
43539
42764
43404
42678
42633
42890
42782
43605
42474
43117
43613
43017
42527
42394
42909
43294
43226
42757
43616
42805
42454
43068
43576
42700
42914
42456
42618
43318
42847
42337
42619
42877
42300
43186
42757
42743
42432
42716
42922
43191
43192
43051
42572
42480
42331
43382
43127
43349
43047
43125
42453
43505
43234
42920
43100
42765
43140
43472
43467
42961
42861
43318
43322
43562
42835
43435
42557
43063
43157
43611
42749
42303
43433
42279
43170
42892
42418
43506
43010
42718
42431
43286
42401
42686
43530
42546
42299
43375
42921
42279
42745
43608
43077
42905
43649
43544
42731
43343
42767
42776
42681
42441
42809
43537
43451
43449
43290
42772
43056
42334
43656
42737
42546
42332
43623
43008
43025
42714
42693
42809
42403
43100
42892
42555
43408
43039
42686
42478
43232
43330
42986
42423
43165
42803
43579
43558
43224
42893
43002
42798
43592
43365
43551
42846
42572
42377
43287
42933
43302
43260
42356
43596
43506
43074
43530
42707
42689
42948
43133
42360
42378
42993
42691
42644
42945
42788
42928
43407
42908
42647
43115
43052
42952
42617
43660
42778
42983
43666
42514
42337
43105
43542
42944
43432
43426
42879
42640
43017
43147
43012
43350
42317
43409
42290
42804
43597
42920
42776
42533
43102
42780
42961
42914
43203
43588
42702
42393
42354
43279
43029
42916
43575
42626
42463
43187
43293
42731
42997
42961
42498
43061
43022
43309
43457
43324
42657
42795
42544
42541
43159
43062
42941
43443
42424
43205
42867
42875
42707
42970
42908
42783
42407
42605
43596
43212
42730
42944
43258
42907
42899
43181
43087
43286
42492
43073
43534
42439
42471
43389
42905
43510
43174
42525
42705
42486
43568
42282
43352
43308
42803
42559
43579
43461
42401
42827
42542
43295
43281
43502
43253
43242
43145
42453
42768
43018
42602
42717
42465
43542
42381
43498
42975
42629
42281
42318
43621
43521
42416
42495
43195
42452
42502
42734
43080
42683
42403
42588
43367
42671
42855
42465
43643
