40534
38065
40971
40354
39360
38350
39462
39686
39156
40185
36865
37257
39351
37676
41323
40939
39035
38107
37140
39652
41122
38382
39479
41841
36764
38357
37279
39424
38000
40138
38048
40070
36813
40647
36631
41509
39850
37393
40765
40655
37195
41573
39737
39679
38990
41711
38146
39545
37470
39590
40710
37088
41041
38773
39413
41303
40608
41559
37203
40237
38067
40506
37025
40441
37563
38416
39908
36745
40202
40114
37427
39709
37942
37603
41280
40615
40635
40760
38655
38343
38683
38765
39119
38382
39283
38634
41239
40789
39452
41296
37004
39701
41053
41324
37587
36620
39005
39390
39306
41298
38307
41413
39155
38631
39223
39824
36661
38025
41586
36990
39173
39629
40860
37792
38860
38221
38967
37138
40851
38916
38575
36986
41607
36648
39375
37956
38090
39398
37691
38131
40801
41233
40189
37219
39800
36860
37050
38470
36829
39029
39644
41299
38575
41695
40770
39352
40797
40524
37830
40015
36924
41613
37184
41568
40490
40561
39739
38084
39435
41477
38432
37229
39572
40424
39856
37090
39767
37038
36624
37689
39178
38188
36873
39917
37585
41402
38186
37580
41517
37392
36624
37255
37048
40005
41810
37775
37873
37370
40048
40095
37270
39481
36875
38065
39656
38721
37667
40004
36873
40915
39841
40221
40231
41034
39096
38346
40994
38308
38101
41589
38403
41821
39266
36821
37648
36865
37074
36756
41466
39933
39090
38055
41485
37780
38185
38385
37678
37729
37441
40484
38915
41324
39764
41843
39975
39075
41215
37506
40758
38981
37636
41812
38546
37812
41104
38832
37475
41882
38249
38133
39382
37404
40035
39746
39877
38595
40314
38511
37545
40668
37119
41303
37982
39230
37693
37086
38075
39374
36728
40130
39086
37309
40823
38654
40381
40135
38797
37352
38756
40115
39615
37919
39077
37290
37499
38210
41827
36900
39996
39773
39379
38719
37600
40072
37306
41078
39504
39219
40248
41860
38659
36924
41849
36962
39580
36773
37639
38492
37668
38407
40491
39706
38182
38751
37013
39209
37746
41509
41700
39086
41746
37534
36674
39378
37454
39364
39715
37475
39562
40809
37690
40697
38902
36796
39206
37558
39296
39633
37636
41011
39504
39747
39591
37846
37953
40203
39309
37119
39466
39069
36682
37921
37007
37454
38659
37651
36997
37667
37639
41454
40579
39648
40023
37133
40879
40305
40677
38146
41607
40015
40946
41413
41547
38829
40398
41881
37613
40404
38329
41099
41224
37057
40268
38268
40400
41648
40755
38847
36729
39452
38907
41452
36665
38328
36843
41631
41442
36977
37978
39186
36641
37448
39586
37036
40619
37739
41539
40682
37594
40112
39620
41624
39316
38237
37832
40768
38776
41105
40086
38460
41376
41812
39717
38937
40869
39217
40532
40739
41571
39146
39971
38264
38166
36959
41294
38586
38045
37966
39826
37822
36978
38751
37235
39923
41170
38298
40769
39320
38749
36666
41642
41757
41068
41057
37219
39341
39951
37989
40534
38933
41402
41213
39273
37439
37816
40908
40275
39986
37105
40107
41156
37630
41635
41048
39344
36832
37696
38643
37431
40245
40757
39643
39616
36772
41871
40000
39212
37402
37948
37466
41578
39434
39961
36684
36977
40708
41783
39841
37540
38333
41868
40864
39722
39039
40938
37596
38797
40360
37948
37703
39385
41614
38739
36649
37979
37148
41289
38404
39213
38407
37378
39494
39078
36969
36846
38092
38414
39843
41601
39395
38133
37275
37784
41709
37426
37545
40476
41399
36854
39904
39652
41545
37079
41286
36829
36888
37661
37790
37059
39565
37580
36843
41590
39002
36616
38977
36976
41040
37717
39807
41610
37346
41587
38304
38875
37649
38449
39067
36901
39163
39430
38022
41850
41435
39710
38219
39164
37661
41034
37262
37047
37519
38993
37825
37341
37911
41733
38908
41208
36782
38258
39135
40561
40781
41206
40565
38218
41196
39777
37190
38323
41551
36750
40115
38911
40463
39702
39914
38941
40631
37435
39100
41563
36677
39846
37217
38949
37445
41399
37042
41404
39096
37185
38233
40340
37335
40703
41547
36792
40971
37451
38298
37380
37100
39255
36683
41723
36609
37426
40411
37015
39189
37852
36820
41620
37740
40174
40092
41409
40398
37166
38640
41856
40518
36912
36662
41852
39664
40293
40507
40013
37305
41540
41154
38355
41537
40937
37728
41421
37296
37932
39236
38649
37136
40179
37039
40119
39439
40366
38270
37941
36860
37548
38811
41319
38565
37610
38185
38914
40239
39348
40974
40784
40366
38439
41593
37319
37464
38533
41648
39784
38462
38878
37695
40720
39741
40689
39022
38308
40146
40436
38215
38280
39454
39472
41619
40340
40523
39504
38455
37701
39685
40203
41349
38137
41248
38467
37783
38355
37804
36654
36620
39200
38214
39364
37397
40693
41792
37635
39127
41024
37100
40787
41168
36734
40105
37394
40447
41705
39125
41334
37557
36806
37004
36646
39097
40496
40136
40770
39780
40864
40271
36884
39773
41491
36715
40867
41164
40562
37012
39840
38350
39988
38858
39890
39591
39878
38970
40494
39276
38848
36807
38479
38677
37208
38846
39572
41779
41210
36978
40456
37800
37357
39511
41499
38533
40130
41086
38471
40750
40138
40096
38995
40734
39798
38129
41551
38898
39016
37191
38603
37865
40884
40958
38967
37701
39436
40589
37209
40760
38693
38049
40775
38886
41368
39511
40793
40252
40370
38561
37433
40595
41562
37096
40316
38883
39953
40771
36858
41122
40134
39476
40999
41844
40464
41341
39541
38329
38663
39493
37779
38130
37619
38177
41030
36722
41864
39689
41459
40401
36954
41786
41124
38050
40457
41289
37429
40787
38279
39593
39055
40127
37920
41335
36757
39338
40689
38038
41523
39987
38906
37065
39408
41132
41519
40862
38538
39496
40278
38812
36756
41198
37013
40747
40289
37988
40802
38738
40622
39756
37175
36922
39545
39058
37271
41618
39334
37091
37789
41340
37742
38993
39327
37361
37886
40912
37765
41437
40684
40375
39291
38116
40668
39809
40348
37115
38758
40903
41426
40476
37736
37912
37094
40116
39503
38816
39695
39724
40417
39708
39309
39995
41470
37406
40392
41520
38720
36924
37407
41401
39158
37053
38729
38448
40777
39056
41400
39317
39133
37044
39266
41064
40734
38694
40240
39565
37731
41729
39308
41280
36875
40607
41714
39817
37083
38237
37717
40638
40417
37280
38994
36923
39613
38719
39476
38242
41585
40135
41481
41775
37686
39154
38122
38954
36855
40318
41781
41249
41413
40107
40983
37884
37245
38302
40973
40520
38999
41257
39733
38763
37481
40592
36616
41156
37923
40804
41704
41351
38696
39665
39448
38755
37555
39629
39969
40055
40712
39725
39021
38391
40210
37138
37474
38946
36754
36862
39540
39186
38537
37884
37123
39838
41343
37533
40170
37698
37472
37735
40957
40947
41648
41194
38812
41027
41208
39747
41734
40093
38921
37352
41542
37957
39077
41787
41512
37394
40455
37051
39045
41131
37057
38918
37206
36674
41014
38250
40804
39343
37064
40968
38118
40231
38207
37700
37614
38000
39731
38556
36761
41435
39824
40291
37161
38197
38650
39650
39733
41293
38884
38897
37742
40526
36613
38113
37529
39379
41688
39448
41013
36982
40628
40297
39202
37778
41411
38064
37388
41241
40580
41613
37489
41740
37766
36882
39424
40373
41842
36934
40080
40236
38141
37863
37953
37719
41163
37418
37525
40223
41426
37652
40607
38045
37650
38167
38852
37247
39928
40203
38560
40337
39902
38722
40391
38846
41134
37817
39212
40586
39988
39822
39260
40635
39080
38791
40832
40298
40303
38161
39703
39667
41868
36756
41674
39087
40926
40755
39727
39885
40674
37015
36982
38752
38165
37401
40280
37204
38019
37217
37870
39369
38422
41767
41810
36885
41487
39303
36896
37396
40088
39820
37479
36821
37064
36896
40176
40325
37059
39798
39323
40334
39037
39395
38880
39039
40840
39819
37585
37357
37224
36979
38177
37397
40037
39874
39599
38431
38604
37685
41262
37350
38529
39736
40848
39401
36888
38259
36654
37603
39244
38982
40286
38819
37895
41437
39059
36740
40283
40153
40841
39445
41618
37333
41399
40930
37710
38425
41453
36892
41573
40051
37703
38556
39990
38140
37051
37886
39694
37313
37424
41243
39484
38111
39693
41648
37243
36998
39932
39457
39905
38047
41719
38218
37831
37160
40705
39154
39819
37635
40009
37005
41752
41652
40949
41108
41692
40097
41051
37533
36761
38516
40562
39559
40062
41469
40386
41283
38456
37329
36784
38082
40177
39595
40321
41185
38141
38428
37493
38281
37261
39688
37297
41682
41058
38477
37992
36744
41625
41826
38584
36658
39132
36825
41354
38365
39074
41802
38607
36831
40225
37276
39232
40067
38402
38727
38628
41458
37627
37956
38527
40975
41376
38802
41417
37299
36866
38166
39657
39295
39404
39721
39257
39303
40091
37192
37351
41357
39918
36744
41298
40513
40251
40568
39568
39313
41347
38849
41723
37676
39524
40360
39189
40113
37803
41845
40518
40993
37897
40947
40322
40286
40164
40807
38575
41882
37655
40536
39251
41293
37916
38101
38961
41804
38346
39947
38090
37139
37176
39689
40790
37672
38683
37066
39778
37847
37418
39772
38118
38127
36929
37187
41033
39687
37691
41376
39473
37690
41644
37700
39409
36698
39510
40156
41052
38687
40129
41076
39880
37401
37548
38350
37846
36661
40102
39114
36724
37999
38117
38524
40074
38343
40430
38442
37353
41298
39844
39893
38903
40139
41078
40531
36953
38823
41733
41842
41193
37905
41528
40153
36787
39010
40829
41155
38890
40696
40581
37012
40570
40601
38150
40535
38542
37443
41617
41337
41219
41713
40354
40197
36784
37461
36775
39541
40228
41140
40150
36939
38176
36937
36674
38293
36989
39553
40507
38619
37734
38375
41710
40873
36924
41312
39322
39343
38562
38389
38280
41497
40044
39779
40119
40715
39691
40060
37726
39223
36994
36901
39108
38373
39985
39214
41773
37798
41675
37657
39911
40960
41193
39428
37234
36791
38704
37894
37687
39222
39153
36685
38771
38188
41404
40023
40156
39988
41528
41439
41157
36709
39834
40329
39929
41768
39071
41023
40251
40969
37958
38954
37807
40870
40469
40839
41433
37736
39730
37354
37735
40569
37698
39365
36727
37121
40993
40320
37228
39889
39488
40100
41450
38358
37258
37833
38953
40646
39138
38362
40618
40374
37129
38552
41046
36879
39585
37525
37939
38841
39535
39709
41647
40943
39675
38052
37049
39872
36955
40322
41143
36709
38424
39372
41302
38006
41861
41027
39357
37659
37350
38603
39214
40324
36951
37001
41669
38249
40089
36679
37302
37930
41445
37359
37213
38415
38573
40648
36745
37563
41479
41854
39041
37567
36848
37172
39088
39034
37157
38131
36819
40525
37166
40088
36873
40100
37097
38362
39966
38470
40090
38067
38804
41325
36764
41551
38245
39644
38767
41353
38342
39058
41041
40973
39017
38756
40557
37723
39348
41002
38875
38339
38432
40903
40683
40780
38796
36776
37553
38702
38878
39177
38055
39801
37886
37462
41046
41594
41124
40883
38423
40437
38309
39423
37628
38103
41132
38981
38043
37988
36819
38399
37508
36804
39096
37108
37146
37813
40904
38612
37914
37289
40778
37255
37277
38232
36906
40463
40666
41554
41490
41844
41653
40401
41353
39272
36914
41074
41813
39447
39623
38543
39099
38180
37870
40217
40302
36833
36833
40698
39277
39370
37745
40726
38230
41879
41378
37438
40419
36652
39504
40112
40654
41206
38102
40105
39146
37481
36627
38249
40726
37144
38797
36907
38753
37071
40179
37404
41528
39322
37426
38002
39843
37781
40377
38608
38173
41674
37680
36626
41775
40612
38758
39583
38774
38838
38290
40496
40014
41544
40753
39444
38722
41650
38369
39903
37516
40611
40685
40129
37425
41324
39760
41052
37371
37651
36954
40274
40599
39288
39786
40805
36775
37278
39748
38732
38032
37379
39652
37137
40925
39539
39285
38673
37578
39713
38518
41383
41087
36843
40570
38131
40099
38497
38586
38200
37396
38916
37129
40372
41764
38377
37921
39445
38682
39509
39572
38864
40940
39567
39387
37387
37233
36881
39597
37750
37182
37723
38486
38755
39498
39857
39087
36779
36703
41727
39785
36698
37334
41201
39615
36916
36845
37952
40167
37331
41669
41619
39540
39396
41208
37525
38858
41584
39540
40120
41389
41446
38039
38218
39597
41638
37284
38268
37654
39702
37394
40602
38839
37393
38856
37881
39016
39809
36627
40440
39484
40900
39303
38425
36987
41212
41331
40675
40946
36637
41661
38243
41112
41439
39259
41439
37850
39249
40857
40566
40374
41765
37601
41699
37663
38444
39461
41356
40113
38527
38787
39193
36722
38822
37805
37369
41318
40971
38117
37367
40719
37655
40497
36759
40196
36610
38984
39413
40559
41634
39661
38092
40614
37074
38359
40933
40960
37445
40721
40483
37863
37352
41575
41692
37729
36609
37285
40816
39326
38319
39513
38159
39703
41457
41660
39815
39893
37340
37854
38916
37034
38163
37873
37591
39703
40110
40903
39443
37110
40791
37163
36902
38337
41566
37717
39353
40280
39066
40300
40690
38783
39000
38710
39225
39336
39481
38353
39298
37140
40956
41233
41233
37365
41449
36607
36736
39890
39525
40651
38922
37777
37101
37021
41174
38028
37232
41795
39693
38584
38735
39088
39682
39898
40080
41172
40683
36957
36975
40443
41570
38784
39149
37013
39401
39197
41429
38331
38650
38230
41584
36762
41063
37802
37568
40377
39851
38562
40258
41109
37688
36817
36691
40128
37766
40909
37027
38217
37975
40724
36746
37587
38343
39274
37354
41274
36984
41582
38733
37485
40242
37188
40203
39918
39341
37969
39348
36621
37046
37458
36968
39457
40956
39224
37161
38104
37979
38619
36848
36781
41453
41810
37777
40507
37642
38960
40872
39913
40856
39005
39061
41835
38217
39758
38468
41674
41627
39740
36708
38971
38241
36764
38955
38341
39045
38104
41856
40213
37813
37724
37759
39565
38768
36956
38833
38466
40429
37849
41414
38865
38245
40016
37454
41049
37391
37028
39946
38519
37649
39466
40575
37743
38971
41505
39386
38518
41775
40371
41669
38679
41350
38999
41328
38464
40098
38294
38866
38139
41714
38799
39428
38004
38929
38602
41318
39841
40491
41489
37604
41123
39312
41732
40015
38975
40351
38699
41068
39269
38048
37779
41282
36970
37446
40401
37666
41614
38254
36953
36736
38767
40673
39723
39204
41625
37192
41053
40677
39975
39272
36688
40457
39345
37489
40293
39038
38538
41783
39069
39052
38148
38767
40805
41023
37137
41381
40883
41719
37244
38823
41549
41812
36781
37221
37683
39908
38888
40318
39802
40731
39217
37293
38525
38929
36736
37304
37309
40321
39257
39525
39781
39298
38061
38673
37306
39456
36932
38317
37287
38146
38473
41179
39425
41372
38796
41567
40868
39609
38893
40522
39750
37572
38348
37595
41526
38625
38128
36753
38964
37528
41732
37396
39389
37970
39288
41882
41073
41444
37235
36994
37629
41814
40456
36966
40231
40809
38963
40831
37329
41312
37900
36757
38160
40030
41573
38456
39011
38907
38283
41692
41411
41831
37687
37586
37348
39625
40582
41448
37455
38437
41322
36989
36647
40855
37869
40326
38332
39743
37039
40468
36744
39369
40362
40763
37647
38536
37977
37425
36690
38811
36683
38770
40958
40262
38029
40873
40976
37612
37196
41559
40845
39879
40804
39321
38426
40324
37390
37191
39786
38306
41295
38636
40200
36643
41140
41382
41468
38581
37536
39899
39949
38406
37043
40052
37741
38888
36742
41810
37190
36735
39773
37849
39688
40970
38973
37322
37484
41008
38288
37423
37764
38148
37454
38891
41113
38642
37720
38543
37993
41542
39787
40600
39068
39700
41085
40247
37723
36835
37100
40735
38086
39730
40325
37348
38593
39619
37480
37968
41745
40220
36792
41055
38531
41650
38796
36894
39116
41876
40942
37929
40878
37993
38361
37575
38065
41677
40017
37244
38006
40644
39677
39289
41119
38058
38063
39382
39053
40789
37067
37330
37961
38646
41256
37549
38237
37142
40296
38338
40525
37407
38220
39922
38715
37983
40921
40302
39907
39215
38449
41153
38199
40887
41138
37334
41560
40357
38908
37405
39045
39717
37608
38455
40173
37931
37734
40976
38241
37071
40589
41294
39412
37338
36930
40825
38860
38774
36717
37664
37207
38733
40998
40117
37875
37880
38509
41381
36759
41235
40368
39242
39805
41453
40702
40888
38016
41028
37170
38040
36996
38259
41215
38920
39997
41729
38399
37485
37162
39310
40996
38851
38374
41688
41477
39739
39581
41530
41374
37320
38773
39469
41425
39182
40332
39979
36685
39122
40337
37526
37071
36625
38011
41530
40491
37358
39439
40881
40485
41834
40083
36914
41053
41398
37068
39157
40637
40401
36796
37054
39660
37847
37318
39769
40659
38970
36717
41421
37828
36622
40046
41373
40363
37089
37076
39577
39042
37054
37775
40576
39729
39986
40788
39485
37306
37353
40406
37893
40087
40482
38246
36997
40492
40299
40804
41101
37860
38006
39099
38460
40222
36990
41859
37227
40936
36626
36842
38761
36872
37747
37661
38662
38516
39623
41435
36859
38859
37452
41327
41735
36774
40198
40722
38707
40270
37175
41402
36796
37753
38122
38631
40608
41195
40539
40979
41787
39791
36682
41262
36802
40437
41316
36690
38574
40713
38651
36949
39312
38632
37166
40514
40962
37104
37693
40445
40438
37407
40880
36697
39764
37447
38721
37392
36757
36823
37495
37659
40736
39140
39693
36707
37342
41574
39535
38287
41396
38062
39120
39978
36628
39636
40257
41761
40751
39961
36736
37638
39218
41155
40466
39658
41492
39054
37062
41161
37639
41207
37194
37218
41595
39389
41316
39453
38990
39064
38409
37357
38441
40538
39930
40069
37163
37557
40225
40513
38553
37741
36708
37778
41756
40023
38261
37590
39015
38470
41548
38383
38889
39089
36856
37752
39307
37522
37441
37795
37776
37092
40356
39220
40384
38187
41836
39039
41525
41798
36754
37099
37925
38583
39238
38593
37629
37211
39560
38994
38559
39068
38882
39610
40256
37251
39425
40953
39523
38408
39903
38887
36839
37710
37852
36752
37603
39540
37900
36850
41671
37770
39693
41233
37760
36799
37645
39736
40020
36880
37613
40022
37527
41763
38403
37107
40629
41786
38950
37633
39584
40655
37615
37556
41256
39350
40849
36850
37331
38872
36714
38729
41864
41481
38522
37372
39956
40139
37859
37452
38700
38157
37054
40869
40201
37197
36927
37468
37920
38446
38062
37583
37848
36769
37761
38355
40890
37309
38443
39735
37276
40043
39635
39996
37267
36999
36914
40819
38179
41193
41796
37564
40990
41773
39382
40815
36977
40743
39399
39468
36869
37468
38721
37417
37999
40032
36732
37608
40271
37731
38530
37484
38838
41258
39094
40642
40854
39333
38920
37111
39078
39870
39943
36977
36960
37579
38658
37356
41450
40329
40190
37090
39959
40302
37705
37563
40671
40335
41451
41585
37282
39295
41822
36925
41292
37771
38855
37065
39013
41654
41465
40198
39673
39290
41256
36870
37220
37464
39322
41007
40768
41150
38608
37002
40671
40786
39569
39772
41208
39774
41689
38909
40778
39635
38574
36707
41598
38210
38226
36702
37762
41547
41214
38806
41610
38758
40062
38414
36947
41393
41481
38404
41695
40577
38069
37499
41738
40557
41429
38395
39269
41627
39580
41470
39717
40160
40550
39791
39265
38272
41161
41240
40278
38380
39207
37798
40955
39514
39510
38863
40793
37862
37313
40126
39326
37670
36885
38695
37873
41732
41378
39491
37013
40449
41707
38057
41253
40128
38705
37306
39051
41497
37167
41388
39264
37612
38468
40578
37863
40759
36924
37144
38968
41754
41047
39116
36904
40607
41169
40594
41019
41021
40071
38584
41542
39492
37382
40273
39525
41531
41765
40961
38778
37158
40868
37324
39091
41010
40638
41257
41168
39407
38781
41698
38662
36698
37504
37637
40003
39753
37548
41058
41382
37500
40746
41728
38980
40186
36972
40439
38135
39742
41409
40346
41402
40561
39454
41540
41175
41277
41372
36670
39439
39766
39072
37714
37065
37233
39862
37250
39253
38989
36646
37151
39134
40464
39013
40828
36727
38013
38060
37058
37144
40731
40094
37955
39667
37775
41136
41342
41671
36616
37755
41360
38426
39993
38116
41606
41070
38748
40269
40334
39238
40210
41017
41409
38898
37019
38658
40401
39664
39955
38638
39573
41859
37521
38395
41008
41157
41260
41677
37481
39185
40372
39161
40709
37460
41617
40568
37865
40667
39965
37029
36988
39383
38659
37915
40686
37609
41464
38863
41826
37152
37448
37667
36988
41418
39669
41628
41177
38646
40023
39704
38350
37419
40580
39288
37916
37430
39428
37668
41494
38224
40651
41308
37821
39028
40188
38870
40891
38619
39952
41847
37839
41688
41747
39243
41681
41579
37998
37064
37496
39001
37040
40827
37754
36644
41175
41725
39902
38681
40031
39419
41705
36927
41281
40445
38201
39640
39224
39740
37237
37324
41842
37642
37241
39409
37240
37320
37931
36857
40568
37045
40259
39368
41778
36909
39487
36925
38559
38631
38415
41624
37846
38853
37307
41281
41405
40247
40979
39224
40851
41764
38953
38374
40387
41210
41433
39734
37739
37206
38739
38245
40101
41256
37585
36645
38508
41882
41742
37538
38729
36739
38548
39243
39541
37727
38808
40391
39832
40275
39983
40280
39485
39075
38204
39226
40298
37686
39865
40330
38088
37821
37568
40010
39854
38460
37046
39694
39686
39365
38959
40674
39746
38128
39849
39450
40348
41177
38214
38818
36777
37788
39907
41118
41082
38276
39786
38152
36972
40821
39111
38353
40505
40775
41865
39218
38655
39998
41304
40705
39527
38096
38126
37146
41330
39063
40498
38978
39799
36860
41152
36632
38101
40131
40533
40015
37417
39491
37493
41449
37133
36616
39262
38453
39574
38390
41012
38932
38598
39753
38623
36780
37734
40370
41074
38558
41050
40999
37134
39993
37204
39318
40670
37761
41444
36807
39224
40669
39957
41360
39952
38584
38105
38889
38266
40314
41220
41839
36862
39775
37351
37223
41076
40401
41658
40191
39230
41655
36994
41840
38930
41432
37015
38633
40845
37301
37698
38754
41214
37396
40188
37743
36995
39879
36871
37268
38439
38342
41539
40387
39136
38714
36846
39223
40962
36793
37582
40107
41641
37748
38488
37740
41045
38971
41590
39607
38744
39561
39088
36629
37023
36771
41157
38002
41487
37347
37510
41831
39786
37988
37055
39604
38619
37741
37697
41043
39268
40167
41039
38594
40903
38528
38823
39011
37919
36819
37169
40290
38007
41558
39679
38790
40463
40379
40839
39321
36913
39785
40985
38254
39073
38136
36609
39570
37485
40612
39023
36942
38064
38295
39989
39165
38768
39211
36773
40571
39648
37958
39593
40018
38602
41244
36822
36956
40040
38502
40720
41676
36799
39182
41130
39977
37175
40772
37931
41257
39238
40416
36995
41048
36735
39558
41747
38799
40402
40858
36737
37245
39141
41357
40500
37385
39250
40188
40084
39151
40882
38974
39032
37265
37238
40690
39638
40861
41776
40031
41411
39156
41495
39767
40148
37657
37753
39680
39129
37789
36890
37442
40572
38591
38440
37773
41396
41387
37349
41830
39438
37606
37224
39129
39801
37480
39295
39495
36864
37792
39241
39136
41485
41576
41314
38797
38507
36881
38985
41283
37838
41136
38866
37501
37390
41660
36890
40136
40302
40574
39518
37490
39826
41820
37594
38994
38448
40566
37287
40504
37440
36930
39890
40959
40549
40272
39958
40405
39206
40793
37489
41219
40053
37362
39354
41034
41463
36656
38705
37429
41515
41295
39822
36754
40706
41332
41543
40354
36997
38676
39141
40558
36903
40071
40237
37106
40392
36827
39928
39053
38362
40969
36811
38815
39726
38885
40118
38812
36771
41370
40856
39134
41678
41669
38701
39168
41623
36732
40366
41221
41498
38196
39846
39921
39285
40496
40771
37394
39923
37059
37756
40313
36826
40901
36736
38181
39051
36943
40829
39402
40469
40223
38458
40863
37489
41419
38617
41129
37357
37840
40131
41702
37380
37653
37576
41199
38632
41019
37219
41698
38259
39656
38583
37009
40293
39510
39320
38712
37601
37618
38776
39309
40730
40125
40485
38606
38131
38462
41617
39055
36670
39486
40219
40945
41024
38582
36757
40483
37875
37160
40831
38144
41608
40259
41803
39125
36974
39653
39089
41510
37597
37363
40299
38117
39959
40781
41146
36984
41696
39643
37652
40228
38866
38081
37500
38453
39393
40128
40349
38144
38717
37750
40447
39640
37905
38674
36813
41405
40232
41238
37952
39099
40267
41675
36818
37207
40890
39951
40504
38607
41058
38008
40540
39058
40227
40284
41463
41392
37746
38188
40535
37098
39748
39213
38524
39779
41188
38264
41878
41223
40647
41073
39977
37936
37224
39170
39719
40549
38138
40656
41625
36931
40179
38071
41060
37476
38094
39833
38760
39066
41696
39066
36894
40792
39268
39694
39578
38985
40565
39200
37531
41578
38262
37938
38193
41508
37794
38356
37557
38877
40000
41643
39777
41136
39093
41711
36912
36752
41816
39253
36709
37764
38465
41148
39811
36881
39438
39008
37519
40730
41657
40129
39662
39908
39932
37024
40139
40497
36668
41534
36926
41676
37226
39347
37296
40924
37367
40772
39669
39000
39633
39116
39048
38900
36956
40782
41760
40756
39166
38505
39089
37717
37350
40716
38115
40859
37260
37649
37013
38850
37646
40369
38379
39237
38620
37145
37224
36939
41301
38523
37045
41760
37986
41254
40305
41754
38711
37413
39737
36740
37285
36929
38655
37416
37414
39679
41081
38687
37544
41265
37946
39200
37474
39126
37877
41291
37444
38215
37222
38647
41385
41645
38109
40556
38738
39446
41625
37806
39757
41352
40267
40726
37810
39714
39989
41066
40556
39082
37676
39551
40460
41796
41542
39429
41214
38868
36925
37503
38053
37851
36919
41688
38530
37455
40181
40383
38951
40462
37382
40469
39863
39940
37409
40734
39350
39671
39132
41299
40625
40756
40643
38220
39282
36788
39462
36838
40888
37912
38489
37669
38192
38978
38552
38488
37621
41328
37086
39176
41267
37529
39622
40947
37869
40903
41614
37346
38868
39045
41725
38767
38238
39598
36728
39102
37632
41026
41120
36818
40530
37430
37574
37860
38102
41247
39405
37703
40898
37147
41622
36786
38415
37287
37783
41005
37079
37142
37326
39840
39195
39731
40026
39293
36902
38417
38087
36729
38971
39748
40770
40086
38565
37241
41484
39731
40890
38686
38829
40138
39196
40899
41101
40418
40787
38581
41484
38034
39651
39555
41135
39488
37003
38794
39107
40874
37799
40531
39397
38984
40731
37648
37947
38785
41797
39395
37976
38406
39985
39071
39642
37591
41270
37538
39363
38419
36688
38566
37456
41177
41173
38129
37459
36793
41327
39425
38270
37704
39671
39305
38874
37021
37440
38725
38184
38697
40913
41787
40514
38615
37184
40952
38374
39742
41206
37043
38790
39494
39542
39902
38863
40770
38750
36993
38570
38909
40388
39643
38361
38686
39447
38344
39300
39294
36875
37259
37839
41661
39167
41137
37618
40620
38523
40472
41466
39616
39909
40355
38599
36884
41464
40608
36849
39909
39625
40606
39670
38246
38100
40247
39709
40211
40557
41591
41030
38201
37737
37355
40187
38629
41867
40510
36822
41121
40585
38130
37268
38971
39448
41619
38367
37606
37699
40364
41008
38695
40321
39025
40749
40949
41343
39143
37744
37049
39422
41642
38453
37595
38184
38167
40275
39890
37361
37042
40877
37677
37390
39501
40226
41835
38400
38943
38286
41137
39226
40794
40306
36804
40332
41245
40830
38438
39034
36630
39118
40291
36766
39115
41643
39869
40029
38519
41743
38740
37650
39460
38210
38702
37741
37038
40919
39283
40396
36639
41142
40593
41194
39869
38990
38439
39377
37648
38520
38965
38286
39817
40580
41736
39148
39707
37186
37705
40210
37964
38836
37334
36946
40758
38219
40628
39108
38038
40422
37352
37733
38865
39653
39615
40639
39488
37543
37623
41306
37643
38942
37023
39349
40425
37034
39809
40314
40043
36977
39480
36832
39731
40242
40348
39983
41514
40382
38524
38428
41190
37349
41072
38763
40548
41313
39724
36668
40277
36716
41728
41558
40673
41150
38435
37266
39542
41545
41648
40186
39349
36787
38287
37112
39039
41459
41458
39621
40544
37982
39530
37249
41169
41189
40267
37427
38394
40322
38901
38426
39246
37709
40776
39202
38543
40738
37075
37210
37276
39529
40705
41360
37670
37599
39511
38724
37831
37345
38196
38813
38175
39733
37423
37875
41245
38397
37012
38586
40077
37478
40603
37195
38415
40081
38780
40968
41070
41135
38149
39302
41424
41757
39223
37795
37242
39359
39551
38923
37181
41139
40220
40228
36705
41355
37110
38100
41202
39690
38804
38334
39583
40474
37476
36899
39218
41778
38218
37169
36747
37601
38549
37074
41281
36789
36755
41407
38916
41125
37441
39268
39790
37194
38303
40601
36715
37124
38001
41734
39846
37256
38012
41638
38917
38583
41216
38922
37821
39665
41142
40610
41578
40434
39403
38625
37205
40963
41011
39719
39924
38541
38602
39025
39500
39847
37616
40213
40859
41477
39313
37157
41087
40970
39919
40358
38933
40163
40565
37805
41825
36742
41812
37751
37565
41033
38454
37285
38077
41601
40323
37193
37275
38391
39084
37116
40398
41257
37207
36905
37948
37977
37924
41055
37155
37105
39708
37951
37884
36812
39255
40002
41754
39888
41094
38947
41419
40777
38969
37357
37111
37228
39098
38255
39783
40566
40660
40448
41760
37330
40653
39476
41553
40744
40085
37041
39963
41400
36814
38138
39253
40370
38397
40100
41525
40463
38864
37368
36947
41836
39633
38817
38886
41514
39211
39270
36628
37123
38723
38969
39277
38035
41768
39913
38869
41144
41863
36639
40125
39343
40346
40893
41102
38854
38422
39927
38295
39894
36948
36628
39478
41577
39015
39586
37263
41720
36788
37826
38311
41490
41530
40152
37340
37538
40181
39730
40074
40749
40471
41657
41783
38609
39481
40454
38353
36741
40448
38694
40294
39811
37613
39321
39434
38403
38838
37493
41681
39827
38053
37464
39750
37793
37336
39297
37510
39825
38412
37409
40597
40481
39224
38634
37334
41340
41574
38743
41061
41399
38910
41734
41033
38789
41318
38694
37912
40507
41503
40160
37715
38199
36710
39411
40012
38847
38583
36722
40014
37912
41686
36893
37378
37427
38168
37068
40240
37716
37160
37575
37836
38928
38607
38684
41445
38073
38608
41258
40535
41421
37951
41377
39877
37443
38031
41598
37690
36897
40825
38897
41256
36852
38172
38096
37058
41802
37888
37672
40814
37647
37281
38193
41389
40333
39881
39544
37073
41882
41272
38775
39578
41523
38680
37706
41204
39058
41185
37396
40817
39497
36943
41475
37930
39532
38554
37588
36929
40431
40891
39304
41304
40957
39270
37737
38502
40301
41029
39948
40762
38836
36872
38731
38365
37099
41432
41718
39070
38115
38801
37755
39249
39500
40650
38484
39507
39127
41323
38337
39629
39539
38713
38195
40578
40288
39985
36947
37063
37987
41403
38864
36977
41124
37353
36891
38675
41654
41843
40851
40351
39155
40726
39872
36930
40622
39319
41345
41790
41682
40478
41648
36913
37818
40444
38509
37465
40618
38098
39819
37259
38335
37971
39851
37016
39536
41446
41510
37510
37940
41121
38231
40416
40262
38095
38127
40664
39852
41096
38684
40874
37970
41350
37270
40274
39993
36796
37748
38187
38658
39126
41395
38150
39927
37344
38718
41695
40861
36743
37098
39586
41506
39787
37974
38107
39816
38895
36873
38481
37387
40066
39228
40408
39134
38564
40641
38972
39005
41173
41088
40406
37519
39677
37763
41441
41507
38396
40453
40746
39804
38637
39187
37210
38718
40174
40388
36884
40426
41252
40293
39053
40920
39659
39833
40597
41406
37488
37097
37727
38696
41726
37184
37465
40368
38092
40016
36719
36951
37102
38085
41720
40961
38341
41005
36943
37118
38391
41189
41360
41562
39478
39122
41096
38709
39496
41569
40602
36705
38068
40263
37167
37116
39331
39467
37499
38747
38897
37959
37984
36618
41523
40931
37181
37893
41796
40911
41388
41447
40504
38872
37448
36742
41618
41875
36657
40507
40455
36885
40025
40549
39355
39042
36875
37684
36818
40809
41217
40140
37262
37075
38264
37023
38659
40213
40681
37180
41571
37850
38993
40277
37650
37548
39098
39393
36734
41477
37581
39780
36964
36839
39031
37401
37315
37417
38496
39224
38421
36771
40145
40003
41520
36880
39890
40363
39164
41804
41171
38269
39249
40139
38203
40965
38038
38352
39658
37487
41595
38580
39271
41795
40152
38111
41786
41425
40135
36661
39291
38205
38102
40832
37584
39015
41813
38920
38567
41054
41067
38300
39420
41160
40212
39559
38376
39617
40724
37329
41610
39505
37289
39513
40296
37592
37094
40141
37634
39088
38637
39766
39647
40334
37247
37987
39888
38833
37055
36836
39669
40778
38353
40589
40571
36908
40841
38570
39808
40616
37382
40267
41496
38880
41457
40797
37540
39113
40066
39309
41682
36698
38146
39243
37452
38170
37680
38899
39002
41755
37228
39197
40805
38775
39107
38456
40754
37455
37096
37545
40204
41614
36852
37644
38860
36910
41830
39433
41431
39903
37941
39186
38097
36701
36840
38763
41199
39740
37078
41286
39228
37090
41416
40038
41269
40207
39750
37151
40806
36745
41248
40340
40704
41016
41553
41541
38888
37611
41421
38527
40738
40919
36746
38390
40477
37612
38667
38129
38080
38787
39353
38885
38989
41507
39545
40659
40828
38460
39292
41760
41056
38097
36928
38759
41009
40151
41616
38408
37495
38101
38686
36947
40813
39780
38733
38154
40227
39624
38067
39890
40811
37339
40479
38301
38609
38298
40421
39778
39876
41269
37394
40258
38983
41181
40105
40691
36907
37355
41525
40984
39423
40570
41309
38610
39988
36934
39605
39607
41554
40994
40092
37649
40519
38004
40476
41811
41401
41384
41126
40832
39872
40560
37281
41764
37881
40637
37950
38938
37483
40120
37104
41513
39736
39236
39318
36920
39676
41652
36831
38394
38929
37792
36641
38955
38594
37589
39399
39364
38796
36903
37749
39882
37470
36626
38499
39668
39636
41588
40436
