14553
16259
15739
12466
17825
18054
10197
11736
8980
18078
10246
9129
14795
10095
14905
17694
16037
18087
15101
12630
10600
15797
12172
11284
15917
16755
16249
11571
9504
12332
9570
10248
13242
10253
15880
10604
11985
9946
17447
14471
16073
11658
12082
9040
17539
16610
11145
8884
10306
18179
15428
15809
17929
16588
12077
10643
17887
10379
10157
12092
17172
14806
11434
11913
13444
12020
10419
17865
10394
12803
17541
8789
13455
9570
10711
16570
9672
11922
12031
14985
9521
14145
13891
12048
17365
11959
15032
15775
14189
10759
10401
16778
16968
17080
11086
13019
11763
8780
12465
14183
12834
18205
10620
13092
17020
15850
11558
15458
10690
13158
18238
12538
12576
11281
15170
16914
16700
10957
17913
11325
9104
18001
13251
12430
12477
9117
11235
12916
10559
13463
12345
16331
16376
18219
12572
13841
11176
14985
10042
8976
10968
9712
17634
12394
15177
9656
9859
17782
14709
13260
10646
14651
14222
12967
10387
14167
14512
15858
16597
14158
15455
11618
9356
18056
11986
10073
13399
14295
10051
13234
15225
17677
9206
11454
12024
9826
14301
10191
14591
18221
12121
17186
18042
12889
17427
9719
14667
16948
17872
10178
9544
10832
9442
12345
15617
8776
8800
17278
16249
10767
17733
10524
18015
12860
16307
11935
14051
13281
12929
16146
9267
13531
10542
12667
14527
9021
9981
15856
16760
14126
15190
10420
11560
10088
9557
10644
10202
15238
9868
15790
11624
9166
11918
13055
8985
10773
13538
9022
13304
17087
10525
15084
15440
9929
13859
15405
16746
11014
12566
10891
14734
13681
15967
11074
9772
12943
10085
15235
11277
14595
8791
11409
12365
15323
9941
12097
10453
10089
8861
9929
16108
12817
16752
18093
9734
16799
12517
18012
17883
8907
12049
12352
14955
9612
12612
9116
12955
9370
12905
17734
12429
11042
13003
10740
18009
12010
12246
11720
11077
8926
11778
11370
14969
10525
11130
12063
9935
17483
10139
9094
11803
16285
12690
12480
15559
17792
8800
13139
9645
15874
11438
10975
11127
16782
16563
9787
8930
16953
9403
12478
8799
15348
8870
16473
9703
10455
10084
11847
17295
17827
11166
16663
9433
9317
10208
12776
12387
10851
12901
9783
9371
15614
9671
10298
13109
8908
10147
13686
14928
15263
9681
9390
16304
9523
11855
12889
15650
16715
9842
15887
8784
12733
15298
9009
10077
11513
9424
11650
11857
10033
13838
16146
17434
14456
17323
9475
10983
9764
11785
18012
16930
12605
17440
9680
15570
11816
11018
15149
17943
10020
8960
14863
17322
10619
11603
14427
14823
13032
13067
16783
12124
12223
16454
15196
9038
17727
16474
10837
11033
10422
15794
15175
14879
16126
18195
16315
9039
16563
15025
12559
16084
14810
15793
10553
10222
16661
9638
11709
10036
17747
11355
10501
15262
10976
15982
12192
16520
10192
15783
9079
16223
11229
16433
9607
13457
10187
15236
9350
17024
10779
11485
9093
17424
12635
11826
12705
10944
13912
9127
12480
11451
10032
11851
9662
16017
15143
15828
11204
12079
11485
11299
17830
16545
17665
10345
16782
10600
9018
8999
12418
13141
12803
10211
15771
12094
11318
8850
10783
13249
14185
10437
15546
9733
14326
17859
11523
13720
9784
17097
11339
11147
10677
11670
11753
8947
17459
12280
16379
14397
16846
15215
13107
8842
10497
17724
17625
17938
12707
13345
15661
9867
12957
13083
15913
16604
9171
10212
15713
17223
11779
11175
9577
13823
11160
9260
18136
14670
9806
11753
9926
13869
9937
11661
12230
18080
10080
16537
17389
10763
14902
17659
10399
9151
13223
15966
10972
11952
17601
9438
11138
13513
11665
11071
16115
16130
17841
17741
14340
13658
12827
11739
15611
9655
12770
8781
16278
9517
12428
9453
12837
12479
14662
16812
9838
17537
12366
9685
15016
17102
15900
11080
17219
13473
17008
17280
10002
10888
9314
16791
11318
10834
15744
18200
12005
8806
12202
10689
10879
8927
12028
17424
14776
10584
16035
13288
17813
11881
13032
10862
11776
13233
10874
10095
13310
13939
15602
16668
11670
18065
10779
15982
13844
10470
15214
14864
15073
9095
14292
11494
10882
15203
17021
15880
16367
17386
16768
11434
15460
13864
15031
16679
16569
17452
11987
11251
15132
11608
16161
12837
10708
10317
12834
14887
9748
11226
13566
12616
14558
16445
14353
9902
15774
11133
11453
17853
13745
16959
15097
17892
14254
15947
14242
16975
11405
13837
10585
13644
10685
18089
15752
15535
14799
17052
13133
14215
14770
10682
12606
11787
16103
9255
11035
15646
12022
15465
12505
15419
17978
14294
17785
11736
11534
16421
14195
15660
10554
11291
12480
10689
11037
12223
10786
15890
9717
15742
11611
16363
16744
12413
12966
14082
12096
10824
11530
10544
17609
13414
12046
17520
9850
12203
12733
15857
17048
11084
10541
12048
10172
17889
10981
10523
10465
11250
11680
12387
13521
15953
13986
10428
12528
9717
17449
15683
15316
10498
9993
15841
15432
11883
9420
15816
10645
11636
10288
12652
14285
10175
12763
9848
12127
15090
18117
8921
11618
11309
15329
16817
12165
16584
10143
17309
12338
16235
10644
16356
9922
11340
12795
17389
14019
15940
17860
9011
15424
10898
16971
12425
17374
9292
16076
9670
11069
17594
13568
15545
11581
12458
12632
9026
14045
12646
12055
11169
13463
10728
12453
16400
8842
10765
9752
9260
17331
8819
10526
16463
11545
14176
12397
18130
11717
9483
10387
18072
12508
8801
15914
11903
10212
9124
18232
15882
9994
14847
9155
12782
8910
11800
13462
14949
10379
17327
11870
16297
10292
14908
11174
11788
14938
11424
10950
15823
17483
11550
13286
15221
9037
13793
10045
9318
14790
12876
10128
9209
14532
13074
16304
11796
16250
12312
8807
12592
12449
17519
16370
9611
17460
11082
8812
14625
18055
16451
11101
10312
14043
14763
10534
14156
17908
10994
9741
11386
17037
10400
10395
9499
8952
17336
11219
15772
10288
11835
11969
15407
9564
10083
10348
13001
9616
14686
10465
17690
16254
11591
12893
11471
15354
9427
9780
10075
12909
12110
16827
13761
8820
17068
12487
11677
11080
11894
9041
16729
10177
16115
12872
14451
14566
10108
9917
14181
11069
12547
11461
12380
9931
14695
12077
9994
17159
9563
16616
15983
12886
10404
14962
13273
16069
10740
15740
10827
15900
17547
11529
9074
14814
14255
10343
16765
17296
9627
13340
11177
9650
16002
8950
16422
14585
12892
9568
10738
11631
13471
10887
18159
12562
13797
14526
9629
15922
16791
9956
15686
9086
11789
11440
16835
11775
11337
11232
10124
10117
16514
14188
14341
14083
14382
10583
9133
16362
12131
10936
15527
10733
11372
12753
17400
17286
9959
11338
11043
13332
16228
10064
15721
10173
15457
15077
10797
9281
17253
11446
16716
10548
11790
10917
9435
11025
8869
10917
13851
13670
13768
10083
11454
16847
12696
15229
15022
16802
11455
9523
12792
10148
12335
9237
9379
16804
11644
10870
8798
9135
17506
8891
9534
10698
9258
12502
14127
9091
14149
11929
11107
12583
18024
12381
14960
16769
16107
14221
17543
14683
9414
16566
12326
16814
15761
12583
16840
10338
14096
14111
16044
9870
9212
17466
15733
10451
13029
15192
13958
14984
14051
13544
15412
13616
16970
14517
15138
10019
14324
11516
13635
15282
9502
11772
10249
10830
14282
12488
9817
12959
13990
17981
11914
9887
13431
13513
9124
13686
16678
8792
16260
14085
9789
11682
10955
16276
17643
11453
12967
10684
10299
13444
14448
15153
11560
10919
9976
9228
15995
10723
9975
16568
11525
15323
12123
13664
16090
10454
10074
11447
15017
10267
10983
13408
14015
17965
11551
14887
15158
16454
9923
17746
15549
17691
13546
12451
17085
8831
14460
10263
13502
15884
16883
15037
15421
12993
9494
17978
11674
12770
9657
13997
14103
15440
17433
10480
10968
9651
11182
9390
11366
14101
12114
13520
15977
9516
12216
12225
10664
9720
10391
9324
9467
17207
16615
10342
17714
11135
12395
9170
16540
15147
12291
10278
15335
11608
10882
15329
11773
14353
8911
12715
12619
11510
11979
17574
16226
17194
15320
18168
13746
11231
18059
15760
12163
11625
17754
13374
14328
17813
11209
16087
9661
17708
9823
17282
12423
14151
17528
11657
14687
14710
12238
14684
15457
9467
17925
10401
9128
14237
15592
12053
17256
11377
8823
16349
9358
16405
14775
12579
10531
14385
10739
15887
10526
16804
10314
9430
12743
12045
16931
12598
10353
11394
11015
9764
10047
17112
17072
16164
10570
16585
10228
15319
17301
12409
18174
13130
11387
13929
10546
13032
16926
15809
9070
8880
17265
13352
17601
12565
16482
10019
15257
10788
14335
13019
13004
13054
11446
10472
18131
10138
10932
15049
14306
8884
11708
11760
15378
17434
15247
17458
11950
18230
12394
10505
13598
17409
12740
11675
13219
17712
13061
16104
14105
8895
12199
13047
11580
10460
9249
10044
10404
16107
10631
17302
9858
11243
17897
16473
11455
9217
11632
18063
14819
17188
18185
11571
10674
9606
13128
14450
9599
10628
10575
17775
11309
18000
10061
16113
17424
11063
12997
12511
11045
17392
11762
12077
14033
9695
17117
17470
15549
10297
11101
11530
10104
11761
12924
17816
12613
14112
15560
13609
16982
11658
12397
11278
16644
9727
10977
11029
15940
9796
16743
16145
12815
14605
12661
17861
12956
11089
9766
9453
14042
9318
15353
11733
12123
10580
11923
10103
10170
12675
12339
13336
13333
10350
11399
14855
10823
15450
12953
17442
9880
17492
14862
17183
17687
9364
11851
17109
17753
15108
12792
11023
9889
15574
11276
9115
11564
17549
9483
9691
13298
12905
14013
12528
12930
15382
16289
9969
15047
11080
14626
12304
12183
10550
12461
16085
11801
16176
9853
12618
14063
11463
9801
15248
15420
14946
17079
12451
9676
15503
16023
12737
10022
11588
16554
12501
13298
18015
12456
11961
15912
9385
11380
12371
10531
8832
13935
12720
14432
17749
15090
10467
8772
9453
11847
14193
17697
16154
9432
14772
10479
11363
9042
10892
16480
16498
17126
16503
11635
12188
14012
15496
9666
13665
10441
18194
17298
17847
17179
16905
18237
15954
13048
8782
15769
11619
11441
17938
17103
13582
10827
12634
17821
11970
17869
12171
12108
17663
12086
11467
16795
8790
12792
10044
10310
14329
14381
13758
15100
12524
12874
10635
17219
11031
15765
10726
12344
15811
10728
9864
10724
13591
17598
13869
13561
14089
18083
11473
9348
16440
11159
12582
17589
15010
11912
17162
13740
9274
16333
9055
13388
11148
10270
14810
9859
9547
10613
12349
10346
13346
15000
11340
16680
14298
16745
12712
13929
14295
14338
14074
10411
17673
10631
9485
15078
15943
10220
12645
16416
9350
10548
8854
11826
8949
10483
12160
14625
10378
14973
9037
16594
13685
17090
10161
9862
10015
11921
10686
13281
8776
11521
17428
11420
11674
11950
12567
17595
10557
12880
16783
12491
16483
11326
12601
14163
15329
15050
17549
10132
14802
14618
13468
11137
16646
10794
18033
12685
17148
9468
17381
15712
14223
14415
17632
11610
17728
13331
11038
12615
10592
17168
17337
14247
13354
13093
18070
17310
17069
12957
13481
11593
9382
17827
17621
10095
16100
14656
11483
9739
13956
15167
9502
9127
11557
9980
15225
10157
8903
13114
12594
12778
12048
14710
10978
17486
13946
10070
10095
16280
16688
17809
13644
11082
16835
11499
10411
14622
15536
8978
13581
13567
11978
11623
9518
15054
17979
11455
13534
10352
8953
10569
14101
13459
16538
14207
11963
10394
9622
12563
10895
13084
12143
13186
9811
9241
17277
13288
9423
13714
10697
16516
16819
11965
12191
11059
16441
16300
9192
10620
12944
10327
17657
11069
13707
9354
11611
10110
9927
15040
12270
9487
14400
9991
15372
14955
14460
10973
10232
14631
9933
13358
9218
12593
11910
16414
9870
9497
15793
11693
9963
16338
12563
12642
9896
14662
16695
9640
13445
9054
13038
14397
15840
12400
10194
9820
9494
13995
16236
10738
17061
9606
18052
17878
16741
14458
15342
15220
17071
10293
16786
14437
16127
14099
15859
16724
18178
8792
12594
14235
13447
14588
13774
13231
13332
12525
10069
12739
15464
16036
12430
11661
13640
9958
17182
17491
17366
16537
17436
11770
14544
12281
17573
12535
12655
10010
14940
9862
14690
17565
14435
14386
13530
10325
11562
9191
10294
10341
9464
9355
12650
8818
16895
15260
16802
15685
13113
11521
9867
13952
18009
11924
15814
9506
12915
16691
15188
13847
12834
13834
13946
13086
14355
9676
10064
12344
8903
17342
9134
14228
10924
15936
16613
9327
16394
12027
16591
10540
10668
15901
11934
17567
17672
18029
12708
17913
16922
10957
16689
12946
15070
11114
16778
12748
13886
12577
9676
12175
9336
10148
12735
13897
15593
15464
12704
13957
14924
9055
15807
9829
10271
12861
8853
9518
18223
12134
16001
17959
11938
11390
16565
13468
11784
15263
14139
16734
13802
8778
14687
13245
9445
15322
8978
14204
10823
11217
12491
12052
11922
12043
16907
13465
12030
15480
14707
9138
12430
18171
9263
9666
16642
14451
18000
13610
15596
12502
16744
11703
16244
11713
9938
17885
16024
9161
14269
15431
11184
16594
16223
9707
8914
18200
9837
13896
13063
17672
15695
9649
12735
16407
13740
9620
9251
10685
12242
11356
10005
10749
12153
12080
11161
13722
11353
18085
12792
11969
13669
11192
10387
11249
14382
12680
11733
12542
14806
16297
9005
11411
15991
9510
9890
12523
13029
13700
9198
10142
17774
15566
12264
17118
14942
8810
11826
8909
11864
11182
9588
14318
15884
10851
12092
9501
11723
9797
11182
10556
18149
16940
18194
10985
16722
14988
17347
12616
13076
11310
15082
13526
9084
14019
13153
11857
12224
12127
16620
14710
14591
11092
10171
9732
11753
15320
9687
10708
10363
11058
13738
15510
13379
10323
12677
12066
16926
14088
13988
9902
12134
15557
15355
11205
12352
17675
15059
16431
13009
11997
12967
17650
11333
16651
14615
10632
16517
18191
12900
13570
18029
10302
9145
13792
13619
13755
15004
8923
15174
12195
8776
12276
13772
12849
10359
9899
9899
13409
14872
13877
10184
8843
13911
10591
8793
15581
14670
11504
14900
14671
16068
14027
12657
12439
16082
12806
15020
9198
15316
11884
9962
12330
12928
11149
17764
13556
14070
16508
9853
15673
9536
10122
9220
8779
12230
17430
18150
14109
9545
17928
9870
11082
10277
12308
11994
13736
11431
15860
10464
16666
10744
9613
12545
12282
11124
16302
12179
16305
15234
15256
9158
17416
14352
9213
12675
15410
11315
10371
11109
14809
11852
12992
10590
11807
16441
12121
12139
13189
14427
15610
15841
14321
13055
9254
17674
12445
13472
14520
9218
13126
13125
14291
11305
16061
17274
14699
17589
15497
10855
10027
9304
16154
16250
12952
8907
15834
9675
16409
16361
12991
10284
13700
10899
14743
16021
18192
13133
17580
12464
17549
10053
15497
17152
17667
9464
14410
12015
9602
13624
15205
11041
15911
12390
17562
12684
16694
12377
10198
11935
16109
8819
17299
9047
9681
14600
10717
9973
16621
14639
10547
14442
17362
11575
13932
9964
17033
18036
12149
16789
17788
15948
17152
15305
12161
16944
10481
15591
14253
17399
12388
14703
12058
14841
17635
10906
9348
16923
8961
12024
12749
16538
12330
14414
11052
10232
14529
14553
8898
13661
16688
10528
14068
9774
12298
16707
13540
13786
16984
8949
10558
10037
14625
9606
16147
15784
11325
9845
9685
17517
9626
15289
13797
9876
11267
8828
10603
16014
14132
17962
15543
16355
9240
17175
10506
13756
17485
13903
11784
16735
18127
15574
9065
15470
16899
17667
17212
14322
8792
10928
9960
15731
15861
13066
9159
9825
12680
10065
10712
17406
15684
13518
12842
14991
16040
14333
10699
9058
10969
10174
18156
11203
12808
18090
17067
15139
14968
14057
9406
15636
16371
13581
12717
12525
10078
14534
15065
9237
17755
10350
16503
10596
16312
12295
18073
14131
13271
16188
14103
12017
16482
11410
11294
14093
12366
14833
13309
9452
12604
14994
12415
14682
12885
9979
18124
12496
10010
9336
12564
16128
16145
15180
17312
14694
8874
17639
10647
9657
16506
12446
15843
16181
18160
17586
9365
16974
12539
11278
16710
15505
15237
10210
12586
12700
8988
8782
14563
11388
10079
17553
16686
11308
10528
14531
12052
12906
12058
17598
15853
14888
9968
15548
12395
13163
10710
14138
14799
10163
8927
11544
18014
9803
15994
9873
12986
10275
15920
12551
9413
12167
13748
11145
11371
13198
12778
8778
13810
16824
9897
16922
15949
11566
9098
15743
9121
16343
11444
16127
17628
9855
11190
15053
14701
17595
11505
14529
16847
17096
15999
11445
14632
16294
9531
17486
11708
12719
8951
15343
14812
17628
13407
12151
9228
13197
17676
13495
14623
17249
9388
12174
16622
15063
11191
18110
10496
9338
12531
11013
11423
11006
15520
14398
9880
10001
16687
17502
13148
14286
15183
10408
9072
13086
14559
12015
11752
14534
10287
17338
12308
16151
13264
13950
14183
17316
11633
14828
8848
10046
14663
9398
8821
9222
13556
9620
17182
12003
17816
13698
16261
9314
17077
10018
9751
11944
11544
11388
14095
15681
9920
12861
16370
17702
17318
15311
13204
10816
15506
16437
11961
9689
11427
9925
15178
14578
15601
14546
11050
10094
10365
11337
10847
13377
13620
15863
10327
11207
11572
17116
12236
10086
15185
10985
15891
9816
13911
9644
15226
14834
8791
9195
9794
9963
12401
16044
17905
16153
12376
13924
15035
9629
11356
9608
12620
17291
18074
16461
12811
15346
15095
9191
15973
15733
15355
13335
11775
11156
13322
11650
15900
18145
15737
10595
9734
10920
16645
12885
17611
15761
13455
13680
11922
11108
12272
11565
17810
17914
11461
14911
10627
11222
9193
16989
9434
11713
10394
10075
13941
12244
12365
16684
10837
12477
12498
15671
11030
11930
17317
12471
11915
15576
9967
12849
9760
12161
16605
17512
11081
12251
10624
10814
10664
9958
12458
9361
9213
8859
17406
11514
9005
8896
11304
14954
11968
17630
9702
17698
15755
15034
17865
13084
14233
11693
17570
11123
15982
14054
11806
16257
13528
12290
14689
8975
11014
12405
13957
14637
10237
11180
16982
15348
13944
9325
11356
9602
12842
11273
17521
12646
16244
9565
13325
9780
11446
13934
11757
13305
16410
14610
11951
17656
14250
10958
18239
8790
14235
11824
17106
14853
11677
14985
9968
9728
16448
11718
15409
13845
8795
9557
13991
12199
11400
17385
14101
12013
12513
9423
11969
9956
14177
14252
10681
9621
9559
15927
13060
13816
10779
17363
10436
11558
15969
9047
10581
11898
13076
12354
15546
14494
14609
9010
11583
12494
12971
11961
10804
14828
11323
16060
11713
11633
12516
18179
16622
11962
17669
10576
11822
14831
10447
13415
14746
13019
9129
11404
12796
8785
10056
15257
13267
17325
17946
17099
17108
13271
11022
12755
13807
11236
16329
11825
13687
8973
12955
16203
14062
11172
16438
9227
9945
9835
13894
9627
11044
15230
9161
15994
10124
10881
9696
11393
9176
12136
13761
16760
9910
17326
12601
10937
10145
13118
15293
15110
10996
16852
11079
13212
9746
14714
16444
12149
12674
11839
10052
11820
9722
16904
14806
17879
15288
11043
9630
10416
13672
8957
11612
17231
14450
14986
13027
18156
14093
16465
10093
11537
16368
10538
11769
15807
16030
9158
9467
11162
9726
10497
14675
11274
17478
11806
9967
15919
10060
9725
16248
17647
11536
12711
16085
13398
10369
10899
13160
8881
13536
11872
16474
12162
10121
9810
13022
15829
12125
16990
10438
17309
14668
10943
12120
15424
11570
8816
17490
15998
18100
10500
13595
16251
8790
8775
17511
10675
15547
15911
15155
11579
17517
10370
10331
11348
14560
16846
17019
18082
12679
15421
16363
17089
14296
11830
10248
10988
8884
16594
16391
15465
16666
13335
16934
15395
14550
15165
15630
14338
16936
12343
15310
13355
11083
13642
17951
11254
11228
15211
10475
12235
13753
9374
11034
12220
15720
14959
9349
16936
13956
14517
8817
9828
13206
13319
15189
10492
15081
11353
16396
13903
15354
13491
12036
15604
12427
11027
11955
13829
9077
18088
14950
16658
15235
12767
11171
17048
11577
17012
9168
15682
12874
15027
12743
11222
15984
9289
13306
11862
18175
12124
14664
13868
17294
14837
13208
11762
15138
15643
15232
15824
12652
17091
11195
12054
10841
11884
16345
16641
16720
15444
14076
15784
12276
12835
12428
11671
11058
16621
17998
13597
13145
17779
9535
17592
14165
15004
17693
10446
11625
16062
17878
15037
16555
17186
9178
17754
17055
10669
12930
8916
11199
11087
12881
15526
11355
12881
9844
9066
11555
12580
10776
11984
16203
12732
18169
11988
9021
10888
15177
12211
10564
12881
8819
9114
17260
9171
15631
17112
10451
10753
11411
15571
10793
12304
17476
9968
13533
16707
17773
11072
11996
14664
16616
12469
9455
9608
13986
11809
13885
13423
14446
14329
16727
9404
14864
15632
16196
18202
11091
17407
17097
11362
17167
12954
11541
11173
16353
8973
9311
12865
13618
15314
14897
12855
9429
12447
9277
12164
10912
16139
9497
15273
10010
12190
17075
16674
8897
11075
9744
18139
17461
12188
11879
9142
18052
15694
10140
14561
11833
10039
14522
16473
12832
15173
12493
8777
14656
12408
9637
17588
9212
12800
14111
17998
10853
14381
10592
13755
13104
10779
9687
10002
15003
10677
12755
9862
17892
11367
10700
13787
13961
18056
17792
12446
9018
15700
17949
10390
16350
17779
12842
13605
15190
9063
18085
16802
17773
17897
9691
17499
12820
11806
17215
10367
9034
18079
9272
12564
14891
12992
13585
10465
13306
17468
13506
15967
14716
12999
15272
17316
12539
14256
17019
16054
15909
14307
14595
9391
14380
12905
18140
12399
15538
12125
18134
10413
11248
16202
16367
12711
12483
10320
12144
10089
12213
15295
11140
16610
12703
10205
15991
12887
15648
13308
9753
9795
11031
17835
10995
16870
9162
9107
12670
18195
12235
17500
13663
14127
11715
10614
12615
14748
13160
8886
12677
9555
12815
14085
14842
12295
16057
9683
9665
12810
15098
9980
9515
16655
9466
9485
13335
8873
12806
13941
12651
16137
10430
10950
11925
16830
9133
16326
16690
13320
10634
17418
17654
18033
16159
10276
17131
11456
11381
10475
10260
14113
10041
13503
11728
14345
9733
13023
14928
10960
9696
9107
9480
9993
10158
13910
16521
12390
17428
9344
16294
16524
16361
9844
14451
12201
16620
17142
9008
8989
17597
13286
13884
15638
16436
14283
9784
12233
14119
10658
13887
13483
11219
14660
9023
14144
15955
14956
9405
16211
14160
12400
14700
9036
17684
9541
10476
16800
18225
12984
11389
10067
14262
15067
15407
15123
9328
13902
13511
12462
13813
12784
15962
12832
11791
14835
14407
15759
16570
16841
10641
17261
15637
9390
15529
15108
17948
12933
16084
11340
12428
14272
15871
8980
15440
16231
17726
11932
8965
10702
9498
14943
18179
9971
10550
17357
17774
10348
9815
13220
11684
10719
16209
12192
14716
18127
12893
18135
11603
12348
14681
15556
9106
10634
15159
15538
12296
17689
14815
9981
9504
11051
12695
17915
16455
9399
12420
12416
12494
17627
10617
10938
11616
12897
14768
11901
15968
11990
14818
11737
10688
16058
11965
11269
10836
14089
9839
12104
15434
16630
8917
12231
15186
14434
10990
17860
9683
18220
10990
18159
14666
12320
13187
9684
17845
11361
15167
17405
18047
17393
10356
14135
10313
12332
14100
16923
15828
15385
17120
17606
12455
12055
10150
17802
13778
15987
8899
9710
12669
12164
15294
13521
10436
10367
10834
15956
9537
13487
16109
9768
8950
10560
8976
13067
9070
12903
12262
16240
13663
13954
9446
9713
10463
13189
12585
14102
16066
14045
9180
17286
11718
16594
14318
17708
16322
11326
14901
14036
12896
11553
15122
16581
9385
16690
17715
12761
11692
9552
9312
17608
9512
9579
17943
12700
12073
16318
10283
15365
16805
13994
16619
16230
17878
12443
11484
13824
17498
9327
11923
12083
12773
11196
13559
16124
8950
15883
10349
12849
12472
10213
13003
9769
9715
12655
15071
16759
10176
15095
12519
14186
9701
14360
15024
10860
9182
15488
18016
12059
14174
9782
9388
13113
9831
14262
15162
13768
15431
12252
12297
15453
12568
11031
11320
16616
9825
16115
9680
8822
9564
11374
10207
15552
14183
15591
13550
14151
14484
13529
13856
18091
15053
18213
11819
12061
11647
10962
12999
17432
9849
14759
17844
11348
16279
13680
11282
11943
10652
14546
18171
16573
10710
11339
17088
18156
10267
9857
10977
12851
10657
12816
14350
12636
10155
12090
11719
11033
10386
10504
9572
10160
11689
10499
12065
14011
18017
15068
14902
11184
12317
13465
16332
12917
15864
15353
17056
11191
11448
12171
13382
16534
14747
11671
10379
10742
15032
9765
11094
11646
16762
12828
11231
15395
15441
11845
12147
11166
10445
17191
12835
12360
17667
9861
11059
12889
15453
16804
12591
13004
10807
9021
17841
16456
13085
14648
15115
12102
16764
11205
10799
16734
15524
12244
14581
9146
9490
13112
10823
14592
14081
15927
12824
17638
17342
9639
12550
8861
8797
11188
16413
16599
10731
11493
12074
17868
13951
11987
17142
11963
16572
15576
17798
17386
10957
9895
13774
14755
15765
10948
12459
11170
16907
14220
10837
16314
13828
10211
10592
9454
17253
13494
13496
8902
15289
8928
10059
16608
9329
14867
18095
11639
16026
13519
9519
14122
9906
12034
12336
13773
12270
10855
9677
10502
9106
17510
16843
9617
16765
13145
13413
17807
12134
10247
8873
17631
12704
13750
14538
18219
9304
16556
12121
12391
13055
16393
14142
18070
11084
11746
16009
9415
9119
17481
13793
17266
9185
14363
13543
17704
14596
15669
10849
14792
17104
11520
9399
17041
10696
11253
10873
13866
12890
13532
14451
8958
10387
9173
16932
9468
17044
11516
9504
11698
14033
15517
12754
10082
14761
14420
13095
16765
12692
9853
10817
12142
11880
17905
15769
10837
8826
17168
9521
12907
10182
12578
17705
10590
17677
8915
9104
15416
15228
14042
14941
15572
11909
10811
12249
17153
13069
12452
14546
13461
15895
12843
9600
12187
12112
11926
14009
10361
16795
15394
8996
13589
13208
16378
12447
9229
10864
13705
11034
18193
11642
8909
8877
17044
17515
11946
14511
11344
10911
9181
16707
12390
10371
14140
10556
11435
16102
18110
11122
15787
15580
17054
11639
12927
10570
16566
12300
15686
16867
18084
16264
10636
13862
15911
13285
12584
8833
13154
11323
9946
16848
10047
12467
17474
16172
11550
15342
14501
18100
13730
11816
16926
11104
14527
8822
17493
10338
16088
10115
15218
14347
11101
9265
11172
16293
9988
17970
15721
11843
15365
14910
13907
10748
14345
13345
13812
16015
16616
15041
10677
12217
12368
16771
16205
11587
12787
9437
16265
15114
11139
10344
11313
9929
13386
16188
14964
11998
9167
10372
14374
10925
16509
11386
12797
11435
16123
10235
16840
17367
13063
18087
11209
12063
9251
10511
13874
13973
12003
16519
15269
10278
15366
15594
13421
17874
9173
15198
16122
9133
13486
13189
12922
10838
11763
8884
11206
14334
11516
14355
13108
9449
14237
10722
12361
12472
15491
9826
14352
16507
12994
8975
16179
12819
16147
14983
17258
15679
18080
13990
10757
12213
10420
15816
10264
15536
11839
11078
15231
11239
8998
14923
10408
10313
18011
11791
10440
12512
16191
10302
18055
17662
12311
16030
12280
16693
9669
15363
10637
13899
11430
14108
11533
15941
16256
10878
16333
11598
14335
13359
11066
10257
9792
13686
12609
15960
10318
10579
11878
14957
9467
9018
9369
14267
11831
9193
17866
12500
12250
10404
9081
14076
9717
10626
14052
12722
14355
11897
11817
10894
15414
17183
12593
17254
11301
9451
12400
9973
9044
13945
16334
9616
13699
8990
9684
13738
12770
9613
10348
12620
8819
15397
11189
13415
10312
14968
15212
17374
15585
14803
11481
13716
13974
12281
17740
10674
12470
13023
8920
9385
9697
12890
12673
11162
11500
12161
16160
15612
11725
8968
12838
10856
8961
11080
13142
13099
9185
16803
13633
17135
12550
12263
11356
10646
10642
12056
11302
10819
11179
9104
17756
12387
15261
12273
11265
13728
10908
10558
12260
11883
10138
16091
15254
11211
12754
14656
9691
9560
11774
18156
18010
13345
9243
16906
9629
14689
13141
11615
13027
17032
10892
12997
11954
9183
15274
17864
9359
12165
12144
10832
16100
9551
12966
11198
12664
15888
11378
15322
9474
15709
17550
11867
17195
18010
9913
10959
10992
10097
9886
18171
13764
15428
11269
11449
14710
12214
17086
16343
11033
9099
14751
10674
11288
11181
11139
11270
12344
16737
9527
11207
14815
9526
11695
11155
13652
16065
8893
9247
15308
11843
13144
11695
9698
16178
8967
13529
10702
9870
17406
13325
9479
10836
9694
14274
13995
8812
16591
13772
12969
12307
11986
11631
11087
15128
16905
12826
13933
13974
14021
13137
13324
17100
8925
14849
12604
13195
11509
15753
9044
16372
17854
16534
17471
17099
17544
10186
15064
11003
15640
17319
15669
16451
10085
16359
10038
15888
16757
14470
11810
11710
12467
16759
10891
10045
16327
13032
8833
17251
14958
12548
13676
15997
17767
10836
13079
10484
14968
11002
18069
12525
8927
15369
13215
13669
8877
9254
11074
13047
14354
16728
10718
16351
12311
12952
12222
16819
15029
12746
14625
13966
15930
17411
12075
12218
12801
16336
13413
17364
15070
10880
9737
17164
10142
11750
9047
11284
9370
16917
15549
15995
16206
12735
10544
13667
9300
14570
15952
13945
14323
15751
10517
9119
17605
12509
15077
13708
9667
17862
13068
9718
12560
16216
11184
9754
14008
13639
18106
10719
14548
14029
13577
15088
14348
11481
10006
15538
11800
10862
14170
17129
11345
9295
10902
9886
9939
16665
11757
12546
8983
17139
15055
10640
14386
9962
16006
14686
17822
9876
14195
15144
17940
15591
9552
13077
15017
10444
15807
13087
15386
17220
11948
13354
18209
17339
12338
14514
16109
9465
11185
11942
9379
17468
10792
13466
18058
13292
13001
15546
17095
16652
14626
10088
9202
17724
14434
10793
10667
11961
10844
15649
17842
13267
9703
16862
9317
9226
13259
16883
9989
11288
15758
14421
11807
9948
16455
17707
10249
13540
14639
8936
10347
11559
12084
11820
12170
10531
17193
15258
11268
13016
17443
16547
14168
12663
17431
11546
10293
12268
10946
16594
15865
17663
11158
12186
9628
9158
9337
16707
15391
10900
15120
9957
10914
15827
15339
16360
16812
10623
13739
14950
14880
15559
9639
14927
15997
12720
9863
10857
12920
15377
17409
15618
17061
16856
11727
16881
10032
12105
11625
14974
11469
17875
11915
12719
11761
17595
12258
18146
15603
17276
16536
9412
10652
14279
12897
14346
11803
10450
16905
12957
12755
9869
8790
18133
10057
9686
12327
10725
8817
9884
15464
14024
9949
10247
10843
8959
13690
10557
13450
8822
9575
8859
10482
9319
13612
13304
9021
14648
9976
14132
10358
16929
9678
17303
10608
11016
16117
15075
17886
9255
17069
11266
15413
18122
15876
14351
17842
16797
15716
10478
12861
17036
16150
11492
11910
18106
10648
10047
11821
15259
16516
9826
11574
18035
10156
12241
9029
11029
12076
18192
9762
9719
9724
15956
10513
15154
16481
17271
12564
14080
16397
17527
12599
8953
9748
10245
15521
12383
9604
12943
14685
9899
17115
12423
13356
16557
9781
12850
17463
17620
10044
12382
13774
14209
15171
15562
17511
12032
13359
10609
15941
11688
12194
11442
14020
16031
11818
16333
18103
12201
17149
14843
17679
15338
11331
16446
16597
10385
9289
16182
12358
16975
10257
11906
9780
15858
17844
9035
8981
12396
16235
10695
13762
11729
16812
15305
13119
12141
12343
18151
13554
10703
11505
12094
9949
10717
15074
10398
15385
16872
17950
12189
13878
12316
9645
8925
10989
12642
10570
15740
10598
14956
18072
15815
18029
17830
15830
13850
12447
16307
12813
17472
15983
9620
16564
11674
12282
12617
15322
12668
10456
11865
8997
11464
8925
11410
12739
12185
10657
15065
12309
17822
14403
17534
10445
16843
9926
14849
16498
13141
12512
13641
12566
11685
13140
13711
18100
17753
12440
14265
11743
17936
9405
16507
14959
9470
14216
14892
15697
10641
14233
11172
14061
16390
14451
15299
10447
12045
15332
9088
11361
9643
9924
11619
9086
9243
10651
13353
13117
15991
13371
10015
13139
10646
13401
13133
11036
11415
11804
12598
17417
9797
14857
13302
12300
16108
12751
17725
13862
9424
13012
10338
9382
10906
8946
15645
18187
10189
11675
10984
16217
9274
16032
10292
17699
15570
12084
10096
13838
9581
11874
11146
13064
11695
17792
17585
17220
10487
11055
9772
9691
16682
16929
11331
11126
11082
8996
11055
10014
10009
10005
16021
11837
10404
10983
10775
16297
14209
8774
9196
10300
9069
16606
13668
15111
12466
16905
11602
10124
10893
11954
10007
11896
13579
14685
16627
13530
13622
16567
8780
13668
10835
14287
16067
15335
10546
9013
9448
15023
12475
11843
9018
17032
10934
13966
12777
15490
12976
9706
10043
11302
12629
9817
13339
11119
11505
16608
15435
12644
17941
11035
16386
13924
9095
12314
15773
18150
11999
13370
12632
9091
15286
17082
11451
11834
15991
16754
15034
9691
12874
17756
11418
16596
10029
8832
17333
14725
11793
9055
10857
14957
13184
13216
10001
14300
11563
9511
13068
17153
16590
10201
12122
14263
10366
11737
15231
14476
9822
17346
12058
13380
16448
18201
12163
10256
15453
9096
8895
17423
12647
11793
13205
17602
14658
17511
10667
11737
15937
14016
12805
11641
8819
14763
10053
16082
16268
14409
13190
10260
14434
13277
16339
12218
9477
12847
10015
9629
9051
10640
17170
13035
17435
17919
10506
12576
12354
15922
16207
18161
10444
12944
16221
15095
14455
16379
17730
14162
13467
17003
17332
10823
14496
16503
16301
16632
11881
15706
12445
16219
14869
13208
12909
13035
18240
16942
16096
13484
12297
12780
10447
13630
11842
15465
15046
12938
10099
17689
16364
13276
15695
9507
9858
8915
17590
17058
17684
17979
14069
16906
11673
17541
18114
9261
15276
9701
17074
15509
17481
10311
9653
12227
13276
9417
16531
9883
10697
12073
14516
17178
16155
9041
14519
11736
15200
18005
11686
16358
14634
15117
10339
11287
12092
15456
16640
10611
9748
12631
15374
10512
12238
14370
9927
14125
10258
13577
18020
11963
11894
11930
17198
13094
18215
17492
11523
12278
13341
10901
15590
11982
16511
13341
18104
17755
8958
11300
14487
18213
11343
11796
17370
15573
16153
17930
9911
15162
11985
16855
12278
15631
12963
17306
10146
15930
16226
12168
16937
15029
15510
13086
11094
14170
9432
10039
12783
10534
17740
12906
13954
13826
10052
15746
10207
14588
12672
13112
12073
13308
13810
10748
10731
17581
16167
15151
11771
16874
12935
13787
14745
13515
15798
10802
18100
16022
9428
9931
17674
15552
14017
16519
13654
18215
16871
11836
12804
16104
8856
10067
9642
15983
17797
17996
15413
9928
12774
17189
9311
14201
14383
11299
12880
8908
13740
17226
9471
17065
18049
13271
17901
14031
14972
9493
11812
16738
13260
10800
18037
13860
13325
10919
11698
13594
15997
14099
16590
12931
12143
10245
9498
15186
16249
12744
16395
10757
17962
14819
10534
9435
17875
17345
8853
12804
11687
8911
16759
9444
15835
11150
11602
13148
12110
11581
10151
17599
17921
14663
13630
13750
10926
14465
13592
11911
16567
16592
17808
9438
14659
13015
17587
15694
16812
17229
9673
16120
17698
10982
9663
15453
10337
11567
16644
13315
12237
17798
11724
11016
14901
17453
17640
9053
11822
15972
10305
12504
16465
17865
11559
9170
10474
11390
9163
12680
11764
13377
10264
16391
17744
16162
15328
11742
17040
17391
17898
11899
9751
15104
11903
13069
17463
10842
8879
11726
10354
10235
12387
16031
16194
13526
17130
12972
12698
12607
12417
14538
10575
9551
10574
12205
9029
12306
17272
16518
9417
11479
15669
14989
15123
15336
18230
12223
12757
13252
9462
14641
17310
9414
16496
15862
11398
17863
18174
12854
11928
11390
16788
15471
11454
14469
12592
13915
15963
17394
15424
13209
9246
11044
15042
14905
12354
12879
16265
10537
15935
12522
14328
16547
16353
9410
14926
10343
13771
12690
10095
9229
11748
15844
17284
12877
9016
9662
9094
13890
9585
11609
9398
14442
12977
8926
16727
16095
10271
11947
11257
14263
13123
12750
15861
11564
10137
16611
9429
10716
11710
16463
15071
13401
16657
9136
8858
16916
14513
11858
9298
17444
10637
12137
14813
12958
11965
17728
16271
15166
10493
14342
17226
11079
11965
17684
14957
10981
10531
8939
9873
10668
11379
13327
11059
8973
9077
15730
10087
15846
15155
10755
12720
11409
12792
17749
18076
16696
17018
11400
12013
18043
18048
14484
14509
9719
16140
12913
10726
16346
18214
16378
10180
15542
17156
12306
13527
17027
17301
11780
10050
9225
12785
10884
15544
14461
9971
16392
11418
12974
17023
10934
13879
16437
9703
13478
11714
9452
10912
14955
17172
14531
13068
14607
12102
8881
13039
11117
12549
17493
11974
15139
14930
15220
17093
11210
9641
10366
17862
15566
15060
13850
10909
15020
13519
13614
9494
14470
13790
9116
10246
15553
12402
11848
17389
11266
17801
16728
12127
9585
14939
9895
12497
12563
9541
10710
14145
10634
17392
15592
9439
9355
17701
13990
12223
17858
14190
9827
9311
9129
9628
16290
17952
17791
16585
13549
13329
12436
15405
17018
11470
18198
9672
13874
17431
11080
16357
13826
9966
12275
10965
18210
12857
16244
16281
11077
12793
11343
16085
12598
9877
9566
10469
11968
10912
11524
13702
11141
10244
14197
16244
10464
11142
9740
12126
17087
16524
14548
9127
12990
14690
12662
11775
10680
11745
17332
13234
16640
17810
14286
14617
11263
17195
10641
10353
17800
10147
9685
16541
14026
15747
9781
10212
12436
15485
10143
9720
14426
13516
16363
12016
12898
16913
18014
14999
9167
11000
11597
16919
11378
10666
14649
10929
12569
12693
12611
9669
15254
12933
10154
8835
12545
11541
10436
10991
15675
10600
11435
10787
12915
15489
12498
17664
13034
9103
11715
14709
10540
16898
9639
9109
15088
18147
10315
14523
16053
11779
17426
14888
16844
12173
14871
16794
12287
10414
11056
9212
18188
17050
12384
12982
9756
14596
13075
11093
9157
12907
11658
16131
18149
12053
13860
12724
12784
14835
9434
13813
10790
17153
17968
13968
14959
9880
17071
11817
16485
9823
10674
16058
17769
12485
12704
14861
8781
14662
8999
16603
12714
9408
8902
16976
12876
9674
12978
11268
10931
17476
12158
18118
12336
12566
18046
11998
9652
9943
9429
13014
8890
11124
13646
12951
9173
13017
12455
9781
12233
13211
10266
8871
10252
16093
15105
9913
10174
13117
9505
13757
12329
14878
11311
14586
16889
17652
12764
8789
11215
15367
17106
13764
10754
16170
10671
10374
15043
12732
17058
11235
11355
9697
12368
10376
12697
10075
11733
14098
14323
12313
9138
11252
10159
17387
12515
13664
16264
17077
11602
10716
10142
13059
17558
17790
17585
13366
12311
12788
9287
12929
12815
9522
14556
17654
15903
9437
16439
10255
11323
16825
9059
9444
11362
14651
12858
11127
12462
17311
11235
10716
13883
12530
13439
11670
13793
12616
8894
14619
16438
12984
11236
8793
15367
9475
9300
16621
9603
10264
14263
9409
13092
9911
10766
13030
11718
10706
11171
11109
12869
10037
10234
11242
16427
10740
10690
10433
9908
9503
11895
11910
11275
13939
9947
17599
13296
9409
13565
13753
9706
10310
9106
12224
17332
12486
10231
11064
16349
17840
13712
12154
13592
14884
14563
13586
10871
9878
12767
10220
15663
10086
13671
10139
14551
16695
14943
10916
16575
14243
11504
16558
12404
17052
12437
14821
13584
11722
10170
12219
15625
12352
10670
13140
17451
11955
12854
9741
17312
12346
15860
9291
14108
17387
13540
16263
10423
10580
18232
12530
16259
14464
17223
16220
9563
17716
17266
12238
12739
10241
13135
9930
16346
15283
13276
10608
9817
13629
11514
13926
12304
14136
16822
17308
10325
14316
18106
16228
15295
11784
9765
13076
12889
11647
11343
9956
9860
10256
12163
10178
13551
16420
9906
10721
18004
14701
13040
15940
10098
18071
11625
13624
17245
15308
16535
11896
17859
12854
17730
17047
10671
10347
15015
16261
15023
15064
17287
8883
9222
10493
14780
14315
16715
14949
8901
13341
9942
12305
10111
12584
17233
15787
15330
13602
8907
17109
13490
15236
8786
12260
8868
17284
14387
9204
17123
17526
8861
10867
12439
17550
18093
11670
15281
9782
10408
14220
8873
16340
14668
16609
11283
9339
11823
13247
12051
11351
9053
9018
12875
9375
12392
10714
17460
17341
12290
12291
13579
10669
13022
14638
9100
12698
10874
16571
14092
17812
10738
13823
13595
10676
17981
10067
13787
9367
12480
10561
14338
10160
13457
14867
10718
16565
17034
17982
10226
9279
14655
17013
16849
10913
16093
14815
14806
12354
13172
15616
13677
16224
9932
17238
17476
14403
10690
11086
10316
14692
17956
13910
17057
9690
11099
15991
17735
16252
12408
9645
8778
16928
17503
13054
10031
14318
14638
16702
11869
12926
14653
10741
15759
9955
13987
11328
12589
9498
14378
11255
17577
17533
9488
17821
15011
11735
14382
13339
12936
11968
12703
13052
17470
14104
9200
10960
18188
12905
12393
14940
10354
17308
18221
9282
9201
11154
17928
12248
11165
10699
10473
15195
13363
14244
10562
12966
12117
18157
9224
14338
11733
10220
15657
9518
14697
11821
15205
9855
12084
13906
17541
11012
13463
14146
11097
17246
12055
11312
14797
9308
9471
17411
15428
10586
14114
17185
15649
16223
12433
8832
15338
15372
16587
9564
14580
17447
10515
12663
9182
13558
10420
14766
10850
11288
14291
14856
16874
15049
18200
8851
16972
14180
12618
11813
9097
12120
12015
13248
16817
14975
16116
8902
11331
8999
11663
15405
9169
11770
17582
16186
12053
15060
16349
13393
11027
15584
16501
10563
9443
14915
11781
13559
11496
17090
11565
11891
9100
9487
15397
14788
16059
11305
9923
11747
17748
12629
13879
14359
11182
12115
12647
17054
10884
17965
9168
15366
13557
10797
11349
8815
17264
9687
11728
14443
10600
17223
11059
15012
9636
16203
13146
16910
8970
13468
16782
9833
16568
17474
13272
14128
12654
14848
11177
14939
10285
11358
11232
12557
15278
16167
16348
11854
14142
9745
9566
13607
10620
11259
15171
10561
10372
9669
15436
15765
13242
9974
11623
15990
9034
14147
12016
10231
18040
16380
8896
14811
16413
9560
17839
10955
17685
8798
13837
12624
10080
15522
12741
15987
11483
16338
9822
17775
9196
18017
10673
11970
9039
15523
10177
9707
13970
8818
12718
15460
15427
17652
14505
11127
16722
9074
15202
12929
12328
14087
11854
13835
14295
12313
9380
14917
12769
17881
8802
16951
9014
16282
14417
10933
12948
15499
15437
14514
9216
11105
15336
9183
13702
8980
9912
14226
12463
12761
14686
12789
14413
14111
10109
8785
16884
14787
10499
15906
9152
16414
8890
16302
11602
15239
12439
10437
9584
12636
9976
13923
12419
15248
13495
13248
11192
11770
17312
12318
15660
12768
12692
13279
16661
15838
8939
10983
10267
11662
12011
9149
12180
10934
14605
10708
12030
12460
11475
12319
15431
12616
10948
11361
14607
9764
13294
13520
11990
17298
9912
17812
16533
12494
17189
15894
17388
11725
11164
11939
11820
13942
9419
13626
9440
15740
17879
14183
10876
17977
17243
8968
15521
9395
12590
10793
13182
9107
15596
17091
9972
15297
14683
10458
9238
13905
8846
14384
9967
13237
10704
10647
13296
13914
10441
9667
13745
10253
17036
12934
15973
11914
12207
13037
16898
12159
11999
15550
17588
15654
16561
13080
13270
15815
14373
14864
17979
14445
11875
17307
9638
9584
13847
16826
13270
9850
15208
11124
17120
16495
16674
17849
14476
12025
17150
13301
11709
13238
11488
16773
16800
13212
15618
9131
9632
13157
11473
9208
10125
10958
13465
9392
17232
17195
16644
17095
9573
16620
13642
9589
11046
11283
16336
9181
14094
9331
12689
13027
13503
15108
16835
12233
17723
16890
13415
12494
17025
9475
10921
16296
12990
13250
15591
10387
11111
12952
12252
9998
18215
13435
9861
14332
14874
17254
10449
9775
10154
16580
11405
9958
10983
9973
15581
12706
11140
16430
11007
10574
9276
9669
13684
11522
10089
11840
13598
12749
14251
15097
11975
13997
15879
10400
9208
16792
12953
11569
9614
11631
9398
14504
9223
10319
13587
13714
16074
17375
17710
13880
16856
14753
13771
10621
17820
15767
15106
11937
12842
12538
11936
12846
11268
17089
13212
11851
14499
16815
13097
10167
18234
9658
12266
10124
9935
11321
15599
10254
10704
17953
9966
10394
12483
17887
17084
9773
12649
13176
17927
12403
17462
18047
13567
11160
12246
15842
13216
9589
17937
9848
12188
12241
11702
15924
9271
15253
16781
12811
12637
9323
17650
11163
15403
14877
10619
11261
12653
12348
15221
18112
11268
17510
15103
15598
15526
11108
9464
12882
9463
13093
14860
14858
13578
10025
16856
11417
13685
10452
12125
14118
11060
16478
13167
13480
15114
13186
11495
13060
15412
9069
12606
12670
12099
8862
15079
13273
12463
9265
15483
13751
14124
14526
11168
16987
8873
12466
11894
9878
14549
9278
14519
8910
15419
14564
12155
15187
17000
10100
14659
17150
12923
16155
9787
14437
17508
12814
16472
9644
11353
16315
16448
9607
10518
9268
14107
13933
9544
17787
10914
12936
10103
9766
13040
11612
13301
10822
10399
12627
10763
10381
10941
11008
12038
17523
14905
13765
11561
13964
10506
9823
17778
12365
12480
8837
14440
10648
13919
14925
11425
8787
9777
12027
13289
8969
16156
9257
14259
13696
12859
17558
13527
8992
17936
15560
13532
17145
10555
15183
14815
9687
16183
14779
9966
10346
16290
9028
11382
10901
12625
14596
10345
14732
12061
14545
13978
10872
12923
11783
13381
13020
11306
16491
9271
14845
12406
9017
17782
11325
16086
16044
14334
10325
17135
9321
9718
12350
12382
12757
13863
9335
10363
14294
16777
9842
9670
16127
13338
11268
15575
11811
12917
9170
9901
11062
17922
9437
11146
10553
9948
17704
15458
13672
12505
17095
13076
11632
9706
15797
15536
10080
10725
12417
9219
10504
15889
11540
8800
17454
16295
8997
17465
13491
10415
17553
12654
14228
13895
11022
10838
9490
10180
14820
17825
9487
11947
9685
14996
17129
12542
12751
17394
10398
12971
13776
17257
9152
12433
15228
9195
17321
15633
13430
14798
17250
9329
11310
10664
8956
10364
10204
17363
15316
10368
15848
10864
10607
9706
11463
10520
15911
12402
12895
10521
13883
17330
14334
12189
10662
17021
10966
9929
16285
12831
11521
12030
11039
11042
15209
13755
14041
17480
12842
16578
10391
10012
18025
9205
9778
16132
11647
17948
17316
8859
10859
11980
14136
10344
16595
10145
16274
16608
10474
13510
13995
10520
12254
11802
17403
9523
11408
11650
13936
15098
16856
11920
12316
12140
10025
16647
13550
9764
16869
10275
12547
12770
13178
9199
11873
11038
13013
8982
15628
16307
14864
14688
13892
9838
18165
11374
17157
17723
17168
11333
12570
9504
14990
11424
16159
15688
11838
9284
18202
9488
12784
9914
10820
9818
15711
15057
14439
17583
18037
14484
14270
17277
16082
12580
13660
9568
12844
12809
14620
17173
11086
17825
17883
10650
10040
15531
10806
14328
12588
10731
12563
11459
13794
12011
14181
13750
12886
15934
16824
10487
12868
11729
13522
17964
15504
14023
11749
10995
16625
10534
16025
14853
10224
11837
15891
8880
15679
13487
12240
13239
10374
8981
16651
11717
11001
13470
15704
10201
11053
16871
14165
10327
12696
12982
10923
10356
17391
9980
9564
15933
10156
12643
9111
10507
16601
10967
11914
10471
9760
14271
14711
9090
9548
12078
14594
10939
12762
17805
15429
12647
9147
9183
11135
17940
11901
12987
13007
17220
10039
13084
17365
12719
16171
9425
12094
13183
16059
11150
10383
10174
10803
15716
11208
15501
8800
8802
13484
10102
15266
9184
9186
10512
15246
14307
18071
11671
9783
11929
13538
10850
12928
13723
11480
15204
9665
15912
8879
16282
9033
17180
17361
13151
10741
12085
13111
10415
9985
11799
11004
14154
12351
9413
8863
18203
11756
11559
17772
17944
15709
11759
9667
9099
13655
11582
18136
15212
8801
15870
10821
17365
10265
9033
14456
16170
16465
17384
12976
16318
10260
10044
12878
11274
15800
10976
16870
9497
16568
9976
11197
17678
13500
11979
9093
10792
15836
11008
13788
11408
11286
16074
13635
9276
10391
13803
12767
13340
12987
17038
13549
10897
10395
13916
9647
13233
16946
18078
13427
11983
17466
8921
13617
16834
13101
12112
11877
9690
15975
13889
13186
12954
11680
9024
11315
14018
16364
18184
13893
11331
11747
14972
9084
11239
14520
14004
12633
13053
11783
17334
14448
17839
12054
13792
14999
10690
14916
18207
14669
9563
8978
11708
11632
17649
12654
12122
10050
9966
16427
11542
11523
16507
12668
18221
11646
9237
15486
12946
12394
13291
9776
17430
14652
17192
17721
15510
10064
15694
13518
10393
15487
10488
10415
18148
9737
15531
10666
16138
16863
9489
9203
12878
12688
10358
9999
14100
14130
12552
13666
12592
12254
11168
11120
14007
11048
10397
17360
15159
17602
10361
9814
12637
15198
14272
15400
10965
9834
9691
12259
12732
10165
10843
10632
15968
17191
14165
12575
14797
10382
10072
8924
17982
10848
11946
10501
13924
16256
10310
16481
8888
16525
14587
11927
9434
10264
11151
17458
9901
12361
13881
16016
9396
11026
12785
11436
8853
9809
14202
10141
9603
12622
10021
16956
10652
10750
17999
17835
12297
13609
16522
10254
16614
10431
8892
16394
10366
16734
11412
13817
16212
10300
10723
9503
11498
9142
16605
10485
16816
13965
16747
17641
16263
9503
10723
14493
14645
10206
11575
12788
16335
15691
16485
9844
12014
11082
14016
11896
17018
11858
15949
11566
16741
16702
10814
16802
10488
13472
15426
10559
9821
11796
9159
8834
16669
13106
17248
18189
12608
13746
17435
11190
15331
14699
14531
16934
15207
16148
15337
15435
17154
10792
18035
12121
10833
12907
14872
16639
12417
15052
12918
14054
15905
9140
17585
9733
9136
13070
16734
13811
8809
9452
10915
18044
14094
8868
17926
13363
16512
18116
16736
16286
11267
12223
16893
17386
10390
8954
11561
13508
10877
12270
10383
9893
8837
17866
10920
16900
12751
9102
9447
14853
14339
9790
17809
11248
15780
15409
15047
14747
17158
11099
8840
13939
10623
11301
16910
15824
12601
10943
13877
13963
9024
15311
16986
16902
10198
9720
12110
10121
13948
12361
12148
13371
12358
12565
10883
9690
16225
10670
12979
10764
12647
11673
17292
9826
10960
14715
8790
11325
18141
11827
12064
12175
14153
9141
12140
12836
16989
9915
8777
9737
17582
16529
8822
12205
16164
10008
14771
11635
14505
9012
9946
8900
15309
12805
17003
16899
16201
17902
18113
10996
11636
13476
10509
16267
15262
14920
13166
8895
14503
14804
12469
18109
12699
9531
15596
17527
11085
10753
8901
14229
10829
12896
13904
9036
14551
13365
10960
8953
9427
11938
14148
12615
12652
8915
11522
9560
11569
12893
12008
17055
9179
13047
16498
11745
13465
10229
9882
17179
9823
13695
10708
11364
15447
9792
15265
11556
11339
13412
13946
17128
9840
16224
11481
12680
13728
12346
14183
13114
12726
11461
16512
9666
18017
14694
12223
8878
12223
13330
15562
14220
16717
13123
11562
11816
17417
9830
14080
18162
9477
15249
16296
11158
11753
11385
13750
12018
9949
18017
11539
9219
17229
12131
15957
16365
17163
8866
15771
9458
13075
8930
11531
15939
10398
12977
18128
12418
14443
15763
10479
16794
10883
13146
15487
10694
10804
11924
8929
13066
11031
15342
17171
11480
14445
11095
14034
13603
13462
12642
14552
11808
18151
12040
16994
11443
14016
12547
15804
11768
10974
15682
12698
10207
9863
11540
15615
10058
17718
15604
14700
13254
12070
12520
13047
8955
16504
16442
13723
17093
14496
9377
9836
12273
15720
10943
14579
11923
16226
8883
10247
12512
8980
9750
9741
10008
14821
15005
15724
16467
12375
12328
13525
9490
13938
16094
9624
10425
10526
12418
9161
8774
11677
15264
9991
9099
10354
16217
18225
11865
10921
18036
13211
16858
12517
10554
12511
9789
10605
10541
17345
15263
10485
11678
18007
16185
11450
10261
9906
16559
17987
9525
18233
10326
9647
12396
12513
9034
15986
11232
10208
14576
11225
9929
12004
13165
10921
9714
16379
10506
9314
12357
17236
16798
14404
10041
12555
9516
14096
11977
15886
14379
14777
18111
11021
9604
11485
14542
12423
12302
10714
16124
16422
13535
12915
13680
14036
9957
15970
11482
10717
15254
15417
17584
9524
11446
11208
17479
17350
18187
18093
12495
13265
16573
14469
12305
9760
10381
17844
14311
10285
17058
14134
10730
10365
14396
12696
17286
8981
12349
14584
12558
8816
14715
11159
18039
9471
10805
18073
12616
15512
15416
16619
17426
9397
9748
10870
16108
15794
14536
14127
8789
12513
12519
15519
9715
17981
14730
16211
12975
9564
11428
12016
11561
10406
10430
16848
15497
10321
12934
17748
9757
9098
18144
12731
9927
14862
11724
9779
15788
9452
15506
16394
13598
15399
10558
11111
13470
12165
15599
11720
15668
14962
11228
16336
15241
17151
16393
12673
14146
10767
12452
14053
17350
16408
10591
12490
11751
13067
17394
11135
11641
13547
15824
9428
13332
10776
11135
10349
18156
17008
12108
10914
10868
17950
13105
13204
11786
16171
11778
8811
9400
17152
15257
14774
14876
12621
9166
17779
10304
10248
9579
12292
18037
12741
13049
16799
15489
10888
15390
16655
15826
16890
10408
12195
12339
10548
15016
12286
12030
17496
16152
11672
16545
16177
14409
16072
15028
16296
12206
11440
17251
12855
16775
14047
9322
12446
9801
12966
17121
14965
16106
12954
9017
15406
16218
17055
16460
10769
17026
17500
12682
12176
12951
12893
13111
13163
9797
11146
13214
15611
12893
11137
12588
16673
11400
10384
11727
9543
11974
17561
17512
10002
15286
14082
14811
14332
14827
16813
16288
13589
14564
13478
9423
9198
14411
10968
13731
17067
13334
16558
8899
16090
15258
17949
8852
8976
12333
14379
11529
9433
16837
12873
17332
15180
12492
9785
12076
10062
11593
12309
12377
12777
10280
8888
15737
17597
11196
14849
12153
16811
12755
11780
8830
18031
12454
11849
17854
11386
8832
15227
10277
15397
17731
9159
11330
10566
9428
9704
14275
16848
9942
12167
13677
18231
14290
12871
12286
8839
12849
16542
17679
11524
10062
10951
10402
9903
11281
13761
14595
17788
10361
8851
11219
11721
18144
9508
15881
11429
13440
17047
10458
12757
14660
8787
10214
16830
15507
13358
10113
15268
13812
9923
14706
13110
15596
14471
15158
11328
17872
17217
11128
15296
18242
12887
14772
9158
12311
18109
10713
13037
13528
9215
13772
14038
9246
17040
12129
14394
16737
13969
11401
16625
15155
15460
12562
12067
11592
9068
12086
12114
16552
13551
10891
17485
10084
16771
14959
10262
15809
14865
16440
14687
12989
13344
14572
10399
10195
17276
15435
15177
16211
17015
17879
13180
12210
15894
10459
12235
15458
14229
12364
16109
12860
9594
17832
12835
11143
17798
12027
11542
11078
12457
12916
11463
8777
9536
15010
12781
10466
15118
15468
16319
11386
16983
10432
9476
16919
9774
11605
10664
16373
10264
13939
9831
16859
16689
17500
9295
14453
16034
14388
16566
11206
14104
9019
16832
15284
12049
9388
12658
8925
9720
13552
12934
11687
17036
10050
10485
10913
12515
12876
11144
11433
14907
10427
17776
11200
10917
12292
13329
13068
12573
10378
16835
16959
11712
9690
18029
12649
15910
11238
15269
15420
13906
10728
10830
12500
13196
10670
13964
8870
12891
9211
13243
9258
11324
11916
10045
11536
15702
15268
14335
9156
9745
11776
13421
14891
12952
12816
13581
13807
16906
14592
16492
17895
11469
11365
13626
10260
10991
9841
16775
16391
12121
14813
18023
15274
9353
12539
15813
10077
12708
11357
17622
9974
13024
9560
12794
10665
18193
8797
16467
17209
14747
12039
16945
17297
10897
9135
10512
16185
17850
12860
15960
12390
10501
12200
9538
15070
10341
11935
16746
9185
11547
9960
10321
17367
13249
10143
9122
17633
11627
10190
13013
11224
17520
17716
13120
12198
8905
15401
13613
11924
10142
14535
18037
17650
14055
15471
12672
13541
9267
11195
9716
13596
11665
10197
11763
15066
15623
16155
11629
11547
17555
13815
15407
14435
10864
10956
14325
17508
12173
11758
13291
11297
17259
13355
17567
11794
13467
16220
18017
9621
9285
10562
9253
11407
11157
10030
15714
15208
10957
16248
16037
17540
9038
11284
15332
17106
10380
17844
15319
11553
14067
9883
10146
13375
15543
17284
11026
9038
11974
16310
12649
10545
8896
12378
9471
16173
15385
15464
13948
18112
15090
15228
11956
13952
10783
14961
14714
14441
17943
17241
9567
16237
9319
8963
17836
14380
9782
11751
12583
9090
11367
16831
12890
11070
14074
17096
12735
13986
10315
10545
17205
9516
18162
10293
18178
15493
17653
10699
12951
11832
18201
11849
18022
16726
12646
13918
11485
13247
13693
13601
9383
9555
11271
13215
13508
17232
11005
13952
8906
16783
12809
13184
9298
13053
11475
12031
13060
14059
16183
9384
17040
13605
12686
15327
9140
12782
12503
10872
16466
10109
10540
10831
16487
10979
14150
10182
10175
16827
10957
16175
15627
14460
14993
12350
16159
18016
13066
16270
12566
8950
15875
11738
13020
15788
16056
12133
9127
9065
10701
15172
11756
9666
15463
16098
11708
10570
15125
10007
17214
18029
15070
9973
10476
8840
10377
14898
16389
18115
17798
15544
13274
15081
18046
14227
14922
17392
11376
17832
9730
10893
9113
10861
15318
17615
12508
14094
9446
11315
9698
8800
11759
18097
12838
10670
10775
16626
15571
16425
13745
8778
9720
17398
14566
17911
15751
12042
15752
9388
9763
15937
13063
10322
14243
14021
16400
9159
12331
14530
14198
15651
10688
17566
17539
9120
11815
10193
11942
17901
11060
16646
8855
15162
9323
13041
10578
9425
15044
16675
17024
8951
10848
17904
9834
16461
12599
14844
9961
12516
9125
12923
13941
12970
14512
12976
17919
13661
12983
16964
15639
15249
9487
17461
11338
10259
10011
12728
18222
11956
14432
10011
13399
15381
15277
16622
11174
12809
9221
12421
9126
13014
15103
11708
10779
14630
15751
18220
16266
9441
15722
12802
12237
9168
15204
15006
17903
10749
12581
14950
13759
9357
16511
15093
12802
13533
9841
13031
17186
9476
11646
16582
11755
15061
9643
17462
15328
11173
14923
8997
13722
9113
9585
12447
16595
10875
14759
15372
15406
16645
11601
10568
15244
15836
11165
16944
15859
17825
13483
12962
9157
13146
9664
16220
9296
9974
16934
10383
15839
14568
10366
9246
16593
10744
15929
9161
17632
13279
12181
16225
13906
15400
15985
10897
14305
15962
10011
10646
11808
12510
14841
13831
11859
18134
15973
14399
8990
12395
8953
10878
16850
12171
8786
11271
12163
16262
12671
10132
16939
14368
9484
11781
13112
13348
16135
10328
13713
15759
15019
12006
11055
16939
16034
10510
18028
14404
11863
17468
16565
11817
17221
13978
9247
13874
10976
13697
11775
9480
18160
11825
15337
11566
8890
14721
10354
15998
11278
14225
15263
12047
9078
11874
17844
15378
15866
13101
16865
14049
13131
14398
11574
17509
9131
10895
16358
13966
9738
17516
14068
17018
15814
17289
9750
11071
11992
12287
12541
11083
14876
17955
17624
8854
11389
17800
11776
12905
15721
15880
12361
15945
11992
10448
10923
13617
17858
9556
13929
16393
13559
16612
17364
17028
11006
10857
9232
16410
17865
10601
10565
10546
12108
9650
11151
9977
8942
10334
9387
10367
9593
10424
8978
11428
11153
14716
14090
13516
16087
10914
13732
12135
13060
10392
13587
18013
12104
17186
11242
16989
17638
16704
15586
10743
11698
13182
17407
15781
14956
9530
10279
15446
10951
14864
11556
13172
13113
16406
10869
10050
11750
12446
12591
15117
10228
14844
12704
12978
12142
11129
11681
11215
10301
11488
11256
12226
11966
8808
17875
13344
10950
13729
14809
13984
11778
11584
15829
11370
17650
16094
10465
15066
17960
12352
11277
10012
12222
9693
15101
12388
16643
12580
17460
11880
12893
13897
13030
13029
13599
15709
17367
15122
