50730
45603
45145
52418
46593
45166
50427
45469
47636
48760
52124
52506
42960
46243
44458
45350
43058
49656
49701
49504
43805
48396
48597
47501
46400
48199
44486
44929
49173
50979
45445
44790
44059
44997
45172
53361
51753
44278
52673
49479
50749
45562
53062
48600
52266
52852
49343
47126
47348
44148
48648
48516
49093
47367
47905
52382
43963
45234
48050
43204
53105
45104
44325
52623
46068
46048
44741
51392
50870
48743
50909
50117
52107
46222
50936
47498
48437
42738
53331
44133
43199
51806
45857
43453
42809
43244
45574
47453
48621
49638
53015
47646
43714
44814
51886
46232
49233
42767
48367
42818
43288
45813
48391
52808
45975
49470
51487
44661
51947
46852
43469
51638
43773
49996
45811
48701
48553
50380
51864
43417
44443
46161
46199
52609
44613
44142
47692
52122
46230
50275
47788
48589
50254
45833
43926
45072
49870
52170
43403
52313
43548
51715
52850
48479
43528
46879
45371
44520
42869
45806
50523
45142
48612
44763
48811
51726
46039
52814
46040
47182
49612
45742
50226
44860
52778
43420
48988
47591
52579
52903
44563
51152
42911
49402
46624
46969
47048
43476
52123
49024
44495
50661
47222
44072
52348
45737
50477
43358
46298
43425
45889
50845
50878
50823
45003
47195
47132
51653
45156
49669
53035
47758
49334
44103
46221
53096
50536
51450
49255
43945
48414
47521
47943
49094
50486
49250
46864
52171
44372
49286
49456
52869
43299
50551
43842
43147
51532
45545
46429
42931
49104
44660
48421
48948
49633
51190
49076
46734
52567
47897
42750
50533
42947
43578
46276
53240
53008
47108
47230
44976
43523
45779
49590
51149
49484
49283
53213
52237
49026
50025
48104
49788
46765
46405
53426
46503
49865
47867
50512
50209
51036
43991
46855
51487
46647
49072
53345
50182
51442
47762
44273
51666
46247
53345
46453
48352
50326
46636
52668
50972
45288
46946
44008
48579
42952
44239
50721
51163
43666
45898
50114
53175
46579
52939
45677
48613
43502
53693
44183
51507
53269
44634
46913
45132
45924
43731
44721
44650
53110
47170
51635
47428
46655
46542
45541
52910
53497
53514
49772
51777
44954
48786
43835
47075
42762
47548
48941
52991
50473
46982
43790
43139
51028
49226
49267
45887
53402
45934
50762
43321
49178
45806
50362
47935
45966
44378
49842
51199
53142
49373
52550
48997
48861
49515
52929
52016
49696
43874
43422
46001
45219
44838
42871
44105
53304
44220
52937
44017
52378
49250
45898
46103
51529
47994
51198
48627
51768
52733
52004
48183
50467
48098
49424
49264
51387
48421
52240
45630
50834
48592
53443
44492
53244
53294
48823
49961
46332
50327
44455
50967
49976
53730
46895
53578
47706
44401
42846
45147
45445
45912
52574
44844
43692
44263
46972
49995
43946
44199
45950
51118
43111
51559
46911
45091
49338
50256
43584
45200
53508
43950
46740
46058
43640
50096
47539
50350
46084
45340
43391
49533
46518
49318
48916
49155
51082
52448
50380
43754
52098
44955
42779
49866
49383
48091
46497
44076
46361
47459
47078
47931
44457
47669
53294
43615
53149
44328
44931
45553
42813
43889
44061
48822
43526
50399
43345
47628
52438
51109
48725
51259
48273
52867
48609
46698
46208
49529
49178
47155
46698
53370
51181
45551
45897
49225
51209
43936
53500
51897
43380
43024
44843
46270
50554
51821
44362
46580
53420
43492
45638
50090
52620
44249
51391
45763
44585
52834
50334
48535
46400
48165
47710
45831
43603
43761
45847
45761
51198
46811
50998
47028
48590
48258
53416
47336
48229
51014
49717
51597
46237
51517
47530
44077
50677
43280
47828
49134
44525
44997
47130
48135
45484
49696
47807
49156
49758
47403
51000
50875
44226
47915
50362
45482
51173
49667
52548
53083
43224
47747
47526
45704
47922
44179
53071
49174
51747
52221
44568
46222
51791
42854
44087
51937
48473
48916
49581
42895
47142
43868
51059
48105
53379
45368
46933
47874
46477
44620
42908
45229
45248
48343
51742
52800
46702
45703
48612
48347
49404
52524
52164
43797
45709
51441
52296
49564
51111
48279
42855
52253
52745
44910
49424
46301
49047
50219
53192
44102
47998
42873
43789
47928
46604
42933
43966
49066
51921
47527
49853
49960
52041
51684
48885
45973
47345
53637
53189
49808
51219
50249
50266
46720
49382
45127
45778
46055
53142
43374
50162
46901
51060
49505
46555
51105
47557
46895
52099
45271
47126
50764
52486
44225
51319
53369
48198
45927
45253
46990
46580
50716
49322
45383
51375
52249
46947
44010
51590
52468
47079
51403
52206
46452
43214
46145
48536
44297
50420
42767
51083
48526
46263
53077
45730
48942
53101
45554
53082
42792
47827
53569
52371
45337
47623
44760
52234
48000
49186
43460
48677
46242
44652
48351
44231
52290
45305
44373
48303
50526
47340
48989
45601
50223
46057
46579
44674
47079
51417
53564
45315
53589
48722
49313
50538
47866
43421
46978
52933
46757
44723
44287
43880
47289
44627
46810
51848
44214
51411
46804
51465
45936
49277
49589
53502
46746
50194
52795
44151
52304
51315
51095
44543
51506
42819
47404
44424
47697
45470
47486
52737
46201
49676
49152
45204
45378
48639
51486
51428
45492
51823
43932
52613
44892
44338
50760
50525
48929
45105
42996
49489
47374
43689
44188
51988
52785
52627
44277
45001
43833
42997
51404
46031
51507
46485
44095
52008
49049
44899
52339
49682
52797
48039
45160
48779
53650
47461
49126
49640
50730
43640
45636
43258
53129
52812
45545
44590
44619
49375
45183
47437
46874
45026
53542
52001
45948
52539
51874
52098
45803
52950
47249
43462
46650
49224
45167
42799
47343
49100
43183
46951
45782
49756
52164
50539
47090
45561
44396
47936
52134
53345
48270
48561
46095
44766
49889
48810
45310
48409
52701
45928
46022
52462
48718
46240
43670
53455
50814
49029
47719
47611
52404
46162
45917
51920
50585
50467
52770
49762
46234
47998
46901
49649
48522
43635
45942
50086
50537
46872
50634
48854
44590
53033
46840
46061
50167
50980
44452
50473
52930
45930
48435
48927
50322
52477
49251
45689
49265
52430
45372
43956
45940
43309
51619
45972
44550
46741
43760
51768
47794
46486
45803
50022
49236
48543
44680
44578
53138
46223
49649
48030
53123
48327
51000
49494
52443
52545
47636
47576
49268
51031
50606
51923
49524
48570
51750
50166
53158
45921
46819
47268
43781
51689
45975
43876
45148
47079
44240
49475
43127
45701
43630
49314
49370
45586
46905
49157
48576
42876
52843
45057
50329
48674
49189
48005
43296
47271
46690
50941
49823
46110
47511
53344
52156
52311
47257
44277
53658
49234
50502
43611
46777
43282
50391
51583
45461
52977
45100
48324
47292
43132
44706
49618
45152
45191
43818
48486
51294
44639
47089
47230
50370
48985
44719
44513
49966
51694
53368
46975
48763
51753
50964
48773
47935
51386
45617
51786
44299
48186
45778
51203
48665
43283
48488
44503
48811
46674
47627
47552
49273
51499
47639
48680
51630
44223
46835
44332
45190
51725
49335
48828
47497
44305
50178
50883
43227
51372
53120
47841
49439
43890
45057
44856
50313
48198
51402
47475
44559
45056
44965
50543
51508
53179
47274
46101
46552
53336
51394
48196
50765
52623
43833
45224
50005
43111
51374
48624
44467
52876
45766
47092
51009
51878
46868
47384
46229
53547
49612
43745
53092
44682
50631
45707
50539
50741
52660
48673
46703
52762
50031
45332
49736
43866
51774
50526
46843
45186
43663
43799
48670
51811
47027
45499
51533
43397
44027
51033
50409
50949
49330
44212
44768
46445
45573
42743
47329
44337
51624
46507
45572
48463
45347
50431
50035
49040
49899
50930
44196
47024
49498
44179
45859
48448
45377
46194
45439
46045
49644
45168
48140
50568
52087
50860
48445
50699
51219
48571
50774
53518
49965
45503
52582
46491
49373
52097
47447
48145
47681
52527
45276
50043
51970
49915
42989
45644
53264
46254
53603
53586
46520
46502
47827
47489
47204
48853
49251
44189
51215
42783
46221
44787
50079
53170
49584
46796
46037
43396
49959
43970
51673
49835
52402
43675
44320
46502
43124
47155
46171
47404
47244
46700
42934
49341
44808
52835
48211
45491
48497
45470
53338
48922
51754
47141
47620
52908
49646
47312
49293
47028
48082
46385
47491
44613
48615
44685
50872
48817
46730
49916
53529
48891
47706
51204
51163
50111
43234
48162
49781
52247
45443
51562
47012
44252
45034
47300
43368
46757
51636
51628
45977
50053
53104
48888
50847
47210
49819
52975
44134
51286
47310
52840
48829
47705
50809
49879
44274
49138
46500
50145
49111
45865
52575
52096
45758
48770
51636
43447
44334
48524
47906
44001
46677
46147
53300
52271
51126
51275
49432
43840
51223
46651
51195
46777
50514
45533
51565
42979
52820
46185
49380
46469
49175
48152
47411
45425
44617
44654
53150
49865
42798
51927
47780
44841
47266
42819
43237
48472
52215
52277
50190
48434
50252
46042
50314
50426
48542
52809
46872
49093
45070
45569
43178
45961
45811
53188
42901
47508
52814
52737
50101
51389
43480
51459
53584
47525
48920
50473
50522
50113
46678
46972
44077
50189
50521
48816
43422
43717
46831
53001
48035
48988
52671
47663
47242
44553
51417
52009
53657
53554
44038
52355
50318
52616
48817
49267
49799
44028
48370
43179
46038
44689
45700
44118
50455
45185
42900
47126
53079
48476
46679
49015
45224
47433
43262
45350
49102
49755
49092
51838
45837
52612
48760
46180
46761
45504
51965
53113
47702
49610
45654
53025
52927
51077
49275
49443
45468
46862
48314
48535
45885
50853
45440
51114
49665
49859
43201
52131
47945
45830
46343
46190
52451
49564
47845
46740
46422
47706
43181
43121
44978
49073
42984
44944
53119
51501
45941
48902
45351
47491
46194
46548
52163
53085
51681
44430
48286
47304
50275
52737
47741
45701
47587
43508
43681
50147
49874
43052
45494
51327
51281
43155
46016
43716
47858
43683
52136
50959
45633
46102
51956
47532
51590
49759
43995
48390
53017
52073
49466
50677
42814
47818
49101
44521
46257
44323
49326
50880
52483
46384
43786
42764
48673
44331
48966
53520
44462
47149
51787
43247
48433
52710
51425
51898
45702
49255
45580
44022
45606
48485
49158
46768
47377
52981
48130
52711
50115
47211
47066
43139
50538
44939
43360
43966
44630
43377
46339
43272
47516
48179
50451
45756
47836
51248
48924
51586
47950
47829
49976
52289
51836
46073
49994
43670
52851
47421
45888
52465
50294
51801
43332
46682
51972
44437
46176
45288
45515
43926
50679
46672
49776
44335
44822
49307
51050
44337
47144
47865
52084
44998
53465
50183
50262
49201
44949
49154
50737
42772
45999
49764
44876
50485
47434
47443
47275
51551
47312
45232
51205
49459
46777
51813
48597
42930
46941
43859
43696
52769
47330
48372
46738
48592
47577
44301
53195
44871
47524
46685
44193
45886
43654
49422
43950
43219
48251
48465
45024
51249
45382
43696
52747
44243
44832
50116
50522
52690
45235
46458
51371
53054
44734
53665
46748
45321
43657
50303
52264
47144
47209
49473
46114
51467
48141
47219
47167
52962
44596
45063
43181
51769
46509
52731
44699
53299
43669
45264
46208
48330
49287
51548
52037
52227
45227
43101
51901
47663
45378
45023
48627
50744
46761
43696
53464
48543
52161
46362
42973
50394
44077
51692
47568
49507
50168
48870
45750
43249
53448
46885
52699
52051
48607
43358
50321
49834
48796
50858
46166
49879
46279
48254
46168
47058
52280
50689
51272
45167
48309
44910
44189
49890
49076
52898
43842
52002
50297
51842
43863
53391
44689
46240
47869
43287
50012
48198
52289
53569
46964
53236
47606
51016
50879
51168
47930
42950
46331
43421
47742
51315
47266
46402
51864
45348
53281
45331
49410
45259
53255
49511
46050
44356
46981
42890
47712
43249
51632
52406
45969
43434
44023
48176
45972
43989
48778
45914
46748
52835
44733
43843
51077
50255
47794
50666
49060
45993
51165
43415
50130
49561
46530
43717
48752
52692
47347
47562
45082
46334
53339
46704
46770
53502
46614
49562
45456
44437
53718
46724
42897
53247
52723
45487
46868
44489
50376
46957
52493
47405
49467
47337
50536
47759
43573
47868
48375
43309
47831
53623
49137
47542
47017
46695
48337
51096
51725
49427
43070
43799
50661
46406
45045
43141
52218
47805
45769
50171
44211
48654
43337
50197
49319
49420
48218
42961
44855
50844
49496
43668
43571
44609
49690
53024
42955
43336
51553
46703
47865
47153
47343
52124
50064
44500
50348
43396
43495
50220
51008
51800
51453
51639
44689
52186
46829
47284
48233
46360
46078
53430
43121
44738
49676
52730
42885
52608
50127
48421
47024
51427
46902
43630
45498
46104
51426
48630
52328
47958
44767
43672
49072
45968
53671
49081
49229
45899
46377
51154
43528
51604
47132
52950
48756
48759
47014
48190
50289
47710
53299
45169
51714
51104
47938
46944
51508
52321
46356
50196
44553
48778
48830
44168
53018
46975
52958
43984
50698
47309
44753
47067
43147
43052
49003
45614
53005
49097
52263
53151
43225
46736
51971
47156
44665
49313
42979
47170
50424
46883
50223
52148
43142
44449
43133
44646
46071
45513
46757
49442
45650
47598
46907
45344
50831
43021
43356
49488
48089
50143
52398
43711
43824
42720
49668
48114
51334
46587
44495
46979
48200
51745
45644
48749
43453
53431
50936
45085
49711
50307
49243
43958
46930
43348
47288
52194
51462
48149
47932
45759
45581
48268
48028
51361
44137
47944
50112
53022
53680
43214
50472
51443
44637
53190
45101
53207
45969
43048
48953
45381
51005
48674
46652
49775
49264
46309
47055
48761
45588
47505
53439
49114
43739
45462
45942
50897
45284
51650
47229
52640
43382
50311
47642
43642
46452
45354
47099
49418
47272
50618
50343
44867
44745
51436
52676
44200
48166
46904
47820
50583
47085
43910
49680
53073
48636
43145
49805
50146
42758
47870
50925
44528
47278
45975
51765
44819
52738
49837
49660
46842
47638
48285
46221
44385
46664
47253
45103
47684
48221
50655
47234
48606
49261
50468
52898
42758
45917
43570
49342
45804
47990
44158
47823
50277
43647
47709
47082
49554
47154
51955
52469
43690
51834
52610
53399
45868
52727
45416
48074
46686
46139
51522
50478
46565
49200
53227
47292
43177
48941
48391
49259
45643
47315
45476
51127
47214
49209
47510
47137
52142
49501
47297
49210
44634
47506
46904
46272
51981
45027
47033
48068
45630
45954
52958
51228
45999
48012
46226
49632
47986
43645
47057
43663
50018
49158
51457
48233
48351
47911
47895
43197
47602
53212
52587
52179
52885
51232
53294
44931
44097
44678
52079
44919
48184
53364
49242
53291
52100
46721
51375
50788
49162
48344
46936
51241
49985
46716
43761
53409
42932
45852
49713
53136
52809
48657
46054
45123
53623
49454
49231
44192
45104
47462
52306
52072
44071
43730
45433
51737
52515
51716
45938
46472
48258
52965
50882
46712
49753
52572
52744
46112
53120
53057
43173
48750
45342
53613
46161
53218
46426
44080
51001
46469
51444
47051
51860
44131
51791
43994
42930
53360
47599
51704
45025
43293
46450
44314
49770
51067
45811
49301
48072
47096
46680
45872
52682
51024
51742
49544
43020
51793
48922
47592
45926
43227
53625
45587
48259
47144
52680
46084
49318
52151
49714
52014
53451
46498
48460
46674
52716
46601
42917
45955
42724
43842
47029
48163
51528
52067
46252
51770
47669
45591
51107
47804
50877
53120
50877
43566
51904
49318
52021
43624
49248
50638
47943
52418
46978
50757
49195
43075
44581
47095
48507
49655
48128
51169
52097
47778
45790
44721
53405
49490
46922
44203
52728
43457
52797
46846
49133
45622
43116
49036
45846
52380
49601
48512
52094
46263
44462
48898
44215
53387
51981
47920
52803
47192
48203
46822
45310
48083
50442
48100
53252
50099
48352
45703
53083
48371
52564
48303
49869
51838
46421
45002
44079
53096
52869
44762
52031
51837
43996
53193
50909
45137
50115
51436
51602
52186
49239
48891
51756
49359
50586
44197
44669
43273
46616
49717
52876
48739
49288
48953
46325
42896
49218
53184
53614
43109
48003
43989
46453
52290
48487
50956
45640
51146
53062
48849
50557
44193
48929
50097
47401
46079
49911
43668
51276
49408
47251
43130
50948
47354
49434
47788
43538
44606
44383
48860
47067
47671
48160
45817
48562
46590
44907
46017
48066
46420
46389
43469
50026
48081
45465
44175
44184
43206
48453
46389
48647
46370
43076
43947
51179
45550
48710
46943
43265
47080
51696
42745
50311
51071
47006
49878
45417
47215
52215
51229
48030
51975
45321
50668
50843
48175
49726
44334
52030
48145
53419
46702
43018
44115
49971
48885
44249
47298
47323
50668
50901
47518
44730
44109
47304
43120
53289
51004
48500
53247
43420
47173
46938
48280
44986
50253
45272
44403
46288
48453
44852
52561
51113
48019
49809
51920
52824
50585
49398
49363
50662
44261
53729
52679
51472
48362
49900
44029
44512
48590
43634
48241
48334
52552
51507
50164
53706
44023
48110
50569
47152
44063
50094
43084
47214
53162
43074
53043
51740
52398
44045
46923
52923
53342
49415
47596
50008
47260
53440
43665
45633
43465
51593
49908
53688
51353
46389
50539
48028
49015
49333
44248
50611
47132
46065
48743
53535
43299
45540
47384
48463
51298
44307
43428
46597
52579
51613
51724
51243
50131
47555
49435
48255
45242
44430
45396
53360
53552
49246
50529
51984
46876
45017
53503
51506
52859
44258
52471
53607
43957
44614
50692
47241
52549
47988
45090
50542
50171
51952
47402
53571
44445
49538
45709
50701
51574
51724
45965
50310
44004
49466
53221
52485
45003
44927
53361
53143
49214
43765
45964
45693
46861
46000
48437
44937
45957
53712
45573
44227
46603
43831
44919
45113
50201
48105
49086
46445
51312
47300
50187
51392
43034
43315
46521
48290
50329
43503
50177
51354
45375
43988
47239
45496
43992
49311
48592
47258
47198
47798
46519
44399
52408
51378
48398
51419
47394
53520
52572
47522
43507
49505
43420
52531
46856
44142
43000
44766
45732
53290
50531
47096
43777
48493
47362
52768
51310
44390
46570
52123
49685
44509
49011
44093
51472
50889
48143
50105
44098
50507
47728
50666
43299
52775
50432
48701
43002
53435
51137
47003
49510
44967
44337
53229
51478
50333
45305
52920
51352
51749
43854
52929
47530
47749
47688
52579
48423
45701
49021
51169
53493
46665
51342
46029
49520
51354
52287
52963
47521
43166
44920
44234
43281
48042
44949
46580
49077
45673
51268
44718
44868
49951
44254
45064
45651
47283
43625
50356
48637
43975
44302
47523
46928
50304
49168
45388
51561
51311
49119
52737
47918
42930
45578
44569
52140
49868
47188
52777
43093
47431
46598
47662
47027
47300
48448
49882
52929
50139
45088
50182
47946
44031
51851
52791
52815
49199
51176
49745
52819
50824
44339
52530
42925
49806
52382
50946
49892
44241
44163
48279
45155
44555
48709
51954
48475
45499
46605
49506
50388
43652
48723
42788
45747
48005
48781
49061
44684
45766
44999
53512
53139
49750
52224
45342
44778
46015
42737
48650
44727
52091
48289
44600
51446
50870
48976
43107
52696
51114
51388
46981
50567
51941
51875
52191
51729
43873
44138
45072
49883
48595
51251
52193
44185
50415
52862
45544
50214
44554
44342
45592
52466
48515
44863
45207
50244
43523
44815
46800
42844
45030
51143
47286
46899
53413
50802
50854
51291
49081
50341
52892
50785
50027
49789
50907
51088
52077
45811
50655
43838
44508
51836
48964
53304
46347
42942
44729
53115
43778
45245
50328
49149
45067
45648
47208
45538
43199
52855
45947
51675
45283
52828
47445
50037
44237
53352
46892
43206
52342
45366
52622
50059
51736
47550
48124
52355
46290
44611
43722
53215
51009
52862
46803
51036
44069
45234
46170
49759
47538
43260
52128
51659
53088
51568
44041
49900
50319
48739
46016
48336
48209
48186
52464
44820
44292
52794
48239
53339
43930
44850
50710
48324
46939
44925
50761
46855
44001
44284
49475
46924
48366
53388
44695
44961
50617
50888
43025
43705
47703
47301
43610
46254
51860
43728
46953
43736
43229
47978
53048
46454
48120
42762
43746
46035
47794
51299
45701
51279
45604
45237
45562
46098
49289
47883
49916
49768
48672
43824
45012
45894
51948
43557
46007
42757
50811
46395
52089
47515
43425
53509
45552
51319
46742
48312
51950
53500
45348
53295
42770
51882
52659
53085
48447
52266
47966
52791
53482
42755
45669
48203
52216
43478
45633
51992
50831
52979
42993
44470
47200
51384
45805
48830
52212
48483
43838
50718
48505
43999
52979
50016
51936
51698
42883
45448
45618
47513
52423
51790
48717
46552
52085
44424
44444
48421
51994
44180
45102
51713
51269
49126
50709
51037
49333
48997
49661
47846
46159
49332
47528
47026
46619
52338
44545
43471
45318
45836
44625
48548
50831
51878
47518
47651
52236
50755
44716
43938
47385
46330
42835
52268
43097
48044
49749
51217
51376
46414
44267
53087
44122
48282
47890
45792
51746
49130
44987
50760
52839
49988
50269
47748
51144
49701
46069
46070
47284
51519
48416
45371
48146
52206
50603
48766
45140
50927
47219
52486
44157
46628
49270
48805
52495
47095
50740
52719
51969
48034
45372
52097
44762
49954
45374
49861
42918
45324
48727
44322
42994
43016
53426
46454
51417
46681
52674
45683
49579
44628
46980
48250
48836
45316
44681
45573
47005
47792
50950
48522
46575
47048
53275
46888
44154
50774
47561
46605
51751
48061
47779
45212
46969
49178
49796
47801
52273
48022
46389
53190
50777
43724
45710
46713
44401
52648
52219
44640
48008
48547
46118
45504
50006
50964
46177
53162
49254
49512
48828
50143
49980
47786
44748
46264
52336
51131
46140
50305
44925
52738
51732
51698
45374
50431
53282
52694
48789
53137
48377
50988
51238
44742
52488
46668
50675
52256
43008
49660
52486
52485
46030
43671
49136
52953
44703
51661
47961
44283
48742
47194
52833
50966
42893
49898
53405
53095
50383
44147
50890
52025
42988
44350
53357
51200
48292
43278
51410
45486
49876
46204
50013
43177
47667
50649
52097
47449
53297
49458
47139
52664
45573
47658
47449
50010
53020
47419
47046
48436
47977
48162
50960
47215
50579
45984
44220
42984
52147
48484
46708
52974
45146
49036
52204
51464
44889
43224
43646
44019
46150
51303
43437
50652
47921
53688
48899
52111
48636
43775
51667
43852
46402
46805
46542
48782
42880
49518
47247
43877
49055
49499
45526
49052
43870
43510
44043
53203
51100
49314
47749
46468
47496
43591
49364
44589
43940
45790
50091
47274
51026
50321
45010
50566
50092
48651
50253
50566
42859
44030
44928
42769
43768
52536
52927
48170
53153
46095
47197
51213
44856
44280
43475
45541
46002
47918
43205
50766
43261
45227
47555
50896
43445
51498
48337
42732
48656
47436
49602
46513
52659
46696
47432
50973
49434
47407
52565
44736
50080
49937
50304
52453
44534
47076
52720
46014
43209
48009
49833
44261
49665
48257
47960
45557
46903
46613
46910
50324
49390
50865
51378
49355
43778
51676
46127
47982
47602
45749
43890
43843
45155
44279
50535
43675
42762
42963
43517
52533
52023
50359
43263
43248
44481
43045
52975
43283
53152
48672
42902
47289
43617
42790
48999
46077
43848
50308
47228
49867
52035
47092
44066
43768
52360
50926
51173
49963
46066
52275
45582
50870
46097
47213
46031
52068
43119
45833
50014
49204
48355
47828
49176
51386
44527
48423
45798
49797
44601
44138
52572
44524
51713
47246
49915
45713
47896
48829
50594
46818
43170
48083
49198
43465
49039
46045
47602
44142
47142
47890
51485
43575
48853
46195
43721
42898
50369
48525
46364
44508
42781
45993
49762
52210
46786
51812
46341
44208
53133
53349
49683
50136
50776
43012
45702
49431
48212
43818
49247
48387
52619
48364
48649
52836
46710
53309
50575
43494
51476
47886
52864
52548
50547
49851
47175
50060
49263
43077
47937
44191
50731
52560
43887
52266
44694
43925
42869
52294
52701
51532
51228
43611
45013
49932
43350
48428
49620
48792
50321
50699
47943
50282
46413
42983
43643
44423
45738
45712
52455
43819
44738
43013
44499
50799
43814
47716
53713
43230
45521
47044
51308
53074
52370
50365
51243
48962
51272
47947
48955
46150
51840
51324
43553
52468
50168
50487
50703
52832
50534
51994
49350
49304
50062
49856
44227
44262
53248
48551
51546
45049
43189
44945
52426
47613
44157
53168
47570
49752
43923
50111
52998
50378
48519
46320
44008
42797
53031
46680
49698
52760
50694
49504
50467
43333
51568
52958
49526
45035
53048
51753
52234
43973
43583
52757
43245
51979
43388
45644
50742
46575
45119
44596
48030
44381
52475
47495
44574
43272
44532
48999
50048
51607
51836
49833
53162
46111
47713
45707
53143
47585
43255
44630
51979
44554
46666
51601
46169
47020
47376
46622
52786
51083
49547
47827
45859
49853
48170
49864
53321
43698
52285
49218
45109
46609
43518
51110
48589
46213
45378
52358
51152
49752
45674
48734
51637
44909
48099
53487
43941
48115
46225
46109
49256
45492
50906
51482
43396
51836
50093
53104
49085
50001
53001
51165
48253
43304
51353
47426
53407
51592
46968
49507
49258
52405
49421
52325
47963
47315
49957
47525
49994
49367
42994
48786
44347
50422
49348
48353
44881
43662
44276
47055
44226
53168
49199
47196
45979
46455
48024
50384
48522
52908
46385
51511
48818
43549
51100
49189
51700
48945
48791
43554
51488
47939
43961
46273
48164
42733
45356
45750
48467
43031
52848
50376
53352
49903
44386
43931
49489
44637
45941
47274
44946
42768
44016
47218
43442
46130
50815
45090
52534
46457
52299
50652
53513
46440
44666
43692
45240
48688
47133
42795
46969
52903
51038
49585
49858
43733
52592
46641
53037
53268
44973
48118
52622
52667
51656
50116
43604
48601
51899
47682
53177
44839
44940
49916
44921
49976
44859
49309
49966
52891
52389
49408
49326
52382
51823
46839
51043
52754
50660
47770
49555
50619
49236
52969
44654
47249
52277
47425
47173
48057
46607
51291
50862
44256
43987
49167
51295
43675
50663
53614
49860
44126
46724
48686
51182
51274
51319
50201
45263
49847
49319
43971
50325
51017
50348
53617
51450
53417
48964
52719
46927
44723
45294
45559
46801
51818
46980
50555
51394
49125
48696
48232
44495
48572
46824
52862
45147
45062
50239
43336
47829
47282
48781
49601
47023
47907
51173
48031
53479
51513
47479
50490
45966
45635
44161
52898
50714
53201
49158
44244
49376
42802
51843
43518
43343
45309
53714
47193
44733
51031
48337
44073
53416
45300
52957
49776
52971
53380
48072
48150
49273
53678
47142
48514
53057
45920
51081
46550
47199
50856
52771
43562
53153
51557
45824
43713
44694
45048
49615
50529
52549
42717
46706
51616
46701
47426
47813
46431
51536
53354
46748
53341
53334
52397
51734
42952
49747
50478
49261
50892
52298
48030
53710
52268
45835
52135
44415
47445
50669
48154
49590
52481
46440
48316
47228
52029
44863
44323
45810
44628
53254
52990
44651
45279
46272
47416
46314
44798
46976
45001
53019
53527
44063
46381
50271
51585
46560
46964
45603
48966
44576
49669
43671
43947
53200
50320
43309
47140
52386
50275
47622
49470
45416
42831
49530
46348
50251
52806
42753
48908
53211
50518
42766
45928
49706
46194
44125
49209
45227
53047
48224
52592
51513
52406
47940
46389
52217
49289
45322
44177
43835
47561
47390
47822
44385
45992
47698
44500
50247
49745
46417
53724
45271
48026
45454
43661
48302
44068
45267
46884
44154
48462
44241
52028
46237
44916
44113
43684
50165
48057
52534
50491
52456
48439
50764
49914
45950
47936
53020
53216
46474
52591
44357
49477
49295
52571
49390
47366
48344
53492
47750
49051
51201
48766
53436
44951
43737
48713
52887
43367
49855
53312
51397
44331
51899
51029
47090
52381
42924
51567
48161
49329
42951
52235
51038
49870
51780
51538
48928
44066
43954
43389
53224
50229
47202
44253
52549
45320
47916
45622
43091
52377
46319
48320
49750
48987
53059
46974
45246
45837
46659
44360
48803
46016
45111
51290
46291
52366
43341
45374
52862
52733
52728
50552
47677
52285
48374
45545
42776
51948
50958
50344
50155
43556
45474
45474
49673
46198
47460
51579
50808
47497
51579
50092
45689
51349
44063
42767
50369
50299
49880
46434
49153
50983
48933
44150
47014
45877
46988
52371
50482
52316
51956
50206
48044
51430
50654
51996
52283
42877
43806
53005
48075
48333
52184
48939
44850
52540
43798
46464
51005
53217
50247
48664
48993
48781
43574
50769
48911
45812
47429
53252
48725
44422
43432
43487
45245
53714
52641
45212
44849
52005
52862
44142
53572
53297
48504
44843
53248
43721
45606
49376
49606
53719
45674
51908
48247
49048
43960
47644
53261
51817
46507
50177
52865
47209
47147
47586
44792
52954
48846
51956
44826
43764
45663
49596
47006
46638
48188
50008
48238
43703
49981
45599
48040
44490
47673
49249
49021
52463
52960
52254
48738
53406
52613
49669
43551
42967
48438
51183
51561
51852
44027
47861
44269
50351
49146
46198
44570
53025
51403
53206
48755
45043
49082
47401
48333
44552
51937
50942
50026
52098
43704
46846
46949
43271
51674
46910
47282
49990
45359
52546
44886
47800
48935
50444
46583
47142
49594
46269
48184
46977
53388
50742
47106
51801
52317
51402
48019
44662
52591
43773
51715
50034
45576
47014
44739
48229
47790
49813
51353
45793
44313
51839
48316
44017
51404
43969
47980
44930
45253
48431
49044
48143
49591
47665
51818
51048
47778
49579
47763
46423
50895
44793
52708
43455
48189
51009
45830
43074
43757
46587
47770
49138
46801
43339
42746
51759
49861
43988
51380
46887
45440
48861
43966
48578
53621
47451
50611
45067
48610
49248
49091
48712
49470
48931
48909
45387
44156
43183
51517
51228
46559
53030
46749
50672
43491
47259
48543
46081
48155
51991
52797
47918
53276
44584
53226
42956
45753
47227
52273
43000
51710
50797
44439
47014
52386
44867
45879
50296
51371
47286
51320
52542
45617
45038
47391
43519
44279
50299
47464
51451
53294
45984
48853
48729
43949
44090
49354
45244
50457
44744
46936
43387
48384
46014
49060
48189
46710
44167
46268
45314
46011
52230
47278
48157
42934
45759
49052
50241
49846
43340
47565
42994
46367
43865
52453
45393
44683
48522
50373
43710
47794
48570
49984
45013
52125
53605
47548
46799
46668
52527
48183
46169
44032
45534
45183
47214
53007
43405
49968
45623
46603
48021
44155
52430
50270
46293
49298
45859
43580
50049
53345
43915
49825
46183
43814
51461
46941
48604
51927
50083
46713
46903
52990
43816
43775
49885
48064
46177
46366
46666
48232
46447
49908
45932
42799
49442
50011
45953
46824
48238
52424
48836
51335
52088
44423
52582
44665
44958
53675
47114
51858
48451
45733
51346
50707
47221
52802
48778
43116
44430
46907
44870
51646
53211
47060
49447
47424
50085
49821
48873
49026
45296
51634
48060
47979
52025
53426
47904
50084
43380
46545
50804
44525
45030
51310
48980
50229
44849
45286
47974
51179
49585
43675
48346
50155
43629
44305
52017
43009
51054
50246
46682
51458
48925
46939
43063
49245
46050
47200
45596
45527
52616
48614
49387
49008
47172
46569
44656
51362
44963
53247
47062
50684
47698
43900
45651
53675
51318
46499
50759
46157
43004
45899
51125
48592
46189
43254
47466
43871
45292
42946
53061
45850
46578
46720
49335
43577
49593
53218
47753
51191
45440
43427
52026
53104
46162
45983
44180
46379
52892
44619
45330
45649
44916
43660
47843
46655
42763
51402
46133
48761
50880
52996
53416
49359
43519
43291
46166
53163
53619
49663
43825
48548
51306
49214
53004
46622
48316
49969
46857
48361
49803
53272
48157
51005
49112
47316
44772
51836
47940
50585
51235
46920
49876
51832
44954
48613
47253
47550
46972
48637
44598
43486
46151
50524
49882
51838
45861
51517
50375
50382
44433
43429
50740
47329
45261
45389
52529
53412
48085
52370
46137
51727
51780
47547
52505
46646
51444
52290
44256
42735
46926
51412
49999
44146
46322
43007
51973
53242
52816
42849
50099
43314
46313
46942
46842
43363
49540
52396
44470
53629
50013
44245
43618
53413
52235
47161
52417
48063
52237
51639
45792
49592
43478
49730
44338
48669
44461
46373
45899
45617
47142
49923
52060
51544
45461
46622
46482
49302
47540
51012
52624
47469
47792
48054
44376
52715
43075
46913
50452
46481
43614
46560
47739
48365
44566
50896
43384
52642
52787
52418
50787
46345
43448
52953
52557
52223
48114
49039
44413
49596
47522
52612
43356
52629
44447
47230
51962
45786
48296
45566
53077
51244
50984
51809
53624
50143
44200
52666
42743
48243
47776
43382
49031
42995
49151
53451
47940
52699
46550
46294
47453
52286
48645
44126
45002
43034
51665
44143
52564
47370
45284
43622
43265
47030
51541
46291
53308
44580
50541
44168
46322
50220
50234
48975
49679
50195
47097
52085
43814
43775
50315
44920
49990
43127
52270
49802
44167
52993
52077
43750
47234
51903
49144
46917
52061
47728
50565
49418
50505
51097
45606
45462
51995
43094
52873
53192
45255
46692
42718
50615
52696
49536
44882
51275
46642
48585
48602
53328
49058
52940
43587
44047
51490
45661
45745
44378
44118
51649
48793
45934
49638
49988
45920
45607
48105
47184
46451
44534
50155
51920
47299
45562
47115
48820
44093
46268
43774
45457
44066
50943
51705
42755
43004
42767
52878
44940
49677
51587
53234
49005
50561
50803
44802
45293
45997
51898
44503
48192
44917
43205
49290
49616
50760
53384
52822
43680
46159
45040
50526
46081
51688
43037
51615
45656
52447
46747
45564
46383
49301
47387
52220
50946
50403
48269
52408
47810
49108
49030
42819
44337
46400
43756
49120
46230
49747
49468
43970
50500
44930
52169
51101
51252
46574
50200
43525
43646
48041
50638
47330
43820
43451
45806
42944
51973
51255
48335
46323
51592
45519
48098
44230
52819
48560
49550
43248
43902
45833
53360
51376
50798
50215
44684
52020
46634
48739
50609
49876
48951
45416
43783
52315
51032
46137
44920
47681
50556
42968
53416
44369
45570
50284
45400
43858
52171
48317
53688
47734
53455
46456
49937
46214
43747
51171
44114
45880
44648
45860
52420
48498
49213
51347
47068
46596
43225
46371
45545
51933
53126
49378
47715
45185
46027
46805
50370
49452
46079
49493
44041
49631
43164
44832
49064
49143
43474
43496
46464
45391
47441
52050
51529
46930
47007
49600
49938
52326
49166
44908
44122
43263
47201
50259
50871
51131
50661
48542
47973
47456
47608
46745
50268
48198
50027
53026
45102
48246
48005
44866
49627
51305
48142
53312
48580
50385
48731
52847
53665
48681
46255
44531
45620
50892
50344
47706
53363
42774
44455
46203
51600
47042
48989
48117
47880
45224
52942
48010
51181
48210
46165
44167
47276
42793
52527
53125
42862
47892
43761
43957
43288
50005
48143
51228
44406
52166
50598
49704
47918
50941
42988
47403
46899
44510
52843
48647
49710
49578
45405
48047
48217
48411
47536
51148
48456
48652
50765
53404
44024
46759
51737
45813
51150
49761
48197
49642
47882
52176
44275
45580
47682
51220
52291
48791
49900
45234
44990
49727
49245
45815
46606
49005
45690
42855
52747
51555
49870
45294
53607
49481
50964
50021
52594
46379
45756
51719
49265
51349
47649
44643
48508
53307
50416
45182
52144
51623
52831
42932
43459
46071
52590
53119
45638
50992
42831
51855
48270
43611
49025
48392
46084
44362
43639
50677
46029
42861
52473
51778
50952
52479
47227
47571
52808
44366
42991
44620
48015
44441
48355
49919
49211
49688
44477
49313
43747
43265
47099
43209
51735
49672
48400
46729
52522
43921
43619
43633
42894
48497
52481
42732
52553
50195
51054
47728
50573
46546
44320
48738
43922
52121
47971
50250
46941
48250
44085
45404
43845
45921
47241
53497
49702
53360
46467
50900
43655
45784
45356
43563
51231
46173
50783
45434
47853
48820
47433
45328
47470
43698
48994
44456
51338
53724
44436
48289
49025
43117
48471
50359
44170
49941
45164
46286
44897
45092
52472
44459
47322
45328
48532
42838
46720
43394
53599
50154
45994
47847
45440
47157
43974
43060
49878
51020
52521
48727
46453
46913
52212
44138
49418
44730
48358
47871
49952
44526
47095
52332
45781
48138
45249
45144
51728
43521
45124
45150
52231
52451
50976
45028
46304
42992
53230
42977
49504
43181
52567
44518
51849
52296
46007
44086
46260
47139
46794
47190
47234
52188
43266
47783
50248
51389
44298
47683
45561
44560
52454
49535
50145
46515
49448
52566
49898
51423
48847
49836
52578
45753
52641
44150
51278
48631
43938
52995
51406
44719
49831
50713
46277
49116
44379
46784
43022
44980
45063
52396
43999
52090
51016
50184
52165
47657
44089
46043
45377
46661
50451
46170
42981
46656
50458
43433
49960
52956
48887
42801
53468
50916
48588
47715
43808
49508
44497
49583
45327
50000
52389
49767
51023
45730
48024
50090
48421
48706
52541
43313
48229
48185
49240
42870
47985
43280
51167
46751
49765
47728
44679
49021
47214
46786
52776
47313
42728
49521
42780
48040
48515
44364
45120
43253
45692
43076
49128
43319
49354
44308
45781
43696
43047
48576
51706
43844
46148
43705
45031
53381
51469
49735
51812
50664
45002
44431
49859
52134
52643
46190
43918
50531
42739
53230
47742
46615
52396
49356
44218
43432
52377
50567
53154
52268
49620
52395
45553
48207
47667
50185
50603
49936
44797
48929
53435
43302
48049
46836
46244
48233
46311
45120
50819
48301
53168
43392
49839
53720
44466
52046
43629
51792
51021
51519
48627
47541
43615
52060
51240
51454
43664
44864
44298
44877
52806
44504
49786
49049
52544
50689
51648
47482
48907
52894
48743
51936
45832
49301
43649
47213
51626
43582
50132
43699
53194
48030
44659
47522
48382
45891
52981
46651
47613
45182
45955
45254
43661
46202
51317
51006
45353
49579
46566
43574
49687
48102
46940
46525
48098
52103
49965
47042
50900
52286
49384
47298
47738
47172
45753
51244
42745
43383
44509
49425
48211
52747
48420
47325
51978
45825
53720
47454
50309
50189
51918
51389
48733
43878
47857
50416
52000
45588
44135
51177
46656
48566
48282
48323
44324
45268
45693
45907
44164
50743
49499
49954
50395
44038
47466
53654
43516
52342
44588
52388
47655
44679
47118
45031
45787
52715
46439
43898
50447
50178
43626
52506
53206
51608
52442
44375
50692
44281
46428
47773
45555
46568
47602
49958
47670
43766
46717
48889
46232
44130
46121
50590
44467
49278
44852
51666
51485
46990
52059
46334
44050
51377
47536
47745
53012
48127
45485
44320
52888
43259
49979
51122
45770
53678
44596
44819
52796
46232
48170
51991
47949
53586
43702
44671
51200
47322
51765
48687
43648
46835
45659
47183
45212
48535
51375
47981
52439
45613
43515
45203
43478
42966
49408
52089
50827
52870
46774
48988
48871
45169
51107
50533
51382
51025
44799
46958
46829
53184
44572
49063
47186
46756
48361
43068
45391
44061
50142
47807
49542
49106
53436
50270
44773
50794
51450
52956
52394
52344
48818
47496
43145
43367
43838
53151
47152
45695
49498
53237
44017
49810
48077
48362
47589
50362
52605
51833
52779
46952
50641
52687
47083
47266
51431
43971
50277
48069
46646
49202
47688
48753
48794
47153
46801
51470
46231
45733
50090
51172
50189
48213
47019
49141
44724
51318
49884
45014
47758
49263
45783
47781
45559
44785
46166
46064
51694
42767
49101
51460
51327
45929
44977
49186
52082
42814
44495
48676
49864
52761
45945
51111
43063
46723
42837
50367
42989
45783
48705
48104
47561
52887
53154
46301
51075
43894
43240
51657
45611
46250
48308
45184
44460
48850
49156
52539
44328
48147
44864
44231
51872
46192
44047
44134
45872
50996
48964
50361
51407
53641
52537
46501
47176
43228
52824
44673
51800
49223
53564
53072
44908
45526
46301
47869
49176
47593
49985
49687
50304
48502
51958
49984
48739
52348
52807
52513
49086
52119
48925
53074
48625
49503
52364
48651
47451
49169
50060
51647
45419
49887
48222
47317
43604
50940
45016
45442
46414
46303
43530
42799
51571
51251
49046
52361
52013
48506
53427
43014
47174
49801
45643
48910
47638
47250
47991
52781
53134
46922
52693
44311
51137
46488
44859
51890
44004
43468
46865
48377
52448
47910
52373
46992
43039
52218
49891
44780
45736
44813
43270
51682
52362
46132
46066
43882
51407
45110
46956
47963
53223
52789
45238
46259
48612
51431
53039
52976
53235
49751
50076
47330
52174
45799
43956
46452
47322
44972
53588
46016
46701
52016
48517
48096
51451
50787
52087
43555
44414
52547
50247
49136
52039
45056
42868
49696
45590
49177
49293
47276
47237
49424
44919
49937
53057
51086
53007
44965
52712
47486
53682
46579
52692
49449
51399
51081
45814
49107
47011
44308
46911
52748
43299
48281
44052
51647
46707
45285
44592
44354
46588
49324
49707
44295
51871
48071
44732
52196
47722
44035
51135
43608
43246
46927
46129
43265
44305
53668
49477
50263
45757
47713
45827
43155
49152
47235
48118
47648
42815
44155
46437
50434
47908
45365
51052
50530
50590
46142
42984
43990
49135
52583
45905
47428
45160
51410
45032
45217
49572
50807
52323
53203
49752
44661
46347
46499
46931
48212
50180
51573
50064
50744
53024
43053
43286
47564
48864
46271
52607
46841
43330
48020
52268
47453
43286
43389
46466
49535
52409
50010
45070
43157
49656
47009
45981
44467
50321
44381
46983
47830
47420
51069
50452
46420
49896
45817
43015
50601
51642
48047
53703
46643
48000
47054
49775
51961
49854
42783
51562
49444
47443
45204
50849
48403
46628
52714
44750
49585
48412
43336
44107
46166
47691
43974
50426
43626
48351
45281
51630
45327
43175
52037
52183
52682
53261
51248
47997
51961
43709
47962
46554
48833
47959
44814
49594
50913
51616
49006
52661
44420
52332
46956
51399
45483
48033
52324
52091
49732
53499
48181
49239
43002
45598
42927
43060
49805
43073
44799
49018
50540
44997
52968
46954
52420
42914
53092
52436
43059
43074
52152
43545
43802
44983
48616
49690
49858
48897
43340
48798
46694
52881
48519
49795
51528
49851
48385
44884
46437
52516
49548
46691
52492
49978
48725
47088
50386
50202
47496
50643
47676
49060
49229
46621
50983
43115
52821
43901
47929
44183
46702
50451
48622
43655
51223
47025
53015
48631
52778
50125
50490
51176
47344
47182
47751
53100
45274
51841
51013
44277
44548
52259
45584
52734
44121
50078
50804
52083
44294
47999
48185
46932
50084
50526
49368
43487
50138
53041
52007
48135
48846
48684
50642
52146
47467
45015
44501
53313
51782
46026
52231
51919
47084
48473
47143
45909
43148
46390
44954
44258
47788
52669
52378
48654
46827
47461
52647
51672
51736
52463
49158
46702
45056
49823
51539
47167
51949
44066
46085
45722
46609
42899
46674
43329
52993
52678
49711
48021
52757
46203
47664
43600
51075
44037
51959
44266
48392
43155
43242
53582
48261
51799
52834
44234
53403
45079
45164
43287
43082
44559
45828
49956
50695
51624
45548
50068
50733
46981
52601
51424
48316
52694
52953
53705
51210
51836
48256
44306
50912
49815
47838
50541
47090
48312
52040
46193
51540
43210
49699
45903
47022
52700
49826
50482
52342
50395
53530
53281
46813
45503
49563
42793
53734
46248
49288
46234
46039
46455
47312
48255
53257
46189
47834
48491
52689
50299
51585
47354
51318
53068
52057
47099
45717
45391
48476
52104
51592
45961
51595
51053
53033
46212
49069
47302
47910
45277
50841
45736
50886
52205
52801
42841
50326
49171
47276
46133
46421
45773
47150
44637
47811
51990
47237
49221
50080
46463
47164
45994
45234
45682
44264
45472
52966
43482
52549
52273
50426
50637
51077
43339
49712
52281
43709
47367
46086
42782
50239
52205
46663
46140
45743
53324
51454
52611
45923
48174
48467
48139
43460
49217
52053
45931
52569
48368
49211
51438
46433
45836
48978
52987
50125
49488
49456
51996
48810
45519
53486
46164
46917
48245
50432
47305
48092
48937
44041
53361
43818
43400
49222
51241
43970
47493
46538
49693
51757
52888
46623
51897
45041
50748
45220
53080
51818
47025
48878
50981
53363
52813
43177
47425
49140
45270
48275
43036
53626
51601
48287
47882
46931
45963
43147
45061
50763
46757
50899
47532
51563
48736
45885
53206
47309
43931
52385
48717
47779
43569
43587
47250
50168
43357
44143
49585
44203
52936
44248
49392
53383
51849
45833
45827
48999
51748
46358
51756
48677
47876
43606
49859
44736
48364
47363
46992
50421
47920
44476
46575
50015
44933
51063
48341
52478
48396
49073
50778
43257
51411
52408
52758
44329
44387
44616
52626
49144
43613
52896
43804
51514
44287
51054
43668
44386
50863
50873
50531
49977
49520
50311
46238
44387
52096
50321
42732
51217
46554
48904
51336
52841
46922
49910
45836
48792
50681
52125
52458
51639
48866
50742
44346
46710
50514
46046
43998
44328
46339
43506
51450
50498
52940
45848
45309
49033
44131
48005
46391
52382
50800
47255
47135
51941
51909
48094
50561
49082
52918
51761
48569
53094
52870
44726
53435
50343
46211
52867
52438
42791
45545
50762
46189
43282
51090
46306
49602
52764
47323
47710
51533
48504
45940
44579
50800
44079
46807
51797
46277
51806
45606
51916
47559
44445
44903
44864
49598
52390
49373
48457
52037
52478
53607
43722
45711
48895
50069
44995
50342
50854
50298
48389
47040
46450
43624
47572
48895
44919
45895
48658
50433
46964
48996
50923
48654
42741
48881
49290
45448
51904
52256
47443
43190
47984
44668
45026
52090
51327
52347
46546
52551
47452
51649
44527
45736
52720
43454
50654
48148
45991
44818
45927
50768
50896
49663
49717
53510
51906
43758
48613
49033
52189
46044
51361
45286
52790
43631
43937
47526
49007
47707
52577
51562
51475
48791
47113
50935
43066
52880
45496
46072
44718
44423
47024
52289
49555
50179
47580
43568
52145
48007
50026
49343
53177
51217
45435
51822
49260
53370
53201
43282
45136
44816
52160
48327
44803
46830
46712
48421
50767
44983
50150
50227
43960
45244
53052
52182
53427
51324
42926
51711
51500
51421
53470
48899
49803
45138
43579
44173
51741
44588
52201
45486
47872
44970
47289
44955
44924
45762
47090
47969
51480
50073
50406
53618
44189
45228
49521
53065
46086
43539
51425
46667
47683
49044
46476
45371
49234
45344
47073
53022
50008
42884
48622
44356
48763
44175
49629
53072
48799
44479
49504
44302
43812
47916
53248
49183
44231
43912
50020
52918
43740
52137
48383
48372
51711
48261
47261
46167
48514
51246
43440
46585
52215
46271
49322
44499
53256
51980
51129
43512
42973
45043
47149
48235
49337
46686
48572
47656
47980
50728
50297
52175
49125
45009
47190
52656
48343
46784
49411
43375
50040
47304
44298
49087
44705
53032
45795
43624
47003
44459
50119
46221
51258
46288
49277
52097
44961
47788
48379
46393
52323
48863
52759
44292
50417
48100
53541
45806
49875
49970
49264
44540
47808
43832
45255
50686
48547
42723
50955
45080
49112
47170
44374
49755
43030
52814
50811
45021
49595
50220
49318
52686
50649
51975
49988
47114
50337
50449
51354
51186
44797
51705
44343
46908
43855
53572
43685
44386
45805
50937
46175
46550
43974
47395
51124
47587
51024
44699
50776
49110
53234
43112
46536
46068
44933
51521
53007
52679
48428
47604
51765
44352
43447
52968
46626
45552
49900
51950
53692
49714
52999
46554
51362
43526
48483
43752
52536
47886
46412
44565
43817
43769
47752
49860
46198
52320
52188
44012
51183
48474
50043
44263
42996
49919
46247
51785
45323
49875
48393
44013
51076
47378
52262
47012
47898
49990
43576
45460
49809
51051
53071
42792
46094
45160
48440
46379
46688
44965
43261
43682
53194
45478
48422
47110
51808
51588
51579
49523
44318
45684
52488
43253
42947
44568
43164
48475
48898
50554
53298
52526
48718
52298
51240
47098
43985
45471
51627
51557
46880
52026
50469
51305
45102
42987
49367
49104
47286
45973
51185
51334
46433
49614
44565
47053
50499
49594
44016
43860
46067
45263
45400
46451
46909
43176
51364
50580
48394
45059
49174
50617
44229
45965
50022
49888
48806
48263
48488
43042
46802
48589
49202
51807
52950
44066
46961
44751
48064
45810
47803
52712
42944
48448
51955
43775
52073
46849
46193
48487
46830
49840
44545
53002
46482
44989
53032
43608
48250
49285
51271
45644
45981
43306
50811
48405
43043
49709
51799
46703
48429
50490
44398
43971
43934
43254
42718
50547
48176
49628
46382
52592
47075
45590
47919
52887
43144
42727
53130
51498
47096
45248
50913
45223
47170
47522
46208
44785
53263
44557
52269
45349
47733
48854
49528
50803
49743
45615
45683
43717
51322
42954
43975
50532
51222
49079
45222
49889
43748
44303
52090
43255
45342
44366
46442
47834
45276
49042
48296
46468
44225
48761
52193
43975
51847
47940
49565
47648
45245
51902
43781
45857
45164
43451
52477
50491
53103
46646
44001
50635
42861
43367
46014
49091
47158
44616
53242
44701
45851
47320
47218
43072
43237
43550
47344
53256
49880
52083
46760
49721
50794
44305
53365
44058
42969
43541
50051
44429
44008
43102
52749
46465
48522
44329
49492
49852
43278
49804
50873
47434
49348
43610
49822
48649
48436
52431
44518
44803
52581
53125
43027
48399
44275
46619
44928
48973
42877
45108
48501
50120
44459
48143
48892
50931
53304
50654
46692
44691
45638
49050
43331
50276
50890
51634
49326
43329
48208
45312
47243
48972
48643
42765
51060
47309
49388
47175
49897
49130
52237
49087
45644
45914
45668
48913
46909
52047
50319
49436
53483
49071
46184
49272
45673
51063
48183
51394
50000
48914
44589
42923
44769
51750
43909
52642
47160
49138
52165
52830
43543
46642
52955
52805
51795
43570
43504
53351
46581
48928
52369
43556
44408
48883
52105
49239
52477
50494
44724
50970
53092
50416
44909
51962
49265
44685
51121
47695
53241
48688
48061
50643
49553
45372
44556
45244
48874
47200
43330
45915
45506
48166
46216
53120
43964
50116
46246
50553
51264
46908
46589
51887
43857
51818
50134
47107
49881
43499
49206
48135
53387
48281
51159
44528
46538
52972
53625
51255
50193
43999
45183
52876
51790
49102
46195
50902
50021
48317
52112
42776
49408
42756
49896
49487
50866
46031
48171
48958
53288
48056
53631
49032
49963
48726
53215
45265
44734
51848
50493
49197
46097
47063
46251
49541
48945
48450
52877
48451
45607
43629
47372
51814
44301
47295
43160
47307
44302
52423
45449
51092
51087
49765
50872
46045
43921
51584
45422
44891
52849
50917
46307
48367
50150
45970
51702
53362
46916
52761
45029
49402
53166
49997
50183
46947
47213
49926
51228
46985
43579
45384
50276
47964
53196
52123
49792
48938
42896
44275
42965
44831
48216
42793
46105
45394
50751
48309
52276
43192
52781
47767
46068
45412
50866
52435
53056
45046
52885
46640
52324
48378
49993
48031
46953
46319
52667
49259
49923
51656
43141
53198
43292
49542
48995
49945
44209
43531
50147
53516
51988
43672
53650
47140
43289
50347
45151
49637
44410
50183
43598
44380
46831
50579
47401
48994
47102
47786
49094
47814
49890
46836
48876
52738
51697
48503
43310
53239
43098
49397
53707
45952
52855
51720
52440
45054
47221
50139
49962
44636
49664
45121
44503
46768
45825
47862
43967
53123
47208
51261
46760
49866
42930
49684
44837
42726
50010
42844
46013
49768
47948
44585
46420
52364
51870
47450
47491
45866
49249
52277
45468
52895
50219
53197
45775
48028
53303
50705
45808
45541
47461
47174
53391
52562
48403
44012
52410
46884
43653
51718
49451
43628
53635
49507
52335
47933
51649
46451
47661
46757
45431
47604
51059
52268
46459
44545
46692
46436
49068
52912
49444
50413
49208
45690
49043
52210
47176
49664
51234
44969
52797
51421
52072
47550
48712
48406
51974
44271
45480
51717
47041
51747
49666
43791
45921
44188
45073
47065
44413
52172
49470
51535
53556
50574
47402
46533
48512
51255
47733
45287
49342
46610
53543
43953
50212
46660
46324
43855
43390
50477
50169
48628
49101
50412
48172
43553
52691
44721
46367
46327
45636
45325
47146
50554
47307
46637
44704
47380
46439
44316
48532
47972
43379
43157
46088
45456
48952
47454
52717
48339
43024
48319
44410
48662
48266
51152
46818
44007
49422
46031
48480
47242
50190
45226
43473
50833
42776
44044
44196
48191
46388
52000
52800
44807
43101
50243
47662
43551
51379
43458
52764
44929
45086
46962
53146
52555
51284
47692
43607
53598
50866
50745
50868
52155
45822
52268
47487
46562
47463
46634
49633
42799
43988
44781
53175
46125
44121
48327
53355
44659
49511
47756
45131
43419
43918
49062
47550
46961
44564
48055
53338
45978
52765
50454
47599
50368
51633
53194
43727
47562
52767
47344
48097
47861
45995
48136
44900
51014
52818
44535
49297
46486
52332
50837
45615
52298
51786
45509
49268
51910
43605
46796
53076
42834
44963
50975
43778
45770
48001
48464
43217
51651
45960
47843
45402
45143
43114
50798
46357
48671
42961
53583
43533
45512
50767
50201
50885
43095
52936
44790
47059
51130
45050
44247
46338
50470
47349
52875
48144
45999
53144
42746
50653
47837
49870
44057
52145
47570
51012
49943
53041
47046
51126
45268
51798
47083
48155
50746
50186
44077
48983
52690
50478
51189
50190
49127
51442
44708
51857
51691
42988
49683
50734
52395
47427
48685
45564
46507
47240
45948
47848
48766
50905
47576
50563
42913
45789
46159
46361
47664
48938
52983
43432
48561
45269
50010
42961
52580
49019
52577
50822
49751
52700
47289
48509
52828
46628
48883
46983
48772
45985
44230
50747
51908
42870
46784
46845
46496
44277
43626
51386
42916
50240
49660
50013
48076
48387
47252
53200
53034
44157
53369
44145
47015
49985
53457
46855
43704
51119
47057
47982
49049
44821
46953
49701
53359
52923
49232
42779
45082
47678
49301
48051
47074
46122
53168
43207
52647
48657
50477
50925
44002
47331
44850
53388
44141
49021
49168
43608
52218
46610
46921
46246
52667
51648
43280
51182
43556
50283
49582
47637
52202
45380
52308
47984
50558
45853
45882
45954
53061
52512
53414
44626
51592
49615
53642
43137
53312
52482
44459
52105
46600
49666
53095
44211
46926
45160
52847
47501
44658
47208
51474
53077
52344
49367
51535
51109
47114
49652
43256
53190
49530
44622
47839
43993
49071
49060
43962
43036
53127
47680
47833
53052
47161
51282
53620
47184
44734
50489
51517
52784
44201
50706
47697
46618
47605
49899
44241
51716
46186
50273
45675
52659
47601
47892
52850
45770
49298
48139
45354
46005
44989
52353
52095
46147
52178
49088
52500
47254
43265
43756
51115
43377
49848
48502
52813
52217
48977
50388
52625
50493
47844
44928
48058
52285
51211
53176
48734
47482
43107
49402
42742
45840
49662
44175
45146
49947
52375
44640
52570
47617
45037
47965
43011
44161
46267
43556
46225
47417
49234
50847
50385
50527
48771
47386
48794
43472
44197
45736
50938
48326
52623
46929
48414
43447
49738
52237
45105
43883
46578
47393
52990
51088
43600
45177
51486
52577
48883
42826
49422
47066
50515
47235
52965
47041
51228
51315
50282
49653
49031
49375
46474
46731
53422
46199
46009
46372
44924
42900
47547
44897
52133
50429
48116
44724
52185
42732
52547
50022
45578
53293
44550
46189
46539
48320
46978
44987
48948
45167
51196
47768
43515
47558
43015
48133
48416
49682
46733
52848
52060
46221
50231
49061
47365
46013
43057
47462
50359
45620
45999
50126
48976
47949
49518
46337
47655
50479
44065
52413
50028
46760
47435
50498
42734
47206
53244
43185
53496
47882
52904
50715
46357
47563
49625
52109
51123
51403
52500
52755
43838
50185
48052
44020
46117
43886
46665
44320
51807
43830
44240
48514
49155
47742
44092
48271
47043
43846
50918
46202
46861
51745
47467
46733
51977
45998
53615
46539
45948
52680
43096
43939
50182
44277
43258
53151
47646
43714
51974
53575
48790
47230
51783
52777
48020
44879
48136
52123
45878
52504
47983
45242
45750
53693
47356
51043
43490
43712
51020
51379
51926
43820
51566
51218
51391
44807
51648
51227
52023
44373
53368
47561
43504
50330
46880
52361
52296
46859
51385
51491
43937
48494
45677
44368
45235
47028
43584
46335
52733
48231
44819
50904
50139
49757
49053
45341
47962
42780
43363
47735
48671
45881
48731
47862
44576
44176
43378
48555
48365
45509
51902
43392
48093
48375
44679
51152
46116
51567
51508
45861
44314
53507
53683
47214
44154
45948
53418
43231
46330
46773
46095
45351
48502
53236
47578
52417
49326
43898
48282
53697
50235
52291
48856
51256
46280
43703
45453
45104
47695
52255
48330
47275
50484
47384
51010
46458
51758
49716
45904
49819
50341
47977
52544
51429
45043
45194
43136
47943
43408
52596
42957
53032
43970
44499
49766
44439
46169
44332
50847
45549
53612
44266
50782
47715
46155
53283
44920
51132
47582
43101
48451
44265
51626
46613
51451
43014
50916
45039
46659
47527
44083
46142
42993
50911
45019
53230
49743
51707
53616
44111
45778
44354
50944
47508
49244
44302
43295
45394
44009
47329
51641
44089
51080
43071
43560
43424
49344
52033
43481
52731
44311
43152
44060
47787
51317
46285
50707
50029
44911
47962
48038
49474
48152
44551
50444
53033
49645
51722
49431
47111
45869
51253
48982
50000
47506
45828
52668
47267
51525
48096
48739
45620
43685
44608
43579
45232
43364
53227
45718
49923
50848
50917
43105
48850
50565
42780
50080
47536
43031
42994
49034
43179
53399
47463
45423
43592
43174
45339
50086
43875
48168
52209
53046
43344
53623
49942
52500
48795
52204
42837
48096
48403
44637
51336
43685
53598
47417
44262
46695
46022
51734
51886
47023
49172
44049
52138
47896
44276
52564
46577
46194
48526
46030
43003
43570
44157
44706
47105
46934
45421
44613
44137
53297
43746
48380
49661
48653
45306
49780
50244
49080
52195
49608
52594
50193
53362
44072
46364
49527
52179
43541
44829
43142
52680
51971
51043
51378
52229
53155
46509
49797
48172
44124
52387
49521
53172
44616
46615
51150
45660
52117
49791
53353
43599
49406
47612
45473
45749
48151
49209
45150
45105
47754
52869
53614
46655
50049
52155
44418
42769
44698
48293
47015
53458
47313
49267
43400
43189
47601
53300
50917
51532
47474
44482
53576
50112
43174
47071
43851
53221
52454
48171
50563
46869
50606
52235
48732
45750
53333
51274
44471
49660
45267
53516
51950
45068
43284
49380
47639
43575
51214
49100
50477
48792
46765
48643
50335
48171
42948
51746
49967
45575
45592
51404
43427
43343
51417
48915
52934
50850
42835
53131
44070
43374
49993
47740
52705
43065
49998
45002
48485
53107
44944
50187
48356
49419
43885
45391
53605
52764
49632
51955
50062
47655
51003
50920
45004
44355
45752
44285
44717
46227
51643
48234
49952
52292
53469
48770
50664
51957
50238
50070
45122
46499
46329
43177
50994
48510
48158
49462
47843
47039
49476
44091
44597
47510
53267
43896
43864
45338
46157
43322
45061
48048
50180
46109
49349
52509
53713
47995
51048
43943
51018
45866
48633
46706
48194
44812
46034
46048
51926
53403
53639
42949
53332
47208
50253
51463
49510
47549
44011
46524
50585
50342
45967
45326
48096
49070
52603
45417
52882
51525
47074
42912
49988
47472
53150
53500
49104
51121
43971
47084
50574
49402
52674
47714
45773
44600
44883
43618
50330
45280
44690
45499
46886
43044
44905
47029
45111
45339
46131
43849
53639
44016
46798
42777
42905
44571
51910
52341
44092
49103
49363
42990
47464
47963
49410
51215
52320
47315
46905
44978
50907
48497
47576
45989
51991
43270
49697
44850
46376
44365
45319
51422
47746
48714
53411
47534
47170
48969
45515
50303
48101
46871
49695
52395
50137
46130
44956
48107
49987
52408
48500
44862
47112
51631
48873
43796
44430
50446
47559
48448
50977
47882
44111
52781
47883
46314
43510
50664
43266
50091
47000
51870
46451
46479
52529
53497
42997
43987
52895
43640
49561
51008
50038
46431
48173
48029
43383
48517
49921
45070
45076
46623
53571
49823
47414
51355
42922
51834
53721
46590
49399
47386
51705
43489
45368
53246
47795
51583
46464
46716
52057
52311
48194
46316
46374
52517
45471
48571
45929
47681
45417
53370
50968
52830
42929
52227
48079
45556
51178
45818
42962
46771
44202
51144
51683
44234
49716
49171
53588
53207
49536
50014
43347
44313
51677
48424
53331
51210
49551
47282
50605
51505
52384
43730
49147
53339
44434
50221
44369
45974
48897
45503
44256
51362
44210
50140
46230
50804
42751
45718
48374
52132
48597
47787
48928
46279
49602
45883
52330
46084
51194
49961
49142
44509
53508
52042
50917
44275
48144
50356
43869
49210
52586
47180
52168
52572
50349
49122
44304
46159
53377
47916
50537
45329
53142
49339
47116
53511
53438
43989
48089
49210
48605
48866
49998
44910
47432
49214
46683
52816
52649
51881
42817
51770
47437
51429
46196
46676
43001
43905
47192
49058
50997
44031
44665
49760
47500
47008
45576
47122
46727
48402
45373
52521
46032
51720
43002
44723
52844
45244
51941
53261
44790
45992
47980
52173
47372
46953
52671
45433
43298
43817
53731
51023
51057
46691
52223
48804
49981
52316
49981
45348
48154
46728
51808
49064
43643
44700
50679
42925
46909
51621
45092
50868
43648
49379
52960
45849
48760
46342
49337
49695
44249
46429
43387
49344
53096
47800
48063
48889
50990
47523
53631
43309
48556
44898
44428
43132
48613
43448
44246
45145
48100
47523
45130
43500
52445
43685
50298
53376
49484
42853
46001
46071
47155
49556
50588
45462
49834
48386
50587
48261
52137
46909
48065
49225
45173
53466
50275
47935
47933
48877
49296
44199
47917
44264
52498
43187
45123
52504
49180
53483
43756
44237
50173
43432
45950
46836
45785
46583
52995
53036
47585
50771
50595
49742
45679
44654
49962
44797
52595
43131
46015
53276
46533
49256
52094
48645
44680
46287
53055
48449
48582
49482
47265
51481
44376
48918
49949
45642
51026
47495
46577
47185
43921
43889
52244
51026
44390
49118
52861
51314
49157
43567
45390
46205
53208
53348
48557
51529
42826
52179
52855
50395
51779
46798
53672
48490
51061
46627
51467
45237
48812
47140
44170
51810
48469
50977
52002
47812
47899
47370
49527
42772
51736
49349
50761
44102
51889
52512
51873
45439
42762
49154
52695
43123
48092
50733
53733
43851
51517
47283
44419
53333
45444
43133
45391
51449
45454
43854
52909
50263
49003
48994
46345
45209
45438
51634
47464
50820
53639
49831
47197
47612
45899
47087
46335
47965
43058
45617
52715
43596
46615
50295
46714
50881
48390
51909
49855
52324
53490
51651
51013
49846
44280
45048
43152
42890
46290
48218
52940
46502
50274
42898
45285
49670
50304
47362
50756
48804
45431
51550
50812
45916
52640
45048
44308
51678
48569
50331
49908
50576
50562
47797
53520
49267
44455
50541
45831
48521
44814
50090
43582
43449
43114
53447
48563
51516
52671
52199
50022
44889
49641
48997
45157
45884
45691
45798
46171
49743
48890
46709
44371
45963
52521
46364
47245
45341
46717
46397
52913
52049
49370
44374
47544
48211
53016
46112
48754
46024
52013
51710
53441
49931
53059
53366
48974
45541
45324
52721
47623
47866
51715
50691
51579
48774
43518
48627
45245
43053
43401
51360
45086
49923
48449
44571
51578
53219
46029
47589
49208
46607
45435
50880
45139
47372
48074
43693
43820
43944
48237
50392
51327
52481
49809
44020
52948
46082
44187
53644
51591
47784
46522
43297
42841
45425
49788
47272
46780
50409
43286
43859
53191
45877
43041
50415
43357
53175
49495
49227
43325
52436
46987
48331
52615
53205
51715
50236
52378
43912
49452
45840
46089
44374
52623
53723
49719
45230
43900
47463
51529
44269
50875
45297
47432
51285
44258
44953
43323
47787
49340
48131
53103
46615
47663
49441
50855
51788
43853
44362
45885
52792
45109
53292
45501
47871
52285
43148
51608
47104
51514
44930
46671
50804
47937
43292
51555
49633
53562
43846
50286
53322
52271
47947
53436
51721
48841
52930
44779
46572
50728
43388
43682
43378
44991
43355
44643
47357
49572
42887
44202
51024
53457
48061
50721
47537
52814
49355
47311
48680
45900
52492
49803
45842
48269
47438
43485
42886
52656
45445
44607
45941
46933
47340
45104
51675
51700
46042
46403
49786
53320
47906
49346
52091
48110
44980
53555
43651
45750
53278
43960
43307
51605
47582
50109
50202
49537
48429
44082
45058
44817
49058
42731
43428
43496
50463
53003
44288
50268
52373
47327
50834
47881
47553
43234
50840
44202
44426
51423
46124
46711
43165
43347
47021
49608
45898
51862
52010
45806
42791
48189
52778
45082
47279
47688
49418
51274
52754
43822
43631
50844
51445
52446
50980
43560
44102
47185
46475
49974
51470
44022
49170
43956
50324
52015
50400
48212
44677
47385
52024
44823
52595
46309
53703
47221
43954
51225
48530
46350
46118
48704
43294
45552
49913
44129
50081
46417
49303
46582
52301
53453
46804
45750
49430
52827
52182
46941
43626
44912
52798
44387
45177
47824
49692
43998
44523
50392
48260
44282
48335
46247
48022
49469
44945
44834
51065
43276
48430
50796
50053
44793
51139
45866
49896
46039
49943
53074
50529
52712
53203
44486
47865
50249
47995
44549
49501
50978
49388
53005
51462
46465
45060
44691
45625
45227
51680
48383
46469
46396
48701
45948
52512
45915
48406
49762
45745
50049
43610
52100
46449
47878
44293
52278
45855
51500
46201
45449
51225
44683
49958
45069
47427
52658
45139
48780
47429
43312
50268
46867
52858
44698
43453
46689
51247
46077
51562
50883
50484
43465
46230
45668
43582
52180
43691
50691
46440
43448
43875
46609
42921
51911
48900
52535
52589
43878
48873
49745
47831
49591
43185
50744
49298
49349
51124
45418
46157
47016
52268
47396
52761
53317
50430
43771
46783
52648
50573
47551
51364
52909
51292
52274
47709
49494
51765
44291
46454
48276
42921
51845
46679
43740
46245
43766
47203
46232
52112
49177
44520
44932
48723
44551
49443
49590
49066
50763
46071
43147
52043
51231
42859
51048
47105
47010
48273
44837
45093
47206
48539
53171
43434
47167
51033
48816
44285
49873
49943
53382
46590
50852
52679
50687
49200
47521
46140
47544
43137
52301
43072
52164
53107
45276
49940
46063
52772
49519
51023
47141
48037
53317
45415
50584
43454
53019
50892
53041
45712
46802
43135
50178
50297
49343
45798
43458
48477
48787
51382
50910
44062
52163
46309
52721
52245
43858
50448
51256
52824
47790
49780
48618
53220
47212
43565
51303
46196
42800
42848
48803
46031
46378
51660
52847
50113
49640
49025
50810
46055
51759
52577
53210
53362
44937
44521
42806
42905
47329
49564
45646
48433
43412
43147
46327
44202
49676
53554
50766
48879
46345
44760
44006
43952
46590
47901
44689
44578
43239
48712
52400
52574
51430
53333
53295
50301
50687
47143
47259
42785
50188
43917
48167
49451
47256
43694
48010
46357
43350
43811
45238
53633
47916
44583
47588
49028
44133
48026
52865
50374
44789
52889
52531
48832
51202
50210
49416
50810
47954
48999
45046
47049
50327
51854
48890
47297
48838
44923
46058
50521
43798
43438
46950
44838
44699
44633
48557
46181
47178
52141
48482
50948
53623
53180
48597
45516
51668
53442
47484
50817
46382
48188
44912
44880
44259
45003
45419
47753
44754
47555
52065
47785
44511
45417
43874
44711
46786
51799
52153
53008
47902
47224
53356
53359
48912
48889
42725
48219
52549
45481
52202
43227
43368
49387
48746
42931
48525
45636
48977
48047
53642
45016
47918
49325
44528
52778
53065
49735
45334
49892
43346
51338
47173
46365
47980
51307
49101
45900
43137
46561
48776
52299
46401
45936
45116
42826
50044
53286
50821
46443
45907
48884
43673
51374
45318
53197
42871
50708
49163
49533
44772
49339
50101
46369
49446
50660
53684
44611
52381
46168
52653
43444
43943
47168
43879
49986
47856
51964
43240
50665
51205
51023
50439
49815
43151
51829
51517
50437
53399
46426
51559
43232
45698
46840
48577
51410
46292
48973
50823
50335
53043
43750
51580
53063
44195
48844
52329
43348
46282
44362
45456
49174
50903
48596
50156
42904
42823
48431
49901
52627
51180
45957
48115
48816
46287
47881
47354
45210
50385
46442
43529
48624
50526
48866
48550
51226
46993
48876
50358
49933
53413
51047
44145
44484
45001
45864
52400
48582
52496
44663
44247
45307
51616
53043
50478
43858
49375
48068
45929
48956
50804
43137
51246
52823
50331
45967
47974
52271
45898
43117
50549
53179
52617
47553
43945
49827
48406
47585
53550
46221
50342
45023
46818
43948
50889
46385
44144
48807
52368
48325
51887
52119
44117
45004
49466
43691
43957
45477
51255
47819
44672
43661
52808
47688
50659
43167
48923
48104
47683
43960
50628
51142
43464
48837
52347
50322
48008
43379
47576
49757
44257
46342
45068
44646
46275
47663
50968
45416
51714
44514
46472
48212
49075
46129
44807
49944
50106
50932
52169
45036
52018
50752
43796
42839
47836
51360
46414
44913
48561
45158
48471
43266
52620
51278
47972
50302
43460
47576
46882
47427
52474
53491
49500
48873
51681
43647
49876
49547
51915
43771
45402
46400
50923
48610
44635
49283
52722
46125
49804
53674
44761
44305
52417
44234
47803
48493
46591
51403
42999
47432
44755
51237
51272
50761
51761
50028
50125
48425
45939
49764
47287
48534
49579
51970
44931
43931
48540
46592
49827
48239
53231
53731
50519
50133
47808
44507
44336
43450
44429
51065
43256
48206
46727
51448
50187
44580
47910
45169
44213
45549
52630
47007
50877
51116
46519
44486
52215
44745
43936
52465
47911
50672
42912
45328
49816
51825
43065
50870
52694
53308
45296
44049
43450
48763
49442
49317
53115
51029
49409
44989
48860
53523
43976
48023
43571
48681
44993
53440
51210
46745
49686
46970
51758
42918
42777
50471
51585
51113
43666
43233
48358
43927
50767
51155
52210
50198
50731
53152
50803
50872
50831
47249
44450
51238
45608
43457
51691
49244
45187
48597
43766
43295
47157
48540
53050
43691
50661
44401
44717
51831
48078
49409
45990
50520
49906
48575
50295
45271
45423
42811
47922
45553
51175
49950
51788
43231
53366
51110
50156
43947
48804
52458
43087
44693
48637
45477
44981
50334
50840
44889
47608
47556
49316
49086
47460
46752
47687
53648
51213
46694
43936
44333
43947
45203
53511
47133
49748
48500
48967
43135
45162
47766
50706
51985
47498
52971
52316
53598
51920
46155
46355
43571
43792
48692
51519
44352
52355
48215
48386
45812
46285
46811
44158
42956
50731
49141
42849
43868
51975
47261
48896
50991
52142
53263
49819
45416
48856
43978
46373
48835
47380
43253
50752
44325
46903
42854
49955
45707
50929
51175
45971
43387
44980
50353
48803
48110
51613
44792
50376
46825
48030
49883
50883
49561
45807
53162
50429
47822
50554
42995
44218
46602
47134
46671
50117
47165
42764
52849
53167
49451
53234
46610
44912
53650
50080
52300
52278
48738
42758
48343
53156
46859
53473
44903
48951
46709
50789
47487
53306
48514
46438
46554
51595
51513
44057
45255
45050
46821
52158
43731
50597
47660
46438
52435
45503
43197
49568
46973
45472
44090
46075
49916
52294
42912
48810
44866
45445
50324
46783
46051
51223
44309
46725
44878
44276
52851
53535
51200
48449
51538
43202
53386
46963
44602
51730
48058
51824
45924
53375
46279
51392
48802
49764
51692
47985
46103
44686
43686
46313
45525
50817
45786
44514
47150
50246
42850
47249
44527
47396
46045
43887
52986
46436
53410
50467
43814
49640
44331
53312
46378
52796
49189
52666
51379
50925
47898
50955
50003
46535
48372
43690
52163
53425
52281
49409
53430
47943
52061
43780
