63031
61818
63080
63060
63321
62354
62782
62012
62136
63389
62431
63552
61964
63383
63310
62580
62378
62346
63202
63411
62219
61965
62285
62157
63660
62033
62470
61961
63571
63226
63355
63093
62439
63022
63520
62982
62480
62512
62597
62582
63237
63094
62824
62134
63031
63656
62579
63486
63278
63164
62527
63401
63456
63590
61910
63140
62045
63631
62376
63689
62625
62018
62870
62381
63187
63406
62131
63621
61823
62689
63368
62441
62857
62543
62707
63609
63331
61892
62793
63207
62469
62692
62408
63669
61811
62768
62871
63464
63128
62857
63119
62419
62587
61912
63628
62133
62100
61808
62970
61858
62504
63437
63665
63190
62864
63064
62075
62204
63528
62269
62407
62425
62274
63068
62251
62177
63545
63366
62760
62961
62473
63102
62595
62857
62889
63668
62277
62547
62290
61832
62191
62652
63294
62061
63102
62123
62604
62686
62056
62532
62575
62379
62813
62430
61785
62548
61968
62957
62686
63471
62821
63448
62949
62187
63309
63507
63228
62320
62589
63232
62213
62452
62105
62943
63563
63370
63464
61988
62540
62658
63028
63679
61834
63290
61801
62568
63679
62910
63007
63623
63541
63538
62141
62661
62930
63357
62507
63573
62828
62710
63251
63603
61832
63418
63240
63021
63572
63090
61798
62411
63645
62374
62291
62887
62705
62518
62725
62411
62032
62772
63350
62981
62554
62141
62380
63097
63555
62622
63171
63528
63395
62729
63373
62517
62418
62824
63343
63331
62095
63458
63488
63379
62198
63624
63040
63382
62262
62427
63581
63702
62608
61931
62851
63321
63648
62542
62702
63103
62944
62570
62724
62579
63186
62037
62899
62041
63056
62279
62187
62515
62750
63533
63670
61834
62458
63633
62482
62842
61814
62096
62747
63533
63625
62039
62826
63265
63665
62672
62598
63512
62039
62816
62846
61892
62326
63484
63304
63148
63116
61900
62901
63080
63185
63687
62430
62254
63208
63397
62056
63657
63428
62815
62227
62139
62542
62739
63638
61948
63373
63235
61981
62240
63674
62936
61865
61936
62097
62521
63544
61944
62990
62585
61801
61944
63312
62999
63493
61914
63552
61878
63010
62962
63504
62471
63018
63256
63380
62806
61954
63497
63141
63307
62826
62493
61972
62749
63210
63001
62548
63452
63009
63264
63471
62852
62029
62702
62732
63229
61903
61863
62454
62028
63149
63153
63154
63244
63590
63226
62252
62986
62617
63227
61832
62028
62719
62072
62172
62766
63094
62296
61890
63167
63583
61917
63345
62163
62324
62493
62946
63649
63144
62574
63240
61796
62172
61816
62850
62160
62240
62577
62900
63603
63454
61953
62914
62388
63460
63382
62232
63233
63058
62426
63065
63614
62069
61955
62213
63174
62435
62430
63350
62679
62247
62534
63607
63533
62829
62917
62839
62576
63236
62488
63503
62499
62397
61825
62493
62799
62942
63173
62978
61917
63418
63343
62358
63383
62528
62514
61785
63682
61958
63262
62335
62572
63544
63553
63103
62886
62447
62169
63368
62500
62436
61862
62649
62106
61957
62915
62556
62081
62651
62260
63314
62359
63026
63429
62258
63116
62954
63665
62393
62615
62371
63508
62452
63182
63677
63224
63602
63252
63588
63452
62709
62902
61828
62807
61844
63412
63609
62765
61823
63175
62124
62595
62648
62400
63333
63110
62837
63400
63685
62596
63478
62280
62188
62670
61839
62886
63610
62217
63365
62270
62516
63224
63180
62750
61828
61869
62250
62689
63300
62670
62408
62329
62709
62914
61840
63130
62582
63466
63622
63277
63299
62105
62106
63090
63313
63308
62593
62556
63396
63668
62445
63259
62883
62946
62148
62452
62300
62409
62521
63292
62743
62321
63246
63088
63689
61940
62618
62712
62302
62333
62855
63224
62637
62789
63143
62332
62096
63248
62426
62493
62123
63691
63181
62150
62321
62373
63401
62439
62026
62533
63364
62318
62453
62870
62325
63318
62372
62105
63596
62362
62844
61848
63408
62755
63196
61804
62792
63068
62037
62712
63364
61932
63662
62048
62319
62051
63594
61922
62850
62876
62871
62992
63621
63159
62505
61984
62780
62573
62775
62860
63115
63298
62069
62209
62267
62403
63394
63429
63348
62881
62100
61836
63469
62273
63455
62670
62896
62708
61968
63361
62834
61928
63411
61832
63477
62431
62341
62719
62304
63649
62421
62447
62846
63294
63705
62263
61946
63662
62987
61934
62447
62738
62276
61991
63015
62636
61969
61852
61965
62995
62089
63081
63636
63019
63092
62204
63303
62508
62172
62664
63453
61971
63131
61993
62543
62319
62988
62076
62682
63250
63632
63288
63468
62913
61876
62634
62215
62615
62679
62387
62996
61826
63599
63169
63507
63148
63429
63569
61829
62549
62509
62367
62710
61954
63302
62456
61842
62354
62113
63692
62043
63571
62244
61830
63191
63463
63678
62858
63519
62252
62674
63041
62382
62608
62127
63443
61911
62661
63183
63563
62949
63351
62949
63331
63569
63319
63669
63545
61920
62810
63339
62026
62860
61872
62674
62674
62629
62152
62022
63552
62241
62764
63085
63256
62622
62938
63479
61839
62060
61797
63687
63062
63262
62918
62188
62141
62127
62153
63261
62442
61865
62563
62943
62787
63624
63468
63668
62211
63120
63496
61832
62594
62867
63503
62432
63046
63347
61866
62294
63643
62364
61890
62976
62120
62907
63156
63370
62890
63153
63037
63487
62710
62748
63293
62419
62065
62264
62893
63520
62876
61790
63666
61876
62635
62158
63633
62618
63589
62802
62942
63658
62244
62131
62717
62734
62012
62543
63352
62001
61923
63563
63549
62502
61786
62980
62580
63559
62989
62272
62625
62155
61823
62745
63647
62538
62920
63193
62037
63041
62186
62299
61931
62129
62380
62083
63257
61931
62853
63473
62326
62404
62165
62602
62181
62687
62519
62607
61832
63416
61844
62630
63209
62166
63502
62588
63312
63331
63159
63621
62473
62154
62413
62794
63352
63480
62882
63632
63462
62247
63453
61898
62418
63260
62655
62214
62397
62986
61801
62889
63533
61968
62459
62338
63503
62457
62900
61869
62211
63180
62602
62109
63033
61814
63625
63664
63318
63048
63636
63290
63043
62808
61844
63559
63599
62675
62744
62541
63305
63068
63006
62617
62871
63127
62176
63293
62221
62745
63494
62317
63439
62008
63145
61945
61846
63053
61914
62795
63286
62241
62327
63499
63473
62030
62969
62585
62948
63363
62092
62397
62757
61885
62442
62049
62661
62097
62776
62796
61922
63364
62754
62783
62110
62648
63601
63367
63569
62745
63689
63403
63491
62290
61830
61992
62511
62609
63678
62213
63054
62645
62132
63498
61984
63052
63323
63607
62193
61893
62921
62123
62205
62393
62724
61794
62872
62280
62582
61975
63345
63283
63477
63350
63613
63018
62616
62440
63268
63669
63476
62002
63235
63009
63451
63667
63083
63424
63068
62071
62472
63457
62826
62887
63440
63296
62144
63589
63571
63451
63467
62280
61908
63449
62349
61841
62419
62481
63169
63351
63632
61998
62219
62420
63039
62757
62542
62794
63494
62197
63359
62318
62041
62632
62544
63260
62798
62252
62631
63552
63451
62314
62691
62665
62032
62966
63290
63062
63393
62821
63014
63135
63435
61939
62433
62976
61954
62975
62012
62614
63407
62183
63230
61842
63075
63394
63414
63057
63428
61999
62803
63410
61898
62952
62157
63032
63058
62001
62824
63568
62734
62042
62547
62773
62797
62820
62804
62733
61908
63262
63342
62111
62103
62099
62605
62378
61905
62221
62914
63320
62737
62184
62576
63235
62813
61785
62744
63278
63158
62913
62010
62622
62250
62398
61893
62054
62190
61851
63066
63097
62172
62569
62815
62429
62938
62008
61992
63444
62394
63524
62593
62619
62224
63641
62465
62178
63654
62071
63630
61796
62905
63604
63279
62674
62767
62367
62836
63159
62487
62561
62839
63419
62418
61837
62634
62762
62617
62042
63266
62904
62387
63397
63266
63562
62748
62647
62972
61911
62502
63144
62105
62448
62197
63511
63280
63641
61821
62308
62329
61848
63018
62946
62613
63353
62807
63034
63647
61975
63392
63039
62099
61885
62293
62786
62594
63683
63015
63635
62784
63672
63387
63156
62928
63215
63165
62607
63655
62168
63222
62891
63530
63148
63095
63680
63321
63332
62942
62669
62978
63284
61988
62487
61821
63509
62364
62393
62037
62343
63033
63244
63487
63276
63539
61816
62911
61900
63274
62495
62935
62209
62026
62655
63505
61973
62867
63333
61845
62940
62754
62885
62044
63054
62631
62679
61896
62976
62713
62485
62577
63203
62095
62145
62127
62117
62125
62482
61955
62881
62422
62074
61999
62886
62321
63025
61851
63309
62109
62685
61811
62881
63494
63585
62614
63264
62204
62846
62339
62917
63205
62474
63635
62317
63576
63391
62989
62267
63097
62467
63012
62711
62973
63572
62059
63056
63488
62305
62727
61943
63096
63544
62812
63143
62275
62799
63077
61968
62695
62852
63583
62292
61996
62078
61877
62268
62217
62898
63111
61935
63032
62261
62673
63554
63241
62632
62309
61920
63616
63448
63147
63668
63418
63562
63375
63406
63198
63114
61913
63628
63636
62192
61968
62494
62993
63333
63000
62009
63276
61909
62695
62868
63307
63578
62497
63659
61903
62396
63611
63458
63559
63617
62459
63138
63427
62559
62027
62417
61848
63097
63586
62003
63324
62531
62915
61946
62497
62391
63425
61846
62346
63287
62159
63622
62486
62890
63701
63483
63496
61813
62802
62991
62599
62294
61877
63329
62667
62677
62305
63487
63091
62284
63049
63188
62886
61986
62180
62432
63693
63205
62770
63134
62627
63232
62250
62089
62448
63360
62709
62270
63177
62722
63203
62024
62055
63427
62177
63572
62193
61893
62363
62444
62315
63357
62529
63211
62769
62703
63655
62439
62600
63615
63317
62839
62663
62691
61918
63520
62166
63397
63507
62021
62517
62953
61936
63703
62622
62801
62611
62286
61965
63078
63519
62000
63639
62290
63613
63158
62780
63154
62958
62827
63112
61965
62157
63706
63514
62822
62426
62934
62351
61834
61923
62363
63036
62845
62291
63148
63651
63115
61916
63053
63541
62084
63208
63417
62443
63255
63334
63411
63001
62622
62615
62515
62097
62799
62879
63421
63440
62656
63201
62860
63271
63087
62703
62000
63579
62576
61832
62419
63423
62895
62945
62846
63188
62704
63385
63415
63663
61937
63416
61916
62738
62019
62868
62681
63101
62932
63646
62726
63420
63229
63706
63705
63072
61938
62325
62091
62700
61817
62115
63322
62955
62278
63632
62017
62355
63098
62032
61892
63423
62773
63158
62767
63679
63657
63354
62607
63324
63204
62596
63278
61794
61805
62295
63690
62213
62958
63465
63365
63346
62574
62890
62161
62201
62404
63616
61947
62205
63544
63355
62526
61832
61970
62600
61841
63209
62086
63547
63214
62319
63329
61920
63011
62879
62878
63678
61836
63525
62817
62135
61920
61831
63427
63016
63445
63517
62721
63137
63285
63003
63651
63501
62552
63220
62650
62159
62837
63279
62148
62440
61809
63480
63241
62089
63193
62795
61922
62738
62247
63090
62629
62639
62916
63318
63616
61867
63381
61896
62804
63068
62121
62514
63525
61866
63530
62016
62164
62962
62533
62482
62145
62512
63696
62219
62055
62937
63253
61804
63697
62843
62953
63325
62379
62833
61854
62693
62403
62059
63256
61822
62003
62705
62362
63700
63522
61894
62988
62844
63254
63292
63434
61907
62162
63448
63249
62325
63218
62097
62006
62139
62007
61819
62240
62920
63260
63435
63425
63490
63503
61936
63656
63249
62933
62572
62772
62719
62867
62081
61967
63522
61901
62305
62312
62882
63556
62255
63704
62615
63367
62348
62451
62201
62075
62679
63335
62306
63503
62660
62299
63294
62821
61977
62025
62972
62272
61863
62390
62621
63007
61791
63047
63287
62406
63275
63524
62563
63656
62493
63208
63278
63205
61903
63395
62954
63083
62207
63098
62543
62096
63546
63338
62955
62187
62785
62690
62842
63631
63164
63031
62750
62190
62173
63573
62742
63619
62421
62144
62682
62554
61825
62900
62404
63277
62602
63305
63380
63196
62216
63319
63131
62161
63208
62115
62097
62667
62623
63488
62812
61808
63677
62822
62208
62943
62845
63543
62967
62480
63007
62510
62616
62693
63083
62749
62953
62126
62529
62657
62863
62272
62656
63292
63660
61964
62417
63033
62526
62441
63517
62044
61841
62535
62166
63631
62644
63481
63126
61969
61874
62323
62744
62066
63287
63212
63527
62842
62154
63563
62903
63392
62810
62049
62289
62325
62874
62234
