2098
288
9844
27
1
485
272
3
4
50
674
30
11322
194
63
6655
386
276
11
3
829
365
1093
131
1425
1
107
3
16
5274
1
291
20
145
2557
1352
471
5
275
814
2886
53
6936
2
8
7
4592
6
2133
1257
107
15
63
12
7010
9
32
6
6192
2
376
15
9
16
1797
286
138
3447
2976
3504
166
66
1783
3138
14460
2367
1326
16
1045
2
3129
8751
55
11716
5
2
20
296
1
5415
1891
6
29
261
750
4652
8
14013
230
329
4291
2185
10400
8
805
28
27
9873
3823
379
34
36
2742
2310
667
8
3
8
953
27
6911
4
15
4
3739
2070
1
17910
1887
13
144
678
2
202
1955
352
350
1406
8
3394
99
377
91
1
1423
24
1023
720
12
3174
2
2
448
2713
2
1
1
118
240
10
39
8683
440
157
4
1048
123
422
2057
106
326
34
2453
5485
625
7697
224
142
1002
10
11
66
2837
8
4240
2608
4
6
8325
4
225
85
28
233
18
21
8
5147
660
2
10
6380
114
7863
35
41
2934
1216
795
5
1675
5692
16559
1596
385
233
412
1003
14
5
4672
134
297
475
1606
12
342
2
3231
4094
512
113
26
1536
45
6659
354
334
1579
85
12582
168
503
40
777
7
3401
2
15
4790
1091
3796
6
3298
7
2
2
2236
12
4705
5
4
228
11
149
13639
249
3222
256
1
97
3
2
85
28
2606
1099
1173
730
854
215
7
719
2993
84
2492
584
10101
1312
1282
41
128
3588
1159
1849
4
105
15607
101
2244
1
2384
957
1149
11
3
89
136
35
1351
49
1
8
17
5
2147
220
175
4
4
8
31
13397
279
5
272
6588
34
859
41
55
4
1933
42
6039
284
4
8039
1211
1
287
2
10452
9160
56
5
1
4615
4
4
230
268
345
7
75
101
2
9691
13
4803
977
4628
7
1
167
17345
3095
10378
214
54
19
92
5
1
10490
2827
10356
271
16371
2
1597
26
15674
9754
29
67
3
629
3
2989
1
121
8
1102
3522
96
875
1139
455
11550
39
35
49
4
10
20119
13378
2635
66
3976
743
20
6
38
935
171
61
264
2
88
47
750
39
1506
9226
11658
80
35
18
442
2
2839
532
232
6449
337
33
48
6
790
142
55
7735
360
51
17382
335
93
6317
382
60
498
13884
30
2
2
4
1
17
42
2789
309
6
2803
66
1
9915
7030
18
999
142
4338
3560
40
20393
14
50
16
27
4518
17732
2765
1044
129
3626
2
2831
1084
3
189
4981
2566
160
1787
9115
251
361
610
793
465
86
2697
1
245
3881
818
7
1
3710
854
1906
1
1144
45
263
928
603
21
81
18026
6
781
20033
17
2
3
16174
4132
2
6
8
1881
15707
3
1101
3573
122
565
1011
8
2544
15233
22
7055
95
13532
65
46
952
12
87
184
1
6906
6399
11
14932
116
3
3
613
15
15
16
14104
243
5721
2
4883
49
122
15
3
30
12
1
74
6556
4
10
4177
259
339
1794
2
5778
821
23
49
1
8
23
60
670
4353
1
446
11
7
752
16
328
8
62
13
2135
294
527
10832
7417
8
7615
12
1725
94
2153
1809
5688
39
112
7470
5770
7296
23
12718
192
121
20
4914
19919
66
9
71
39
76
2480
8091
1391
116
3
172
58
72
486
484
21777
7141
321
605
4
6
12211
3
791
4
5
17136
2531
2
10
9568
9
239
4
12
462
15496
13474
1
5696
37
8523
2618
2
15562
12334
13
1
2570
283
1224
22
372
67
2
2
183
5536
9506
21
162
13350
382
10
5
1047
11
4
2
42
8343
5
431
35
9
2
2
358
33
62
12
10
1
11066
16689
18039
19
156
17308
1
10
50
5
1
5
14
18
6960
231
804
400
17
4
2850
7101
1454
550
320
35
36
5
1868
6
1659
233
14
121
1
18
30
35
62
12
45
1317
380
4
416
6179
7343
13619
297
5
12
572
540
9
50
7841
749
1090
14
155
159
595
114
18774
5
3
3
19
10580
451
2646
1432
18962
8
8
8
19791
4668
2
9
404
1374
3
99
3317
2299
161
1543
54
34
15
4141
473
7
20133
1103
3
2337
7
10
20909
15
6
459
540
1122
1
1382
8664
88
508
129
957
2595
7486
3
1
4
1749
4695
2262
439
1589
3171
3
6
4
7
141
54
3
9466
2258
1
10209
7348
135
44
3
1700
10445
1
2050
63
8658
16
87
1418
3
51
5
134
26
6
1723
474
3126
17
15157
16965
6
21
370
2203
11
232
2720
177
12790
2270
2936
203
109
15
6565
2744
47
43
919
1855
1
2781
22
1289
2
31
51
289
2
207
9
13
125
2
19623
5111
19806
109
5419
1512
925
2911
2228
899
52
4
3087
30
20
5003
107
33
30
446
59
1576
10000
413
1030
153
7604
3982
477
96
1
25
5652
10925
717
1
9
19
5331
81
1
2265
141
3341
10253
9
3
3
363
4971
161
6896
876
21
22
52
9
144
2
23
1918
7
38
175
1
5
350
255
11
35
205
57
4192
12947
57
385
3041
1992
6170
671
596
2284
270
120
9173
27
646
7438
28
4
1
3118
254
27
550
726
6403
2588
3723
2
4
2
3
3
20583
18207
6
100
133
1
80
155
228
32
4213
14522
95
14
4897
5
235
19
1097
12
4
19125
869
5
1704
3
302
4817
3423
69
1
3420
18814
40
3084
677
227
88
11435
1
5225
178
282
120
3201
465
607
999
238
3445
3
41
6
8
3965
5469
20248
41
3106
1157
1
1690
6481
992
23
4
613
420
1962
5
508
4865
203
450
5
2915
63
2212
2
11
1
14
167
4
251
283
581
3270
231
185
37
18
258
3
304
11
360
6299
2750
4
5
1067
6035
7785
55
2
7903
30
5
16
147
89
21361
1200
5
823
86
17456
911
1557
932
28
83
11
59
1
2513
2
2539
37
70
622
62
1
78
162
93
3294
2
11766
119
7819
546
277
403
2408
8385
168
1836
801
29
5006
7
95
12
3208
3
1
1066
12
930
1649
109
626
124
210
95
24
175
40
9740
20760
151
55
4394
26
11
2
1645
269
11525
1
63
2
301
2
14
2
10527
598
27
3671
38
2
3837
1958
1344
19735
1
7
424
474
18220
5
5411
151
4
1
1712
2
106
3
112
21591
2
20220
12
629
10656
2
4543
52
1144
215
2
1322
9
1544
135
180
1
1135
710
13
2
450
1219
2
19
806
12351
159
5426
21
120
4762
2825
751
186
71
6
1983
18
21606
5512
3277
367
965
491
1
223
3
184
428
3
76
24
5548
10809
9664
258
61
2
2
13503
14368
1
20924
8
72
2
291
15
5
14
8155
260
1164
26
94
352
33
13
13
5615
701
118
941
16
467
88
41
9
425
20
1
5
19
77
1
1
164
14388
280
1
1194
1
11
3
7291
2
934
471
247
5
1
152
18337
17111
3619
2
4712
49
67
21164
53
39
368
32
14910
533
18064
18574
2
6408
7
15
10640
3
533
57
6
119
2
1
2860
753
12654
32
16
33
1857
8
7
19262
2
3867
6
9050
4
15
325
979
1
51
632
926
331
1029
517
25
19386
4422
105
408
11987
1014
2
351
305
685
893
14
65
9312
2
59
1254
130
12307
179
1
3
3530
9
113
475
3194
16893
541
3
4
274
12228
1334
200
8
5
539
61
2
59
40
4
12772
6
8
17
4569
171
5
1476
9439
10550
989
312
23
4304
530
41
21
4
397
21
13834
37
3
719
1310
4
2
558
11
20422
16
464
4228
904
1
9
326
13217
6250
90
4
59
510
213
1026
2175
2
16394
9816
2
51
3450
39
1
555
865
948
6
251
1717
17
10816
851
7312
1
6
530
326
13
1655
36
9102
2008
39
3
3023
2
5049
7162
20
7203
703
52
17
7111
298
10
200
18
15
6
3842
72
154
844
21179
698
2386
23
79
2
6
8702
37
3772
3
566
3
4362
32
3
47
115
3
4
10
1372
13049
4759
14
2
7
5592
1298
3
2045
2422
2
3
806
1104
2
2
41
1
8166
9
170
41
4732
13629
16
732
102
868
283
3590
40
3
741
3708
22
17783
1345
14114
1018
36
3758
95
7971
2
26
170
64
2320
187
5
3726
54
353
4
8
2495
5
1738
2
49
2
1033
11783
20
647
682
852
4356
260
88
6
111
899
398
15125
1
14
2738
3953
10029
33
1
22
26
11
16
12395
2
27
3839
3
2154
59
2424
51
7106
3
15652
433
1
2142
6
229
2
70
9154
3338
78
125
402
11
437
5096
8
30
2
554
2773
65
346
1524
6362
2023
2
27
439
3
14003
71
921
6
857
84
6
12
480
1429
433
4
5
138
7
16
2957
10871
1
15956
13943
32
2
15
16
1762
2220
2
1362
2895
4255
3716
583
1828
16
10
15529
36
88
499
1044
18627
1330
10610
24
10
848
3951
13
6294
245
57
2
63
2
23
4
2
576
47
33
23
7374
351
4
1895
2
11952
11
2
5
259
711
1079
3
3336
13426
2866
453
162
2
9
25
41
250
14134
2785
186
21
2241
198
2041
919
20277
599
9
2
620
5
2051
4
42
76
89
98
3275
1979
9
6
2399
10
18000
11
4
55
335
8313
617
10415
231
3
41
3
14
1414
32
19
1240
22
6
7572
574
10
1250
1852
49
13
4749
33
1127
1439
93
1043
4091
14
520
90
8609
1651
1
64
11
3
144
37
15
1115
5430
16
1743
4053
1
1
5
45
6078
2
7
1
3
11
2813
5
156
391
2705
188
319
646
1131
4
59
13697
19933
1523
7496
3799
7588
915
364
2
827
80
72
2
243
104
305
2690
21668
5
17923
14316
2204
21
67
8973
10036
28
15
4
3
2301
13
111
7653
16606
2
20292
8056
10886
571
10740
216
18
9
10
118
12255
51
2756
2771
10
13
2
99
7
29
5774
1
2
1058
219
10824
5
2981
2054
122
898
1501
427
5
2
255
73
270
8
206
1452
761
14501
838
1157
8726
13
21
2309
8
24
11145
1
1
1568
871
631
1
2665
4776
4827
10
4016
13756
51
1456
13825
2
488
1
257
50
2427
34
987
4
4
582
4
2207
3
9
2279
10793
28
3
2
2
26
615
31
7
20
59
31
360
5928
2
20162
6044
13151
2
20657
90
3308
9
10678
2
881
9
21514
3
3
2
27
5
416
7
1017
1815
18534
314
1218
1638
14889
521
30
2
14296
116
2012
5
177
313
2167
370
8
3
3124
619
1
2
2848
4800
134
18
1458
3
2448
98
3655
1667
8
261
384
38
10007
3
1
20090
73
27
238
13
3210
19
3
131
5010
20894
40
13388
25
1
9
152
310
296
12
17
13179
19
37
39
28
1284
44
72
224
15854
7
202
7
21240
43
31
63
7385
5
3
103
32
57
209
358
3
3537
432
48
1191
344
493
11
49
3
39
1
3557
16116
118
9493
19442
27
2
72
4
8992
2339
50
1
4454
37
66
4563
17
333
865
2122
288
106
391
7
97
1996
219
132
7
36
14
121
1
207
5
5636
2315
58
10
34
52
2218
620
2
1010
1472
9
3815
55
34
5607
2
5
8
4869
77
1
73
1
5
542
20019
1266
2
1
2420
367
363
109
688
11098
255
84
873
152
11
18
5
326
2
1
2239
7
5
7
2
2253
13095
20
20321
88
52
10
58
4375
7
1481
3002
183
135
10246
1
16036
10
28
27
42
6276
2
4876
183
4501
477
1462
7443
1652
76
1158
13493
3078
4
6
639
20379
7691
1
122
11
14773
2
993
415
21
12
1
21
51
4
467
26
1179
6
290
7301
19
215
11
156
506
2586
80
14
322
2
24
5334
506
52
553
30
4489
26
7096
213
167
5
83
2237
17
6
146
18
67
572
633
6
120
30
148
227
16162
26
2347
658
2
69
9
27
20
218
96
4039
224
1300
509
11
75
4
49
262
2
77
4
15
39
656
1245
5214
5
632
6
2
6
3
1297
485
200
20834
35
2
4120
356
3
1
443
12781
11
6
24
1
538
11241
88
3
25
8
337
5576
21964
295
59
3
637
176
156
518
8
303
26
20047
7020
6803
7937
1
5700
157
711
154
4
1877
3312
51
3217
12
10763
4
3660
482
863
1182
76
73
64
3
4307
8301
13551
2
121
101
275
5
7275
5
4222
26
621
214
8
2
9500
7
1
4198
204
5603
43
14
58
163
68
3
158
32
893
211
1
15
3379
3702
365
2
30
1
2
19947
92
71
4109
37
1256
221
108
3632
5
2083
5244
1767
264
9
5
1177
421
7091
181
9
2
5911
31
1
196
1846
5
3
709
259
15945
6
2349
4
95
1552
74
21453
212
1493
24
4
879
12
7
40
256
148
5357
779
634
6
20
655
2
2161
52
58
37
511
1662
85
7752
26
21545
1572
18707
11257
6965
84
54
1
1
7
81
2
1835
16324
1
190
2
1541
544
129
3
252
70
2
1153
2
482
7
1694
20
102
34
15039
6183
1207
1346
1
4599
24
190
13
19
6
1
20
4
375
8114
3700
250
50
7
8178
2
13542
137
243
25
18
4062
8457
161
1
1627
2
745
906
80
21
207
5676
10
27
123
2
64
2
13002
847
58
2
67
16881
221
6214
1
849
22
50
17770
5
478
6645
6
1
13
9
1397
1034
2
1
18
5
1042
81
203
11
3
10
1359
7040
229
25
2
94
24
357
4
1287
4
7680
271
481
6707
8536
38
15168
1
189
6
3
17
5
9
174
16
8
62
94
5757
2063
2
20
2164
2
54
1119
35
34
60
1
9802
1599
2650
60
168
82
187
2905
2
33
491
6
2497
2
648
5584
1621
9
2214
19876
87
31
4
9684
204
9239
2
383
2926
56
50
1033
15
24
2
4692
28
6
6650
6
1504
5407
7875
167
2
77
1
72
6612
298
1
1285
57
25
13
287
1
42
4
1427
2
4921
103
5
3
44
962
13864
16
73
2181
11122
19
201
16
14
2
19235
12185
3
2605
75
260
18285
7
289
3755
2
5
5
1
3282
253
2
13
8427
2
2640
883
168
2
43
514
2170
2
91
3
2
5071
2100
80
4
927
53
113
715
76
178
2
345
280
48
140
1062
10
30
14
1205
7626
143
8584
890
4301
6
6
7830
33
331
57
2
4
44
5
6
3
721
538
2
3713
15
196
4273
2036
855
11
119
2614
51
5259
497
2
8
1395
2
6946
10
1892
29
79
2
35
886
247
43
8
41
14
745
25
11
4
3
170
3
511
1022
36
17469
32
749
707
5
336
9
29
38
4
296
200
17898
640
4
9
40
373
4
4
165
128
9486
31
43
8
46
1
7539
8
7
5
74
1
102
2638
206
1
4
20191
11
13
5
4
46
9957
11
100
714
3
4642
47
665
46
10482
1788
180
114
1
1
6
1
148
144
716
35
256
4
388
1
3
38
3
414
240
183
2
2
228
118
163
43
7
44
2
146
17
689
11
16243
105
7
4
52
263
2
706
2
11834
5632
36
15
6926
29
3
3399
16151
139
3831
21
1688
1072
612
11
2
1325
39
4
8
2389
1
1
4059
124
1
4416
94
4
10
12
22
3482
30
10
16
2088
3
80
4
7
115
4319
1296
12
226
26
774
87
729
181
2
39
436
167
27
16313
104
1848
37
3
4
108
1225
8445
2506
175
457
1
2464
1635
1465
16
931
671
18
108
4123
6031
7610
36
46
229
33
10572
17872
4
6
4285
447
8475
17
188
169
13963
126
119
7
48
15
212
4225
1041
316
9943
16070
323
8511
4
523
17581
1548
1244
4596
10
35
10786
2
58
149
70
324
6
11
187
286
5240
380
132
3
9830
8947
13
664
2319
138
5
219
7126
1
4
5624
6579
897
1550
35
5
440
1
23
341
1
28
374
2469
3764
31
536
1201
46
195
1
5
3
95
1440
12369
7512
13
9986
21
3
11
15060
2
250
9
6
3
2457
107
12763
3
2
7459
3
155
3
963
8960
4605
1279
8
226
3850
15
5118
1566
1
1
396
32
9
2530
9
17
9581
105
2
22
132
78
3
18841
2
34
20642
6
150
1365
13
828
2103
9513
91
1
1664
31
42
2488
102
42
6626
6376
7
12176
11
16869
943
2966
2526
1318
119
156
185
30
18442
2
16
182
4769
158
1736
10
27
64
2234
7327
241
10137
695
118
40
4097
28
4246
27
5085
58
196
193
3
5
18680
43
7869
9
2
1252
452
114
669
226
24
197
21932
2893
48
9279
3909
2035
122
14
1
2
117
219
4201
241
8068
10187
1047
552
11
4162
10587
8
67
237
266
1180
4
13
14
12
1
2
60
2868
5996
15
4
10
106
44
15
6
301
8
4
10319
2444
1417
3305
5
104
1
15028
2209
1008
340
28
6
12298
3
14
81
4625
1969
171
3
141
12
16
478
312
5133
43
1
6528
5857
90
15277
2002
673
138
9
1133
81
17962
3540
24
19
51
3062
1777
2811
4
360
997
2555
8
2
10840
87
42
1988
2
14720
5
10
3187
1
34
96
383
4
3542
2
885
352
405
12681
1939
7
189
3036
509
334
519
1376
5107
8
426
1335
5729
22
338
939
174
183
94
32
1293
1057
300
19
1457
167
1198
3552
111
88
1
1
31
21823
644
771
2
46
182
137
1389
22
10
10
96
1780
5218
17
159
5
4147
8890
6872
329
4
2968
9
2711
32
2478
3021
6
4381
4
2579
895
1
12
2501
1
2
117
18482
11
2
4
7
23
5
211
586
9011
4
49
1001
10349
7
2
52
2
15
3
210
11370
2
1446
2
144
283
13058
26
794
1585
13
11
132
187
621
18
3
10151
8
594
126
25
47
88
9472
4495
1
57
1929
1479
58
13785
82
6
8708
13874
371
1197
12
3
30
6
80
5248
16105
12
6
12818
1516
91
22
3334
6467
1796
5664
2296
3
2
11
63
8864
11
18
7
6
6
3406
7
3
17
347
2
71
18
47
20879
53
1420
3514
1
5423
21
29
2
13
61
678
19
14
3578
107
5
170
209
4
12700
187
119
6263
8028
984
78
4387
6070
3
1147
85
5828
1
132
2
559
5
31
1431
2
1413
299
448
37
195
11
8016
418
13
1
3
358
876
37
29
10648
1519
6
1445
2
30
1851
3
17444
1262
172
2
4942
407
2391
1553
11792
4560
6
2
4
250
492
1
3937
210
2
2
7
195
414
11
7
57
1
454
231
355
369
3
386
29
4996
2
2
2
79
888
3
473
7491
5
2
2
8
2
21
6
296
6
421
1
181
165
405
229
2515
5
7
177
1
4935
24
601
7
16
4505
419
31
6371
3
349
4
14815
12090
125
2
6122
47
290
15485
2682
3489
3993
44
1236
5064
149
87
1965
92
2852
323
3
75
6712
234
15
31
15
685
5907
2
2
1
1757
7
5104
3010
564
21
135
4530
197
4
2724
107
3331
1089
34
478
91
321
242
6
24
2158
2503
31
2034
3911
1
3327
14
1
1209
249
169
177
2709
1
1148
8
43
7322
285
3550
6916
30
4
62
2819
3082
505
66
30
2
9
3017
73
11193
173
271
1937
212
39
51
102
40
2
7
8184
9595
75
1
404
444
5644
1202
14
27
2
275
456
123
29
1917
8
269
4928
5
4
7
26
5021
590
3793
256
86
57
19
4838
1167
856
18259
2
113
3601
470
96
20554
2667
1275
933
1384
33
13
5289
2
203
7
60
982
16
103
3120
13726
9
2230
54
5766
1
16809
1
19469
72
16
3212
3122
53
872
8
6857
2
111
1
2564
49
4
1313
565
126
4270
94
19331
12618
19567
17695
16383
4
5270
978
20627
675
8966
11
1
469
14245
9
3
8652
746
52
5481
1277
1703
5285
606
1556
2
2329
2
2094
199
31
22
4
1
10386
15831
3320
13894
38
3142
1914
7
8481
202
1
10144
4
3289
1
2
29
11
6
395
10
381
201
2
973
10086
11225
17394
36
1214
15
5
460
19
585
411
44
181
7
7
18
2165
78
9
4
18
500
105
1
147
7
4
24
1156
3
6532
43
2
5
38
11
1007
3
26
4
606
37
56
4019
564
1
61
13993
15146
4992
222
3
230
28
1
77
2512
45
1756
21499
3
17669
1
19
2625
71
4685
5327
389
4540
169
1473
154
3634
7976
5
477
8695
6697
537
1499
47
75
5281
231
10
82
170
2
64
3507
36
1393
18
6
6842
2955
197
21
3895
410
34
1727
339
511
2974
2699
146
959
185
12290
1192
839
53
7
59
57
92
3801
11427
5
1004
436
84
20999
3686
112
2
5849
26
15
1075
6
48
3
61
1196
281
1763
232
593
32
9385
2
9
74
9
1668
540
8
2903
1624
70
831
59
3
9
3
1468
65
111
5580
12
14
602
769
2623
5
5129
1107
681
17
9726
9950
7
7136
4
14626
2
964
17885
12
1
110
1
1
3812
3777
98
1371
4
14
9
10
1356
5
1387
61
743
453
19
2
7
15
17531
1
20790
211
2398
17594
18
17
868
6741
171
7
676
1873
7599
3
71
49
9206
4144
20
2504
2659
962
54
1800
8
8979
191
792
4
16
64
128
68
7
10195
400
8307
1004
9657
2
12413
5516
67
27
8
1826
21622
7338
3076
5668
1
41
1112
10964
8
47
440
135
13189
15775
26
1
101
103
297
488
2
8530
9
2
1442
5361
125
5937
12882
60
3
45
9887
9
14225
69
26
1705
5
252
240
160
2362
19962
4
369
5060
394
6813
9561
46
13
1
1265
5
4042
4752
39
4932
833
1170
2
26
7708
1126
133
47
5
681
6
7
244
2162
3
2
51
1540
3
1670
22
599
3
1
600
389
6
1721
4258
8560
17
5
489
8391
1928
4
2342
19
53
8137
82
33
8409
20745
6598
12012
3
174
4974
253
304
462
286
4573
252
2302
449
4
15
2
43
6
4252
238
4
245
4
33
7
1
4
2104
5
86
140
3
14023
5504
1
2144
194
1
366
23
14
6326
13
26
513
20
374
40
5373
18949
125
3
151
5308
4
3089
213
297
688
11019
5
8487
1304
2
4729
2
402
5170
13
2136
592
4978
549
9043
3547
314
18854
14657
2568
85
10
2
9677
494
188
64
222
2
908
2
6477
3
495
8
28
3348
6
4
3362
19
86
9292
80
17
1240
63
698
1
24
4390
6
9
700
13815
2734
20969
3
1
172
5028
195
36
11944
94
1253
83
1037
1687
10275
2
7
126
2
68
539
2
457
284
1402
86
188
20
1555
1
21
176
65
1437
19
860
299
419
2
46
16990
2
4325
1
432
28
652
5162
1
1925
692
3
13255
9479
2
3945
142
1229
64
10686
9
2
235
4
62
3
44
2
21
9768
30
3
25
931
21
42
30
12900
7
5
7000
3
8770
79
20062
9
40
14
217
95
1145
10043
706
32
112
5
2
5
3
143
1105
953
3
6096
21483
392
718
18077
1274
6
361
114
2
934
6330
3
5
101
575
6
83
2
2730
4
3
14063
56
2928
171
2
4
123
15696
1355
3
1
1923
1
90
1194
8615
2
17
215
6
9358
13687
233
6789
286
11
4
46
2551
3480
26
2145
44
2
8
9
1
19
3071
12
113
132
338
3
4
12
4
2055
4030
10
6
3284
3
17
10505
4988
1243
1269
7545
6509
184
1896
2379
25
3
252
535
72
5
47
1100
2
1778
2
1
73
26
2005
3
15990
7
563
38
1053
890
327
9
159
12
18
1189
90
85
3845
4
9761
1
11378
241
1865
1242
206
4276
34
2793
1
16
2
2
2371
6353
18667
1308
3
4
15
3167
125
23
59
2762
126
21715
1368
43
186
1
26
6
9922
332
3545
20437
3509
714
10
2364
3098
6
507
1648
2
2648
759
1221
2322
10618
536
3567
4821
8
47
13
91
41
433
2
15
1215
21560
2736
130
21044
2
8
25
2
722
2
11
10
1306
104
14
2
10
8451
240
20
318
69
55
1119
16
5
14836
9
754
27
211
544
3524
494
107
480
2
27
3645
2
11
9
394
5
2304
1096
3069
225
611
64
6546
12
219
31
34
72
99
154
26
5745
3372
42
4
124
134
11
1
545
2
980
328
5195
1594
12124
7914
721
13
115
54
2
22
4
1290
5595
417
13805
25
843
26
5
8
687
1856
4
30
1435
18376
3382
97
8783
10371
3611
14879
1
8733
1123
193
284
6
37
4
6254
26
95
560
3
12
58
2352
1231
602
65
4852
110
8934
2
3
4
2
3996
199
16929
401
19905
1162
2324
1160
14974
4
18194
3906
1
8591
5
28
8
3
973
16630
29
8
616
105
789
19820
14
4082
19
187
198
109
15
135
32
115
631
2610
2891
9809
8463
6022
434
15342
3616
4756
77
2
5
1
7280
577
85
108
5473
16
7
5229
14235
2
5924
36
807
40
1
235
76
11281
1068
13609
46
2
41
1948
1
9
216
92
144
8
4
68
48
1875
658
5508
21
13844
1019
2
39
8011
16
14847
824
2250
3629
938
85
64
4537
11800
281
2
350
11
8074
4
11
1607
273
1601
3
5
2
35
403
9795
4
16266
244
2
2
63
3
341
2
39
14
34
266
33
1
60
155
2
270
680
213
759
650
191
7631
6
221
760
45
8
69
4
1
557
555
50
2
13123
4
13
18116
1
50
7758
176
2
73
4
15585
10
69
15809
3
3621
5836
772
1951
1081
184
1954
4466
763
2
4
9547
258
357
273
9338
301
16
243
1731
11
6726
10
335
575
91
1
10
1110
347
9
77
19
47
36
593
1019
40
10878
16
125
49
29
1086
2225
10
2
1443
68
13648
2
5
48
3228
317
8337
3692
2196
945
2327
61
13
158
6
4010
45
6109
48
3256
218
12
194
23
1226
7
7218
202
1448
226
6335
3045
27
193
34
8
7
2
4
4
15
36
3
2
1686
2417
33
12
5199
274
85
13
2332
96
12246
5
3650
1518
12
612
100
4
2
6026
429
2701
328
4
468
3
15
17
29
21270
136
1
2015
54
6
2
18
48
798
25
16857
5
795
26
6862
9733
67
2
31
47
1451
1678
16833
2
149
2471
19
9
102
3259
132
8677
8789
2
12
3
468
15
19
49
3
16
10
1
846
22
12404
117
111
32
1998
2728
319
6
1079
10297
45
24
15
1138
18935
66
1561
26
5
2
3115
209
642
383
2
50
327
4
1
363
51
198
129
3
16453
4911
10423
3013
5
5899
3875
426
3
14
18
3
1871
10
50
17432
21
39
1247
165
2
2335
1535
1265
2
6440
18
4609
932
376
314
7
78
2474
11591
80
2
16197
17
2434
15082
12
61
2560
28
188
7
1
21684
6
1
1
2
84
364
208
11306
22
5672
2
1
1
1584
12827
1314
8745
1689
3606
2
3252
15
153
6631
207
16336
4
906
18
202
799
267
7
159
64
20
1714
14
1
70
9965
81
484
546
16441
2
6
556
1
855
27
197
17172
1
16231
8578
35
3
55
487
248
101
649
16255
12
13331
6
20
5
2393
166
7
12
14409
15
6
1154
441
35
3
34
118
23
298
2252
1
907
264
3
9894
104
3147
2
5115
41
3684
31
3
424
2693
93
8776
14337
12431
21576
122
1
90
9774
2
849
1
11
35
15967
42
1
2178
21
14
15397
16488
4126
10
6
773
461
22
4
2
3
123
2
1056
742
4
59
20
3
3058
560
24
512
10
160
18389
4858
4
249
43
1
960
151
661
5
104
8621
7
8941
2
282
10
7954
14
1009
41
558
13
5042
8379
2
20598
30
29
2
12484
17
175
47
294
6
3015
28
1036
609
20306
123
54
6113
11201
2
63
4344
6245
268
1
994
11501
989
132
42
48
166
143
2899
3028
476
2
3
324
115
12529
11050
1383
19303
5992
1
1514
3694
2907
99
13
3
2
3
25
25
257
8126
338
21
152
536
198
422
4
2
1
10
22
2880
19
4
1059
887
3233
15331
2
3
7332
385
51
14398
3156
21300
44
2
3
346
24
1053
3766
1567
2365
9
321
3
3942
760
2127
577
69
2
452
384
3
715
1358
11
57
11
20
4
109
4589
15752
7
101
1295
364
308
20
1832
179
7359
12
60
44
77
2
368
18640
1163
19016
29
1
206
42
13590
18181
10
111
242
1
2121
835
371
617
242
21376
592
129
2
3
1810
12
4745
4189
701
3
12
4174
220
17
87
2
2
3403
8542
618
166
4027
2961
6
76
1
866
23
707
99
16093
14
100
18801
1063
450
292
5
124
29
4
535
3
2740
91
278
4655
79
8896
568
37
4
153
11249
2
21
8
1971
178
3408
3113
2
1
25
80
6
2
6779
3
139
1
14543
28
25
5544
124
7480
17
4
588
1693
3192
21
15764
57
787
212
1884
2872
11338
9
1609
464
19
67
10755
12107
1508
119
5181
169
843
9372
11
237
6886
20
41
3804
3131
305
3004
1
10158
9
485
1502
28
837
2
4
12
6
3
9
309
5
2086
179
1426
1
2884
1096
20569
600
6852
1155
11884
108
4498
25
2
504
3
28
2182
55
220
5300
20510
14826
28
3519
161
1
13170
23
689
9285
1657
45
162
6
11460
12
159
5
215
21224
28
94
9698
2369
2535
329
94
19098
2
4234
587
2026
846
3608
407
1818
185
422
1069
23
3
634
36
11851
2661
404
9405
9
720
6
5
8
16024
1
1364
9128
2
1
654
483
7
391
25
3
34
33
22
2
895
3367
621
1222
204
210
1898
2
589
15364
65
4
45
767
18311
3
291
3
16476
75
32
123
11
16797
3
2
10
13114
610
12573
12873
4
24
6721
8207
12502
4249
7566
5
2
69
2633
97
17
5
116
21
66
10
818
575
11314
7
15419
17050
23
36
18
9837
29
59
1385
29
2
40
7835
8
1280
17148
4406
9199
5
21761
28
3
196
44
92
13227
34
6052
8554
293
1386
10709
2394
532
6
548
34
20
1063
2
5
3135
19
393
38
2
3
4071
1
533
12055
14
24
2
10
58
194
1642
26
8296
662
13775
17632
3914
7433
61
9259
347
58
25
6
43
1
7353
929
791
975
248
3
1753
1
11674
86
9121
2
1
2888
119
32
96
3324
1630
32
61
4556
1665
784
333
2
995
80
722
5151
489
111
1730
55
75
4397
56
15135
115
1276
1
3
687
42
186
2
316
1
700
12168
2206
5520
88
6636
14804
27
2797
4
42
12
8
6
9246
3
13600
1622
11
9
2858
2
11
3750
2274
14378
65
864
3
279
9
2
6
51
401
12
10
56
2
3396
4
1707
381
2692
62
1
136
3745
193
5454
106
66
20452
17123
12663
702
2
2
1263
12
10557
1492
11901
2
12564
6
22
9908
753
8190
16
15179
494
3
3140
25
21792
5
18922
1
189
25
2
435
2
4
13
16289
7
29
14
1
321
110
7796
21808
7664
172
1
14184
3
2807
2
1025
3
797
110
763
10
1
17
650
2674
4331
1
70
1123
399
62
1239
5
502
2
267
86
5
18614
145
4
354
2549
3
2
9670
21
142
3038
93
3067
120
49
2
330
8
17
3104
13
2
7555
209
46
26
16
5024
1637
65
12116
7577
136
30
2069
80
1
8
457
236
3
18
5950
3279
78
1088
9318
29
80
7502
675
1040
1461
6
58
20613
2
306
8758
2
409
3637
2129
11
384
5353
39
11
3512
1230
315
10778
4508
174
1
41
12891
991
331
598
3034
79
238
1072
16
239
14
1
148
1
15
10093
18
3
2016
16917
9588
5
3287
8
16208
30
21
5
28
34
177
65
76
10941
2
3
314
17682
6794
82
4
13983
32
183
1095
158
28
1378
1
3820
3897
2
15
2
603
683
8278
7213
1
6
7
74
5556
2
4
21
3
9712
7702
191
3
50
21699
414
59
2833
14
5
986
10
2
210
1894
1623
105
230
18455
17
6174
82
3158
7
382
5
2843
6
505
666
25
279
87
265
2
2
86
242
3
1525
3
26
1
146
23
126
73
98
166
38
56
7
14574
52
4
19372
111
15888
154
61
3
20731
246
3
15
557
11
21995
49
22
60
21
4
7
17720
9056
2334
46
62
1806
2
20
103
3358
7
628
17369
25
379
239
258
1288
3818
7
2
29
18403
4322
4967
4294
568
58
8627
366
393
21
3
14
1020
142
2
147
205
4441
472
2
62
736
13274
16582
1605
378
8397
3990
1
18
6201
116
5266
82
24
117
12864
128
3
2
127
17
813
44
7025
1
24
128
2760
6
15
4939
8433
3
15899
1
1
4
25
3
61
6205
117
3
35
3718
2073
17332
3
1879
853
163
191
10956
388
8
1113
31
11161
53
1560
15876
4
415
8
213
8248
222
1014
174
3676
911
9
29
116
309
265
373
7193
4
12360
5038
1
4
6745
107
1
11
5
3455
6560
738
4
3
93
33
27
573
11
2
11058
112
10129
13
4068
1
1
6321
21901
35
71
748
3
9
173
1042
59
2878
163
4893
4
955
4204
4328
24
6
2856
419
1428
2809
72
6
2118
821
197
21870
16
4
21
653
1223
5173
6161
96
1
223
1
775
6100
2
2
12325
38
1
12809
120
71
260
5958
7
13
3
660
6593
1
5461
156
4960
331
3
48
5
11
7
5988
1
2
2715
1710
437
25
20
21979
395
616
110
102
19
2
15
307
191
12974
1114
605
23
11468
3
975
423
1957
2
52
30
29
1
13302
8
14
214
7
3
5588
105
13
5
77
50
73
415
20364
2403
2
82
7
42
11859
5089
381
1
3245
639
553
1200
8
1
2344
8
458
4022
2
9
233
19153
3939
770
1332
359
8161
29
3562
5450
679
10304
156
3032
6
85
266
2
1867
29
2
827
409
12591
208
1661
1641
61
23
6148
649
1728
3
177
150
956
379
18
6
116
5
6683
247
6
2436
1136
18013
18
4
1
19207
273
15017
2874
1165
78
41
156
17644
10855
955
7942
2
1281
475
1329
11
17
4447
1
16
10
123
119
251
201
15049
153
1134
1273
3
7648
1
23
4476
12
6426
366
78
4907
7244
5
50
18
11
12004
2601
201
390
1573
386
113
1021
70
14
1
18
507
1310
280
127
466
16
2621
9
13795
6
2
1
14174
24
5
2
2
58
8143
3603
19595
1
17494
14
3
14731
12520
505
2
1
298
88
488
6
363
276
836
4216
12316
45
6
4264
348
248
1286
1161
2924
21392
5
176
1251
2130
19862
4
3
3
58
587
43
458
300
2
310
4115
777
203
257
1
6731
3780
15474
1587
1080
11
256
2
7182
8634
100
29
34
2089
33
5
8
693
2
2
6135
25
1324
3570
3900
27
3176
10
17
597
7260
133
109
313
268
2
15
1926
4
5741
355
1035
9851
185
55
1683
172
2038
645
61
174
21
1
1212
28
5350
5
19
37
398
53
9
21
1817
55
15309
8827
528
355
10
596
10542
33
31
63
5
15452
7507
3
552
1082
50
24
7
1052
15071
16
994
147
4773
1115
18
4521
1533
16535
1709
10
2
2917
46
21194
2
4
11419
6
17834
1031
21119
406
3235
1973
48
27
4845
3
712
6
45
401
7
3475
5
7
19071
737
10
3
268
237
19044
785
2
121
3
6412
1718
2945
1
190
2
53
1
8671
1
145
139
70
764
13
4
8
4622
121
2
11411
2
24
139
442
273
1602
1028
5442
1
1
3
129
19
1674
71
1
11876
1
1
15
2548
7172
67
138
11509
1625
2494
248
21074
334
86
91
143
2179
3008
4112
137
1
609
204
2581
2
985
5903
141
153
3
9
16
138
5338
303
91
14953
21854
10217
2
7254
2829
3047
2
17002
3
17185
310
710
5093
2590
35
1177
6955
79
2138
12709
14636
168
1608
3384
1
6
3
9615
2953
125
184
8
5532
53
13
75
1
246
2821
400
4
13924
15255
18429
8
583
158
2
1248
6
2192
24
7529
435
416
43
14
18168
3165
14
2276
840
173
21
1
1342
137
1129
31
1183
7675
45
3249
1132
6152
149
70
12263
73
12029
5954
287
4
1
5
74
3
8
6
3
26
10
4
275
3
9030
147
1527
255
13359
12
5
6
1299
9063
1706
10717
1
2
5
437
9
37
17
13407
10
68
3
51
42
336
5
20
340
19359
1985
408
188
31
2
830
463
407
36
158
7518
9
80
113
54
2190
5
625
2
1
391
2042
2066
2
3
8764
206
9901
84
19
498
1959
141
56
7
1776
3
8
8
68
572
36
4473
90
60
1
7
6
10
17
3
9788
139
5
2932
68
1
2
436
15320
86
672
9392
744
7769
22
142
896
39
15
223
157
4848
220
1
3
16418
118
21
16
253
9747
1
11
62
1
38
11
3985
36
3
15507
17
94
13
2
5528
4
29
6144
2
134
1307
15430
9
138
32
4
44
966
52
9445
266
738
2
600
2052
97
1922
22
6
2
11600
5158
4766
15
16
10
778
65
1
16
4735
3073
27
3
8998
5
6537
2
26
15
2
10
514
491
2882
31
3979
1720
6236
150
13011
89
19276
11542
7642
81
20234
2845
2
976
1610
6
9
2472
131
6157
2429
3
15
7
11649
2257
9
18
155
770
4
2022
89
40
12202
35
1
148
467
18
729
205
78
2330
4
2
4
5
2571
261
545
98
3291
17481
10475
1311
117
3
13104
10334
14073
2289
52
1484
20
13
10079
2
3
18989
1032
443
1066
259
41
579
1
294
6
14083
6
641
4
16465
129
464
61
19
2025
53
9
308
998
402
13
951
8
21
8
59
2577
431
3
155
4210
112
13854
11
21653
67
3
483
30
20
3
19
27
232
199
19693
560
936
1999
229
5648
547
567
178
2
56
2620
56
165
1203
2
19139
2
443
443
2
604
902
7724
46
1139
6995
222
4
4925
2
768
4
9
225
2171
2376
99
756
89
308
26
4796
50
33
1682
1716
9
7561
3
37
49
1388
8
164
79
2047
18233
374
146
23
1
7265
31
12736
3535
15
2
633
87
3
183
2
205
6472
2
87
44
822
6
10
6490
3499
449
157
331
2
16749
1
9859
16
47
15
2
138
12
2
250
12493
10732
4
11
143
38
1747
21
116
285
239
10438
5
1
6867
3315
9
813
784
1636
13
17619
188
82
2
9650
3884
152
6518
345
78
33
10
7121
8883
2746
6784
17758
2
1
587
1941
7
1
4129
2653
55
21
83
2095
3
1825
23
6970
23
173
71
704
481
11153
578
5
1
5
2
2377
11758
19428
3
2
32
4
90
653
531
5
97
1467
535
112
1
14
5
3
735
1061
618
6349
2
1347
6975
13736
6463
4025
21346
4267
122
3790
2841
12836
73
1171
20176
3310
4783
3
13
3729
6
6
809
3
1
25
7988
5
18
289
3
1
114
3892
2
1
2
292
9
16845
28
426
3
431
8858
14347
322
42
15287
74
35
5795
1517
6
3
269
977
328
3111
5
525
54
48
19721
497
12
910
2823
2983
6798
72
11090
811
280
57
3753
359
206
21
2006
3
15408
6570
18468
10
370
51
41
267
10
12
96
24
13
1
8
39
107
917
47
17099
162
10
10
2
2
2359
5
132
11
5399
3962
22011
120
7
672
726
2
2061
1
1759
70
1
3
858
1669
17
4
1438
12511
2148
34
1732
630
2109
44
1
2801
309
433
1
1752
59
1
9
98
966
4004
1408
2
20
18
9
8739
9018
11
285
104
5
189
1463
3296
2217
527
38
14
12
1588
4
9
112
10
804
16
287
3026
10282
825
3666
785
1083
126
34
123
2
322
70
1259
10
12
106
192
9
15663
11641
171
1183
500
7
17246
4715
4
3
3
50
104
6818
12
161
82
4
290
150
1
169
1
30
8
1
356
11289
8820
6232
7390
655
1876
37
19180
24
7464
3624
18
7
1459
1698
4
17320
5304
5
13953
780
157
5979
14
480
4831
16220
5786
8
2260
2
1672
6717
657
3411
13465
19651
284
4106
365
144
96
1908
52
18734
10
383
8
299
5725
4
8
25
708
12440
21
5640
6065
265
834
4431
819
1947
24
427
739
1410
137
1510
218
1065
1436
1859
4
358
275
22
15640
13245
2
837
76
12
166
30
3080
1178
506
1
8
2
8
1380
13
123
6074
5
2542
2612
198
282
38
1
9345
2
28
108
403
46
86
13293
3856
903
1146
974
263
21
189
137
84
1
7
4
184
279
1392
288
126
3886
155
68
1558
55
129
761
5
254
607
11
184
128
1375
4
20
140
182
6018
2
9
543
319
783
409
11476
17
40
1
638
57
11011
2
203
1398
313
1323
20495
1872
959
210
14
131
4150
201
516
14
36
130
4186
8469
177
211
114
152
7
9378
2
10312
1011
151
2
11893
191
4438
12466
1143
1
125
231
2676
49
9
15
4
306
37
3
492
534
2644
5
69
7
3
2
114
463
27
6551
3497
39
2
1148
129
514
64
585
6339
77
1399
786
81
3
5
41
2
10108
5
12
16001
1575
5323
42
46
223
18
4400
4
187
13198
3973
102
1734
20672
549
3774
3
2
3242
3
74
185
277
26
46
72
4
19
1
32
13
2
1
43
78
1309
9298
398
9167
874
10
3000
54
98
386
338
2
3
5
2
7686
981
10
949
14
3
99
3785
1995
1012
510
146
2499
4550
11
429
21
2432
892
4
19
48
344
23
4183
8403
4
6
1910
260
342
4547
5656
348
4985
124
97
20
14
964
5
117
305
1466
5832
3386
5
98
41
807
17
2
89
20701
10
130
21
1
569
5
327
567
97
2159
570
24
1
6
20
67
5
281
1
4665
5155
13561
8
18103
1464
77
15596
1658
2
29
12081
73
2
17419
4718
167
15200
552
8051
4
2187
19777
378
2
429
7306
97
691
7
18881
2
2201
1695
5203
356
562
50
8839
2
1
13445
3056
524
3
3
135
19
84
13030
408
5
15
6
5078
78
6603
626
19749
42
1761
32
1187
4219
1792
645
9
69
1
3
392
870
7395
10
8689
5
39
8
18495
48
529
18908
200
21917
10
4645
6702
99
97
46
61
102
2031
199
14
1968
1
29
3
2
38
115
83
79
8
1907
82
10520
7
7999
171
515
3
66
3
60
75
2091
4
10115
6678
25
26
2
1990
4
9
216
1
39
32
4403
163
19456
3247
2
16128
515
102
60
2
7364
32
339
169
99
554
24
12
10
6495
23
2003
2
29
61
6
11575
22
32
62
5
9134
77
5
3
3
4138
172
17
12
1805
2125
3
1
7
139
1009
16
44
4
2
5
1
1629
1
172
33
109
9332
17519
1814
1
1
2058
195
17
2991
66
20
1
9
27
6
5082
9
3
972
181
12422
13
69
211
4
13
23
1
10497
1813
6
396
2009
9
1
3162
5
4
20
12
2
15
9
15353
3
24
442
9
737
2719
103
153
5
744
2
4824
149
17
6421
40
24
94
241
29
2680
2592
17
150
6126
2
42
4
696
3647
4
14553
22
19990
7380
8373
199
20466
211
103
17
3
664
362
5
45
5
317
18654
23
66
19
3527
16
19848
260
680
52
1699
44
10
3555
2
12910
1316
9
165
5
3639
7
321
3987
39
12
10
15
668
10625
2372
82
66
73
5
2
37
10260
482
2
105
343
3
1248
2
10
369
7
6389
12021
15
1
33
39
8
19
396
316
140
5
483
13
5278
11
1416
18
18521
1
12
68
1
56
3859
2
33
9325
3268
19
2
9
1495
751
3
22
4
10
377
315
128
654
17
4365
1
3413
42
17014
570
638
8
159
1791
1220
10603
4243
368
1
3
130
20864
2
779
3652
1583
2
283
802
18
57
7
1204
30
60
1
2
11
459
116
734
3689
77
15719
70
16
2
8
143
15820
1305
3457
7730
502
1581
968
6
961
13264
3575
16
7
13
1650
1961
4460
917
8
3301
254
798
400
3
3
15730
14616
264
644
1
11177
28
1
1934
5895
1799
4
14
1
1746
1490
7
24
146
80
340
2
22
7
6431
3782
7
72
949
5
1
10
11
8928
40
3
7167
840
213
4
78
39
394
1
36
38
7234
636
1
14741
176
861
946
1390
734
222
62
13
2
265
147
36
925
18720
209
38
4
9
2
7070
272
282
96
8
2
545
71
38
7401
1545
2
1108
6
38
6693
102
14
1
7
7948
21730
1
1615
12
36
87
106
134
112
17
1
11
194
18
2
1
11534
2278
74
2
302
6
718
28
4
362
814
4
8
727
657
4
60
1321
71
842
369
306
4
1
6
2783
498
14
8
3
559
4
790
390
93
10202
5
2
312
423
1911
15
142
19400
31
7719
764
25
7891
84
1400
7005
473
130
3470
1
14265
3
4435
68
55
1
318
121
225
1006
353
2
39
2678
202
7
131
73
276
4
3721
3
6760
14033
20716
61
37
2559
12047
4077
669
6
1
643
13
1
969
396
6281
18
79
40
6607
19
2767
96
1348
15103
708
254
18
134
18548
333
193
2
278
7131
20
1
659
73
46
54
281
11
45
5840
6166
2
713
617
14
437
2
2115
1056
4855
8
235
35
641
11
595
7908
362
258
851
276
223
1571
8
122
4
3060
19
2211
48
14868
25
5477
2441
752
3
2584
31
469
132
138
1915
1162
5434
19
3
3925
5
14215
11354
10
20
1692
1982
252
1
4195
92
26
12
534
3
4
9265
19345
55
551
6
9
2
6
17
1
8219
1213
48
108
72
4
7147
17809
2
10
56
3
320
7897
133
7187
9069
8439
13
60
699
226
1260
1
54
1
19497
6
663
95
8902
1434
2425
1
272
20
174
2
18
3
304
8871
7
503
7
644
1
35
1930
3
10847
5177
4180
90
9
40
1255
3149
10268
1565
9609
53
82
2
70
2
833
10467
93
28
6828
7
673
249
65
4
405
11733
1064
4
12
924
242
58
9
2
4
89
9
6
126
10072
571
190
17209
1354
372
12965
33
2
124
1025
182
2
69
625
1
2627
276
167
10
731
1
3
5
9
12
17987
788
1013
2297
7076
4566
6
7177
3
8
44
5599
16
141
307
582
2082
517
1681
37
8
542
12098
74
190
4103
4
527
1827
2
318
3030
7
7852
3477
2
53
192
330
180
162
16
21468
2672
245
748
3
526
12
26
2
67
55
12
304
677
397
45
75
3
1
29
6303
5446
5878
27
35
324
939
4168
1
11918
15
121
11
622
62
3
390
13
11
202
9
36
34
31
59
944
5376
5236
1301
27
74
11
9
8361
90
2
16
15618
124
9
53
2
831
12475
4117
12937
1
29
5
347
1082
2476
199
33
579
2913
74
3203
492
6750
51
15
16
2
808
2032
9186
19
45
17569
3968
10948
6048
1285
1497
106
6688
2
1128
3049
84
22
5984
144
3
2
17
278
1
354
10430
19707
12928
7
7
3
4045
204
306
31
3
148
10166
7
128
12
227
2079
3
9705
12
2355
2283
6259
4
6664
2
21
8
4
197
92
10
6
2
172
1027
894
2
95
1422
20
78
2173
22
1
230
20805
24
503
3460
731
30
66
133
6394
34
8237
60
9
85
47
6014
1
8
15
3205
1166
3
2920
17234
26
21746
18
16654
22
3
14
59
7824
1902
21
487
98
16523
3870
193
56
54
684
312
16725
2922
17
1131
272
5
21285
19525
10801
9
4050
2
45
1411
162
1
8
35
111
46
636
21089
42
4479
16594
10747
5
14043
5
2553
1503
17
176
9
64
878
2481
936
8
133
6769
1
2
3959
31
4
40
4
23
7
2
8284
4492
20939
19
3
103
2215
5251
8172
2575
20205
758
776
168
5619
570
6285
3583
98
5
43
4
83
17160
14647
18
757
1272
23
1
20350
1972
38
316
1
1000
27
2401
162
17
1078
1
15629
15
2019
23
4412
236
367
6
9398
217
20
67
3226
147
36
3494
4
115
178
8
2286
349
54
1591
8331
756
1
1176
8
2
4341
20
31
1842
59
24
7813
13
327
1142
16013
1054
10
23
3565
19
1
46
150
42
88
11
216
49
18
6640
18
11
9979
5611
15298
3178
54
99
416
1
56
34
160
22
15
1
6
11741
154
372
12
359
304
14678
880
7286
19
2
892
8505
2
8242
16059
9
3
9082
4444
2119
5489
117
195
8
8201
388
124
2314
1
23
381
4
17
4135
133
89
1433
1515
50
1840
15266
430
19
2
11
230
1141
9929
37
1349
6
2141
699
476
46
1900
4
525
35
116
19
21
3
1140
1
6210
3
3
7157
1
96
10972
10980
117
198
85
14
224
1
68
5493
1574
204
22
8
80
3
27
878
151
1530
2
11137
614
523
119
7
2998
2263
3043
64
8266
834
13
2
89
1
108
28
1016
3
3102
110
674
7
35
64
21886
109
1
140
72
19317
8254
115
1394
4
697
95
889
11
2288
950
8
16301
3452
10
1
2
413
4
2080
148
2107
46
372
2
1087
9636
4165
2044
3
123
17
56
57
2
22
57
2537
100
9219
246
4065
1496
23
101
362
11
265
1249
3484
5342
18
449
11074
76
4514
1
1899
19414
5971
2987
38
1617
354
1
1121
1819
110
1487
8
15
32
5
117
353
19834
136
697
74
5
1153
38
19483
89
1
399
447
55
58
20104
312
2752
3054
627
19665
15092
3923
1190
84
85
4
16713
89
1782
19112
13
1
11
852
137
21059
43
4688
6
7
4579
39
2
6
1921
2
2985
9
461
1547
14564
1077
635
72
1430
12
3697
2
105
406
6
5053
145
3
3
3734
73
13
94
261
2684
2870
4511
1116
32
581
3
18272
52
60
619
219
2317
8603
9
25
20775
1646
38
121
17
30
246
14699
15842
87
37
70
14357
150
3
1
128
5
14
1885
5
14921
2
5
127
16
2
793
3
1861
179
19
469
1
2139
71
37
7406
2540
13658
9037
290
15922
247
13142
4
23
361
2226
509
4153
9272
1
2382
16547
4
3668
2805
1085
12
8
2266
102
3
2
111
14752
4
73
445
6
6
651
10238
765
329
16
1098
12194
812
2443
7
590
6
349
705
3
28
15
513
122
550
8
10
55
6
11
182
5
14
548
9425
11
82
486
20
882
970
2222
11298
10122
100
1120
1
379
6674
38
2067
1554
19609
11
2938
1
18
18
84
2198
3
21
278
648
49
2
1
30
232
3391
13
21
2233
7270
10694
299
5684
189
258
13
13
14762
1218
11330
723
543
4
44
1634
3
81
3487
5
30
918
4033
341
50
7
41
866
41
541
57
186
3
21
1261
14
13
1
20
44
9095
142
77
127
2
1441
2
17197
2
289
479
1869
2
489
21014
141
105
131
186
7
5
1360
7
263
1
1
32
49
18350
7
255
2
56
13
675
1853
19637
472
3
33
1
31
103
5
3999
19
19
4834
4
1
56
8
2
7
4056
1
2
1333
190
4946
255
3
1038
1744
942
128
1592
730
430
1
2
31
782
2
941
68
39
7015
656
1181
224
5035
4722
127
41
35
46
886
12956
2
3
518
48
12
38
4
3169
35
4635
393
145
171
68
146
1069
6486
2
637
74
4638
7
2779
2184
147
3
5869
66
3
141
270
6
27
2
15
4359
29
2
9
13522
92
406
243
24
695
1151
754
2
2791
27
217
87
12038
733
17221
64
3
2
57
16
28
423
481
10
45
78
96
121
7
1185
5255
1089
7791
4
5
6
2876
6268
2
65
558
2113
5319
432
7
62
54
9
28
152
56
4956
140
7
114
2
34
79
3
4
389
201
19
17
33
2651
99
1093
3
13161
292
1264
28
22
799
355
4
1644
10
579
2
3
4
13678
980
5210
891
2
2
8
318
16139
835
2533
25
2
3
313
3
13
3
1
160
1419
323
9781
15
9
7
2688
2
105
728
64
1
99
356
1109
288
157
14144
14
463
19763
3
3848
18508
346
49
610
33
44
194
3
454
2
14668
117
11444
64
17974
25
9252
757
1769
14
213
10
7229
755
13
1539
947
9
1381
63
425
7593
9147
526
2862
3065
104
9
7
6139
9823
2521
9
21
4
39
510
4
2483
1234
35
205
1232
287
765
758
159
429
7411
10
1
7
1680
7
4
34
3928
1
1059
38
1296
1137
150
47
11
420
3
94
17
29
32
4742
2799
725
4279
45
14595
48
15
16
120
670
36
43
112
455
1206
12
16677
623
9
5708
3
1494
3
3
10988
36
815
5392
496
4
245
9
816
13
1
118
2
33
1
7208
12064
10
7
5782
412
2670
507
3
5046
6941
2
207
11
51
3
2522
7
16
42
163
10
136
16406
10
693
8131
4237
2629
345
52
7
10724
1350
23
6454
3
14124
222
19003
15865
2
1804
22
5
68
16905
642
30
4
9520
9574
1340
6
13
8814
16571
15190
14689
5
2
1124
63
107
1
21
3920
2
425
1369
15114
44
741
8
629
7
238
3180
5
1808
691
57
244
11817
3
3374
10173
5031
580
15375
4
2446
165
19221
75
3931
541
6
15685
54
17
465
262
1
2018
15
2
40
71
12845
219
908
171
6
71
6
9880
8
692
11
3
4
127
1327
3
161
377
93
12
47
284
2
181
16429
1
2
589
2078
153
554
4949
62
1491
11003
226
3
136
8795
9
17
9
37
195
10995
52
34
6
16785
106
15441
7
320
9936
2405
3598
11
110
3303
100
2
881
5753
10
5
107
60
420
342
6847
28
14491
199
1208
12
26
217
387
12378
133
92
2897
68
991
1050
45
19
12
4
170
2978
3
20
114
6104
7
13513
7637
20525
24
68
551
521
2508
91
37
958
133
4
7959
1060
838
11
2970
3
122
9
31
20
9
1001
66
17062
1483
6227
2593
2458
7763
9412
5
3428
3
3
18
694
8
1292
389
9
900
4576
61
261
2
13
5540
295
139
817
17606
1336
42
33
523
2943
832
5
148
11209
19194
163
14
85
8
1
21
8
59
1542
3019
8808
5
1403
5
1
2519
13340
4079
6
5
13
8
18760
10565
468
2410
665
21104
53
3
24
2
20
65
198
2
18
43
13236
175
3
5136
3769
126
113
2
1663
3265
170
409
11
336
490
20
18
18
2
42
7
22
3
1
2340
29
88
3160
6
102
2176
1751
370
51
131
244
27
580
595
137
12
343
79
251
57
127
330
15741
32
3642
6
4
23
7081
7
63
3
2485
11970
4
17271
4814
762
2573
7065
368
747
3467
42
125
9
16
1944
66
124
388
38
10
19891
3360
39
6
1246
3826
2415
496
102
667
1
264
9
6877
105
1
31
14204
3
28
1529
1167
6061
8
294
6574
37
290
131
191
5967
11935
2281
15
6290
9554
177
7475
393
248
2
4463
160
83
257
63
392
17
1
517
3
120
130
591
6196
915
81
4862
65
2528
10224
3532
5
16941
61
109
83
341
29
1377
2777
20
53
500
371
81
647
23
1345
10933
1
12
7
988
322
136
238
2
543
35
12
577
19
1773
7858
4
425
1103
4
86
7
11043
2150
2795
1785
495
293
3
3109
2
2817
174
2
4
7713
2
3
16
22
453
5853
3
532
479
40
5369
495
1
1844
1
5916
446
1
181
226
19
12691
2775
179
6765
17357
144
292
1
395
316
5
24
3
679
224
22
1509
227
2
13580
3934
16
24
54
2
521
4428
45
640
624
103
3329
909
6837
2430
1
2754
1656
638
74
1006
15244
17
166
2655
2703
2787
92
870
850
803
4
93
13
6
9
44
22
9
5
7880
7369
67
12281
1
1
11724
2
2
3
179
3
9452
5
6219
107
1210
1
6921
460
411
15551
13
2
1
1206
1283
2406
225
1404
320
7746
1
4002
3788
335
8022
2663
20539
2
1
8
448
108
615
11910
107
54
119
19
52
41
3
46
4
296
13
8
8
927
16773
14710
16
12
19539
266
4648
4
2732
1952
6
766
4
16977
1
8915
1050
19
4
14
18
6
46
2972
33
3261
3
8922
4159
1
23
2
2
166
52
100
7523
337
2
7
127
24
10917
17949
5
237
19248
466
18052
5
45
5
8646
8
86
772
246
2
1199
11
3
1
1564
340
2
1654
10290
6504
1
22
63
3
844
18324
4
11825
14942
87
15
20
1537
937
7317
11362
21149
17407
1676
873
55
8
1168
20004
15
3492
100
2075
82
6891
190
1522
1932
1978
1570
8
3
144
5
34
10909
10
16
3199
2
6
5
113
5192
1812
93
160
10
325
28
314
2582
11808
4
787
796
2
139
2245
445
4786
45
4890
556
499
11130
87
6
20
951
5
38
11395
2
7925
603
10671
23
418
1256
18694
526
1758
273
7
88
1076
712
3
4
79
10050
8
30
30
150
427
1
8
116
5882
19581
11567
5
717
410
330
2097
104
2
2
4
2
3
8
11
2
1936
7
25
8572
7
181
2
165
1
12538
16
1532
26
1017
48
33
3
1232
303
39
2
189
5560
537
1772
6
32
1175
1628
22
2
1940
16
943
375
1620
208
239
841
1
35
68
31
17
165
6
3
1474
8833
14470
6
10363
13369
2112
179
4425
10408
4048
13
19
5945
5315
40
604
14
14
9629
501
5811
3834
8
410
7422
3433
2
2
37
32
75
6
5166
5
1401
33
11961
267
17
185
2124
15386
101
4
4725
12800
6808
6621
5
5
566
48
20
63
158
2
578
106
109
1528
3
1
2
43
2
293
2
12457
147
5874
7802
464
2686
192
30
5628
2
3
65
20
141
538
8985
1701
1135
1795
5572
30
12141
240
153
64
5
12
28
12
1
2
2273
26
1
12
2451
1722
13
91
90
11452
1
32
54
888
4
12854
12272
51
70
6
167
122
262
1363
2597
336
13
802
847
12
104
32
4074
2
29
1
454
90
2
1
12555
1235
6950
6
4
60
10894
83
303
1764
5293
34
1742
12
4527
2465
5
20
2
1453
3
516
466
2
2
810
12
13312
562
1415
4582
2
325
319
820
7
1421
1111
11027
2223
11
108
1294
780
14
394
10326
11387
22
5
519
3
9141
13
18
8
2455
271
12984
325
17556
1
7
235
83
6
44
217
14
228
23
133
3
474
781
11114
4207
828
774
83
3
13086
11
13067
35
14
297
81
2467
1331
3
42
529
5
3
2
8
1
14
3
2
2
3343
2
11082
2
47
27
484
12
3438
5815
6
101
59
116
7
2722
2
4
4
18587
223
58
148
4
56
6
67
40
547
2
11
23
8953
794
54
530
6
2
1
60
164
2
18
15
10512
237
522
15
13417
113
193
574
29
14
3
4482
75
12636
3
12
4469
157
43
11
2
1
4
14857
9
7
6
48
19976
6
22
292
151
3
8231
206
3272
3
2657
348
84
17
51
35
5
1786
2
154
2460
1
165
28
4
25
247
37
4
16821
89
1
18
2
13934
1
1
1
4
1217
2292
923
1
4
406
3183
11
17859
1831
4
1117
2
87
70
39
9
120
4779
413
16
3
1
1
5865
14
17
11616
11
2189
4675
267
247
25
6272
417
16
16500
100
97
130
32
92
21
5
2450
5
3
4485
130
79
15786
7847
723
4
66
7
311
12600
84
3190
8
1
3
86
17
725
2930
17707
28
8720
3355
8149
1412
766
2021
138
1
149
3
26
69
1748
4171
1172
3
996
18298
497
14532
161
15222
2
1319
2695
11
14
2
7
6
4347
1480
27
38
24
7550
122
20408
53
4
12
98
12
43
14306
441
1233
237
6
103
7
66
37
47
135
71
8079
95
601
14
39
4
2
1
137
134
4739
15
10
2
1919
4
2
7774
180
26
6
32
4
4872
728
26
4904
140
6736
9
418
106
5
153
3
716
32
348
17
1768
2707
954
214
1074
5
22
1475
100
399
4
1
4
8421
2242
6669
22
3353
3878
15574
897
8
4
15979
17258
21255
17026
3956
16642
14584
10
15
21839
12220
17796
4886
3742
1
8801
971
16737
4
262
4
364
60
8
21437
6
1989
5
192
129
139
41
1405
19
1
1981
2947
12
460
2418
72
298
1505
3
1604
2255
21
277
5
6241
7982
332
3240
451
69
4
1
5803
11217
40
4702
28
7
789
42
64
5733
203
234
1
2307
71
235
4
9
15211
68
1880
1291
2
73
3
8
9024
29
8415
16
31
2
2
3
294
11
6
732
1125
1
141
668
269
690
6117
2
5704
11750
8213
50
22
1580
288
9
1
3
3133
771
9602
1
63
380
77
13
1612
2
10
4
376
6
353
10014
22
10
337
2
1
208
27
3517
155
218
34
5
20076
5140
6
1632
11
17
45
1
4682
12072
5403
21315
160
77
1
12
4586
736
8517
373
967
1373
656
380
11867
24
2
12
12
3153
3
2642
48
91
1964
318
2388
12448
880
241
60
1507
2354
1531
7116
1195
588
4
5
28
17
1822
36
225
810
208
315
1486
5
6385
7
430
29
1407
3658
137
683
1801
2195
217
608
40
263
15
7
17
7
317
7
6083
501
98
351
5184
16
143
3580
23
18
5
22
19
10
19
180
62
2
20
659
650
6
3
295
2487
6
214
217
270
2717
1
7
2769
3747
21209
13
377
4
33
175
16082
9972
487
184
168
20
12
885
4316
104
12
4
52
244
11403
2
5
3
53
176
1450
682
2
84
346
1039
310
43
6
1
1
49
37
1
912
900
58
18090
17
30
16618
32
300
1
8
3
43
2
905
8
23
23
2413
2064
53
8566
7
1353
3
209
945
8
131
7223
86
504
1
5458
9
8272
10701
136
438
25
1274
3
8
694
12237
20
38
27
1546
29
24
461
735
1
4007
18787
227
6
15
9993
25
24
1169
520
613
1075
3462
1614
19
34
2
6458
3679
4
2072
5
5824
14
27
14985
1590
25
627
2116
6
95
10341
4
17
4
7
3377
6057
1071
775
3425
35
5819
285
502
635
19057
16
1
10
9232
2
8
23
31
490
82
7
20
16665
13484
164
4
11517
23
106
5886
175
2
5844
1
18
66
245
149
13039
49
1
16
4378
1
234
4384
397
1
48
36
339
7780
111
2076
40
1184
182
7659
528
4
11927
274
306
13
740
1118
164
4
3809
36
27
1100
1315
7454
1684
2
14
114
5
75
300
35
9866
5
45
2
2
1267
3593
5717
2
10393
207
49
782
4310
350
6774
5
2312
221
25
45
36
14
4
3196
28
1
9005
14964
14783
23
56
3
56
1
4282
4708
9076
14
1
2247
69
38
4088
7886
4
12
5188
3917
19511
3416
1055
92
6417
168
179
582
78
5
4
221
25
4
7
476
13
5388
4
7198
4
17657
17
586
7
2
161
2
12
23
16
2
9
280
6312
8
4
8877
14286
2
5
63
11
4457
134
2
47
20
24
17
6
15
9
608
556
424
2
13
970
15
103
1
564
127
254
826
185
152
19
8
6444
11708
11775
116
18
733
14255
81
1092
5
13766
5380
3
196
3731
1521
1613
2
1733
1
282
434
20
1
6
6
112
5
2758
173
5
7
89
21
34
11233
25
7448
576
529
83
652
220
4
1
5
3
85
146
1
3435
6
14
1
1036
58
624
7
21
6
29
46
39
13455
18363
417
3
139
27
164
5233
6755
63
12
990
33
5
81
285
120
2
2
1975
34
59
3
7965
45
18
83
2268
19084
310
26
1739
901
2
3673
1188
5790
566
4013
196
22
2
3
207
119
62
17
724
5712
33
13
19553
2437
17
13
2
22
10
13208
1737
2
428
76
2
982
16
1338
91
75
187
1228
327
1444
8
51
77
74
1598
3465
13707
411
1339
274
145
164
12
871
6
6308
17506
1106
113
2835
1838
11666
740
41
1070
336
9432
10663
3
704
822
228
8
776
1
10180
72
28
914
7
8085
23
3
904
38
30
4
6
112
1278
71
100
44
19290
67
5
666
10
108
7
6
452
5749
18
3
10231
1
130
5660
136
106
2669
143
1883
3006
10
6617
3
2
6
5
56
74
2381
229
8
2
6223
1
26
6
451
2
3
11
6
16953
4
303
130
8
208
192
9
3829
2
1
3
1
902
200
6
3
3
76
803
1
3
630
359
7
366
1188
13746
6542
23
3052
11484
176
8493
22
1976
26
3
45
323
1771
41
4
65
9193
877
48
14
4085
6931
7920
2
81
3
12
277
20
1577
154
18155
9
126
9
2
271
6001
1600
43
4
3
50
317
411
6833
3100
2193
357
158
16
9
11
13
857
1
5384
146
169
49
4
548
10
913
8355
14154
1
456
1551
17087
2294
79
3
262
13904
20820
414
14481
110
2
8846
3
1
11
1470
1409
10460
42
2010
490
218
24
3144
3
43
12
15
103
1
15518
69
496
53
5
6823
1186
11691
1
81
19
2
2
845
8
192
522
6
1511
352
3
983
12727
8597
278
11
2748
6087
2029
13668
5
19030
398
651
5933
128
809
1150
3
4
1343
10863
13321
16
6
2048
13
4
14
20
916
16
23
253
163
479
21134
1
2854
34
13
27
70
5501
3472
6881
10
1715
2951
5221
3
3
343
12
2562
22
1
2490
1380
33
2
3
83
7
11633
13
250
1
76
1
65
6
1455
796
14
17
1022
61
15
2
1
52
6523
311
6
3
1
158
12
4793
4
4
10
81
65
9305
47
10
1241
14
12919
14
8
2
9
1593
702
65
125
1619
6
13
594
1671
3440
6
30
3861
43
92
2000
15
11273
7
249
2
8
8
13
8640
2101
1
46
518
140
2
2
1950
21
8
20
12745
44
344
4450
27
302
257
6
16
1051
3889
25
78
2
1
4
569
8
214
13133
5962
269
8
14429
307
6
332
4
16
3
1775
11683
40
2
2995
1
344
2
25
1337
6
800
2
7931
5075
1271
13
11035
11
1341
157
713
72
1834
3
1
18895
10
1024
1396
75
3
41
90
2631
186
16278
129
53
30
1127
10
37
7669
5
93
2
817
4524
2110
227
6584
4
1631
2
10022
1237
1913
10633
178
1328
1
7
7
2909
22
686
71
34
19
1
438
1790
361
15
5
295
5144
14450
769
14
597
164
561
7807
1325
25
113
11
131
428
82
13
61
8
221
2959
5396
3
4036
18747
7
8062
93
591
201
69
3
1
1
3
47
243
69
100
10
17
661
3
1
5
5497
10
3
15
20
1111
11842
6188
676
11185
26
3322
2
2
1238
8548
118
68
6980
14439
22
825
1
2
1
2616
7060
7993
459
3
15797
563
2357
25
2
2815
8
4
17745
1500
1986
36
17283
375
163
10065
29
4602
5
8
334
2
10
18
13
455
117
13
3
6
344
5
2439
240
1766
18246
162
2
1
434
4553
923
41
5
18
1107
10770
17038
23
2
7620
25
351
3
2
1
98
1677
36
3151
10535
216
21029
252
6990
7
97
1302
7
20849
1
875
2374
1754
11583
6435
3872
6
99
4
815
568
9
5552
7
13
3
31
7
1030
1
33
30
293
2
2271
1
11
1
1
8103
11493
34
3
14512
1582
93
2
134
12672
6
8
6
696
2
79
628
7086
27
21
180
419
1
2546
2396
6091
4
52
663
101
13
2039
12
3
31
11625
1
289
6
5920
2
234
18976
4
8120
6514
70
37
824
8005
3
12993
811
145
447
20954
5
2
4
1489
14
259
435
110
5
1562
14605
5312
820
1
244
1
8367
12546
9
16
6344
7035
16761
154
45
373
13436
11265
253
450
10057
7
1
1781
101
114
2
32
22
3970
1357
5
2
182
1477
5
643
3
25
62
1
8349
5263
69
5
4658
65
57
301
301
1447
1711
4534
1227
31
20686
2964
984
1
62
5680
862
4
1
24
5
9
4372
210
286
151
5799
13571
367
91
11699
4
1
22027
110
16
2
17
10
17075
26
589
19
40
2
31
5013
35
2
18416
68
1303
3903
623
2
2
913
37
2360
49
2510
12609
3
18
24
53
23
1
69
9643
76
8
1379
2
9533
32
665
5762
9
18
21
1520
1
15933
16047
12
1049
607
9
20148
1152
4612
746
1
12
12159
15540
67
1225
3807
115
3948
1
4
3370
27
30
140
4
302
8
3
3737
724
1993
21422
4900
25
21
212
13
10
58
4369
3
1843
2085
324
1
2763
12645
1
57
27
662
4807
15
3
33
2350
1
2306
5737
5861
85
1174
52
266
1268
6
1005
239
2
686
597
342
24
18
884
1830
2
412
332
10
2
786
111
55
109
16
4698
6
108
135
145
14
12342
8499
17544
31
47
62
4678
18601
2
7
67
9
333
1
49
6
4
1
8852
236
10
3
4298
422
253
2599
10
5564
1903
3
20
101
5438
8
76
3442
6901
55
21
1469
12386
13973
18
3864
3
75
3
127
36
169
8045
279
10
17
4
8225
996
233
910
1904
4261
11978
22
703
300
5365
2013
8
149
4
830
14419
14194
44
55
921
5
1643
11
7
24
1
584
1639
143
90
3
4419
53
19
4918
10
75
9213
89
3
8909
14
13914
2291
2517
5
14
7
11558
920
404
4841
444
124
863
611
58
421
26
4879
25
493
7050
3215
858
11
9352
9
5122
3346
228
5
445
7
1130
17821
7
5975
2603
29
197
1
13
324
3
95
3219
18
14276
860
374
2
573
8
40
4662
22
1
307
8
3
5296
1046
41
11
8290
10595
46
178
14053
24
3
311
1
2864
159
16
2
55
3
12754
6
6358
1563
132
45
1073
4
232
4288
32
1888
4632
51
216
135
4
18
53
1616
18
2411
3
6
13076
12133
7
1361
3224
1366
343
56
66
5
2106
24
18561
173
43
24
9719
3663
83
5
3263
97
8
4
9
50
14
12
15006
1
3
98
3
3
922
5
3389
2
5807
8033
3596
14
3
17295
291
62
14093
10
441
205
64
13
74
1534
10
1966
11
378
120
3350
7427
236
3185
2
1039
402
3091
2
470
7582
4
12
10
160
51
524
136
8319
2
9419
6
33
281
173
12627
3614
205
8
236
93
1478
274
5
1889
531
3
5941
2
1839
6005
4350
1821
458
50
27
1320
7152
12
22
8196
8
142
182
968
133
17847
178
76
2
28
4999
170
3
387
1
49
127
5
15910
862
800
7
50
43
2
1946
2
14900
220
143
2
1
10
148
152
156
2949
9180
2249
4
192
2940
234
31
194
10
4
108
4
263
5346
10
48
44
3238
1847
218
21948
1
4953
2726
1258
6
11608
5017
9
4
2
31
11
584
3
3
6
1
4
7
109
11346
2
1212
14
7239
7
2
14164
520
1086
20263
200
2345
76
349
6009
4810
34
35
21529
5
2
9089
8
3
2
115
4964
4409
7741
115
124
4
13717
561
2325
3430
883
1741
277
21407
14
2
11169
74
17936
5465
462
3
2
2462
20
7
104
20481
196
25
9365
40
5
52
1
444
83
9622
20
151
23
10902
439
155
140
145
6500
2901
197
2
13021
547
50
3761
5524
2060
1370
2200
6985
2
173
3254
2
1193
5890
5
315
268
9
513
9
47
1172
2
1471
5
19166
6
3585
94
2151
18129
19679
4
1697
709
40
14
16
3418
2
15
118
6130
18
11106
5100
58
14327
705
1488
30
4231
7
387
456
103
5067
2
110
1
43
25
48
1094
8108
3681
14996
13
7249
1449
501
6
1863
2168
4
7534
212
248
614
472
6
1
12
16
2132
9108
15
15
22
21637
41
20984
38
150
1485
16348
438
7
28
4
180
2231
234
9540
11
2
38
767
5056
30
18827
16701
308
947
5
5
1
4
1
2028
3
524
742
89
7
48
20
5125
2
6
1726
8260
3
12
270
15
56
5
236
56
208
562
12150
21331
1
9
97
1
222
3502
16
2524
79
47
2
105
15
5
376
70
4100
54
867
13283
1860
5
34
5568
14794
12
1
841
53
90
5
15463
22
36
7045
684
20
690
20335
9
5
384
2
29
215
1
308
929
10
47
8714
57
3093
36
36
1864
18142
633
63
24
1
23
4619
112
3365
987
8097
21
23
311
1015
18868
14
1823
9459
1027
3705
44
1
4313
5207
101
9527
1
2156
2092
241
77
13
470
2636
19
1270
2
515
13
10
36
88
157
592
3
4334
1803
17
5
4
1943
940
3
92
1367
4156
2
19
6367
2
19
16185
11995
215
23
1
16512
42
9
23
79
293
3853
16359
53
2
3
