30
1130
2
1990
364
6
562
20
4045
10
50
24
1250
3742
3
3829
204
14
3
6
30
858
1598
6111
20
2
1758
5
15615
26
1
35
2
8
26
3
330
59
3
3
25
1055
1
222
18570
376
199
3
46
7396
4
2681
1088
8325
543
226
4760
11
220
4766
7
2
4
1199
446
8
7
4734
2
633
11447
467
56
30
3672
3280
2607
43
24
4
18347
2
20375
2
3
3565
684
779
333
29
7
1
177
4
100
16566
85
6406
11
21820
16
16
24
8
2
7278
2
2
102
688
59
13
18
1322
222
2603
548
287
368
2
21
9
20211
2
2
2
5
11
5
4095
18
12509
86
21071
2240
783
19
60
17
6741
114
2114
110
2
2
1
19
34
7
112
16235
35
52
21938
18
29
706
802
16301
2213
9012
3415
235
4367
314
26
11
3
7
16
8
1422
3
5
8236
252
12
3
866
214
16
9
2699
797
3
4
2
2
61
4246
2
202
122
37
1
424
6642
156
17670
9574
5957
1
3
2243
4640
5737
158
9664
1947
7466
9446
3485
1
49
8
13
7547
25
6796
89
16
10
833
6
19
7
972
160
12
4403
3875
12
1183
1707
13165
755
11744
4
4
45
17040
139
7133
86
6022
2186
1357
4
232
10116
836
541
11999
89
3
302
6934
19702
100
6
10
2441
8
239
18
4
5321
452
11249
1
18974
6
770
4
608
11084
21128
2357
1
552
240
142
123
2
17
1
454
47
323
1550
4
11310
9
31
140
18671
132
2
2285
15
2270
5466
4
524
4
4646
1642
820
77
850
4
60
4
2
37
3
12730
17
82
2294
824
675
517
410
7
1
126
184
19
62
4596
4
6
9
326
88
203
61
2
71
5707
272
30
29
21732
21
8314
48
727
48
5496
69
1104
2264
162
16
7239
1390
11649
2038
30
1110
12815
12
125
138
3
1684
1
7142
4024
103
70
74
112
39
7
493
1151
5104
17
5807
625
258
5350
1
6
21
247
2
155
778
2
10546
36
328
236
941
7975
16083
2
9
44
1277
1245
1496
10936
3420
2
3
47
25
104
334
492
752
2074
412
117
4529
86
27
75
2845
19102
11
21997
2
914
1
1382
2395
229
459
4
11918
2494
3997
1240
43
366
282
61
26
189
1029
2555
4
15890
20238
1519
1726
4
1
23
4785
294
1833
2108
665
1826
1476
63
45
7
9134
2685
9
3
173
13762
5
369
641
51
5
2201
2467
7527
11340
6095
3
1
2994
50
26
6
1034
1
1040
22
16411
18
5
9968
7
9
16790
13
980
671
130
18721
11540
4
53
97
167
971
8726
14004
19
2
280
2
114
13
298
1097
1607
1
276
630
5159
26
1603
12161
5623
1
21
533
45
5
128
4
17599
71
427
214
2743
118
12063
13
41
5525
45
2
13
3
19834
2
3
2942
17693
16
13
5023
87
3
53
355
1629
872
9
15
3
7815
207
66
10239
25
1
33
15119
68
2063
9245
69
1432
10
3084
12
401
11587
7
1241
1176
7
654
2
1
3
18
3556
24
4831
6
1
85
20930
4
50
5097
2751
21270
3325
578
5139
10
17017
2998
27
10130
132
6
1314
7476
200
8
42
7598
14
43
3575
22
11
477
3658
21242
2428
4
8
120
957
3
4753
159
20076
5
6851
86
5
4167
3662
11759
3134
12
8
21
10
8
136
20130
1901
31
44
3628
526
56
2091
1
101
37
377
2
11189
16
87
2534
13780
1038
1
8
522
1537
42
3051
3452
2
65
3
335
188
1291
611
5236
404
311
233
1976
9
2
18
735
230
76
2
8633
2521
61
815
6
221
102
9756
1107
2762
116
93
2189
25
76
52
40
2
880
7
2830
27
6
2006
3438
1
4
2569
2497
268
678
60
534
2
8773
320
2868
511
4
36
9146
1531
8170
37
19413
255
17
256
2
5401
389
18054
81
2527
10951
9874
13
14
21967
85
12
168
16
1
9
16
19915
1210
34
117
5
468
3609
1377
181
13
469
56
1809
19781
550
354
56
42
5684
170
203
16192
40
1539
877
50
194
906
6
3
18397
507
1
2
165
717
108
5
1613
2600
3
3
11
7171
20512
5279
18323
6062
4240
9
3
13
255
6571
3071
46
1932
23
2
21185
20790
694
110
8291
1664
143
89
201
7
304
3991
6823
624
2
1175
1128
2
11
4206
14080
1
585
3499
3
10462
6219
1011
149
4
817
179
21
226
20347
2174
992
18
19
29
596
784
4338
69
64
20
5925
3146
884
17
330
606
5
16126
13379
1
10
2316
6
309
4292
281
1
4229
57
5
54
1246
2097
257
9158
236
67
3307
8
610
148
2
97
6236
2911
3
88
24
108
1
4677
43
15954
11556
20402
849
4
2
6
42
5
6888
9
10364
1909
76
3
21
17434
12
62
1
2072
1
1
78
350
445
75
1443
18
1669
3
115
29
7
18
20
2351
3232
1
12
55
5
106
621
3
2360
3
42
59
1145
13
15
14
5
10
8
18
13
52
6295
12
19
4
409
995
345
9
9600
3
5050
13
1459
7446
1896
2
6278
18949
1253
132
16
6346
3
7047
309
325
4
70
689
57
10008
7879
38
23
4492
4684
4
16588
8
14998
15
2
1212
16
2022
2
2
19861
1
4
18898
2111
283
33
3402
4
2982
27
111
1162
4002
467
38
270
111
3109
5761
4982
3943
2710
6906
20
430
17481
80
480
1
7618
11
4
14639
73
5029
218
83
11
26
3365
3
8336
458
6
35
1850
1
3
3
4876
4
13614
2145
135
277
2
2572
92
2531
318
6
19205
13669
2249
20706
5
5
44
1
1
576
888
637
31
288
1480
17
11144
587
11356
4
7
5002
84
5286
761
4863
6
5
5917
8
14270
804
2
4
4
1590
16
2781
42
775
6536
296
8
1
5243
21
2
1868
195
3443
152
11
3682
5408
422
707
22
4223
5
2914
158
139
8880
35
11159
2
3970
659
51
7288
1816
10
653
11
169
14175
1792
245
566
22
1
89
2389
3
1687
41
17981
3
3294
2
11525
5989
7
16018
13523
19
2864
290
539
23
837
1
74
159
4
10
848
484
1
5548
3
57
12047
5
2
147
1471
1937
71
646
12781
1474
358
2088
11
1
17
35
5
10
1205
6046
95
2
7
560
3
7
33
109
249
13
386
5
19
2974
65
12543
10225
2
14
639
31
41
15201
11
18595
1751
611
11
1
326
6
346
26
8
44
8
1577
7921
2
312
5
1405
146
1373
39
240
2
2
2718
37
33
1
7826
1
2507
39
20846
58
19
2313
223
456
7406
23
5444
16
7038
10504
6103
5
153
8940
16
310
6580
344
8
10660
4
28
101
1637
2207
1144
9459
6
169
19995
1142
3480
11
94
8563
20
20818
1770
571
5
7953
18796
4035
63
19
1979
500
226
1411
2
82
1
138
1
124
19649
8797
3374
3
4715
13817
4309
79
2
685
1498
2
8148
60
234
18029
1267
930
105
20
41
3
175
142
8
10892
2
147
72
8
12
2
489
11432
22
12409
7
36
10
1
2
360
427
2
1626
10
15099
1689
3
1
3
840
17717
9
137
2
1135
8517
138
284
4805
2
19491
3
7690
12
2
1564
4
2
7181
7426
2
3
5336
3793
2758
5
708
8
8072
1728
10
590
2273
2
6
351
121
356
329
34
140
2
1
30
46
1730
1
1
1588
481
89
893
19
12594
1648
3
17
23
2918
1953
5878
5
9195
1
1085
3
9433
16
161
9
81
210
6
119
16971
305
371
417
236
1
5973
37
887
7220
40
49
211
2
5
14483
269
7104
949
3
5
699
262
2
1
446
1147
9
64
1
1023
57
32
5379
11
1
4
643
2
5518
1016
564
3
6
121
1233
127
476
2000
9
7
52
3
150
2582
100
11
1870
3
208
2228
22
7
985
8370
6
15
12031
3
54
2310
4590
144
7753
8
169
28
51
17109
23
17
448
27
60
66
1
118
9
5173
30
782
3732
6
662
12260
4
7567
67
3
216
2
4
22
128
4
7
271
2
88
449
1218
13
496
485
1
90
508
21
1579
1
2545
13236
9
223
996
1412
34
2
15
1
2
58
959
8494
3047
8438
172
278
217
1
3
2822
12937
2
487
20734
2950
12
13112
2
235
24
372
2198
1
1
4870
2649
1141
56
12
3
77
139
7
64
178
2
5187
748
138
2
42
2080
120
32
2373
1315
52
40
1289
1
1
5
30
9
5
14600
5
301
4344
9
9
2366
5
9638
24
2
673
98
5
1
1207
6
3928
10
130
1294
17528
5
3
490
5
729
420
36
1558
1
1118
697
29
230
14
1848
11
1
989
8
2614
1139
2
148
2
61
13
1
46
13
4
142
4
449
6136
11494
1418
39
17364
200
544
1153
2
37
52
195
719
21385
553
1843
343
274
15657
6329
4
71
3
8
13
25
55
36
58
8
276
3
20293
4
161
162
227
1
4303
9
3717
9
1395
1
171
127
7
725
11
2
21
204
1000
18
113
1
104
701
92
9484
370
41
4976
1178
1319
395
2
2872
1081
406
2
5
81
9
1274
4
11
9981
6466
4703
3263
811
3022
11
620
3267
1
25
1
17789
1651
4
2255
10747
2344
459
45
81
113
915
583
83
1
6458
4201
97
28
2
1
62
124
8
1
86
3
2736
13182
102
40
195
8
2
7
1
1845
28
11
8868
19
5
648
3059
10322
6
5153
159
3
22
18
2
13006
711
777
109
15805
1165
20
9561
2903
15
1362
2
1112
8
23
279
6380
828
76
44
12989
2411
57
1047
2826
125
11
47
1401
21500
8
18
3302
177
1644
67
324
119
1705
11174
4602
18078
1492
1916
25
15826
6
340
378
29
10646
11
4456
7
592
67
9808
5
3088
7268
10035
37
5
758
3
7
18471
103
795
5
1934
1747
2
19
5
8269
1
254
26
1
9270
6
8
48
66
12526
17
42
7
2447
437
55
945
4
963
51
3163
175
2028
2
343
41
75
391
24
2415
1008
11509
1
5
6
7
636
1133
4062
140
1158
4922
4
55
13
514
12971
6
394
6
16880
105
188
3522
530
4535
33
2
57
30
10
29
39
11
3168
3142
14
34
2171
4
74
9
96
10
21
8988
5393
1463
316
3
576
18
21
149
3185
2477
19386
9
6
52
3334
4936
22
75
1712
16
3
14
2
260
7229
247
5
17
4
1853
4578
1
21
11219
33
19
470
5902
13
5965
3767
3138
31
886
3104
157
948
472
1
33
9421
1
357
66
443
6723
7
4
187
2593
306
70
663
2060
2
183
106
163
284
2879
37
99
1
15
17155
99
1
1552
7
3320
1927
3
7
3030
466
88
48
14
13415
189
2
721
55
7
1353
674
88
5981
20902
18
138
542
3594
6
2
3623
454
87
200
10618
14
1600
164
763
18446
506
2
90
1942
21299
1940
177
69
17
225
462
4373
2370
13094
36
393
2
6
17
3125
13
433
104
1215
20958
3707
111
2596
1340
23
3245
1761
4903
82
401
1
15018
47
1061
59
56
136
1102
18224
28
16
216
448
1317
28
302
6787
17201
2500
6833
141
968
3352
6397
3
631
93
25
196
174
4
30
3527
4327
6651
245
1
2086
1
54
51
3513
393
8
4962
63
981
3
3
789
5555
525
19808
8
3
10
3
929
2
6
10448
13967
9282
6778
175
5166
1763
6
29
3254
16
78
123
126
2003
119
7
2
15975
6
17741
10
6
155
29
15
490
20
2
21908
214
14877
17086
6
3096
105
62
40
116
2
43
1
822
3223
1
8
154
3018
323
1
53
5
17
58
1433
1733
12243
17410
457
58
63
4
1
2784
1
3379
434
170
8
844
15058
3
937
54
114
25
10476
14289
183
9848
17317
2
24
503
18521
2
17957
7
115
19
2
10281
5146
136
40
14061
6
18151
14679
2
209
12375
742
273
4409
85
1375
5257
2635
246
379
263
317
62
4391
77
1248
23
64
570
84
30
4275
1262
4
3
9
531
76
43
182
1
110
6337
1
642
10
2
4468
12644
207
3
114
26
24
13
212
335
73
627
3823
44
666
1535
7
22
3886
2
3
1609
2139
31
61
988
7858
31
3
569
1007
10
4480
12112
9795
732
38
11618
2
2
12
15
15489
129
3
7386
6030
4505
7996
1841
2
3189
6
2
16
7
2818
3276
40
20
79
3
35
31
12
22
6607
3411
204
2
20678
11
6
21414
182
4356
5307
91
28
1054
18249
690
1569
389
1
18
43
11
759
1782
158
48
13
3
147
2
3
1447
16
15
1554
1150
780
1
2398
2
206
3949
265
584
210
3618
23
5
3
43
25
4
2
3722
245
127
1121
7
52
969
1691
41
8844
29
16062
2
5753
1
337
10
8082
18496
473
1
1818
5661
14
17
11
9
2934
48
16170
107
267
8
395
687
3
2
16279
14
9
9171
2
44
11325
4837
1787
2347
1453
5
342
26
2
432
7942
13218
5
875
122
315
4
86
12459
1735
259
1592
9690
15552
4474
6981
8916
1
1069
24
2
1225
2
1355
27
1164
83
46
1
49
2
121
95
202
535
8483
15
1581
1
68
6303
13397
10848
943
4
4709
17861
14718
7670
8214
15
2276
621
396
27
20
119
1052
650
2225
391
323
74
7784
5
8126
85
614
2811
10
9835
32
5
396
9901
160
112
4779
36
3
2966
128
31
3537
12661
609
15427
120
21
10
44
11
31
190
1
1303
10
1360
12227
2631
563
173
2773
293
44
3
4156
4
504
9548
34
153
4773
2490
3
3
9
7259
99
21
316
546
143
905
445
513
31
72
107
15911
6
190
7298
172
3
45
1
8
25
19465
987
84
518
7680
2660
5430
10518
464
52
2747
5
2
8575
99
172
27
13892
8808
14023
107
2
3130
464
362
2
20
363
288
19
24
14251
68
1740
3228
12610
1
57
2
10378
1
5111
11371
774
28
4
12
4
399
103
209
2166
9
113
186
12
9332
194
1
3
265
2674
291
1
2
6545
6814
11681
22
2
10
429
881
231
2
451
18
1
65
892
1420
5730
20
3777
19360
1529
19
16
4
19728
7114
78
4
9345
10718
106
1605
215
1571
2
68
5838
12
8928
873
2
10
12919
115
54
89
110
7
2474
41
37
2792
14738
3055
10143
10
16
17
6423
1995
13
2
40
3
4696
2642
38
5208
14
4
2
1
66
110
21
187
94
193
373
8
7249
77
165
12
79
2
3585
2646
7
4
38
4
18005
2
825
74
602
11791
350
35
68
32
19
2055
212
794
1533
8192
1
36
2907
28
15
4
44
9
280
15510
15160
1191
15038
1
416
2142
11855
283
3
4
15
19596
605
21879
635
4
7028
16105
2
18
100
157
3
6
80
3
532
3783
112
1
5
148
13578
2
4089
29
10732
14
1235
15
25
865
365
140
66
92
4433
1005
9612
602
3
14386
16499
53
263
3
63
1062
240
98
2938
45
10
37
1
19283
66
1284
152
294
197
16
8050
36
5
41
125
2036
568
2
266
1
2
14857
1
313
10
255
37
6860
19888
958
29
2
19
2
1172
7
1012
83
2
60
1675
11
4
152
3
11401
13873
10
2
217
4
11
3
46
14937
3
102
20
1
8785
49
1020
3
19153
4559
33
93
201
520
77
21099
22
2
154
19334
7629
2
419
5
11
42
3010
70
19755
33
1737
9183
13289
8
1
193
382
26
32
182
4133
1968
10406
285
44
5091
37
39
129
150
57
98
34
9060
169
14
8115
37
3
439
5
1
7
18
885
223
5194
3026
1286
1310
9497
19570
6253
202
1
14
4
26
5
738
22
1161
42
147
4
1
5272
193
380
6705
2117
36
3
993
6
3762
219
8609
304
9
152
1756
4
101
4018
17504
1
1300
7
2579
439
219
2
1543
121
1328
387
1169
146
10
73
145
2639
16
164
131
7
9
281
651
7
352
2
3965
5
9
764
27
3
2
483
595
2803
118
6354
69
76
1384
4397
1
40
11
1873
1924
856
103
89
17
3
104
1
27
4996
20430
913
43
1883
3
16521
2
5
4
3
423
6
2
9
17
46
487
68
75
523
3
3798
1742
400
34
44
25
3198
111
19025
16
8
4
4
249
2
5043
4609
3803
10
311
657
22
4
1461
1
470
2
1
859
20
59
299
2
6
242
67
29
10
1223
3361
8
215
100
6
3917
2
93
23
940
10
2128
660
1335
443
237
3080
1228
13
4798
238
95
9
16
2732
3
9370
2
20
703
44
73
2052
853
179
237
201
2
1502
672
18
66
492
5
36
4
13854
18
26
209
320
5343
18
5941
18
38
53
31
441
6
4
11665
2195
976
4
17646
2653
46
3
27
6038
1
1048
4217
3
400
1814
5630
10420
1801
1971
87
590
2077
10995
425
1
7794
655
3
2899
5503
23
419
152
7
7537
1
134
9
19000
16
2148
5
16
14
5056
17
7
105
2011
2
2
2
613
2137
527
359
5386
67
1
15783
137
2457
280
5222
3
9295
438
92
768
2538
2
48
1003
7123
1001
94
4298
2017
2
1
12
8
137
3471
1490
14
2288
2105
6286
5
34
4
254
3
2766
20
274
15
228
1775
16
4
18
99
368
168
14
501
1
7
376
303
1
10561
12
253
1
4
91
1
4421
3901
75
692
50
258
7836
21471
8749
575
7
80
29
1
3
6449
15344
2
934
12
69
122
12764
264
83
39
10
19
831
1660
30
5
2
1635
72
15
15678
15
5422
2926
2
5
455
944
765
15531
190
1
4
1
1080
6
14
12954
14957
356
7
15
6
6389
3
1618
10980
8
66
4117
425
932
13725
8
931
5265
18
14
21
403
462
180
2
676
241
1324
11
7639
2
8540
2
229
259
6916
1227
11696
14156
12
17132
97
6
723
910
59
108
790
4
17
19076
4
99
128
9587
1167
87
403
2
17294
79
6
9
13
545
3
56
221
156
79
7517
1831
2
2
528
195
4122
110
14917
682
16544
2
4
10
30
10171
150
3038
47
34
65
17457
5
132
788
4
4008
15385
739
3752
63
2
13451
11
3
41
4
1071
14
3912
3
4517
2
30
2
19
20
102
27
36
6
166
5
13929
50
8667
150
269
128
25
415
558
102
68
78
148
4857
244
21
2
9
30
10
212
6
10212
5
9928
12
7347
440
140
126
83
66
187
48
361
486
5
11934
8225
33
3311
4073
8472
53
1863
1125
14194
7076
11386
3
2
1
1682
520
14541
11
41
112
6
8404
4811
5768
109
5
186
10
68
1331
2
43
192
1449
4
8159
20567
159
27
4
338
6194
1
15078
12
2
12
81
5
14
157
17622
1
416
1
334
3424
577
359
98
137
2444
2
287
15
5
185
8392
241
5364
2210
6
306
1
15
17247
1348
2
4883
12
6953
5
861
751
6696
6
2962
644
1204
505
6492
300
2
8
367
28
2
7
8
19
3
7578
2740
15
64
59
7868
502
4235
200
10
326
297
38
512
47
20
2
1243
612
79
1364
12309
19
17909
1231
4
11
1
32
269
8
22
583
7
2246
13799
336
21
9861
1903
15
57
1
2
206
267
1545
12627
29
12
509
8
15
47
5
479
3
3891
11602
29
9320
18
12
1057
186
66
161
43
59
199
31
173
75
2
197
14
507
1714
2134
16
1051
2
10
960
2795
332
19
246
11069
58
13
513
1
1009
1
4029
14405
11
275
1
20
3
2721
10
11
338
48
1301
2168
8
77
1906
209
1
221
1184
771
116
20
20
485
495
509
3
18175
2
2282
10603
106
58
95
3
24
3014
48
8028
8679
4078
20651
18
17
20
5745
16
1
16903
21645
53
218
2978
6
1173
3
1033
474
9742
3844
4969
7
1049
5084
12713
14
540
35
5998
903
87
14522
20
8381
1330
16858
2
19622
21
295
1030
13
48
1
6
6
45
64
1804
213
24
91
219
318
11463
762
9
2
2
1719
238
91
59
19
1
12902
38
30
93
13325
9625
26
4139
1
10157
1505
864
8
2
6320
11
292
50
3
232
16
15636
1
9782
5933
259
3
185
791
22
658
1
7200
225
1326
362
7
16367
6153
131
754
839
65
2617
6
7557
19
2418
2
6990
2
233
582
11886
6
2
21587
1709
1
1500
26
6432
94
1084
8820
4
7
372
3
3839
17387
2
51
6714
9
1
1058
5
3
17
2
2
1
7
2157
491
17
6484
1655
95
623
72
2
12
3406
14042
18923
2234
1
4
49
3329
4444
411
3551
197
720
167
918
1723
1103
297
4844
73
18
7
1
321
25
74
9395
560
19308
138
2
5452
698
1287
287
1451
264
14837
5
220
11
745
5
2122
3034
3599
17271
3429
23
19179
241
44
5
390
101
461
714
45
2100
4
145
17837
2
5578
4
26
109
4
1
61
9
2
9
11
165
4
2192
22
162
4
77
53
19517
2
14698
15
3643
363
5
13
1509
7889
1
123
5676
1268
4818
2
1222
113
83
12747
423
1339
604
6
3461
245
397
1
845
13706
474
15
2958
3712
4
29
6
8
80
460
12476
3
13
2565
290
9383
3
180
65
3589
3854
3
8856
11807
48
374
6
598
579
75
2
1106
1653
49
216
32
6054
4
35
77
3370
8
88
2480
3
9
4665
2
341
2
1
2
9
1
21156
35
3
8
1349
498
7
283
3
14
3
1521
7
4415
153
36
2
3986
6678
16
47
198
5540
442
384
5125
1371
1
54
426
4
2
21
1640
7659
20986
109
90
1407
188
547
14
4
43
21
1
71
7
8426
35
1321
5
1188
11950
936
9048
185
1238
10907
15468
5488
2
7
116
11983
13307
3
231
8
3580
26
919
3702
8529
20874
24
15
119
125
101
39
32
1
298
3
101
6
2
16040
199
2102
4111
4212
27
2487
5593
33
67
722
973
361
3
1693
14309
16767
78
8415
12194
5
353
3518
4
962
1202
6
1445
1236
1441
36
1
6869
21529
14
6501
12
308
45
1
31
15699
1100
14
10
331
34
1252
171
59
6261
1337
9
1573
6616
83
1754
12
3
2
4
3
603
479
9
38
25
121
743
156
6
107
7
5722
3
2
702
2304
1
107
73
9716
1072
60
551
2
82
27
1
40
14
691
5
39
142
1282
215
1279
3772
405
8506
11823
10
397
2
556
69
3193
6
1042
2
830
33
14
1616
3
8
15762
8
9024
285
2204
251
668
315
4627
53
12
7085
285
27
946
4
248
6
154
19
106
1596
18
21
899
7
14897
535
964
40
11775
178
3677
8656
135
2
9408
164
15
74
100
147
1631
696
975
13
91
2551
6
2437
19439
2
11571
6
3383
6
1099
569
13
26
1
114
349
115
5
21703
634
62
3757
13651
6
348
8
12
25
134
3397
8
5063
11
4
6
2
6
42
3
5
3002
8
1197
207
2267
371
15
10062
34
1
5
2777
7
1806
15303
409
230
3
2
17
565
1987
14502
40
30
19051
224
373
194
3172
4144
35
13
21
9703
90
12
5
20157
2
97
24
2837
61
15997
3
5600
346
48
4
502
294
293
56
41
574
674
12
7
15221
71
4
13688
104
6
96
17933
6669
911
6475
499
1
128
810
1888
465
32
21
230
3
2
977
879
379
127
12
137
4499
99
12442
5
17
158
78
2
7
736
7588
12
2692
18273
2
3
1527
12276
78
25
10
319
1
4189
16745
12
730
33
10350
11129
26
4
4
292
13836
2
813
17813
2514
2
6
28
3813
28
58
8303
530
20103
15406
3570
6144
6
17
3834
67
2930
4
6897
1280
15
2219
21
5691
3687
1
3347
18696
1
1
74
8691
415
532
661
1562
2
175
40
55
11
8
11
65
1794
23
62
4315
16
8598
7
8460
12096
2667
2696
5474
1478
4184
2
130
115
2814
3
1523
3
322
11
69
1307
1
3
1525
134
2
47
1416
715
2
71
4
363
2
191
5293
693
1836
1077
4
176
1109
107
1666
798
98
32
1465
13743
1780
20022
2177
11
79
1974
34
13560
74
2
18102
607
4013
35
1366
3067
1435
378
62
385
882
1585
1094
3
29
72
5077
6
205
3504
181
25
49
4929
29
3159
1467
8904
469
5
6842
7377
4084
1065
2154
2
3006
5201
1265
66
896
9729
317
272
28
13147
1426
184
13
231
143
1
237
4
22
155
1
91
669
50
14
9821
7
60
54
94
141
298
1031
5
6363
14778
525
3
1
53
10
4
24
2
11
9651
2402
31
2575
105
40
3316
11025
4450
1
9941
4658
24
8714
5
5
55
6
69
9
1013
10
4
773
622
28
31
826
14797
2
206
5
34
1821
126
3727
5357
22
6
19231
324
22
10
15
5854
1721
191
47
176
20
136
8
5
1074
1200
117
4
2
84
402
12326
11
2125
36
1116
22
9954
8702
8976
3
436
19968
54
1
9471
1507
111
6
1
192
3653
40
166
5
20320
5
8280
1
2
46
7964
10253
349
12
50
103
3
8
9522
12560
3
709
731
11
428
1090
121
6
129
4
4747
94
9
84
1698
398
235
232
8
3258
282
4379
6
3614
23
6687
463
2703
149
55
3922
131
7191
4
2
2517
186
24
2354
319
27
62
557
13
11234
163
4427
7
2049
13
5638
991
1855
15847
86
6269
8
10
4
71
17
3392
11839
15
338
46
9000
5
2151
260
9
15573
213
392
16
118
145
16813
189
130
3489
28
3880
5
1
4
1257
3
101
1122
6
1159
5
41
2
2
46
113
3
1469
51
1
1
8258
1
871
308
9769
3
10075
4462
92
5
1
2434
98
26
920
2883
2562
42
9
153
9
16323
10
1785
49
9
572
4263
31
47
1
5
23
1
2
18
2887
260
3211
3
289
93
3737
2
13541
112
37
14
1
5
3
16722
8093
29
15
3
9233
6312
414
109
5585
2
339
92
6
594
7367
17
14817
2252
49
1430
44
6
1312
1022
11
199
59
28
22
460
7416
4
278
2
657
60
3289
1891
68
64
2
7
244
7307
3
27
7
24
7932
90
2689
170
3
39
15262
2
10776
5
20049
15720
1
4
894
2
799
1560
4
4
1
13
11054
868
215
1381
1064
9307
2
9
7763
1136
953
1
17340
2
47
18
950
2895
6
7
7
2044
10
7
9
3
55
14
2
12
4486
4956
4572
2
5
300
220
4
2
292
4671
551
680
3860
1811
3202
116
6
4051
183
36
133
843
9
9122
344
10
4
9
174
769
12293
87
404
148
5
19
411
242
159
25
15
1369
2
2729
3
23
353
22027
2841
5
5714
15365
14118
46
1
20623
224
1
13633
6
2
13059
102
182
1019
42
1914
1
4889
1611
296
68
1
9
979
11
3
12080
32
30
1
27
15
2
8
23
2
1716
3
176
1293
112
7009
309
33
3494
51
7
1397
11295
6
1
4
71
366
9109
4
1059
522
16
52
270
15
8
33
16213
45
967
900
341
15
42
2
14
211
111
667
616
131
2
7496
3
1180
15594
22
6
1998
55
10
82
420
133
1296
13596
248
4385
1
385
7711
244
22
9535
841
440
19257
213
3237
4949
792
56
3
519
704
84
3271
229
1428
2066
559
3
144
19
136
2
6
5
18
626
2
10
300
878
1
21558
51
4
816
1749
2454
902
5
57
2183
15
1220
319
26
51
4615
2
588
6972
17063
184
33
94
31
189
5070
270
227
16633
256
5784
7
21762
538
728
1
12
4
88
146
164
176
22
4634
141
365
23
15741
827
20
8
2
12
194
776
951
10
8
1
67
1
618
1
14
536
785
803
52
139
11712
24
2624
3121
1765
1093
5646
125
786
4
78
321
4584
15
19
3298
31
1189
133
6925
1
554
2424
5
154
586
43
3
5
273
16389
421
2
18421
4252
1127
158
155
141
354
1
548
223
153
327
505
28
2
8952
22
8964
3
760
27
4792
6769
6
4
22
5792
6760
5
177
7
226
192
40
348
114
1919
3155
3
174
29
5831
20
483
1992
381
1678
71
7
358
2
13
47
13
91
114
12
5699
2
3697
179
54
31
39
13469
262
756
39
14561
4566
167
521
19
12492
698
46
3180
2
52
151
24
832
8
222
489
7
127
53
126
2341
32
1
54
2
52
18
2
13129
13910
145
601
1351
65
2
1
1409
4
14424
712
14
35
30
8
5570
73
7
67
239
4321
166
4
90
1484
144
279
3
2
7
328
1
132
6
21
1
49
13505
600
70
2405
1045
30
93
253
8
7
2460
1
2301
5
767
4100
10675
4172
14580
1156
18
19
5
2
1
9
8
5036
35
591
1096
3
2
11204
18746
23
81
10532
2
1
477
13
8
1
10863
18200
234
21
20
823
10048
13
104
410
8621
16
1
3
2392
3
4896
1115
154
1961
34
9677
19
1945
3
11
15
8
412
7701
13
51
125
1344
275
4
12145
3
13
53
6
256
14659
12
8
197
11728
65
28
3042
266
9
265
5415
149
11967
11
1921
43
2
1091
966
695
41
15
10434
8007
2
9
4178
1035
1511
48
142
1488
1929
4
367
342
1
677
1
88
3
1394
4
1181
16949
2
10
72
1082
17
8
60
549
20
155
360
3
5118
11
168
4
11870
16700
149
846
6
640
935
8018
6
14
28
1148
73
17
85
7742
3
3
3
14
1455
10
92
8061
2216
3
12678
18822
58
2610
1777
83
4106
253
1209
750
7456
1633
20540
4541
6079
435
6944
339
3692
12425
2986
175
488
2261
4
76
6598
796
76
3466
264
20184
8
96
1789
2363
7
15
2338
599
670
160
49
6440
25
12
352
1
307
1
10
2484
35
1
6
9
28
1358
13
23
5
3
3747
53
413
105
2
3865
2279
4257
337
130
210
7
431
16610
5
2852
733
2
17
1
2
18872
417
250
1186
16655
1041
3
3
129
2
10761
2
3113
81
7
476
14
2131
160
10490
21616
38
2663
73
124
48
2621
997
2628
9073
4
2891
6
351
9
2
11
96
1797
12
8832
7
16
21356
19
55
891
700
20266
1437
291
8
41
369
5
435
8
2
12128
438
7721
276
1333
1217
54
4
4
132
4511
12
12850
17
38
1155
6
3
94
120
3
2
3
1646
482
2047
69
567
14232
10294
2
81
4850
22
1
809
3
14
17
3
25
2970
90
184
16
494
537
1
717
171
314
7805
7152
49
10689
74
1950
13
2799
7057
3
20
301
7
12
306
5668
2725
21
14977
3241
718
344
2033
24
51
262
16
330
860
24
61
3
1037
573
204
21
6510
64
47
258
205
10921
40
105
8
2163
3
18
2
161
1878
26
8
81
17765
3
80
178
1
15
17
7
49
196
55
59
3
3
15448
96
7066
7095
4
4523
14
32
4
1
37
7000
453
9220
4
1024
12342
1
4056
56
4
3648
14
863
3818
79
2
7210
1
2
4690
14
274
247
213
13985
2
26
134
251
62
7
11
1
3954
313
7
29
12392
36
246
59
3
77
1
631
123
1403
96
347
7019
857
131
33
13
3896
4
5
2
2
60
12
4
31
6634
5
716
15933
2
95
17178
1671
3975
12210
3
14
1494
2180
23
5372
2332
17885
384
14366
333
800
35
2
58
3
6
17
86
740
124
10790
2025
1087
58
16677
34
17
4
6
5180
10
16926
7
1170
32
456
869
3
5
649
15139
45
2160
17575
15
15241
3075
24
1966
2
248
1196
9
171
127
3
2
757
71
3
252
1230
10184
9
206
2754
19
1893
107
8181
399
2069
103
327
9
2
243
63
12359
472
478
5823
2876
7
6
188
30
2
3457
332
685
17
271
5
3
927
1260
2849
1828
4
2291
7
3
42
6070
19128
190
874
3063
2379
13
1
6554
4286
68
5437
3
2990
8738
818
781
3633
1263
21
146
6
5009
135
289
18546
75
60
22
6161
3
2
18298
108
787
2
25
1
14347
14
28
14136
3
5229
11
540
1
6
31
11
100
11
381
8
7
2329
208
39
2
4
16994
168
2
15
10089
136
187
2954
1
3092
183
1984
23
1015
62
39
18
28
43
322
2678
26
6
64
5
1620
6563
123
6
23
6128
13
95
2
36
2
537
398
4722
1486
21
10336
42
6177
120
2
7
5563
3
13361
9
3
150
1044
85
1
2
4
26
15
890
2
55
23
1744
5
444
854
8039
93
2
1132
12
3
38
2
9085
1700
32
16
51
23
73
84
12867
169
713
5300
557
2376
8
38
12
2083
3532
5
2
17
1
619
220
629
34
35
2
3541
13041
12
10021
1548
314
29
67
9
340
56
151
3808
250
2335
6962
45
27
14
31
7910
225
13
16835
2
52
32
2856
1119
3906
39
679
31
77
72
1
8
5
5615
1
1799
3219
3
1
5
254
305
118
1379
475
164
726
615
805
1
196
1399
357
117
4
3
2671
201
5
375
34
1
2222
118
2656
10103
151
1
16477
2
20457
8
418
27
286
515
10834
46
10392
1
5862
6
13948
27
7649
4553
452
705
18847
511
144
20
2807
1
25
13024
173
21791
1
6
34
39
9
8359
1
10
1138
239
4
806
30
9
429
15324
18620
1515
20762
5846
181
3
6
421
7
2030
1270
10
2511
6227
1298
5870
11478
1768
203
842
4824
5
12
1
681
44
2
2
87
87
250
4
156
1657
2470
3
7
2586
10
2
15
58
4
18127
11010
1213
100
4
14620
375
1
7
89
3938
161
5
277
11099
20
3933
303
407
1305
102
1
10
203
295
10
2
496
53
116
29
5886
34
766
442
607
16455
266
167
1113
637
851
19
6
834
451
10
2
2421
261
1
4195
10878
1272
4909
3
1703
1
7
14
134
1
5
1513
3
4
111
6169
13
279
617
277
33
5949
117
2019
2
14444
39
28
58
1078
20595
1368
3338
4
392
135
3561
8552
205
11902
5
3
85
302
10
1457
196
4332
329
5
43
46
572
307
3667
82
1
179
22
17
1
370
96
1982
1963
50
2
6625
123
3388
113
16
383
12
192
79
10966
5329
32
3
1
126
103
11114
4
1192
290
2
9914
2
10
20
3285
13343
955
1027
89
124
13
310
388
2
26
10589
108
364
43
8247
37
9888
11
2
746
134
7507
28
14
20
1955
54
10819
17224
32
4350
17
1
21442
61
234
7317
211
162
27
146
20
741
1
39
63
554
1911
233
5459
1886
3151
10
1875
145
179
3508
4916
1482
30
11417
908
13
5815
38
286
555
1275
17551
5215
3
386
14463
2
922
916
8
563
72
76
5608
10
63
2
925
497
54
5
14758
4269
38
4
380
1622
3
64
3959
95
20485
129
6211
80
18
3
4989
1
97
91
2
70
311
90
3176
954
737
4
632
1
6660
1566
133
15282
9994
4040
35
3849
1838
98
939
9
3215
580
108
10
450
12833
2
388
984
33
355
19675
35
119
1194
10575
3434
2
8
3
351
909
273
6414
3
2
1696
406
46
56
14213
4280
37
11634
11
208
2
44
70
7162
54
2231
7
12798
151
3117
7608
2
10
4652
12
3870
2524
3
21
5653
643
172
33
1
18
9357
180
2
5511
1414
23
22
50
1541
1004
84
7
24
7985
898
1517
7357
1
4
12695
1823
5016
1392
2
49
13
374
481
1255
85
331
50
20
1
33
4741
61
1680
16
2119
27
500
19
7327
57
1
24
4728
62
1
82
166
581
11
2
13
11040
7
5
157
12
22
1068
13
405
30
23
2431
5
312
37
72
2386
1342
5
181
424
28
35
710
545
1673
814
16148
11264
6202
13253
1624
5
2
1
144
82
166
21
4
1858
5
428
108
20
109
561
2237
2258
1
5799
24
2
5132
2297
76
3
32
2
3
141
4362
115
2541
3206
1388
628
13076
42
4
13200
4547
36
3448
9
10805
6014
3
4621
3638
4161
106
15868
926
647
9257
6
2
13271
347
6
664
316
3
2
32
32
2
8137
8347
2
6527
471
5
2307
21
1
217
131
17
1067
282
6
97
387
52
50
9208
32
3
288
3100
98
1026
4438
3
12015
638
8761
3356
3981
8586
45
23
14099
2
2382
10
5776
1
7436
1865
11279
10308
2009
2788
57
28
1
104
2707
18645
6879
3
8203
29
272
1
408
13487
40
4
21043
2319
4067
82
1
11
57
19543
122
75
5894
84
198
116
34
1556
5
12
2558
3
686
3475
16
4150
21327
457
999
5481
80
12177
5314
106
812
9
227
208
2
808
9
2
6
27
70
543
304
2
325
5533
268
34
494
2946
243
1
50
48
26
1881
3
124
14328
14
11
2922
4128
2
432
178
2714
12
228
7
15
2
12577
3
25
185
8
2860
1583
1424
50
6
96
7900
1075
6006
2
529
586
3
26
2504
753
211
2058
122
2
9510
5
4
228
122
7337
72
2
23
15180
1
27
19941
163
3250
1
2451
835
1
22
7
12
2
32
579
6371
2
47
261
2
2408
38
16433
515
14
25
10
41
6519
79
24
3788
12885
6750
1
7486
1
4942
63
8
9
191
135
4
12
6
238
10198
390
2
2464
1
38
39
10
6120
249
2
218
5
4
597
1
24
5
1
2094
11
170
198
2014
414
4
23
65
3
7732
37
263
8644
218
299
45
665
6
1773
1
593
5
1
2
243
10704
656
7773
433
2769
1386
33
724
2325
45
129
70
383
8
25
6186
2
80
1898
336
2
6589
2
6244
30
2
436
2
5
64
9036
9
1258
242
465
42
6087
4
1958
6732
65
36
14
1
2833
252
498
296
41
2041
13
1662
9
6805
3
8104
63
650
13433
174
983
165
27
257
235
11
3343
163
171
3
5250
4
3
4
47
431
1
7
23
9097
801
616
744
38
589
3
4
117
7847
924
1
1439
4
3
1346
9
163
566
734
749
8
8
157
1575
80
1473
2
70
7
63
18
14
49
19
1124
4
3604
56
3
510
38
9
821
645
21850
2
407
1
1308
38
51
5
16345
3546
17
518
3
16
2548
268
92
3
5
377
141
5
143
18372
9
2589
1
2
2
345
4
2322
1594
334
5
6
2
527
852
224
17
61
904
747
151
8892
2
516
16257
5
4
21674
3
626
18771
5
4
21213
1018
867
683
447
1
8449
180
4
24
191
2
25
120
41
143
594
921
6
15
257
10632
3
1
10267
35
18
64
133
70
2
652
118
897
4
2
8
13
1860
139
598
1
18
9
5910
21014
78
1
