0000000000000000000000000000000000000000000000000000000000000850
0.006007
0000000000000000000000000000000000000000000000000000000000000b1a
0.005318
000000000000000000000000000000000000000000000000000000000000037a
0.003158
0000000000000000000000000000000000000000000000000000000000007fdd
0.073756
0000000000000000000000000000000000000000000000000000000000001175
0.009107
0000000000000000000000000000000000000000000000000000000000006e06
0.049512
0000000000000000000000000000000000000000000000000000000000008359
0.064502
00000000000000000000000000000000000000000000000000000000000021ef
0.019007
000000000000000000000000000000000000000000000000000000000000135a
0.013255
00000000000000000000000000000000000000000000000000000000000010e0
0.00996
0000000000000000000000000000000000000000000000000000000000000cf1
0.007199
000000000000000000000000000000000000000000000000000000000000960b
0.088855
000000000000000000000000000000000000000000000000000000000000046c
0.002994
000000000000000000000000000000000000000000000000000000000002b6a0
0.431294
0000000000000000000000000000000000000000000000000000000000003961
0.032376
0000000000000000000000000000000000000000000000000000000000000e6d
0.008716
00000000000000000000000000000000000000000000000000000000000014c5
0.009439
00000000000000000000000000000000000000000000000000000000000003ea
0.002202
0000000000000000000000000000000000000000000000000000000000003bb1
0.024295
00000000000000000000000000000000000000000000000000000000000016e1
0.008394
0000000000000000000000000000000000000000000000000000000000000267
0.001929
00000000000000000000000000000000000000000000000000000000000003ea
0.002199
0000000000000000000000000000000000000000000000000000000000000d99
0.008151
0000000000000000000000000000000000000000000000000000000000001ead
0.012086
000000000000000000000000000000000000000000000000000000000000307b
0.028412
0000000000000000000000000000000000000000000000000000000000000821
0.006751
000000000000000000000000000000000000000000000000000000000000166a
0.014084
00000000000000000000000000000000000000000000000000000000000008dd
0.004775
00000000000000000000000000000000000000000000000000000000000015df
0.0105
0000000000000000000000000000000000000000000000000000000000000ae1
0.004529
00000000000000000000000000000000000000000000000000000000000089d1
0.075006
0000000000000000000000000000000000000000000000000000000000004916
0.03282
00000000000000000000000000000000000000000000000000000000000012d8
0.00814
0000000000000000000000000000000000000000000000000000000000001d75
0.013546
0000000000000000000000000000000000000000000000000000000000003fad
0.023448
00000000000000000000000000000000000000000000000000000000000007f3
0.013176
0000000000000000000000000000000000000000000000000000000000001186
0.00712
0000000000000000000000000000000000000000000000000000000000008959
0.080907
0000000000000000000000000000000000000000000000000000000000004738
0.035999
0000000000000000000000000000000000000000000000000000000000000215
0.002324
0000000000000000000000000000000000000000000000000000000000000403
0.002519
00000000000000000000000000000000000000000000000000000000000003eb
0.002585
0000000000000000000000000000000000000000000000000000000000000403
0.002502
0000000000000000000000000000000000000000000000000000000000000612
0.00279
0000000000000000000000000000000000000000000000000000000000000596
0.0028
000000000000000000000000000000000000000000000000000000000000183c
0.012158
0000000000000000000000000000000000000000000000000000000000000cef
0.007138
0000000000000000000000000000000000000000000000000000000000000215
0.002329
000000000000000000000000000000000000000000000000000000000000063f
0.003572
00000000000000000000000000000000000000000000000000000000000001a9
0.000801
