000000000000000000000000000000000000000000000000000000000000017c
0.000504
00000000000000000000000000000000000000000000000000000000000010c9
0.003212
0000000000000000000000000000000000000000000000000000000000000135
0.000372
00000000000000000000000000000000000000000000000000000000000014ce
0.004485
0000000000000000000000000000000000000000000000000000000000000573
0.00106
0000000000000000000000000000000000000000000000000000000000006975
0.013091
000000000000000000000000000000000000000000000000000000000000001f
0.000657
0000000000000000000000000000000000000000000000000000000000000110
0.000315
0000000000000000000000000000000000000000000000000000000000000036
0.000195
0000000000000000000000000000000000000000000000000000000000000029
0.000189
0000000000000000000000000000000000000000000000000000000000000042
0.000195
000000000000000000000000000000000000000000000000000000000000106e
0.00247
0000000000000000000000000000000000000000000000000000000000000031
0.000241
0000000000000000000000000000000000000000000000000000000000000024
0.000599
000000000000000000000000000000000000000000000000000000000000008b
0.000292
000000000000000000000000000000000000000000000000000000000000001a
0.000166
