0000000000000000000000000000000000000000000000000000000000000850
0.005094
0000000000000000000000000000000000000000000000000000000000000b1a
0.004353
000000000000000000000000000000000000000000000000000000000000037a
0.002307
0000000000000000000000000000000000000000000000000000000000007fdd
0.067817
0000000000000000000000000000000000000000000000000000000000001175
0.008593
0000000000000000000000000000000000000000000000000000000000006e06
0.04019
0000000000000000000000000000000000000000000000000000000000008359
0.061762
00000000000000000000000000000000000000000000000000000000000021ef
0.016837
000000000000000000000000000000000000000000000000000000000000135a
0.011073
00000000000000000000000000000000000000000000000000000000000010e0
0.009289
0000000000000000000000000000000000000000000000000000000000000cf1
0.005654
000000000000000000000000000000000000000000000000000000000000960b
0.088627
000000000000000000000000000000000000000000000000000000000000046c
0.002574
000000000000000000000000000000000000000000000000000000000002b6a0
0.367322
0000000000000000000000000000000000000000000000000000000000003961
0.030622
0000000000000000000000000000000000000000000000000000000000000e6d
0.0071
00000000000000000000000000000000000000000000000000000000000014c5
0.008319
00000000000000000000000000000000000000000000000000000000000003ea
0.001938
0000000000000000000000000000000000000000000000000000000000003bb1
0.019301
00000000000000000000000000000000000000000000000000000000000016e1
0.007086
0000000000000000000000000000000000000000000000000000000000000267
0.001409
00000000000000000000000000000000000000000000000000000000000003ea
0.001938
0000000000000000000000000000000000000000000000000000000000000d99
0.0068
0000000000000000000000000000000000000000000000000000000000001ead
0.010614
000000000000000000000000000000000000000000000000000000000000307b
0.026452
0000000000000000000000000000000000000000000000000000000000000821
0.005768
000000000000000000000000000000000000000000000000000000000000166a
0.011129
00000000000000000000000000000000000000000000000000000000000008dd
0.004201
00000000000000000000000000000000000000000000000000000000000015df
0.007836
0000000000000000000000000000000000000000000000000000000000000ae1
0.004074
00000000000000000000000000000000000000000000000000000000000089d1
0.076528
0000000000000000000000000000000000000000000000000000000000004916
0.029525
00000000000000000000000000000000000000000000000000000000000012d8
0.007166
0000000000000000000000000000000000000000000000000000000000001d75
0.010792
0000000000000000000000000000000000000000000000000000000000003fad
0.018598
00000000000000000000000000000000000000000000000000000000000007f3
0.006212
0000000000000000000000000000000000000000000000000000000000001186
0.006767
0000000000000000000000000000000000000000000000000000000000008959
0.074417
0000000000000000000000000000000000000000000000000000000000004738
0.036428
0000000000000000000000000000000000000000000000000000000000000215
0.001844
0000000000000000000000000000000000000000000000000000000000000403
0.002056
00000000000000000000000000000000000000000000000000000000000003eb
0.002256
0000000000000000000000000000000000000000000000000000000000000403
0.002027
0000000000000000000000000000000000000000000000000000000000000612
0.00274
0000000000000000000000000000000000000000000000000000000000000596
0.002133
000000000000000000000000000000000000000000000000000000000000183c
0.010318
0000000000000000000000000000000000000000000000000000000000000cef
0.006206
0000000000000000000000000000000000000000000000000000000000000215
0.001873
000000000000000000000000000000000000000000000000000000000000063f
0.002767
00000000000000000000000000000000000000000000000000000000000001a9
0.000751
