1.8299e-05
1.3907e-05
1.4036e-05
1.3665e-05
1.4318e-05
1.4186e-05
1.4334e-05
1.4063e-05
1.3678e-05
1.4167e-05
1.432e-05
1.3844e-05
1.3533e-05
1.3635e-05
1.4076e-05
1.3649e-05
1.4108e-05
1.4016e-05
1.3533e-05
1.3483e-05
1.4863e-05
1.4557e-05
1.4206e-05
1.442e-05
1.418e-05
1.3862e-05
1.4297e-05
1.8919e-05
1.4267e-05
1.727e-05
1.3458e-05
1.4059e-05
1.4075e-05
1.3976e-05
1.4026e-05
1.9488e-05
1.4764e-05
1.4164e-05
1.3336e-05
1.3391e-05
1.454e-05
1.4246e-05
1.395e-05
1.3351e-05
1.4689e-05
1.4077e-05
1.4268e-05
1.4372e-05
1.3323e-05
1.4591e-05
