0000000000000000000000000000000000000000000000000000000000000217
0.001103
000000000000000000000000000000000000000000000000000000000000074b
0.002719
0000000000000000000000000000000000000000000000000000000000000680
0.002491
0000000000000000000000000000000000000000000000000000000000004a75
0.024642
00000000000000000000000000000000000000000000000000000000000003ed
0.001896
0000000000000000000000000000000000000000000000000000000000000078
0.000579
00000000000000000000000000000000000000000000000000000000000003ea
0.00168
0000000000000000000000000000000000000000000000000000000000000217
0.00105
0000000000000000000000000000000000000000000000000000000000000dfe
0.003949
0000000000000000000000000000000000000000000000000000000000001431
0.007808
000000000000000000000000000000000000000000000000000000000000304e
0.016231
0000000000000000000000000000000000000000000000000000000000004329
0.022903
0000000000000000000000000000000000000000000000000000000000000062
0.000544
00000000000000000000000000000000000000000000000000000000000016b7
0.007454
0000000000000000000000000000000000000000000000000000000000002c11
0.015802
0000000000000000000000000000000000000000000000000000000000000209
0.000978
00000000000000000000000000000000000000000000000000000000000000d6
0.000614
0000000000000000000000000000000000000000000000000000000000000147
0.000872
0000000000000000000000000000000000000000000000000000000000017a0f
0.11878
000000000000000000000000000000000000000000000000000000000000004a
0.001093
000000000000000000000000000000000000000000000000000000000000b67b
0.060542
0000000000000000000000000000000000000000000000000000000000009191
0.048188
0000000000000000000000000000000000000000000000000000000000000269
0.000799
0000000000000000000000000000000000000000000000000000000000001953
0.009675
0000000000000000000000000000000000000000000000000000000000000247
0.001085
0000000000000000000000000000000000000000000000000000000000014e63
0.111638
0000000000000000000000000000000000000000000000000000000000002836
0.012013
0000000000000000000000000000000000000000000000000000000000000a1b
0.003871
000000000000000000000000000000000000000000000000000000000000e342
0.079018
0000000000000000000000000000000000000000000000000000000000004d46
0.025481
00000000000000000000000000000000000000000000000000000000000173e7
0.124395
0000000000000000000000000000000000000000000000000000000000000227
0.001
0000000000000000000000000000000000000000000000000000000000000784
0.002871
0000000000000000000000000000000000000000000000000000000000000ca3
0.004432
0000000000000000000000000000000000000000000000000000000000002c11
0.015675
000000000000000000000000000000000000000000000000000000000000038f
0.001597
00000000000000000000000000000000000000000000000000000000000044d3
0.024734
0000000000000000000000000000000000000000000000000000000000001965
0.008494
00000000000000000000000000000000000000000000000000000000000012c9
0.007025
0000000000000000000000000000000000000000000000000000000000000f5f
0.006301
0000000000000000000000000000000000000000000000000000000000003fee
0.020548
0000000000000000000000000000000000000000000000000000000000000a63
0.003147
0000000000000000000000000000000000000000000000000000000000000186
0.000909
00000000000000000000000000000000000000000000000000000000000001c6
0.000935
000000000000000000000000000000000000000000000000000000000000090b
0.003291
00000000000000000000000000000000000000000000000000000000000001b1
0.000875
0000000000000000000000000000000000000000000000000000000000000d37
0.00453
0000000000000000000000000000000000000000000000000000000000000ac8
0.004267
0000000000000000000000000000000000000000000000000000000000000382
0.001541
0000000000000000000000000000000000000000000000000000000000000034
0.000309
