0000000000000000000000000000000000000000000000000000000000002495
0.003603
00000000000000000000000000000000000000000000000000000000001017c8
0.198864
000000000000000000000000000000000000000000000000000000000000b7cf
0.015689
000000000000000000000000000000000000000000000000000000000000158d
0.002442
0000000000000000000000000000000000000000000000000000000000000265
0.000719
0000000000000000000000000000000000000000000000000000000000000266
0.000709
000000000000000000000000000000000000000000000000000000000000095b
0.001451
0000000000000000000000000000000000000000000000000000000000000edd
0.001479
00000000000000000000000000000000000000000000000000000000000030e5
0.003622
00000000000000000000000000000000000000000000000000000000000005fb
0.001123
0000000000000000000000000000000000000000000000000000000000000ad3
0.001008
0000000000000000000000000000000000000000000000000000000000005281
0.006668
000000000000000000000000000000000000000000000000000000000000624e
0.007049
0000000000000000000000000000000000000000000000000000000000008b77
0.01269
0000000000000000000000000000000000000000000000000000000000045fbb
0.069234
0000000000000000000000000000000000000000000000000000000000000d38
0.001796
00000000000000000000000000000000000000000000000000000000000033c4
0.005094
0000000000000000000000000000000000000000000000000000000000000786
0.000717
0000000000000000000000000000000000000000000000000000000000006aa9
0.009288
000000000000000000000000000000000000000000000000000000000000081b
0.000978
0000000000000000000000000000000000000000000000000000000000005d1c
0.005725
0000000000000000000000000000000000000000000000000000000000013e54
0.019457
0000000000000000000000000000000000000000000000000000000000007838
0.01221
00000000000000000000000000000000000000000000000000000000000191c1
0.023184
0000000000000000000000000000000000000000000000000000000000003216
0.005736
000000000000000000000000000000000000000000000000000000000000001a
0.000245
00000000000000000000000000000000000000000000000000000000000004a0
0.000972
00000000000000000000000000000000000000000000000000000000000077f9
0.008133
0000000000000000000000000000000000000000000000000000000000005207
0.005449
00000000000000000000000000000000000000000000000000000000000273e1
0.037846
0000000000000000000000000000000000000000000000000000000000008786
0.010873
0000000000000000000000000000000000000000000000000000000000001301
0.002848
0000000000000000000000000000000000000000000000000000000000000c09
0.001571
0000000000000000000000000000000000000000000000000000000000000964
0.001033
000000000000000000000000000000000000000000000000000000000000f8c8
0.01506
000000000000000000000000000000000000000000000000000000000004dd19
0.058907
0000000000000000000000000000000000000000000000000000000000000643
0.000994
00000000000000000000000000000000000000000000000000000000000021f1
0.00335
0000000000000000000000000000000000000000000000000000000000000788
0.001189
0000000000000000000000000000000000000000000000000000000000003b30
0.004268
0000000000000000000000000000000000000000000000000000000000026bc2
0.035061
0000000000000000000000000000000000000000000000000000000000017dd7
0.026166
0000000000000000000000000000000000000000000000000000000000000097
0.000785
00000000000000000000000000000000000000000000000000000000000027e7
0.003567
00000000000000000000000000000000000000000000000000000000000002c1
0.000611
0000000000000000000000000000000000000000000000000000000000004db0
0.0066
000000000000000000000000000000000000000000000000000000000000be98
0.011419
000000000000000000000000000000000000000000000000000000000000013f
0.000417
00000000000000000000000000000000000000000000000000000000000003e4
0.001106
000000000000000000000000000000000000000000000000000000000000b573
0.017772
