11
1728
4367
5
46
1
6466
1268
1650
1513
7576
594
15
88
383
475
11
60
13887
15
3
443
22
10094
7
15683
139
3
138
90
230
4
560
4
8795
7
2
4
10070
20608
1349
3424
271
6541
5
171
51
96
12
3
4
6943
35
1654
4
274
3271
356
230
13294
45
39
20942
3
12
239
2
2
11
16839
20
6
26
2916
99
25
12
1744
133
3
80
30
231
68
1189
310
1172
18206
9
18
9774
237
40
2984
28
178
6
362
5
862
73
42
7593
35
6009
167
48
1562
4
352
56
2
89
4
8400
11141
14945
17509
11880
8917
103
6481
1333
5
1154
1247
1
2224
55
1008
1851
14274
148
3
6511
7
20
172
676
125
11
26
81
67
9574
197
8079
25
209
2
391
12903
116
5
68
6786
1
16533
958
1330
12874
7056
2
37
4
6422
14808
2194
93
20280
19
3
17112
499
91
37
59
3
7
93
6305
6219
17
31
2903
216
38
219
267
816
64
5296
3
27
337
6120
21
976
8
95
3
6
1216
7
3196
9
1499
3032
2
13082
114
2
3
10763
11504
2
89
97
8999
3153
21
7438
890
2144
941
2
101
9
2630
43
1
25
2
2600
13233
241
19
66
1
110
5
13
5519
11
16609
167
5
102
23
12
1208
2
1370
8815
148
117
14
14
3
93
115
13052
9
9229
555
7
6
1740
3876
3
6
18974
12
947
131
6
1635
701
447
142
2
6
7
43
5
4012
31
12
54
2318
3286
5
554
12933
81
4722
2455
46
16
430
25
19
3
292
188
2636
4258
10
236
3
2307
13
66
4657
3
28
94
6647
4
4
4
5469
265
20
1584
693
32
248
37
7
2
195
14
5070
2461
279
2115
30
371
20094
12
896
2
14
5
175
4
13
3324
860
396
350
5224
7
9
1
38
9730
629
4
2
4479
125
10001
334
1
1225
84
888
77
535
4
10739
3975
1983
1026
27
135
20
4086
1143
1
4
487
2
97
64
186
8210
866
331
1
6
992
10
266
14
23
86
2
4
637
23
5
4
3
21976
114
1205
6
6662
65
67
17191
51
198
341
9
3
49
39
872
12844
4143
724
179
144
1613
4
277
2086
11
16
3694
12184
1062
40
10
100
8
1
7
5
19
20703
12785
60
200
15
2
262
604
39
120
17793
2134
627
1
152
3
760
183
75
19370
876
13
12639
9020
1
625
88
6
1
83
2
17
82
2824
5176
16
2199
56
1716
74
3138
6
1
303
2
2
263
1399
786
31
2
3
43
729
712
150
19281
119
1
4398
3472
19061
1
6
8595
2553
2648
30
1
184
16878
26
2
204
5419
3
180
1428
10304
314
2
1227
44
7524
1412
188
2
3226
84
508
375
21038
43
32
5886
3736
117
2
3
179
10
8
36
2
54
2159
16419
2
2
449
470
2811
157
5
7421
22
62
43
164
81
74
32
3
423
201
19325
84
298
1685
31
305
10187
598
2
15647
12
3
2
8
1393
17
13603
204
831
13791
192
25
2909
2
767
5
1938
2785
4
86
14307
87
4288
3
15
68
3610
16
319
2
4647
5047
505
1488
1130
3
905
96
5
8
65
163
3
3
2
12582
3
9978
4
149
136
3
3
10
572
390
10
5431
2038
12
19
8
8
704
1067
18
3308
202
11826
389
18
100
3
9797
4
9422
4
5
1017
5
651
23
3903
247
1
5
11
211
123
5739
2
320
12
94
33
3
92
1797
47
106
12381
2
648
9
9
3753
23
7
1
1
24
5832
3
212
275
2766
47
37
52
11
7088
4469
5
3
3966
15
8
244
8116
12128
5859
1
295
781
2339
18714
260
13
112
846
3
9955
1
10
381
17916
611
9
5
6
7
9208
252
4541
2076
3728
19
16
573
2271
1107
8
156
526
113
1855
2
4
3102
5
23
5236
5
140
12
103
864
13
234
4021
14242
1110
3957
1475
7
1265
476
185
3520
3
3
134
732
210
2843
19684
21527
222
19774
27
110
26
3263
166
172
149
18
2394
338
2963
61
996
21
2
159
5622
1197
2214
21
12
6
1
412
25
13478
16344
122
2
37
3
10
1700
8
5
2
547
2229
19459
6556
11166
24
3
4318
405
242
2
6
965
160
3
41
86
66
150
17
1885
4377
11531
207
30
46
4831
14774
318
7806
5212
6912
101
2
99
5713
38
2
3
3660
450
14209
4
3
3117
134
949
10
14079
257
531
2105
34
2
2741
2
11664
189
21330
14373
46
132
4067
812
37
6
1969
4
1471
18844
1276
339
2
8556
17034
1377
67
36
174
2
376
37
15
2
54
416
2
1864
8958
2
425
3025
16010
370
115
2541
1
7490
122
44
21875
38
10024
2478
17630
11
330
18
515
184
60
2760
498
11
23
14
70
12
2685
221
264
64
6
53
347
62
7932
8
14
4171
80
14
4
8
31
1135
5687
1
20326
15827
55
1847
38
2100
229
2139
1345
364
3039
16956
3745
106
640
1279
11
19
29
566
1
42
40
4668
3
307
59
8775
5058
1
5394
3
3
1092
393
3702
1
6
2444
261
383
1720
107
39
2372
34
2
7664
624
10
7
2
57
98
326
194
850
361
7
50
8655
9293
27
151
15222
432
193
19
10352
11717
14
226
50
8
736
39
77
70
322
21725
5
20
16382
2427
173
8
5248
7646
569
2081
123
7878
7269
99
4030
799
797
1
10047
14911
40
4
12
3
161
8
7541
756
301
139
12045
1
4327
3602
41
35
29
2
81
3401
2950
55
6975
3
746
5
56
3
70
9487
2547
446
351
6
2728
11399
10938
3
11
232
1666
5532
4387
1860
930
2830
1
6991
131
16
4
1965
665
20894
3
288
15937
6
45
4
9
290
1
795
30
266
54
38
5570
17
11637
6678
100
4
8
3
31
39
4124
3456
5082
83
4978
16
165
378
104
1
343
10
1708
5995
14
1
12100
177
227
7337
5
25
29
2876
10863
462
985
306
900
151
210
18458
234
2
49
176
296
4989
106
2
22
5
70
2722
772
18081
2500
7
19193
16
1
3
91
6334
3
537
12
30
7611
25
36
75
3
14506
1548
3
10399
186
6
3
14
63
3110
11478
147
2
938
19865
1
3
212
42
1438
67
114
20561
1537
2642
1643
13
261
349
225
312
10
3651
2
182
22
382
619
31
6617
2
1040
468
1
10
1
24
674
12992
19
460
118
40
9103
3
1
14
1793
59
184
497
6
3160
1
818
60
6
61
1
2
8005
915
29
10
16121
6
5
4
5
290
76
126
4
688
568
3
28
20
87
8
85
513
1082
3
6
3832
2
4
54
1077
3
299
9685
2
17
1097
919
3480
5
11
4
9
235
39
2
3440
2
758
5001
1303
12
47
3095
4
4966
1
2
2356
7353
6452
365
95
1609
1551
2
118
3
168
14
287
654
7
203
409
44
20846
4
4003
10
85
825
2970
5
6022
2
100
463
5
1
1
35
1
5012
2
283
886
13509
3
3
11
3668
224
28
461
5
1
87
2466
1364
1065
53
283
11584
24
11
444
19149
3711
223
3823
3182
2
38
9357
21
20
7
586
31
1724
190
2
1
4
1024
69
8324
2
99
329
90
943
4
2
71
2
206
41
1256
4337
112
5
390
35
302
8229
167
15
30
1
17349
33
590
19
13355
4
14
7137
138
10471
50
97
15
1
208
536
9619
51
15
154
3
6
31
110
16
4
11
32
16
2124
5
5482
11
1
12353
153
238
76
9
35
413
7387
858
21
42
4854
55
7
118
289
4298
1520
17752
272
856
2
3
284
5
48
14015
313
128
4
4
71
902
3
18
1
14539
2
1704
1
106
2034
78
108
7
608
5507
2
142
13
42
6262
5700
18
399
3
5913
427
3930
34
10963
9531
3
10543
2943
7
10913
4583
2
12072
1843
25
892
32
70
3685
273
13142
87
92
3
3
17
934
987
124
1506
7
4510
102
5444
49
9124
10140
610
2
1
14
2792
1112
415
260
3
5
17590
121
124
71
1
2
47
243
9465
64
3
9752
165
9
8191
1
681
115
19
3
18
1764
4
13
14
2260
62
329
2416
5
13264
132
4
131
1
4448
777
9336
540
4278
8
12
44
10690
326
29
73
11
50
16
2817
5284
1211
72
169
6
5140
2523
709
8497
9
53
1
6
10
1
1242
199
5981
198
2
7
1458
8
854
40
135
83
43
687
15
28
360
5
228
6959
5
4843
719
3
226
21
359
255
52
3993
13325
1
4
63
1555
4489
7
5
15755
388
11
2666
6
2432
10
884
59
1297
2001
154
1
104
584
4
14
35
28
4040
3
2
4408
1
12156
2660
14176
1736
2798
592
10592
2
2067
16
1
755
6
127
1
1566
7203
185
2
2
839
3
2
19
2052
551
1318
612
1
2
3167
38
16307
30
2071
282
4700
1431
2
3448
2
9145
1772
67
323
721
4932
989
489
113
7
2747
149
33
15
227
2
12
6148
1689
22
5967
33
7681
523
26
7
731
434
41
14740
411
3241
18
2
1826
1
92
246
145
305
1
47
47
2
75
1
9061
1817
25
61
643
12727
64
8172
40
6
353
15187
8
2
53
10616
1170
8
538
1409
8735
46
741
12296
18
18
97
72
7
50
25
3004
6
111
10
578
2
20798
249
3
2
1780
34
1465
12017
1752
878
1956
158
7121
15504
3939
48
1509
21926
11691
2606
1569
1
24
4733
2
3301
19549
4776
9
12240
197
21
107
2710
769
9
244
339
68
2174
48
8
1448
57
3
1050
7823
2
45
26
80
9819
4
22
1587
492
3806
2
13823
2
6
2506
2048
3867
1868
9
3
7
1
173
1617
3046
29
1
15
5596
932
1
15
48
147
980
597
89
1138
6
4181
9933
8439
254
7472
202
1
203
6571
22
41
700
698
2997
559
1
565
133
13386
1239
24
632
54
4
109
3
794
214
7559
2716
6708
8060
1
4573
3385
5105
2276
7
1405
1019
9
3
36
954
4
994
88
2
8517
5899
183
2
22
30
9
13
3
2
3
3
3
2
154
2883
49
12610
317
79
5308
2779
142
11
4
1732
81
16195
1087
2323
7
20
8420
120
63
13
4
1527
4887
27
26
1
72
5
3416
550
10
3
122
8
12
31
1872
11243
12
8695
15257
42
10665
6
16
4
9842
1573
1445
5
143
1
15611
178
16269
53
2
3788
1178
11
585
1658
13
6205
74
78
27
299
8675
2281
218
354
24
48
13417
6050
480
6
6
33
1312
75
7023
28
1146
129
10
556
1355
66
217
1877
6880
779
3256
3
2
11192
194
2
2
12
48
211
2
18
11
11
123
10
765
10
17429
3593
635
125
18930
2654
286
132
13
4
631
13
670
1920
4
3948
21184
92
6
22
2
69
1291
196
2
33
333
1294
3
2
9
2
657
10375
11217
1141
4754
15
12524
868
13728
1402
1
829
7236
5024
9
483
3
267
8267
8
442
1455
16
46
16
358
18040
191
1074
5
181
2
3354
2
4
18800
11
1339
13950
1324
11
1
9641
316
12324
187
646
63
2863
1558
109
1
3
52
10328
1200
160
12495
5
2350
457
45
5
823
3
9272
21
3585
172
14606
4
99
44
24
71
3
3
181
291
17073
15973
7320
269
29
2
2
1801
233
2057
1104
617
315
3635
1052
47
23
21
431
2
44
11
111
115
53
978
5
1478
13
5
3797
1
17310
618
17
14842
4239
776
7286
46
175
2
77
1
124
11907
2991
145
132
783
1541
5
28
151
52
5188
177
15
4428
13203
78
1
74
24
907
22
10
235
9
677
2
26
1
8876
894
3560
13
7187
251
7896
1
14572
582
4049
20751
10117
74
1669
4
1602
10641
2
2
12
308
16762
1677
833
477
8
14
16457
464
22027
2366
95
140
13
426
11
4191
8
15539
20187
3
41
8755
4418
1236
84
43
11798
1712
4
64
923
24
89
844
2
141
2302
11373
7
417
438
28
12
1
8
5635
221
9
1001
140
9
10
7
51
1934
4
1
27
2870
10234
10
4
12
2438
1
917
88
898
300
3
7788
136
19
2
8248
17957
344
18416
1
4921
1947
248
54
5
36
956
6393
459
17389
143
12
105
13
19820
478
1342
2772
13540
16
495
347
5
2405
29
1
11771
4
2
711
6
1151
15
157
2
2956
2
26
8
76
1
45
10163
6363
44
25
1244
3053
216
1606
1
1
73
3
242
14
928
32
11
734
4944
19957
2020
13
62
1898
1
28
810
21135
32
28
65
245
1425
1748
222
7370
402
5333
7
30
367
29
3894
2449
491
1
667
19
2
7
1
455
16917
8635
365
170
315
882
3074
13918
1253
11
2
1
2
12
32
229
2
45
171
6407
1916
6
75
5152
2
600
66
2896
1822
5
69
58
49
5
13
17
3088
80
6
7
6
11
1
2624
3278
722
2
1361
56
4594
23
239
366
4357
2399
9041
14
6601
5
503
743
6
1838
9663
1992
2377
2029
21626
19
469
270
13
4
428
102
46
11321
10
1
1
10714
6
43
8
1120
1
304
7
1595
2
17
6
644
10257
17
219
95
2410
161
8
7507
90
35
5
2006
1
39
684
143
2
37
6
313
281
215
5
19729
1079
5845
8
962
1213
1495
679
386
61
7
63
109
4229
201
346
21
10838
3488
129
10
128
982
1005
2
2149
72
181
803
336
1468
727
1156
15083
60
377
52
58
419
41
5129
4604
2
13
25
5
259
50
2292
370
8
6927
19
55
2
12268
105
4
2
2735
1624
5
61
20
4
5
293
1336
327
504
156
8362
78
11013
21
34
16
16158
6
3
20373
7628
2
5382
4
4
4
407
86
2
1
717
10
134
5
1
552
22
59
17
21477
835
2
45
1
5
2
659
1
63
18757
141
9314
1022
101
56
39
21379
10
96
501
1055
11
296
203
42
250
34
1890
387
18
75
182
16
69
7
18629
8
436
2255
3
6
310
656
20233
19911
16685
198
280
541
13022
60
19017
429
8
2570
437
15362
7
82
6
2
10
3577
1
1
8
76
3841
2345
848
1
5
13
9
102
105
11
2
129
3
2
4
102
7
3
190
2
1628
10447
9
3
15152
6
15791
7154
32
150
11
169
3771
1191
7040
3067
137
171
15
909
19
3370
15
47
4
5954
30
2
1784
400
40
1084
647
385
71
18290
9379
2923
2518
634
5
10
6833
15
17550
20
32
2
4
2062
22
6
1288
1
53
763
1
232
2
15575
15
6
605
98
8135
926
1099
4
10788
2
1942
148
6
1415
424
6
751
1
14
395
11
7
4798
179
309
673
4520
18164
8536
147
5
5456
433
7
144
155
108
3504
51
321
56
1591
10
152
14
3
520
2
11
2169
1
10
6191
10423
7
55
34
49
15
12756
398
3
9
3
1534
5035
2
24
7
86
603
16
16
77
1
3
23
82
4820
1805
3
6036
333
3218
9
126
5792
507
1485
969
5
3211
1997
4679
223
27
139
174
615
14406
4058
36
524
3124
511
94
3
4744
2
6
18
3
11425
10
4787
14
3719
2936
4
1029
3762
2
3011
1167
62
20
35
1045
8098
8576
43
17230
7752
4552
278
936
1
97
20
121
11935
13
119
8897
84
5117
1492
30
1
10568
2
15
15864
4625
59
275
9887
9
17
2
500
7699
641
277
16
4268
1367
542
3
607
6
3347
311
744
3362
1102
4
48
3
2
79
5661
19237
191
133
3
16047
703
44
10495
4
6
61
4
6
4689
1
7
5
1
35
17
10988
91
2297
1386
24
4955
3984
41
20002
146
21
6801
2095
1834
208
1
4459
15
2
10888
3018
8153
9444
57
18501
13665
3
236
325
6739
3145
814
2582
1461
3
3189
682
4
3885
37
514
8305
16647
26
512
4
6092
467
7859
258
685
5200
13
96
215
217
40
14144
88
10281
13173
5357
12
12
15014
6162
4
52
24
3
29
601
1183
12
160
7
284
18
101
1175
2679
11
4865
231
1
12698
2
9
2
127
6176
8042
15397
285
1
439
10813
11089
6724
1422
1502
21
130
4
2
345
2
5
4
3331
119
14707
2
1159
2
170
4809
2120
1544
8856
98
1300
17270
2
1070
6
12409
21
3
18123
10
3544
4898
4
2234
973
5
4308
34
3
1647
474
37
14
7
9
10519
2
49
2
8
17
29
2
17834
18
4
152
3643
56
6
19593
4
16
8
1222
614
78
3849
42
3248
17671
14340
20
1
144
519
3536
1813
1760
5872
31
85
11853
3081
2
5
62
190
17
9
205
54
6
2164
11039
661
2110
166
408
2804
1756
19
27
238
70
3
68
240
1
7072
588
130
534
1202
33
951
2091
6
1282
69
176
1
79
93
394
481
25
2
5819
6248
20
471
68
288
8478
2495
5
1010
2618
3
2
85
2
11
452
2388
801
57
79
1598
4
3293
11452
107
4
12
14
3
406
19
22
22
1530
517
2558
11
39
404
2265
18887
92
23
21775
187
145
6106
14979
103
1576
20
119
3
2
2024
64
1
1383
380
2483
94
47
3060
4438
2489
93
118
2612
18
2753
2837
87
3
820
1358
13697
5369
21428
10
4
1
1270
7734
5320
51
2
1
138
8615
5
13
1
2
5726
2
2421
18543
65
445
1015
379
36
141
21
18248
543
5805
15
22
10
5765
1133
1
14
58
4765
376
1
72
581
3
1
35
1
16232
3
9
785
2
8
1925
29
193
1
1
23
53
38
15
753
664
33
668
1057
1048
164
301
279
192
4
7841
137
113
921
821
10
1180
13855
200
726
241
1043
9
1060
3377
8
7
2564
294
529
4
256
4133
9
5
28
15900
50
9596
357
13
1912
2329
9
14
28
7
15048
1036
55
1516
18671
9
25
10
38
44
98
20
574
1
2697
1117
328
589
4
65
4077
16
16571
1
5674
8458
1
1441
111
1374
7
548
22
448
465
840
60
9
1315
690
486
5752
14111
59
9
1038
3
3
1
967
714
561
14639
13
2184
13
169
2
127
2529
1094
33
1148
2245
3814
13112
2011
28
1
8
403
1
8
348
1115
253
6693
19
1072
166
1327
1681
41
12
57
355
109
24
373
82
108
3
397
274
272
6
7950
1230
2
360
4
748
3
2691
749
7770
12
11115
113
716
7
105
14047
5272
8715
5
496
1523
77
340
112
104
343
7
2
6
11610
6378
1
490
137
518
1
2856
58
3464
16
5
3
4615
2383
998
268
12
20141
1788
9
12668
2
6
5
17711
5
8979
15433
8
254
1
13983
6
35
16
3626
159
3
61
7
1903
2
42
1776
17875
43
8
48
7220
58
58
10
186
6755
32
29
237
4
12467
1
4
44
292
4249
250
1639
2
8
2361
10
4
3
41
8
220
9400
1
5093
27
1186
9910
130
6276
45
1
12212
16495
21675
20990
421
4347
510
4531
1988
456
1273
2286
1285
38
400
9
7170
281
2512
153
29
6320
49
26
2594
506
318
4
5558
1380
5779
3
5164
5648
18332
36
6
26
286
577
168
6586
136
21
2977
321
1894
3
6526
214
1306
17
120
911
206
164
9
2313
422
32
12
880
692
806
16
18
69
5
1122
52
708
79
21
593
3339
17
545
3316
1352
440
372
7
36
2
3
17
11269
3858
8
8
960
1
162
1031
24
1693
14
209
2535
7253
15719
1
3204
12815
45
6496
414
13634
23
2189
1580
15327
13
40
1907
1
18
51
10
3496
4
8
546
3233
1974
2219
18
27
335
7
4220
27
1662
73
532
30
33
83
213
189
13760
3677
153
107
27
9
1
454
1259
19
4
78
1389
4
3569
103
258
1396
11295
123
12
303
792
11744
2929
7914
1
1
19
3
410
392
13571
6078
22
3912
37
1
5
7
837
332
5260
80
224
116
874
57
5
1
1
4562
8381
576
6817
252
466
15
7
8
374
24
23
9
9864
9
243
1
7
19
33
557
355
21281
1
276
14876
2
2
18
1162
5407
451
21
2
16084
163
17
3409
121
1881
1673
580
2889
7
14472
20514
25
5
4
8286
2240
77
1929
6
13
1
72
1
5583
4
135
51
1830
195
6134
11
8
17
2
3
20
158
218
2
32
2
1
21576
74
8
2
6632
2250
91
622
706
19105
21087
15
2
26
18374
1451
247
4500
67
2472
26
3
4
20
4
3
263
4876
3
2
10210
493
162
4114
788
27
6770
8835
2
4636
89
2043
22
2
1
418
26
156
34
1219
112
42
104
3779
7716
530
4096
11962
805
5
596
1309
368
7968
51
1632
3393
3528
1809
1
527
126
9166
155
3
19414
384
7007
17
12438
2
65
84
41
225
6
21825
1
216
8343
774
3
9
23
9
14
2
13447
521
12
20
3
117
2
20
257
65
294
4
20048
270
1435
4
207
5
2
1
52
9082
415
2576
47
3921
8
441
2
5
2
3552
11064
14
1
2154
14673
15
2703
9509
19638
5345
59
1482
255
6
16801
45
1
2
125
6349
336
30
2
21232
264
18
4105
76
24
2
14
324
5926
6291
95
3432
6233
4910
11
7404
17
570
4
2
7
671
146
5940
67
11347
6864
176
1418
525
653
1
5494
17469
1233
2588
9250
27
1978
13
2334
18
1
3
4162
20
737
56
14439
2
17
1003
251
85
27
17998
11990
3512
1
111
57
4
116
1164
2129
24
31
695
228
479
23
2
2
28
7
2
401
11557
762
485
739
21
1
5
90
628
2204
562
73
1321
2
1620
1125
18586
193
1
25
34
162
2179
127
696
913
15468
16995
852
39
146
205
31
5
199
7987
5
31
19504
17
82
870
4
49
213
50
2850
114
2
971
342
116
3618
7303
7
297
13
482
945
638
5
2
1768
2
1128
40
363
2
4
351
420
17151
9553
12963
662
108
15292
4711
16
2
70
83
2
180
174
10
196
1
108
1960
66
1
8
1262
7455
37
35
15117
269
161
8
2
3131
20656
4210
1
6848
26
4152
54
246
6064
2
842
12553
2
22
1
23
1
1194
6437
36
4
5609
369
18
20420
57
790
23
2672
91
28
1696
33
2
1033
808
7105
34
1250
8937
6896
770
9187
453
17
136
4
129
73
4
23
25
621
157
2
30
2
71
2
3174
1089
128
34
34
3
1
8024
20467
36
14
308
2209
472
81
15
9
2015
158
33
121
10
6
21
827
29
22
2
1951
36
9707
62
3
435
63
1012
58
6
5545
4200
16724
46
488
650
6
564
324
8
