33816
29044
27633
30333
32466
32356
36483
31903
36031
33150
33601
35837
29843
33211
37015
29506
28010
33853
33400
28339
30057
34549
36322
35661
33462
34248
29127
31146
36935
28185
30499
30508
33164
27644
32053
28247
29820
34291
35193
36600
28158
34294
30158
32973
35481
30310
27514
29309
30609
33740
28654
36281
30557
34763
28958
35405
31420
29718
31892
36043
29670
27897
28468
29481
31260
28836
28198
31081
29023
27619
30393
28836
32946
35366
27434
33806
28546
31843
34014
31735
28586
32032
30777
29670
36425
34720
36660
35903
31843
27487
36272
31574
31208
29391
32462
35532
28403
34084
27901
28918
31553
27475
36189
36728
28203
29887
33162
27401
34820
31745
33486
32451
34494
36750
28238
30916
37055
31152
34814
28105
34829
36726
27669
32795
28959
28134
34139
27562
27846
28264
28740
32694
33351
30155
28609
29846
35533
30843
29614
32583
36300
29070
27793
36589
28268
35790
34321
33349
29235
27742
31411
29291
29929
29610
36175
33729
27977
32501
30929
28685
30937
34751
31356
33306
28667
27937
29579
32387
28849
33769
34524
31608
29674
28413
34968
28594
29898
32409
37108
30264
28867
27659
31179
29326
37112
29009
34583
35638
35720
27955
30031
36124
31878
27359
34043
32524
27367
36037
29664
27656
30679
34490
27848
28485
32823
36982
28829
35788
29650
35801
32707
33986
27718
33886
34190
30045
31666
36203
31426
31719
27460
33220
27584
27640
33923
33051
31715
35912
29831
31733
29830
35604
33830
28132
31010
34026
28850
29320
36855
30779
29731
28345
34993
34799
32155
30653
35038
30095
28497
34951
31769
35552
29691
30590
31612
34414
35492
29855
27870
36510
30117
29851
27964
28196
32657
28405
31212
32888
29565
36154
35541
30035
31273
35118
29779
37082
29649
29009
29573
34208
31909
28699
29504
29629
28585
34279
35177
36257
34987
32968
36580
34995
31804
33044
34662
28283
32313
27640
36188
35119
32911
31161
29749
34567
34259
30212
30152
34816
31581
27323
32516
34083
29562
34287
27803
34128
30904
35883
32161
34628
33134
30023
32611
32914
28371
34550
34019
27854
37033
32308
34338
29963
29710
28425
35622
31511
29852
29494
31286
32319
36836
27384
31725
32621
28364
30080
28776
29011
28532
32230
28868
34729
37037
34813
29881
32928
34125
32978
36185
31483
33266
27413
29874
33642
33785
31509
35441
29229
29431
29823
28976
35750
33057
28038
27424
30405
29781
34889
35569
36656
34371
33454
33698
28057
30694
27229
28892
29095
31997
30219
34638
36302
33476
34890
36172
31524
35098
32388
30159
36311
33330
30283
30260
36910
29097
35367
27417
31331
28890
30960
31890
28631
32240
35704
29301
29137
36084
33731
28524
34592
36826
27921
29644
31597
35796
36852
35885
32623
28959
35374
35046
35019
34117
28898
36759
31046
28014
33168
29215
30178
27870
28923
35818
35044
27374
31742
33919
31176
36234
33298
36700
31254
31688
36500
36398
35153
30747
36565
36197
34261
32020
29860
36397
28724
36110
33369
32877
35116
29181
34511
29245
31951
36287
29156
34386
27575
35681
36964
30440
33391
28090
29446
30538
30791
32215
27644
33100
33363
32304
35283
27780
36237
34820
27949
34205
30796
28496
29674
28100
29964
36607
35040
32923
32709
31866
34023
30705
27855
33486
33130
27740
28698
29372
34551
29108
29430
32416
30244
30203
32463
33749
33428
32419
29954
35387
36235
30834
32827
31515
35577
34729
35180
32504
34411
33150
34167
34147
30706
37017
31825
31361
31039
30264
31308
36416
34189
36358
34079
34265
36652
27768
37005
30184
27271
32777
28753
27399
29046
35191
35366
34068
30123
29644
29406
30847
30520
29005
27292
34322
29513
36246
34265
29857
28039
27472
32624
35087
28252
27905
32681
36390
30262
33611
27634
27789
36195
36343
30181
30971
36582
35567
36982
34052
27677
30275
34367
36454
31487
32277
31261
30660
35135
27790
35632
31678
31715
29731
34853
27856
32532
33400
32111
29543
35658
28288
36934
34518
35735
30426
32889
29859
35286
30304
28647
35133
37010
31950
27690
27429
29800
36030
30376
36914
30368
32558
31906
34320
32678
36521
27663
30959
35832
30980
36399
36547
30275
32272
31705
28660
35259
28103
32193
35097
36468
30087
27365
29405
35553
27844
29325
29765
33606
36226
34100
36585
29430
28040
36301
34166
31790
27844
32660
33530
33753
35434
29984
28951
28918
32973
34562
30138
35189
30739
36110
34944
31953
28110
36868
34863
33405
30946
31396
35889
36116
36389
31328
32686
29308
28274
34220
32455
27396
27461
32006
29703
33677
33186
36311
32342
27483
31219
32683
33346
33466
35016
28890
29286
28840
32375
31901
33196
27532
33743
34566
36819
30776
34755
36064
35602
34155
28381
29592
28995
30150
36300
35230
32699
34665
29717
31914
30812
32892
31470
27534
34919
27919
36263
34473
35370
32841
30095
32024
27859
32832
33869
29949
31916
34827
33947
36442
29938
29620
31072
29827
35430
34095
28789
33936
27641
29725
36803
33858
34225
33668
30048
27967
35409
32157
31863
32585
33727
32780
30425
35151
29341
34744
36545
31131
36323
33434
27457
33159
36350
31328
31103
31232
33998
27287
30220
33088
36923
31969
35069
29054
31954
33958
36047
31393
33887
36372
36697
34924
31882
30699
28632
32525
30584
34420
28503
35623
28231
35960
35443
33089
33509
27807
30861
35029
29565
33624
30161
30421
30527
32573
29795
29127
29829
33493
29937
29129
31243
35982
30450
27507
29096
32255
30342
34748
30773
36095
31330
29996
28379
27658
34501
33889
32392
29391
35669
33734
28878
28927
29668
27791
37002
28955
34584
33289
33834
28836
36924
31065
29338
36613
29228
31028
30731
27804
28369
30606
30293
27641
36931
29439
32230
34717
31014
31842
29316
32851
35870
28919
31480
31521
34936
34093
33772
36920
32347
33691
33436
36943
28851
27424
34702
33770
29268
27600
36597
29512
28875
35665
28327
33217
28611
33159
31892
28235
28848
36630
35807
34839
36304
35057
27952
36319
28917
36509
33261
29473
33429
31378
30056
28866
27905
34414
27478
32078
30397
30260
27633
29194
27702
35238
32788
32318
30044
28439
36343
28006
30892
35584
27794
30351
36360
29238
36691
31364
29203
36994
32623
30150
27286
30024
31656
28708
33904
32809
37060
36718
30409
37114
29618
31867
29051
36042
32241
31749
30659
28408
27657
30800
30173
36779
29962
34698
36120
31325
29948
27477
31628
27964
27797
32360
35665
32807
34374
33943
30888
32855
30505
35642
31831
27885
33289
27644
28671
32710
28597
35647
34110
27661
33302
31943
35164
35810
33110
32808
29734
34999
35338
30379
32551
28190
28944
29279
27997
28053
31021
32368
29251
33678
36596
29887
27353
30951
32722
33751
34809
32489
30344
36485
30049
31992
33052
31861
34291
32855
30593
33066
35500
30104
29237
34571
34043
29082
27359
33036
36413
35429
30868
34310
27245
28657
31438
32784
29858
35026
32746
35037
32539
33564
31802
29401
29432
31464
30022
35810
31309
27441
32845
34029
33920
28873
36191
35446
34605
36791
27343
28445
36098
36653
34674
31833
30692
33058
34746
32087
36429
30081
33360
30417
27611
28503
29635
34235
35152
34633
30230
27833
34299
34473
34656
31625
27468
29259
34817
33808
29108
36946
27575
30550
27494
36178
30304
30097
29172
35542
28237
36647
29470
27387
34894
30296
34650
32224
32780
34257
29103
33338
27817
34688
36949
28571
33089
30939
32472
33407
29604
33916
34126
32145
34166
29027
28811
36003
31892
36468
35084
27338
35162
32372
32412
28471
27687
28038
30184
27941
29111
36018
28609
29682
30231
34183
30473
34462
27238
36745
36073
33119
29520
29669
27862
34119
28496
36599
29424
28552
29336
37123
34385
29790
35847
28558
33059
27316
27718
28389
29798
34574
32269
27267
31085
35369
33742
31319
34489
35780
27743
30191
36522
32394
30013
34604
30837
31658
34139
34242
27687
33333
28339
30177
33638
34736
29918
32056
36888
35265
31805
35881
28777
34652
36318
30251
33880
31291
33488
27760
27360
28787
34589
33562
28648
36652
27632
35764
29331
31514
31262
35288
27613
35338
32457
33178
30326
30903
35996
33586
30160
27577
33647
34433
36764
27759
35913
29334
27749
30383
35181
30117
33701
31535
32345
30000
34302
29730
35088
28002
32642
28848
30347
31043
30170
27628
29837
27827
33237
37001
29408
27274
27922
32040
37113
31676
28735
30639
28308
33467
29277
36023
31916
35333
35980
31497
29823
30499
36416
33220
30388
34554
29880
27687
36004
27395
27878
28517
29069
29214
31788
34793
28096
27541
31395
29376
35202
29097
34325
34380
34355
34472
27595
30115
35106
28478
36866
31355
34503
34700
32056
31960
31596
31278
35084
30665
36824
33643
29384
30434
33898
31304
32783
36861
27337
34117
28912
34699
35579
30632
31755
35137
33099
33568
29874
28585
35685
31828
27304
28792
27574
35412
28457
34260
33465
30451
29755
29282
35148
28160
29734
32066
29596
35695
30069
27886
32929
36290
32249
36419
34615
33334
27495
33228
31960
28159
33977
31449
34753
27852
34500
31097
32779
31526
36412
36146
35308
36919
29394
34285
36998
34731
36891
36118
28189
36735
33435
36260
31379
33870
28603
31879
29150
34243
27794
29007
27998
32020
33624
31127
34600
28449
35909
27742
27422
29023
27505
34365
34153
27388
30278
36181
36059
31405
27258
34334
27352
33458
29406
28329
27465
35183
28675
35740
30261
29951
35944
36790
31512
27525
29325
27393
28536
27598
35460
35381
29322
29697
35416
36049
34895
29607
29844
28208
33610
35308
29287
32520
27318
34961
30739
29289
32153
27652
29761
30326
33799
31928
33920
35956
30479
35331
33360
30583
31977
28165
32051
28846
28645
29095
27885
31103
28519
33037
37003
27677
34461
33954
29916
27923
31655
32195
36801
35168
31042
28923
29843
30006
30022
32208
36532
29105
32220
32916
32060
29313
29382
37052
29564
35629
35348
36612
35382
29786
33211
32929
27690
29790
29242
32042
28304
31482
30895
32997
34880
29221
29346
27899
27882
33975
33037
32665
29457
36784
28123
30581
34309
33960
28375
32176
33092
33819
27723
34487
33590
29321
27595
29099
28820
33621
28688
32523
28412
36475
32998
30773
32847
33650
33703
33358
31585
27759
28581
29816
33515
31096
33518
30562
27883
30789
27518
31778
33669
28976
28325
31075
29946
29362
36728
31264
34837
35447
34936
30498
35309
31588
30253
30451
35390
34740
31469
36454
36509
34575
29902
28602
36617
29045
35219
31786
28957
33719
30092
28210
29688
33127
30689
27802
33015
34186
30424
36875
34060
34088
36613
30383
33502
35225
30722
34741
36669
28312
29619
36123
36744
28006
36847
30856
28419
32921
28479
28144
36058
34229
31635
35021
27288
31706
29842
27368
33168
30734
34388
36660
30433
30957
29071
30194
28957
28362
30031
29115
34231
30825
32705
27579
27616
36892
36617
34247
32905
27838
29605
30691
30141
31737
35684
35315
34917
28965
36844
36348
27881
27965
28880
29007
31308
30646
31539
28716
29175
27274
36176
35080
27497
30126
28810
31902
32907
31586
28069
33527
36910
31397
33293
31951
32385
32825
33363
28016
29932
30724
28124
31358
28358
34535
34092
27361
31742
32749
29415
35331
32154
37070
32082
28291
30298
35774
34043
33679
34079
35939
33743
33033
34031
36587
36239
29726
29235
36799
28006
32769
31485
27976
27857
32602
33243
35546
33323
27500
28640
28721
29003
30757
27775
34196
27887
32454
28574
34218
27320
29518
33928
29778
30389
29375
31978
33622
30959
31257
27605
28362
33607
27653
27978
28825
27609
33898
32075
32426
29478
31021
29587
30914
29266
30669
29352
33910
30946
34233
28177
28464
28773
34026
29280
28205
29958
36556
27631
27405
30512
29565
33834
30323
31240
35070
30163
33415
30156
36452
29253
34951
31283
30069
30156
29317
29384
34852
30854
30458
35529
29192
29791
33956
33995
35378
27309
27834
32070
33249
32421
33787
27901
33643
30053
36766
34874
35102
31976
31744
36714
28743
32342
31647
31782
30141
27563
28386
31609
36626
30162
36264
31200
27784
32056
35363
31930
28588
35062
29010
36239
27954
35932
35856
33368
32142
31977
30733
31734
30363
31313
33962
36687
29219
35639
32066
30259
35742
36457
33023
28579
27638
36657
33575
33687
27781
35957
29927
28975
34713
28092
27556
27492
34407
33964
35569
35862
33760
36104
28351
30149
27526
30516
29437
28460
27432
30346
27861
27764
34421
32312
27808
30501
28419
28291
37010
30797
34924
29310
27722
29360
29767
33161
31553
30612
30038
36644
29095
36311
35842
27891
33105
35357
36820
31403
27246
27878
29944
31565
33531
32887
36161
34991
35357
35953
35528
32754
29147
36598
34651
27967
30625
32110
30341
28661
28220
32737
33381
32044
31219
36923
29365
36727
29035
36056
29384
37112
29125
35456
35643
32491
28645
32465
35688
31764
27346
28594
30034
33346
33872
36009
28917
35344
32499
32998
34968
29305
31160
32161
30200
29051
36743
27880
32641
30064
27509
30160
35464
34486
29871
35926
33031
31664
34689
28252
33560
33000
30287
35307
34508
34322
29721
32439
27512
29236
34046
30126
35823
29760
34167
29384
30221
28782
29363
27766
33502
36585
27798
29084
34983
32564
32195
34714
34936
29663
34016
29486
28875
32909
30558
34908
30990
31695
34920
36560
31230
32916
32244
36366
33817
33294
30275
31107
29325
27544
33136
34527
34135
27825
27424
33529
36974
30307
34617
34915
32690
29821
36841
29573
34903
32413
36634
33730
36878
29073
34271
35292
35883
33827
30123
35322
35728
27334
27547
35807
33227
30833
28476
29278
31965
27504
35874
28345
30870
32824
36815
33246
29980
31055
28189
28039
30842
33138
34759
33781
31325
34851
28210
35611
29414
31168
34136
34460
37113
27420
34221
33683
34505
35938
29935
30129
28144
30771
35516
28788
30809
32475
33011
29990
34356
36272
35437
28842
28158
36341
35116
33190
27833
27767
35608
36337
36732
30433
27286
32157
27819
31520
35759
29009
28170
34919
33885
34502
33487
29704
33963
28538
28408
31291
34199
30033
32040
31249
31221
32975
31055
28459
27645
36613
27626
36155
36075
36898
31467
28749
33786
29055
27779
29102
27869
36066
34816
27302
30893
30391
35999
28870
28516
32581
32495
29201
28542
31256
34181
31959
28596
30061
28138
27497
29177
28068
31430
28174
27384
35758
27500
30447
30780
28587
34551
32920
33275
31866
34979
34412
27606
36233
30741
36297
27543
35102
35484
29648
29152
32442
30500
28662
34213
29185
27881
27251
28700
29665
32093
32264
30141
27952
35379
29481
27464
28982
30604
34766
35181
28078
33876
35120
28919
29076
33817
30231
33927
28184
29018
36642
31678
32484
34969
30894
32566
35101
34579
35329
32234
36499
37018
36946
27523
34638
27416
33427
27959
29730
29503
28198
29134
32280
31732
34451
32323
27986
32394
33330
35825
36408
29973
35719
32956
35160
35034
33995
36960
36663
28686
27623
36985
33372
35576
35674
29413
36658
34542
31193
37028
27973
29590
29410
31551
34497
29722
28364
30927
27587
28823
32569
28156
30184
32195
36687
27955
36367
35652
33768
29466
29066
32893
28520
36781
33655
32682
28921
32517
28633
31376
35392
33051
29043
27654
28221
30341
30147
33214
36800
28960
30829
34343
33053
27771
34514
29097
27924
33682
36616
31284
35386
28874
31765
28167
35106
34366
36619
35204
30535
29193
27762
33498
35234
33529
29781
32910
28365
28263
30648
32744
35107
27684
31984
34759
30233
36280
28665
29233
29806
28039
32354
28484
28245
28798
29464
32466
31236
27773
30370
33737
27864
31282
29288
34712
27663
29233
28776
34031
27949
30292
30011
32999
33117
36508
29031
35404
34361
29572
34573
27828
30586
33403
33726
32840
31138
36001
29861
36627
30261
32640
27617
32930
33982
27303
29986
28181
37060
36248
36512
28805
29097
33214
27479
30861
27679
35436
36148
35968
31957
31858
35134
30469
28173
34264
35942
35680
28004
33112
35208
33852
35030
33214
28394
29877
33880
31614
30530
28618
29566
31592
35162
31043
32107
34279
33289
28962
31512
36497
28231
33135
29984
27983
27439
31524
36572
27578
32550
29812
34919
33472
31295
35848
34350
31250
29414
29030
32589
28634
31292
29477
27526
28660
35747
34193
31961
27317
28207
28253
28932
34685
31109
33623
30515
30097
35578
30589
35445
27983
30775
31080
36484
29914
34056
29751
30894
32560
27467
30402
29623
29017
29447
33798
27533
31716
35143
27639
28908
27291
33622
29867
27589
33718
35696
28746
28268
34227
28523
30599
35031
32566
28724
30179
33234
30785
36256
31738
33146
36514
31491
30065
34317
34129
31658
29459
33243
35900
27361
28927
32716
31247
34101
32342
27615
31328
35984
34686
28329
36083
27992
35180
34723
27846
32737
35345
35865
35989
32158
32965
30194
35506
36883
36227
34085
34836
28907
33631
33066
29732
29931
31915
31636
28470
31992
29497
32422
30825
32331
29602
34292
34383
33768
27331
36300
36280
31039
32177
29020
35304
33501
30691
36631
32283
30808
32478
33672
33266
33184
34521
34725
34663
29290
29489
30101
28460
34506
34069
36804
28576
30509
32518
27741
27943
33268
31952
36413
30214
35152
31986
31140
28697
31306
27668
28114
33958
31390
30443
30477
29586
31769
29123
28415
33204
30229
32704
29101
36976
29616
29100
36373
35978
30649
27311
36504
29755
28545
35064
36654
28608
35973
28398
29635
32093
28023
37106
36904
32094
31402
33067
31207
33665
31265
30843
31783
33304
36366
34980
27927
34659
29427
32192
29979
29771
32484
29607
30509
33127
32643
31196
29445
27313
29123
29917
30430
28274
31673
31349
32919
32907
31215
33803
31415
29132
32414
31232
37088
27732
36084
30591
33775
28895
35363
29090
33686
33510
29731
32684
28793
33801
33150
30640
29811
33157
36491
31369
30047
36504
33353
36663
29289
35973
29077
27347
28180
31552
32255
31363
31083
29045
29643
36259
33430
34736
29689
35811
28637
33587
36318
28515
30840
29425
33322
31635
35886
35227
32239
29451
31089
30972
34511
34342
32449
35836
30582
30363
34113
35891
34881
36605
29065
31506
35851
28240
29456
28198
37079
27337
33764
35207
30226
32217
36678
32585
34344
32670
34760
33816
28940
29915
35945
34447
30074
35766
35087
28964
30960
34044
36934
33098
32931
28965
36515
29695
34947
33841
35930
28449
32786
29368
28160
34485
28172
28687
30131
32421
34781
36533
27371
27795
36624
27842
32631
34901
32269
31649
32261
27357
30252
32855
31800
29858
28798
36389
31854
29916
33059
35778
27819
33306
28214
32634
28485
29550
33597
30167
27756
32617
29124
33273
35400
28034
32318
28497
30486
28645
28985
29709
28392
35801
27897
30153
31592
35356
36650
33706
36325
32806
27747
31472
27783
27454
27520
29754
34066
32263
36755
28723
35443
32105
28259
36326
31100
34924
28183
27754
27249
31703
30174
29648
29251
27486
29048
28993
29707
33829
31204
29803
31085
34430
30993
29361
33769
28859
27729
32515
29801
32587
30106
32189
30279
35492
30662
28219
28009
27441
29685
29629
30012
28075
31579
32362
30664
32807
33035
32408
31420
34385
30324
30735
30781
28627
28602
28051
32931
33782
31353
27512
30296
29804
31227
33511
32458
28269
36341
29453
28675
36466
36425
30668
27382
29568
33855
37062
30979
32933
29281
36357
35692
29245
35341
29710
32402
34775
30850
31829
29099
28567
27890
28650
33159
32870
36769
29705
34924
36585
27482
35450
27842
37129
27292
34313
32486
34587
35201
35550
31979
30917
30900
30918
36670
35806
28578
32639
32370
27778
30227
28069
36474
29794
34531
35331
35552
30089
33075
27634
35153
33703
27882
28198
31752
35518
33744
36646
31005
27549
30100
33076
32177
32867
29013
33315
27811
35228
34832
36027
33699
33841
29852
31120
28479
27499
27841
30563
36307
28170
29631
32812
29749
30288
29824
30279
30365
31604
30079
36701
30267
27785
29641
28429
36476
36888
31381
27683
33123
27449
27847
29820
35568
28903
27944
29339
30529
28010
35276
36547
29323
31264
30512
35275
30945
35222
30921
30686
35418
28804
28655
32638
34448
27544
33316
28289
32419
32970
36057
31496
34381
36986
29388
30068
34869
32472
33199
30554
27755
35477
31668
28828
35242
35265
36017
32790
33980
34298
28263
27251
31961
36126
28121
27372
35249
27998
30010
34138
28932
28037
28037
34972
36142
32439
28262
28887
31576
34006
27380
35462
36328
27521
27806
33884
33482
33935
33896
31564
32049
30609
29177
35789
30757
35756
32336
34287
27925
30591
30342
35222
30277
29901
28559
28943
36970
33336
28644
30769
27618
31943
31584
35762
28664
34216
27310
34587
36141
33977
31081
36687
28444
28800
32072
29879
28788
34906
31425
33746
35823
27708
36599
34941
32603
36911
29615
30764
32664
35486
33734
35393
27613
34636
27944
28767
28551
27360
36631
29717
30194
35694
28680
30214
27697
30440
27335
30677
29822
32317
30177
31102
31058
29007
30011
29796
31406
29683
34211
32122
35379
35825
28892
34394
29746
34759
31514
28155
36766
30191
34489
36554
34906
28654
32533
30104
32425
30362
35225
28175
29829
33974
27541
37107
27429
31620
31793
32300
27937
27859
28809
31271
28160
31393
33041
28562
32321
33655
27822
29747
29345
33032
36524
27756
34100
27648
35692
37071
36080
31199
28008
33117
37094
29661
27385
30479
31534
29755
32760
27494
28743
35599
29886
33927
33863
36546
30197
30995
27689
36941
28553
35191
34685
28545
34149
29447
32162
29864
32236
36647
32717
37114
32420
32161
28999
29754
36103
35985
29278
30054
36024
35918
34999
30148
33448
27738
29765
34246
29189
27449
35596
30015
36532
33807
34153
27584
34556
31939
27363
35941
32404
31746
34455
36411
31948
31540
30604
27424
30635
33339
29996
28625
33031
27838
29113
32252
35289
32038
30977
30402
31859
35730
32991
32061
29674
30640
30192
28424
36933
34243
28377
34079
34118
35125
32475
29522
28849
27444
36602
31329
29873
28010
30471
29024
28906
32167
28988
33806
30185
36672
33729
29857
34919
35286
28895
31671
36138
29783
30352
28285
30933
27687
29308
30404
29500
32294
30945
28060
37027
35018
34101
34614
35104
28356
34523
33857
35990
29290
30955
32257
27692
29727
32128
33070
36085
29278
33884
32752
28342
36167
28361
34306
33549
34014
36241
30984
35906
34299
31863
29023
32940
28812
28105
30944
34702
28735
28987
35366
32822
28954
35943
32600
27445
33975
31779
31004
32150
29740
35521
31497
31246
32657
36440
28155
29772
34925
28011
27266
27936
27472
32940
29857
31068
28874
34092
29782
34857
28459
36283
28091
36076
34657
28144
32108
36249
32842
34784
34773
29793
28708
36013
27848
32739
28435
33592
36387
35678
33049
35494
28852
33881
33746
28474
29732
32224
27818
32965
28480
31832
28217
33495
35570
29506
29758
36290
28030
28730
35242
32627
29364
29205
32762
32686
27877
30329
32435
36436
36633
27870
27582
29812
28312
34223
29027
28304
31736
29002
30036
29440
36753
36443
34165
35851
33781
36702
28393
31091
36595
31616
36063
34640
30303
30585
27546
32091
31075
29154
35858
35484
29506
35640
33325
33060
30252
35494
33120
32246
35925
28416
31291
35580
30618
31191
35369
31990
29286
30361
35658
30224
35995
36696
33035
29681
30252
28875
27894
27300
27444
29266
29666
28739
28743
31091
34221
29272
30019
29180
36859
27487
36062
33324
33673
35638
36814
29234
30198
30611
29258
35276
32667
27229
34154
34546
27650
30350
35340
29748
27900
34564
30230
30247
29943
28623
35834
28108
33177
32870
33861
32928
33173
27604
30716
36836
36728
27895
29148
30923
27777
31121
33868
36852
28174
29259
27703
35971
32979
27266
34571
29237
35685
28283
28692
30324
35956
32776
27973
31589
27938
36602
28810
34108
30235
30493
29420
35802
29228
27234
31822
35469
28032
29935
29170
30088
35434
29014
30647
36285
34128
28819
29261
33111
33800
33084
36719
30542
31247
29663
35027
31539
33225
34418
28688
28850
27974
29397
29236
30734
33215
27241
36095
34237
30692
35895
30217
28903
35295
34438
31172
37117
33827
30729
27467
32081
33752
27467
29233
28037
31071
35320
29940
29518
29507
32732
34092
32890
30133
30626
31519
30532
28580
34189
33872
33218
36159
35827
35464
33559
35142
28322
32615
32210
27485
28154
27624
29823
30231
30596
29873
36761
29489
29946
28966
28248
29231
33261
36696
28527
35387
32013
29586
28495
37030
33575
33402
28221
30805
27315
31793
32514
35643
28619
28572
28303
30081
34456
33853
28922
35819
31860
29078
28006
31817
33748
27592
32866
29374
36521
33751
32106
28380
33015
29618
27661
28866
32432
32128
32153
28034
32048
32160
30594
32508
30150
28075
35952
27288
36646
30927
35480
30267
28064
31590
32833
33107
36725
30713
36365
33855
33352
31483
32606
33438
29624
33088
34541
34861
33437
28357
35141
34649
27758
34831
36914
36713
32786
34105
31503
31691
36743
29414
34609
34095
29733
34354
30129
33727
35276
34259
31953
28988
32635
29324
31089
34146
28669
29492
27973
28315
33429
33628
30609
36502
32546
30490
27861
34283
27952
31708
29085
35812
34096
29925
28339
30334
36247
30350
34973
32271
31624
30405
32872
36714
27779
29413
34447
33973
34596
30542
30504
28159
35931
34487
36561
28612
34200
30282
35330
27531
33298
34307
28380
36296
35681
31903
33036
28848
35872
35696
33958
31948
36646
36598
33429
27735
36819
27709
32615
30077
35984
36778
36739
32634
33066
30458
32852
28138
33508
28409
28451
34913
35181
33285
34983
29541
29473
32029
29220
33082
34763
34945
33481
30687
29471
28484
33483
29342
34706
28923
33376
29651
27772
28019
27494
28244
28920
29519
32099
36054
34157
34067
32730
30295
32142
28977
32801
30762
30846
35847
28359
28966
31421
32676
29403
28473
28153
30646
29721
28858
36822
35148
35819
35502
27887
32718
31212
29395
36107
28953
35028
31320
29655
28101
35233
28158
30762
36668
28168
34818
28326
29152
29339
33162
33242
30001
29401
27796
30312
34209
33648
27657
28976
28135
31320
30619
35139
35237
27374
35480
30925
35349
32840
27708
28791
31226
30268
28344
32163
36211
29741
27316
34914
31060
30100
28470
27585
29115
31331
32621
28172
34899
34605
35947
31783
30234
29898
30727
27912
28570
29822
34439
28778
36380
30179
29290
32358
32868
31878
36907
32565
33878
28892
36978
27511
32585
34021
33282
29009
31675
30116
36646
27998
32102
33347
30081
31226
28309
33481
35285
34916
36015
28087
32692
30507
35389
29515
27734
33854
34873
33557
32581
30977
34594
30495
28842
32991
34480
32857
32033
27695
29815
35911
35471
35414
28436
29915
30886
35859
33321
36704
30399
30244
29704
28088
33956
31271
28511
36130
33841
36827
29115
30979
35646
34429
31343
34929
36987
35808
35203
36338
28061
27838
27713
31703
28829
31034
35615
34948
36946
35566
31934
28883
30837
35082
36594
29612
27315
29632
30222
30247
31317
30054
29043
37116
30598
30392
33577
28664
28084
32178
32257
32602
30995
31591
28939
29288
27838
32394
30024
32699
35147
31868
31888
29569
36478
35957
32393
30436
32445
32776
28132
36899
32613
35431
28274
36570
29288
29143
30467
27739
34405
30210
37069
31028
34089
33527
34852
32134
36953
28309
31011
28717
36000
33412
36981
30867
30092
34660
28526
32671
32874
29259
28757
28075
28184
31229
28535
31061
34315
27513
35684
27949
29808
29047
35488
30978
27883
27892
34053
34595
29188
34146
36616
34934
28074
28092
31004
35636
33835
32376
35877
35068
30440
27653
34362
29285
36792
36663
34527
33790
29255
27780
27822
36296
27495
36294
32113
30736
32853
36830
36232
27775
27743
32255
29000
33147
36769
31567
28077
30082
29999
29081
36312
27432
27886
32603
35591
35495
29404
30805
34329
32306
36567
35698
28930
27739
30784
32850
37022
29063
29282
37108
33952
29487
33892
29575
33212
28449
28159
32791
33973
36673
31058
32697
34726
33500
30746
34299
29243
37098
35395
29590
29537
37122
34816
36535
29457
33962
34873
34711
28323
33489
29940
32675
34096
29429
33095
28225
32117
28550
33068
29439
34188
30927
30830
30308
33357
34692
31843
31034
33473
36293
34683
32684
32207
35700
31790
36405
34071
28501
27712
27397
27689
34467
29239
35626
34221
31966
35998
28249
36210
28029
32681
37053
27334
34959
27798
28581
29022
36416
28395
35759
31361
31945
28006
31812
31913
35831
33169
30398
35655
29249
31458
29098
31909
37078
31815
30031
30196
28482
34389
35753
28645
33821
31464
30023
28855
36071
31399
28834
31746
29611
29305
35706
35299
30127
27492
28526
28952
29135
29816
27844
29579
34590
27609
29983
30400
28768
35448
30150
29137
33601
37040
33618
34561
28925
33288
32876
31936
34587
33023
28607
35697
34209
27595
33679
33468
34644
29845
33205
36994
34345
34604
35038
36141
31396
27393
34823
30057
28900
32020
36209
30970
32763
33766
27417
28756
33076
37064
31935
29437
32498
32925
27988
35884
29584
28399
35619
29822
29944
37030
30708
27442
31976
36324
28559
35541
35989
32852
35792
31582
31982
28069
32363
31852
29792
29327
27647
27988
28808
28583
32538
34449
29869
34208
29992
34777
35514
28017
30152
30420
36584
28884
37028
31349
36632
36048
35979
30310
28550
31809
30854
28945
34736
29230
31278
29968
35697
31077
31137
30552
28691
35171
36599
34263
34568
32258
31658
29557
35025
28475
35924
33340
28900
31561
31130
28197
34110
33661
29866
34798
31063
31194
27744
32800
36947
35680
28385
29589
29004
31223
36311
34593
27777
30092
30399
30645
27702
36060
32203
31226
29417
30124
28575
34957
36655
29101
28858
28968
34302
30254
28894
28310
36399
34411
27454
30101
31945
27705
35162
34382
28451
31039
30262
32548
28592
28198
34295
30466
31602
28543
34561
30574
36915
29173
29020
35749
30400
37044
29679
32118
33226
29540
36937
33595
34126
29853
33847
34506
28923
36579
32021
33349
31884
27916
35543
35799
35137
28626
35770
34874
32469
31062
27467
32851
30316
27903
33539
28916
33773
36135
31676
27565
28062
33861
35834
29484
27915
30481
31124
34019
35542
36062
33599
36211
28812
28063
29914
30067
35878
29621
33283
28260
35689
36533
33091
36120
30997
32025
28841
27785
33422
33394
36181
29247
36896
28837
33404
36846
27932
32235
35129
28835
28583
30642
32938
36717
31045
30890
28197
34461
29925
31006
35645
36401
36634
33529
27857
27313
34714
33676
33888
28625
35540
29598
31548
28682
34315
28206
30034
30923
31220
33444
32945
35655
32601
32537
36449
32165
33168
35733
31643
34889
31287
31861
30759
36098
31358
34884
36433
31177
36067
27688
29304
31001
31269
29385
27481
29765
29438
31894
29893
34825
28375
31404
32107
29475
27925
33975
36915
35275
28982
28734
36202
35786
33033
32198
30257
36473
29868
27778
27747
33028
33124
34359
36681
30142
35381
28611
32444
29424
34351
34022
34912
32731
34333
35212
30537
32562
32067
30298
36718
28651
36047
27677
30484
33534
27322
28135
30457
29125
27314
34370
34376
29415
29899
34989
28757
35881
32449
27839
35569
31585
31934
27386
29838
31070
28116
29531
34230
30715
32263
29786
33143
31952
29705
29640
34725
35637
32383
34533
27311
29828
31946
29324
36787
30185
31918
29128
27641
35445
33409
27974
28731
35554
36036
28358
31193
28219
35466
33762
33997
29195
36747
36668
31274
33089
31458
32780
32124
36427
36140
35075
31715
29992
31082
28334
29560
32069
36930
35936
32874
28138
33566
36614
33760
28920
33868
29133
30338
34816
31240
29863
31902
31452
35258
34409
29072
31614
29381
32691
31343
31662
36978
32165
33755
27617
29589
31560
29513
35231
31013
32519
33202
32767
33510
29527
35044
32275
28421
32651
32516
35378
28413
36502
27916
28980
37077
36854
31130
31421
28603
36277
35463
28117
34194
33007
27237
30550
35253
33193
34517
36175
36437
36280
28282
28379
28117
36403
27813
36468
32121
30914
35373
34321
32850
34299
27956
34917
36901
27745
30586
34687
31358
35473
36516
35222
31307
29901
36535
32459
33076
33816
28714
36806
34715
30466
35205
35111
33194
28078
30474
29695
27760
27755
34176
32638
32225
34547
29303
36589
35950
35096
34972
31280
29259
28453
36205
35511
34192
29084
30559
33190
28133
29115
31773
29013
31719
35433
27724
36849
27584
35045
29691
34630
32128
28728
31491
27694
30396
30821
35193
35873
34586
29598
34607
29058
34259
29399
28944
32954
32651
29441
27516
35124
29219
30281
28919
29504
31132
33972
32591
28854
36483
31128
33724
28179
35923
31274
30248
35391
32341
33008
28492
31157
29120
32174
35561
36577
35650
29708
34771
30208
28278
32387
31260
36348
27615
33975
28056
28319
30872
32281
27596
33387
33035
36830
32573
36505
30696
28864
31951
32349
36426
27277
32634
35509
34070
29953
30842
29549
36829
29325
31593
28834
29439
34637
36594
35708
27639
31449
30592
32414
33766
32543
32907
33196
35081
27882
29556
33675
27723
28952
32702
30463
31984
34434
34512
29610
29208
30819
32670
28034
34071
33242
29136
30221
27751
32724
32762
31906
27339
32928
29857
35596
27308
30867
33941
28829
31766
36041
35978
33017
36146
28956
28095
29109
35546
36690
34397
30941
27824
29489
28506
29139
30725
27714
32255
33113
28340
36997
30819
34765
36501
29285
31586
32796
33984
36266
28615
29295
27604
34982
33062
28347
35618
34110
27891
35301
31328
28906
33666
28304
29168
35174
31561
32807
29635
30667
31579
29032
27533
33192
35419
34937
28095
31435
28006
37027
29293
31979
34764
29022
31623
30054
27242
28712
30183
29969
34177
35292
32916
28387
28009
33289
36245
27539
29392
36634
35357
27388
28489
30233
28968
36541
30010
34415
35591
34152
35315
37068
35526
34340
30648
27820
28133
32917
31334
35453
35980
30890
30273
32256
35999
30674
28319
31410
29707
34717
30788
28023
27754
29276
33129
33308
27770
31663
30420
35795
33907
32776
27246
31441
30956
28735
33559
36775
34961
33694
29127
28080
28056
33986
30155
32405
33234
28514
37001
29310
30238
34734
33117
35717
29009
36532
27600
28110
32378
30080
29750
36788
29856
28694
34262
31602
31661
34360
28705
32248
27490
27872
35494
34369
27362
31600
29207
36884
30709
33263
31727
34988
33664
35142
32558
36038
35193
36760
28695
28431
29728
28555
27825
28166
33087
33813
32851
27406
28175
33505
27502
32063
34226
30104
29866
34396
36821
27840
33055
29549
31869
31911
28994
29965
29342
32035
27661
34486
29366
36758
33176
28750
27315
30701
36659
28950
34183
31398
33437
27238
34072
29638
36873
31362
29724
31711
27885
32610
36440
32651
28465
32468
28343
32375
27968
28202
32588
29977
27285
32178
28044
28684
36086
36530
34659
33770
34835
30183
30036
28907
31682
29596
29033
29621
28209
31613
33047
36676
28451
30201
27353
35103
32706
30109
35432
29790
34668
32326
35375
29695
29482
34504
31260
33680
34332
33169
30021
27638
34353
31184
30618
33370
28222
27842
35788
33884
33826
30563
30423
35109
31534
31496
31863
30378
31134
30588
33549
29037
32379
36011
36130
35118
29151
27683
31630
29316
35021
29703
36129
34519
35308
31204
34562
30650
35716
27892
32380
34504
35161
33490
32843
35575
27669
30140
32695
29214
31661
27368
32291
27899
29926
34324
36128
30986
28521
29559
35242
32389
27868
32050
34087
36780
36975
34045
29761
36722
33240
34147
33159
29104
34634
37056
34370
31869
36103
27775
29625
32899
32606
31265
32938
30285
28937
31987
29825
27773
30922
33942
31927
32682
29455
31623
34254
31109
32296
32041
29731
33710
37026
32131
28213
30477
32847
36218
31823
32167
29842
27407
36912
36896
35577
29208
36331
31954
31606
29552
35332
30134
29135
27453
31232
29498
30995
36909
29763
35388
29272
34329
30884
35546
27449
36396
32160
27332
34368
29917
27973
35532
29857
36884
30187
35639
30055
30121
28702
29268
29802
32335
27440
35609
36850
30621
29146
34321
30836
30841
35988
29532
31501
28963
34791
31300
28113
35995
29905
35631
29598
28596
30151
28764
27624
33467
35803
29086
33031
37115
36214
30777
30025
33382
27990
29373
34219
30040
27343
33693
28044
35450
27976
32822
36155
29368
34087
30973
32555
33908
36151
36587
28865
33497
29601
35926
32821
33473
34656
35704
36591
28159
35755
34721
30182
29999
33985
31335
27981
29330
31025
27453
29074
28179
33027
35041
35614
34603
27324
28351
31419
28535
33520
29349
33667
28210
32825
35126
27364
30141
34984
37076
36206
36606
37105
27948
29457
28448
28488
29176
33645
33546
36094
33853
27948
33356
31151
31967
36864
27609
27381
34362
31324
36119
32944
30389
31105
30942
31026
29899
32299
36383
28673
29677
31469
35161
36868
28782
33600
36213
35910
31761
35578
27662
30555
35333
32313
30239
34206
35029
29430
27887
30766
33775
37005
33820
27798
35894
34144
27404
29200
29830
30677
32414
32727
35502
36060
28526
34215
29792
33030
31530
36686
36552
30283
27490
36917
33442
31267
28605
35809
31506
28110
36607
35149
29362
30876
32170
35396
29543
27457
34165
34823
28349
28224
34531
30293
35379
35386
35696
35122
35041
35048
27910
28446
31280
31078
27679
27863
36302
31518
36494
35385
29634
30894
30075
34217
29815
33957
35944
28010
34216
28695
31143
34809
35126
29339
32636
27556
27291
35693
33702
33912
27828
28447
27633
30714
36978
37031
28152
33116
31590
27506
27902
28448
33864
28239
35281
28798
28035
29121
31151
30360
36368
32299
31083
37036
35351
29023
35216
33353
36202
27485
28102
27540
31873
29802
33473
31620
29122
34259
35339
31850
29460
34140
30585
29094
30808
29372
30126
30508
27880
33768
29566
32365
35547
36331
31413
35760
30664
27460
36567
29824
31179
35033
36988
35629
27300
35905
33186
36913
34242
33971
34660
29869
36098
27675
28672
36680
32916
33482
29322
34700
33927
33279
29629
27227
29016
32566
30543
30020
31110
35498
28457
27864
36563
27525
36290
34096
35762
34832
36079
34573
32529
29212
30451
28642
29202
36896
27834
34083
36466
27528
30873
28872
27545
34222
35805
28269
29220
34366
30131
33098
28174
28007
28941
28562
28287
30997
33179
27874
33098
30988
31559
29725
30285
28148
34162
27616
27335
28781
29851
30145
33765
36448
34548
35721
33707
29334
32569
33592
33170
35079
32674
36439
29253
35384
31569
30431
30978
32567
30845
30692
35337
28295
35691
30314
27883
27944
33980
31264
33383
30219
36551
33440
31006
31680
29518
31037
29362
33848
31778
34485
31759
29534
35908
34420
35468
36261
31342
35841
28952
27408
29885
32276
36755
30948
35006
35754
32424
33462
36511
36573
31259
34680
31651
27727
33225
35874
28404
35692
36077
30398
29457
29750
33789
34577
32644
27550
29843
35419
34066
34386
35856
33714
34022
32200
34641
31062
29630
33171
32215
28793
36990
31004
30730
31872
36580
28207
27631
34636
33099
31164
29150
31301
29705
29901
37032
29735
33542
27455
36035
28073
30586
31261
34218
28776
28054
33763
32090
30226
34965
34469
28991
31151
31964
35720
34879
31041
35467
30710
33626
30140
29037
27726
29975
29285
36129
35664
28102
31609
29744
35738
28629
34287
31601
33721
30121
36939
33785
30599
34892
31243
33303
32120
29352
32296
33180
27309
35385
35832
27260
33396
33310
28376
36421
31270
31287
28762
35302
34414
33407
36375
36632
33865
33348
36920
36680
35948
29708
27777
33898
31410
34362
27538
27961
27844
29825
32816
36441
27945
27457
34059
31654
34614
35207
30474
32791
28788
30368
32322
31712
31627
36517
33632
35556
36826
34787
36546
34756
35820
31859
27684
27402
36981
33840
29816
36324
34068
28906
34691
28542
36621
33879
35144
35595
27507
28924
33386
32045
33384
30659
30209
36257
28000
36293
36282
28269
30581
29281
32369
31780
36914
34104
30376
35965
28410
34061
30267
29585
35696
33360
31130
28698
28716
31611
31976
29164
35232
28527
35544
28746
28067
30050
36028
28777
29042
28677
28896
29631
31293
37034
34810
29114
33896
34922
35709
36892
30651
27895
29148
28725
29555
36786
29815
34586
32307
30095
32211
30683
28115
33580
32856
28690
30808
36165
35173
32740
32910
29962
28536
36603
34265
28095
36947
36977
37080
34611
28679
34862
27268
30955
32445
30508
36460
28489
36690
29319
27407
34290
28460
27960
29706
31658
35220
36953
33210
35934
34623
30011
31160
33284
28724
28272
30365
32454
27679
36228
31096
33621
32018
34484
31873
29245
36524
28965
36863
29719
31752
35784
33883
32642
35490
33028
28553
29602
33298
31504
34494
34814
28353
29824
35053
33533
30189
29593
30234
32638
33386
34915
33604
28932
30144
35302
28706
33450
30004
27835
28602
29502
31045
29283
30203
27247
32328
33645
35097
28888
32506
30092
34861
30621
29596
36673
32772
31560
32298
33473
28830
32448
30438
35040
34083
33432
33365
28746
29265
33642
31788
28861
29682
35984
28683
33798
27327
33517
34227
29212
34910
35577
29945
36494
30913
34444
30417
31622
36190
28244
29420
35839
35948
30054
31189
29633
31192
37027
37083
30166
36923
34311
34237
33335
29055
35375
29701
33502
35922
35648
27824
36682
29288
33951
33016
28710
28447
33759
33811
27602
32077
28677
29623
36075
34382
36501
28776
28307
35105
32020
31405
35941
33095
30471
30323
34354
33250
33771
30772
35822
28803
33998
29245
29702
29370
31190
35564
32635
27978
37008
29430
28528
35024
36966
30940
32121
34282
31035
34992
31072
27732
30459
34409
27486
36490
28379
33164
33031
34505
36123
29192
36077
29510
34922
35517
34390
28444
33872
27543
28948
27886
31968
30298
28693
28898
27746
36312
36357
29917
30247
30996
35009
27855
32591
34445
32828
30870
30368
29821
27849
35037
27748
31595
34269
34993
28133
27906
33876
30008
28077
28695
34472
35973
35519
35394
29132
33414
32519
34051
30162
30694
34474
28933
33690
33877
29611
31225
28208
33935
36795
32977
32832
34999
34689
29466
33411
32410
28964
35041
32988
31000
31477
35940
31477
30599
35787
27678
33779
28533
34197
32952
31341
33104
36851
33779
30563
28767
33078
36862
34430
32632
29384
37046
36279
35788
29576
36393
34820
29740
31774
34274
31885
36304
34697
33727
27430
28942
29180
30309
27836
32290
36346
34148
31537
28952
30077
31204
30763
30332
35383
36289
35464
33867
34800
28988
29228
34566
31416
33662
27961
29965
29874
36984
29966
28447
32698
31225
36913
36750
35111
32985
30205
36802
36826
35394
34798
28121
34169
28694
32870
30366
35073
32752
32956
35153
32246
32661
29121
30029
30090
36518
33041
33939
29628
36494
36566
29307
29514
30321
36081
31176
37042
36051
32082
35481
29602
32297
30679
27334
31977
30170
34207
30326
36491
28296
27818
35921
35578
30338
31945
29555
29596
36837
35914
34673
29825
35504
36426
34783
28941
35428
28138
29595
28801
28386
30617
28223
28218
30008
34275
34761
31201
28519
34323
32302
37071
35557
27777
33161
31062
27368
35205
31017
34810
36097
27824
31008
32311
30036
36207
27432
27621
29685
27686
30927
27275
30355
36889
31035
36648
33196
32860
27568
34603
33253
35193
33331
30624
32650
31617
36606
36164
28374
36758
35676
28923
27748
28142
33469
31225
27319
30451
32568
36052
36083
27360
27929
31201
33004
32586
34927
29636
27505
31222
32114
31028
30238
36239
32803
29920
29600
34656
33600
28055
28241
32438
35141
36648
28906
36933
28992
27710
32955
32269
33725
30818
29410
31502
35341
36340
36895
31257
37058
32900
29501
35225
37077
28022
34460
27870
28157
29071
28972
32406
29190
36445
30303
36306
28313
29689
34156
29473
36725
29176
37089
31010
33943
32316
31517
32235
29896
36498
29107
35350
30177
36285
36706
33212
37093
34067
31457
35899
32864
27384
32713
30691
28453
36204
29685
33691
30076
28690
29319
33878
36194
31217
27268
30997
31377
31602
33628
30238
36174
30437
36449
33299
28824
34377
27460
34161
34375
29355
33362
34363
36405
31634
32597
31489
30843
27688
28789
36796
28854
29924
35608
35592
28513
33683
33054
28485
31594
29958
32728
34199
27576
27670
36042
31026
34068
27598
31505
30224
28382
29512
28500
32817
29365
28637
37001
32683
30942
29162
35900
33493
32549
34229
27480
31291
35103
32890
30905
35522
36092
28849
27306
30157
32795
35734
34306
30520
36568
30539
33329
35719
27557
33959
35047
31913
28385
36207
29369
32323
28319
34317
36417
28752
29377
33296
35474
28490
33064
27605
29609
30013
31621
28808
29592
33911
31436
27611
31976
29313
34580
32354
32788
36519
27667
36490
34041
32297
29273
27386
36773
33797
35121
31198
31021
27951
30215
35883
34070
29165
29121
34234
35343
32979
31428
36198
33381
27545
32517
28726
34806
36543
30886
36744
30296
30600
29690
31362
33064
29224
36599
32647
28108
32590
34846
31073
30106
30170
29177
30289
29716
29508
30059
32835
36435
29556
28578
30535
31804
33217
29561
28095
31278
31049
32222
33611
28887
29657
30486
28418
33047
28322
36351
29546
27555
28823
34713
33478
33827
30692
28731
28152
30299
32193
35472
31938
30869
30264
34194
36657
34181
29849
36365
33891
27331
30698
27327
36602
29267
27846
36680
27786
34349
28391
28224
28557
35015
36586
28665
27472
28654
27550
30822
33241
29313
31067
28328
30362
27896
28671
30631
35219
28343
27921
33278
30269
29737
31927
32844
30305
35592
31285
35343
31540
33103
32103
31795
27600
34226
36457
29380
31108
28814
29017
28369
28253
36454
32245
29022
27452
36264
29155
27608
31343
30097
27840
31905
34933
31513
33531
29666
31820
29206
30338
34214
29321
36361
28947
27489
30276
33618
36620
30027
36335
32727
30207
27927
33075
29533
33821
32328
29737
30466
34438
34756
34758
31926
34986
28309
28483
32859
29430
29281
34773
32824
28316
35240
35013
32962
36963
36354
37092
36725
33460
35244
31366
27345
31830
30658
27253
28340
33114
27597
35179
35845
32187
31916
32436
27641
33875
29193
31468
33659
34791
35153
36550
35060
33096
34220
33443
28915
29996
29379
31981
33274
31422
33408
32403
28259
32716
36153
31526
34866
28011
27228
36710
30970
28409
30123
33844
31858
33846
34277
29971
37096
30776
28355
36305
28066
32729
33270
33545
29909
29236
31267
27960
28669
32818
36844
32884
30029
32049
31869
30096
27802
31725
27299
37125
34373
36837
34183
35485
32424
33204
29437
33029
32002
28037
29566
28052
36804
34654
31388
35993
27640
36134
34255
34249
27783
27937
36701
35553
33370
33433
34909
31339
35512
32661
35581
36426
36412
30651
33672
31978
36577
27946
29732
33913
29029
30833
32017
29532
27612
34098
28042
30993
31802
27580
37063
32371
35773
31574
31883
35003
33865
30696
33480
27655
30196
29066
27828
29532
34219
35399
35898
29263
34816
35666
33891
28956
28145
29852
31092
29477
36137
27854
28680
33862
28827
33517
31557
32645
34471
29441
30128
31203
36261
34700
31374
30635
27964
30828
29893
29806
32347
28115
34678
33966
32483
27800
27977
33577
33780
29301
31089
28791
35110
36843
28288
31686
28325
35327
36132
29399
35465
35006
33547
30694
30735
31424
28084
34851
29588
32151
33071
33507
30971
32853
28121
30217
27639
29953
30368
29180
31308
27556
32403
31995
36330
27807
35230
27249
35243
36331
31301
36847
29743
35688
31973
27912
31778
28425
27645
36451
28844
28862
32981
29202
27880
29614
27967
35965
30065
32247
28574
35136
30270
29874
28042
36993
27742
27316
34692
35384
29656
29327
33865
32133
33077
29456
30583
31546
33211
33429
32719
34837
36356
32458
29641
31180
29559
29831
34807
35253
34708
32207
36169
31297
35108
30561
33914
29737
31682
28051
28934
28119
27992
27826
34434
34668
35734
30408
34534
29688
29200
35119
28431
33871
34201
33732
30235
35290
29849
27712
29195
33756
34021
35089
27623
36132
27386
34605
28070
28452
36460
35164
29818
32380
29768
32162
36608
31481
30108
30211
31921
29174
36033
32984
32969
32758
27694
34514
29199
29851
31411
32830
29352
31283
31885
27914
34038
27593
34848
27498
34476
31607
37052
36612
27717
32938
28972
32075
35727
34945
37121
34661
27568
34331
35326
27280
36948
28131
27579
31462
36656
32459
36450
31805
28627
34800
29556
32881
32547
29661
29980
30392
29696
29149
35300
32893
32527
33513
35590
36926
29125
35491
35962
30278
33359
32932
36000
31892
27734
28153
32651
35567
32335
35815
27559
27767
32747
30533
27713
28467
33948
30839
31546
35021
35886
33735
29703
27521
33935
29692
28525
34010
30813
27482
34091
28539
27928
30524
30885
27267
29551
31413
31880
31125
35573
31615
29089
27904
34473
29231
34752
34762
29886
28223
30087
35787
36934
33867
29773
34988
35970
32461
33000
29654
31927
31912
34018
34559
33286
27401
36649
36647
28155
34906
35980
33021
29424
31294
36990
32122
35012
29749
29154
29004
27645
30610
29734
31252
27537
32198
28048
31263
33789
34490
32030
31104
30845
30674
33280
34593
28507
31222
33607
28004
31626
33913
30734
31703
30875
36851
29939
28041
30519
32031
31325
27417
30621
30861
29543
30173
29974
30751
28925
27420
35196
36103
32115
32655
32070
30231
31180
30991
34903
33292
29080
28958
29750
30321
30069
32181
31013
28223
36468
35974
27969
30772
35513
32493
31025
30586
33649
35821
36816
29299
31779
33061
27339
28194
35693
28271
31383
30338
29348
34343
31008
31930
33017
37121
34729
35603
31745
35135
29926
34028
34814
31841
33185
27495
27410
27495
28121
32245
28111
33644
36999
35914
36107
29952
31241
27970
30366
31823
35598
30977
36548
28346
37113
37112
35762
36822
34079
31785
37124
28196
33615
28067
36564
31942
36799
29888
36392
36881
33271
37099
35424
30011
35514
28607
35715
32416
32602
30351
36876
36212
29906
31228
27740
34086
34333
29863
34150
34693
32219
36831
36828
36449
30766
34961
34720
36874
35731
30966
29075
32608
31763
35168
35661
31963
29880
31397
33030
36363
31322
29341
32833
35306
29349
30255
36013
27328
31763
37108
33559
27966
33963
31077
32228
27853
32736
33454
31097
30383
36277
34606
30169
28132
27617
32786
28832
28167
29570
32977
35830
32339
32470
28450
31702
35334
32569
36722
36231
33249
35753
36218
29799
37045
34178
30581
34091
35775
27973
32465
35637
32734
28066
30683
35029
34921
29666
28191
27615
30143
29187
32657
29326
36353
28107
30046
32939
36949
27942
27520
32904
32119
31454
31654
32278
35510
29369
35099
28460
35958
36213
32444
31334
34061
29360
32639
27701
29447
30935
30081
35717
34088
35486
34339
30845
31936
31206
28193
30174
33813
34534
32895
27829
31225
30971
27881
30130
31515
28986
29019
33009
32546
27950
27471
27451
34930
35608
33973
34791
35178
29011
30952
35701
27694
29814
30232
35675
35599
32446
30051
31783
36223
30135
28962
28901
29807
34545
33816
32075
27480
31351
29593
34250
29138
33431
33264
32662
27501
34890
31330
30792
34389
36501
29073
37123
30398
33141
28745
32427
28155
36783
31054
33603
30689
36997
31743
28729
30482
28969
35672
36368
36282
36548
27244
34627
35258
30818
35422
28144
31808
34242
28842
32882
27338
33204
31920
29103
29707
33277
27541
30423
30201
27364
30494
28697
27829
34339
29007
30189
28433
32999
30655
32075
35846
29125
29225
29530
28068
32589
32154
35163
35773
34330
28427
29561
31298
33097
27581
31591
35364
29345
30727
34193
31643
28905
35198
34735
31306
27868
31201
30415
27387
36197
32751
30018
34622
28966
30350
32888
30512
35084
32707
28649
34411
33574
35746
28287
33462
29246
33732
28519
36033
27366
29757
28116
32545
28748
34984
35423
33094
30064
31786
35992
32702
36439
28847
34591
29700
31170
32201
36742
27698
32045
28070
34730
37033
27829
37099
28542
35300
31283
31303
31486
36068
34945
36986
33626
27593
27600
37095
30524
29753
30188
32664
30787
35226
33157
32512
35026
27799
36446
32707
35343
31992
34550
27511
33067
29490
29603
28525
31691
29095
30159
31047
29915
36470
29937
32048
34287
28136
34082
28875
30350
36262
31380
35241
29738
28743
30213
30878
36128
33739
29415
35522
27322
29708
33614
34846
29211
34574
35048
34850
28655
32678
34312
33550
28515
34640
33787
28599
35143
37104
33347
36119
32909
29385
29739
28362
31931
28972
32047
34985
28008
30333
30841
33561
29284
31829
31613
32576
32332
34928
30262
33451
34078
31481
33636
32992
32043
29425
28342
33049
35393
30824
27275
27932
27364
31265
32438
35899
34380
28889
34577
29494
28387
36838
29436
32620
33154
33621
29018
35649
36272
29046
33249
35825
33224
34563
27694
32520
27971
35213
29973
28458
27314
33760
29455
27388
30182
35302
36141
30753
31981
37103
33538
36151
30599
28477
33914
27372
30807
29044
29523
29022
34606
27768
30612
32026
29875
33748
31717
27331
34968
29380
29021
35368
29177
32990
31711
32592
29348
27585
30874
36705
29694
33301
33118
36492
32756
29603
31215
34961
28829
34892
29609
32596
28289
36891
31510
27240
27688
33304
28232
28562
27592
30808
28565
32167
33528
28570
29329
29158
31544
32981
33194
34805
35117
36865
35753
35692
32925
31429
33946
34806
28059
27317
27701
33575
32445
31624
32283
36539
33130
27336
32357
32726
35145
31477
35745
34744
34817
30535
29589
31641
32909
30385
36079
33866
36958
34287
29907
34981
36055
27877
37093
29998
30499
30910
31369
29821
28270
35183
31851
35519
34038
34713
29528
31044
30020
28142
33830
30430
30479
33291
27892
35677
31363
27814
31944
27775
34227
29026
30125
36633
35800
35873
36708
29435
28726
35429
28440
30146
29454
31239
30248
30505
32921
28746
28742
36849
36754
30095
29003
34891
32919
35165
30261
28286
36415
28472
31229
28613
31650
27726
29750
32174
29708
29217
31941
31884
29018
32706
29581
33052
36232
35210
32905
28241
33492
36470
33183
36903
35078
31905
29361
29526
29408
34949
34801
30762
29541
31615
27386
36928
31751
30125
33707
34855
28585
28123
35334
30293
28334
31479
37036
31453
32037
32380
34015
27645
29540
28743
31185
30778
31523
34960
27899
31695
36664
31015
35839
31180
29791
30049
36665
34345
32050
35133
29679
29084
33263
35616
28867
28500
27964
34456
30534
34876
32352
28391
30766
35316
28747
28292
35247
29379
30998
29787
28449
27515
29896
30199
34736
34133
33958
36112
31284
27986
32957
33405
31514
34456
35935
32596
31167
35137
33558
32869
34900
27584
35549
30867
35635
31771
28222
35136
28041
28408
30801
31952
32482
28161
31897
34922
33101
34992
37033
36204
31208
30557
27923
30999
30928
35992
29615
27983
34896
27522
30452
27366
35163
29299
28815
33861
29591
29924
35006
31899
31445
30143
30062
28882
34598
29801
28033
35307
27258
36693
32449
36167
32923
35284
31803
27537
32347
28354
32796
27428
36060
30441
30272
31921
35364
31942
31565
34171
27649
34021
30814
32739
33113
30295
36385
27438
34829
29321
29088
27817
27375
34390
27590
28011
32379
31562
36160
33877
30737
31992
36319
27986
32159
28931
29763
30671
35009
27905
30259
28283
33765
27738
31664
35587
32530
31820
30998
37089
31074
28479
29717
29711
34802
33498
29004
28299
29979
28924
29864
32768
28130
28745
27779
29638
35175
34099
34019
31019
35220
29780
33278
32324
35542
28514
32028
29485
32120
36339
34316
31248
29225
34681
32023
37109
34286
33844
30121
33847
31597
28902
36509
28351
35602
32397
36770
33363
29144
34346
36819
28267
35026
36822
28797
29855
34908
27691
31177
30557
30770
34333
32770
32088
35603
30771
29833
28042
29003
35298
33106
28162
30422
36568
35145
31535
34534
32103
29798
36587
30025
33745
32834
35220
27960
28822
37120
35467
33675
27686
27730
31912
28986
27447
33822
30712
35053
36226
27930
35886
31284
30562
36805
30411
29424
29629
36896
27694
30432
28256
31312
28256
33832
34660
30067
30996
30167
30189
33239
33008
36470
31981
36854
35432
36291
30388
30357
29407
32026
27888
34557
28127
34462
33912
29796
35332
28217
28602
33683
34235
35551
31371
28018
33643
36394
32686
28664
27612
35770
27728
34319
35371
27795
36915
31947
36727
31962
36721
29026
33076
33608
32909
36497
37072
30394
27915
35129
33658
30659
28292
28685
32495
31924
29032
35312
32717
32198
34898
33900
34463
28646
35123
27956
29993
31200
33976
30121
27429
35711
31199
29785
31564
29606
31759
28707
32611
27988
27948
30477
32334
33954
30029
33486
28000
33479
32029
36156
31463
29648
35900
28966
32364
30448
31721
29489
30590
34644
30488
36148
36353
33581
30497
36720
34719
29743
32450
32674
29151
29809
28126
30920
35474
30212
32651
29751
32407
34906
28523
35208
28747
31440
27812
31956
33013
29630
28587
30801
33439
31818
35839
35596
33153
35743
36527
33838
30986
33237
27817
28425
31254
31237
29913
35408
29742
34114
31925
35060
34505
28892
28958
28986
34990
33903
34775
35546
32723
37024
33505
28099
30194
31779
35058
28310
30883
32017
27730
30881
30722
28118
28511
34036
28923
36918
32214
27407
32503
34487
29337
33714
28508
36815
28021
30673
34695
29761
32676
32908
29747
31233
34353
27958
29809
27610
31120
29268
29543
32513
34105
27872
27535
31212
27835
33528
30671
27234
36219
32694
28220
33755
34568
29925
33175
34303
35681
32717
31160
27300
31848
36461
30078
27781
37079
30839
37077
30217
32401
35150
28503
27611
36295
34741
34421
28434
28404
31984
30660
35596
31401
34142
27744
29148
27391
31034
28431
35085
36166
30703
33514
30960
27291
27359
30970
34043
27708
28558
30412
31929
33990
33117
28976
31639
36757
32152
33368
30260
36094
34530
31261
27798
31133
28166
29590
30376
30126
35801
33465
36336
35409
36027
33336
37040
33578
32836
29993
31266
36807
31195
29049
34512
34604
28367
35982
31703
30959
27458
36559
29745
27925
30144
29443
35866
36952
28790
36730
35475
28877
28192
27486
35940
27262
30486
35581
27519
34524
32881
29056
36623
30320
29943
31469
29146
29193
29194
36441
36247
28194
35527
31905
34256
27863
29545
30919
33121
28095
32485
28803
36626
34560
30246
27789
35442
28942
35364
27819
28716
31551
31667
32849
31358
33986
29523
36900
29941
28180
34661
36738
28495
27674
30275
29440
30153
27509
31093
36913
33596
33160
29286
34525
35028
29554
32885
33560
32796
34220
34937
29005
28406
36117
33864
31546
29623
32143
35066
33050
32522
36418
30045
29104
35067
28158
27570
29047
28718
30598
36655
32322
27888
32390
28140
29961
30145
28593
30364
37044
27537
33640
32433
34729
35888
29717
29549
27832
35703
29872
28774
27851
32127
27606
36018
33311
28822
35200
30199
34509
29780
33346
29167
36425
27406
28668
30024
36518
29879
28513
35609
31706
34135
31172
27468
28397
35030
31742
34944
29582
28628
35478
32842
32224
32575
32632
29232
31087
34116
33534
30287
28052
28470
32113
29352
28715
30765
35006
33973
30491
32866
32534
34030
28833
34758
33282
33071
30591
28278
36827
28930
27445
27933
30900
36566
28731
27297
31640
32915
29087
27764
32546
32443
34773
32878
35694
27500
31640
31829
29156
31107
35648
29954
34128
35211
30928
33136
28272
36882
29738
36088
34892
36240
31371
28340
28047
32732
31667
33435
34176
30821
31203
31013
29754
33991
32282
36119
29355
34949
31525
33471
30984
30049
28933
29485
30613
36696
28394
30600
35020
27805
29034
34905
31113
33912
34051
27617
36938
34111
27631
35157
34773
29700
28880
30522
32097
28289
34468
35015
28745
34327
31816
35384
33197
32150
36791
30955
35865
27359
27789
37028
32785
32752
34634
31749
36352
27439
31174
27395
33902
33999
34630
29526
28492
31238
36812
28938
28729
27674
35112
32121
33120
31556
30474
29867
30182
31322
34793
28924
27391
28050
28666
31769
33249
36277
31686
27676
35969
37105
34460
31071
34481
28433
33311
31315
27358
34951
37101
33056
33343
31172
33819
29783
33379
31382
36817
32339
28028
30885
27867
35844
35853
31126
29360
30506
27354
33219
32602
34673
33252
36058
28836
27436
29473
28127
31646
35054
27570
28331
28583
36975
30623
36344
30818
30057
29461
27592
31259
32687
32196
30367
30857
36428
29084
36870
27854
34682
33102
31359
28516
36663
34362
31619
29024
27305
35914
29266
28364
27778
33753
30075
28702
30877
32481
31516
29633
29015
33231
28585
31988
34605
32941
31656
34212
36664
32619
31588
34700
29841
32294
32123
31666
27434
27529
29184
33581
36613
34320
33447
36846
29424
30428
37042
29416
31287
35540
29353
30093
31247
30657
36226
29712
30491
30114
30520
31637
34272
27452
30356
28012
29929
29603
27835
30203
27317
31403
28252
34478
31209
32985
31322
31057
32975
33377
30726
30039
32846
35903
35928
34355
29173
28277
30028
29114
32146
34051
28941
33033
35451
35455
33491
27497
27840
34687
34304
29458
27480
27977
37072
29844
35267
28403
32514
34707
29677
36306
34477
29603
28501
36792
28434
32976
32378
33475
36851
31127
29489
34268
32152
31680
34853
27497
30486
36347
30248
29869
31769
28738
32119
33192
36793
30856
33375
32228
35901
35276
27442
28378
30970
29180
36734
32400
31981
29265
36974
34654
34474
27629
30194
29317
35592
36729
28996
28380
27479
30284
31672
27329
32836
36737
31272
33772
29573
27560
34929
29991
30073
29458
32645
30243
34551
34603
29134
27839
29550
35190
28671
33968
34074
30258
29286
35484
35822
31147
27698
34873
29259
31477
33346
28104
31731
32685
30937
28623
36554
33325
30252
33786
27784
28483
27842
30062
31154
35906
28585
29167
29875
29354
28365
35425
33253
33739
28496
33902
35864
29396
36257
29484
30936
33677
30618
29778
29911
33408
35372
28107
29163
34996
36645
30465
28263
27388
29212
29769
33912
33245
31683
28704
29904
36608
34761
32772
35849
30222
33494
35744
30550
34542
31393
28008
28559
29630
30913
31387
28815
29810
28659
36410
34608
28381
36446
35912
32371
35856
33730
28092
35873
32711
35420
29935
36106
33412
28524
27509
31193
29157
30107
29433
36609
32561
31293
29412
32833
27944
33992
31507
31616
29243
32117
32292
35547
36940
30077
32108
29396
33546
29967
32023
36118
31738
27298
36462
30148
36476
32037
29739
32734
33676
31988
31865
29647
28605
36285
29269
27593
32245
35578
34762
35106
35805
33089
33919
31202
33803
28986
29472
29708
32312
28866
31019
35478
31855
34981
31885
30619
27693
28604
33117
27745
27994
31744
31276
30175
36056
28168
35497
29676
35764
32995
30530
30700
32249
31002
32534
33747
28448
34211
30317
34087
33757
36271
29212
29538
29022
29890
32105
31729
32800
33069
34857
27798
36984
34440
28950
35564
30640
36522
28408
27229
35473
31749
34315
31749
31979
27916
30118
36774
28583
30736
34705
34956
35714
35144
30034
33587
29211
31430
36672
29279
29467
35216
32281
30242
33177
29758
32035
34396
29367
28555
33923
31530
35934
32978
33805
31783
29495
29530
35485
36577
28969
35968
27718
36140
32619
27477
31627
27297
27452
27605
33944
31802
30336
28273
36525
28607
31005
30363
27783
30611
36861
29248
34935
30877
31565
35362
35460
31087
29629
31422
34542
36022
28183
32011
32351
31383
34470
28013
37055
29776
32581
28363
27566
31444
36417
31815
34714
33349
35227
28592
36060
28325
32706
37105
34678
33602
35948
36595
27347
28956
36680
28714
27669
29967
28697
28849
30989
35144
29492
30188
33931
30529
35912
32432
29145
34245
31017
28707
36512
29793
29722
35315
33082
34839
33282
36065
36068
36503
36819
30269
33063
29197
27941
33107
27930
29852
27926
34628
36358
29066
33101
34181
35676
36842
30311
32749
32868
29734
35566
31064
32319
29259
36164
27837
35181
33388
32807
36681
31702
27679
30997
32506
32736
31490
34166
28503
29194
29597
28553
27885
35835
29692
29155
29227
32066
28624
29508
28138
34262
31010
36175
29937
35743
37119
29612
33251
34860
33402
33822
29266
33381
28808
36152
30293
36041
28114
32999
32350
34247
36106
29675
34704
28825
27642
29892
31387
28075
36896
29027
32727
35198
30975
27685
31181
28711
29456
29587
27269
35603
28860
27758
29942
27671
33689
28615
36781
28201
30984
35196
27321
32414
28815
37031
27757
32744
32777
27445
28900
34051
32532
