29341
29324
29639
28084
28060
28885
29242
28682
28384
29452
30270
28139
28731
29113
27561
28091
30058
27661
30286
30160
28603
29872
29365
28215
29413
29970
29025
28735
28527
27785
28715
27960
29066
30148
27724
29011
29915
29768
29132
29940
29298
29061
28376
27880
29626
27712
30358
28515
28753
29216
29881
28684
29718
30017
30320
29250
28199
27667
28886
29434
30116
27514
28076
29801
29516
28030
29523
27650
27677
29027
30029
29598
29413
30307
29437
27650
27518
27550
28427
29765
28928
30140
28783
30085
27698
27917
30059
29153
29916
30009
27510
29996
28327
28989
29453
28990
29443
27849
28612
28064
27622
27623
28623
27667
29056
29748
29889
29361
29381
29186
29949
28050
28937
29419
28181
30119
29240
28658
28444
28866
28382
30218
30231
28657
29642
30256
28077
30192
28316
29283
29248
30126
28565
28119
28676
29081
28963
28395
29277
29102
28632
29135
28771
28785
30260
28084
30074
27954
30260
28862
28213
29030
28569
28157
28954
28655
29561
27949
30096
27539
27812
29076
27585
29023
29343
29806
27914
28404
27873
29545
28603
29169
30122
29701
28157
28559
29783
28355
29271
29353
29051
29978
28067
29969
27661
28911
28144
28560
28041
28553
27608
27707
29841
28549
30269
28263
27561
28795
30350
28613
29300
29502
27660
27842
30280
28284
27921
27917
28695
27765
28492
28170
27802
30118
27517
28064
29707
28821
27597
28122
29892
29701
29563
28333
28421
28951
28886
28701
29128
29472
29056
28144
28628
28332
29836
28097
29400
27947
29315
28702
29300
29850
28348
28372
28555
29027
29868
28944
29240
28595
28806
28412
30112
29650
29773
27749
29991
28302
29029
29966
30356
27824
29213
28965
29224
27789
28305
28071
27758
30031
27950
27548
28888
28130
29384
29854
30344
29975
29565
28810
30075
28888
28315
28254
27643
27595
29109
28550
28776
30103
29716
29519
28567
27976
28585
28550
27625
29146
28187
27800
27572
30106
29729
27923
29748
30350
28943
28824
30172
28621
27640
27785
27608
28735
29578
28778
28305
27713
27689
29760
29223
28097
29600
27866
30165
28082
28346
27513
29394
30038
29894
30277
28633
29157
29391
27918
28677
27696
28748
27524
28317
28863
30165
29914
30358
29930
28524
29105
28095
29494
28678
29515
27978
29973
27491
28064
27604
27709
28072
28910
28333
29755
28404
29943
29364
29076
29327
30043
30059
28640
29937
28507
29463
30093
29019
30147
27956
29699
28403
27905
29896
30007
29309
28919
27849
27540
27797
29318
27768
29905
30184
28228
27848
27776
30221
29936
28163
27634
28044
30211
28286
30245
29689
29460
30337
29591
29361
28357
29333
27700
28207
30005
29667
29745
28865
29619
30109
30157
28729
28850
29181
28215
28670
28242
27927
27692
27925
29823
29480
28091
28923
28733
28863
29150
29855
28332
27780
29239
29142
30032
28581
28379
30307
29296
29275
29558
29995
29745
29197
29618
29180
27839
28786
29157
29126
28732
29860
28549
28012
29293
28315
27808
28421
29399
29092
27688
28439
30188
29072
28197
28152
28976
29936
27958
28153
27552
28615
28869
30287
28885
29157
30114
29203
27715
29613
30248
28314
30124
29679
29335
28489
27773
28473
29908
28355
29974
28077
27612
30333
29200
27749
29201
29590
29966
29414
28377
27879
29402
29616
28445
30212
30118
28476
29037
29647
27562
29734
28890
28921
28940
29091
29700
28510
28604
29409
28138
29243
28753
27643
29157
27927
29055
29510
29328
27704
28008
28376
29523
29367
28483
30335
27685
30153
29302
28312
27508
28636
28301
30188
28708
29323
28883
27689
27742
29341
29821
29321
28860
29045
28819
29976
30234
28869
29465
28486
29124
29152
30092
29762
28646
28672
28967
30154
29474
28097
28622
28390
29343
29551
27526
29782
28931
29165
28023
29732
28904
29585
29901
29572
29393
28762
29635
29851
30213
27941
29499
27629
29692
28053
28613
28171
27667
29554
28342
28080
30214
28468
28607
28011
30009
29974
27747
29974
29377
29550
28808
29561
27911
29104
27523
27550
28648
29908
29421
27656
29424
28147
28505
27560
28889
29416
29833
27831
29738
28435
29953
29368
27684
29350
30143
29838
30043
29329
27533
30171
28820
29876
29660
29306
27862
29965
29610
29451
28323
27730
29444
29290
28026
28326
29645
29584
28495
30153
30338
27561
28246
30339
29490
28274
28363
28508
29103
28758
28296
29813
28668
28844
30242
28524
28639
29363
27629
27889
28639
28240
29723
28138
30018
29342
29405
29017
28913
28536
29760
27925
27617
29560
28195
27495
28207
27545
28536
27798
27493
29101
27791
28270
28057
28907
27712
27899
28534
28321
28132
29306
28060
29723
29004
30032
29411
27697
29252
28658
29815
28975
29078
27642
28082
29700
29447
27648
27967
27782
28618
28394
29960
28273
28876
29105
29431
27750
28375
28027
28778
30126
29127
29003
28527
30054
29139
28539
29991
28721
28955
27882
28754
28489
28125
29164
28704
27948
27557
29637
27877
27858
27797
29112
30212
27813
29714
27992
29422
29449
27830
29577
30027
27753
30020
28622
27861
30320
28367
28505
28339
27983
29552
30271
28988
28755
29019
27959
28290
28294
27916
29647
30019
28158
29487
29044
28958
28120
28201
27907
29255
28477
28924
28057
28692
28866
30158
27998
28813
29504
27511
29776
28339
28684
27684
28688
28279
28982
27684
30278
28303
29433
29433
29577
29518
29057
30166
29675
29199
29742
27702
27618
30046
28368
27856
27504
28037
27998
30262
28043
29403
29135
29644
30084
28559
28972
29670
29592
28286
28409
27653
29297
27673
30249
28137
28920
28717
28544
30008
30009
30075
27647
28799
29770
27864
27959
27820
29373
28586
28327
28245
27559
29691
29122
28117
29135
27861
28197
29849
30012
28996
28998
29048
28063
27702
30056
29864
29711
27635
30248
27615
28297
28536
28462
28091
28221
28686
28440
27751
27666
30083
27717
28189
30237
29420
28958
27618
30224
29246
27494
29030
27640
28601
28955
29321
28060
29911
29775
28262
27836
29647
30154
28768
28133
29529
29911
28677
29048
27535
27593
28857
27663
29865
29462
29858
28196
28646
30271
29234
29999
29348
27536
28029
29811
29980
29344
29334
28902
30047
29068
28300
28067
28060
29974
28239
30219
28683
29978
30065
27597
28685
29322
28286
28669
27521
27786
27480
28296
30127
28764
27986
29013
28061
28611
28402
28132
28604
30290
29740
29175
27878
28118
28511
28461
29751
29049
28422
29699
28785
28494
28891
29908
28436
28465
29424
27702
28273
28350
27648
28026
29692
28908
28344
29242
27614
28224
30016
29633
30289
29133
27503
28330
28045
29085
29190
28797
28493
28476
29915
30066
29112
28303
29890
27620
29470
29975
29303
27666
27587
28481
29698
27695
28209
28781
27828
27633
28388
29540
29893
29300
28295
27840
29150
28493
28828
29145
30290
28341
28816
30113
30010
29268
29752
29439
28045
27818
29582
29930
27993
28684
30017
29907
30062
27741
28767
29112
28884
30256
28618
30119
28432
30183
28380
30116
29315
29255
27987
30256
29795
29487
29459
29216
29655
29234
27623
28124
29817
28138
27830
30126
27893
28899
29844
29190
29572
27882
27935
29421
28742
29916
30164
27577
28032
29525
28055
27746
28986
27788
28878
29417
27605
28727
28814
29207
27899
28522
28140
29585
27885
28268
30345
28404
29394
28426
28587
29804
27723
29281
29979
29752
27855
29439
28659
28175
28928
29152
27995
28268
27598
27915
29858
30330
27870
28628
30087
30110
29522
27834
27676
29797
28906
27964
27604
28057
30270
29664
27493
28645
29778
29548
30295
28542
29077
27769
27487
29450
28271
28646
28250
28981
29653
29455
29159
30210
29648
29622
28057
30186
27847
29516
30110
29747
28602
28836
30093
27755
30338
29965
29028
27877
28846
29944
30339
29288
30161
28899
28473
27743
29505
30314
28804
28761
29852
27796
29857
28726
29680
30233
27821
29325
30119
28570
29657
29091
28229
29404
28013
28273
30220
28921
28414
29352
28224
28206
30182
27929
29927
28067
28250
29636
28138
27903
28312
27787
28268
28275
29209
29643
29994
28301
29365
29860
27673
28079
28709
27824
29414
29542
29666
28260
27506
28875
30340
28284
29528
29049
28281
28607
28529
27801
29927
28137
28886
29816
27981
29454
27827
28326
28455
29109
28249
29718
30264
30080
28131
28661
28344
29820
27772
28679
28967
29327
29447
28782
28638
28307
27615
29905
28908
29987
28413
29925
27756
27702
28171
29562
30147
29703
27658
30256
28320
29467
28605
28175
30163
29363
29796
27891
28236
27830
28494
27933
27741
28317
28674
29144
29743
30216
29917
30047
27983
29366
28373
28269
29132
29158
28570
28964
27479
28335
29585
29816
29586
27483
27788
29788
29621
28545
29436
28780
29118
29887
29263
29143
28125
27501
29582
29425
28184
29389
29365
29162
27843
29872
29277
28561
28697
27954
29079
28998
28018
29649
29698
29226
27787
29282
30058
29743
28559
30011
29347
28001
28921
29962
29718
28284
27577
28684
29731
28487
29891
28276
30157
28274
27693
29744
30247
27566
29654
29173
28587
27780
28801
29016
27586
27712
28118
29125
28775
30312
28304
27819
30077
30001
29442
29623
30287
28872
27941
28485
28613
28965
29743
29338
27558
30195
27694
29806
27739
28206
27666
27502
28988
29634
29776
28832
27764
28918
28017
29183
30313
28434
27503
27535
28779
29688
27642
28783
30280
28599
28730
29406
29767
29972
28233
29381
27733
28725
29535
28599
27966
28529
29866
27667
27849
29048
27864
27689
28119
28280
30223
29453
30161
27850
27797
28557
28241
28976
27777
28067
29558
30116
30074
27732
29763
29342
27896
29792
27538
27618
29381
27991
27733
27951
28779
27502
30042
28621
27933
29014
29208
28620
28305
28853
28940
28032
28716
28796
28697
29467
28830
29733
29689
28124
28443
29871
28242
28636
28171
28285
29189
28435
27766
28482
27547
29803
27761
28951
29296
29058
27743
28103
27790
28015
28426
28795
29225
28835
29398
29139
28873
29615
30260
29065
27888
29032
29143
27884
28071
28934
27756
28782
27957
30116
27949
27765
28289
27513
30291
29979
28302
29656
28814
27672
28567
27853
28740
29148
29636
28843
29356
29100
28042
29645
30304
27787
28708
29186
29151
27836
27892
28949
29671
29049
30105
28945
27500
28116
28911
29307
28886
28181
28696
30004
30135
28582
28320
29485
29187
27778
28993
29659
28390
29939
30184
27904
27905
28838
30270
30027
28357
28839
30134
29741
29439
29830
28362
28624
29070
28725
28349
29067
30056
28576
27827
29559
27518
28093
29526
28266
29124
29204
27764
29976
29946
28951
29315
28011
28256
28100
28341
28794
29634
29343
29442
29176
29236
29413
29838
28006
29255
30289
29704
28589
28390
28602
27573
28151
29826
29483
27553
28356
28497
29965
28649
27625
27542
29382
28027
28008
27702
27480
29580
28075
29193
28718
28095
29977
28782
28027
28731
28829
29037
30145
28614
28331
28985
28558
30160
29859
27943
29831
27568
28593
28018
28924
29176
28022
28319
30210
27965
28827
30266
28071
27937
28017
29467
28176
29259
28948
27834
28738
29376
29880
28667
28610
29959
28556
30027
27828
28975
29634
29683
28559
29601
29382
29029
28386
29676
27493
29065
29106
29100
28375
29405
28928
28430
30035
28388
30126
28281
27725
27695
27808
28401
27642
27835
27948
28584
28644
29205
29851
28384
28888
30311
29020
29119
28847
29543
28842
28097
29851
27688
29079
28654
30245
29488
27718
30321
27837
28710
29008
29167
28336
28102
27573
27587
27927
28549
29667
29988
29416
30269
29332
30090
28528
28669
29119
29538
28170
28616
30104
30316
28411
28707
27514
29918
27832
28467
27527
28286
28430
27668
28427
27956
30229
28755
27945
29874
29101
27894
29895
29034
28228
29917
27521
27759
28382
28732
28946
29768
30147
28143
29139
27551
29312
29319
28229
27908
29379
28383
28045
29500
29925
27878
30204
28187
30008
28276
29892
30044
29797
29981
29045
28577
30122
28254
28093
29892
29425
29544
28423
28269
30098
28522
29052
30345
30178
28212
30063
28806
27923
28117
27791
29780
29840
28549
27852
29405
28860
28912
29192
30074
30235
28501
29413
29243
28966
29092
29327
29617
29378
27756
28601
29305
27528
29226
28746
28648
27884
27531
28723
28449
28721
28160
29517
30284
29957
29937
29143
29220
28638
29846
30236
28739
28880
29571
28354
27689
30244
28046
28402
28428
30158
28362
28134
29312
28260
30193
28914
29436
28296
30050
27632
27842
29938
30224
28792
29870
28512
28410
27961
29981
27891
28325
27595
29981
28602
27678
28734
30120
28874
27673
29462
29349
29296
30177
29304
29730
30291
28025
28581
27496
30264
27935
28475
27812
28200
29509
28321
27986
29710
29681
30287
29494
29327
27989
29601
30103
28393
28250
29043
30043
29633
27594
29666
27950
29282
28698
29011
28080
28747
28256
27609
29608
28715
29366
29890
27830
29526
29140
28393
30145
28385
29924
30022
28638
28605
28992
30186
29085
28331
28898
29926
28622
29863
30255
28019
29098
27527
28709
28527
28208
28341
27611
29347
28630
27919
29584
28657
28379
30106
30113
27495
28165
28079
27576
27562
28549
27813
29468
27732
29163
29440
28003
28634
29042
30044
27683
29695
27754
29384
28394
28113
28570
27524
28395
28654
29426
29049
29636
27781
29205
27811
28571
29312
28426
28630
28767
29624
28951
29161
27894
29561
28582
28786
29205
28848
30084
28503
27518
28865
28864
30065
29017
29814
28164
29113
29816
28764
29699
28496
28945
27638
27605
28251
28669
28243
28577
28386
28863
29954
28988
29153
28714
28434
29251
27984
29956
27545
28802
27964
27507
29328
29859
28178
27898
28949
29739
29097
27832
27807
29774
27575
27715
30300
27555
27766
28385
29884
29291
28509
29558
29601
28380
28888
29214
28773
28088
27907
28780
28629
27550
28327
27557
29621
29154
28464
28005
29138
30214
29407
27929
29072
27904
30123
29031
28841
28820
29745
27990
27835
30061
29049
28145
30252
27687
27631
27961
30082
27524
27662
29418
30271
27547
29050
30356
29879
28028
27880
27522
28513
29036
28711
30142
27793
30063
28884
29094
29809
28499
28714
28587
28792
30020
28108
28148
29414
28485
29984
29631
28829
30052
27957
29161
27749
30333
28261
28466
27613
29880
29188
29150
28603
27663
30214
29020
27631
27636
28877
28910
28657
30132
29991
28205
28812
30341
28046
27751
29476
30256
29446
27859
29685
29270
29622
28575
29156
28914
28687
29388
29501
27551
29699
30111
30250
28261
28298
29059
29409
28152
27802
30019
30223
29549
28520
28536
28630
28327
27695
28937
28052
27859
29144
28430
29072
27660
27632
30236
28527
28870
28498
29770
29050
29166
27768
28620
28054
28450
28158
27482
29096
30176
29694
28572
29724
28551
30217
28890
28172
29849
30158
30121
27787
30070
27618
29453
28337
28807
29656
29071
29467
30140
29890
28975
28837
27682
30119
29356
29993
30296
28574
29094
28371
30257
28372
27593
30161
29965
28253
29526
28290
28307
28248
28162
28462
27600
28387
28987
28190
29373
30214
28206
28093
27753
27911
29364
29378
28433
29635
29209
28599
30236
27883
29827
28358
27762
28339
27689
30224
27492
28102
29539
28318
28778
28907
28537
28202
27778
27994
28086
28705
28888
28737
28204
27547
28588
29785
30221
29244
28292
28121
28027
30116
28419
27662
30068
28992
29727
28732
27870
29043
27758
27868
28073
28168
29827
29586
29706
28089
28909
27506
28795
29623
29978
30150
28798
28892
30173
27970
28673
27605
27617
27990
28522
28175
29442
28773
27798
29759
28464
29409
28474
28923
28865
28914
28849
28957
28163
28658
29907
28058
29958
27966
29054
27893
27951
29969
28365
29460
30067
28184
29349
28302
29478
29345
30155
29901
27495
30088
27643
27809
30142
30289
27894
27738
29227
27595
29337
28925
28757
27597
27877
28591
28265
29998
28241
29294
29342
28327
28889
28876
29971
27769
28510
29870
30110
28951
29075
28838
29896
27825
27969
29001
29600
27924
28903
27833
27837
28834
29718
28278
28043
28892
27990
28036
29535
27990
27956
29099
27509
28588
27658
27724
29494
28002
29241
28769
28413
29846
28694
27615
28267
29073
30074
27538
30067
29958
28441
28370
28036
29833
28670
27702
29650
27910
27634
29353
28619
28749
28666
27921
27856
28168
27634
29827
28072
27926
28789
29102
28017
29956
28265
28271
30338
30153
28615
28278
30082
28770
29404
28251
29649
27658
28066
29358
29806
29629
28900
27799
28897
28630
27642
29908
27751
29397
28244
29516
29489
30025
30044
30095
28893
29857
29166
29559
28944
28487
28995
28091
29944
29339
28116
28066
28220
29871
29776
28202
27822
27815
28454
28010
29593
28360
28504
30266
29754
29093
27977
28445
28213
28827
28915
29842
29733
28318
27857
28126
29400
28662
29275
30187
28981
29428
27906
27884
29405
28343
27926
30293
28213
27540
27577
28536
27705
28263
28847
27797
28200
27556
29940
27929
28634
29767
29527
27920
28975
29825
29040
28369
28073
30305
29571
28758
29091
28636
27697
29379
28625
29025
29058
28543
29341
27792
28800
28752
27822
27850
28253
29092
30081
30004
29892
29742
27510
27895
30089
29345
29719
28235
28796
30236
29066
29839
29560
27993
28039
27790
28121
29881
30246
29903
27943
29355
28729
28428
28223
27499
29394
29151
29296
27688
28458
29285
27716
27702
28156
28950
28235
28830
28167
28382
29633
29834
28612
28993
29564
28747
27683
27545
28599
28471
28465
27992
27509
27670
28112
29429
29288
30316
28114
28903
29732
30130
29724
30336
27572
29989
28434
29417
27909
27686
30031
29860
27987
27615
30103
30290
28748
27749
27714
29762
28821
28728
29911
28479
27506
27727
28559
28803
29589
28437
28621
28684
28400
28878
28141
28781
28490
29715
29318
29517
29313
28446
27835
29237
29184
28516
29198
29140
28505
29747
29379
29116
30056
30065
27975
29182
29332
29839
28618
29020
30287
27701
30032
28003
28025
28205
30293
28144
29307
29414
29157
29077
29365
28967
29035
28103
28853
29444
30080
30296
29089
28705
28858
29179
28538
27491
27757
27684
29382
30196
29968
29178
28439
30216
28102
27639
27668
27846
30174
29932
29290
28143
28988
27605
28745
28727
28211
28302
29660
28228
27669
29636
29297
30285
27984
28411
27984
29042
28665
28659
29785
29013
28140
28196
30280
28849
29842
28031
28955
27575
29044
28144
29952
29744
28075
29560
29350
28545
27680
29221
28310
30028
28937
29315
29061
30130
29939
28437
27990
28246
28208
30240
28810
28126
29485
27974
28337
29185
28619
28072
28125
28538
29975
29395
28155
28109
30341
28284
30321
30121
29735
30263
28860
29976
29445
28993
27691
29391
27667
30123
29269
29446
30023
28540
28784
