37561
37583
38067
38512
36979
36860
38470
38135
37389
37232
37759
37670
37434
37209
37467
37458
37085
38033
36742
38300
38165
38530
36814
37868
37620
38410
38492
37937
37349
37272
37850
37005
37389
37152
37330
38454
37814
36790
37388
36731
37537
37686
37104
38457
37280
37645
38404
36909
37548
37204
37107
38090
38506
36721
37187
37774
37265
37893
37779
38223
38416
37880
38409
37171
36828
37497
38005
36846
37766
37997
37471
36806
37371
38123
36941
37677
37598
37455
37253
36771
37394
38210
37368
37057
37864
37030
36963
37194
38403
37103
36730
38447
37843
38523
38037
37523
36921
38183
36970
36839
37815
38508
36710
37682
36698
37879
37763
37697
38070
38283
37306
37312
37463
38494
36866
37532
37970
37989
36878
37873
37899
37101
37067
36949
38320
37294
37764
37255
37203
38090
38126
37397
37816
37663
38489
37346
37734
37586
36888
37860
36798
37424
37999
37474
37040
37784
38304
38272
38136
36887
38193
37059
37350
37058
36818
36845
37307
38524
37064
37063
38205
37795
37018
37564
38494
37386
38101
37900
37441
36844
37102
37817
38094
38198
36945
37538
37718
37010
37241
38522
36751
38103
37884
37244
36997
38388
38336
36772
36694
38296
37985
38326
38332
37844
37888
36761
36794
37728
36748
38174
37164
37392
37487
37176
38096
38479
37602
37157
36789
36833
38324
38304
37912
37041
38052
37372
37603
37570
37522
37997
37763
38035
37707
37292
38428
37276
38467
37933
37295
36994
36757
36929
38160
37040
37595
38008
36895
37133
38431
38435
37352
38024
37914
38076
37032
38330
37753
37236
37472
37212
36792
37877
37308
38231
37201
37388
37182
38047
37399
37739
37531
38384
37105
37233
37058
36744
37970
37625
37400
37621
37480
36715
37760
37528
36902
37889
38178
38300
38239
37525
36795
37481
37586
37863
37569
38442
37735
37416
37419
37608
38459
37955
37823
37977
37011
37185
37440
37202
36887
37363
37436
36922
36931
37302
37637
36946
37446
36901
38473
38346
37655
38317
37231
37947
36845
36954
36744
37444
38220
37057
38247
37085
38449
36708
37235
37182
38009
37176
36813
37685
37228
37761
38413
36893
36722
38340
36758
38155
36981
37537
37138
37372
37454
37833
38166
37249
36742
38117
37253
37570
37272
36973
38471
37838
37275
38271
38454
38197
37265
38014
37658
38462
37024
37990
37847
37529
38517
36864
36813
38154
37042
37945
38057
36955
37303
38509
36991
37759
37077
36755
37688
36921
37007
37024
38136
37205
37668
38318
36933
37154
38269
37247
38382
38524
37096
37450
38383
37363
37031
37136
37974
37827
37728
38186
37332
37976
37757
38177
38232
37126
36751
37029
37015
37331
36871
37871
37961
38474
36764
37424
37064
36722
38479
37954
37022
38303
37507
37723
37511
38132
37788
38299
38494
37988
37224
38319
37452
37431
38151
37502
36836
37209
36694
38137
37782
37647
37998
37538
38032
37785
37866
37108
37637
37138
36834
37419
37831
38431
38181
38361
37067
37582
38529
37843
37770
36735
38405
37965
37422
37098
37937
38247
37022
38235
38112
36963
38093
37504
37519
38239
37988
37424
37878
36846
38089
38091
37268
36831
36926
36814
38095
37602
37626
38194
37952
37475
37165
37286
38125
36988
38081
37083
37323
37103
36938
37488
37060
37909
37906
36917
38492
37098
37754
37066
38443
36845
36961
37868
37955
36901
37425
38125
37654
38461
37760
37383
38401
37320
38314
37232
37193
36687
37849
38504
38212
37735
37914
37639
36728
36966
37785
38252
37234
38033
37791
37781
37844
38357
38115
36773
37489
38460
36872
36843
38443
37572
37900
37812
37320
37384
38164
37691
36841
38377
37294
37610
36950
38338
36945
37919
37303
37620
37857
37143
38411
38132
38342
37912
38365
37852
38208
37033
37943
37309
38081
37326
38526
38090
37145
37171
38124
36799
38052
38218
37348
36754
38157
37858
37148
37833
37423
37632
38286
36889
37542
38502
37211
37020
37352
37792
37043
37922
38293
36911
36859
38525
36725
37616
37926
36889
37450
38404
38061
37480
38260
37958
37242
37637
38022
38133
38377
38450
36695
37789
36749
37152
38455
37410
37147
37345
37263
38326
36890
37729
36802
38373
38205
37229
37401
37696
37636
37880
37753
36931
37257
38040
38013
36839
37267
38057
38362
36757
37776
37080
36831
37466
38304
38005
38249
37338
37266
38509
37819
37101
36846
37249
38430
37509
36833
38069
36775
37097
37423
36938
36947
37127
38461
37451
38238
38316
36731
37332
38110
38219
37099
38492
37747
36964
36741
37984
37562
38056
37742
38070
37303
38044
38408
36812
37062
37082
37195
37886
38398
37983
37656
37118
38337
36763
37930
38381
36945
37123
36739
37043
37934
37225
36953
38128
37742
37133
37944
37949
37266
38037
36803
36833
37710
38178
37320
37284
37087
37537
37224
37829
37845
38027
37728
37979
37013
36898
37283
37507
37921
37631
36913
37938
37732
37733
38115
37558
37158
38243
36758
37815
36983
37546
37608
37702
38068
38128
37344
38473
37447
38035
37995
38244
37462
36835
37298
36733
37583
38013
38286
38278
37277
37562
37481
36816
38372
37698
38104
37628
38187
37486
36750
38005
37333
37470
36689
38263
36831
36845
38019
38255
38230
37107
38492
37506
38290
37458
37631
37763
37626
38266
37950
37718
38406
38377
37445
37205
37462
37225
37840
37049
37441
37822
37067
37150
37064
37374
37568
37606
37820
38222
38084
38067
36694
37635
36847
38057
37482
38007
37136
37133
36690
37856
37038
37862
36814
36914
37407
38243
36960
37250
37209
36877
38392
37983
37904
37643
37577
36895
36725
37741
37772
38078
37521
37135
36880
36684
37550
38521
37102
37087
36778
37196
38509
38305
37454
37646
37014
37896
37479
36964
37191
37094
37210
36991
37710
36903
37128
37668
36968
38187
36888
38432
36894
37535
37293
37332
37497
37923
38212
37372
38033
37321
37833
36777
37797
38411
37329
37816
37242
37601
38512
36748
37600
37296
37698
37997
36856
38505
36849
37728
37852
37101
37867
37766
38365
38015
38353
38237
36789
37272
37494
37868
38083
36837
37278
38259
38143
36713
37632
38250
37570
37953
37873
37260
38266
36878
36887
38279
38528
37508
37291
37983
37485
37193
36724
38053
37449
38196
37043
36937
36897
38302
36748
37954
37183
37308
37422
37444
37254
37970
37177
36834
37005
37243
37731
37962
37097
37867
38323
36711
36824
36765
37539
37142
37587
37314
37677
38462
36905
38298
36885
37130
38475
36980
37405
37639
36746
36950
36724
37120
36979
38488
38472
38133
37988
38321
36924
37770
37638
37733
37227
37124
37311
38326
37778
37303
38436
38296
38512
37495
37189
37465
38228
38310
37210
37929
37129
37648
37356
37588
38018
36987
37432
38249
37684
37299
38066
37643
37182
37273
38182
37651
37352
37628
38199
36859
38032
36953
38242
37477
37304
37614
38222
37852
38371
38022
36846
37876
37339
38109
37696
37958
37399
37740
37061
36772
37331
37366
37567
38168
37410
36899
37803
37284
37871
37950
37314
38374
37603
37531
38525
37220
37095
37987
36691
37686
38065
36902
37075
37170
37057
37608
37596
38157
37378
36708
37672
38217
37395
36959
37030
38197
37165
37212
36740
37989
37428
38169
38162
37273
37328
37137
37672
37655
36836
38384
38449
37417
37065
37370
37259
37091
37396
37570
38112
36855
37782
36889
38167
37996
38469
37928
37336
37138
37189
38201
38468
37470
37515
37628
37449
38269
36736
36844
38319
36722
37604
36973
37382
38040
38305
36804
36779
37197
36980
37785
38134
37545
37022
38134
38408
38086
37543
37652
37110
37991
37998
37734
37600
38115
37719
37734
37421
37553
37265
37447
37625
37515
38061
37575
37574
37684
38100
38354
38066
37769
37880
37298
37218
38301
37282
37456
37554
38462
36860
38171
37284
37845
37576
37329
38174
36847
37560
37276
38071
37092
38488
37245
37067
37463
38139
37831
37139
37424
37844
37316
38369
38209
37662
36747
38020
37430
36828
36685
38059
36700
37991
37097
36756
37950
37569
36882
37081
38204
37484
38147
37766
38243
38437
37532
36728
38013
37032
37163
37639
37872
36992
37620
38038
38429
37522
38273
38032
37524
37877
36827
37395
36763
38100
36824
38026
37273
37142
37625
36797
38181
37716
38376
37397
38123
36879
37279
37982
38388
38071
38000
38331
37541
37202
37133
38215
36966
37920
37070
37926
38191
37464
38270
38075
38237
36883
36884
37886
37834
38316
37732
37089
38394
37296
37997
38417
36816
37726
37467
38118
37106
37040
36788
36853
38445
37364
36943
36760
37965
37577
38305
38174
37991
37930
37564
37646
37809
38121
36977
38286
37518
36871
36700
38114
38526
38303
38226
38339
37412
37222
37953
38321
37362
36874
38289
38068
36783
37072
36749
37235
37263
37208
37213
38076
37653
38299
36854
36862
38019
38015
37392
38423
37692
38403
37731
37560
38370
38096
37849
37873
37697
36855
38388
37034
37374
37475
38171
36722
38209
38118
37806
38443
37689
36720
38430
36988
37406
36882
37839
37648
37543
37530
38046
37208
37514
36926
37044
37103
37416
37285
37200
37551
37489
38294
37672
37757
38170
38005
37915
36720
37516
38477
37118
38448
37688
38412
36913
36711
37385
38188
36906
37011
37775
38108
37616
36864
37854
37661
37946
37394
36980
38312
38485
37156
38361
36772
37848
37215
38088
37434
38211
37249
37318
37082
38411
37040
37792
37856
38473
37707
37462
38227
37288
36969
37429
37458
36815
38223
37148
37526
37269
37234
36927
38461
37134
38074
37577
37437
37004
38305
38374
37264
38020
38325
37914
37756
37957
37190
36685
37847
37421
37167
36804
37481
38118
36786
37211
37160
37053
37059
38529
36824
37925
38445
37425
37871
37991
38304
38106
37296
38517
37168
37859
37590
37196
37058
38213
37711
36952
38120
38388
38450
37348
37673
37725
36874
37965
37065
38179
37311
37183
37989
37625
36822
36761
38236
37229
37015
36922
38091
38050
38254
37797
38507
37379
37552
37449
38442
36965
37756
38430
37514
38422
37425
37395
37573
36802
37814
37299
36722
37810
36905
37061
38132
38322
38031
38456
37166
38397
37989
37232
38188
37383
37328
37030
36995
38478
38045
36961
38448
36868
36852
37171
37858
37240
36950
37402
36977
37186
37272
38142
37078
38092
36717
37337
38040
38042
38521
37122
37411
37368
37672
37685
37050
38281
36697
37349
36861
37014
38331
37046
36999
38218
37233
38207
38014
37037
37034
36722
37163
36810
37125
37195
38089
37847
37485
36806
36783
37395
37923
37732
38371
36732
36703
37142
36781
37521
37904
38332
37971
37396
36699
38078
37157
38154
38285
37366
36939
37365
37511
37219
37415
38067
37233
37929
37308
37691
37263
36856
37509
37597
36927
38308
36697
37937
38267
37012
38239
38131
37565
38489
38282
37765
36778
37786
37109
37711
36685
38517
36777
36772
38147
37223
37457
36711
37561
38290
38197
38415
38471
36742
37679
37800
37611
37445
37530
36770
37500
37116
38384
38043
37071
37687
36772
37766
37579
36794
36724
38428
37942
38432
37171
38145
38008
38382
38154
36892
37841
37340
38164
38136
37166
37826
38419
37662
37080
37906
38238
36771
37593
37027
38004
36972
38085
38061
37231
38290
38467
37558
37224
37537
38336
37198
37243
38468
37685
38091
37021
37126
37269
37015
37461
37056
38091
37210
37516
37561
37922
37449
38474
38061
37867
38292
37905
36933
37548
36766
36851
37851
38484
37056
37641
37946
37532
38291
38298
37109
37736
38142
37938
37652
37753
38295
36971
37039
37739
36915
37339
37264
38331
37419
37675
37603
38174
38101
37134
38333
37581
36891
36944
38515
36788
37177
36866
38435
37882
37443
38300
37468
38451
38197
38035
38283
38005
37084
38416
38122
37990
37978
37853
38185
38239
38079
37141
37058
37346
38279
37015
38155
38343
37447
38187
38197
37466
37754
37368
37303
38329
36700
38010
36765
37620
38326
37756
37168
38192
36734
37855
38032
37805
36933
37805
38018
38471
36688
37734
38385
38044
37214
37149
