65011
65503
65738
65908
65475
65107
64865
65175
65253
65454
65467
64902
65834
65344
64977
65288
65713
65001
64916
65215
65121
65256
65413
65013
65911
65516
65212
65691
65041
65562
65156
65601
65119
65448
65270
65431
64945
64999
65401
65224
65500
65456
65023
65356
65282
65317
65405
65457
65473
65405
65806
65310
65476
65369
65619
65395
65545
65886
64869
64987
65162
65879
64964
65249
65413
65306
65532
64902
65462
65906
65889
65478
65599
65817
64906
65381
64910
65814
65142
65478
65398
65017
65091
65424
65584
65078
65892
65062
65233
64885
65426
65560
65059
65646
65569
65486
65818
65545
65136
65326
65890
65608
65002
65628
65320
65294
64940
65834
65700
65318
65368
64969
65848
65539
65013
65085
65760
65679
65446
65625
65810
65593
65264
65865
65459
65890
65113
65701
65747
64973
65669
65501
65200
65203
65509
65187
65783
65258
64927
65451
65249
65278
65739
64902
65210
65542
65845
64924
65621
65732
65202
65123
65817
65473
65329
65259
65390
65807
65710
65472
65629
65842
65255
65076
65238
65806
65281
65853
65017
65735
65417
65514
65168
65455
65362
65431
65893
65026
65780
64944
65443
65713
65644
65414
65918
65147
65403
65000
65681
65392
65464
65595
65471
65592
65357
65000
65115
65391
64898
65597
65695
65683
65740
65792
65650
65431
65726
65814
65282
65025
65424
65697
65650
65234
65684
64986
64997
65316
65923
65887
64903
65870
65201
65404
65261
65702
65541
65847
65181
65782
64978
64934
65444
64946
64899
65731
65502
65272
65453
65803
65863
65838
65615
65454
65189
64932
64951
65081
64879
65489
65374
65121
65928
65811
64951
65124
65492
65445
64967
65525
64968
65256
65334
65924
65409
65686
65575
64859
64865
65223
65143
65694
65883
64899
65017
64977
65807
64861
65076
64970
65365
65396
65311
65898
65377
65036
65449
65071
65877
65793
65920
65818
64918
65690
64901
65351
65349
65264
64906
65060
65081
64942
65251
65756
65241
65681
65922
65642
65098
65393
65168
64991
65633
65579
65608
64906
65879
65654
65022
65093
65579
65330
65714
65239
65598
65741
65308
65210
65879
65520
65871
65389
65236
65330
65390
65538
65468
65543
65846
65179
65235
65679
65271
64921
65888
64987
65231
65330
65214
64899
65928
65492
65397
65623
65294
65927
65713
64854
65697
65329
65188
64993
65320
65411
65803
65754
65787
65136
65549
65243
65164
65729
65651
65790
64883
65475
65278
65487
65824
65846
65880
65246
65195
65929
65555
65108
65676
65813
65234
64889
64882
65479
65288
65284
65795
65270
65382
65905
65789
64885
65157
65356
64986
65361
65197
65518
65159
65681
65358
65250
65897
64994
65404
65379
65267
65444
64988
65629
65025
65803
65458
65442
65853
65176
65843
65341
65446
65441
65223
65219
65923
65421
64920
65843
65222
65236
65897
65087
65108
65212
65733
65112
65919
65731
64946
65239
65763
65146
65637
64861
65191
65084
65904
65232
65127
65417
65890
65896
65603
65227
65752
65910
65280
64861
65270
65067
65139
65502
65207
64855
65451
65822
65358
65602
65233
65901
65807
65028
65720
64940
65203
65299
65573
65736
64924
65423
65903
65018
65310
65298
64856
65610
65736
65472
65918
64960
65829
65822
65264
65439
65077
65401
65749
65274
65882
65769
65932
65199
65041
65445
64960
65204
64961
65840
65864
64875
65751
64979
64972
65737
65638
65249
65368
65449
65488
65284
65736
65561
65162
65163
65880
65240
64933
65404
64915
64963
65769
64857
65079
65575
65712
65907
64914
65096
65642
64946
65657
65715
65369
65871
65401
65550
65377
65858
65169
65300
64944
65090
65033
65318
65287
65852
64914
65074
65213
65358
65903
65885
65703
65780
65429
65611
65546
64951
65471
65868
65582
64902
65279
65119
64974
65012
65175
65848
65233
65062
65507
65522
65827
65860
65296
65563
64900
65484
65772
65906
65547
65210
65579
65536
65656
65860
65416
65292
65382
65914
65920
65514
65034
64865
64950
65454
65208
65071
65466
65306
65426
65266
64863
65030
65067
65758
65069
65093
65211
64870
65346
65462
65518
64918
65063
65268
65879
65622
65339
65212
65707
65721
65718
65254
65557
65727
64896
65563
65873
65648
65353
65707
64937
65132
65577
65307
65738
65506
65727
64907
65500
65387
65087
65362
65370
65367
65061
64919
65018
65142
65209
65551
65831
65058
64993
65157
65673
64954
65159
65263
65802
65600
65721
64976
65448
65194
64883
64921
65580
65174
65191
65718
65004
65321
64861
65405
65476
65300
65376
65260
64939
65199
65639
65440
65098
64892
65535
65291
64978
65466
65773
65302
64936
65144
65681
64970
64981
65760
65219
65106
65649
65480
65595
65324
65537
65820
65896
64993
65533
65200
65053
65006
65243
65237
65159
65780
65732
65205
65153
65755
65169
65838
65217
65324
65332
65745
65446
65271
65699
65455
65321
65810
65643
64863
65846
65711
65472
65905
65763
65657
65881
65574
65725
65662
64865
65048
65393
64958
65418
65126
65549
65112
65869
64913
65150
65370
65244
65418
65542
64965
65379
64908
65267
65894
65227
65641
65853
64971
65850
65170
65203
65744
65488
65265
65276
65051
65891
65147
65782
65260
65411
65201
65754
65814
65250
65689
65180
65379
65837
65321
65057
65691
64855
65412
65057
65185
65670
64852
65687
65170
65341
64852
65153
65517
65139
65739
65114
64864
65890
65012
65512
65462
65059
65845
65206
65921
65302
65723
65497
65162
65721
64873
65457
65395
65282
65647
65581
64981
65315
64967
65660
65692
65786
64946
64873
65778
65639
65674
65530
65470
65268
65479
65456
65769
64902
65738
65672
65160
65175
65618
65699
65835
65395
65060
65597
64852
65908
65204
65699
65779
65675
65357
65711
64884
65581
65481
65000
65910
65877
65231
65147
65485
65418
65643
65129
65526
65228
65137
65411
65724
65774
65147
65008
65051
65122
64973
65725
65827
64961
65100
65891
65479
65220
65122
64875
65244
65843
65450
65212
65373
65099
65104
65922
65381
65116
65707
64938
64988
65135
65902
65065
65098
65425
65535
65826
65224
65106
65534
65755
65133
65172
65247
65398
65105
65593
65102
65925
65182
64982
65934
65636
65653
65267
65620
65848
65590
65626
65625
65165
65877
65688
65804
65198
65529
65694
65017
65035
64925
64909
65085
65867
65590
64863
65424
64864
65627
65644
65823
64887
65261
65915
64905
65841
65689
65206
64944
65647
65750
65671
65542
64955
65013
64970
65432
65695
65371
65613
65564
64883
65387
65249
65006
65855
65299
65214
65019
65872
65095
65758
65566
65928
65856
65041
65233
64875
65187
65805
65472
65762
65884
64968
65358
65094
65418
65674
65822
65886
65698
65160
65122
65070
65505
64984
65578
65013
65147
65386
65397
64994
65584
65211
65328
65024
65616
64893
65780
65841
65037
65874
64869
65833
65470
65532
65871
65932
64915
65324
65639
64876
65373
65029
65290
65905
65690
65285
65314
65526
65764
65457
65734
65744
65842
65782
65866
65747
65542
65885
64864
65692
65704
65864
65548
65895
65879
65630
64965
65847
