8620
7058
7970
6790
8568
7893
8056
9386
8016
9181
9353
10516
10196
10954
10899
7748
8565
6321
6934
8493
6659
10153
8401
7792
6605
7835
10183
10556
10047
7611
6788
8896
8098
10916
8778
8620
7330
10189
6777
9345
9593
9040
8202
10329
9639
9100
6924
8169
7440
10722
8825
10646
9775
10604
7026
9705
10024
9046
8069
7309
6700
9663
10973
10193
6248
8853
8257
10431
6482
6102
6302
7426
7523
9560
10589
8541
8425
7190
8143
10304
6317
6430
7376
10516
7610
8570
10058
8212
10047
10042
10927
8912
9400
7450
10087
8447
9957
7070
9305
9482
9577
8047
10039
6146
6190
10260
10672
6699
8195
9943
8540
8982
10580
8576
6173
10132
10202
8899
8972
7871
6598
9557
6476
6556
10946
6270
8759
7333
7618
8511
8313
7891
7487
9954
8767
10332
9993
8215
7702
6554
8568
10918
10601
6507
7927
9532
10154
6635
7372
10720
6115
7552
7303
6263
8349
10055
8478
6507
6503
6182
9035
6947
9692
6053
6507
9612
7572
10894
9329
7949
9624
8378
7815
8900
9731
7030
8203
9320
6963
7584
7298
9384
10642
10421
7277
9842
10329
9193
9218
9915
9623
8375
9290
6484
7134
7980
9911
7760
7726
6600
10485
9174
8465
6310
10153
10834
7508
9721
8874
8317
8355
7299
9279
7899
8559
9931
8081
10787
7811
6593
8811
7824
10019
6377
8799
9884
7652
6425
6480
6583
9455
7698
8182
9365
8679
8155
7956
8522
8162
8727
9048
10067
10104
9122
7759
7283
8524
10921
9966
10436
7348
9700
8453
7638
10289
8460
7076
7157
10214
8513
7477
6648
8441
7637
7016
9360
9417
9763
6241
6286
9918
8571
6789
8223
10395
9884
10379
9574
7530
6925
7251
6554
9026
6593
6688
8590
7999
9126
9502
7823
7490
9860
7271
8617
10544
9911
8402
10069
9079
10590
10287
8359
9311
7704
7211
7260
7236
8320
8894
6361
9421
7417
10895
7256
8460
10489
10454
8339
10099
6435
9986
10532
7016
8064
7574
10954
9378
8521
10481
8137
8774
8586
8139
7306
6588
10463
7441
8449
7184
10651
9973
10972
7784
8155
7743
6071
9537
6822
7899
9334
7700
9134
6838
8831
10104
8715
7980
8826
9744
8788
8024
7683
6593
8603
7231
9177
9726
9637
8846
7577
9784
7184
8321
9839
6685
8294
7707
8756
9663
7044
8677
7555
9697
8422
10169
10857
8237
9786
10269
6369
10502
8141
8020
6248
8575
6554
6338
9711
6967
7329
10388
8298
8547
10542
10304
9431
10627
8095
8877
10999
9511
9262
6990
10226
10831
10953
8861
7156
10976
6054
6564
6229
9153
7707
10331
9354
7391
7087
8840
9131
9126
8184
6528
10170
8782
8194
8340
8756
10996
10763
7099
7118
10595
6812
10777
8205
6935
8786
7801
9839
9275
6750
7033
6973
10212
8053
7999
7264
6561
8598
6339
10125
8890
8303
6779
8811
6641
9802
9491
6790
7496
10921
6189
10321
7149
6968
8781
6803
6669
9323
10594
8456
7656
9906
8060
10788
8150
9110
7796
9391
6697
9122
6301
6294
9948
9697
10163
7764
6305
10301
9878
10829
10002
10580
10854
9230
8531
7199
8113
10737
10752
6594
9721
10509
9202
9164
8062
9120
9700
7501
6146
8117
8398
9199
9257
6567
9848
8905
10257
7893
10346
6453
7799
9815
6834
8619
6806
6910
10595
8438
6100
6834
9589
10753
10886
6609
7975
7412
10305
9339
8274
10486
9160
8216
8555
10584
10686
8928
7116
7388
7537
11019
8739
6439
9756
8388
7508
10868
7316
6955
6381
9744
9611
6939
6683
10006
10105
9299
8359
9727
6149
10172
7670
10811
6266
8382
9536
7975
8838
7772
6238
8490
9322
9044
8998
8880
6121
6818
9153
7955
6720
6637
6120
8680
9766
10400
8434
9141
10450
7138
8998
6381
9653
8929
10062
10452
6599
8138
9682
7798
8213
9558
9954
7006
8710
8807
7175
10601
9876
6341
7546
6069
7549
8818
9848
8529
10352
6576
9896
9904
10195
10130
8806
6718
8153
9190
8503
7800
7649
10995
8257
10202
8024
8017
8634
9878
10035
7005
8946
10798
6665
8655
8054
10266
8666
8812
7268
8448
8218
7960
9984
10931
7624
9693
10125
10890
6624
9506
8058
7749
9624
6848
6428
6442
9302
10132
7439
8481
10458
8784
10456
9483
9824
10007
7685
9371
7530
10133
10623
8974
10203
6184
7781
7076
8071
8846
8429
6808
8946
8757
8407
7899
10715
10297
8622
9624
10619
7089
10391
9666
10313
10885
8666
7218
10240
10845
8737
8547
7039
8504
9141
10165
7169
8739
6680
10455
10896
7881
10032
10327
8663
7768
9636
6752
8993
9084
7670
10170
6800
9370
7114
9287
8868
8944
8623
9315
9350
7513
6461
9990
7538
10004
7215
9470
6527
7629
7966
9920
9958
7755
7102
6269
10930
7601
6942
8670
7425
10414
8946
9630
9224
9334
6157
9787
9428
11012
8678
8850
10310
7808
7471
6370
10681
7528
7457
8879
10498
7621
7190
8001
6880
8895
9420
8215
7971
10299
10684
6959
9524
8934
8818
10958
10218
7092
6172
9901
8101
10542
6160
8201
10962
7753
8660
6422
8285
6657
6407
7973
9796
8935
7382
8258
10112
6394
6758
6214
9447
6425
10580
8328
8110
6457
8213
10383
9648
6071
6702
10623
6144
9902
7157
9598
9463
8175
7799
6712
8282
9095
8591
9522
8036
7988
6629
10079
8484
6573
7937
10265
8099
6517
7671
8469
8439
7425
9156
10220
10637
7637
10296
9025
7023
9463
6703
7412
10293
8319
7837
8818
10284
6452
6367
8357
6833
7698
10637
10916
7575
10633
8665
7134
8096
7631
8751
7393
9883
8087
6081
6628
6123
6093
6548
8668
9672
10758
7285
7774
6110
8343
9105
6373
7256
8092
6806
10408
7105
10818
6152
8284
8184
10081
9740
6144
8366
6568
8684
8948
9256
6134
9624
7608
9650
7252
9048
8311
9800
7216
9024
9878
7586
6077
7233
10560
10205
9339
9602
7181
6578
6139
7166
9533
7629
9242
10667
6636
9201
10846
7579
10307
6426
8932
9805
7234
9533
8618
9244
6104
8647
10786
7289
10239
7958
6404
6092
7427
8878
8474
10792
9848
8792
10197
6543
10606
7403
8098
6697
10730
9863
10658
9840
10602
7098
7199
6307
10459
6938
7833
7645
8576
7997
9508
9954
8257
10950
9505
9903
8495
6236
6442
10484
10006
9078
9410
6705
7363
9757
8804
6826
8694
6653
8120
10863
10463
6940
8630
7451
6361
8121
6435
9470
10588
7564
10823
9103
6381
8212
6244
10446
6672
7164
9987
10731
8251
8328
8189
10044
8518
8939
6080
9230
9157
7349
8462
8154
7826
10861
7503
10118
10012
8868
6184
10916
9055
6888
6104
6483
8724
10134
10210
6774
8254
8184
8643
6727
9333
9775
8973
9040
9869
9599
10363
6919
9859
10268
6171
10822
6944
7056
6138
6629
6350
6595
9672
6195
11000
8675
8671
9152
6918
9253
8751
6320
10737
9720
7307
6283
10893
10309
9047
9360
8173
7089
6575
10963
10961
9389
7549
10230
7128
6648
9782
10502
7361
6363
10894
7412
10254
10055
10220
7370
8501
8616
10688
8584
6780
8439
7220
8049
7648
6697
10266
7042
6130
9924
8191
10250
8640
8396
7292
7395
6281
6974
6998
9289
6937
10201
9491
8770
8564
8361
8105
7509
9742
7117
8810
9025
10069
10728
7334
9620
7179
9901
7785
7385
7170
10974
6077
8352
6851
8454
10003
9594
7049
10278
9659
6819
8275
9046
6921
9439
7509
8387
9897
10055
6989
10779
7653
8499
10570
9265
9170
10982
7730
10956
9780
8544
9142
7406
6329
9285
7656
8085
7060
7073
10303
9777
6808
6597
10716
9036
10464
7453
9293
6289
9879
8716
9411
8356
10138
9546
10066
8288
6680
9873
9634
10187
8991
10118
7137
8130
8848
8028
6613
6249
8256
10767
7137
7606
9300
6074
8074
8894
8521
6889
9906
10324
6947
7446
8389
8089
9076
6128
10829
9193
7725
7402
8345
7102
10973
6427
10676
7733
6920
9478
8053
10575
6795
10503
9950
8879
7501
10153
7766
8847
8147
6604
6868
8241
8074
8347
8708
9619
10092
6480
10529
8719
8863
9489
8761
8688
10141
8169
9303
8331
9627
7587
8127
10171
7530
8214
7471
8128
6225
10292
6921
6866
9642
8990
10277
8364
6564
9475
6218
10597
7482
8714
8874
10553
10019
6346
8970
10452
9830
10460
6215
6293
6684
6282
6789
8267
7773
10014
7161
6266
6742
7204
8556
10757
8995
10104
6071
7277
8726
9120
7590
6626
9036
6334
8902
7212
7317
10745
8551
8088
8799
6883
8741
8395
7228
10002
9300
10094
10846
8975
6410
10244
6106
10577
9299
10725
8908
9011
8178
8243
6091
7557
8287
8883
6577
8419
9803
8270
7190
9834
8314
6542
10517
6606
9223
6592
8499
7711
7761
7018
9562
10927
10487
7725
8925
10422
7863
6254
7741
8507
9673
8924
8846
7681
7965
7229
6355
7939
8993
10062
9971
7975
7131
9332
8205
7149
6581
8554
9356
7243
7648
8688
7243
7307
8425
8930
7023
10781
7321
8113
9365
8297
7697
6145
8472
10774
6483
9458
8049
6884
6856
6187
11019
9070
7391
9711
8653
10275
9984
6285
10460
7201
6501
6900
10110
7714
6992
10828
8398
9694
6787
7739
7965
11013
8234
8502
6079
8177
6228
6350
7624
7030
9963
7419
8186
9429
7090
10533
8105
6380
7000
8536
10513
10069
9149
10396
6282
7958
10705
8813
10471
10532
6994
8934
7424
10237
6114
8500
8755
9873
7747
9970
7129
8350
8967
8372
6993
6823
7917
6457
6672
7215
11007
10391
7177
7105
8891
8145
10971
7271
10175
6458
6383
7446
7527
8766
7876
8630
10241
10240
9534
9860
10450
6103
7426
7947
7086
6462
6541
7870
8796
10023
8745
8856
9747
6232
7644
9503
9879
7284
6797
7022
7969
6717
6428
7263
7994
6820
7284
9665
10374
8436
9809
7103
6174
7698
6102
8967
7029
8551
10247
6842
7187
6270
9821
7380
8386
7379
7020
9156
10929
8335
9717
10996
10777
9282
8464
9778
9749
8744
8600
7085
6228
8751
7035
8061
10845
9314
8010
6753
10180
8889
7983
7940
6348
9106
10521
8059
9595
9318
9269
10470
8976
8513
9616
8524
9062
8128
9472
6103
10051
6257
6948
8128
10499
9250
9862
9506
8178
7236
7156
7512
9023
7419
9981
10521
8871
10478
8936
7997
8892
7758
10205
8317
8340
7464
6899
7202
7221
10757
10817
7970
6754
8358
10221
7264
6289
9626
7243
6487
9793
8103
8409
10716
8364
9898
9214
8712
8689
8533
7215
7869
10390
10654
7458
8021
9863
7251
9574
8806
10546
7623
7925
8153
7330
7592
8121
8090
7211
10572
6447
7771
8331
7722
6330
6528
9324
6457
6817
7671
6487
10007
7501
7732
10781
8349
6077
6790
9591
7127
7738
6114
7569
7767
10978
7533
7399
9030
7085
6286
7149
10299
11009
6984
9445
7991
9754
7962
6738
9640
10845
8486
10489
9969
6600
9613
9951
10447
6986
7513
8806
6968
7579
10171
8442
6323
7498
9274
7681
10354
7193
6207
8354
7814
10211
10471
8910
10443
9862
6101
9666
8446
6991
7496
8344
6351
7555
8948
9518
6334
8665
10896
9115
9823
7587
6485
6694
8179
7572
6631
6557
8834
8993
6113
8640
7248
8164
8502
10776
10058
10927
7655
7981
6862
8067
8185
7361
7786
6430
9383
6816
9107
8617
6083
8879
9280
10353
8137
9933
9511
10466
7274
7659
10970
7323
7693
6898
9882
10135
6055
6759
6920
9605
10267
8842
6066
6549
7543
8839
9152
6178
9959
8699
9272
8812
6221
6839
10987
10864
8125
7936
9062
9066
8768
7940
6289
7238
10219
6675
10637
8266
7617
8570
10112
8632
9439
6909
9791
10274
6941
8696
10861
6612
6338
6625
6795
7073
10421
7467
9127
10380
8793
6560
8528
10714
7098
6335
10769
8916
8520
6720
10976
6934
6379
7471
9100
8487
10910
8221
7192
9378
6281
9088
7131
9657
7263
8723
7921
7292
6572
7073
8085
8653
10762
8224
10931
6076
6531
8699
6474
8521
7355
7330
6638
8108
10153
8172
9517
8783
9181
7233
10313
6492
8521
8562
6634
6766
10987
9028
8494
8397
9116
10592
9245
6759
7895
8747
10163
7026
7750
10036
8052
10582
7055
9602
9118
7830
6681
9342
9019
7543
9923
9372
10752
10976
10632
7560
7825
7031
7965
8711
8151
10442
7849
9125
9882
8643
10900
7744
10412
7337
10825
7742
10581
7008
8107
10768
8716
8030
7944
7280
9042
10740
10789
6511
8194
9588
10922
8630
6723
8361
9848
7928
7355
6213
6555
6611
10655
10936
8565
10234
10583
10069
8258
6384
7406
9853
6475
8954
7447
6584
8771
10481
9109
9634
10286
6748
10165
10092
7332
9904
8160
10377
9048
6330
9112
6876
10210
7372
10698
6297
6986
7435
7698
9619
11023
8191
7694
8166
8585
9677
11010
10309
10456
9364
10047
7069
9911
9746
9933
10922
8004
9190
6474
10940
9531
7985
7884
6765
7784
7728
8358
10301
8959
6570
7581
10586
9314
10937
10547
9073
7384
8010
8637
8434
10767
7873
8080
10483
10152
8044
6162
10678
6413
8933
6310
8708
10875
6753
10491
10384
10615
8802
10298
8042
7108
6363
10851
6626
7907
8100
7974
9475
9565
10020
7612
10101
9004
8590
7474
10512
9497
8342
7428
8379
8304
10659
7692
10183
9535
6560
8889
6903
9976
10061
8511
10856
7354
10032
6744
8041
6634
9772
10543
9508
9409
10674
9856
8530
8177
7284
10146
7652
6464
7394
8878
10598
6710
7912
6579
7594
8549
6596
6703
9453
9283
10904
7235
6495
9328
7560
7040
7130
7927
6477
9477
11020
7083
9771
9011
6380
9648
8633
9090
8147
6417
6989
7770
6498
10996
7890
10894
7855
7338
6094
6828
6480
6594
8919
7086
8948
10664
6293
7445
10012
10501
7232
7243
9484
9002
10774
7606
8638
9363
6874
7714
7486
7506
7044
7430
6558
11014
9757
7427
6619
10378
10389
7278
7689
6758
8721
6266
6609
9151
8603
10500
6601
9008
10808
9743
7112
7822
9103
8398
10911
10101
8207
9373
10548
10798
8494
8304
10060
6192
7841
6429
8240
6825
10249
9132
9737
8213
6362
9477
7318
6380
10328
10534
7531
9598
10956
8595
8907
7067
10531
7048
7936
6735
8340
7744
9992
7945
6291
6708
10274
7240
6432
9945
6399
8930
8866
7884
10413
6560
8834
7915
8744
6263
6945
6452
10470
10699
6439
6626
10319
8932
7478
8320
6106
9678
10108
9945
6637
9758
6647
9552
6094
8628
7321
9742
10531
10254
6348
10452
9198
9751
8854
6470
7252
9199
6825
8892
8909
8776
8427
9582
6113
6274
7811
8873
6927
6434
6877
7137
8451
7726
6973
7475
7238
8573
7620
9800
10836
9799
6347
8416
9805
7472
8906
8018
10761
8167
9065
9247
7116
8985
7811
6588
9334
10624
9202
6098
7602
7519
6068
9783
7141
7429
6540
8220
9800
9349
9225
10594
8557
7398
6618
6299
10380
9740
6501
8064
6311
10242
6995
9594
7588
6874
10242
6670
6531
8629
10627
8547
8919
10301
7292
8168
8997
8246
9724
8495
7303
6964
8440
9672
7111
8870
6404
9938
7221
7538
10912
9708
9791
9872
10094
8719
7026
8590
6339
10151
7708
7643
7141
9510
9620
10390
9434
10082
8726
6293
9462
7105
9237
10826
10079
6566
9258
7050
6789
7530
7713
6363
7252
11016
6701
9143
8006
9303
7971
8171
9233
7280
7675
10341
9497
6197
8655
7348
10962
8890
10478
10077
9066
8726
6176
9357
8968
10693
8233
7159
6794
9854
8108
8717
9101
6661
8347
6509
7753
9085
7196
9910
8814
8869
8126
9008
6387
10990
9484
10027
8047
10274
9907
7131
6941
8928
6193
7539
7535
10464
10269
7189
10020
9734
9432
6634
8445
7191
7608
9017
8724
8636
9068
10457
7984
6787
6787
10209
6114
8662
9674
8057
6783
10002
8225
8184
9207
10903
8941
7058
7524
10763
6807
7258
6914
10570
8962
6471
8298
7402
10142
8483
9037
10839
8613
10263
8846
10483
9731
9448
7863
6372
7892
6729
9135
8296
6858
7051
6656
7108
7871
9677
8654
10478
7896
9599
9177
9752
10279
7823
7053
6343
8619
6733
6169
6240
10511
6564
7175
9085
7144
9133
6081
7161
10854
10569
8407
9483
6860
7906
9389
7190
8866
8998
6422
7683
9405
8804
7125
7774
9444
10313
8844
8578
7666
9849
8982
8945
8018
9522
8345
9652
9563
6973
9912
10413
9268
8323
8126
6606
6435
7910
8548
7011
6211
7583
9677
9041
6874
6336
6896
6889
10044
6333
7116
6436
9296
8411
9615
8685
6156
9752
8171
6553
7829
8077
9214
10376
8226
7935
9344
7968
10146
8361
6686
6679
8820
8689
10986
6684
7515
8374
7457
6343
8836
6203
9267
6825
7430
7963
6072
10552
9331
6908
6773
9644
9333
10520
10261
7924
10056
6844
9494
8104
9243
9537
8418
6489
7982
8218
8014
7450
7687
8007
10434
6833
6478
7582
7875
8129
7527
10493
8016
11012
7177
9053
7935
10753
6450
10520
10073
6095
8412
7889
10158
8692
10311
6295
10037
7758
6776
9782
9977
7183
8564
10438
7464
6593
8133
7690
9303
8528
10385
10835
7401
8305
7739
9899
6312
8912
7629
7564
9182
6317
6739
6924
6237
10771
9908
10906
7295
10520
7554
7530
10317
9686
9434
8726
7274
7867
8222
8359
8718
9171
9542
8457
8468
7266
7626
9530
6681
7741
6199
6754
6908
9315
6379
10906
10165
8323
8261
7613
7689
6263
7673
8022
9917
9872
9165
6479
10384
8582
8956
7642
6132
9573
8883
6093
6645
9387
9517
8317
10693
6772
7456
7060
9474
9950
7756
8842
10705
7363
10667
7107
8171
6223
8109
9798
10846
9045
7265
6614
7567
10859
9580
7950
7795
10959
10537
6586
7147
6615
10517
6246
6450
9825
8171
10540
6062
10085
7888
10094
7792
8526
8474
8347
8508
8245
9377
8210
6113
9712
8259
7585
9088
9539
8397
8569
9099
7400
7633
10084
7967
6929
10545
8329
10769
10120
9086
10591
8551
10504
7383
6494
9561
9724
10257
10220
10316
6882
10519
8282
8046
10277
8020
8557
6627
6570
9380
8259
6443
9691
10497
10605
9203
7095
7541
8956
9915
7834
7983
6895
8142
6338
7697
8071
6646
10962
9448
6496
8726
6435
6123
7393
7538
6490
9057
7557
10041
7910
8262
7771
8224
10235
10407
9348
10639
6365
8342
9705
8143
9283
7670
9597
9626
10057
8095
6705
8902
10810
8896
9463
10588
6765
9075
8727
10238
6766
7543
9685
10112
10126
8299
9000
10697
9271
6073
7419
7466
9509
8285
10889
7159
10932
6942
7965
9558
8331
10724
7794
9722
9445
10457
7810
10109
8955
9104
7701
10416
9473
6807
6680
8969
7221
6656
7574
9360
10249
7527
9076
6421
6444
7968
10084
6358
9655
8532
8182
7232
8342
7363
8861
7584
9736
9715
8064
10854
10881
8908
9376
8958
7056
6146
9931
6774
6831
6632
6244
6335
10022
6397
6941
6204
6980
9623
8440
10299
8589
10462
8179
10854
9689
9653
6527
8786
8578
10783
7382
8372
8108
7203
7084
9683
9727
7128
10327
8085
6491
6104
7674
10288
8531
10074
9320
8501
8444
6553
9654
10360
6811
7321
11018
9902
8792
10458
10585
6467
6208
9468
10406
6481
7216
9298
7433
9797
7297
6631
8287
8956
7209
7566
7090
10526
6416
9383
10962
7722
10792
6657
10002
10273
10055
8251
8032
6935
9766
9715
7474
10733
6542
10560
7577
6987
10853
7979
8035
8136
8175
10207
10870
9810
7142
9203
8565
6589
9363
6291
7736
9612
10559
8122
7856
6729
6668
7729
10059
10800
8739
8551
8441
9894
9600
8945
6579
7549
10366
6898
10761
6560
9041
7416
8752
6790
6735
6721
9422
8330
6198
9029
10923
10867
6192
8880
10355
11015
10350
10835
10975
8536
11002
9443
8361
9625
10916
9595
8935
8529
10325
8691
10956
10144
10151
7451
6180
8070
9626
8941
7410
10926
6967
7848
6732
9476
7788
10385
10880
7572
8262
7979
8119
10759
6780
6952
7520
7385
8197
10388
10818
6552
6469
6259
8441
6850
7232
7766
8334
7291
8532
7352
10771
7056
10168
6952
8014
10033
9924
10302
8084
10667
6406
6080
9618
6819
7596
10380
6085
7304
9225
6203
7433
10101
6213
9374
9563
9335
9772
9291
8007
8538
8756
9846
7405
10353
6661
7101
6238
6595
6511
7950
8197
10041
10844
10585
9236
9581
6500
6227
6864
7442
7883
7914
7096
6318
6088
9571
9334
9723
6144
7280
8574
7063
8593
7646
8171
7678
9976
10589
7634
7269
10704
10758
6125
9993
9772
9177
7146
9617
8359
10786
10219
8575
9322
7045
7590
9832
10081
6785
8525
10566
9922
8490
10959
9787
10863
8635
10277
6463
10935
9566
10624
9332
6250
6121
8317
8199
8877
7045
8545
8688
7886
10569
9639
6630
10901
6263
7906
7570
8326
6872
7845
8433
10333
9292
8033
8278
8875
6985
6827
7338
8254
7690
6708
6461
6720
8009
7956
8199
10464
7756
6401
10854
6804
6068
7504
7777
8838
9587
8810
6732
7242
10506
7868
6188
9804
9595
10232
9426
7162
8600
8388
6094
7023
7555
10995
10165
9468
8395
7962
8964
8844
7075
10998
8732
6519
6701
10015
6521
8296
6202
10347
8492
9443
6310
6773
7042
7605
6940
10410
7570
9048
7374
10625
6677
10375
6622
8732
7800
6573
6096
10185
9989
10837
7296
10394
9217
9289
9663
6879
8064
9202
8062
6780
8779
6997
7630
9964
7772
6634
8856
10315
7439
10843
7169
9317
6209
7467
7308
10023
9012
9905
9578
6711
8310
8493
8562
10450
7447
9913
9452
8048
6127
10651
7899
7663
8609
8189
8228
9192
8526
7853
7734
10575
9713
10820
10048
10673
8042
6878
7306
10034
8983
9555
6151
6778
7976
9865
7300
8701
8831
9831
6534
8081
6789
6583
8025
7106
9296
10691
9585
10300
7928
10560
8861
6697
7250
6414
7536
6494
7291
8196
8133
9961
8247
9948
8893
10688
10477
10520
10586
8423
7977
8478
6640
10004
7478
10908
7516
7452
7536
6212
6876
10170
6726
8466
9598
6880
8055
8622
7511
10941
6736
9522
6611
6684
6425
9743
10823
8896
8623
6495
8589
10174
8503
8415
9523
7737
10895
6669
8429
10088
9522
9721
9851
8702
7423
11002
9455
6521
7881
7858
6741
8843
7764
7724
6120
7760
6843
6065
8627
9964
8858
10401
8131
7688
10639
6573
6261
10042
7171
6443
10519
10254
8743
6254
8792
6075
6849
10264
7654
6534
11018
10942
10580
7982
10937
6684
8178
9191
9895
8155
9054
7635
9577
6988
7009
9399
6410
8455
7626
8209
9607
9210
7842
6242
10019
7795
6600
10556
6949
6292
7512
8064
8275
7392
6272
6557
6714
7910
8921
6135
6074
10311
6572
6389
9572
6955
6716
6664
10668
7053
10843
8986
7412
10573
9099
7314
9782
9418
6739
9749
8633
10167
10695
8947
7398
10976
8618
9517
9159
9505
8471
10122
7594
7106
6376
7944
6735
7059
9432
7913
6122
9229
8059
7407
8070
10716
8528
8111
9547
10512
9399
6554
9794
8551
9041
8527
10404
8892
10230
9864
8119
8623
9114
6788
6996
7645
7849
10793
6088
6302
9430
10592
8810
10712
7584
9746
9750
7138
9525
8813
10071
7252
6445
7016
10287
9159
10915
8477
9058
6686
7131
6747
7612
8056
10259
8506
10910
8037
9059
8506
7864
7275
10520
6130
7403
7071
10309
6508
7046
8431
8270
8478
10012
9312
8986
10805
8644
9940
8614
9283
9773
8629
9898
7191
8202
8512
6130
6841
10869
7964
6998
8232
6153
6737
10961
7629
9002
8410
7800
8582
8605
7645
9306
6104
10128
7563
10122
10498
8470
7604
8021
9723
10894
6418
6653
8467
6949
9162
10628
7545
8615
10000
8738
8031
10288
6149
7345
6887
7041
8287
9461
10892
7579
9819
10626
7636
10028
8604
8723
6855
8228
9293
6226
9848
7409
6574
9814
8182
9891
9320
8160
7455
7634
6986
8754
6151
11023
6989
6786
7796
9904
7161
6489
9023
8655
6593
9057
7926
8941
11007
7810
7062
8309
10548
9241
8444
6262
9104
8614
10855
7451
9536
7134
8996
8041
6984
10570
9018
6290
8446
7049
9270
10385
9661
7874
8535
8613
7596
7513
6183
6243
8578
8658
6250
10262
10269
6954
7172
9101
8377
8216
6184
10225
7269
6148
8913
6594
8375
10214
10087
6764
10720
8130
8086
6800
7644
8287
9072
8882
7682
8446
8097
7991
8639
7767
7819
7729
8647
8177
10286
7510
8626
9743
10014
10993
6127
8587
8392
10705
6258
8920
10657
6069
8167
8749
7416
9443
10267
7888
10183
9502
10621
8857
10640
7956
10054
8039
7293
6353
8708
6932
8813
7646
10948
6294
10479
10504
6156
6916
6685
8716
7403
9277
10446
6402
8860
6573
6917
6491
9963
7209
7796
8087
8962
8197
7683
7014
7815
6743
6398
8821
8933
8539
6058
10572
10609
8288
8206
7831
10107
9847
9823
6602
10953
7704
8024
9625
6766
10681
7754
9561
6620
8755
9694
8216
7212
6673
8623
9569
10364
9284
7410
10481
7977
9028
10814
8518
7862
10776
10777
8411
6496
9396
10395
9312
6939
10746
6383
7506
10558
8899
8866
8919
7616
9113
6074
9182
8265
9767
7949
9684
7316
10524
7471
10292
8159
7927
9670
9054
7868
10557
8657
9340
10762
10753
9589
9595
9268
8455
9429
6524
9195
6583
7571
6698
9463
7647
6759
9858
8099
6542
8162
8547
10758
9416
9425
6262
9802
9410
7875
7562
8865
6763
10584
7918
10925
9993
7488
7216
6673
8565
9865
9315
10444
9096
7450
8301
6340
6135
9978
8697
6875
9820
7349
9212
10351
8095
7146
10664
8314
8832
7702
8440
10859
6223
8888
10767
9832
6940
10176
10745
7585
10615
6779
7751
9984
8096
9719
6772
6126
10526
8661
10975
7965
7831
6872
8643
6985
7866
6612
6787
8000
7269
7522
10486
6250
9877
8981
9440
7267
8300
9210
9023
7974
10447
9224
10320
6584
9246
10962
8767
6819
7540
10770
8219
8310
10799
8976
7759
9080
10107
9521
7246
8352
6479
10457
7360
6446
8333
7010
6182
7720
9775
6568
8237
6797
7872
10802
8328
7558
9945
8596
10966
6813
9919
9672
8891
6760
9888
8341
10350
7845
8641
9131
8824
7030
8610
7959
7613
8355
9275
10874
7667
8328
8209
9107
8545
8104
6985
7631
6290
8845
6213
6726
10774
7537
9458
7249
6979
9221
7152
7467
7834
7888
10273
10318
10987
6605
8330
8782
7792
8749
8350
6506
8855
8070
9522
8772
7103
8676
6786
6713
7535
8123
10488
6957
10739
10652
8425
8332
9873
6679
7250
7281
6307
6553
9985
7480
10755
8819
7364
6393
8678
6630
7567
9722
6765
8711
9152
6745
10934
10650
10496
10503
8788
8499
6461
6152
6612
8024
6242
8489
6668
10280
7090
7076
8627
10792
6452
8560
10382
8555
9988
10546
7092
8465
9895
10830
10949
7776
10201
10643
9784
9236
8143
8919
6078
7047
9246
6983
9764
9261
6686
9826
7611
6740
7309
7186
7326
9524
6222
7809
6365
10163
10362
8230
10479
7587
6878
9851
9084
9647
10609
6688
8380
9850
7309
7143
6636
9213
10352
8899
8400
7195
10517
8105
8315
10495
7499
8957
6644
8451
10242
6907
10390
6288
8869
9230
9377
8829
9258
9692
7825
7362
6239
6215
8560
7908
8481
6639
6477
9259
10172
6747
7527
8955
9657
7369
7242
8018
7123
6791
8069
9380
9426
10459
6700
7683
9467
6306
7375
10623
9290
8709
6564
9947
6203
9615
9357
7545
9895
10894
9856
6353
10589
7708
8633
6348
6499
8346
7385
9295
8635
9500
7444
6639
6946
9150
10865
8592
10318
8747
10042
9750
8586
6854
6968
7428
10278
10401
6368
6307
10606
7438
8995
6827
9044
9883
7316
6120
6699
10558
8736
10402
8414
8819
6622
7475
8432
6822
6563
8030
8376
9954
6594
7505
8572
9160
9686
8851
7082
10511
8998
6242
9763
9609
8091
10030
8653
10697
7555
10713
9384
9919
10864
9666
8669
6577
7049
8361
7194
10520
10328
7465
8258
8483
10838
10286
10915
9577
9055
7089
7796
7668
8524
8490
9154
6273
10488
10087
7020
7549
7979
9090
9362
9472
10787
7246
6268
7526
9908
6277
6725
7666
9556
7854
10916
7462
6165
7007
7920
6915
7389
9301
7907
6929
9208
10852
9073
9059
7248
7494
8443
10728
6097
6774
8674
8047
8016
10262
8272
6133
10926
6796
9218
6446
9639
10570
9370
8470
10912
7142
7544
9977
6569
10707
8295
8597
6931
8032
9992
9444
9847
6134
8171
6416
7104
6789
8245
6197
10033
6869
6466
10237
10368
10658
6638
9223
8867
8064
7033
10668
10507
8568
7462
8907
9236
6135
9747
6550
10536
8956
8381
7899
7615
9916
9684
10187
9803
7243
7369
9620
6192
7186
8036
9928
6787
10474
9322
10712
6510
8994
6912
8713
7492
8540
8485
7331
9013
8409
7173
7128
10905
10175
7220
8341
10217
10646
8388
8534
9562
9052
7019
10488
7763
6060
8806
9664
8352
10995
6598
10720
6479
9880
9248
9786
6919
7444
10496
11020
9390
7601
9391
10967
10857
10051
6776
6658
10064
6169
7592
8414
6359
8894
7344
8491
8764
7616
10618
10979
6631
8510
6774
6806
10088
6068
7986
7105
9309
6405
7784
9510
6332
10587
9600
8619
7171
7225
6913
9864
9453
9867
7366
6315
8206
6225
10300
9956
8731
7359
7324
10513
6235
6337
9384
9452
8923
8292
10410
8535
10471
8187
8772
8195
7695
6067
8361
6608
8921
8649
8229
10190
10941
7850
7367
9586
7135
6167
6407
8797
8773
6630
8531
10076
7011
7519
9466
7212
9175
8359
6647
10906
6727
8188
7195
10960
7141
6489
6057
9034
8122
9917
6918
6605
7942
8234
6067
6990
6767
6769
8465
8160
9128
7063
6143
8600
9746
6759
7399
6115
8081
8759
6555
10441
9389
6232
11011
10687
6167
8642
8711
10636
6834
10698
6231
6534
8586
6734
6631
7065
7497
7915
6893
7028
9610
7788
9128
8335
6539
9856
7423
6173
10498
10513
10947
9059
10819
9217
9085
7084
6368
9249
8173
6122
10903
10734
9275
10200
8656
8374
9898
9671
7151
6870
7127
6757
10339
10590
6987
8446
8373
9753
7259
6895
6502
8798
6479
6925
7407
7330
7622
8215
8000
8327
6592
9815
10114
8193
7999
7638
8797
7198
9159
10467
9120
10580
8653
10273
7579
8244
8318
10167
9860
7149
6218
10764
6326
8935
7999
10608
9337
8550
7135
6759
10881
6378
7529
7695
8189
9964
6298
8762
9118
10848
9231
6872
10999
9308
9710
8588
8800
9992
6945
7696
8608
9841
10778
6320
9726
6448
10743
9967
8235
9958
10800
6517
7548
8823
10872
8662
6072
8082
7971
11022
10904
7330
8847
9574
10484
7296
8107
8008
9591
7953
8998
10287
8719
10122
7266
8704
10010
9319
10041
7697
8156
9383
10665
8272
10510
6852
8020
6884
8021
10664
7942
8229
