20324
16650
17580
22183
22297
13936
22635
21580
17347
18166
19984
13345
14310
20032
16401
16290
19255
21395
14367
20349
17922
22821
14885
14546
16016
16738
15499
21979
19286
22793
20523
22184
22474
14976
23453
21057
13318
18494
18026
15643
16172
19545
13680
14808
17027
22733
21146
16534
14551
15268
14476
20082
16727
14502
19405
15917
17853
19773
23241
15298
22922
15983
22864
17172
22649
21633
13342
16278
14618
22682
17295
17593
22669
21264
14118
20300
21180
17650
21369
14715
19669
19693
16350
16335
17164
15603
18502
16266
20209
17654
22669
22071
16858
20306
22589
19736
14480
14034
21438
21805
20826
20381
13671
18133
19234
20761
18515
21434
22714
13396
19114
19927
21687
23533
21109
13575
16471
22917
23559
19630
14778
17067
22813
15124
22670
15743
17547
15930
17868
18118
18534
15556
21105
19609
17696
14005
13862
22885
21966
18493
13584
13462
19381
15974
23402
17490
16828
13838
19696
19367
21271
16573
14789
20867
15408
21047
21592
13745
22447
23277
21870
15080
17852
20932
20651
16177
20395
17305
15194
22105
14159
13439
14361
13593
17482
21158
15002
21329
14904
19193
18579
21106
16516
19971
20289
17149
14621
15861
17182
22426
19436
14040
19701
21478
16119
14615
17483
22054
20098
16170
18175
19068
19355
20754
17511
17887
23321
18404
15383
14573
13845
15248
22369
13615
17608
20279
14771
22606
22471
22454
14532
20387
21652
21983
22744
21574
16854
14666
19949
15105
19500
15810
20699
20169
18502
18888
15731
13785
22521
21109
23409
14358
17577
15706
14982
15217
15914
13522
16734
16355
13708
17287
15062
21932
20301
20040
20501
15018
18638
20924
17593
17529
17125
18361
19036
17423
16174
20306
13688
20983
16673
22734
19502
19540
17741
17617
18448
17332
20756
23466
20317
16860
20673
19984
17016
16892
16772
13666
20693
14811
16842
17975
17443
14584
16776
16982
23355
20954
22724
14609
22046
16529
16493
14611
22461
22421
23003
23199
19565
16974
15832
17755
17402
19624
16117
14782
16980
13813
17033
14183
20689
17381
16421
16437
21739
14329
17228
14842
14675
19869
23335
23424
16032
16396
22275
21347
17878
23050
19858
14157
14158
13809
16868
20822
16658
13408
18921
15123
19900
20309
14429
14230
17519
23398
21097
18351
16065
22434
20476
20567
17259
22011
21952
13547
15715
14448
18928
14030
23061
14744
21920
17082
13504
15368
20257
21727
17515
17973
20917
17912
21737
22846
13617
14910
21264
23071
13476
22838
19644
22091
15058
20601
16786
14423
13434
22910
14669
14864
14862
20057
15636
17634
14199
21148
16835
13508
18548
23496
15179
14415
19253
21045
17701
15806
19398
19851
18248
13598
17960
14111
21540
19350
16765
15459
21793
18504
20307
20392
14344
19440
16986
14093
15216
18822
17070
15515
18824
21471
13892
20975
23210
21650
22769
20897
20730
22070
17215
15329
16254
21902
20483
14860
15821
20740
15663
15244
15217
19214
15465
13619
13588
14050
18353
15914
17016
21510
14044
13730
17431
22566
13793
16012
16271
14199
17078
23375
13637
20469
14022
20085
19824
18432
17675
19070
22045
21316
14860
22020
19104
21887
13473
16082
18380
21369
14819
21944
17218
22609
22264
14037
19702
16888
17919
20320
13585
23520
22240
13935
21458
18324
20577
13733
16646
21729
18362
20497
15028
20986
21439
18629
19665
23155
16843
22902
16662
22907
18427
17876
22020
22204
19835
17947
14742
19141
14302
23525
13363
18241
22030
14591
22517
19317
13957
14673
20810
13625
21395
21074
20579
19789
22155
20439
14264
13650
14794
21369
22997
21585
19527
18965
13413
13524
13396
16818
22547
13736
13492
21241
22347
14046
23089
14820
23521
17068
23224
22833
17224
20042
16313
22449
14598
17364
20463
16820
13829
23296
18823
14821
19393
22545
14527
15238
22915
17117
16778
21400
15332
19542
14667
17971
19323
18215
22556
22105
16688
17048
16653
13236
13725
18569
14611
17204
15729
22027
16027
23501
23397
17118
19290
21572
13843
16785
22568
21110
15397
21159
15144
20212
22480
19427
16523
15262
22751
13871
21850
20876
13636
13872
21758
13757
15574
19039
19474
23084
17495
22171
20583
16503
23348
21670
15894
13342
22270
19883
23458
17165
13500
19113
21406
14865
17711
19963
22230
17652
19762
20952
14500
14061
19100
18407
18213
13275
16922
20696
21057
13727
16552
16997
15954
20195
17277
18240
18561
16998
14667
15999
17324
14290
18627
20688
22282
19965
16382
18302
19512
15717
19380
15092
15369
16510
22421
13840
17034
22394
15944
20238
15650
22970
22752
14340
21958
19020
18589
21617
19365
14560
14860
16074
19316
19092
13825
14977
20136
14027
19671
14542
20796
19147
20514
21295
14321
13298
13333
15465
22788
14939
14580
18878
18644
14939
20777
16098
22579
23416
14336
14582
18657
17018
14313
23117
16096
13870
18997
21894
17654
22979
21035
14965
17209
21059
17745
23397
21938
23015
19018
23550
21551
22230
14608
20056
20846
16408
22299
16277
18892
18629
18535
14749
22452
20182
20189
13774
22490
19836
17778
16536
21481
19423
20231
21910
14005
20673
16726
14138
20494
23552
22711
14979
13230
14770
15926
14633
21907
19710
13570
13265
17997
18389
22742
22445
15603
17374
14627
23390
15838
16263
13943
15247
17394
13353
13863
16681
21456
21737
15536
22957
13916
19038
22607
21280
22173
17324
21292
23248
19357
15245
21664
15680
16822
17298
18819
13882
22231
22577
21827
15789
16951
17627
13952
23559
14890
16989
21259
14338
14530
14859
22921
21850
21929
16644
18546
18992
16898
19595
14766
13435
20992
21646
15002
23142
16741
19692
22655
21294
20599
22160
21456
21570
14483
22926
21186
17405
22781
15483
16900
14731
15534
14669
17388
17328
14045
16077
13344
15509
18746
21363
19241
13660
13242
14894
15836
14734
18715
17844
14989
14234
18119
13913
15328
18729
15512
19360
15531
20388
17525
14355
18940
18284
16621
22384
19378
21567
21951
19243
13634
18415
14804
13657
17760
16257
16405
17748
18567
21132
15014
13824
20621
18658
15271
16195
17205
21942
15264
23521
18477
17824
14091
15657
16318
18333
14198
16415
22575
16383
14351
18432
14554
22943
14892
22545
22260
15355
13999
20692
22978
15669
18665
18385
16681
21257
20949
14072
18703
18308
21937
15427
15246
13919
13764
20221
16032
18727
22688
21861
17026
22548
17970
14564
21464
18404
15071
13971
14034
21118
15749
15784
21167
13383
16048
22965
18489
22024
23290
17594
22210
20544
13711
21926
21389
18808
19577
13275
18732
19664
14481
19259
19955
18356
13968
14835
18387
18327
16125
14689
15593
19899
18803
16731
19095
14386
21690
19118
17630
15016
20265
15776
22508
15363
13483
17841
16406
17307
23083
23174
17936
22238
17366
23421
22766
13493
17387
20195
14121
14928
21993
22269
13679
20984
19769
15393
17903
21595
16893
16061
15775
23079
13262
13844
17796
20484
14747
18917
17375
13357
15326
13546
15261
17338
13444
16166
13683
14991
22554
17142
18299
19172
21497
21995
17665
22938
17536
22420
22072
19742
19373
21218
22343
22944
21003
15477
13478
21946
19107
21544
15665
14957
22613
14280
22148
19489
19650
16602
14311
16621
14501
18003
18293
22386
22831
16532
16848
14717
16746
22167
20501
19409
21987
15250
16339
13831
13559
23149
16909
16002
19487
17508
15074
19926
18909
21696
18992
23433
16560
16681
20735
22300
13717
14838
22129
15642
13881
14653
16886
20199
19134
18018
21883
15740
19567
22452
20644
14855
17060
15838
22089
13379
17465
17434
20420
15312
22710
13558
14352
20733
13435
21859
20668
20069
14553
19129
18131
13671
20984
13294
16882
19646
15989
21986
14772
14113
14382
22107
16960
13738
13545
17686
15669
20381
16710
21237
19760
23088
14942
14412
15522
18723
19980
17001
13504
19471
18203
18628
15163
18109
18910
22770
18370
14530
17755
14699
16080
20315
16963
19878
15729
13949
14993
21935
19985
17018
23541
13940
17303
14798
22902
14272
22687
16410
16442
21508
21174
16754
21589
22325
19891
23383
23483
18163
19359
18820
20925
17957
15851
16563
14635
14858
14301
15968
14734
21692
21767
21860
17565
17104
21235
16189
14866
14452
15260
21180
14912
17346
22990
19430
22478
13818
22720
17557
23117
23011
18889
20346
14520
20308
19699
18043
21669
23194
17051
14299
17500
20919
15892
14216
13312
22787
21483
21127
16072
16877
23214
16634
15483
22914
21663
16640
14579
16927
17109
19671
15964
16611
16424
18757
20049
14429
16702
18388
15192
14451
20997
22171
21971
13283
21397
20192
19569
20556
13446
18094
20185
20336
16672
21222
17770
18920
22598
16182
22493
19494
20894
22324
18495
22685
15587
23362
17349
17207
20078
13428
15624
23325
15122
13718
14036
16378
17735
13698
15235
14005
17296
15084
15307
18268
14769
20697
17945
13903
20929
16623
17046
16652
15097
19743
22436
13595
13586
21552
18875
22899
22591
21801
23308
20941
23373
23394
13596
21185
15380
22248
16711
15248
14704
23322
21611
20903
22438
20060
16462
14993
13577
23284
14609
18575
14032
14415
16349
21149
14353
23195
14829
21324
22993
19946
21044
21056
20515
13579
13906
23364
20886
13817
17173
16320
18373
15383
16693
15501
13975
19266
16486
21186
16203
17916
23161
23546
15803
22742
16381
16363
19155
17698
17475
20675
22576
23069
21202
23380
14169
17852
18460
20913
23407
18368
15389
13741
18037
22714
14440
14332
19792
14286
15961
17545
20577
18104
20351
13698
22928
21487
21666
13251
14122
13328
14856
16367
19303
14677
23534
20847
21118
21219
20586
17175
19062
16603
14746
21491
18631
22630
14975
19491
18143
16552
18454
14818
19941
20350
18054
18950
14348
18544
18421
23169
19047
14907
21258
21183
22751
20575
20869
19488
21108
20213
19332
16397
17157
18894
21126
23277
16552
13533
17882
21646
13702
16927
21919
16078
22918
23250
17104
20840
15333
14212
16811
20703
13509
21120
22262
23138
20951
19365
22611
22189
13934
23074
22385
22568
16146
19806
14789
21979
15326
20124
19854
20813
22347
23217
22815
21407
14502
22485
21012
15994
23477
13413
18207
20916
19814
18888
16541
22349
16968
16275
16660
13409
13348
15966
13489
16130
18682
15127
22771
20515
16868
23481
13284
13403
16362
13353
13446
21734
21378
22936
14796
14636
15850
14063
14176
20441
19681
14827
19825
14124
14634
15085
15848
15241
22576
20589
14951
20565
14068
16735
17558
17891
22792
23394
21695
15727
14099
15981
22408
15501
14489
15585
15215
22170
21737
17656
14495
14273
14829
19388
15980
16019
15070
17360
16132
16753
19850
13256
19873
22349
18036
19598
18307
22893
19998
18501
13396
17364
22329
22935
22788
22270
14640
14454
17872
19436
14334
19468
17239
14423
23269
14787
19104
14780
14494
18404
23099
21760
17217
20390
13911
22372
15850
16142
20790
13332
16990
17644
20884
18186
21888
18128
13874
21201
20853
13660
15822
17650
15277
13970
19756
13488
20771
17501
20106
22749
14140
16522
15261
15682
22861
16373
16673
20936
22778
21708
15245
13983
21231
13914
20244
22273
17925
19595
18703
20021
14376
22506
18834
22727
17932
19443
16081
18770
19690
16800
22524
13591
13528
22491
23319
13512
23533
21473
23126
20378
16260
14066
17869
13712
20412
20029
23117
19965
20095
16247
17899
14789
21441
13293
22859
14962
20486
20480
16240
14617
14898
23527
14135
21847
17688
23014
23122
18082
21468
21423
16410
18522
22368
18673
18602
23098
22482
21299
22265
20014
17974
13325
19226
22611
19548
21934
15024
20018
21959
14079
20438
14020
22853
22131
13831
23315
15988
18199
20536
21236
14660
16100
20708
16496
22326
19504
13943
18825
14414
13364
20025
18763
13375
17623
20858
13308
18268
14193
20944
17764
16968
18120
16460
20930
21515
19306
16533
15191
20286
14287
19986
22878
16476
23370
16715
17370
19685
18941
14751
18799
14947
14686
19124
21709
14090
23409
16608
15399
17795
21302
22560
20665
17090
22923
14376
19870
15163
17311
15824
19653
23378
19327
13301
16053
15262
20350
13901
22565
14333
16433
20303
21541
15502
22704
21788
22981
23106
23485
20431
19213
16510
14240
21880
17752
20347
14107
13559
14264
18360
22514
21190
20914
21802
19454
14632
20327
13653
15120
15385
14568
20559
19433
20150
16953
21220
19372
13816
19016
16249
22170
21625
15122
15961
15250
16727
14432
16424
22058
14464
19565
21045
21983
19824
16768
15960
19921
16635
13293
14362
14818
23345
18808
18846
23102
14105
18527
20857
14497
13672
21210
16805
17124
13496
18081
21864
15721
20331
14391
13952
23059
17609
17213
14252
14583
22243
18229
20580
19359
14723
18718
19074
19693
20898
19171
20912
14003
13749
16629
22785
19959
18475
21967
17900
19926
13549
15779
13458
22110
13864
22917
17123
18755
20342
14778
14301
15178
16844
14596
13254
18271
21480
14949
13790
16872
18937
21022
19760
14826
15351
17658
22423
13752
18301
19460
16890
14387
16982
21141
21964
18766
14961
16722
20853
18365
15400
15059
23158
21404
14921
19265
21820
14173
18000
14775
17019
23352
17978
18785
21273
18482
15567
15631
20511
14027
13641
22358
14791
14968
22679
15479
23069
22898
20243
14804
16275
14543
14525
21194
18555
19549
21195
14591
20745
21679
15180
19158
21632
22339
14569
22489
18224
15339
13918
22262
14093
20312
14885
16795
17337
22174
13716
17187
21940
19232
23327
20202
18773
13516
15406
18907
19580
23493
15053
19722
22105
19967
13537
16832
17998
22653
17553
20874
13923
18063
17541
20366
16400
20886
19536
15206
13878
21137
17097
15677
22257
14107
22424
15036
18224
23187
14583
13384
21926
17964
14171
23378
15349
13772
17032
18740
22888
20897
17479
17606
17170
19033
14127
22191
17405
16292
21219
15968
17876
21415
17239
18980
13666
16894
16992
14936
23273
19767
20818
18352
18549
21053
17386
16612
13672
21232
16251
19311
15203
13700
14182
14556
15501
22861
16340
16972
16717
15823
19203
22351
18694
16234
17816
15659
13488
13467
17441
19249
15753
20638
17677
22534
21593
22828
16064
18553
19019
14274
18456
22639
14310
13497
16790
20357
19877
19762
18897
20903
21601
22198
18993
16556
20590
20195
18382
17914
19349
23454
20733
16294
21508
15450
17116
19479
23287
18028
18856
20946
17620
22672
21640
14103
19439
19763
16871
15331
18285
19825
22916
14362
17992
14209
13679
20139
18746
16056
19409
17407
16396
21277
20995
19923
18138
13501
22902
16371
15394
17431
23441
13262
14314
20296
20471
22391
19691
13603
19151
13982
19124
21050
18955
14065
15565
15824
20485
21336
18933
14847
23369
20020
13913
13765
21135
16436
20983
18057
23141
15403
15788
14373
23302
15219
20306
23010
18928
15079
22693
17796
13985
19297
22102
13555
22747
19166
18222
19009
17126
14888
18131
13296
18959
23392
18581
14252
14752
20854
14132
14325
17483
15156
17999
19103
19115
21219
14257
16169
20901
18131
13529
16625
14631
20859
16566
13750
17779
13513
21733
15021
18366
21824
13284
17492
14210
20103
21744
23257
21663
17632
20968
17968
15730
14542
16259
21359
15570
20249
23434
21108
16420
15451
19598
20915
21976
20671
16122
13995
14902
19136
17965
13890
15936
13685
17115
17630
16407
22497
15372
17154
16368
17084
18659
15880
13342
21503
21693
21734
15963
17045
23464
21963
16309
17866
15940
18917
20462
20796
14013
17034
20923
19758
19671
19295
15472
14531
20113
20785
20956
20032
14657
17341
13994
15033
14723
19749
16591
17567
20166
21216
22983
22565
15058
14747
15385
13827
20715
18688
15604
20401
14715
23363
17632
20607
17246
22235
22042
15859
21030
16648
22567
15015
18049
22015
16216
22288
16451
14936
20793
13272
15814
16155
14153
22938
15860
19859
20404
15235
17019
19605
20942
19784
17683
16143
21671
13304
17441
18542
19136
20682
15776
14926
16298
15280
15092
16583
15276
22285
20887
20630
16765
19046
14868
16651
15147
15382
14370
14122
23072
19408
15035
13233
19454
14016
19051
14595
19403
16529
20152
20271
15030
18225
16874
17957
18881
18851
23223
14373
13645
20235
16609
21638
21214
13830
17660
19661
22251
21900
17685
17715
21485
19508
23153
17366
18565
14245
16192
16488
20196
18885
18027
16559
17689
21395
22441
16958
14470
15666
18321
17663
17587
23552
13703
16737
18656
14367
20193
16934
14420
16856
22004
17826
13811
19465
15008
14896
20126
22811
13439
19743
13458
15805
23522
20161
18797
15460
18486
19950
18007
19162
17505
21483
16044
17215
17014
13763
22953
20903
21562
15411
16604
19160
15155
22797
18539
21907
17740
13757
16646
22879
16019
18296
20418
22808
19329
18953
14915
21481
13567
19823
13874
16655
22622
17822
16903
22221
16384
16369
23337
19471
15588
19357
14369
15158
22055
22997
14273
17528
18347
19137
22202
16572
13737
23513
19041
18434
15559
15906
16514
20505
20420
20507
18451
19825
15443
15155
19936
18436
15880
20626
13330
18427
22170
15946
20922
19106
14783
19975
19141
21353
14308
20157
20426
14371
22478
16413
17461
14517
19356
18556
22942
20675
17431
18069
15483
17083
16258
20367
13682
14370
14870
20398
15149
16636
22148
13369
17389
22125
20676
22552
23165
18617
19160
21696
14793
15148
15687
14639
19024
13786
20522
17399
14213
22142
16618
13572
20426
17678
20998
20854
17960
13409
22253
19764
22284
14666
21415
17702
15399
17656
14679
22099
18402
23221
21521
22742
21930
21433
15712
14959
16736
18684
22559
20944
14720
15754
16749
21079
14879
22424
23192
16494
21943
23372
14001
20608
15436
21917
21555
18656
21340
20376
19761
22847
13594
22815
14045
23513
16002
13275
13406
13786
23146
13598
13257
14728
21667
15901
20099
13773
18094
21492
17537
22798
17023
16081
13578
20353
17653
16242
14824
13492
14286
23103
14269
19764
21071
14032
21612
16546
15469
13341
15609
22689
21342
17019
22224
18117
17938
18532
19721
17966
22338
14586
21116
15379
13519
20213
16162
21451
21954
19078
19428
16691
16693
17763
20945
15658
13339
14328
18670
17346
17039
20656
22716
22200
14097
17742
17460
13351
16835
16364
15986
22586
18630
19090
21570
20430
15088
16256
14354
23013
16835
23100
21931
14622
15135
22503
18234
19168
13527
22713
16197
18461
21688
15981
19776
14358
14784
21529
16030
17924
16281
21013
14227
14928
19878
23060
14386
16758
16190
15748
15585
16362
14940
22439
16259
21689
22194
21317
17918
16265
15757
14995
14122
17414
17963
13612
15623
14418
20367
21901
18975
19345
13491
20235
15211
21068
22554
15194
13820
19372
21638
19999
14407
14457
22703
18074
14000
21770
21184
16531
20194
22816
15741
21445
20769
18493
19592
14553
23331
14001
13503
22813
22384
17736
13417
15362
14856
13474
19380
19529
23212
20340
20388
18552
17323
16967
19517
22378
14467
16945
13994
18909
19544
22188
16427
21082
21951
21501
22545
22800
13375
16633
20617
15512
14977
15006
19018
21750
18235
17099
18350
14843
23524
18778
17982
18392
22751
21683
19066
21843
16316
17824
14971
20052
16358
14956
22695
22921
21287
16612
20263
23482
14223
20056
15757
16601
23368
13314
22608
18237
21928
22755
18605
20428
15286
20087
21803
22220
14678
17753
15905
16460
22388
14321
19775
15913
13474
18515
15509
13501
13228
19367
22654
16766
14970
16281
14056
21400
18632
18306
13275
22781
13734
17109
18836
18220
22035
16214
15898
17969
20972
18118
23031
18020
18803
19970
20203
20118
15937
21152
18540
23490
14176
13811
13783
20199
13867
14310
14675
19082
20575
14239
13938
15500
16607
22629
18060
14617
13413
22451
13356
15136
15851
20594
13850
14656
19683
16688
22151
14605
14469
20982
14984
19837
23268
15953
23360
22922
19288
13511
16321
16142
18955
17525
23257
23340
18992
20074
14155
21053
20665
22660
21914
17148
17976
23279
15561
15810
16931
22985
17492
20759
19027
18784
16770
19691
21132
13855
21853
23486
15049
17044
16480
17284
20286
18868
16640
23390
21742
13613
14828
23274
19501
21197
14752
21829
20728
21164
22927
21115
14516
20294
17430
18086
13595
23291
21573
21739
20838
14565
20725
16879
21763
21418
18368
20510
14838
18326
20070
13623
20720
17516
23018
14427
23008
19870
19186
22038
22283
14145
21439
17952
21969
14191
22524
23457
13890
13463
23255
13987
19615
21342
18470
19262
18472
17765
19652
14104
15192
17621
17115
22147
17187
22510
23473
14965
19405
22817
13472
17538
22707
15576
15855
15127
15685
13902
16464
17069
21473
19744
21037
14776
15937
14723
20993
23239
20614
15592
22907
13345
16001
22519
15835
17236
18513
17669
17671
14987
20093
15140
18924
20087
19634
15347
22216
17157
13921
13438
13448
14086
16032
18261
16643
23442
19500
21627
23227
14079
17721
13545
16137
15303
17228
23474
18595
21279
16761
21078
13368
19460
13497
15597
16845
15544
13325
20718
19130
17661
18066
17654
22219
13734
21504
16634
20972
20244
16492
21422
15815
17803
22754
19852
13274
19059
15443
15720
18364
22070
13911
14780
16894
14049
17352
23035
13593
23099
22980
19267
18777
23379
13714
23487
19438
18175
19825
14503
19522
14625
21396
16273
23534
20775
21013
22576
20947
14185
13689
19868
13678
19258
14703
21371
16196
14795
20686
23114
14917
23346
19547
19643
14909
21227
17768
15906
22902
17285
19260
23546
17473
22237
14225
21401
14804
14020
17352
15345
18320
14308
20764
15196
19858
13395
17543
13473
18894
13340
19874
22157
16481
13650
23324
17478
21958
14147
22029
18371
20331
23284
19634
22222
20848
17498
19316
22842
23017
13347
16677
16103
21734
13728
15504
20772
21255
14469
14880
15948
13898
17433
15909
22980
21451
15515
18709
16401
14739
14110
13909
15975
20900
15062
16053
18893
19290
14285
23428
15329
19730
18514
19234
15798
19642
22098
16773
18659
18326
23183
20630
14715
20733
18018
22132
14731
16266
15748
17273
17743
20609
17211
22977
16643
14952
14914
14048
13894
14803
23544
16436
17331
13773
15236
13450
16345
22988
22132
22869
22051
22552
16332
13281
20937
22142
18303
17510
17404
14794
22049
14201
13235
16190
18763
18479
20525
19684
19596
17213
17874
18222
15040
22116
16954
19227
21994
14807
20940
14679
16485
13668
22718
17460
13916
13313
18487
16298
15838
20221
15891
20356
15673
23499
18498
22640
22569
20145
18458
21887
15668
19514
22942
22902
22041
20323
22193
16799
19555
15172
22940
19456
14209
13934
20976
22492
18015
19353
15575
19019
19105
17207
20519
22638
14109
15145
16641
19890
23523
21747
21956
21751
16529
15684
20689
16776
19120
20932
15576
20296
13788
14239
13878
18724
17755
16308
22775
14349
16938
21166
21584
17337
14777
16329
14196
20230
22723
15959
22440
16489
18406
17934
21630
15868
17537
17239
22056
13674
18074
16024
20082
20791
14361
22527
14595
16110
13307
13569
13993
16468
15666
15360
20793
14869
23517
22633
20451
21474
13330
17280
20752
21066
17418
17257
20113
20118
23304
22700
13360
22052
20667
18434
21982
19763
18153
16452
21431
16132
15819
19257
22212
20112
17670
19059
16566
13709
16638
14071
13580
17889
14605
19909
20689
19350
21341
17775
20949
23493
18813
19518
21295
14669
20164
16162
22991
15399
17848
18167
18310
14766
23031
16209
13955
15387
19445
22419
20911
21765
20218
21989
17712
16912
13941
23420
19486
16433
14852
18847
16944
20576
20449
21532
14710
15397
21134
21780
14204
16708
15784
17547
15383
16387
13782
13845
20127
17404
17579
13994
15494
23528
15387
14222
16568
22602
14221
16867
18699
20986
19792
15996
22824
19309
19323
19501
14222
14878
14149
21121
22621
17444
23017
16475
21508
15719
18413
13669
14750
17472
19295
15911
17344
21701
16872
19459
22622
14863
20480
21480
14114
18815
21010
13833
15004
20890
15179
19932
16403
16651
22645
19548
16843
21431
20205
13826
16219
14824
20691
17454
18792
18791
19311
20552
13960
15219
20654
14698
20252
15605
14580
14668
22287
15767
18623
16646
21881
19702
19890
17514
21488
21214
13468
20276
14801
14714
20137
17773
16309
21749
16535
14318
21205
20534
14459
18691
15392
16375
17010
22184
17857
17822
18410
15432
21478
22373
14995
14835
22753
21343
21817
16016
16645
21578
19849
14555
17987
20606
20159
13364
21534
22252
20424
22729
22962
18703
15188
16392
19296
15613
20548
15867
13924
19940
17830
21313
19207
21826
16770
14546
14344
20802
20928
13427
19599
14029
20578
19351
14961
13380
14230
21150
17272
17213
19710
19178
19722
21814
15493
18711
23262
16969
17231
21126
17398
20193
13872
19787
23404
19255
13727
19727
13285
17334
21729
20629
15324
19222
18816
18380
19607
22561
23466
21282
18859
13524
22864
18580
15867
22799
19677
23487
22817
17131
15519
15155
16549
16067
16167
20978
23228
21483
13805
17681
18381
17474
21979
22329
20885
15354
21015
20476
21812
18813
19805
21496
13919
19680
15027
20843
21678
20390
18175
20175
17254
22613
18042
14739
16243
14349
13771
15214
22945
17787
16283
14378
22578
19182
20147
16195
13977
18506
21728
21657
19326
18918
15470
13297
18694
19169
13792
13698
15178
15692
23451
13631
22376
21782
20680
20408
15355
16535
20232
22721
14217
14680
13829
23147
14497
14567
15017
16892
22136
23021
16850
20051
13724
21266
23468
20571
16549
13804
14582
21873
20999
21146
15641
22752
20575
21305
22150
22362
18215
22726
19813
22213
14318
14626
14197
15672
21717
18655
13251
17622
15569
14211
14807
21920
21075
22051
18170
21423
16942
19122
15429
21592
22026
19174
22348
19704
14173
17018
20238
15870
13437
22669
13518
18208
13943
15832
15880
14162
13930
17090
23485
20005
19929
18741
19288
22424
18551
13812
20401
14648
16519
16586
16500
17465
13533
19278
14451
13876
19371
20565
19438
23013
19518
22691
20298
19996
16591
14631
14823
14279
18385
18652
14391
18018
21600
19313
20795
23125
23170
13874
17882
14017
20445
22022
13565
14997
19783
21255
22331
15934
18475
14755
20131
16937
19186
18517
21868
22731
16691
19049
21327
17794
14704
20684
17515
23007
13285
15218
22625
14389
20706
16740
22763
23023
16024
18192
16524
22948
21898
22922
14619
21943
20708
22339
19472
16019
22300
18143
20067
21603
20700
20790
22528
17459
18971
23096
14716
19582
16562
15904
20936
14383
15600
21015
15819
13538
17359
13434
18538
19391
21991
18912
16094
22059
20408
20210
14588
23117
16383
23247
23361
13928
20190
16325
18005
21894
19983
22010
22759
17556
21790
13644
16136
22220
13908
16090
20436
16764
17275
18322
21318
22362
13853
21280
17289
22662
16487
16687
22803
18854
14424
16137
13787
22766
13898
18970
23456
23415
13261
20115
15199
14246
21073
18382
21929
14829
15096
13598
14180
14570
20058
20984
19406
17154
20890
14243
14478
17957
14981
14331
19645
19383
15329
21083
13816
14662
17166
22858
20248
16123
17078
23534
18031
17201
20509
16679
23398
13763
18073
13602
18577
22498
18776
21063
18219
20111
20180
17878
13280
17952
18396
13670
19063
19066
15530
22804
16832
15177
18291
15699
16275
22493
22483
18994
13431
23257
14101
19823
18306
13300
14204
22835
19192
23502
14493
14700
21575
14907
19240
13751
21391
17919
22594
22485
15602
14047
14351
15007
19071
15749
18140
19311
21401
19308
19402
15406
17530
16932
16426
13861
14434
19166
13448
19777
22167
21058
21490
20828
23109
23125
19759
14305
14314
22999
21768
23270
23146
14764
13441
17183
15398
20916
20244
16844
15979
19508
13367
18122
23233
19219
19015
13439
14074
17504
14195
20092
22404
18087
22792
18461
22475
20400
14531
14088
16806
15391
18758
13656
15764
17697
17451
16610
16775
20262
16150
23394
20106
19376
21735
21796
23447
22158
14069
21138
17533
21113
19140
16913
18119
20551
20448
19347
18516
19778
22724
15767
21219
16725
14294
16759
21063
16509
23253
19632
15800
15683
23132
21848
22706
19236
18516
19356
17597
19165
14952
17070
15004
22017
15694
22187
17719
15431
14905
19912
16259
15339
20323
20584
21171
16832
15173
18425
16803
20630
19454
18854
18692
22300
19789
14353
19130
16646
21582
20433
22980
13664
16459
20208
22227
19953
15047
14281
16539
20891
21187
22330
19207
13310
21780
14648
14062
23168
21408
17073
18569
15910
13405
21314
14043
21217
20272
22294
18763
18317
21146
19982
14437
15822
21972
14835
14383
14826
21827
19306
15271
21128
16020
15897
21570
17192
15395
15477
21179
18974
13818
22884
13431
21848
21959
20151
14179
13597
22719
22268
14954
18130
16362
21219
14068
16364
23516
19201
22871
21955
18496
23081
21591
15040
16950
15022
22855
15700
17220
20211
13956
13956
14205
16407
15383
23088
14939
15079
14631
17544
15980
14475
17786
20530
23225
21130
15306
21717
23438
17231
14686
17555
14770
13942
17305
13266
15771
22739
21951
17866
23489
15384
14567
14745
13587
15113
15697
16020
14096
16059
15052
19057
20287
14280
14088
16687
17989
14683
22845
22196
21825
13486
14667
14051
16725
15571
23444
15193
19295
21345
17226
13272
14109
17428
19113
17400
22139
14722
14621
13883
13449
20894
17156
15568
22284
13947
22946
17228
13451
14014
18293
14291
13856
13243
19748
15272
21746
15242
22471
19212
16211
20488
21142
22646
23367
23393
21363
13414
20013
17907
18385
16334
13511
14591
19945
18649
18779
19684
18686
23289
16964
16055
23175
15261
21396
14024
20363
20726
14848
18227
19925
19814
13630
21471
19570
16961
13401
13497
15337
19957
19750
22348
23490
22207
20687
23056
16227
22080
20751
22483
16620
19169
16880
13246
22967
14768
20062
14640
19880
20510
22294
14646
15780
18333
18288
17650
19769
22292
23487
19493
14185
23332
19827
13530
14574
13647
13452
14004
22294
17844
13746
15678
18682
13725
17466
19672
19642
15459
14692
14048
19285
21704
13450
17717
17307
14193
22490
15772
22883
14742
16123
15929
21772
22710
22724
16428
17946
21304
18186
15446
13284
18338
22062
14535
19617
17285
13306
20612
22901
20143
19904
19979
21598
19625
14418
14362
14318
17433
17614
15172
14827
17945
14512
14351
18716
13559
17925
19591
22842
18654
16818
14159
13932
19121
14305
15317
14968
16866
19451
20824
13863
17620
16012
19922
20636
14290
17537
22991
20027
14272
19513
14984
15907
16594
14054
17094
19649
23411
18177
23347
21487
21421
13868
20636
19741
21247
18754
20667
23135
18384
19393
14315
18753
13537
18241
23463
13884
15019
17715
21910
21423
21869
19485
23173
17677
19114
18878
23427
17158
18331
23297
22387
17460
17778
14083
15825
13711
14282
20594
17298
18294
22585
14363
13409
14629
19241
18044
15825
22655
16619
13841
17959
22516
22896
18402
16364
13624
19817
13990
15284
23124
16640
21799
16168
15279
23545
15116
20641
22759
16402
15975
18224
20086
23439
22603
21232
20171
21741
14271
19812
23548
17115
18741
14896
13868
22361
14614
22416
16296
23072
20025
19315
19896
16010
22550
19046
14623
15085
14382
21524
14617
14789
22303
13283
17109
16532
14059
19387
14167
22825
20611
13839
20284
20435
19274
17530
14625
16581
19982
13643
18663
15262
18966
17507
14246
14472
13683
15443
14341
16680
14956
15217
16038
16980
19490
19160
14779
20294
14394
21204
16911
13935
16288
18062
22125
21980
20872
15017
22639
13582
17167
16789
22401
21158
20088
22893
13837
14535
13717
22819
15200
20491
13274
17833
23068
15180
19940
21001
22398
16407
21704
20234
19803
20546
17583
20482
13829
18897
17357
18565
22572
15204
16329
19807
15815
21503
19217
21812
21359
17752
17479
17490
16550
14946
19390
15939
20432
21638
22286
14094
20851
17719
16479
13676
22041
19155
17133
17414
23441
15248
20009
23216
13354
13840
20567
22681
14441
22683
13814
21513
14736
21077
18962
18573
22172
20056
20587
20623
22858
13675
17345
13691
23197
17116
13819
17742
15309
21307
17393
14869
18776
15551
20072
15794
21164
17304
16576
13528
18769
14544
21634
13946
22911
22538
20332
13434
15628
18424
14597
15875
20136
22339
15378
23329
19457
21278
16409
20319
19542
17185
17584
16087
21180
14790
16647
22276
23152
17312
21208
16618
21910
15337
18117
14732
13272
20304
14198
23478
23212
17505
20368
21716
14541
14089
17056
18588
13890
14129
13431
19303
22089
14318
14980
22037
14492
13317
21050
17257
22699
21793
23002
23461
15230
14355
23155
17862
22121
14280
16503
15088
14481
13363
14815
22777
23490
20337
23109
16386
15093
13727
19433
20318
21216
19157
23302
17693
14213
19695
18928
16654
20416
16417
17843
15181
16392
13639
14429
17770
17536
14932
17340
14264
18502
14866
15172
19565
17306
20954
23483
17545
16405
22435
19583
16182
21167
18785
14774
17805
13607
16684
16250
16663
17068
21337
22981
20364
17962
21802
14100
18808
17697
14372
21266
14751
20380
20191
22510
19013
15481
17021
16318
13934
13827
14282
17658
19398
14993
13584
14113
21988
15500
15611
23265
13619
14488
23113
21909
17316
16589
22780
18890
14119
14798
22070
21197
21905
23157
14354
21268
21598
22767
13988
20524
13444
17056
19519
18885
15448
21590
19918
17103
21975
16489
19873
19170
13696
13495
22821
18388
16197
20312
16131
16656
18251
19424
20856
14960
13491
20234
21144
13338
23508
18020
13809
17906
14228
21513
22076
13423
16988
22444
13941
13928
13914
16923
17083
21288
16420
21624
17545
16141
23202
23071
16562
21598
23474
19899
21112
21462
14856
20272
18444
23207
23178
13792
21678
19001
19193
14245
19968
21677
14333
22106
18877
19861
13866
13394
19828
18873
14556
17068
22723
13632
17534
21152
19699
19609
23098
22537
23541
22236
18045
22034
23410
14813
16319
14077
19895
13254
19412
14986
13402
18000
14557
18296
18576
23285
20397
18613
22856
21849
20352
14958
20902
13738
14817
15763
21915
20678
17355
13773
22358
19378
18893
15061
18969
21329
15020
15523
17903
15587
15026
13251
19669
17964
13683
14868
15601
16148
21280
18270
19174
20809
14393
15980
17023
14334
19025
15442
17144
19843
15236
19733
22814
23072
17950
22644
14015
14985
18888
20564
22538
19602
16171
13413
18515
21577
20240
20611
19191
14162
15941
21775
23290
14152
18456
19873
21741
19755
18726
18701
20703
14820
18971
14894
14316
18135
14334
23500
15125
14232
21576
16580
23109
13368
16365
13369
21609
14681
19609
16358
13880
18121
13444
19482
21336
17970
14219
23157
21095
19303
13541
13508
16956
19039
20840
14747
13686
13506
17311
13819
15852
15657
19305
18372
22838
16727
22219
14669
16728
21612
19404
14438
20339
13495
16178
15756
20786
14265
17724
22341
20493
21935
16274
23081
20503
19198
14394
13317
19178
17449
22075
16041
17085
16947
18093
15750
13295
13937
20414
15901
19372
15173
17625
13856
13476
13679
18481
14107
14009
19162
16163
15934
20324
22344
20688
13621
19497
19515
22226
22594
18910
19984
22400
15239
20766
22902
15003
16458
16708
20055
23525
15372
17568
23084
21533
17626
13455
23427
13386
23530
21608
18513
13982
14067
16131
19231
20672
22333
13656
15060
14968
14023
17575
21259
17869
20195
17978
22593
18776
15339
19317
16434
19439
23377
21796
14427
21556
16645
21306
13273
20527
21474
15973
21291
19603
15383
14186
19616
13418
19134
14268
20594
23421
20717
15747
21175
16940
14974
19103
23110
21774
15758
13576
19402
13373
18258
17131
14005
23514
22940
15604
18133
20923
22402
21443
18027
16745
13477
22116
22213
22503
21176
17339
19078
13515
14953
14831
18585
15081
18586
22129
18958
22115
15683
20104
19131
22400
22292
19813
23064
18204
16541
19187
18741
17815
22079
20447
13482
22547
14720
13910
13959
21716
15170
18045
17092
22402
18719
16315
20209
16915
19008
20398
13480
14365
18001
22498
13609
14473
17222
22161
21063
14041
19629
21692
14107
17815
13375
19052
13761
19483
15276
19907
17369
13877
15037
14101
19948
14730
14551
20016
22972
21670
21744
22670
18645
18757
18396
22067
13543
18118
20053
22945
14368
14600
18826
20255
16176
19810
20211
21566
23094
22685
18469
21521
22627
18040
21881
17107
18790
19749
17517
19891
19800
20360
21291
17931
18752
13376
19106
14596
16549
14985
17560
19738
14064
15928
18838
17228
23453
17524
22669
15536
16887
18989
14164
18876
18528
18426
15309
20484
16488
21160
17906
13676
22493
15056
20353
20129
13617
18835
17699
15409
20217
19540
20634
21417
16995
17845
19279
15625
17926
17293
16761
19208
22060
15332
16548
15245
20979
21698
19612
20746
20077
16064
21082
15977
17419
20482
14673
22886
21602
13344
14351
15500
20936
23496
21528
18051
18890
18370
19468
17808
17505
18712
14315
20440
16678
13766
14299
22378
20565
14622
21260
17654
21204
13472
19250
17109
19442
23055
15406
17219
18424
21392
14648
23306
15553
17473
17250
18463
19519
17058
20054
21564
14758
17229
22511
15139
23398
21759
14734
19609
17863
13519
20129
15589
23470
17097
16470
17002
14955
15930
21544
22518
16583
22010
23542
20162
13867
14862
15095
16316
18657
21886
18164
18933
23450
20372
15742
20917
18439
15388
13473
17689
23421
21943
14076
22002
13698
17639
22968
18135
22830
18626
16284
22539
19289
14903
15486
20487
19637
17265
19728
16578
22415
19528
16328
22971
17231
14568
13874
23292
20547
13369
18967
13338
20281
17366
23110
19905
20826
19085
21078
20058
14038
13764
19012
17883
17921
20771
14563
17475
17090
14434
21623
23042
21063
16533
21591
14038
22596
16618
21056
17130
15298
18803
20364
19689
18784
16689
15414
18002
18315
14457
21544
20165
16759
16358
14367
13842
13516
16737
21721
17295
15058
20204
15193
17294
15136
13270
17460
18624
14813
17589
21775
13641
22949
21191
20126
18981
21591
20216
21503
15867
16972
14161
17318
15000
20380
18951
21167
15448
13744
20486
23412
15935
13947
16613
20338
15268
13661
21717
14664
23194
21729
21756
20878
14708
20855
18095
22325
14345
18038
15304
16772
18065
22220
13486
14791
17988
19217
18860
21518
19064
17801
21161
14536
15316
19637
19193
14879
23559
18687
21488
20591
15862
20355
13298
20861
22637
13646
21640
13996
22181
14149
14107
17976
15703
14745
19329
22241
19775
23471
17080
15512
20774
19619
20550
22544
16821
16480
21235
19238
20611
16606
14013
17844
20211
19290
21366
17642
23210
14122
23508
13589
18262
15385
23370
19172
17413
13389
21404
20258
23312
14632
15583
15804
20867
19369
22284
16532
14327
14240
14220
16212
13390
14328
16600
13375
16041
22027
22768
17979
14783
18585
17083
16144
18629
15781
16789
17555
20975
15867
16706
13644
15857
13820
16893
20995
22842
19123
20913
13942
13826
16545
22715
13379
15095
15855
23224
19134
22903
20022
20524
20536
18304
22329
20143
18926
14768
14286
23284
19287
21175
14510
16520
18688
20863
21243
17645
13309
13945
22370
15704
22279
16724
21527
22513
14032
16233
18560
20214
21217
15818
22206
18260
14574
21931
21414
18883
13924
13689
20413
13454
18272
17261
21307
17282
14374
15502
20350
15821
13595
13463
23327
15949
20753
22719
19180
23241
20199
15669
19625
15644
15794
13975
20539
14631
14227
22619
14791
19887
16101
15398
21080
18583
21731
13366
19720
21259
18014
16800
16340
18388
19804
13395
16713
17569
23123
13624
16701
18564
18205
14568
18112
19438
15353
14592
13801
23083
21157
14464
19632
19744
23403
19998
16227
15269
20875
20634
13885
13765
17426
19050
17604
21121
16081
18310
14280
19052
17379
23016
15510
20203
18616
19606
13787
19917
14224
14440
14654
14595
18815
14510
19770
14905
14285
20368
21474
22327
22531
21960
20273
22314
23193
23268
13745
21224
18803
19374
13539
21498
18309
22697
20723
20274
20487
15554
18445
13781
21155
20698
21277
18168
22012
21402
13986
18656
22330
23016
18179
20249
16411
18714
16962
18217
19615
23448
18060
21488
16784
18242
23072
13248
19186
16383
19767
16754
17000
19005
13744
19533
14488
19433
15823
15154
14670
16558
21100
17377
14671
23134
21708
14849
16240
17614
20175
21489
15074
15762
23317
15768
21389
15575
14547
18531
21246
23278
21512
20530
18915
19556
21079
19340
21847
17000
15465
14903
17708
21110
22495
16962
20674
23483
14613
21313
13806
17233
14141
21650
18859
17440
21333
18892
16831
17097
15326
18977
22220
14055
17032
19504
22797
21559
21442
20240
14402
16981
15467
14022
22894
23188
14930
15519
14679
13339
14142
16475
14916
19902
13333
18039
18323
15996
18246
13654
13592
14386
17255
18214
20789
18658
21102
22869
14023
15848
22484
20068
17853
20478
13815
22767
15801
16457
15148
14664
19784
15001
15827
22112
17418
14050
22745
16538
20853
20154
13876
19689
13274
14670
20715
22776
16527
15322
18492
22130
17730
17413
15546
23195
22261
17129
14244
16513
14182
16284
19048
14048
15001
20771
17356
19340
22263
22875
20433
17533
22326
23103
13807
21202
13337
17718
20205
19745
16922
15498
20673
17813
18328
23478
19734
15243
20669
22552
23251
20407
21494
16218
18537
19749
23017
14536
16165
14921
21887
16453
23123
18007
23227
21531
16928
16016
18871
14001
15871
14870
14910
17051
15997
13516
21540
16443
17610
16335
21341
22803
21147
23147
19976
19788
15778
22504
15342
18267
19437
15947
14623
18666
20277
17031
13569
22731
22237
19811
22954
16230
17462
17076
14475
18661
17668
16709
17177
18395
23249
15595
21126
14259
21214
20228
16409
20112
13993
15501
16768
22303
22418
22639
13608
22421
18314
18076
16791
16600
22210
14777
14876
14865
16320
19885
22829
18501
22230
20443
13732
15694
13324
20656
13759
22716
18854
13690
18239
19548
17982
20781
18612
19185
16246
21779
20962
13274
14729
21704
13488
20432
13616
22765
20326
21661
16521
14793
13599
21868
18518
17455
18369
20761
16089
20469
14234
17535
19401
14387
20826
19339
19001
17169
23235
19413
23290
22245
17108
18719
23530
21964
19875
17784
15577
22413
18477
14618
16426
21154
22037
15433
22675
14070
14027
18579
13897
14648
13848
14482
15526
15651
15196
14855
14977
14017
16931
14573
23546
13290
18925
22041
16848
14597
21193
18474
13527
22721
14330
21158
20015
16244
18672
16283
18634
21931
13656
17529
14921
19677
18381
15072
17647
20143
13253
15933
13931
13715
14764
18178
22942
16439
16895
21310
20454
19683
20666
19055
20858
13955
18920
23073
14416
21163
13594
14523
13270
13604
19599
17983
18876
13307
15750
21584
14401
15587
22955
22432
21111
14336
16829
14430
22097
21909
14059
14121
19490
18205
16373
13943
21381
22574
19891
18070
20352
17781
16263
20686
14359
14627
22916
14297
23292
16617
14473
15183
19300
17768
14511
16602
22946
17835
23554
16823
13293
22852
22545
18762
13453
13817
16323
16978
16472
16818
21642
20897
16005
15980
17103
22004
23153
13560
22893
20115
19973
19326
14018
20564
15482
18646
14462
21951
14096
15620
20931
14646
22555
17790
21846
20282
23428
14915
20620
22558
19503
22989
16403
16698
16229
16925
14120
18259
15394
23341
13910
21042
13461
21942
15278
21960
22129
20469
15072
21202
14112
14007
14915
18470
20672
17813
21496
22842
16054
16580
20445
20829
19068
17847
14371
20020
22813
19600
18814
21464
15094
18395
21247
22266
13893
23524
19379
13916
14783
15095
16073
15003
19911
22075
21027
23299
16243
19593
18895
17815
21278
17632
21639
17891
23158
16080
17755
20919
20166
23109
19221
13460
13265
14971
17171
14500
17192
14459
16772
16758
13814
14342
13421
18913
15376
15361
15449
21293
20509
18047
21400
14497
21174
14310
18647
16686
15595
15547
20411
15671
23099
19704
14331
13314
20188
18990
16493
15093
20786
19965
15292
13633
15947
21074
18193
22443
14675
18708
20249
23067
14262
19361
21488
19048
18063
21707
14143
14476
15153
20483
15152
13912
23121
14122
20893
15320
20237
14980
14476
17791
13434
14134
22808
22318
17568
20221
22188
14278
17754
23175
14192
14723
19233
23217
21469
16095
15074
21478
20213
19705
17975
14335
17667
14042
14929
18014
21858
23316
16226
13428
21528
21855
14030
20484
19051
15824
22100
13721
23553
16627
19727
20601
14139
15825
19068
13650
19382
22395
21480
14157
16667
14904
20819
21435
13394
22449
14723
15841
14638
15289
21103
20742
23343
21028
21522
20409
19137
19733
20828
14335
18133
20990
22418
17234
22988
13722
14205
13758
23177
18985
17355
22572
15251
23370
14373
15210
17384
17490
14126
15619
18638
16420
15872
17312
14188
22715
16687
22979
13680
16557
21700
17932
17035
21937
13892
18052
16442
15293
13651
21742
22800
20486
22476
20603
18646
16556
18476
16602
22184
22984
19617
18717
23203
18688
13547
21608
19177
16013
17394
20265
21020
17565
22294
23050
14674
20614
14750
16306
13275
13820
18966
18020
17904
16844
20375
20701
13807
16043
17011
22724
13675
13434
15850
21673
22926
21775
20187
19908
13555
16066
15496
13359
14038
15101
21718
21894
20526
15722
23135
15348
15117
17394
15271
15982
14796
21995
16147
23030
14752
18123
18086
14757
18461
13673
21558
20120
22946
16785
19033
15424
18530
14967
13692
22678
21444
18639
13935
23176
15204
19632
14092
15585
16888
20404
16245
22552
19491
23199
22655
20797
21069
15108
15140
14095
20903
22313
17787
13378
22765
16529
17251
23094
22378
19082
17064
21326
13754
14425
18727
17495
15257
20724
17504
19360
16346
14432
19850
22652
16074
22315
15603
21377
18994
14988
16267
14420
17016
14838
14165
16737
18025
17608
18020
22023
22201
15089
15903
13548
15328
14848
22706
16122
22849
22730
13296
21817
20017
16292
16166
15948
19888
16601
14620
13848
20519
16291
19122
16862
15960
14475
17514
17597
21350
19206
22271
21954
16974
14058
14151
20781
19543
18531
16103
22777
21157
14823
23096
22283
17787
15691
23246
15523
22529
19955
21706
21451
14009
15532
19513
19103
14258
18066
22615
17367
22996
19591
22319
14379
13584
17526
19568
16105
15245
15015
20534
13566
19323
19078
22742
13755
17721
16528
18390
14316
20625
17951
18268
19448
14367
14617
23191
16230
16025
21342
21568
16301
16967
21266
18378
17744
19745
14449
15754
22428
20991
17846
18162
16263
20194
18139
16882
19891
19084
20191
13895
18385
15338
18325
22139
13792
14558
13673
21708
15345
17375
21116
15979
15564
14344
18615
14086
17087
21983
16305
14869
16973
17600
18387
19944
17712
19961
19960
14404
16172
17048
14297
14664
19797
13800
13879
18657
16907
15725
17728
17269
13465
16170
17074
17441
19700
23185
17388
17830
14025
18219
20026
23201
14261
20434
16641
14696
20416
21314
14667
14668
18123
18664
17292
20617
17957
14739
22110
18159
17929
23200
21398
19413
17948
15160
14956
20208
16602
14012
15754
16470
19239
16683
14873
13912
14726
21123
14991
19888
23290
13799
13479
15963
13609
14924
16247
18875
14737
16712
21439
16520
22281
20861
13891
21875
22847
22306
16714
16728
14692
16522
14316
13352
17115
13327
14479
16579
20043
18760
19007
14961
22427
14949
22654
22480
13889
17672
14304
20486
13315
14142
23442
16660
13651
20356
18405
20209
14295
14926
23202
19471
23240
21290
15421
16163
15030
13649
14328
14068
18266
20099
13666
22137
21458
13713
21891
22413
14098
15204
17805
14347
20699
16830
20501
22551
19557
15394
14632
21384
13983
19842
21339
14433
22792
14954
13236
20760
13328
18497
17017
18547
20449
13660
14885
18572
19659
15443
14314
13627
19791
15591
15401
18770
21452
15957
15461
14476
16322
22578
15537
13494
23395
17265
17689
22202
18100
17535
22951
14051
19302
20765
23366
20583
15589
20453
13620
22514
22312
22986
18774
21751
22572
20126
21835
22824
18470
18901
16241
20114
13628
22716
15933
22761
15870
14811
16589
16807
23099
22685
13810
14336
19579
16947
13439
13830
18186
14321
19101
18086
15590
20946
18813
13886
19190
14250
20956
19516
17529
15156
14290
22538
16763
16543
22062
16175
19536
22489
22965
15467
22734
13309
15035
17592
19926
22838
13896
20887
22365
14772
13521
16814
14510
17667
18244
20230
15369
20666
18681
17631
23425
16403
22583
15587
23529
18364
22495
21826
16032
21272
20696
13280
16071
14087
18830
13295
19556
22846
18806
14902
14070
16270
21427
18714
22195
21022
23155
19624
19325
22065
14751
19958
17780
13413
15699
19473
19720
13529
21058
14068
20189
20753
16084
17645
20861
23339
14594
17417
14478
15908
22226
18792
19513
15784
21688
13445
19353
22381
18419
22658
18126
18523
17837
15241
17778
22929
22839
22432
20089
21891
21625
22107
14842
20247
20067
18043
20594
19488
20033
22370
13936
19610
13304
20641
16419
18594
23550
18162
23393
17601
14289
16010
17299
19369
19480
23422
14014
13978
16066
23094
17155
23449
16887
20026
22363
22965
13602
13656
21527
14919
14688
13540
16464
20042
17277
19020
20703
16794
13284
14388
15786
22958
16004
16121
18012
22254
15611
13888
18773
14072
22913
14011
17864
16698
17069
20056
22554
20814
16132
15138
13468
20037
20798
14328
14251
20740
16756
21408
14717
16796
14919
14724
22670
15801
19754
18727
18788
14069
22101
18585
18136
20338
21275
21505
17933
13953
23020
17818
16734
16135
21388
16318
17533
14270
19646
18152
13664
15768
15225
16053
13358
22549
22457
18135
22360
18227
16445
17369
18879
18325
13366
22396
19648
21798
20331
14614
22514
13565
13238
16266
18837
21152
17098
22300
14527
21356
23204
20259
17651
16692
23508
22732
20109
19891
16283
22709
22354
17078
21080
13323
19840
17062
17798
23406
14049
14064
23144
23477
17640
16499
13842
22704
20755
15537
18578
13901
15741
13764
13986
17203
19096
16007
22562
23413
19000
19635
19968
19796
19098
15522
19202
15444
13567
20440
23212
14222
23322
21237
19907
15223
14234
13600
15693
14582
16782
13415
18736
19977
21705
17799
14409
16561
21754
13301
14218
14612
20177
20333
20302
14397
14506
22817
16917
22027
19939
14124
19494
17231
14084
14876
16299
15907
20378
13432
15016
16598
16625
22555
22885
14106
15784
13392
22330
14789
18331
19218
16851
17573
21227
22704
20264
20822
22826
23440
22454
15503
19873
22827
21068
14467
17881
20546
13401
19500
16041
21393
13342
16066
19840
21597
21098
21439
19871
16997
15162
21137
15135
20135
15393
18108
23363
13494
14842
21619
21376
23117
14627
17648
14177
19704
14795
22293
14813
19740
18306
14207
19422
22115
23267
15616
16603
18656
16804
15307
17786
15328
15911
20381
17615
18686
15552
21476
17862
21228
22964
15656
20451
20687
21908
20705
14414
14920
15547
19250
16254
15962
13516
19665
14687
14537
18245
20251
17381
15434
16889
22419
21550
20902
13499
16771
15553
13637
13448
23351
13778
14316
19140
14308
18601
17532
23136
14103
13651
23333
17409
20228
14316
15857
18515
15452
17281
14819
17603
19643
13653
17187
21985
14133
23033
14072
18206
15673
13424
13606
16965
23054
21416
15571
23180
15026
14299
22398
14814
17927
13899
18792
18820
13797
16085
21333
21175
18853
20976
23401
23138
19590
19188
18665
17769
23473
21379
14608
22561
13533
14365
18321
21943
17385
13353
13485
15806
22950
13236
17188
22909
19602
21139
18622
21400
19350
18100
15824
13555
22084
16186
20715
18542
13651
13995
14628
19732
15906
15071
14007
20264
16588
20081
18932
13563
21532
20146
16408
22158
13714
14295
14487
14151
17069
21374
17765
19322
14871
14413
21685
20559
14757
17086
18896
22013
22820
15215
21332
20677
13583
18200
21273
17615
18916
20618
16655
17375
16613
16714
17748
14597
14811
16681
16404
20281
13386
14619
20105
22655
14842
22998
20470
17971
13526
21159
19930
23435
16960
14844
20891
15631
15412
18268
18406
18296
14563
22114
23035
21645
19499
14513
20501
13351
20721
14924
20761
19507
20838
13722
20912
14652
23525
21894
17986
15261
18467
16096
15433
13498
18746
14810
22127
14345
14748
16694
18868
16218
18271
21369
14850
22634
22666
13943
22553
20486
17952
13710
16977
18314
16668
23010
19049
14227
14258
17367
21673
14050
16145
18170
20314
13436
14508
21022
18020
21057
22460
13876
14617
23070
22990
13477
18578
18659
15251
13758
20723
22550
13858
14390
20134
20184
21558
21518
16740
16042
20066
19775
15450
13446
13435
18050
15431
20194
22317
15089
15291
19657
14689
20136
16520
22562
17179
17946
21524
17705
21654
20763
13868
20771
14446
22959
18130
16938
15098
21537
23464
17680
16910
20046
19072
19213
19562
15256
18187
18439
19435
16401
18395
20201
16068
21121
22212
16964
20851
17531
19627
16517
21926
23156
19415
22537
21204
18356
20114
14259
19309
16525
17308
19914
22061
14993
20877
22892
21156
15414
18757
15320
22259
18457
22462
15574
22029
13873
17978
22149
20919
17209
20506
14481
15404
13610
15320
15106
22111
16767
20479
22135
15890
18035
15418
22455
18844
19382
22730
20074
13660
21702
20844
23315
16124
13408
15665
17705
15291
20963
23136
19174
13719
19322
13326
16765
18123
16440
20235
21740
14990
17295
17452
13832
13447
18247
22426
14009
20387
15114
22236
19935
22539
14480
18448
15641
20199
14386
20113
22797
14575
20740
20211
16563
14848
21331
22537
20248
15517
18295
17344
13292
15076
16746
23269
17584
17624
16409
13478
14627
15665
18462
14549
15658
18419
14765
13905
20922
13348
17326
15376
17608
19287
19863
20277
22104
16043
14811
18091
19282
21505
22925
14794
19770
16214
14860
14748
20532
18906
21848
17629
16425
14729
16882
20560
13918
19753
15893
14191
14508
13753
20372
20683
13377
16453
21370
18426
18224
23484
15369
22180
22140
14468
18927
18813
22912
20945
22570
13272
15245
17462
14060
21915
17165
20779
13653
22015
22446
23113
21194
16719
18505
19161
18316
14286
16744
20458
19421
21490
19135
18335
13594
20131
14303
17241
14699
23248
22893
23395
21570
16591
20826
21925
17283
13307
14753
22452
20304
19732
13980
20484
14779
18781
21824
14758
16964
14779
21371
16410
18738
19640
16043
15611
16034
21885
14913
18458
19701
22791
19658
13562
13404
16411
23254
21513
15503
15674
20111
13838
21847
20687
21673
15294
13998
20138
16886
17330
16803
14255
17282
19246
20525
19251
19519
14407
17547
20524
13907
19616
16275
13351
22315
22408
20471
18244
18537
14311
18706
22954
13337
17355
17972
20171
14700
14533
14339
21827
22262
18279
13977
16496
16025
16421
18591
14306
13390
21527
18793
13584
17928
13338
15561
18287
19137
20710
14076
17746
16175
19630
19628
15763
13728
18496
16256
14180
13359
14171
20359
20308
18809
21687
20427
19939
13383
17393
15822
13538
19566
20380
23111
15741
13464
21098
16414
20546
13916
16200
18530
15399
22226
22306
23407
22953
20557
19851
23019
21670
16933
18703
14806
16076
13893
22371
17278
14074
15341
16371
19214
13320
22570
18609
22501
17612
18247
13693
22174
13537
14626
17812
16234
16792
23547
16728
22270
21635
17614
18793
19616
13757
13937
16251
14902
16765
17668
19381
18831
19568
20009
22537
21467
22722
18325
13960
22260
21263
14402
15948
18416
15308
18684
18033
18229
13658
23142
20100
17608
23075
21980
20665
14254
16779
23298
21656
16267
18768
22495
17383
21993
20061
15280
23264
23241
20718
18357
17905
15537
19541
21544
17852
19174
17059
19947
20368
22289
19264
19178
14330
16486
14065
19174
22570
17624
20328
22419
14663
22490
14102
18470
19864
23559
17802
14499
15878
13577
20481
14392
17772
14719
15334
15800
19627
22132
18465
21141
18279
19879
13456
20065
19878
17237
19061
21553
14708
14492
19971
13957
14420
21701
17954
21447
15724
22601
15620
14002
22201
21518
14260
19003
20123
18820
22929
19077
16840
14583
13298
13904
21608
16503
14631
23255
22042
22456
18207
14919
20137
17347
14920
15696
13939
16213
16106
13363
20061
16394
22962
14854
21351
19820
17996
15713
20738
18548
19720
18531
16187
14817
17143
14337
17349
18589
16797
15175
17692
13918
22036
14469
22624
21932
19440
21883
23376
23084
18063
19296
22830
20982
20793
17946
23532
20112
13396
13997
14732
22592
21357
18329
15885
18261
20896
18295
15481
16097
15583
13280
22796
21577
22979
14819
16815
18647
22607
20273
14440
15671
22484
20493
18606
14925
14584
13861
18218
19352
16798
22962
19680
21901
17898
21011
17989
18547
22514
22848
16017
19012
18812
18188
14204
21875
17698
23314
16784
14109
16107
13935
16259
14788
22177
23033
23061
21599
13688
18818
18429
15493
16281
21072
15411
20310
20154
22994
16797
16839
21146
18938
14280
14935
13988
15829
13279
22361
15048
18971
18118
13232
20625
14928
17513
15044
22057
17053
17486
16809
21355
15941
16793
22996
19312
19497
14834
19347
21040
15553
19345
22675
14459
21459
19176
17312
13297
17164
15397
13498
17046
22121
19164
22824
16720
22138
14014
13333
16412
14603
19327
14048
20296
13267
20604
17823
16722
13816
22078
16401
21558
16391
19826
19420
19044
17968
19143
17901
23341
13352
17901
20895
20816
21768
17508
13920
14503
17015
13761
21487
19143
15884
18766
22083
15010
14846
18376
21845
13244
15608
19083
20634
15569
22907
16325
15444
21614
18896
17876
14613
17282
16792
15786
17437
13238
18024
21772
20842
19830
13644
13688
20831
13836
14756
22967
14261
13964
13737
15926
16037
17811
20069
14081
13643
13471
14819
22530
21401
14372
14926
19428
14396
17181
18029
15147
20256
16235
22700
13301
20338
19412
21642
14530
15462
21954
20139
16564
17307
13263
23308
20456
16455
18378
17335
19330
17641
17107
21250
19115
19714
21712
15803
17281
18856
18690
14939
17866
23459
14380
14363
22520
20453
18686
17826
19585
13265
20734
14878
15993
20259
16956
21149
17146
14991
17657
13948
20904
19408
19727
22973
23078
20286
13483
18202
19286
14798
21643
20376
17656
18989
16408
19082
18457
16728
21424
18085
21171
19091
14754
14766
18548
23058
22090
21356
18487
20319
21518
20511
14445
16969
13361
21022
22764
15953
18991
16464
17180
22631
21335
22226
16863
14709
14191
20006
20531
19315
13339
16344
21485
18720
13865
19743
19232
17105
15423
13569
13616
22008
18908
18244
19793
20200
17556
13954
14987
19714
23158
16323
23079
22892
15061
13901
14022
17707
17924
15952
21531
19140
16363
14899
15389
18718
20407
19555
13522
19386
19225
16273
21395
14326
15670
14887
14502
16911
22401
17097
22055
21548
21476
21460
14046
21106
17610
15392
17233
17714
13533
18117
14430
20002
13374
23477
21545
16984
14086
20146
18624
17363
16413
21715
17368
16482
20885
18185
21818
21455
13666
13905
14119
15978
14797
13262
16432
17691
22606
20942
17467
16278
22496
14113
13545
22342
22633
21519
19921
17039
16192
21923
18988
22955
15636
21376
16479
19658
13706
18947
14888
18748
18540
20162
14617
18210
15448
23556
17830
15295
20329
23528
17273
21925
23148
15056
14988
14458
13813
13358
19744
21689
22096
13398
18362
15279
17999
15199
23149
14178
22321
19203
15551
21547
19797
21538
16390
13496
14105
21563
21170
16404
13817
19279
18262
16657
22884
14874
19228
20838
17455
18801
21473
19833
18110
17262
22441
16495
20165
13852
14044
19849
17162
18616
22119
21139
15013
16015
19564
17486
22558
13238
16401
20182
13372
16125
21157
17385
20425
19143
16596
14213
15929
14595
13683
15284
22980
18739
17803
14833
21926
22106
14906
20635
14935
17973
18892
13457
14717
20157
22808
22738
13873
22990
16093
16076
22619
17160
20592
21741
18748
18189
21368
18468
15282
14926
14997
14166
15332
19064
16273
13784
15077
18523
22058
16521
13316
18315
14169
14208
16754
20673
13976
14443
18855
13385
20509
17645
16078
17687
14964
14612
16693
17361
21598
20362
17481
14773
18805
19880
14807
22839
21802
18687
15725
15169
19226
20962
15524
16775
21278
17713
21629
14908
19686
18370
14202
15096
21651
22723
18087
22292
16132
21610
18663
13366
17280
18188
21172
21538
15201
18691
13709
17259
13530
14821
22679
22943
23056
20114
23074
23396
19900
23299
17175
15554
16752
20718
18777
14469
16634
19369
15609
13281
15344
15670
13562
16259
19898
18539
17358
19699
21250
15157
16078
17768
14196
23102
16402
19019
14892
17963
15899
22077
18235
16826
14853
19448
18185
19102
19171
17658
20767
17914
13439
14754
14782
19726
18316
20990
21630
14452
14346
21332
22108
15713
17550
16191
22857
15752
14412
18256
14742
16449
20295
15058
16814
14689
13885
23297
23395
13575
15611
23175
15822
22011
22193
13976
17141
23238
15884
15989
23561
17184
20515
17493
20072
17894
16351
19838
18854
22327
16322
17549
19060
14048
20119
13608
13512
21631
16716
14957
21060
23484
18626
15518
15487
20977
13547
19342
21606
21471
21630
15647
20440
16748
13768
22695
19303
13258
18707
18851
20459
18307
19039
22755
14798
20213
13614
22419
13305
14373
18265
20686
13283
13420
13510
16657
21096
15255
15678
13617
14110
23273
22629
18668
20341
13528
13313
21036
14637
22405
21744
13744
22889
21514
15817
17331
21049
19535
13604
17393
14778
17657
16024
14541
18514
21848
19207
15937
14593
19748
16586
22851
22035
16344
15422
17574
14947
20251
16148
15624
21928
16855
15224
15844
17054
15137
14147
19813
22510
17956
15527
21434
15758
18966
16596
18371
13703
18709
20092
23178
22626
18158
14836
22790
21401
14473
23509
19894
19285
13948
17117
13684
15741
21618
13584
19305
13835
13510
15790
21241
17432
19926
15993
17963
15983
20097
23344
18811
21885
15796
13855
16883
22516
18014
23418
18865
14559
18223
23478
20757
15065
15097
13755
17672
14950
16329
15769
14295
13477
21209
18117
16593
16800
21899
22957
16434
13982
13316
17458
14551
17918
18111
17959
17827
15045
19061
16082
18247
14064
20571
19753
18216
14849
14057
23028
16162
20019
22173
23559
21117
15879
16868
23453
18439
23525
14244
20310
17369
14621
13679
21381
13926
18369
21765
16091
18601
22543
19035
21944
18350
20677
16980
13857
15802
19231
13957
22468
17535
15285
14730
15898
22413
21020
19923
18143
18888
23488
15721
13381
16831
15338
14757
18342
15224
16270
15108
17346
23404
19473
16839
19386
14470
17430
18374
17864
21085
16919
16632
13361
14638
21856
23486
19863
21258
13705
17537
16741
20429
17049
16487
23179
18572
20892
15077
13809
19333
23295
14997
20003
14632
19293
18529
21507
22111
23254
13549
13537
13345
14990
19702
18309
22602
13792
14056
20633
16100
23158
22835
15258
23465
22915
13368
14228
22575
19645
21448
20285
14134
18989
17416
17669
22393
14268
18110
18096
21685
20312
17488
19757
14373
17088
21741
23385
16804
19518
16048
13731
18567
13522
21877
14469
21880
13351
20012
17811
16560
16232
13579
19857
13515
19276
14083
13396
16941
19066
14081
18142
18830
16553
19624
17838
18487
20164
17318
19873
13804
17852
18792
17074
18371
22290
20847
18281
17374
17773
18807
16436
16916
23151
19516
13638
22977
23328
19740
16578
15775
22201
14982
17092
21554
14022
15900
18413
14666
21143
13892
13294
20060
18390
22498
17471
19442
20417
14175
17394
21839
16729
13708
16314
16026
16943
19432
20264
13846
16028
19778
19501
16137
22041
19368
22996
15674
14555
17403
21815
21956
22561
13477
18607
13459
22261
16555
14545
14052
17041
22251
17215
16085
23561
16410
14589
15844
22634
14290
21288
17933
16643
16955
22710
17437
15853
19565
18893
14107
23064
17164
22795
17040
23008
22592
15209
18446
21456
14408
23043
18664
17226
18745
18071
18396
19290
17721
17696
14039
18402
18037
16268
22996
15519
19563
17289
20500
13638
16881
15269
13663
14242
15474
15398
15994
20692
18620
19078
22249
13860
21039
18928
16212
23070
19111
22152
19821
21150
19573
16258
22806
19016
19152
14826
20173
15653
23523
23555
22680
18427
22733
18266
15002
13435
22822
19951
15968
21281
16131
13772
16170
19500
17442
17523
21159
16581
13963
21305
19547
22169
18008
17699
20991
14038
19523
20744
13988
22390
13505
21736
14470
21586
14436
16427
20189
23520
23474
19846
20449
22755
14324
16710
20216
16909
14753
16689
23426
14551
23148
13621
17983
14914
17039
22966
15199
16564
18748
19989
14259
20089
13700
17879
13597
18918
15393
22572
21121
22766
22415
16483
17611
13735
20356
15103
20304
23530
15742
14645
17396
20677
18800
17357
20649
18363
18837
13514
15857
14796
22539
18602
15029
16380
19702
17935
13817
23378
13305
16150
14446
15607
15538
20761
22011
20431
14063
17830
16737
17614
20023
18283
22633
14505
16405
23513
14549
15236
19800
18135
16156
18109
22289
16006
15980
15591
15114
15633
16858
13989
17057
22698
20051
17483
14385
21387
17216
17897
20050
13991
13397
19168
15646
21086
14012
16096
16209
20717
19191
21648
15567
17060
20176
23223
21410
20675
19116
17189
16711
23130
13361
18898
22622
21359
19704
18634
18629
21456
20803
14503
23541
17495
16637
21598
19702
22480
18564
18369
16884
20526
23163
20405
21632
13844
17897
14568
20115
22389
14735
19870
20712
16060
17894
13505
20190
22801
21912
19781
23154
18524
21305
21177
15504
20680
21003
21729
23539
14243
16209
14637
20548
23051
22656
17021
18697
21511
21948
17553
14165
18076
13484
19348
20610
20589
16487
20548
14902
14724
18674
18967
19546
21295
14034
16906
15776
22152
17174
14719
18488
16842
13384
14501
15889
16701
20002
14298
18939
15247
22835
17129
14992
21994
19697
22832
18371
17802
21887
20214
14514
23233
23430
14597
13349
17953
19806
22082
19794
21036
19091
18518
20830
16966
21404
18899
15285
16135
17877
22732
14867
15817
19923
19982
13245
19890
20659
13962
19006
20095
17041
14033
13541
13321
20288
14412
15514
21620
21448
22004
17950
17359
19064
17399
18527
21964
21258
13624
20071
23011
18279
15999
21144
22756
22125
22161
20769
14339
18372
21396
19845
18359
22534
20671
22434
15424
19846
22087
20675
21556
16725
23140
20523
18326
19835
19744
16022
16198
20141
23303
22369
14665
14859
19223
15829
17798
13522
14798
17958
21763
22120
17093
14817
19549
14291
15504
15268
21090
20980
20369
16826
13359
17688
18395
21564
18601
14870
13873
15915
21561
22068
14029
20305
20036
16184
20061
14092
23347
15006
20516
17610
17287
18460
14772
18626
17629
19688
17915
14532
18485
14933
16249
15597
17928
20955
18082
22393
16964
16108
18864
15553
21875
19085
15065
14577
21654
14816
18450
19097
13989
17450
19812
16055
18417
21115
21597
19972
14703
21286
14957
16469
13601
16036
14073
18683
13798
13699
23090
18870
17723
19529
17993
13241
22216
20062
20537
14809
13773
16113
23480
19119
13986
16563
14531
22399
14046
19894
17541
18939
14459
14017
16134
21774
16054
17685
20668
22619
22861
16442
22171
21130
13635
23227
16879
15888
18374
18186
13918
23109
17304
21979
23236
18699
17771
21211
18546
