29001
27343
28592
28832
27701
28626
28945
27956
27835
28837
28432
27695
28404
27955
27795
28067
27833
27376
28990
27795
27587
28356
28255
28778
27638
27904
28627
27620
28920
28581
28043
27800
28003
28171
28733
28137
28100
28612
27952
27786
28824
28806
29003
28172
27514
28766
28436
27864
28616
27652
27710
28486
28421
27946
28715
27889
28364
28903
27516
27977
27453
28623
27588
28007
27455
27941
28789
28249
27912
27800
28337
27587
27641
27390
28766
27982
28449
28099
28019
28127
27442
27713
28409
27522
27688
28705
28219
27673
27501
28459
27923
28787
28051
28132
27989
27810
27426
28553
28369
28233
28736
28138
27441
28885
27738
28104
28015
28201
28875
28367
28000
27792
27505
28435
28521
28324
27395
27607
27564
27429
28285
27499
27588
28108
27497
27918
28551
28903
27497
28243
28027
28311
27872
28483
28707
27915
28882
27992
28896
27625
28382
28315
28166
28667
28241
27956
28347
27902
28058
27710
28868
28038
27845
28050
27651
28892
28096
27824
28209
27668
28035
28587
28340
28181
28050
28865
28610
28758
28191
27435
27398
28940
28785
27451
27793
28314
27438
28473
28950
27383
28106
28180
27458
28028
27692
28894
28663
27700
28989
28865
28806
27848
27984
27773
28312
28078
27766
28877
28272
28499
28045
28562
27594
27785
28920
28854
28883
28070
28410
27731
28688
27422
28235
28438
28955
28772
28214
28767
28730
28659
28875
27521
28820
28401
28681
28580
28634
28688
28651
28994
28414
27575
28745
27996
27702
27743
27599
28201
27557
28932
28127
27920
28635
28624
28538
27832
28914
28193
28259
28087
27955
28009
28148
27820
27717
28025
27760
28154
28573
27862
27416
28948
28286
28908
27501
27751
27524
27527
28536
28646
28531
27748
27392
28681
27448
28944
28924
27698
27478
27804
27401
28936
28178
28123
28118
27827
28026
28256
27837
28714
27804
28437
28959
28284
28916
27685
27691
27400
28603
28069
27636
27908
28122
28995
28111
28595
28730
28139
28414
27732
28119
28125
27849
28095
28787
27907
27727
28904
27426
28735
27379
28362
27573
27874
27554
28139
27606
28078
27921
28182
28404
28792
28607
27828
27775
28278
28891
27883
27646
28726
28530
28516
28805
28304
27923
28572
28216
28216
27623
28149
27435
28697
28761
28857
28948
28505
27811
27559
27800
27437
28572
28514
28300
28918
28308
27472
28645
28381
27364
28470
27796
28592
29005
28703
28498
28391
28575
28352
27818
28182
28173
28837
27436
27881
27381
28815
28329
28224
28646
27678
28418
28101
27974
28189
27530
27509
28742
28634
28842
28975
27750
27800
27435
28522
27638
27534
27719
28194
27423
28602
28933
28504
28615
28046
28654
28628
28994
27528
28844
28529
28819
28868
28718
27765
27808
28872
27462
28774
28872
27993
28705
28349
27342
28170
27847
28149
27999
28958
28883
28377
28111
27559
28192
27534
28186
27871
28527
27673
28699
27603
27918
27862
27448
27797
27570
27568
28377
27871
28898
27737
28448
28133
28219
27394
28953
27875
27807
28363
29003
27936
28274
27426
27769
27553
28248
28661
28977
27970
27873
27586
27647
27582
28000
27501
29001
28529
28254
28483
28838
27486
28999
27376
28486
27345
28133
27682
27715
27519
27540
28604
28541
28307
27612
27631
28713
28642
28771
28302
28365
28251
27891
28993
28624
27539
28042
27832
27845
27751
27774
28986
28621
27487
28897
28224
28983
28720
28115
28917
28736
28736
27860
28088
28514
27657
28188
28705
28082
28913
27867
28007
28673
27589
27876
28152
27490
28476
28076
28554
27556
28437
28962
27664
28724
27661
27459
28960
28717
27861
28769
28784
28313
28436
27433
28801
28473
28304
28775
28022
27371
28129
27763
28274
27487
28843
27378
27905
28266
27963
28033
27756
27362
28627
28160
28088
28237
27710
28585
28553
28607
28445
27724
27345
28171
28936
28438
28093
27576
28682
27538
28499
28833
28343
28172
28065
27891
28029
27390
27694
27457
28498
27499
28268
28403
28270
28767
27960
28442
27485
28611
27683
28590
28573
28346
27745
27375
28085
27693
27516
27938
28200
28546
27341
28740
28630
28103
27432
27661
27905
28466
28421
28373
28243
27437
28540
28721
28929
28100
27446
28419
27865
28584
27727
27583
29008
28918
27988
28902
27669
27776
27641
27678
27920
28462
28585
27613
28966
28784
27742
28712
28946
27489
27451
28151
28615
28130
28713
27804
28474
28400
28980
28862
28679
27801
27428
27755
27699
28038
27508
27879
28707
27612
28973
27436
27705
27554
27938
27642
27558
27541
27953
27766
28701
28581
28885
28583
27588
28452
27991
27961
27666
28064
27602
27705
27543
28437
28056
28807
27611
27963
28695
28678
28598
27967
28013
28215
27568
27393
27360
28853
27437
28924
27625
28473
27496
28640
28739
28419
28692
28872
28996
28030
28490
28015
28834
27972
27375
27737
28642
27664
28696
28727
28304
28589
27993
28987
28359
28388
28739
27558
27862
27524
28421
27511
27390
28341
28987
27984
28595
28332
27872
28625
27469
28910
28286
28155
27532
28872
28693
27988
27412
29010
27861
27578
27544
28051
27348
28274
27770
28908
28976
28669
27528
28062
27530
27918
28692
27531
28966
28043
28502
28270
28207
28448
27534
28318
27573
28101
27600
28365
27617
28017
28279
28934
27415
27375
28481
28907
28809
28269
28899
27994
27347
28022
28442
27444
27697
28237
27993
28634
28000
27345
28570
28180
28161
27916
27935
27341
27484
28269
28388
28418
27349
27933
27647
28987
28385
27796
28173
28774
28371
28262
27405
28694
27472
28578
27678
28399
28650
28545
28820
27888
28486
27584
27562
28211
28897
28374
28839
27829
28200
27573
28382
28983
27538
28508
28508
28401
27466
28278
28133
28861
27510
28492
29006
28272
28254
27468
27703
28308
28663
28369
28947
27609
27516
27929
28170
28105
28366
27338
28949
28810
28804
28225
28599
27483
27746
27808
28520
28442
28271
27599
27611
27900
28046
27618
28617
28706
27467
28949
28812
27630
28105
27804
28695
27503
28840
27600
28374
28469
27530
28448
28064
27671
28438
28386
27795
28195
28969
28364
29004
28269
27713
28511
27513
28616
28671
27623
28543
27549
28110
28531
27862
28004
28019
27378
28490
27592
28114
27394
28977
27369
28818
27600
27495
28357
27963
28299
27940
28201
28614
28114
27509
27658
27920
27972
28507
28014
28071
28126
29003
27666
27579
28699
27855
27374
28200
28045
27402
27422
27579
27626
27439
28758
27730
27348
28677
28161
27784
28173
28136
28956
28765
28849
28453
28344
28450
28485
28432
28607
28777
28819
28366
28072
28307
29000
29009
27452
28301
27476
28416
28324
28805
27447
27357
28351
28941
28427
28924
27447
28258
28848
28760
28282
28380
28657
27964
28385
27592
27399
28228
28899
28246
28003
28173
27542
28241
28394
27497
27696
28530
27484
28117
27839
27640
28048
28324
27574
28202
28803
28172
27772
28802
28187
28040
28829
28204
27447
27545
28555
28371
27545
28026
27350
28412
28487
28201
28663
27990
28492
28399
27432
28508
28474
27616
27438
27935
28307
28822
28303
27567
28757
28280
27640
27781
28971
27350
28502
27745
28341
27610
28462
28274
27488
27856
28889
28243
28098
27756
28216
27505
28978
27499
28529
27405
28004
28350
28724
27426
28703
28136
28182
28020
28064
28820
28104
27775
28816
28806
27893
27606
27720
27524
27404
28185
28610
28372
27735
27695
27999
27633
28095
28707
28925
28260
28230
28576
28734
27742
28410
28288
28998
28374
27394
27436
27797
28650
27518
27392
27824
28395
27653
27436
27907
27474
27689
28043
27677
27399
27862
27913
28600
28122
28018
27784
27519
28855
28444
28493
28192
27498
28825
27735
28436
27439
27709
28987
27439
27478
28962
28993
27710
27356
28609
28353
29003
28905
27686
27573
28979
27520
27441
27714
28462
27813
28521
27533
27536
27965
28135
27967
28282
27837
29000
27424
27356
27538
28757
27889
28908
28305
28633
28106
27589
28620
27865
28656
27841
28608
28767
27935
28915
29002
28883
27842
27856
28879
27936
28279
27964
28343
28878
28242
27696
28771
28471
28339
28219
28186
28098
27566
28718
28956
27413
28889
28917
27625
28591
28445
28306
28090
27851
28637
27564
27996
28714
28813
28119
27469
27508
27881
27945
28498
28534
28969
28111
28333
27752
27987
27957
27864
27859
27766
27896
28400
27600
28986
28615
27659
28041
28012
28735
27811
27482
27723
28063
27866
28764
27734
28748
27590
27987
28854
27719
27616
28447
27830
27991
27670
28852
28907
27741
28068
28183
27835
28320
27676
28522
28139
27815
28498
27618
28465
27970
27854
27571
27543
28027
28193
28308
27924
27536
27661
28890
28033
27964
28075
28116
28305
28400
27696
28790
27863
27680
28896
28047
27639
29004
27478
28984
28925
28404
28923
28849
28269
28470
28899
27867
28526
28059
27702
28196
27484
29007
27884
28219
27383
28723
27418
27600
28217
28306
28919
27950
28999
27974
28216
28096
27650
28496
28155
27617
27892
28728
28279
27667
28986
28795
27573
28788
28135
28057
28631
28679
27437
28262
28827
28111
28682
27674
27667
27674
27808
27895
28634
28868
28044
28138
27535
27349
28898
28462
27747
27359
28355
27842
27869
27638
28179
28341
28168
28962
28016
28530
28924
27697
27516
28525
28107
27900
28269
28461
27755
28166
28909
27441
28762
28116
28224
27641
27950
27966
27493
27753
28607
27996
28963
28258
28238
27776
28306
28709
28800
27441
27802
27542
27423
27824
28297
27722
28543
28041
28295
28971
28630
28364
28214
28006
28122
28481
28818
28257
28910
28654
28843
28619
27554
28966
28151
28494
28680
28990
28426
29011
28657
27574
28122
27537
27563
27686
27587
27769
27601
28543
27498
27906
28695
27992
27861
28408
28409
28217
27903
27733
27522
27469
28300
27421
28831
28607
27488
28630
28777
28691
28661
28826
28865
28064
28773
28574
27484
27551
28031
28586
28721
28326
27579
28573
28748
28977
27675
27816
28566
27856
28218
28525
27437
28903
29007
28588
28903
27612
28340
28621
28190
28058
28524
28609
28641
27682
28250
27482
28667
28100
27825
28521
28334
27487
27679
28537
27902
28503
28108
28545
28167
27953
28953
28678
27954
28390
27516
28507
28918
28248
28296
28667
27649
27756
27780
28490
27435
28301
28843
27926
28070
27549
28397
28454
27680
28227
28206
27613
28946
27350
27671
28904
28989
27843
27526
28387
28537
28162
27943
28555
28056
27778
28648
28925
28358
27739
28295
27707
28811
27473
27839
28687
27595
27748
28341
28350
27972
27745
28665
27651
28902
28085
28897
27413
28153
28207
27809
28429
28895
28430
28760
27832
28242
28295
28990
28139
27731
27531
28137
28406
27448
27626
28658
27423
28179
27340
27824
27994
28196
28945
27458
29008
28153
27615
27700
27678
27384
28252
27545
28459
28496
27748
27957
28348
28885
28458
28119
27476
27616
28678
28820
28047
