29535
28045
29314
28372
27669
29475
29556
29257
29373
28180
29584
28694
27626
28921
28251
27887
29139
28129
29052
28325
27870
29052
28429
28383
27550
29371
29566
27970
28850
29279
28239
28169
29566
29492
27655
27995
29601
29258
28246
29642
29207
27524
27713
28969
28542
28606
27596
28481
29213
28330
29216
28803
27800
28470
28942
27572
29541
29473
28197
29422
28659
28054
27567
27584
28974
28509
28569
28269
28497
29379
29071
28087
29483
29535
28805
28327
29541
27711
28053
28443
28694
27856
28568
29430
29219
27520
28536
29238
28291
28833
28414
28553
28928
29343
27582
27594
28752
27911
29485
28258
28464
28998
28178
28054
29553
28369
29326
28371
29396
28486
29489
28308
27759
29248
28622
28852
27529
28715
27587
28087
27817
28014
28886
27631
27619
29032
28939
27962
27847
28694
29375
28186
28134
27954
29476
28626
29055
27913
28366
29392
27895
28665
27958
27812
28463
29419
29179
28787
27893
27695
27658
28100
28674
28313
28755
28343
28092
29519
27737
27680
29411
28307
27559
27631
27747
27636
29301
28206
27732
28350
27592
29544
27632
28723
29073
29577
29457
27680
27863
29538
28826
28655
27610
27540
28033
28516
28747
28254
29472
28076
29224
28909
28907
28635
28800
29438
27956
28940
28889
28587
27712
27522
29460
28870
28090
28051
28142
28874
27551
29660
29559
27512
28589
28529
28983
27734
28221
27876
29074
29418
29187
28718
27668
28750
27542
27840
29570
29220
28789
29403
27895
28467
29170
27554
28728
27636
27852
29267
27913
27815
27841
28087
28322
29215
27873
29038
29187
28806
28603
28262
28155
28211
28022
27555
29060
29659
28964
27954
29586
29197
28396
27676
28972
27867
29563
27844
27924
29409
27819
29352
29475
29575
28487
29057
27960
28098
29158
28816
29412
28432
27998
28020
28873
28962
28347
29343
28136
28568
28758
29602
29545
28943
28512
29102
29642
28789
28335
28317
29385
28275
27941
27774
28497
28079
29548
28683
28519
27535
27934
28080
28006
27964
28657
27620
29148
28454
29339
27970
29014
28071
28954
28115
28881
27718
27669
27508
28462
29660
27651
27529
28981
27952
27604
29646
27555
27518
27803
29241
27873
28222
27533
29533
28308
27922
27876
28582
29424
27839
27578
28541
28617
29220
27947
29420
27595
28153
28782
28225
29446
29218
29268
28856
29128
29426
28971
28163
27860
27854
29372
27558
27559
28236
28983
28381
27627
28564
28483
28306
29612
29649
27795
27635
27603
28397
29057
28391
29438
29218
27746
29377
27641
29610
27990
29503
28296
29060
28811
29544
28678
27737
29487
29387
29629
28502
27515
28604
28897
29086
27873
28160
27748
28563
28190
29021
28359
28116
28788
28785
27998
27507
28642
29106
29600
29573
28232
28315
28674
27793
28974
28469
27900
28571
27887
28366
27819
27506
27882
28412
29287
29394
28810
29592
27924
28790
28135
28439
27993
28949
27779
29569
29195
28325
29295
27581
29019
29514
28963
28814
28147
28772
29109
28310
27560
28654
28038
28183
27889
28049
29588
27557
27523
28483
29344
27902
29552
27907
28684
27776
28362
29539
28661
28569
27850
27718
27986
28178
27708
29543
29203
27687
29188
29158
29038
27970
28448
28759
27637
29562
28643
28294
27795
27610
29521
28513
27726
29148
27881
28577
29427
29084
29034
28138
27666
29494
28341
27882
29147
28638
29552
29253
29582
27522
28764
29573
28811
27760
28578
27698
28577
27802
27828
29499
27977
27559
27897
28196
29409
29021
28903
28082
29384
28840
28637
29056
29366
28524
29292
28805
28937
27726
28186
27645
28179
29424
28193
28006
28024
28511
27977
29518
29258
29469
28418
27570
29576
28185
28952
28531
28075
28108
28681
27951
27751
29284
28722
27769
27625
28265
27815
29204
27838
27589
28927
29276
27651
29204
29369
28713
28743
27883
27842
29062
27641
28583
29195
27985
29499
29583
28798
28995
27685
29523
29423
28323
27934
29032
27670
28637
27985
29144
28005
27536
28814
29542
28062
28803
27641
28923
27645
27773
27506
29189
29430
27856
28147
28670
28729
28136
28672
27721
28521
28876
28008
28556
28584
28894
29195
27789
29626
29459
28953
29630
29070
27581
29257
28224
27998
29030
29059
28700
27786
28900
28932
28212
28892
27873
29221
29602
28542
29108
29625
28215
28734
28731
28097
28857
28105
29307
29089
28518
28085
27847
29447
29071
27996
28003
28338
28909
28940
29247
28526
28864
28558
27592
28697
28545
29382
27848
27876
27871
28351
27881
29605
27928
28473
29449
27737
29042
28316
27772
29490
27746
29360
27576
29418
29484
28498
27824
29308
29123
27904
29417
28009
28663
27521
28071
28282
29632
29104
28573
28563
28349
29345
28070
29422
29322
28147
29440
27825
27562
28336
29289
28585
29252
29501
28442
28231
28972
28227
28301
29461
29478
28794
29154
28905
28308
28998
28096
28016
29564
27662
29362
27530
29290
29251
29348
29323
28833
28759
29601
27792
28522
29075
29430
28307
27524
29401
28079
27777
27852
27870
28583
28072
29267
29553
29495
29213
28377
29307
28047
29240
27868
27948
28153
27865
29114
28588
28978
27613
29352
28197
27866
27525
29545
29213
28871
29165
28477
28391
28302
28450
29296
28599
29244
27919
28309
28181
27856
28880
29487
28266
27724
27588
29145
29404
29541
29394
27740
27531
28619
29562
27823
28809
27705
29641
27556
27868
29567
29194
28543
27775
27849
28364
28008
28724
29237
29007
29601
27777
29637
28674
28007
29468
28378
29429
28761
28527
27865
28186
28283
27927
29445
28827
27519
28910
29239
29055
27695
27794
28894
27906
28971
29590
28529
28358
27972
29088
29348
29495
27713
28503
29595
28227
28396
27719
29342
28909
29464
27818
29574
28053
29342
27564
28738
29051
27875
29038
28078
29012
27873
28144
29340
27570
28576
29408
28385
29279
27594
27727
28392
28870
28515
28212
29387
27579
28320
28070
29603
28098
28968
28225
28040
28846
27830
27958
28728
28798
27885
29288
27817
28674
29351
27856
28556
28380
27845
28860
27835
28110
28457
28020
29621
29560
27691
27744
29264
28992
28419
28662
27618
28299
28954
29625
28372
28241
29351
28180
27528
27722
28268
29153
29187
28059
27602
28339
27822
28773
29035
28274
28001
28845
29356
28807
29070
28651
28244
29280
28536
28937
28158
28730
28734
29610
28460
27748
27921
29458
29564
28629
28943
27741
29433
28076
28956
28969
28166
27827
28314
28672
27640
29401
29636
28365
28034
29590
27689
29102
28231
29045
28428
28478
28542
29537
29561
28667
27557
27510
27883
28258
28476
28679
27713
29058
28820
27680
28441
29123
28976
27619
28075
28480
27960
29457
27620
29018
28607
27779
27906
28797
29245
28805
27719
28556
28229
27595
28922
29476
28410
28220
28826
27593
27682
28096
28490
28770
27944
27755
27814
29176
28560
28050
28954
27705
29150
27673
29427
28546
28128
28498
28510
28618
27559
28812
28756
28099
27725
29569
29321
29228
29113
28940
28475
28812
29116
27642
28078
29001
28398
28308
27690
28712
29521
27708
28546
29310
28726
29328
28399
28088
27863
28527
27513
27604
28314
29049
28861
29403
27794
27887
28719
29647
28759
28903
28785
28377
28383
28151
28326
27615
28252
29087
28691
29626
27581
28092
28633
29378
29457
28093
28612
28267
29171
28726
28553
29309
28082
28960
27714
28545
29059
28443
28907
29565
27923
28003
28592
29001
27674
28977
28911
29380
29437
27515
27844
27720
27981
28203
27659
29296
28371
27918
28029
28594
28516
29048
29581
28917
27603
28302
28455
29491
27637
28649
29574
28116
28760
28150
29071
28812
27726
27822
27891
28340
28164
27768
28977
27947
28161
28796
28256
28753
29350
28680
29463
27642
28899
28869
27855
28456
29306
27963
29605
28342
27808
29306
28201
28659
28214
29102
27606
28822
28263
28942
27981
29513
29245
29126
29177
27651
29371
27863
27665
28605
28973
28898
28067
29141
27684
29135
28804
29375
29508
29214
28547
28653
28131
29325
27677
28390
28033
28829
29222
27535
28547
28205
27722
27864
28053
29038
29373
27662
28731
29244
27626
28185
28545
28119
28733
29650
29122
28804
29524
29080
28416
27889
28683
28581
29033
28931
28798
28298
29560
29478
27540
28037
29134
27657
28437
29030
28924
29507
29496
28560
28468
27607
27684
28987
28053
29146
28367
29029
28673
27956
27947
29439
28215
28398
27594
28670
29627
27972
28581
28926
27803
28654
28499
27980
28517
27915
28349
27972
29359
28206
29283
29252
28767
28544
28229
27847
27886
28751
28331
29227
29506
28727
27820
28880
29016
28610
27683
29204
28808
28031
28469
29481
29488
27925
29578
28484
28806
29310
27974
27672
29231
29322
29547
28355
29618
28248
28552
29146
28389
29597
27570
27740
28504
28878
28170
28940
29271
29633
29517
27972
28987
28136
28279
27765
27696
28130
28180
27572
29057
29631
29105
28512
27602
27756
29128
28738
28154
29573
29374
28204
27593
28339
29446
28398
29605
27816
29115
29426
28165
29230
29425
29489
28771
28973
28957
28599
28287
28828
28356
28449
29081
28401
28429
28551
28947
29328
28646
28128
29587
28397
28049
29233
27508
29213
29414
29077
28128
29419
28596
29103
29263
27837
28714
29082
29439
28643
28108
29586
28904
29393
27537
28279
28599
29175
29446
28221
27893
29264
27902
27944
29311
29657
27662
27849
29049
29440
28780
27912
27883
28927
28591
29425
29247
28243
28842
28864
28855
28362
29348
29158
29289
28401
27925
27543
28854
29347
29505
27846
28581
28227
27608
29512
27512
28979
27823
27758
28600
27602
28502
28682
29648
29434
28582
28882
28249
28871
28520
29448
28146
27579
29579
28530
29087
29630
29514
28315
27663
28722
28607
27841
27918
27684
27852
29283
29307
29319
28012
28263
28228
28148
29530
27933
27793
27748
28108
28117
28577
28782
27817
27936
27878
29261
28759
28442
28008
29605
28207
28299
28239
28927
27750
29506
28147
28911
28496
27795
29452
29590
29405
27950
28354
28687
29211
28819
28477
28272
28027
29414
28320
28661
29482
28462
27875
27660
28713
27809
29587
28096
29243
29051
29279
28343
28627
27909
28251
27820
28923
29600
27981
28804
29482
28186
27845
27621
28835
28238
29211
27705
29105
29456
28526
28606
28157
27877
29044
28455
29192
28248
29321
27865
28893
29171
27835
29222
28654
28176
28714
28795
27572
29352
28799
27773
29159
28889
28928
27554
28587
29053
29457
29564
27891
27517
28568
28414
27969
28528
27586
28819
27713
29368
29015
29280
28402
29607
28778
28939
27659
27841
29007
28870
28815
28397
29255
28500
27580
27780
29381
27748
28435
29573
28289
28229
27909
27653
28467
29370
29363
29555
28555
29086
28962
27710
28052
28872
28520
29657
28514
28009
29589
28559
29379
28959
28131
29020
28945
28118
29491
28718
29535
28165
29154
29267
28545
28382
29496
28034
28070
28099
28397
29283
29518
29245
27800
27870
28448
29028
29129
28402
28963
28457
28616
29123
27906
28226
28149
27911
28185
28239
29012
28807
29097
29428
27823
29078
29422
28981
29090
28016
28349
27630
29596
28383
27563
27606
29511
27665
27923
28520
27904
29189
29131
28348
29100
29509
28167
28812
28995
29276
28042
28752
29564
28004
28957
29552
28670
29002
28571
27508
29030
27569
27915
27708
28895
28150
28868
28128
28676
28835
28556
27651
28316
28082
29662
27834
28679
28235
27523
27575
29098
29516
28994
28510
27553
28182
28936
28634
27510
28458
28012
29210
28426
29145
28134
28617
28560
27663
29033
27597
27812
29368
28354
28151
28424
27792
28013
28857
29358
29417
27729
27994
29262
28578
27776
29035
29286
28157
28693
28046
29415
27612
29184
29535
29593
28315
29299
28853
27948
29661
27505
27593
29016
29273
29485
29611
28784
28040
28125
28923
29642
27518
28806
29591
28390
28403
28265
28022
27535
28517
28757
29107
27701
29201
27683
28127
28699
29102
29092
28365
27660
28932
29139
28288
28971
29159
29466
27694
29617
27570
29464
29035
28618
29297
28317
27960
28099
27988
28276
27822
27518
29209
29621
29317
27605
29538
27616
28413
28834
28474
28264
29530
27794
29547
29504
28790
28670
28664
27785
28797
28555
29291
29406
27581
28808
29569
27730
28239
28572
27596
28363
28330
28232
27781
28687
28240
29219
28417
29556
27842
28304
29080
29404
29416
27857
29037
27838
28563
29052
29069
29658
29531
28240
27713
28834
28127
29586
29081
27797
28015
28227
28491
27929
28390
27943
28215
28645
28237
28084
29100
27549
28052
28441
29313
28441
29130
29163
28699
29103
28554
28215
28399
28431
29010
28235
29609
27827
29427
29530
28716
27616
28471
27866
27651
27832
29109
28674
28980
27834
28758
28437
29143
27516
27984
29579
27567
28095
27759
28725
28298
28305
28681
27674
28363
27748
28915
28810
28489
28872
27847
28346
29161
28288
28190
27708
29596
27679
29239
27895
28891
29360
29643
28009
28920
29422
29295
27807
28305
29430
27726
29209
27807
27780
29477
28118
29050
29574
27796
29022
28290
28405
27515
28914
28740
29069
29210
28178
27884
28879
29435
28248
28207
29042
28202
29446
27669
28861
27650
28129
29411
27760
28584
29474
27779
29652
29637
29313
28820
27752
28623
27598
29592
28729
29275
28141
28971
28695
28799
27708
28884
28003
27835
29555
28456
28191
28610
29190
28380
27788
28583
27631
28669
28450
27597
29490
28847
29030
27974
27892
29617
29085
28549
28051
29585
27991
27509
28891
27726
28710
27984
29590
29129
28281
29504
28014
29496
28135
28052
29220
28806
28978
29547
29444
27579
27857
27967
29302
27599
28246
28614
27781
27574
27864
28477
29453
27617
29660
27994
28287
27745
29155
29077
28357
28003
28785
28721
29408
28168
28962
28025
27698
28475
29066
27554
28980
29609
28433
28888
29644
28678
27934
29564
28420
29507
28272
29168
28830
27598
28923
27943
29109
28622
29181
28770
29591
28141
29301
28271
28328
28070
28586
29643
28616
29368
27832
29314
28316
27659
28482
28686
27834
29360
29167
28002
28449
29144
29169
