43769
45192
45618
45762
45166
44923
45576
44417
43185
43268
43287
45088
44605
45427
44211
43024
44988
45439
44972
42766
45513
44489
43668
43784
43732
43712
45218
45477
44160
43685
44836
44260
45947
44556
44026
43720
45276
44641
44555
42871
43669
45297
45288
42853
43186
45167
45758
45253
44693
42773
43019
44080
42849
44052
45352
45082
44708
44570
43730
45863
44488
43136
44154
44965
44648
44117
45460
43529
44286
44462
44119
43858
44397
45023
43548
44720
44870
43483
44076
42770
45400
44249
44143
44413
44274
43536
45707
45584
44603
44088
43682
43236
44822
44054
43500
44657
43018
42952
44720
43515
45518
44566
45079
43847
44266
43214
43472
45489
43506
44272
44449
45488
44877
44611
45062
44523
43991
44713
45311
43036
44407
43639
45270
44597
45729
43178
42846
44040
45059
44298
43301
45715
45208
45488
45003
44212
43664
44771
43198
44089
42907
45336
44303
43915
45463
42967
45139
42765
45077
43933
43990
45622
43398
45292
45694
45148
45145
43757
43774
45201
44944
44878
43783
45127
44350
44439
43782
45776
44873
43298
45642
45603
43961
44327
44708
43320
45453
42770
45222
45900
42809
44396
43953
44701
45447
44490
43347
42871
44877
43430
44764
43838
45931
44196
43076
42757
43401
43371
45262
43613
45422
45282
43688
42970
43523
44137
45631
43939
44963
42789
42858
45560
43926
44421
43063
45910
44263
45335
45775
44136
44872
45844
45286
43403
44648
44893
45741
43786
42739
45580
44624
44592
43379
44381
43703
42961
45762
42985
43855
45281
42854
44593
45410
42824
44094
42801
44298
44294
42736
43952
43667
42755
43784
43358
44773
45588
42990
45213
44493
44577
44176
44304
43008
43926
44191
42987
44429
44042
43743
45950
44209
45008
43313
43415
44201
44713
43524
43823
44490
43757
45060
45479
45385
45686
45510
43662
45251
43760
44795
43852
43407
43083
44125
42739
42940
43087
44407
44217
45573
43785
44471
45577
42774
43980
43922
43034
42776
45511
44773
45940
44493
44439
44002
45926
43234
43585
42737
44473
44147
43530
42833
45361
43019
43755
44852
44981
43385
44410
45058
43527
45493
43821
44538
43452
44668
44809
43644
45959
43207
43071
43997
44608
45274
44726
44628
43226
44290
45800
45685
44307
44928
43138
43052
44933
44687
45407
45177
45448
45445
45935
43576
45955
45636
45836
44621
44522
44528
44129
45505
45057
45619
45061
44117
42728
43253
42813
43278
45221
43057
45801
45730
45289
43556
42899
45564
45479
44557
44223
45375
44534
45136
45902
44075
43572
43615
44111
45840
44022
44581
45688
44333
43233
45128
43696
45916
45403
44938
44227
45473
43688
43627
43885
45333
44971
44584
43882
43150
43800
43185
44739
44728
44929
44176
42776
45274
43737
43960
43881
43099
43391
44257
45301
45789
45116
44171
42714
42844
43464
45665
43094
44809
42874
43863
43357
44299
45093
42912
42975
44203
42721
44310
43030
44417
42853
45082
43866
43310
43119
43625
45283
44116
45638
42773
43594
45068
42922
45193
42740
44888
43630
44911
44916
44341
45132
42870
45478
45099
43260
45450
43556
43857
43825
42853
45087
45521
44293
44306
44061
45686
44243
44751
44894
44719
45915
42840
44640
44730
43433
43594
43178
42769
45934
42785
43549
43985
45285
43151
45813
44835
42889
42773
44807
43321
42877
43150
45760
44257
43661
44004
43546
44621
45437
43538
43305
42790
44615
45870
42745
44599
45692
43150
45074
45705
43305
45239
44394
44906
44082
44185
43539
45004
43060
45168
42804
43837
43270
45466
42947
43181
43280
44906
42788
43031
45033
45371
43047
44517
44663
43380
44813
43368
42991
44067
43455
45241
45928
44375
43392
43079
45234
45384
43461
44774
45181
43090
43501
43069
43300
45862
45027
45542
45204
42735
45331
44563
44865
43021
45664
44896
43449
45933
43484
43970
45567
42760
43785
43289
44118
44157
43820
45091
43189
45557
43923
44208
43619
44621
45853
43731
43662
45491
44970
43362
43878
45026
45642
43264
44873
44440
43098
45420
43312
43018
42916
45392
43162
43040
44764
44513
45177
43114
45248
44085
43339
42718
44746
45187
42943
42961
43515
45787
42797
43572
45775
43263
44887
45080
44701
44362
44143
44262
43331
45356
44370
44387
43966
45355
42779
44792
43491
44635
43269
44386
42925
43709
43744
45369
43616
44765
42940
45498
44463
44986
44097
44537
45390
43052
45418
45084
45550
45589
44294
43755
45343
44189
45255
44364
44801
44642
45795
43386
45907
44112
44598
43532
43350
43561
42918
45544
42987
43129
44362
43367
45470
45814
45621
43105
44521
43643
45435
43976
45819
44563
43519
43994
44623
44166
45361
43854
43891
44555
43894
43710
44786
45156
44786
45678
44011
45272
44286
44278
45344
42876
43670
45916
43732
45161
45478
43663
43550
44810
44841
45399
43564
45529
44331
44650
43020
43381
44997
43762
44098
44898
45581
44730
45877
45230
44638
42891
45706
44043
44909
44181
43004
44605
44714
45588
44362
44415
44853
45409
44843
42732
45090
44630
44649
44227
45663
45262
44230
45419
45102
43556
42846
44003
45895
44829
44285
43770
44957
44524
45071
43735
45284
42876
43302
45267
44267
45934
45295
43490
45761
43903
45495
43813
43149
43013
44874
45409
45151
45563
44568
44604
43535
43878
44024
42756
44057
44857
44744
44282
44158
44783
45683
43598
45416
44634
43326
42816
44799
43307
44993
45536
43973
43729
43350
44803
45485
45556
43495
45564
45369
43329
45948
45484
42952
44158
45527
44025
43542
44147
44710
43848
42965
45301
45377
44465
44706
44103
43299
42796
44200
44879
44327
45364
45380
43421
43537
44809
45947
44635
44062
42929
43646
43841
43010
45749
44134
43875
44385
43498
44428
43862
43312
45885
45126
44046
43082
43510
45817
45746
43296
42787
44761
43474
43774
44056
44413
44791
43024
43495
45814
45453
45667
45531
45143
44556
43447
43814
43348
45847
43157
44200
45583
43715
43007
43378
44284
45453
43658
43750
45046
43027
45596
43374
45414
43108
44373
42916
45355
44110
45778
45493
44299
43686
44598
43320
44072
44315
43479
45655
44990
43463
44065
43202
43041
45926
43631
44865
43038
44636
45183
43936
43105
42897
44719
44511
43483
44328
45800
44317
44227
44538
45080
42786
43326
45313
45599
42811
44277
45297
43658
42740
44364
43912
42920
45145
45463
45862
44598
45581
43391
42949
42929
43673
45507
43487
43658
45528
45157
43477
45072
43998
43178
45008
45137
43267
44095
45662
43828
45802
45055
43245
42851
43394
45390
45749
44983
44750
43903
43639
45100
45325
43565
43175
45363
43216
45384
43060
44726
44360
44587
42734
45351
44210
43516
43029
43511
43644
44878
45903
45617
43794
45584
44155
44468
45847
44119
44661
45666
44875
44852
45355
43469
44964
44084
43054
45852
43824
44568
43402
45668
45472
45171
44621
45790
43503
44768
44952
43785
45876
43770
43639
42918
43248
44169
44804
45209
43605
45208
43076
44546
45933
43861
42965
45131
43169
42716
42996
45364
45151
45599
44413
43644
43160
43874
43801
44761
45758
44803
44706
43656
42862
45434
44648
45359
42812
44253
43950
44873
43971
42909
44011
44833
44183
44838
43331
45106
42832
45117
45136
45441
43934
45209
45383
44984
43317
43099
44720
44255
44271
43675
44998
44511
44076
44154
45074
43577
43907
44417
44408
45171
42997
43466
45043
42814
44203
44087
44475
44413
42805
44107
44028
45019
43631
45564
43758
45684
43462
42960
43857
45601
42968
44919
43471
45660
45441
45043
42897
44427
43443
42766
44471
45301
43735
42770
42981
44965
45945
43745
44174
43813
42847
44871
43647
43472
44109
45632
42863
44142
43490
44491
43187
45645
45675
44310
44526
44257
44522
45090
45171
43565
44713
44446
43242
44986
43978
42725
44787
45036
44762
45013
43905
44277
43872
44631
43999
44346
45713
45453
43027
44789
44657
43668
44910
43298
44321
42910
43296
43989
42712
44231
44740
44272
43724
43630
44346
45132
45718
44417
45330
45850
42882
45072
43021
45187
43020
43545
44519
45736
44575
45126
43440
44119
44059
44432
45027
44658
45705
43618
43401
45626
45803
44503
45540
42770
44560
43811
45895
43304
44754
44794
44869
44802
44719
45950
43788
42790
45443
43235
43570
45653
44658
45671
43561
42841
43817
43839
43406
43375
43178
44539
44529
43345
45232
43816
43636
43895
43900
43198
45732
44472
45141
43034
43787
42837
45741
44848
43567
45844
45736
43385
45738
43720
43927
43606
43931
45490
42875
44319
42781
44951
43982
43757
44961
45174
42984
44703
44271
43856
45438
42858
44322
45651
42975
43646
43003
44330
43554
43982
44060
44312
44895
43300
45460
44874
44946
45821
45809
45929
45316
45363
44525
45741
44136
44332
43942
43826
43033
44119
43491
43589
43061
44676
43265
43232
44231
44028
44406
45947
45400
44884
43066
43680
43550
45215
45097
45421
43725
43372
44547
44503
43662
43728
45149
45403
43662
45535
43211
45349
45014
43737
44153
42852
44960
43909
44292
43145
42798
45670
44213
45107
43275
44387
45257
43256
43781
43748
44261
43730
45870
43769
43054
45790
42720
45086
45446
45402
44535
43295
45140
44023
44054
44535
43667
44399
44296
45244
45305
43535
45807
45920
44948
44971
42811
43156
45814
43065
43665
43292
43198
42904
44753
43342
45023
45558
43664
43408
44401
44050
44492
42887
45109
45624
43379
44345
44066
43552
42809
44357
43501
45674
43885
44959
45578
45810
44474
44758
42787
43485
43236
45054
43519
43057
45350
44288
45202
43387
43517
44461
45071
43885
43657
45428
45946
43039
45470
43974
45032
44215
42948
43190
45094
45633
44405
44387
45691
45037
42816
44208
42940
43784
43989
43109
45440
45512
43805
45826
42954
44204
44556
44045
43084
43386
42741
45500
43508
44780
42987
45172
45299
43521
43798
42816
44926
43714
45737
43406
45477
44925
44561
45561
44394
44486
43775
42829
44514
44846
44663
44448
43502
42909
43762
44206
43080
44733
45363
45201
43772
44088
44203
43949
45678
45581
44724
44790
43263
45398
44100
43192
43821
43066
45773
43311
43031
44829
44088
45055
43460
45694
43576
44475
43884
45744
45712
45020
44737
43627
44153
44219
43023
43583
42722
45798
45495
43573
45251
42917
44944
43969
44202
43150
45075
45306
44465
45028
44817
44865
43106
42757
45876
45051
45813
43729
43877
45372
45419
42854
45644
44213
43017
45384
43224
44181
42719
43558
43456
44484
42863
45336
45554
44263
45769
43886
43707
43272
45860
44275
42716
43738
43207
45247
45873
44860
43820
43333
44727
43810
43527
45832
42971
43942
45711
45362
43590
43227
43874
45414
44621
43407
42721
43472
43605
45621
43153
45840
45426
45772
43560
45932
44873
44662
44696
44872
45855
43741
42907
43886
45936
44665
45107
45707
44560
44381
44078
45421
44955
43968
44705
43493
44887
44201
43372
42879
45517
44971
45756
45387
44793
44916
45569
42828
43712
45257
45260
43575
43773
44632
43435
43083
45547
43035
45019
44166
45257
44200
44142
45537
45081
44708
43297
44217
44994
45445
44647
44850
42916
45819
45598
44969
45674
44251
44245
43983
44084
45450
45172
44304
45930
44388
45176
42856
43196
45608
44010
43098
44034
44767
44680
44045
43957
43731
45829
43188
44932
44709
43280
43978
43143
43465
43876
43264
45179
44308
43723
45904
44364
43271
42716
44074
45937
44928
45051
45254
43063
44275
42779
44386
44040
43913
44633
44407
43384
44772
43178
44175
43592
43694
42724
43377
43045
45012
44890
43476
44820
44844
43056
45830
45242
44087
43391
42896
43519
43605
44361
43631
42875
43042
43692
44223
45817
44707
43067
43459
43534
43911
43622
42888
43037
45209
43445
45707
45269
43684
44535
44418
44377
45535
43601
44605
42733
42987
43640
43557
44606
45574
45439
43762
44072
44502
45543
42804
44224
44325
43789
44582
45630
42870
43416
45069
45462
45022
42745
43228
45448
43579
45282
44701
44103
45373
43346
42920
45277
45083
44703
42898
43533
44589
45436
44068
44153
42821
43670
44503
43454
44789
45575
43675
42777
43446
43702
44965
43082
44076
45402
42803
43207
42774
45800
43810
45170
43196
44844
44840
43524
44197
43212
43360
43581
44104
43451
44346
45157
45565
45647
42931
44002
43934
44594
42727
42797
42863
42923
44653
45561
44091
43539
43711
43187
45372
44943
44169
44193
45083
43975
45732
42858
43518
45420
45318
43687
43788
44745
44727
43535
43444
45526
44520
44676
44406
45168
44566
45203
44976
45750
44252
44022
45006
42869
45874
44360
45791
44490
45274
42942
44307
45228
43977
43424
45267
45557
43274
44264
44709
44750
44291
43430
42951
43808
43850
42757
43523
43551
44887
43093
44423
45755
43564
44354
44453
45514
44459
42985
42904
44054
43766
43100
43793
45369
42970
44124
43223
44736
45151
44217
44247
43684
43914
45100
45444
43379
45345
43744
42894
45320
43157
42855
44036
45240
44961
44516
45696
43914
45118
43444
42957
43761
45371
45112
45896
44603
43462
44077
43806
43731
45951
45538
44874
42769
42971
45603
44031
42859
44627
44720
43609
44905
45191
44282
43168
45442
44549
43918
43542
44029
44922
42905
43559
44494
45564
44211
43816
43741
42889
44233
43842
44072
43905
44847
44110
45879
43051
44687
44133
44973
43658
44746
44314
43909
44304
43005
45832
43945
43679
43902
43239
43518
45156
44457
45606
45722
44310
45455
44580
44506
44604
45237
43818
45245
43477
43200
44370
44764
44117
43410
43408
44368
42745
45527
43281
43614
44228
42877
45111
44746
45290
44431
43289
45652
45956
43419
42746
44271
45410
43684
45393
44396
45239
43574
44220
45490
45448
45484
43205
44477
42841
43638
44473
43871
44675
45362
44476
44785
45126
42788
44329
43984
43076
43152
42792
44629
45102
42771
43485
43755
43562
44581
43328
43876
45185
42914
45370
44033
45633
42994
43755
43840
43700
44023
44795
44155
44181
45134
44932
44358
45826
42807
45887
44767
44255
44944
43520
45199
45922
42729
43173
45694
42895
44923
43743
43521
43187
43928
43264
45225
44740
43332
43748
43472
43842
43441
43073
45193
43234
45657
45946
44743
43759
43085
45189
44727
45530
42909
42897
43517
44148
43349
43098
43253
45536
45938
45672
43865
43542
44910
42988
44408
44831
44155
44152
44233
45855
44123
42856
44696
43284
44538
44668
45118
45678
44767
43011
42885
44932
43168
44558
45918
43940
43451
44351
45370
44814
42886
44263
45236
44364
44314
44980
44636
45721
43848
44073
43527
43388
43322
44273
43885
42827
43213
44781
43984
44040
45917
43477
43613
45007
45391
42775
43720
42968
42766
43235
44326
45724
45946
44427
44331
45865
43200
43444
43459
45001
44144
44470
43196
43895
44272
44605
44836
42898
44177
44625
43064
43929
45858
44526
42955
44963
42977
45887
44038
45266
44672
45372
44278
43367
43534
43988
44021
44349
44461
45749
45686
45819
44726
43158
43915
44757
43072
43390
45798
43198
45547
44388
45419
43359
43501
42838
43407
43842
43672
43129
42885
43532
44428
44486
45909
43289
43932
43244
44616
45375
44228
43968
45080
45344
43131
45756
44472
44181
45149
45775
42814
43554
42829
44541
45210
43317
43091
45774
44629
45239
45835
43432
44000
44351
44762
44417
45089
43010
45358
42781
43389
44157
44046
44700
44584
43292
44894
43344
45036
44936
44630
45926
45531
45037
43695
43500
44458
43168
42870
43634
44593
43205
45473
44508
43762
44134
45210
43376
43681
43731
43317
45943
43633
43387
45851
44412
43070
44443
44950
45755
44964
43297
42842
44042
43798
45670
44531
44658
43589
44987
44344
43361
44434
44767
42945
44512
44882
44270
45553
43190
43501
45201
44957
44584
45859
45188
43995
43729
42874
43945
45213
45163
44485
44413
45632
45191
45406
44152
43153
45509
44639
44550
45403
42962
45088
45470
43421
43792
44202
43211
43315
42756
45045
44313
43491
44783
43222
45646
43287
42812
42857
45308
44719
45845
43467
43698
44494
43124
44416
45841
42808
45155
44302
44769
45816
43378
45224
43087
42803
44230
42770
45137
45172
42723
42809
45042
43772
42918
44015
44785
45892
45872
45450
44866
43621
45874
43658
43474
43443
43041
43152
43829
45759
45484
45049
45575
45328
44513
45791
45425
44845
44460
44211
45204
45354
43960
45367
45180
43225
45124
45901
43885
45630
43485
43982
45746
45607
45513
45583
42718
44413
44585
44385
45939
44085
45812
44065
44312
44752
43383
45900
44949
45900
45339
45258
45281
45108
43079
43603
43630
44142
44121
44154
43863
44136
45209
44029
43391
43955
45532
43451
44921
43399
42936
45177
45364
43186
44536
44692
43105
44941
44298
44697
42989
45030
44244
45769
45020
43129
45670
43605
44567
43545
44537
43730
42758
44585
45820
43374
43933
43476
44541
45959
45773
45660
43171
45212
44384
45439
44513
44769
45672
45056
44805
43502
45024
45409
45912
45666
42862
45585
43549
43622
42942
42772
45465
45748
43433
44493
45251
43482
45593
42811
44738
43974
45064
44633
43602
43363
43315
43613
45397
45321
43240
44253
44530
43339
44351
45846
43222
43328
45240
44235
45397
44757
44458
44182
44110
45223
44577
43894
45474
43854
44993
44263
43563
44207
45688
45849
45557
43926
44130
42990
43757
44598
43718
44858
45860
44634
44987
43847
45067
42848
45886
43983
45622
44876
43492
44892
45541
44805
43969
43974
44276
45564
43276
43383
44498
44484
44952
43511
44979
45259
43966
44219
43340
44387
43461
43030
42753
45770
45004
44315
44129
43363
44292
45187
45588
44887
44910
44550
43967
43620
44308
44411
43225
44273
45573
44115
44717
42896
44859
43332
43824
44954
43482
44463
45534
43697
45797
44930
44091
45182
42719
43975
45842
45895
45130
44934
44613
45356
43407
45202
42894
43776
42812
45855
43499
45297
44774
43395
44972
45374
45833
44732
45045
44758
43027
44521
43633
43517
43673
44934
43764
43041
45289
44435
44704
43980
44331
44760
43239
44903
44325
45017
44421
45031
44424
42868
45537
45341
44013
42985
45343
45255
44811
43038
45589
43738
43476
45863
45092
43436
43205
44409
44594
44141
44501
44742
45178
44000
42759
44859
45275
45738
45072
45411
43795
42861
42757
43478
44867
44230
43567
44637
43127
44859
43337
45838
43347
42718
44353
43175
45224
45741
45426
44676
44774
43118
43582
44691
45647
45794
44324
44508
45169
42945
44697
43163
42852
45874
43964
45492
44495
45904
44894
44449
43815
45575
44310
45594
44490
42918
43466
43682
43117
45238
43677
43466
44095
45042
43016
42809
45143
44949
45510
43284
43493
43935
44257
43190
45230
44014
44054
44703
43337
44600
44091
44693
45767
45842
45717
45780
44057
45056
45271
44204
45724
44689
43814
44740
45114
44868
43360
43117
44541
45909
43359
42794
45656
45900
43985
45108
43037
45223
45189
44801
45662
45563
44775
44735
43928
43872
43668
44938
44680
44967
43376
45015
45728
44489
43890
45557
43338
45489
45006
43279
43248
45151
45082
44974
44824
44587
43848
43921
43491
43832
44032
45363
44594
43641
45921
43483
45077
43036
44585
43927
45482
45891
45145
45873
45141
44238
43118
43393
42933
44202
43788
43289
43567
44563
44762
45206
45176
45704
45586
45787
43448
43762
44142
44407
44638
43445
43454
45388
45895
44969
44631
44306
44209
44281
44666
44180
43589
45894
43467
43118
44809
43368
43969
43658
45554
45754
43389
42863
45595
42889
45131
43888
43694
44697
44332
42905
45934
43254
45128
45565
43334
45801
43299
44933
43462
42996
45621
44678
43902
44700
43807
43787
44690
45019
44088
44803
44622
44338
45741
42801
43426
45568
45560
44466
44085
45292
44811
42955
43653
43570
43155
45330
43490
45731
44994
44071
44785
44872
43938
43097
45439
45854
45330
44064
45899
43041
45846
44144
44971
43296
43026
45243
43813
45225
45781
42715
45798
44466
43550
43402
44273
43157
42847
43491
45549
45846
43220
43152
43869
44326
44634
44706
45511
45959
43560
44590
45588
44153
45838
45738
45905
45715
44490
44838
45021
44749
43634
44249
45599
44731
45926
44726
45515
45077
45036
42941
44179
44676
43757
45654
44411
45615
44399
43750
44503
44121
45007
44524
44008
44761
44521
44308
45631
45956
42942
43248
44679
44979
45768
45259
42962
45864
44843
43744
43677
42939
44921
45060
44995
45170
42908
42952
45290
44846
43555
44257
42927
45120
44384
43090
42818
42968
44952
44966
42997
42880
42770
42899
42843
43112
43502
45377
45815
44987
43109
44522
43197
43611
45942
44405
44399
43252
44903
43498
43829
43112
45338
43820
44535
45295
42812
45013
44694
43595
43101
44188
43784
43827
43144
44819
44064
43978
43413
43039
44766
43758
44404
43076
44827
44778
45705
43126
45251
44389
45828
43743
44069
43831
42976
42775
43718
43934
43978
45464
43775
43457
43551
44640
45238
45623
43003
44129
45787
43700
42959
42789
44020
44459
43792
45522
44511
43778
44954
44240
44350
45565
42847
44704
43384
44876
43012
44652
44324
45891
43976
43126
44752
44952
43095
44930
45296
45164
42781
44327
43253
43949
44038
43229
44681
43622
42998
43519
