19715
20135
19861
19597
19431
20424
20283
19482
20282
19726
19740
20552
19825
19805
20557
19471
19887
20531
19427
20204
20160
20092
20604
20289
20550
19681
19586
20011
19823
20121
19636
19926
20042
20452
19928
19458
20580
19793
20566
19535
20409
19617
20233
20182
19896
19462
19888
20397
19547
19865
20485
19470
19697
19814
20252
19896
20424
19470
19883
19610
20106
19738
20493
20089
19612
19768
20517
19953
20396
20553
19571
19879
19649
20490
20080
20079
20450
19496
20602
19636
20005
19667
19387
19490
20190
19552
19807
19891
19892
20300
19622
20118
19695
20227
20209
20102
20634
19623
19456
19566
20577
19584
19946
19969
20507
19493
20648
19385
20383
20538
19989
20525
20410
20398
20271
19404
19587
19466
20096
20341
20344
20596
19756
19678
20532
20020
19810
20493
19451
20526
19429
19925
20194
19475
20158
20046
19752
20064
19846
19572
20352
20355
20087
20095
20225
19950
20431
20291
19837
19792
20136
20341
20137
20020
20136
19510
20572
19665
20460
19791
20348
19928
20255
20649
19726
19687
19621
19860
20265
20475
19425
19609
20548
20075
20234
19973
20295
19500
19871
20251
20431
19865
20269
19458
19681
20540
19385
20233
20257
19466
20589
19616
20177
20146
19455
20321
19892
20612
19487
19845
19710
20566
20206
20609
19585
20635
19864
19896
19972
20187
20593
19707
20518
19987
20353
20480
20219
20579
20036
19687
19822
20114
20586
20498
20320
19658
20411
19725
19482
19727
19722
19975
19936
20031
19508
19886
19579
20371
19432
20005
20162
20209
20568
19725
19395
20510
20229
20507
19918
19528
20085
20383
19996
20180
20232
20188
20018
20332
20191
20202
20123
20035
19662
19802
20587
20322
19973
20455
19597
19533
20421
19831
20072
20519
20072
19683
19717
20432
19988
19395
20384
20633
20548
19794
20248
19508
20138
19453
19628
19735
20386
20098
19633
19665
20422
19592
20514
19909
19845
19845
20290
20344
19834
19441
19416
19898
20372
19590
20118
19513
19649
19871
20571
19643
20437
19916
19566
20078
19712
20052
20113
20437
20566
20143
20461
19925
19398
19516
20230
20363
19590
19884
20470
20258
19706
20119
20284
20123
20431
19421
19426
20380
20545
20280
20429
20520
20273
19632
19451
20253
19768
19582
19747
19554
19999
20553
19634
20564
20489
19643
20201
19812
20344
19636
20502
19552
20328
19958
19939
20633
19578
19457
20012
19643
19928
19511
19421
19781
20222
19915
19454
20440
19685
19839
20247
20133
20502
20319
19777
19714
19962
19826
19906
20458
19448
20488
19720
19625
19621
19607
20560
19585
19663
20202
19623
19803
19744
20532
20608
20312
19929
19425
20286
19824
19700
20292
19602
19476
19386
19994
19552
19939
19400
20559
20201
20346
19448
20261
20459
19556
20386
19406
19977
19867
19468
19659
20243
19856
20432
19824
20110
20173
19753
19732
20414
19791
19876
19580
20053
19552
20084
20383
19420
20494
20641
19691
20606
20418
20358
20204
20482
19548
20001
20102
19846
20260
19425
19543
19981
20296
19946
20486
20366
20171
20622
20156
19961
19798
19389
20316
19389
20165
19824
20009
20435
20452
20624
20279
20534
20315
19953
20087
20598
19641
19711
20535
20500
19416
19518
20481
19646
19977
19774
19651
19747
19443
19919
19378
20090
20288
20266
20106
20492
20308
20011
19763
20599
19905
19402
20591
20471
20198
20403
19449
19879
19556
19579
19635
19620
20246
20555
20086
19858
20013
19535
20096
19479
20027
20642
19768
19910
19466
19978
19876
19848
20084
20580
19706
19773
19829
19807
19733
19877
19933
20431
19385
20006
20391
19789
19662
20346
19985
19467
19870
20408
20198
19460
20441
20223
19594
20195
20389
20468
20168
19518
20172
20001
19725
19543
20236
20192
19654
20651
19719
19917
19845
20422
19409
19992
19845
20317
20312
20579
19750
20289
20613
19996
19409
20344
19919
20605
19804
20079
20639
20330
19697
19773
20197
19821
20088
19842
20191
19796
20004
20565
20223
20382
20015
19746
20168
19846
20536
19584
20245
20401
19997
20642
19822
20500
20458
20210
20394
19927
19470
20226
19410
19751
19742
19493
19553
19784
20011
20166
20299
19751
19661
19690
20623
20409
19771
20363
19378
19587
20507
20003
20074
19696
20136
19661
19833
19975
19798
19677
19403
19646
20641
19444
20635
20558
19442
20450
19939
19550
20388
20138
20041
20033
20108
20617
19657
19564
20278
20651
20320
20109
20618
20453
19660
20452
20197
19519
19416
20150
20034
19967
19462
19889
19981
20512
19473
20626
19991
20337
20548
19645
20122
20189
20563
20277
19747
20340
19983
19686
19560
20594
19782
20156
19460
19703
19557
20567
19967
19497
19748
20617
19531
20026
20019
20571
19379
19650
20395
19554
20417
19835
19649
19569
20104
19999
19587
20283
20158
19843
20515
20417
20495
20111
19563
19838
20080
19392
20398
20114
20296
20190
19644
19788
20157
20580
19643
20362
19488
19938
20436
20600
19646
20228
19424
19423
20534
19899
20002
19607
20461
19900
19936
20318
19604
19751
19825
20278
19725
20582
20090
20617
20474
19708
20541
19593
20332
19708
19808
19427
20252
20178
20304
20523
19866
20003
20652
20377
19528
20495
20144
19468
20062
20003
20422
19786
20490
20271
20141
20242
20421
20422
20417
20648
19791
20553
19387
20080
20067
19596
19675
20166
19433
20075
19977
20507
19607
19400
20049
19830
19829
19684
20271
19895
20425
20143
19894
20539
19952
20105
19975
19578
19929
19512
19543
19918
19796
19890
20218
20296
20385
20491
19423
19872
20021
19514
19904
20643
19693
19594
20301
19496
19892
20201
20208
20586
20185
20064
19863
20179
19811
20220
20041
20467
20127
19456
19844
20627
19420
19868
19628
20102
20328
20149
20090
19608
20479
20364
19722
19417
20528
19451
20498
19470
20566
19440
19908
19797
20602
19768
19507
19923
20195
19633
19924
19964
19821
20447
20413
20353
20059
20536
19903
20136
20579
19533
20327
19918
19697
20174
20390
20164
20488
20652
19885
19399
19959
19947
19980
20643
20178
20636
20077
20417
20326
19507
19428
19485
19751
19803
20030
19865
20122
19746
20010
20407
19911
19728
20564
20414
19728
19772
19957
20073
19825
20459
20411
19438
19454
20364
20583
20620
20638
20450
19408
19974
20062
20644
20134
20503
20029
19939
20001
19509
20467
19523
19383
20548
20584
20523
19674
20206
19593
19777
20205
20579
19434
19425
19716
20430
19850
19430
19962
20461
20273
19507
19565
19926
19554
19976
19718
20403
19892
19600
20490
19959
20645
20535
19634
20394
19847
19731
20048
20560
20470
19460
20248
20303
20011
19592
20024
20527
20528
20139
19763
19910
20176
19599
20503
19706
19693
19833
19980
20432
19900
19681
19693
19938
20456
20236
20532
20463
20123
20383
19406
20516
20196
20147
19933
20478
20543
20239
20598
20038
19617
20635
19937
20182
20004
19952
20373
19793
20375
20047
20051
20154
19570
20460
19447
19407
20643
19524
19457
20449
20577
19490
20135
19476
19521
19797
19948
20579
20347
19737
19707
20094
20278
20010
20523
20108
19845
19965
19385
19897
20204
19915
19466
19930
20049
20301
19514
19498
20055
19964
20057
20352
20289
19877
20493
20392
19598
20329
20585
19641
20642
20413
19738
19533
20058
20084
20466
19988
19862
20297
19530
19584
20186
20155
20229
20208
20296
20580
20116
20223
19727
20192
19683
20056
19724
20549
20510
20532
20315
19646
20554
20020
20177
20070
20465
20523
19695
19497
19955
19774
19951
20272
19463
20108
20523
20120
19902
20275
19918
20162
20530
20366
19459
20281
19522
20619
20361
19825
19697
20343
20017
20628
19543
19866
19527
20096
20614
19413
20222
20084
20062
20483
20633
19840
19564
20045
20593
19423
19738
19919
20582
19486
19748
20596
19577
19949
19703
20197
19469
20052
20348
20213
20380
20341
20512
20160
19821
19476
19757
20499
20051
19704
20186
20079
20071
20542
20042
20063
20648
20227
20344
20270
19754
19836
19881
19742
20170
20055
20194
19575
19693
20032
20274
19722
20519
20183
19389
20168
20121
20314
19482
20630
19675
20346
19937
19634
20244
20488
19483
20621
20270
20269
20039
20204
20498
20304
20272
19807
19897
19461
19554
19515
19539
20447
19439
20422
19568
20084
20503
