12019
11859
12323
12264
11830
12804
12424
12820
12725
12433
12904
12937
12725
12890
12757
12361
12765
12896
12750
11946
12139
12261
12900
12311
12781
12144
12723
12633
12593
12149
12907
12091
12847
12205
11964
11965
12979
11978
12643
12420
13013
11893
12073
12087
11833
12632
11935
12581
12796
12256
12535
12768
12608
12177
12260
12954
11828
12216
13044
12118
12745
12645
12424
12863
12619
12257
11856
12067
12549
12380
12890
11925
12641
12296
11943
12981
12972
12812
12424
12413
11828
12342
12977
12072
12900
12913
12776
13011
12665
12318
12528
12695
12905
12756
12444
11861
12989
11859
12079
12017
12266
12289
12357
12373
12330
12007
12246
13004
12245
11885
12471
11906
11914
12268
12628
12581
12748
11956
12465
12357
11984
12566
11845
12192
12738
12684
12405
12144
12595
12448
12113
12705
11873
12271
12301
12347
12847
12000
12926
12499
12895
12913
13016
12043
12004
11838
12776
12599
12001
12997
12615
12303
12577
12325
11975
12386
11837
13005
12895
12283
12525
12270
12572
12898
12447
11828
11943
12624
12379
12380
12904
12042
12452
12762
12416
11993
12233
12595
13015
12385
12579
12747
12413
12592
12008
12234
12826
12612
12557
12896
11873
12440
12187
11831
12804
12035
12088
11827
11967
11971
12857
12170
13026
12174
12278
12801
12526
12362
12503
12035
13027
12154
11833
12252
12591
11839
11916
12469
11930
12223
12084
12515
12698
12186
11996
12709
12822
12801
12609
12874
12052
12899
12372
11828
12495
12597
11967
12058
12428
12006
12483
12951
12950
12441
13035
12650
12615
12021
12182
13025
12364
12692
12258
11895
11902
12398
12541
12049
12800
12673
12689
12075
13029
12090
12985
12940
12543
12125
12061
12435
13022
12196
12492
12747
12546
12641
12134
12436
12860
11855
12088
11919
11857
12461
12052
12658
12453
12199
12143
12160
12076
12524
12777
13045
12149
12682
12239
12646
12840
12878
12502
12792
12739
12845
11952
11919
12915
11839
12599
12187
12351
11966
12120
12094
12441
11897
12802
12183
12073
12760
12317
12668
12205
12754
12306
13043
13006
13042
12477
12695
11963
12299
12665
11987
11836
12239
12233
12623
12721
12787
12978
12618
12665
12378
12458
12952
12733
12866
11821
12960
12105
12585
11848
12217
12083
12563
12271
11962
12408
12421
12785
11838
12102
12672
12664
12074
11970
11999
12783
12943
12757
12398
12320
11928
12016
11969
11901
12500
12342
12917
11895
12669
12381
11934
12263
12982
12681
12729
12985
12068
12403
12868
12948
12806
11871
12679
11857
12658
12919
12797
12642
12380
12151
12508
12368
12150
13044
12951
11903
12250
12393
12178
12776
11936
12211
12447
12809
12594
12430
12940
11840
11967
12766
12675
12712
12665
12667
12582
12550
12165
12189
12158
11994
12740
12725
12807
12441
12954
12690
12025
12493
11823
12593
12574
13014
12858
12397
11863
12541
11926
12390
12333
12333
12901
12337
12803
11883
13028
12048
12331
12144
12731
12311
11987
12980
12859
12447
12121
12810
12417
12268
12625
12180
11827
12547
12300
12242
12827
12173
13036
12609
12762
12593
12323
11868
12475
12382
13006
13007
12450
12569
12314
12511
12298
12125
12143
12299
12611
11840
12495
12379
12206
12446
12574
11941
12087
12370
12769
12628
12059
12384
11818
13038
12860
12691
12126
12314
12202
12534
12906
12960
12036
12874
12273
11981
12530
12804
12463
12387
12289
12948
12277
11882
11994
12616
11904
12124
11974
12600
12873
12630
12315
11874
12202
12673
11859
12027
12772
12829
12419
11994
12498
12149
12955
11854
12810
12539
12498
11944
12667
11981
12315
12237
13021
12588
12223
12939
12517
12498
12147
12126
12485
12197
12372
12453
12886
12804
12116
12671
12146
12182
12657
12991
12986
12284
11939
12261
11884
12128
12530
11978
12036
12443
12164
12835
12001
12324
11963
11866
12764
12557
12365
13046
12631
11935
12809
12949
12012
12415
12586
11821
12388
12738
12288
11998
12665
11884
12893
12528
12488
12788
12784
12998
12736
12808
12474
11883
12707
12406
12870
12288
12598
12459
12500
11832
11847
12563
12950
13008
13001
12773
12379
12135
12252
11934
11954
12749
11889
12899
12378
12457
12219
12203
12581
11820
12424
12222
12306
11935
12505
12351
12206
12302
12325
12045
12591
11856
12231
12173
12312
12182
12445
11936
12495
12093
12414
11958
12649
11942
13003
11841
12748
12901
12248
12225
12168
12871
12713
12559
12748
11939
12263
12879
12708
12296
12574
11959
12210
13042
12238
12395
12730
12897
12127
12671
12182
12222
12775
12851
12374
12566
12964
12230
12640
12692
12372
12311
12756
12053
12141
12086
12601
12462
12705
12763
12683
12931
11950
12369
12623
12528
12522
12698
12816
12747
12061
12636
12106
12813
12270
13021
12084
12152
11882
12589
12814
12207
12270
12168
12315
12633
12464
12075
12928
12014
11841
12822
12083
12583
12113
12675
12974
12307
12025
12772
11940
12246
12404
12071
11864
12069
12318
12131
12597
12824
12533
12189
12304
12074
12787
12160
12993
12314
12188
11978
12177
12252
12727
12193
12572
12062
12576
12076
12211
13011
12198
13031
12263
12673
12062
12747
12191
12611
12865
12453
12269
11920
11913
12197
11826
12495
11970
12362
12616
12397
12836
12148
12311
12312
13006
12076
13023
12086
12384
12832
12141
12498
12293
12045
11993
12171
11918
12919
12745
12667
12705
11972
12849
12354
11899
12158
12541
12546
12115
12948
12997
12051
11827
12927
11814
12397
13038
12965
12054
12902
11825
12616
12031
12024
12334
12003
12169
12967
12292
11857
12893
11952
11935
11896
12090
12686
12044
12209
12524
11965
12533
12722
12679
12030
12174
12190
12399
12664
12274
12466
12297
12073
11864
12966
12309
12976
12833
12653
12973
13007
12153
12889
11837
12905
12603
12658
12459
13040
13044
12314
12781
11920
12683
12094
12716
11954
12274
12819
12890
11928
12997
12474
12661
12034
11813
12763
12798
12556
12393
12029
12624
12533
12678
12162
12826
12512
12286
12899
12114
12653
12961
12182
12446
12403
12258
12346
12114
12347
12546
12131
11979
12484
12331
12165
12153
12342
12410
12655
12359
13027
12675
12450
12622
12088
12142
12592
12342
12656
12683
12100
12106
12199
12911
12433
12820
12143
12796
12670
11947
12864
12998
12861
12456
11867
12460
12771
12360
12971
12613
12354
12483
12484
12624
12468
12516
12594
12793
12424
12017
12974
12578
12637
12884
11984
11856
12861
12099
11991
12497
11860
12388
11880
13050
12291
11831
11844
12023
12882
12731
11981
12857
12368
12287
12044
12126
12899
13034
12624
12995
11969
12267
11996
11861
11821
12210
12389
12966
12979
12757
12863
12453
12272
12825
12558
11848
12794
12331
12118
12411
11896
12247
12546
12288
12757
12587
12415
13007
12249
12938
12636
12953
12271
12484
12121
12035
12265
12515
12085
11943
12720
12704
12995
12210
13044
11916
12739
12044
12557
12644
12191
12271
12949
12707
11826
12601
12928
13020
12190
12295
12092
12091
13042
12001
12992
11872
12095
12364
11911
12247
12972
11854
12952
11831
12927
11832
12471
12144
12433
11846
12532
12944
11901
12235
12901
12776
12589
12222
12149
12981
12135
11857
12367
13002
12710
12911
12153
12324
12487
11843
12448
13022
13015
12757
12779
12406
12838
11839
12661
12938
12949
11924
12806
11924
12131
13006
12264
12812
12322
12870
12276
12347
12017
12794
12697
12413
12841
12366
12714
12335
11961
12959
12264
11851
12968
12801
12085
12267
11941
12563
12791
12075
12440
12070
12863
12788
12990
12626
12893
11896
11981
13017
13015
11898
11946
12140
12881
11852
13050
13037
11859
12207
13050
12274
12738
13025
12222
12608
12437
12729
12270
12350
12838
12992
12073
12096
12664
12162
12615
11968
12189
12671
12526
11964
11996
12891
12593
12087
12721
12609
12354
12973
11827
12438
11977
11837
11975
12726
12484
12779
12191
12952
11820
12288
11881
12215
11950
12729
12709
12590
11954
12776
12153
12195
12048
