63896
65829
64560
65084
64032
64894
65634
64028
65706
65655
64167
64591
63773
63888
64772
65485
65812
65702
64183
65081
65862
63706
65507
66511
66296
65192
63586
65041
64761
64438
64214
65886
63727
64051
66162
63867
64745
65035
65666
65638
63817
66289
65460
66302
65491
65938
64168
66078
64977
66188
64785
65454
65879
65962
64501
64157
63813
65212
66398
64299
64197
65590
64095
64041
64036
64150
65640
65975
65742
64732
64944
66180
63803
66250
66517
65643
66359
64678
63555
64729
65767
66061
65294
65239
65232
64360
65196
65776
66177
63973
65503
66263
64681
65027
65559
63879
65918
66539
65082
65484
65874
63633
66414
64619
66261
65415
64595
64138
66120
63879
66128
66175
65823
64245
65302
65047
64548
65078
63740
65154
64734
63639
65552
64787
66409
66107
66051
66334
63736
65592
64687
66249
66362
65029
64215
65156
65659
64312
63653
64309
64182
65255
64985
66607
65006
65312
64928
66538
65469
65332
63656
65945
64519
63892
64338
66419
66607
65557
63719
64259
64840
66258
65529
64708
64766
64640
66222
64211
66312
63629
66001
64532
64815
66468
65452
64260
65317
65101
66311
65225
64856
64920
64539
64246
64070
65239
64494
63886
66485
63851
65664
64982
65387
65963
64267
64523
65736
64703
64102
64166
64892
65710
64483
65113
64670
63809
65914
64305
66579
66093
65627
65078
63833
63571
65334
65722
65285
66004
64245
63695
66205
64721
65906
63954
65264
64313
64614
65369
64085
66483
66174
64584
63861
63970
63827
65843
64706
63579
64436
64142
66408
65697
65121
65608
64042
63611
65379
64884
64277
65262
65454
64862
64430
64370
64297
66262
66196
64216
64005
64509
64545
65029
66123
65933
64031
64591
65842
63856
65355
64460
65819
65736
66382
63849
64582
65644
64120
63767
66250
65505
63664
63605
64989
63835
65576
66101
66570
64070
65937
65745
64631
65163
65444
65416
64403
65011
65381
65818
65943
63803
65932
66305
66498
64648
64823
64213
64615
64788
65473
65334
64618
64223
64813
66160
63617
64116
65772
63560
64192
65093
66010
64297
66578
65441
64294
65450
65117
64912
64109
66061
65384
65373
63933
64358
65923
64078
65250
64541
65889
64294
63778
64106
64661
64929
64785
63905
63940
64635
65369
66556
66498
65101
65869
63559
64411
64519
64953
66277
64806
64558
64654
64584
63614
66434
63859
65654
64837
65972
63880
64517
64020
64630
64658
66617
64587
63661
64655
65158
64840
64158
65598
64978
64580
65626
65541
64570
64580
64572
66251
65502
65105
65450
66339
65025
63935
66237
65776
65135
64228
63950
63915
65718
63829
65190
63925
63780
66031
64324
66016
65117
64234
64563
65397
65270
64763
65622
63833
64880
65267
64764
65556
63631
64360
66576
64711
66351
63692
64875
65677
64869
64097
63752
64546
65160
63673
66171
65797
64940
65019
66260
66488
64780
65265
65164
65623
65323
65260
65226
64447
65004
65411
64684
64793
65078
65858
63624
64921
63954
66515
65196
64019
66150
64803
64037
65209
65001
66054
63605
64784
64615
64199
64020
64969
65865
63982
65546
63802
64053
66047
65040
64148
66180
65202
64703
63844
65739
64296
65020
64127
64986
65371
66045
63801
63919
65732
66410
63881
64119
65753
65309
65389
64432
65452
65937
65263
64391
66056
64709
63989
66464
65079
65554
63606
64581
64463
64788
66355
65264
65709
65587
65206
66314
64219
63666
65699
64741
63888
66522
64785
63620
64155
63629
63918
64878
64851
64941
64607
64005
64428
64387
64259
64601
66576
64217
64971
65698
64142
65191
63594
63647
66543
65694
64697
64377
65471
65112
65800
66289
64028
63767
66138
65249
64981
63570
64815
65438
65422
64256
63910
64712
65139
66413
63827
64437
65390
63796
64088
65233
65234
64754
65924
64688
65899
64841
65776
65463
63597
66037
65752
65009
66404
64502
64306
66489
65654
64943
64306
63834
65755
64462
65645
64184
65350
63764
65067
63920
65548
64528
65099
65415
66521
64912
63829
65627
65440
66485
64959
64460
65491
65788
66381
64734
63933
65846
64975
66122
63976
66069
66344
65388
64780
64790
65388
64780
65051
63704
66539
63968
66445
63732
66406
65209
64020
66313
66042
64295
63956
65113
64722
64826
65351
64124
65262
63933
66542
65305
63749
65086
65871
65052
65749
64495
65077
63835
64546
65824
64883
63692
64127
64928
65557
65594
65182
63874
64015
63601
66056
65822
65572
66204
64241
65777
66431
65171
64956
64634
64838
65450
66124
65499
64133
63619
65942
65566
65359
65705
65062
64392
66001
65100
65530
65150
65827
64560
63933
63717
64524
65770
63708
63761
65793
64053
63903
65083
64459
66343
63901
63575
65271
65308
64268
63808
64242
66079
64556
64677
64562
64785
65100
66122
63745
63593
64719
65127
65570
65218
63753
63711
65696
65461
63709
65344
65238
65847
65337
65171
66400
65535
64846
66141
65961
65947
64493
63679
66087
66332
64997
64279
63562
64802
65413
63672
65461
64227
64653
63763
65409
65284
64274
64195
65456
63624
65571
65895
63892
65143
64086
65826
66139
66276
64541
66252
66230
65277
64739
66282
65252
65017
64593
65538
66023
64768
65770
65912
64925
64961
66355
65327
64100
63894
64239
65605
66494
64725
64779
63783
63976
66194
65070
66227
63693
66263
64362
63641
64731
65032
65750
63642
66601
63680
64772
63983
65268
65203
64361
65156
64398
64618
63817
64826
66233
64011
66465
64546
66094
65401
64089
65911
64918
66090
63725
66100
63873
65038
66295
66039
64017
66591
66338
64030
65949
65684
65994
63785
65558
65952
66272
63746
65347
64431
65093
63873
66490
66305
63853
64983
65693
65880
65226
64370
64507
65063
65114
64775
66574
66311
64561
66531
65897
63802
64273
66277
64666
65206
66342
66418
64953
66243
64846
65857
65241
66611
63637
66604
65330
66299
66033
63671
65882
65402
66514
64689
63606
65178
63858
64509
65113
64496
64225
64373
63887
63724
65350
65388
66431
65458
63925
64828
63949
64220
64579
66241
63832
64408
64673
64042
64478
64244
64057
63708
66517
65197
65379
66377
63855
65533
65011
65784
66014
63745
63910
64996
64999
64494
64770
65302
64999
66326
65803
64284
65194
64407
64757
64740
65440
63611
64656
66160
65872
64240
64631
64985
66332
66536
64675
63712
64026
65381
64523
64388
65888
66127
64478
64308
66237
65095
63810
65229
64392
64616
64950
65195
64044
66327
64795
63645
66042
65309
63800
64617
64762
64861
65859
64887
66349
64487
63560
65505
63830
65711
65028
66547
65008
65065
64351
63603
65401
64938
65682
66402
65850
65738
65595
64676
64456
64029
65417
64816
64578
64062
65384
66322
63887
65009
64149
65106
66615
65618
65716
65700
64843
65071
65395
66613
66159
64366
66125
65175
63770
65627
66601
66082
65581
65395
65324
64614
65329
64411
66204
65525
66425
64523
63689
63893
65547
65463
64340
64494
64425
63889
65226
63621
66220
64951
64604
65849
64832
66553
65888
63753
64371
63735
64481
63951
64648
63833
66601
65897
66615
64399
64339
66561
63565
65445
65369
64354
63570
64213
64242
65997
64167
63779
64368
63744
65239
63965
66570
66389
64614
64465
65770
64787
65630
63688
64796
65019
63673
66563
63931
64865
65133
66236
63853
65758
66126
65012
66004
64640
63660
66375
66474
65326
64261
66463
63565
64284
64624
64456
65425
65389
64180
65575
66356
65955
65062
64306
65542
64963
64667
65819
64634
64621
64115
64081
64291
64965
63886
65951
64796
64611
65316
65794
66347
66069
65799
63869
64626
65044
65357
64665
65723
63745
65505
65065
64213
65673
64976
64684
65989
65328
64934
64584
64558
65493
63732
63948
66070
63735
65302
63966
64316
64851
64246
66516
63635
65132
63981
66525
65223
64232
63815
66138
65179
63578
63951
65273
64359
64934
64215
65555
65451
65134
66472
66265
64767
64690
65377
65806
65720
63620
63555
65436
63672
66182
65493
66027
64509
64993
64644
66055
64693
65564
65982
63959
64368
64599
64400
64409
64953
65486
65960
65993
65420
64376
64939
64524
64475
64464
64462
63665
63781
64112
63915
65087
65654
65364
65503
64527
64251
63671
64307
63715
64293
64002
66146
63619
65007
64643
63904
66088
66289
63891
63738
66148
63799
65977
64249
63743
66061
65650
64470
65643
65880
64521
65937
65295
65452
65166
63754
63858
64856
63973
64316
65881
66208
65817
63801
63609
65068
65009
65282
64157
65667
64484
65953
65781
65355
66508
65319
64993
64352
64483
64904
65480
66485
63769
65684
63580
66210
66156
65225
65430
63579
63698
63797
65302
63628
65800
66108
65428
63663
65464
64888
65359
64391
64480
65742
65601
65630
64720
65382
66149
66228
64617
63838
64104
64520
66470
66274
64512
63626
64244
64678
64115
64613
64480
65892
64130
66364
64454
63712
66498
65410
64217
64017
64742
66524
65278
65330
64299
65881
64342
63656
66611
66297
63685
63621
64059
65611
65659
63924
63925
64038
64272
63653
65198
63607
66045
64829
66114
66617
63952
65413
63737
65014
66120
66051
65647
65093
63635
64646
65405
63956
65838
64669
66538
65141
65458
63748
64346
63908
64453
64040
66306
65143
65772
65995
64689
64179
63771
65375
64624
64345
64528
64264
65782
65297
66009
64574
65221
65224
65956
65229
65850
65003
65449
66192
65234
65652
65398
63812
64539
65014
64465
64082
65734
64911
63885
66243
64085
65915
64500
63681
64936
63942
64674
64072
66484
65644
63661
66533
63925
64925
66321
65103
63587
64682
63830
65221
66592
65443
65546
64943
65355
64267
66494
64300
65400
65904
64661
65560
65496
66517
66274
65010
64883
64356
65073
64143
64003
65954
64469
64330
65285
66604
64584
64843
63659
63604
64725
65581
64290
66451
65071
65897
64817
63836
66302
65192
66212
66480
66187
64728
64412
65963
64795
64513
66606
65095
64465
64659
64517
64844
63805
65042
65754
64380
66547
65142
64283
64379
64031
65191
66267
66275
64084
64232
64303
66462
65791
64934
65469
65631
64793
64554
64967
65122
64509
65988
65593
65013
63794
65968
64834
65838
66561
65923
64388
64024
66294
63654
64963
65509
64921
65245
65808
64885
65973
66151
66545
65299
64325
65180
63891
66109
65845
65149
65501
65141
63819
63612
66288
64182
63778
65546
65771
65621
63737
65299
65477
64922
65490
65897
64881
64503
64675
65545
64630
66526
64621
65763
66614
66356
65222
64719
64476
63869
66609
64918
63807
65587
64253
65499
63716
64884
65870
65525
65978
64414
64836
63657
64603
65475
64365
64266
65046
65770
64075
65142
66432
64367
65859
65368
65076
64898
66302
65133
64618
63916
64377
66152
66366
65844
65544
64491
64165
63848
65634
64128
65846
64591
65330
65043
66462
65097
66258
66089
64655
66167
65276
64848
64660
63987
64912
63804
66318
65534
64187
64238
64355
65071
65897
65157
66533
65207
64497
63856
65824
63868
64301
65254
66164
65618
66197
63657
65211
63901
64923
66522
64324
65421
63836
63579
65486
66290
66567
63836
65959
66202
64722
65971
63564
65765
64659
64371
65973
66492
66310
65604
63957
64677
64588
65818
64784
65338
64093
66517
65951
64465
63949
65556
64347
66137
64510
63750
65250
65958
64267
64277
63911
65541
64736
66026
65237
64291
63594
65564
65009
65432
65401
65734
64742
64098
64643
64112
64733
65267
64169
65839
64331
64985
65933
66475
66153
63863
64931
65972
65193
66582
65370
65312
66459
66261
64120
63873
63901
65528
66241
65324
63618
65592
65878
64810
65815
64159
65681
66068
65428
64930
65632
64753
64159
65695
63858
64090
65302
64640
64766
63929
65283
64034
63581
65286
64222
64365
64405
64948
65657
65018
63829
63785
64488
65006
65667
64534
66463
64714
64178
64590
64802
65820
64602
65066
65667
66058
64068
64070
64846
63624
66356
65495
66541
64561
64292
66042
63872
64894
63951
64814
64482
66327
63629
63585
65106
64214
66543
65705
64325
64485
65670
63885
63869
65299
63637
66409
65070
65635
66087
66285
64948
64523
64654
65135
63790
64379
63801
66464
65611
65983
66266
65051
64749
64612
65808
66263
65103
65489
63768
65745
64977
64692
66070
66185
63805
63716
63722
64710
63788
63682
64860
64326
65064
66160
65781
63747
64275
64443
64181
64455
64750
64735
66594
63730
65717
64870
66468
66163
66197
64535
64106
65838
63713
65769
64434
65844
64338
65485
64376
63569
66137
64096
66167
63842
63583
65956
64702
65122
64622
65540
65237
66485
66583
64110
66214
65608
65549
65466
65034
65347
65731
64013
64773
64923
65066
64484
66270
65275
66175
63577
64977
65348
64677
65434
65463
65245
64267
65888
65659
65510
64515
65382
64339
65358
63604
63561
63863
64196
65464
65844
64552
66470
63978
65023
66419
64844
65134
65783
65251
64777
63736
63868
65035
64316
63977
64800
65647
64064
64025
64544
65016
63605
65586
64169
63664
63602
63788
65762
66302
66611
66116
65588
65194
65645
64762
64771
64572
63884
63886
66357
65205
64137
64045
63830
64179
63678
64378
65003
64212
63708
66601
64460
64609
65261
63962
65649
64329
66138
64253
64544
64657
64583
63849
63979
64936
63920
66447
63949
64825
65258
64843
64983
65694
65013
66277
63609
64585
65666
66232
63953
64557
64447
64573
66053
64344
64209
64196
66089
65956
65692
65481
66345
63681
64127
66372
64419
65164
65128
64271
63818
65909
64718
66176
64916
65000
64312
65365
63835
65455
65638
63764
66578
65568
66009
63668
65625
64199
66344
63878
65302
66540
64615
66611
64843
66560
64464
64709
65413
63567
65415
64559
66320
64090
64940
63661
63617
63774
65175
63678
65134
64113
66182
64190
65542
66086
63759
66492
64037
64600
64359
65213
65332
66007
63614
64289
64168
65764
64898
64914
63989
63781
64838
63612
65747
64227
64296
64293
64104
65720
66599
64192
64610
63560
64043
65317
65275
64076
64791
64647
63949
64984
65936
65378
65004
66291
65051
64148
63560
64246
64944
66375
65700
66580
63787
65430
64632
66028
66311
66306
64974
64401
64369
64206
66118
65430
64967
64067
64463
65968
64418
66013
64817
65032
66105
66467
66144
65565
63614
65472
65614
63887
63814
64931
65733
64686
66046
65889
64801
64491
65299
66261
66459
64411
64350
65242
65295
65551
66398
65700
63999
64385
64265
65104
65173
66305
66489
64611
64878
64445
64935
64842
65329
64217
64080
65018
64302
64064
63936
64044
65895
64149
64530
64151
63630
64343
64286
66481
64345
64099
64789
64739
64276
65335
64665
63989
65422
65575
65179
66537
66097
66476
64352
65727
63616
65211
64922
64146
65832
64273
63782
65299
65289
64187
65477
64576
65083
65566
65371
63917
65178
63598
66142
66004
64092
64732
65378
64046
63617
63846
64188
64295
65143
65193
63946
64836
63903
66340
65977
65178
66053
64346
63970
64796
64455
64241
65284
65464
63787
65274
66331
64744
64673
66147
64932
66360
64672
63589
64785
64823
64679
64341
65079
64684
66412
64800
64067
63945
64253
65761
65271
65721
64764
66430
64541
64941
66344
66472
63638
66088
64733
66223
64436
63589
64701
64197
65255
64180
63605
63982
66285
65407
65015
65171
66171
64165
66187
66601
64869
65638
65970
65420
66141
66276
65345
65962
65304
63810
65286
65084
65236
63935
66342
66562
64213
64582
64083
64588
64961
65217
63682
64237
65211
66113
64908
66467
64247
66362
63872
65470
66025
66361
64225
65568
65095
64229
66005
65827
64270
63672
65793
65787
63998
64193
64148
65581
64183
64966
65388
65307
65004
65341
65853
64711
63880
63662
66494
66373
65699
66312
64231
64081
63678
66360
66435
64777
66544
64121
66154
64573
66152
64325
64011
64776
64833
65719
64924
64389
64991
64099
64623
64764
64481
65114
66356
65380
66254
65017
65541
65365
63945
65839
63967
63785
66236
64190
65375
66439
64773
65436
65039
64904
63796
64907
65471
64073
63603
64837
63909
64655
64765
63785
66269
65244
65082
66437
64339
65581
64378
66393
65669
63991
63655
64817
65784
66201
63811
64166
64398
64234
64945
65989
64990
65800
65011
63688
65088
64926
65774
66496
64307
63582
66407
64572
66169
63617
66076
65165
66594
63679
63775
65027
65564
65483
63598
65963
64067
63621
64981
64588
64638
65480
64174
66386
64426
65180
64472
65588
65863
66241
65045
65957
64893
64866
65090
64699
66481
65446
65180
64186
64640
66463
64295
64669
64074
65543
66239
64308
64659
65985
65519
66447
64974
63570
65611
64883
65348
64027
65684
66508
64725
64040
63685
66256
64372
64170
64612
63630
65308
65204
63759
63571
65822
66007
65213
63639
66044
63665
63557
66263
65428
63981
64729
66365
66416
66389
66238
63630
63687
66565
64825
64863
65164
64816
66323
63932
65177
65264
65745
65927
65234
64265
65147
66326
66133
63703
65291
65705
63982
65249
65797
65399
63917
63824
66172
64829
66499
65021
64509
65329
64095
64919
66617
64206
65977
64280
64255
64127
65398
64596
64826
64376
63707
66494
63851
65745
63746
66258
64324
63743
65951
65620
64682
64522
65193
66064
63631
64634
64758
64942
63909
63872
66182
65501
65040
64190
64659
64963
64761
64430
66089
65918
65623
64736
64858
65933
65886
64080
63752
64703
66480
63759
65151
66438
66412
66536
66299
63818
64921
65384
64166
63619
64975
65211
65608
65609
64702
66027
65499
64924
65813
64661
64346
63952
66055
64684
65165
65535
64489
66536
64977
63848
64133
63871
63811
64052
65580
64231
63643
65631
65885
65216
64146
66499
66269
64526
64898
64625
65790
66265
65334
66521
66413
63919
66470
63640
64323
65350
65231
63673
64652
65663
63807
66306
64557
64297
63830
64711
64662
63914
64017
63957
64303
65142
64485
64771
64681
66592
65459
63956
66221
64629
64138
66053
64754
63559
63570
64310
64275
65042
63716
65827
66235
66491
64395
64233
65546
64650
63772
66291
64672
65623
65487
65248
63923
64694
66417
65295
65237
63880
66569
65972
66483
66334
64966
66339
63819
63868
64929
65097
64584
65479
64100
65053
65562
64363
66087
64965
65308
65309
65297
64996
64934
64996
66053
65806
65474
66176
64366
64139
63618
63977
64020
65400
65776
65053
65083
66445
63857
63567
63936
64467
64887
64471
63958
65813
65481
65065
66098
65589
66291
63729
66310
66383
64903
65592
65288
64026
63872
65964
65444
63880
65769
63965
66537
66212
64681
64074
64080
65176
63613
64222
64551
65120
66566
64169
65187
65999
65542
64854
63997
65862
65131
65004
66085
64031
65942
63692
65018
65017
64589
64865
64308
65280
64859
65224
65566
66464
64742
66129
66023
65104
63957
65504
65139
66583
63573
64276
63698
64713
66068
63927
65151
64880
64613
65650
63761
66510
66142
64083
65994
63751
66194
65830
65241
65508
65055
64941
65764
65816
64622
65195
65965
66011
64809
63938
66049
65377
63668
66346
65203
64057
64002
64186
66047
63977
65991
64482
65315
64516
66396
65761
65989
65461
63883
66086
65530
65084
64612
65001
64039
66611
63795
66420
64031
64205
64351
64726
65578
66090
65941
65672
66046
65991
66446
65466
66471
65440
63864
64928
64983
64896
65680
63645
63812
63930
64753
64502
66518
65310
66229
65946
65525
64029
64543
66370
64144
66398
65502
64477
65207
66551
64106
64975
64693
65477
66175
64835
65139
66252
66064
64893
63689
66161
65016
64608
64792
66057
63613
64232
64394
65525
66317
64826
64234
63886
65607
64847
64225
64063
63775
66274
65124
65703
65586
66372
64712
66195
63788
64978
64995
63585
66276
66535
65353
66097
63873
64408
64548
64441
65102
64586
63985
63664
66569
63970
65865
65505
64208
66392
64543
66106
64654
63564
64198
66376
66401
63574
64427
64214
64241
65466
65193
66350
63694
66339
63946
65508
64648
64864
65970
66245
63651
66566
65454
63760
65197
65337
64018
65049
66166
64306
65571
65214
64131
64445
65782
65640
64273
64658
64027
65303
64735
66203
65919
64429
64902
64279
65914
65159
65117
65515
66016
65017
65619
