46168
45276
45791
44556
44901
43433
45285
44687
45029
46418
46089
43202
45014
43175
45641
44838
43222
44373
44503
45700
44020
44914
43431
45298
44820
44604
45178
45239
46013
45000
45932
44503
44719
44796
46108
46183
45563
43229
43174
45196
46416
44320
44790
45983
44841
44691
46141
46116
44433
45345
45579
43208
43246
46059
46247
45351
43872
43763
43210
43752
46398
44966
46332
45824
44845
45088
46372
44164
46126
43747
45336
43367
45414
43274
45901
43665
44570
45656
45037
45904
45947
44786
43798
43422
43115
45915
44810
44797
44697
43249
45366
44831
44513
43952
44044
45159
46207
43058
44548
44257
43466
45724
46401
43287
44144
46087
46306
43170
44159
46274
44720
43626
46363
45621
45440
44516
45982
45024
43341
45477
45681
43391
45597
43264
45796
44544
45575
46164
43624
45668
43703
45449
44606
45502
45659
43871
43332
45159
46131
44426
43422
43050
43253
45672
45917
44952
46156
45324
43923
43384
44050
46380
44186
43769
45710
45004
44139
43656
45427
43227
43255
44942
43919
44815
45558
44322
43436
44258
46064
44882
45517
44067
44022
45806
44802
45468
43542
43334
43947
46084
45105
44205
45568
45935
45573
45237
44543
45866
45048
43364
43418
45627
43397
45477
44013
43930
46212
45380
45254
46027
44764
44918
44668
44037
43341
43643
43295
44979
43378
45079
45313
45653
44274
44148
45143
45870
44974
44670
43738
43218
43269
44736
45825
46177
45386
44305
46043
44946
44838
43926
45463
44879
44860
45692
45890
44215
43306
43819
43413
45075
45473
44127
46240
43800
43360
44604
44148
46282
45574
45103
45995
46211
43966
43910
46069
46091
43774
45859
44944
43866
46300
43825
43784
43292
44336
43367
46009
45556
45307
44308
43975
44398
46216
45610
45345
45501
45986
46156
44518
44643
44071
44990
45737
44866
45690
43605
44440
43851
44344
46128
46285
45180
44308
43775
44882
44689
45614
44655
45515
45068
43169
46014
43476
43540
45791
43497
45485
44166
44321
44157
45189
44478
44109
43667
43269
46082
45428
45287
44307
43756
45883
43894
44159
44342
46429
44970
45019
44025
43531
44214
43311
44826
44110
45220
45218
45973
44481
43729
43650
43788
43346
44329
43255
46432
44348
43449
43904
45167
43816
45224
46341
43139
46395
44889
44769
43127
46281
45262
44757
43844
44108
43305
43685
44150
46261
46199
45506
43308
45690
46314
43624
43463
43538
45705
45659
44361
44768
44604
43797
43452
44507
46158
44570
43761
45469
43831
45013
43280
44452
45834
45548
44995
45390
43064
45230
44861
45700
44533
43785
45708
45880
44584
44360
45105
45275
44926
45816
45824
45527
46434
43755
43332
44213
45957
45130
45275
46226
45411
45220
44189
44757
46093
45243
44441
45229
45924
44978
43602
45044
45024
46398
44276
46180
44516
44686
44491
43577
44406
43528
43895
44452
43894
43233
45599
45535
46062
45722
43973
45258
44675
43209
43710
44340
43071
44900
43596
45905
43365
44058
44023
44967
44050
44581
44313
44502
46436
44799
45515
43650
43956
44167
46003
45293
44702
45999
43862
43234
43983
44413
43641
44057
46036
45216
44892
44222
44044
44754
43575
45980
45471
44865
44362
45344
43110
45532
45933
45214
43135
44392
45769
45562
43836
44260
45720
43920
44966
44426
43198
46410
44000
43688
43503
45632
44657
46147
44487
43211
45317
45949
44998
45443
43601
43728
44959
45748
46195
43264
44324
43574
43507
45050
45055
44168
43445
45194
44711
45960
43213
44759
44646
43915
43152
44450
43132
46063
43273
43965
43576
43666
46092
43847
45493
44259
44190
43843
44949
44739
44121
45516
43787
43933
44704
43655
45177
43514
45591
43157
45195
45390
45051
43677
43734
46186
45089
45468
45503
44665
43526
45239
46124
44833
44684
43763
44671
44555
46133
44847
45298
45867
46292
44728
45261
43856
44745
43563
43326
44130
45378
43939
44516
44588
46308
44532
44129
44984
44273
45387
45955
43533
43193
44650
44801
43979
43274
45492
45521
43436
45176
45750
44994
45212
43521
43248
43363
44394
45118
44278
43841
45871
44352
45525
45101
46321
44517
44293
43765
44140
43774
46050
44557
46387
45680
44967
45537
44724
44337
43665
45328
44612
43625
44371
45028
44272
44497
45481
44518
45428
46327
43342
44495
44994
43589
44046
43928
43212
46348
44010
43609
45709
44255
44096
44385
44781
45126
44543
43280
43147
43868
43639
46363
44104
44183
46191
46326
45248
43697
43530
44891
44483
46067
46013
43254
43052
46164
45476
43780
45028
43105
43998
43169
45815
44507
45015
45550
45490
44298
43615
44928
44462
45467
43855
44775
44353
43480
43494
43547
43625
43944
45755
46414
44445
43623
43461
45273
45806
45028
43833
43921
43110
46053
43590
45505
43509
44385
44878
43732
45086
44866
43783
43486
45144
43750
45823
43957
44837
45448
43606
45981
44677
45399
46273
44131
45511
44585
46195
45228
45041
43081
43556
45417
43064
45307
45854
45399
44908
46381
45442
43985
46115
43237
45611
45063
45660
43589
45167
43158
44748
45397
43326
44451
43769
44275
45579
44344
46053
43291
45247
45556
44995
43986
46374
43476
45130
43235
44448
45946
43167
44972
44630
43920
43912
46054
43516
44760
45036
44669
44556
43266
44661
44173
44816
43228
43486
43953
46288
44100
43352
44189
44209
45017
43679
43633
44824
45807
46012
45431
43056
43711
45357
43064
44783
44336
43752
43959
45212
45125
43266
43548
43661
43940
45178
46135
43400
45906
45729
44363
43677
44491
45900
44597
44087
45362
45431
46237
43240
46207
43603
43473
45957
44039
44012
43511
44224
44561
44139
43152
43915
43507
46043
43624
43387
44882
44869
43794
43076
44523
44246
44038
44873
44706
44506
44981
44836
43425
46086
45425
44105
45200
46082
44304
46014
44189
46343
44281
44013
45685
44513
45752
45213
43749
45593
43616
44991
45097
44358
44369
44898
43997
46086
45326
43695
45741
43855
46378
43189
45885
44396
45637
46090
46050
43496
43749
44506
44316
44461
45522
43826
44921
43142
43613
44058
43611
45185
43610
46332
45338
44920
43671
43463
45018
44872
43111
45909
45351
45875
44412
44315
45250
43259
45445
44922
46396
43611
43372
44386
45690
44928
44791
44516
45514
43478
44620
45060
44658
45165
46413
45070
44591
44475
45896
45902
45688
45764
44416
43498
44370
43440
46026
45458
44919
44557
43468
44373
44731
46091
45219
45059
44906
43882
45301
44569
43584
45811
44367
44936
45187
43236
45807
43408
46198
45448
44852
44461
44090
46326
44086
44815
45485
44849
43477
43619
43651
44507
44105
45920
46118
46324
44005
43203
44375
44081
45225
45003
45904
44620
45812
46121
43727
45098
44103
45686
44157
44472
44880
44475
43495
45360
45228
44340
43518
46381
45380
43481
43605
45424
45463
45923
43120
45710
43090
43164
44152
43111
45426
44215
45893
43185
45926
44697
45505
44737
45803
45947
45894
46364
44743
43439
43110
43354
44555
44570
46166
45921
44010
43970
43793
43303
43390
45974
46206
44175
45928
43862
43662
44125
44200
43477
44530
46280
45022
43671
46355
45695
44680
43815
46276
45541
45127
44041
43783
45951
43908
43998
45018
44427
45984
44687
45706
44723
43087
45192
45738
44779
43682
43062
44698
44944
43447
46019
44305
45926
44471
46380
44481
45096
44557
44584
44642
44993
45978
44775
45254
44041
44267
43281
44683
44966
43139
44234
43217
46019
43640
43552
44433
44847
44927
44137
46131
45940
45737
45719
45497
44850
44628
44880
44757
43093
45893
43788
45380
45167
43074
43569
46239
43915
45552
45516
44663
44147
43300
44330
44641
45110
44833
44404
44848
45764
45514
46031
45196
44947
45680
44099
44580
44678
43521
44180
44181
44078
45157
44540
46373
44668
43251
45795
46088
44542
43256
45757
45475
44121
43234
43385
44374
45648
43801
44322
43430
43239
44993
43280
43122
45196
45135
46160
44769
43521
43963
45084
45650
43358
45515
43315
44936
45045
43665
46255
43564
43570
45265
44653
43325
44711
43090
45966
45367
43200
45972
43975
46025
46205
43736
44924
45984
44425
43667
45317
43825
45742
46137
46325
45169
43763
43346
46385
44145
43895
46221
45113
43938
44479
45373
46356
45189
46058
43642
45943
45103
44756
45379
43536
44370
44948
45250
45361
45890
43754
45002
43600
44904
46056
43097
43301
45178
45592
45889
44668
43375
46043
44626
44545
44941
43985
45545
45266
44847
45178
43401
44460
43883
46382
43743
44615
45797
43933
46212
45991
43806
44787
45984
45989
45453
44300
45391
45561
44086
43605
46426
43365
45537
43917
44747
45375
45130
43741
44380
44617
44998
45885
45254
44374
45645
45587
46050
43617
43516
46106
44480
45856
45629
44765
46315
45034
45363
45733
44272
43910
43811
45172
46160
43708
45476
45054
45944
45926
45451
45517
45251
45834
45020
43729
45934
44438
46008
44101
45534
44899
43958
43920
43751
45573
43875
44191
43640
43972
45271
45947
43082
43331
45700
45492
45637
45625
43591
44780
45537
43774
44741
45282
45351
44798
43087
44734
43369
45341
43926
43642
44751
44909
45663
45514
46225
44981
45224
45958
45222
43874
45923
43818
44128
45346
43974
44480
45251
43209
45795
43643
45553
43353
44017
44242
44741
46161
44566
46131
43998
43760
44168
43850
45168
44087
44655
46077
46024
45471
44120
45173
43682
45049
43561
43949
43370
43509
46001
45111
44009
45199
44862
43879
45068
46263
43747
45736
45201
45791
45715
45203
45402
46224
46069
43555
45925
44325
45499
45622
45151
44384
46098
43775
44518
43457
43257
46232
44670
44295
43107
44937
46323
44107
43497
43555
43692
44600
45025
46382
45731
44449
43635
45241
44983
46298
43279
43736
45373
44815
43168
44352
44093
43145
43899
43587
43823
43915
45204
45157
46020
44276
44295
43979
44531
45162
43996
44874
45822
43980
46424
45168
43155
46326
43193
43972
45640
44867
44685
45382
44296
44799
46220
44077
45024
44815
44691
44869
43139
44490
43740
45466
44844
43791
44360
43568
43801
45648
45875
43451
44085
45165
43225
44163
44979
44419
43209
45882
43369
45528
45486
43693
45314
43826
43618
43696
44200
46237
43209
45256
45297
44576
44754
46085
46197
44658
44912
45584
45364
44471
43486
45423
45391
43240
43431
45723
43145
44048
43648
44012
43807
44552
46227
44098
44479
45901
46426
45668
44573
43491
44587
43432
45477
43052
43204
45490
43899
44801
43545
43352
44176
43909
46340
43137
46130
44196
46254
44664
43565
45271
46176
46265
44191
46016
46333
45009
44173
45945
44475
45130
43077
46416
45672
43720
45592
45210
45463
43691
45137
45437
43098
45269
44535
44986
46025
43173
43360
43095
44792
44413
44684
46006
44866
43306
43736
44453
46278
44743
44407
46096
44751
43965
43246
43762
43241
44024
45376
44720
43322
43980
45476
44781
44251
45621
43910
45779
44173
45040
43425
43738
45006
43933
44723
44025
44124
43572
44243
44149
44669
43722
45410
45251
46195
45154
44533
45306
43868
43574
44262
43386
44724
43068
46369
46074
44428
43510
44483
44095
46398
45706
46307
43410
44852
44343
44949
45467
44286
45730
44938
46366
44390
44678
44348
43093
44762
45737
43056
43517
45872
45083
44801
44301
45272
45806
45347
45735
43748
45299
43672
44433
45040
43311
45463
44945
45661
44842
44266
43429
44485
43917
45147
43693
43922
43694
43646
43678
43050
43078
43887
46423
44169
45495
43159
43448
44395
43127
46295
43862
46190
44623
45486
43608
46429
44135
44289
43579
43506
45253
45433
46037
44126
46129
44647
45873
43594
46261
45622
44051
43720
43654
45876
46318
45799
43480
45579
46408
43561
46211
44486
43825
45479
44583
44032
45087
44449
46383
45104
43421
46218
43446
43202
45871
44727
43486
43948
45539
44548
44055
43635
43430
43641
44506
44279
45436
44751
46028
44341
44966
45617
43335
44977
45304
45171
43168
43346
43665
43603
43513
44408
43676
43354
46076
45222
44351
43584
46375
44660
45769
46396
44623
45159
44822
44408
45506
43455
46433
46321
45951
46007
43289
43463
43455
46336
43786
43576
43471
43674
45051
43455
46064
45083
45233
45240
45780
44157
46431
44081
44573
43592
44811
43781
44569
43140
44086
44853
43461
44512
43923
43652
44595
43773
46357
44100
43924
44606
44481
46157
45505
46158
43241
44250
45206
45999
44834
44101
44526
46233
44454
44221
45540
45582
44807
43930
45881
45748
43735
45528
44752
46328
44194
45095
44008
45123
43554
46133
44610
46131
45829
43582
43898
44090
45290
43753
43263
44674
46069
43749
45633
46267
44574
43592
45527
43690
43832
45560
43558
43343
43059
45909
43461
43345
45402
46317
44571
45257
46364
44645
45465
45415
43799
46070
44546
45035
44349
43831
44904
44300
44347
45507
44343
43092
43106
43354
45449
44691
43276
44412
45189
45946
44349
45715
45090
43219
43374
44672
44141
43569
46373
44168
43734
46062
44267
45257
44384
45223
44669
44236
44207
44165
45177
44189
45608
44456
45868
44635
44076
43704
46202
44905
45607
43177
43350
43613
44404
43508
45847
43561
44647
45450
43727
45025
45638
44003
46045
45505
45374
44870
45391
44045
44056
45700
45897
46233
43543
43157
45050
46281
45575
45373
45503
45837
43949
44686
45708
43683
45555
44147
44819
46054
44671
43937
43783
43500
43959
43425
44368
43555
43328
44037
45603
44464
43538
45798
43361
44534
43718
45751
43612
45235
44984
44970
44078
45207
43322
43464
45719
43981
44874
45793
46121
44718
43762
44979
43451
45348
44155
44494
45393
45728
44403
45066
44164
44326
44578
45004
44453
46137
43871
45903
44488
43529
43404
46095
44983
46285
46290
46071
45638
43418
45193
44959
44208
44931
43701
44564
45769
45869
44804
43153
44877
44126
45468
43552
44152
43918
43438
43128
44815
43948
45312
46100
43652
43209
45224
43139
44348
45071
44129
46248
44785
44235
44195
44811
45978
43372
44045
43942
44892
46329
43185
46379
44768
45602
43316
45615
43462
43537
46100
46042
45225
43617
43387
44891
44285
45434
46116
43165
45394
43826
44093
44973
45215
46425
44476
45611
46243
45147
45079
45934
46164
44703
46148
45142
43699
45031
46296
43863
45614
44988
44057
43563
44059
44883
43288
43733
45424
46027
44152
46162
44385
44984
44064
44745
43217
44657
45815
43325
43798
44901
43503
45341
43442
45922
45936
43059
44923
43777
45807
44165
44986
43815
44301
45398
44998
45340
45651
45893
45703
45517
44939
45292
43325
44317
43242
44506
44207
44718
44409
44501
43121
43206
46287
45246
43224
43818
44387
44403
46140
46053
44143
45057
44889
44627
45738
45283
45447
44448
44722
44476
45795
46235
44250
43897
44666
43783
43895
45388
43552
44076
45877
45001
45709
43989
43553
43897
44808
44822
45655
45811
43349
44903
45887
44085
46207
45088
45545
43906
44043
43314
43767
44414
46273
46382
45955
43541
44773
46181
44223
45818
44005
44153
44151
43664
44039
44874
43345
43528
45210
45632
43358
44099
46165
45235
43867
45312
45579
44169
44717
43780
45022
45882
44748
44274
43894
44203
45968
45464
45052
44916
44572
43777
43355
45583
46183
43194
43343
44272
45297
44729
43882
44729
44653
44497
43854
43985
43951
46115
44377
45618
45161
44367
44171
43198
43918
44084
44098
44851
45968
44322
44124
46058
44739
43121
43459
45145
44424
43644
45129
44257
44022
44088
44291
44582
44994
45251
46115
43626
43875
45346
46333
46406
45008
44622
44729
44132
44166
46416
43989
45035
44280
46057
44345
43648
45226
45517
46136
45954
43523
44547
43634
44018
45624
46172
45160
45435
43188
44186
45673
44235
44602
45495
45907
44827
43107
46284
43554
43643
44300
45033
44365
44861
44072
43698
45868
43324
44429
43683
45244
44832
45546
43340
44518
46228
44054
43167
44947
44325
45464
44437
44787
46225
45379
45572
43272
43300
43096
44020
44777
44467
44510
44144
46220
43453
45165
46425
45131
45947
45012
46395
43079
43401
44374
44398
46355
45011
45349
43255
44982
43518
45625
43169
46351
45828
46254
43696
45885
44993
44907
45178
44919
45456
43813
45879
45367
43689
44447
43543
45840
43451
45320
44829
45619
45708
44504
43431
45044
44582
43182
44771
44267
45600
45139
44347
43701
45385
46376
45811
44410
44999
44949
43103
45479
43118
45833
45817
45655
44231
43411
44956
44403
44245
44276
43921
43543
45837
43447
43713
43737
46397
43365
43524
44017
45019
43336
46162
44417
43765
46409
45329
43292
43536
44039
44679
46358
46203
44162
44470
43083
44273
45977
45689
44275
43231
44798
44810
45049
45344
43241
43391
43155
45520
43830
44078
46394
44396
43427
44182
44369
44358
43348
43840
46226
45284
43312
45030
45550
44655
45914
45729
44539
45442
43863
44515
45319
44710
44875
43795
45048
44090
46188
43428
45619
45527
43720
46234
45239
44020
44120
45276
46111
45058
44452
45055
45851
43141
45652
44502
43224
45316
43992
44974
43125
44860
44036
44309
45168
44459
43625
43990
46153
43292
45400
45245
43925
44125
43200
45125
44642
44910
44921
43397
44238
44401
45416
45615
45315
44764
44715
43071
43599
43117
44904
46120
44229
44998
44125
45151
45603
43627
43248
45264
46390
45481
44523
44312
44677
46024
44761
45763
43582
43516
45013
45693
46229
45406
44001
46254
45550
43281
45443
45108
45418
44527
45575
46233
43828
44334
44741
43281
44431
43807
44141
46073
45031
43797
44187
46164
43530
45710
44095
44456
43397
45422
45445
45759
43246
46305
46064
46144
43534
43732
46286
45371
45011
45181
43232
43230
44641
43106
45352
45152
43463
46275
45216
44792
44622
44113
45159
45069
44983
46437
43490
43933
46399
45611
43923
46385
45801
44052
45625
45223
44577
45317
45221
45203
44271
43359
45180
46275
43264
44244
44485
44852
43204
43807
44812
44038
44028
43230
45315
43967
44907
44169
44899
43223
43375
44775
45718
46288
45299
46071
46258
45933
46251
45405
45586
43615
44444
46096
45302
43363
45636
43214
46274
43413
45418
43453
45141
46410
44796
43769
46066
45282
46211
43528
43929
46200
43392
45448
43419
46397
45620
43635
43838
46139
43603
44982
43207
43308
44381
44050
44710
44906
43247
43778
45609
44301
44176
45299
44691
43540
43084
44633
43941
44179
45481
44831
43511
43909
44559
43788
45339
43246
43067
43914
45000
45330
46243
44769
46179
44507
45154
44054
44507
43593
43404
45713
45129
46109
44764
45015
45241
44577
43272
44355
46171
43184
43219
45900
44143
44878
45070
44654
45831
45791
44626
43210
44306
44059
44512
43921
46432
46151
44444
43562
43265
46130
44284
43892
46250
43118
45332
45740
44381
44119
44212
43195
45161
45550
43976
45132
45571
44237
44666
43860
44203
46195
44662
45125
45437
46431
45480
43056
43724
44355
46287
44553
45230
43993
44368
45161
44114
44930
46016
45971
43920
43985
44019
43284
45418
43167
45210
44451
44162
45361
44438
45309
45507
45911
46255
44662
43495
44357
44698
44649
44248
44319
44381
43903
45982
43857
44868
44341
43082
45123
44491
43500
44742
43873
45624
44559
45821
45738
44693
45050
44325
45891
43239
44104
43577
43738
45314
44280
44970
46026
45216
43422
44879
44160
44042
45391
44611
46398
43894
46282
46193
46315
45164
45807
43355
45543
43503
45680
45975
43815
44416
43236
45713
45393
46417
45924
44740
44172
44238
46101
43568
45155
43933
43474
44551
43371
46202
43359
44802
43756
46422
45072
44148
45443
43672
46408
43753
45389
45924
45278
43932
44741
43673
43443
45925
44834
46256
43685
45653
43266
45132
45438
44000
45249
45099
44533
43890
43361
44187
46401
45026
43974
44594
43802
44385
45981
44162
45020
45976
44618
43889
44071
44591
44623
43169
45512
43070
43585
45666
45090
44581
43121
45701
43586
46230
43217
44691
44182
43933
46289
46430
43613
43703
43369
43459
46300
43742
46218
43054
43320
46310
44530
43151
43765
46142
45278
44088
44779
43832
45784
45341
46012
44467
45323
45757
43441
43213
45007
45934
44818
44587
45060
44287
43719
44505
45912
44533
46074
46223
45490
44868
46323
43530
44731
44236
43965
45822
43483
46149
45416
46374
44248
43167
44112
45196
44289
43155
44097
46359
45705
43567
45484
45076
44624
43910
43931
43507
43543
44633
43630
43051
44772
43060
43209
43169
45025
46241
45114
43274
45439
45986
43173
44833
44672
43334
43378
45982
43977
43823
44723
46296
43722
46378
45678
44055
46083
45309
43491
45511
45389
46031
43643
45825
44319
44758
44368
43478
43839
44101
43733
43644
43683
46103
44490
43734
44580
46276
45656
44278
46124
43550
44941
46263
46211
44908
44367
44059
46194
45983
43083
45707
43639
45606
45916
44132
44605
44130
44910
44434
44193
45744
43173
43144
45497
45507
46433
45827
43946
44048
43227
44862
45543
46065
43103
43145
45321
44266
46185
45826
45839
43779
44792
43158
46122
45209
43405
43541
44808
44733
44654
46019
44117
44539
43347
43673
46001
46135
43502
43899
44858
44494
44787
44761
43067
44800
45011
45017
45867
44316
43173
43727
45501
46048
43585
46300
45576
44716
44484
44154
45494
43075
44287
45060
44758
44336
44057
45267
43337
44214
43139
45113
44831
45354
45652
45401
43585
44452
43743
44087
46370
46290
45441
45726
45569
43874
43456
44149
43432
45318
45916
44161
45675
45107
43690
45318
43408
44253
45944
43967
45503
45979
44340
44876
45078
44503
46246
45736
45085
43901
45936
45022
44763
46288
43425
43307
44678
46227
45405
44425
43944
45657
44136
43759
44831
44245
45749
43275
44420
43955
44913
44539
43348
45191
46045
44658
44398
45034
44403
43389
45559
44262
45844
45849
44044
43128
43130
44668
44006
45425
43080
45553
45544
45154
45035
46343
43229
45346
44078
45538
44482
46359
44330
43608
45241
44520
43236
44547
43529
45673
43307
46349
44258
43438
44057
44364
46290
45313
46391
43623
45843
44408
44885
46227
45613
45553
45136
44206
43196
43222
44765
46311
45169
44454
45264
45952
43581
44281
44771
46090
45236
43246
44955
45054
45235
46120
