57443
56566
57703
66596
53809
55921
64567
64927
66775
63429
62267
62992
62733
57063
53856
64888
58563
63177
62158
59395
59392
57720
66365
65661
61971
55766
58657
65138
54377
56941
56485
55727
57915
59900
57017
64751
62170
59766
55353
54925
64302
66512
58997
59007
56266
62561
60103
62440
55303
55759
66608
61076
59454
58269
65343
58999
59885
56560
63015
66083
66825
53934
61335
67338
54835
61237
58641
59149
66264
57992
57542
57267
58131
63085
54734
67508
56193
60906
54700
58816
57639
61787
65579
64746
55160
53551
64915
64541
60167
54433
56598
58073
67522
62563
63429
56110
55206
54586
55847
62129
58476
57599
60378
56104
57535
56595
62395
57311
63169
66041
56101
65410
57183
62114
66943
57266
64351
61559
59694
53897
62523
54881
56895
56120
62603
57821
62019
53510
62707
55529
65788
54130
55016
66033
60963
60730
60755
62408
66631
60965
64054
54658
65852
53895
65072
59488
55007
55597
58742
60351
57127
59338
65292
58498
60564
62088
55475
55161
60618
54817
65395
55101
55086
54914
64793
62877
53830
57530
57104
57868
54673
61376
65708
64656
60757
54249
58972
54556
57854
59496
59936
65535
63559
58565
61917
55292
63047
53774
61018
58194
65022
64169
59056
56893
55239
62965
58384
57006
57985
55034
64288
64672
65916
55312
57118
67358
56882
53671
64691
62675
63921
60896
54263
57460
56628
62728
56265
58502
62814
55636
63939
65353
57823
65214
60802
55430
55138
64065
65146
65648
65995
57775
57824
55047
60711
56988
54943
60019
63599
57611
61149
57314
55950
64542
62667
63401
58295
54525
67459
61117
67526
61398
56072
67347
55295
65077
66863
62861
60910
56790
61353
53546
61454
66337
61189
59721
66934
56220
53849
60594
54257
59380
56276
58043
62392
58432
67152
56622
54334
57800
60417
63893
53431
59857
65052
57693
58174
54753
55830
57372
58078
63271
59322
62407
55260
67193
54883
55912
56937
56198
58390
61756
60060
64810
62742
54730
53381
54848
59698
61699
64557
66974
67463
58442
61631
65740
55992
66989
60418
53924
56467
59873
56031
55048
55327
53470
60047
56839
56556
58771
61583
61101
59036
57975
60448
59639
65238
54104
63061
57846
54473
58001
58637
53865
58404
56527
56234
66436
59769
55884
57520
55530
57255
57910
56819
64447
59125
56925
53764
64423
55169
53699
54668
59064
60836
61028
58906
59247
64737
53714
60204
59196
55078
53672
59796
62431
53872
64404
59371
56749
62322
56382
66868
67529
53459
54016
66884
65729
56723
56926
53781
60983
66829
59723
54435
65718
55474
55595
57695
57182
56840
57490
55658
53539
64257
53940
54015
54156
62978
65001
57591
55586
55118
60090
55954
57296
64467
54451
56810
55396
57017
63546
54706
55518
54051
56751
53436
58715
62882
56764
61114
61933
56434
55469
56489
54064
53929
56288
67325
62919
67523
54605
64348
56005
62857
57694
63636
56798
63976
61329
61162
61447
61332
57318
61022
53712
53500
60965
58332
58111
54373
54262
59088
55109
59947
64302
64263
54707
63693
63595
58803
64815
60624
56328
53417
66575
63732
54716
59413
57664
54066
55393
60565
55292
54752
62847
56344
65748
63281
56173
61185
62748
57010
54230
57174
54833
62069
55257
55748
56238
60086
57156
57339
61457
59501
57115
53425
54631
55063
53636
60976
57600
56090
54425
56770
55992
66288
64806
67099
54110
57608
56907
55569
56499
53552
66998
62691
56185
54538
60749
64624
66360
60862
55237
53639
61181
57045
58890
53820
66087
62216
66653
53877
54357
58977
57823
58007
57163
55167
61689
60048
67022
65368
59367
57674
60180
54333
53777
64560
63893
61155
64679
55192
65039
59275
54190
61356
58801
65492
62452
61675
66595
55361
64868
58333
65873
57976
65731
62916
54651
66521
53673
56301
64224
55667
54393
56896
64405
57006
55850
56311
57258
56105
66551
66813
63764
55422
53700
59862
64198
66379
54226
56342
55559
57628
64336
57806
63892
56920
60078
65722
53701
59057
63620
62046
61432
66053
57918
64022
55016
62869
65117
66133
54049
66611
61981
56295
60788
64103
64113
63954
66673
60357
65202
57537
57171
67129
61972
65347
55778
66536
57773
66380
57328
63342
61165
66240
64497
65361
56653
58341
59945
59930
60449
55421
67569
53680
58908
57503
58389
58621
57323
66890
59642
55371
56548
57191
59672
61661
65033
54268
57601
65222
58827
53859
64271
53408
57056
67055
63347
55784
65817
65905
63314
57130
66127
65872
67547
60026
57476
67517
65321
56515
57714
55038
54768
54336
55271
57249
62580
54159
53409
64097
63534
53461
59144
55836
57645
57822
57231
64978
66549
65319
61654
67488
60534
53471
60734
61178
67287
56659
53696
55857
55503
62377
56885
65970
58036
53572
67374
55481
57874
56947
61368
67067
59761
63037
57070
54950
57626
64594
53556
65371
67004
56100
58474
61394
61583
56664
55680
55484
56868
62790
59691
57602
58967
57721
66805
59042
67337
59907
54745
55848
66472
56227
54640
55314
57941
56294
54180
65242
64879
63794
60784
66504
63049
62202
63896
65051
63275
62405
55692
61410
56032
64264
58315
66849
66777
58973
58768
59617
64041
60578
64228
64019
57298
66300
59457
56314
66955
67492
53457
66866
60417
65620
62822
58104
57285
62869
55972
57688
59998
67160
65946
67127
61541
53703
58556
60900
62466
65017
63752
58669
54666
62313
57179
59896
58004
59628
54809
57013
65553
57615
66751
64040
64116
65953
65499
59164
55441
54977
59235
66351
58351
56700
57112
56721
61229
53807
56549
67575
65482
55047
61823
60215
55099
56430
59581
64154
54803
56439
53453
57350
58180
55540
54850
61247
65949
67442
55676
63280
63248
61755
54444
64378
57144
62324
55283
55283
55234
57153
64613
61815
56107
54350
60885
55762
58719
56488
67016
55389
65759
59362
57688
54550
56537
58983
59352
66518
63580
54244
57080
59140
56607
56894
59198
61782
53395
56618
63230
55948
55304
56983
58406
65134
55076
64716
59855
58605
66819
53385
55144
57338
63516
57256
54583
56930
59487
56667
61792
57559
65854
57030
53950
54402
53877
56863
57380
53859
65059
65451
66256
56089
53452
67448
57582
54715
53845
63661
57125
64092
55968
65451
61061
63942
54453
55308
67216
57692
66539
58226
54370
65027
57370
53831
55397
57403
57362
56839
57215
56688
63089
53709
56513
65519
63484
59231
57133
67364
55758
55893
66800
55136
63574
54423
55995
56937
61992
64011
67254
56053
54398
63830
59261
65151
60391
59376
53756
65165
64826
57798
55998
55553
56338
54466
63122
54326
54950
67054
54711
64357
55831
59459
66108
54731
67566
64607
54150
66163
53445
60458
62260
59972
57512
53856
63054
61622
56382
59963
55528
57197
55329
64511
64945
58613
57620
64192
59799
65356
55726
55481
65331
57369
61938
66102
59290
57223
66226
57480
53463
57032
66387
63510
53578
66414
54373
67485
65181
55905
65056
58991
59338
59754
54297
55705
54282
66371
56481
63369
53613
55674
61954
53809
56372
61329
67122
55933
64676
66969
55788
54417
62959
55007
54151
57448
53500
56680
55908
54396
65830
54347
58064
67102
61722
59825
64803
63216
60773
65783
56285
65801
57667
54115
54206
64825
59994
55464
55794
62307
64529
60650
64956
60713
60223
62103
58710
63109
53462
55603
63355
55108
57547
54671
67499
65306
54230
63382
54373
66419
66904
62840
66390
65162
59499
55205
57367
53862
54286
56827
61016
65765
66923
63105
66957
63260
59753
58751
65706
61881
63508
65822
54504
56422
55911
64410
57248
54779
62785
54975
61798
59106
53864
57287
59002
59714
54662
65842
60498
65462
53685
56979
65378
55242
55876
64116
55547
59384
53890
62805
54033
61589
63049
64386
55730
67447
66920
56671
60600
65453
61431
59265
58421
62085
60822
62235
64302
64652
66094
53663
61307
53962
62830
60644
67330
53377
55424
64619
65107
55104
57707
58677
57988
59243
54252
55903
55141
56457
57109
66510
64977
53528
57102
58805
54598
54143
65589
55116
66281
64737
62799
62429
59352
53725
55499
55450
63834
65717
58411
56433
57563
58826
66944
64147
53858
56220
67549
62053
62159
61671
64669
53891
55332
67056
54518
57962
59660
59600
63088
65285
65853
58833
55771
54194
66675
53451
66844
67282
57987
63917
64651
57929
62891
63264
54443
59728
57490
53491
61864
59343
62532
56498
63035
62191
60781
55780
54501
54496
65575
65190
54911
54969
63344
54528
66878
67546
58730
66101
65224
60758
59331
65467
67492
58128
56800
64894
64528
61324
66273
67185
55312
54872
61568
56364
60196
54263
59622
55053
59319
53925
66097
63732
65409
63652
61373
57323
56769
54368
55229
62458
54727
64887
61506
54871
65595
55910
58851
66957
57219
57346
61623
57807
59406
66586
55146
63416
58858
53757
55855
59590
54910
54845
53440
54972
64895
64642
64175
61988
60633
58772
64485
63489
59410
67270
54107
64882
53831
55392
57588
66860
64192
56651
58946
62482
63342
64932
61087
55880
57636
54394
67595
55909
61676
62967
62406
66639
67425
61693
53667
63250
64445
62019
56336
59392
53607
58015
60913
58035
55238
56295
57826
61310
62754
66048
54171
66969
66561
55244
61082
53440
58977
57438
56345
56864
67170
58479
56841
59912
55634
53640
53553
62660
57534
64239
65791
63335
56844
58235
64564
53544
55972
61240
66341
54658
53702
54610
65240
64481
57943
56727
61916
63635
55317
63855
67291
56298
57779
64084
57072
55303
65780
57085
67057
67304
62185
63083
62022
57640
56185
66625
54414
53583
64037
65620
53951
54982
67388
65711
56738
54924
64425
55972
58870
57548
56635
54237
58353
67553
60133
58358
55424
58536
55528
55869
63624
58400
61278
66505
56601
60035
61927
63025
59099
56968
54219
57456
63703
54649
63328
66547
65850
57275
59247
54677
58924
55102
59087
54747
66791
54521
62940
53583
54311
56176
65791
61581
61676
56441
60679
62187
53446
59577
64993
53969
54773
65633
57357
57712
54226
54371
53930
56131
61810
54246
61147
56395
64246
56435
64962
55481
55578
53444
64691
57462
62217
59007
54342
63746
58442
62684
59777
58109
54233
65502
56672
54874
62627
54795
53906
59663
54993
63411
66943
66961
62043
62320
58888
56260
66368
66142
60097
62091
57360
60148
54347
62037
54628
56415
54633
54980
56989
64910
59122
64287
54490
57310
53452
57522
59753
54121
60276
55268
63762
66124
65369
58218
65650
55244
57672
54783
61383
62911
58239
58033
56961
53631
57867
65973
63477
57133
66743
66863
57610
60769
54718
64584
54535
55327
62183
55108
63438
58680
54996
58965
64773
53943
61765
62426
64739
54161
64019
59912
59020
63001
57652
56735
64984
65576
56589
60879
56299
66885
55131
65089
67066
58160
59830
61126
62248
55701
59471
65277
62875
58519
55863
58577
54871
66205
56958
62165
60777
57396
54113
57045
54765
56759
59623
66730
57571
57879
58825
58509
54693
67089
59138
57108
63781
61053
67467
57782
61359
64509
57354
59702
54738
53766
55084
55270
63522
55818
61119
53883
59318
61201
64295
64132
65898
59990
54703
59256
54874
63513
59668
65006
59528
63084
59215
54074
66190
56305
65511
62004
62254
58913
59655
53883
63222
67431
57102
56038
53592
54111
60157
57076
57430
62545
61863
66148
59690
54536
56667
63294
54012
58266
62281
61098
55870
64899
63575
54608
60691
57337
65458
55712
54669
66788
54642
57404
65130
61380
53421
60916
60493
56780
67338
55288
56375
63822
57768
66452
62540
60501
63265
54412
58383
62726
59049
53411
62535
57199
63631
54938
57402
56123
59167
55442
63756
60161
57022
63915
63630
53882
61571
56017
64635
54062
61742
63411
54356
60202
64601
63300
62724
62556
60375
62395
54772
61432
61376
59705
54085
58816
62481
67065
61128
62328
59378
59729
59401
62010
65641
59312
60804
60533
62573
62211
60543
63630
54920
62947
54821
65071
66002
55985
54224
59579
60770
58346
58305
58229
59300
66516
58621
53427
53878
57871
61575
53695
55787
54346
57087
53608
54162
60350
62234
67515
55280
55464
54498
56853
57667
53801
54688
64457
64478
55727
55847
67409
66279
61667
58527
58704
55501
56519
61600
54702
62689
66968
61980
67278
58336
64950
61136
57983
61370
63345
59873
56685
62418
64507
64714
55170
64547
59162
54896
59510
55852
54617
60885
64035
67521
54915
54095
64035
60208
61712
56747
54577
56312
54779
59026
61450
67568
59690
64491
57020
62207
60847
56282
54090
63071
63216
60585
57516
55208
61279
59869
54605
56471
66482
54611
54825
67148
60747
62229
63461
67599
63913
67453
62441
55028
65744
56884
62174
63703
55527
63952
65112
58294
65994
66249
66941
56563
56363
61418
60678
64762
54658
58434
53821
55207
58828
62955
65618
60400
64583
59728
54921
59252
62528
57278
53562
62768
57802
63647
60724
61863
55443
59152
67270
54736
64510
65417
64976
54487
65768
57320
67534
61935
65876
57036
60381
57475
65739
56731
57609
58555
54717
56901
57962
56242
56641
61747
63230
64535
60451
56062
55493
63371
54285
67502
65442
56487
64396
53981
53525
62302
62715
62128
56691
53960
63681
60058
57311
58644
53716
60033
58393
65098
57124
55065
60497
62835
60109
60800
64149
62632
59499
65537
57107
63796
63396
58692
60401
56420
55498
65707
54311
54917
58108
60267
55439
54797
55724
53837
57638
67084
54889
56386
67483
60472
54464
57606
58719
58031
55009
55601
57830
58712
56815
63439
65904
57403
57608
59264
66536
58975
61520
59324
54991
58597
63567
54625
53583
60137
65487
56940
57895
67456
53483
56506
62772
53945
58783
59297
62777
66241
54273
65641
55229
65604
67470
54808
63200
56999
60204
58627
57501
63705
66297
53464
55490
57018
60493
55640
63905
55777
64991
57524
60098
66217
62420
54845
66661
61700
63917
63913
62682
53636
59561
56814
66912
53846
54645
62634
54415
63670
55357
53941
63942
57170
56054
59661
61011
53677
57759
62441
54310
65449
59241
58980
57071
66813
66860
66166
57692
60184
59586
57503
66135
57325
65607
63959
54587
66090
66745
54615
63901
63693
64461
61841
58295
66358
55660
53685
64624
61312
63802
64526
56543
64412
63426
56833
54495
67100
55019
59157
59022
59765
57464
64367
55055
56176
63872
66897
67046
57384
57999
54402
62900
63266
62454
59132
56772
57346
66237
58701
66909
58786
58049
59619
56165
54496
62741
63320
67131
56881
65269
56165
57167
62592
65220
61659
67102
53771
57554
67385
54612
61106
55889
54962
65632
65169
65219
55883
66832
63917
55334
56350
56752
64206
61664
55448
66671
55501
54280
55019
55247
57994
56870
65313
64417
59149
53977
55188
55086
53830
57553
60522
66935
54482
55730
61498
53741
60971
59147
63362
60030
61444
62611
67440
59587
64518
54739
61911
66196
63982
62178
60183
67078
59032
54644
56915
63350
64834
61072
56773
65456
65289
57964
62915
63911
65997
67085
65541
57574
55249
57772
53765
58924
55569
60925
60204
63711
59846
56161
56273
67189
62732
63701
53971
60881
64117
62775
59620
57136
62593
54652
59308
60139
62961
66110
57176
55013
53708
55655
55366
66018
63150
55016
54948
56041
58250
53433
56775
54711
63148
59785
66154
55022
61871
65559
59257
58120
59089
61550
65773
61683
64690
54084
65490
63178
54909
58266
53413
62537
55776
55855
62304
62951
57095
59746
61925
63424
57620
67336
55938
62755
54935
59401
63411
65484
56229
54124
56518
67176
59383
55551
56355
56799
62035
55049
64220
59350
53883
65372
57101
56652
62879
56158
64947
63215
67126
56440
58539
67129
63096
64575
59734
57555
53371
53411
59247
66487
62967
57609
54580
64384
54683
53844
66416
65759
53837
54550
64743
59093
55721
53785
59921
60461
55816
65667
53381
63610
54390
65979
61938
55342
59455
60020
63651
60450
55971
53979
66659
61697
58590
56668
55527
55818
54359
58960
64142
65297
61777
64580
62181
56953
60782
63028
62217
66936
56385
59413
59500
61709
66144
55787
53510
67191
55452
65856
66520
59237
54099
63370
62352
57544
53594
58892
55106
57244
57405
65269
66108
62902
59947
62359
64159
67588
60687
61638
59952
66117
63843
55892
67256
60707
57356
54657
57219
61429
59955
67370
67372
56677
61396
62757
62854
65028
57520
63221
55523
63418
54678
54709
60996
58909
63176
54947
55487
54443
67521
55713
65630
55021
60123
55831
57624
59786
57380
54049
67201
67133
56033
57873
59388
65012
57704
54937
58195
62492
63490
67043
59507
60757
56683
59175
61133
59915
54559
56913
63360
63496
61146
57112
59720
62410
58140
56413
61459
53405
55622
66191
53526
55784
54170
57081
58955
64180
55240
54848
57334
62487
53683
57556
66827
65849
61372
54430
61185
64103
64459
64360
54074
62728
56274
66655
54773
53938
59961
58273
54841
55551
53546
58769
56291
65919
53911
62145
66444
65231
66691
65512
55649
55144
59371
59325
62861
60633
66740
55577
54009
54058
58850
61642
56644
61231
64213
63075
66175
54505
66555
54445
58135
55124
61292
63578
54649
60336
57673
60397
61065
66205
53571
55126
57549
53859
61255
66509
66264
54855
57635
56733
64261
60748
61958
63619
57756
62303
55255
54582
53983
57274
60236
65366
54736
66027
65742
63793
53661
55583
60101
58797
60813
54032
55662
54912
54319
64189
57291
62759
63184
55862
56681
65877
59759
60393
62401
58287
54981
60680
60474
64384
65254
55779
65043
60487
56205
56545
64523
61412
63964
59578
62245
62757
54965
59137
65222
61275
63767
59364
54811
65878
53811
67081
66616
60111
64136
53557
57410
66353
61604
64408
57591
59096
62885
62731
55150
54944
60329
54583
58758
58975
62895
59385
53619
53991
55718
56928
61136
66127
53815
53612
61874
57587
58255
65882
59860
56268
62246
58264
57122
62438
58626
60608
59645
59436
57509
60990
54414
55022
61594
57578
57084
56123
55580
62390
61534
66124
55590
62607
63391
66877
54812
57208
62123
54534
65562
56012
54189
53872
53573
64287
58170
56491
61187
56743
57143
55989
63079
53641
55552
57583
55035
53900
56346
56754
60627
61835
59539
63651
67358
56294
54113
58646
64389
66072
59533
67082
63056
59288
54253
54735
54810
53829
66108
55131
60891
59901
55108
60036
65476
61634
55514
63308
65194
61050
53971
58128
60882
60867
55595
59533
65613
63172
53672
65196
56367
54936
56062
67431
61188
57613
55005
64844
57577
66068
55484
53839
60042
63957
58397
53683
55011
56150
55478
65051
67335
59091
58020
56354
54075
67331
57891
57076
59001
57405
59121
62474
56286
60261
55568
54141
60749
56444
55784
57165
57922
54762
63264
61755
56960
64542
63930
64643
53482
61328
64763
61114
62024
53878
65026
56261
66515
57266
55365
62707
56622
61009
65616
63099
67133
55252
56477
54135
61004
63578
54586
62174
67268
57643
67267
58190
66232
54979
63950
62995
55911
57155
59437
59039
54763
55694
53464
66441
58741
56019
65925
59196
55257
61784
66596
59059
65120
64828
63273
57473
67156
65777
56236
67093
56704
66613
55461
66545
57485
53658
54980
62340
57016
58677
56999
60370
56691
55866
57553
53529
60533
57145
55082
64127
54211
60846
53959
58155
61855
65089
57261
57502
54342
54112
61770
53632
63586
67031
58930
59497
59349
63136
60023
65735
58146
56829
66472
53614
63617
62047
67057
64247
64633
60699
64867
60279
54765
56785
65419
56145
61556
61917
55210
59828
58116
61282
65722
65850
65841
53543
59773
65178
54618
55867
62044
54724
65323
55997
65580
67158
60508
64251
59820
67480
54928
62068
61558
58681
61529
55501
54705
53606
66911
53667
56448
66082
63418
56933
64763
62763
56170
55739
62756
55941
54908
62399
60922
63441
61398
66453
54657
65221
57602
64452
65076
66190
55827
57712
53638
63866
54759
60128
55849
55167
53780
54619
54650
65798
57437
65570
64354
63906
66652
56155
59449
67416
62853
66913
56676
62534
65239
60812
64851
64810
66079
60847
55259
53469
56112
56004
64291
54033
62785
55406
63113
62205
53852
60803
55614
55208
54370
66275
64468
57794
53727
56192
55793
55915
61033
59118
55553
59013
57235
55453
55081
63728
57436
57440
64312
57341
58301
54199
55314
58007
61038
55003
55832
66300
55745
63684
65039
56355
64445
61865
66976
54144
56775
62969
55540
54213
64007
66301
53660
55538
55770
56331
58650
54104
58267
54580
57342
59841
54243
64018
66561
55647
66642
54362
64895
54341
55382
53670
66050
53540
58647
58007
63411
66401
64300
62679
65275
60824
54187
56116
67418
63095
53451
61530
56236
55507
56805
57443
58107
64337
60968
54609
64235
54512
55265
62553
62762
66857
55364
66751
59436
54169
61694
61914
58746
65266
54206
53482
64099
60901
59552
54250
54154
55350
67511
67588
66799
55296
67367
55119
57499
67221
60681
63225
53646
65429
55404
60515
65780
66753
62179
60310
55009
66007
61606
63069
55126
62797
54856
62498
64332
58669
61659
55178
64204
57105
54548
59786
55406
54128
59840
54110
57101
65703
56049
64430
67482
54420
64417
57435
54688
57284
56016
54688
63147
55072
53807
65398
66541
60991
56606
63669
56212
66350
64241
65936
64590
66020
63384
63981
61475
67043
56741
67540
54081
53681
56737
55097
57496
56403
60727
60084
63599
64671
53482
62639
61944
54707
54272
55194
61987
65388
61008
63845
55389
59648
56994
67274
58318
60721
54709
60535
67228
66736
61261
60048
63704
56551
62875
61370
55123
54180
60234
60284
61842
54845
56617
64095
66249
60155
61510
54490
66602
62799
53471
53768
57382
63995
65279
53434
59200
55292
63327
59046
55109
62301
56181
60384
54959
65984
65855
60106
59333
61029
66782
64592
55505
57926
55324
60642
62106
54478
57217
54329
57326
56600
66862
55919
62047
62118
59642
58666
55245
66217
66758
64368
62031
63186
54519
67325
56852
66850
62295
56760
60694
64911
59978
55928
54375
64870
65598
53596
67526
63830
62705
57903
53686
61297
57434
55071
63765
66184
53775
62660
64825
54853
60192
55659
66905
67219
66738
62537
60989
57124
56534
65026
67059
54593
61047
56763
66570
53569
62267
63576
58041
54778
59379
56967
59905
62101
56350
59124
60155
55756
65438
66805
61478
55703
65740
56483
53798
56239
65267
56476
54590
62446
57145
55460
62049
57376
63317
62982
53743
56771
63271
58196
61770
63081
53690
64041
60942
59444
55397
66660
67206
54933
55358
54540
59610
57199
53663
61350
60646
63788
57062
54316
53681
57388
57009
66866
58014
60104
54536
58403
53559
65193
53398
63096
56854
65568
57670
63446
59948
63212
55384
55335
66678
58535
58405
53911
64538
58213
55474
53666
56826
55778
63995
56339
54269
59306
64194
56608
55514
56665
54450
54007
61302
57111
64280
59549
61416
53716
57160
57534
63370
53801
66659
67080
54024
54308
55426
53922
57127
59603
65102
59403
62875
61869
58685
57179
59090
64189
57928
64528
66198
57160
66283
66284
55567
66225
65460
56410
59306
59682
66871
64505
65318
54487
62352
55943
56224
63173
64750
59500
66564
53482
55975
67415
65523
65197
56451
61495
55191
53555
64859
55395
59331
54553
54418
64150
64291
61245
66367
62953
58884
53698
53871
54355
53870
67521
58373
61537
57455
61550
53474
57221
62830
56312
54024
65575
53999
57926
57464
54196
60963
57209
54778
62731
56674
55240
63408
53866
65505
55182
55641
63509
57174
62834
63396
55846
53549
57046
56544
61988
65275
65365
54420
55160
54096
64277
57641
65556
56689
60999
63256
53748
58814
53861
61294
63963
59237
53380
54089
60643
55012
62233
65947
54648
57615
57085
64651
57501
54514
61941
63686
54914
64738
56770
55255
53520
65254
63948
67452
56851
55653
56271
53392
53682
59938
55113
55161
62363
66527
60279
56500
67045
54429
59670
59152
57962
60009
60513
54997
61898
66474
66380
64054
56011
60353
58044
67544
54227
61894
59431
64268
55990
53686
60158
67455
63242
57247
56667
57224
55488
62735
63846
61092
67054
67164
53956
57493
65388
54242
65088
57618
59271
66706
55380
62014
54706
55138
64855
62441
67310
55371
55199
53569
59797
66804
54705
54918
65602
65411
59995
58877
62507
62835
55919
62476
57003
55085
54919
61390
67213
66162
62762
55538
64639
57975
55749
63779
56085
53512
66570
61830
55864
61888
63739
60655
59011
59347
53811
64378
60463
58797
56858
62855
55544
64850
63840
57255
53480
62191
53649
66015
62890
57325
53970
58610
65132
61352
57749
53496
66727
55023
56651
60911
59905
53635
57104
60400
56964
59456
60128
60895
61811
64692
56203
65973
55217
54554
55144
62884
57839
55770
65786
64926
57549
57457
55636
55518
59052
55057
54984
57330
55238
61070
54242
61372
56734
62615
63223
53621
59524
58988
56320
58634
64687
65343
57600
53939
61383
55986
64410
56586
54615
63541
54067
62405
56989
58975
58148
62631
62231
58503
59639
59108
60000
55716
53695
66792
56511
62783
54942
60427
56378
65858
53703
65739
54979
60755
60713
54981
64997
55376
58154
67160
67132
62634
56554
65747
60921
56145
56013
57078
58212
63155
54598
63885
53519
62481
62860
60693
59625
65588
62232
59395
61946
67399
56146
58934
63570
62768
54987
53750
53536
64594
56143
57698
57059
63274
61195
61581
66125
62395
66551
60700
58658
63508
60378
62143
57583
56167
62921
58998
66862
53694
63309
54882
56513
56005
63371
62943
60205
65576
63890
65364
59076
55897
56564
55520
66682
56302
67469
61575
62158
55531
54236
65633
60142
62088
58588
67594
65426
60415
54676
59563
64034
64169
63544
62991
57028
57878
57568
56483
63462
58434
66918
56656
61277
63933
57398
58311
55999
61650
62190
63620
63307
55628
58116
63862
59342
67266
53988
60470
66474
61037
59299
57126
64484
64083
61764
61119
53378
61705
57890
60170
63704
65275
54611
61613
56780
55984
55975
64653
59702
64843
55344
63771
61810
65062
60809
62747
64674
65606
62631
61663
59995
64555
62103
56503
58196
56907
55591
53688
56657
60215
66124
65623
56020
56000
55810
54318
55071
64106
54674
59962
66985
53445
59396
58260
54323
56105
58990
56354
59002
65502
56109
56225
67137
56797
65622
57250
58125
61516
60291
54351
57529
66135
54739
65415
62745
54458
61194
60701
67036
57018
55803
58642
53730
55425
66386
64906
61612
65211
63739
64523
60691
63224
62355
64604
53993
60681
61826
59142
63810
56649
56332
54873
60868
66979
61564
61049
59222
54054
65537
57376
63796
62384
65027
63444
60358
56476
55179
60153
62718
55131
54990
64946
57482
58231
62333
56647
58774
63047
54003
55295
62335
62989
59148
61060
54951
64218
57101
54715
55279
57740
55918
53803
61876
53686
57623
58303
61075
58414
56361
66348
63572
55205
64479
65785
65798
57707
54206
66791
55959
59169
53982
57223
62709
59296
56444
58790
54244
67048
67546
58117
60853
56318
60627
56256
59874
55498
62803
54113
59241
62315
62923
66147
64856
63348
54501
53385
58866
55151
54464
56272
54417
57606
54773
57744
53677
54981
65161
55788
56372
55054
54099
60603
62129
58216
58107
59436
59221
57620
65291
64062
57389
58516
55049
66272
65892
63297
59215
60559
60749
64893
64835
57990
58644
63323
63182
58196
61233
60725
53443
58693
57030
55265
57044
62480
63733
61191
56378
65634
53715
54182
67481
54553
66611
60641
65160
64563
57347
56503
54674
64259
67110
54290
56940
57088
63284
58141
60519
55192
54383
58359
56102
62307
65080
57305
53541
63828
54664
65631
63873
61641
63452
53891
57126
60720
61365
57357
62574
64822
64931
56798
59143
61055
63412
66039
67329
65994
60423
57398
67315
53485
65418
54868
54256
61141
61649
65464
65045
57690
60572
56180
65528
65003
64808
58824
63559
53456
66066
54744
57160
57097
57613
54954
64808
54809
58700
63734
62246
63537
56549
62002
59121
65177
57035
62945
55999
56119
58929
53656
64777
65211
54370
54250
54719
54687
59851
54157
63406
56604
64467
67429
57511
63692
56331
66055
57595
57312
64440
57416
65658
54120
66708
61731
55495
53622
63620
56784
67468
53433
61097
58678
64210
54178
58223
55388
54737
57411
53765
53909
66018
56689
64075
66854
55076
61655
57005
56257
67464
61206
63023
66397
55616
67242
65711
53866
65885
56185
56541
64543
59309
61589
57804
64754
54341
63371
65625
53430
67465
62030
54789
53405
64049
54959
56908
61077
57830
63351
66666
54418
66767
59174
57835
64802
64218
63832
65922
59012
62115
56776
57113
58701
67014
64383
58500
56783
56712
65179
56377
60419
59267
55135
58203
60166
67354
60302
53864
60736
57618
65572
66611
61917
54446
59929
54292
54849
53513
57390
56779
62423
57895
59355
62273
63044
58331
59143
64482
54709
54318
53505
60681
66836
54060
67171
54394
66495
63508
54972
64004
62862
60488
59276
60944
57177
61990
55526
55934
56192
55059
62866
59945
67062
56692
59362
56073
57134
56216
57277
56312
60666
63004
63619
57147
54383
58013
54964
62664
55716
61662
56531
57053
64864
53731
58335
64273
56831
56847
55838
59884
55657
60819
57344
58622
61226
54399
55733
67148
53833
64380
56760
64662
53808
61990
64792
55641
54520
57574
54544
61273
64284
58276
64442
63686
55104
53768
60062
56831
65389
62603
53837
64914
62689
58143
60876
57576
61911
53851
66960
54613
55154
65080
66014
57393
54022
64618
58506
53636
61566
55068
60479
53643
65769
58085
62850
56719
61109
60893
56040
66669
67155
60401
61199
53584
56840
56486
62342
65395
65837
64779
55608
61209
57051
57630
58785
59528
58708
56759
57905
59177
56204
56193
55529
66824
58833
56525
63774
58478
59075
58565
55972
67266
58941
56921
60758
54340
57914
64932
55335
56374
57604
56514
61342
54227
59451
66667
62121
60095
55601
57547
54766
64191
67419
62902
53707
64460
60668
54741
63879
62810
62531
61551
65113
65929
64336
56095
62486
60336
61301
53874
58436
62484
61282
66256
60431
56250
64407
65084
57628
56146
57343
55097
59481
58805
63121
58710
54953
64226
61275
54644
64985
59343
55693
66938
56308
62467
65054
55523
60549
59437
60061
57262
64053
57840
54422
64212
62845
62314
65269
55102
66271
65228
54990
67112
55476
55345
66755
67517
63461
65628
67591
58601
61443
57488
59039
55559
62464
58684
57723
54287
62872
65353
62540
59137
62007
57241
57555
66757
61843
55666
57103
64233
54891
63626
54699
64396
64357
55813
57512
54286
59940
56676
59691
65158
55344
64667
65375
65809
61237
63102
56972
55289
60941
61408
65863
63242
64932
59839
57741
54730
61665
60269
58728
54658
56052
58906
64965
57093
53656
60278
63118
65218
66188
66267
64833
61509
63559
59581
57532
56718
55509
56232
66505
63331
60064
59912
57774
55685
58627
60756
55797
53707
55805
66254
57126
60300
53941
64815
57478
56172
55956
58144
62151
64264
58133
67490
58538
60990
54764
58515
64379
55612
58252
54670
65526
53899
64489
66197
54613
56035
67356
54485
67456
66419
56206
65908
66199
58444
63019
58503
54290
56020
62709
55055
66157
63214
56199
63309
57691
66060
54003
61880
56057
58204
57868
55942
60289
53447
62466
63004
64750
61660
58888
57514
61309
63043
65390
65987
57997
56011
65688
63578
66065
59914
60741
61267
63712
61611
59235
57680
62117
62729
64578
58780
60748
59685
58091
67547
54101
58827
64017
67047
67458
55798
54073
60671
66859
61900
54188
62844
56115
55409
60010
59460
61954
53848
61294
53634
63264
65265
61467
57567
65124
53979
53998
53683
64223
53655
55037
55328
63523
65529
54466
66674
67329
65286
57377
58294
55579
54984
60454
55261
63483
58356
62438
66735
65335
55036
65292
57105
55609
64350
64950
58622
66799
58622
64013
61409
63309
60698
58446
54056
66761
53510
62861
59985
54029
64621
66817
55034
62118
62546
58937
55509
55858
64731
62782
59961
60302
57359
58315
65040
58569
56613
65770
65007
67255
62998
57152
59377
61358
56451
53857
61675
60486
55832
60056
57821
57331
63442
59641
62894
63313
63032
58154
53445
57086
56237
61837
55131
63446
53621
59463
60293
64466
53498
55893
67408
54833
58484
53833
56596
66158
59376
57581
65852
58799
59664
60282
60438
56390
56581
65470
61735
57411
64141
56739
65736
56664
55857
60180
66373
60649
54394
54943
59518
53533
64335
67244
57982
56599
54965
64864
61794
54999
57790
54345
66070
66337
58588
57428
63057
61848
53521
60442
54842
55445
60410
60648
61788
54877
54977
64928
67319
63377
53438
59808
53379
59589
55009
62334
54387
62981
57287
65242
54382
56620
54330
63741
59915
65779
64801
66928
58761
64119
65576
59178
58595
56340
53581
62466
62050
53634
57994
66424
55520
54915
65239
66825
60531
54010
58959
62614
54058
65360
55219
64812
56088
56963
58648
54800
66958
62150
55721
67561
66866
57109
53897
62902
65041
58994
67381
54718
54443
62921
57179
55384
64517
54373
56196
64070
61231
61495
60850
57613
59662
57110
67053
64959
66958
55019
57537
65312
58108
64125
63064
56473
63474
56088
58431
54388
67477
58953
57264
57925
63614
66687
58183
66486
64664
56154
55359
56854
57164
55183
62248
63093
61028
54285
53952
66538
55673
53707
59240
65264
61277
55672
55362
57763
63208
57035
66761
67011
60738
67104
56573
58548
64244
55487
54554
60738
54429
55426
64082
55914
61266
54721
67055
58249
63858
59197
65460
65344
56257
66562
55939
60375
67599
62071
63235
56574
66002
60052
55946
60444
66572
57738
54305
55546
59728
55355
62428
59788
59035
55905
62487
55916
62008
54156
60128
60344
57388
67007
55756
54455
62664
55536
54918
60713
57574
62277
54771
56656
54744
55141
57554
59127
62406
65705
67411
63533
60203
58890
58270
54564
55548
53406
54798
66946
54602
58543
54529
63485
60032
56699
56346
63393
56190
64062
55800
54921
61482
64155
59117
60806
61832
59650
65831
63124
57023
59342
61734
60061
67550
58119
53849
57528
56684
59888
66566
64290
63127
57856
55000
58680
67086
64257
54801
59095
53372
53849
55439
58471
58937
63774
54064
55908
53612
64306
61450
67540
55333
56548
57867
54085
60646
65027
67404
57311
58191
60405
55250
61579
65113
61937
62570
59286
61445
56812
56094
55688
56114
63482
56575
67222
57025
65341
66808
62805
58401
55205
59907
55166
63017
63202
58081
60472
59017
66265
61053
56176
58589
59110
53696
58394
67241
55401
55643
58391
56896
62837
63620
59785
64183
56367
66153
65954
57596
58124
56119
53797
55493
61704
64508
57745
61193
65679
54802
54801
62968
65199
54338
61770
54676
54000
67215
59268
56811
66780
55184
57561
54503
65112
66964
65180
59905
59411
63955
65975
54307
61559
56849
55942
64275
60159
59272
65494
53513
66656
62800
56705
54138
63533
61387
66965
56913
57671
63849
62627
57010
53970
60534
66211
55956
55606
57291
56820
60163
53891
56083
55662
54353
66258
66126
61870
62866
55191
63526
59062
55344
59147
66190
58394
64497
60173
60347
66368
53675
54042
57604
56428
60672
53380
56482
65113
57954
58191
64808
63307
56478
56512
57914
54889
59540
66129
65230
55491
65731
54054
61636
66414
65437
54815
55905
58742
65748
59947
62464
53566
61846
62638
63307
53460
60419
60488
53678
63735
54558
56312
62796
60844
63420
65095
54140
57368
66663
65566
54540
53777
60247
60892
63821
53777
55067
60986
66858
57011
61858
57652
67486
64877
59460
59345
65691
54537
66041
67542
57356
67375
60456
67314
65417
59932
65530
59302
55739
66793
56283
57199
59879
56775
55051
55848
61908
56595
58904
58097
59256
56627
56748
55561
59847
54544
61062
55924
61226
67269
56295
60533
57464
60908
64892
62109
65244
59773
65191
64289
63650
58524
57534
64546
67171
62978
65209
58139
63543
57614
57356
63824
53903
58823
53951
53426
65600
53996
64190
65380
62147
57204
56005
61532
65101
66445
54246
65554
60401
65855
57017
56588
54041
56169
56828
57716
56357
60098
53387
56645
54711
63524
65946
59241
63877
57313
61359
60791
54977
55428
57611
60818
56556
61235
61972
62529
60250
57949
55121
66263
53405
61774
66307
56566
65429
54592
61886
63707
54509
65881
57355
64182
63490
55417
54040
55562
56133
62003
67288
60232
53506
59741
63378
56537
57031
54058
56336
57260
65830
56389
61184
55364
62776
65951
62535
54744
62270
57435
62409
55749
61291
55747
58401
54386
54682
61658
66941
61453
62665
56780
56862
62288
61131
56466
55062
64442
56524
61872
59070
62950
55353
66805
60339
57159
65865
61443
66055
56666
55360
55768
65320
55246
53935
62193
57050
55976
61351
59818
57548
62219
54604
65352
64118
64151
62837
65889
60285
53852
63749
63979
60518
54360
63264
64040
64984
60759
62313
60221
54994
55641
63964
56360
57996
56871
63605
62983
54921
53502
64069
59410
64427
67277
56874
66971
61058
62831
64637
56026
54007
60943
65286
66996
59637
56346
63710
53536
55769
53656
59493
56685
56728
58117
56376
57163
53807
56804
55452
58116
65897
66642
62688
53716
55867
59548
59181
63138
55028
66959
57908
66021
54699
63774
59893
56768
57578
61499
55311
55267
61721
56459
54766
55215
56929
56429
62720
66182
55971
62081
65741
59444
64042
55530
65470
65273
63907
53868
59973
65900
53687
57723
57042
66183
54984
56900
62951
66627
60974
63957
67033
54156
57233
57905
64294
66548
58005
61509
64220
57053
64949
62582
57313
56727
57323
57766
54916
56798
57076
59553
55610
66647
60821
58403
63771
55808
55199
56779
59988
62742
66094
60328
57869
66583
59808
59337
53461
58597
65194
53922
57630
67171
67170
63333
66858
54850
58571
65231
66564
58100
54208
61314
57342
63931
56412
57590
58548
67458
57384
61418
55396
66624
55704
64823
53575
63722
53510
66437
62359
58307
60627
56118
60763
58979
53402
65490
60058
56724
58102
56646
55868
56980
55346
57291
66200
67432
57378
55555
66857
54076
58946
57775
54787
53561
66718
64700
53671
53982
56143
61979
53777
54174
56026
66059
65709
57265
54413
55174
65824
61560
57846
61243
60627
56794
60027
67049
54419
64748
58173
55064
67118
55629
61345
54676
56230
57631
56024
60237
57459
63049
55889
57173
60660
64040
65231
54259
54598
63375
66366
62056
64312
62262
59827
53424
63508
61080
56806
61727
55993
60987
57023
59643
61294
64240
61513
65481
63212
55735
57504
54157
57529
58630
60385
53558
59912
58316
60369
57511
57747
66563
64190
59168
61005
57170
64715
60012
58244
61033
64667
55223
60080
66210
56351
65139
58673
56227
54727
58945
58293
54770
58881
57103
66780
61796
63964
57755
59711
66515
53689
65201
60228
62967
67036
56617
64887
54618
57911
61102
54800
64423
60649
63632
65779
57636
55974
56742
64560
54857
62358
56471
61896
54518
58276
64154
56057
64007
67201
55266
60877
55179
57199
56240
67021
63293
61107
64736
63370
66136
64796
64452
55134
54107
60395
65840
55718
66312
57816
64102
54337
63003
59916
55260
60223
58817
57608
55285
54447
62739
62344
59457
54404
62155
56745
65037
56449
56566
65579
53478
55483
66152
65401
55332
55604
63028
65234
63596
57217
66768
64043
57266
57674
63244
57937
55127
59770
63688
55248
56906
59990
54720
56036
57814
67440
61339
57412
63691
59482
57211
56642
66563
61933
54059
60505
62880
55451
64321
65371
60315
66089
61952
56333
53580
55793
57417
61819
66426
56711
54147
61066
53455
65442
66634
56330
57277
55639
60414
55647
57997
65320
65926
66782
56883
62878
55374
61088
62544
54324
55429
54452
56873
65306
60377
61952
57014
66926
53662
62392
65971
55186
54157
62090
57513
56494
57711
65710
54948
59041
59311
63115
61104
58413
56751
55011
58060
55706
59310
66843
54463
59819
58242
59004
59478
64061
55496
64706
65038
60046
55968
56314
58858
66151
64006
56787
59870
62432
62997
63555
62098
66009
64306
67337
62801
56477
55209
56171
65534
58152
66211
59428
56157
57871
55028
56189
59971
53941
62221
59548
57471
53752
54129
55668
61944
54482
64750
60712
57478
60367
60196
61441
64408
61050
60092
66254
60795
59308
55446
53635
58948
67475
67407
62470
56009
57966
55307
66408
64082
60091
57181
61354
58943
54696
54969
62784
57158
57480
54447
61966
54873
56969
54369
55666
54139
55826
54065
61703
54077
56355
65324
54840
63212
57755
58888
55252
56178
61934
58740
54072
56666
65535
53568
65056
60616
55117
64676
55119
53576
56154
61769
60831
57502
58311
58915
60722
65615
61657
57355
54373
60523
62826
65281
59586
67354
65553
55701
58479
66688
65775
57924
65731
54506
67380
61881
54175
66758
62672
60223
59629
56313
65593
65075
61950
54673
63135
57995
55053
59513
65601
61460
65893
56079
65000
60051
55356
66641
55157
54068
57925
61659
65403
56071
58849
54468
67094
53835
56684
58423
60894
55156
56672
65534
57375
62563
55973
66484
57393
54205
60839
58819
56701
63541
63536
58723
58776
60038
60452
54670
67384
54502
54578
61413
66150
54237
64653
66170
60183
61522
63559
59577
56141
56894
66834
63932
55942
64299
56612
66146
55594
57109
55497
59027
56965
66392
62837
55805
64913
61599
67553
59632
53796
56233
55555
62818
62426
55940
61939
65955
54546
54012
54033
59247
59477
54336
53894
55894
57597
61121
61761
60163
65713
63090
62002
58329
54105
56053
61091
57786
66879
53918
56601
53912
65585
53445
61134
66717
61668
65633
56910
62152
63386
57861
61261
55088
63054
60069
67119
61910
61767
53717
56956
60074
56524
64287
66594
53409
65444
65730
64755
57146
63872
55386
63680
53469
58894
61025
56285
54326
65504
61195
57137
56411
67558
66711
53763
64607
54819
67045
56018
59304
57347
62745
55318
62516
67513
59369
59086
67041
59034
60167
57596
61346
54285
60137
58230
57241
62242
56446
54558
60459
56434
55615
54428
64415
64861
56348
55166
58731
55826
61766
53727
53830
62658
56561
64850
58773
54778
61157
66170
66185
55683
56213
58649
55785
66903
58851
64482
64121
59182
56465
65411
59422
67386
54054
54734
57243
54965
61235
65719
58967
54049
62858
61589
63871
56731
54028
53970
63109
54971
61822
57626
56644
58888
66620
66269
54865
53716
55921
55416
64195
57906
54590
58253
63541
60375
60062
58389
54464
64408
64535
57025
67299
66924
66656
56966
55431
58510
58879
61477
59484
61236
54254
56246
64224
58381
64700
66345
63447
56521
58917
55488
65029
64368
54613
62707
57759
62022
56812
63075
66943
64500
53733
56852
57425
58464
62266
57579
56895
65354
59100
66896
56028
61567
55778
60186
54287
54374
54365
56688
54667
65488
61794
56878
57837
56844
60276
67554
54864
59509
66428
57769
63014
64000
62465
59419
63349
57050
54455
54401
65131
57195
60724
62435
66886
65612
59677
56112
66154
56855
53522
58883
56187
55245
61364
56528
60909
57532
58369
57085
56330
65238
56131
56573
55145
63670
67034
58239
62354
64535
54797
65623
53509
55742
58676
63019
54519
54422
57615
59569
57290
56947
66451
63876
59467
53809
54312
55969
53445
64087
56438
65496
54244
62451
63629
58765
54308
56418
54664
54150
57965
58569
55219
58309
58046
63688
64217
65646
61632
63246
62996
59373
67566
66471
65222
65080
59874
63417
56118
53417
56529
57785
54026
59033
64613
55596
64948
58887
56504
53368
55881
53701
59141
57663
65901
61467
63993
63398
57731
60561
65770
57846
55874
54812
55432
60361
59299
65745
55055
66492
56241
59104
57431
60527
64090
63589
63305
58814
54550
53688
54569
66858
56467
56490
62231
63100
55803
66585
54444
54146
58498
55825
67480
64989
53990
64460
66518
59187
59601
58976
57958
64982
65618
55171
55183
53641
58633
53366
64085
58129
57332
66721
55903
56831
61564
53426
61113
55160
55071
62629
55877
61115
57598
54176
57334
62003
58942
64632
65304
56442
66853
67455
61672
56716
59016
62429
60588
53453
66993
58226
65931
57052
66067
53940
65615
64574
63819
66881
64050
65425
54339
58963
62914
63088
55041
58383
59665
58333
59021
65035
58093
66256
60140
57506
55274
64420
63208
67108
53566
55803
55804
59747
54589
56875
55895
67337
57007
64133
63234
59423
67218
55756
61515
57701
55169
55722
56879
65608
63123
60727
56542
56375
62765
66405
57084
58242
54745
59336
66639
63061
54811
53925
54278
64339
55774
66031
55084
66896
58997
59873
55067
61043
67139
55198
60469
54469
53551
64647
55211
53969
66108
56737
61507
58943
62454
62929
56953
66926
55717
57310
62341
54381
66338
65549
67339
62856
62363
54010
56688
61464
54462
57505
55455
54485
64558
55871
60106
57124
60626
57500
62818
56491
61831
54247
53559
57403
60581
54401
56381
66298
57763
63313
54206
61297
59093
60523
65312
61801
58000
66758
62450
55991
53838
64151
55985
57262
62862
59718
59120
63545
64448
56620
58619
59973
62404
60359
56525
61445
60804
56143
64583
64654
63263
64207
60767
53902
65978
61360
54414
62119
60035
67029
64652
54053
64488
57552
55896
56297
63079
64259
56460
62518
54114
64314
57808
63281
53816
62323
53919
63340
54081
67106
58856
60254
64169
66338
64275
55584
54382
65285
66229
56081
54297
67095
62737
58744
54401
62318
61858
62296
54559
63754
62859
62257
63393
60710
64151
54375
63275
53844
59155
66856
58465
60074
57489
53697
59659
67282
53981
65117
61358
56605
55980
60851
56695
60628
66110
66993
55487
63714
59991
53610
62310
57915
61339
55129
55622
63711
56028
59170
58467
56878
54163
65903
63423
53386
58063
53744
56126
62730
58162
66113
60278
57939
57152
62138
59134
58890
65775
58486
64448
62907
57819
61733
58837
66372
65863
57614
65029
65267
64589
59805
56254
60600
55130
55986
56799
67115
62066
63800
63068
59824
53748
64843
53428
65737
58672
64677
59855
56462
59877
54331
54845
61336
66255
59341
55366
60082
67388
57982
62212
55022
53926
58403
65025
53992
63461
66541
54813
67007
54565
60847
63549
55230
54010
53558
57294
64564
63822
56119
58354
57245
53928
66783
55241
57507
60771
63268
65222
67187
55542
54465
59474
64730
67202
58125
61956
61960
61869
66303
59341
54130
59940
62816
60160
65910
55615
56382
64323
61891
66605
54611
60962
58395
61171
57425
60859
58780
54013
55810
67419
63493
56590
65785
53454
60204
57310
56177
61226
54913
66319
65089
62563
62219
65636
63243
64113
63554
61597
58251
65392
54116
65157
60556
57403
66992
60474
53883
57693
58132
53461
58376
56789
65055
59776
56484
56408
57524
53929
64267
54847
54445
53443
60751
60492
54405
60861
60342
60834
67133
55357
65805
56726
62897
63088
67465
64707
58738
55039
59517
55710
60689
62512
66472
60545
64269
65529
60064
62331
55979
61552
55812
55428
65181
63535
62203
64101
60164
63874
53790
57161
66391
61788
62894
63635
54230
66113
61688
58323
61584
54713
63764
61542
55645
55151
53598
63432
57277
58727
63428
63482
54709
54252
60371
62144
55559
57271
60534
53460
63133
60357
65769
60130
63908
64039
64600
64721
54138
57632
62355
67420
53698
60244
67371
54955
56664
54630
62713
63458
57335
66914
56503
53481
63324
67506
54959
54721
57486
55424
60677
54447
62279
61037
56748
62457
54567
57160
63674
56797
67407
64593
60836
64452
58679
55650
63597
67424
54851
62657
64380
67421
65611
63118
55338
55736
55938
55735
64045
56165
66855
56856
55204
56971
64786
58413
57509
59710
53923
59034
64843
64961
65854
53444
61976
54919
57250
58810
66489
56181
56497
65178
60819
67086
64697
66763
53627
56942
54666
63885
60062
58559
63866
54392
54177
66645
62608
66420
61621
59494
65634
64967
59797
64921
54852
56672
62458
63889
58916
55212
62089
65543
53979
55954
55025
55573
63593
54203
57518
60042
56396
57058
53759
65642
53390
63703
61732
65702
64091
60771
56196
67083
55975
55884
58503
60686
66356
63744
54964
61027
65927
54796
58678
59079
66557
55553
59887
57778
61653
53555
54913
57783
58208
64684
56168
59610
57641
57518
60405
58474
54973
62205
58457
54464
54672
64645
60954
57532
62140
53450
63370
60817
66340
56766
61183
67335
62328
54342
64678
64469
57808
57477
56102
54323
56236
65339
56930
54109
63546
58387
57403
58038
55278
53512
56085
57326
66916
60049
60256
54236
53563
59275
62591
62975
58900
55806
57440
58248
53388
57347
62702
63386
59644
58949
64139
54881
65351
67567
55356
54784
56097
59469
58378
60091
67523
63519
61132
54052
64953
67239
54063
60207
62022
62572
57034
62729
55779
60123
62330
62203
67450
66026
63138
61800
64866
57677
54447
59558
63554
66876
55733
56958
56708
55099
55708
59316
61154
54409
62312
66155
58176
55278
59968
59823
56597
66682
65875
61298
61475
55347
57204
54405
56532
63708
55872
62181
60758
57815
64871
54352
61377
60273
54411
63478
59759
56714
62418
61264
64812
57161
58915
61342
66080
56281
57748
57064
65685
54498
63152
63562
65627
63368
64986
57844
60508
66642
56850
60424
62914
57355
55908
55326
54526
56130
65641
56102
55323
54062
56419
63163
57464
56970
55594
58365
64702
57527
62494
53420
56043
57130
56976
57665
53851
65403
54332
57918
59196
63197
53768
57578
62853
66377
59560
56947
66182
62344
64875
67578
59786
61951
59955
59996
61935
53450
58497
61200
56346
54812
67373
62195
55126
57625
64621
60021
63792
61386
53375
57608
57007
65406
57437
62594
56587
65004
63156
53971
54921
55564
61089
65912
54560
60397
64430
55912
66921
64151
53960
53985
53670
64059
67467
62280
66906
61190
66191
57748
57818
54622
57893
59655
60947
64818
62903
58944
66729
59832
64307
61369
54130
64694
54717
59880
63528
55655
62490
64087
61002
64680
53981
55569
54558
58079
62355
59642
56812
63568
57462
54792
55912
53525
65770
59477
62087
54963
65766
55224
53714
63408
61884
54766
65760
63658
54904
60345
65454
57098
64064
64025
57603
61289
66087
55912
56885
60612
61894
61290
53941
57705
58352
65873
63633
56448
59619
60692
53847
53858
62328
58628
61000
61577
67110
55453
55363
57276
54706
66657
67242
55336
57872
65249
57610
57990
67269
67214
60659
56095
58952
63246
54051
53799
54284
56774
55903
56715
55219
57561
58702
59513
61118
61147
64395
64364
53453
62414
60546
63905
65924
53933
59077
64127
67408
56547
55865
61381
64320
63540
66555
60051
56712
61449
65691
63439
63825
62608
53676
58426
55205
63314
57344
57397
59114
65486
53994
64790
57486
60394
56153
57071
66232
55723
61774
59361
59816
54857
54925
67312
59725
64193
67378
60999
62318
65238
56923
57197
56187
54370
63695
64161
59569
64005
61557
66062
64154
57040
61508
59294
65629
61530
65178
55773
53818
58183
55760
53439
58134
54066
60723
53926
55720
66427
56157
62025
62895
61734
63492
62145
58344
64257
66364
53895
59246
66396
59579
57457
66323
59380
55096
65189
53503
67582
60418
56858
62520
59095
54206
54497
58047
55161
61475
63058
65129
58851
62000
55397
64284
60809
60139
67572
56612
56681
65983
55942
59751
54162
53708
56633
60354
62315
56196
62608
67340
63783
66733
64685
56787
66493
64364
66322
56796
57878
66628
58092
54588
62154
57620
54765
65093
65399
66046
57568
56100
61476
60982
58148
65563
62662
62710
65091
54365
54966
66368
63683
61551
57113
64275
59587
54978
59484
66146
54994
58914
65788
66449
64670
61492
55334
53498
65914
61089
62250
54272
54476
55698
58974
63936
54269
57447
55251
54645
57448
54793
53381
54448
64423
57549
59438
65375
67214
67165
62026
63375
54830
63107
60054
66838
65754
54847
54514
53380
54666
58205
55832
59839
56477
54640
62676
64728
57049
60154
61035
64836
61474
53714
54607
57093
56493
55900
54832
59846
53486
59173
59771
53970
61138
59897
67448
56126
66724
58171
65266
55115
53903
55909
67389
55350
64602
66592
62980
65862
65056
59936
53863
65673
53377
54128
66018
55161
59859
53690
66903
67553
56926
55859
57073
61848
55173
63840
55343
55372
61186
58224
64095
55087
64651
63072
65035
54438
65950
56219
65433
64737
59678
53730
67250
53404
54477
65256
63990
53438
63298
55296
57759
54643
63411
66064
59661
67589
55136
57981
63267
63202
67039
54741
60542
65197
61544
55960
64125
61985
56291
60151
58378
67224
62575
57684
58607
53645
56791
56003
55293
53381
66205
60747
62388
57150
54845
65261
56026
64956
58220
66884
67401
64106
63759
57632
62849
61558
65896
56661
61274
53961
57404
66908
67149
55344
54707
62237
60375
56773
66026
62572
65863
59201
63084
55489
66079
54956
67383
64744
63714
63867
66643
54424
56117
62687
61704
66548
63806
62920
64249
63454
53819
59553
59932
58048
61849
56044
61821
61881
64846
65470
57598
53841
65412
64617
63494
57122
54075
58672
65558
63112
54748
57536
58015
57565
59129
61817
61129
59970
61798
64556
55269
53616
54288
62977
62296
65448
56851
65955
65510
57137
56251
62811
60978
57596
66383
61723
67098
61613
62020
55306
57648
64801
55024
55676
59658
54578
63899
67365
65296
66322
55357
61820
55021
57860
63883
63612
57270
55058
55157
59222
64934
64846
65928
57980
57138
54802
56107
54009
57616
53389
55384
65696
54719
54845
67026
53591
54012
53869
54206
60510
54833
57480
57547
56147
65018
59419
54089
60532
54618
65894
55799
66020
62506
65425
59172
62696
60534
66948
58074
64861
57650
55678
59056
60516
55340
54152
60090
55147
56052
64222
59017
65932
57219
56185
54466
64493
62700
53917
62601
66021
56482
66573
62561
65894
56509
61680
66132
62786
61267
63487
55958
65255
54443
54314
62063
65519
53426
62266
65883
53803
58939
55826
64443
67369
65940
65815
57078
55229
55277
57800
62875
65154
53416
54690
62682
64696
56475
66682
53604
56256
56810
67276
57392
56305
57200
55631
54358
62386
53688
56636
60106
57175
61847
64070
62855
53961
55029
66942
59385
53803
53694
62217
54360
62640
54938
56730
57524
56088
54311
54734
53852
64740
65359
56069
58216
59221
61652
65584
54762
63627
56788
61529
56824
54370
61323
61170
55251
53502
53481
58371
65731
63122
62166
65714
65551
64035
58859
67600
55358
59105
57482
56934
62976
59825
55329
62155
56473
54488
57307
53751
55106
61349
64415
53442
66894
64151
65143
55794
61149
56582
63577
54075
62863
64750
55606
63593
62360
61173
59837
55851
55588
62935
53512
62749
57292
53736
54093
67361
61062
58268
66925
62364
56353
54331
60259
54510
60965
65548
58885
57105
56801
67159
53427
55288
56346
62778
56058
58784
58734
62256
58182
58679
65625
53620
60769
60076
63387
65939
53484
57141
55461
56985
59418
59319
54321
64692
59426
54345
67539
61962
53986
58801
55568
57838
54702
54195
66916
65174
59331
56952
61171
61014
57049
67126
56835
59927
64323
53566
62659
61108
64490
53880
55746
60215
54013
59864
60495
57121
55829
60911
58830
66357
54290
64089
56712
62906
63315
64004
53508
53369
60220
54609
59847
66144
63202
59341
61456
60604
65557
59501
62886
63454
67440
55837
62960
57207
55629
56657
64365
54163
63004
65750
62554
62055
64622
60374
65118
57517
65839
60470
53604
57456
67166
55583
57669
56220
62074
61483
63547
66757
65038
54204
61503
54448
58369
64528
61061
56660
58449
60054
58800
60057
60134
60914
64742
54512
61733
65483
56058
65304
55551
62458
54750
55476
60082
60216
60270
56012
62013
56569
54240
63477
63109
57586
66897
60618
59659
57362
54134
64214
56597
62574
54417
56186
54417
57989
66502
54066
64720
61671
65228
67192
57331
65933
61966
66672
54717
57642
53850
63023
62332
63054
67554
66294
57599
55975
62009
60309
58723
63377
56071
58367
59618
55721
59585
54620
65389
56142
67595
67191
55023
60385
58541
64167
64996
61583
55508
58775
55258
55761
56581
56508
66790
63348
64861
62412
57294
56736
64272
59667
64992
60233
53874
56301
61608
56124
61170
53895
59648
60401
63556
56560
67550
61380
55143
57228
59985
56066
56146
54399
62998
56616
64329
57460
66368
63530
56656
63918
53463
58769
62217
58063
64773
54340
63010
56845
67272
58998
62298
53918
57139
54247
61809
53925
59863
60308
64282
66457
60193
67344
67554
63025
57894
67001
63199
54573
62695
65920
57886
55193
65585
66492
55451
67125
60846
65472
59878
63853
56340
53739
61873
57386
65025
61628
65757
55372
59322
54341
62528
56674
62848
61749
65181
66383
63646
61101
63227
57864
62947
67381
55056
56474
64977
62022
55098
55526
59152
60385
64847
56615
66418
59359
53764
54769
57817
55110
62831
60476
64141
59412
63064
65353
65043
53466
62505
56364
57099
62040
60152
64900
64519
56297
64728
65048
55446
58916
67540
62765
60054
60066
63452
61997
56880
58033
54365
60708
60527
57058
53567
59137
55520
59017
66045
54259
58460
65491
65405
54655
54313
55627
57316
53775
60842
64942
64059
57743
63029
60077
55370
54038
56942
58759
62900
61376
53875
56998
53641
59608
65909
67124
63517
56812
63000
62184
67560
65389
58843
59286
55228
62876
59738
59401
65489
54231
53512
57470
57045
63051
54077
63827
57793
57804
67427
61200
60201
59146
53591
64473
65550
57317
55213
58612
65109
56860
65081
54234
54864
55667
63857
60112
53747
59374
64485
59222
57740
55835
60084
66379
62321
54436
54668
54009
53575
58963
63790
54565
64490
60986
54890
65079
54873
67489
59419
63136
55637
66934
55822
60206
66635
62017
54443
57776
53466
63778
67321
64930
56687
55672
66173
64007
53952
56205
60548
56862
64192
55835
53387
57590
64542
60369
62932
64154
54008
55360
59490
64789
65571
54874
65251
55764
64726
59764
62941
54600
59253
66551
64725
65240
57496
56038
62242
55507
54042
57049
57156
65556
58012
54692
67054
54996
63339
55066
65813
59611
62517
57839
54355
60712
65892
65731
63123
58480
59873
65270
58599
66025
53536
63339
63788
62786
62259
56488
57103
54879
66240
59311
54173
53424
58183
53930
63117
54013
62223
55887
59026
59436
55212
65226
57589
54130
61034
55031
53762
58832
56870
55974
57563
54778
65315
56248
64318
64198
55157
60815
62762
57833
65551
60860
63732
54810
62738
57309
60711
56820
55478
59718
53559
65295
56970
66493
58462
59419
54518
57416
54139
53814
66852
62019
63638
67299
65342
60920
60918
54030
55696
57759
61845
53882
60756
62838
65208
57744
64063
62255
66830
58250
66826
53396
54676
57199
65378
58925
56500
59727
62967
53900
60300
62243
54864
56024
57494
55346
64376
66118
53914
58792
53575
64617
57813
59171
61070
60468
58356
60791
63173
53585
62853
63250
61893
65961
60030
58340
57500
55741
55338
56783
54831
54059
60506
57311
57258
63270
60156
56714
64752
57616
59317
59732
54234
61938
54806
58308
65414
59792
62095
64581
64256
59066
55093
64815
59002
58600
60944
59555
64489
60187
53694
55775
53512
56530
66809
67347
58567
53691
54255
54342
55628
55851
62379
55958
60789
56155
54259
58941
60373
63702
54244
64611
54658
61731
63044
63862
61656
60694
56602
62321
56786
64263
56565
64886
53454
55940
56481
54654
67056
54142
61340
55064
65299
57415
58807
60158
55632
62954
64133
67123
55886
63874
59464
56313
56893
66075
60750
57562
59707
56417
56131
56317
55901
59483
56159
54232
56765
64121
67149
53501
56244
55366
54990
59616
64216
63404
62102
54790
59148
54848
54134
55178
65720
57704
61546
55406
53878
54971
57347
60927
56120
57556
53517
65621
53591
63171
55397
56347
61518
53961
67462
64314
66487
56159
59762
55217
54181
67003
59240
61596
65030
65484
64008
56126
61661
66137
55226
55416
55440
55795
62722
56957
53486
65058
58245
54591
54674
66562
62762
53447
54012
63601
59068
59984
59008
64908
58721
56069
55323
62960
56494
64863
57199
61174
53781
60971
56125
54617
57471
57079
65148
58498
58476
55675
57638
57169
54217
55434
54296
55019
60715
60827
54666
57601
55867
62887
54129
56814
55565
58028
57196
62075
53960
66921
65858
55481
55002
62937
58361
55068
62469
57679
54420
54536
54382
55065
65680
64091
60209
54629
54952
62975
67489
56045
55009
56494
56420
58044
54663
67192
56412
54246
54269
62098
61559
54248
62370
67459
64734
57480
67350
55401
55549
67393
58566
57266
54361
55486
56572
62580
64128
53782
61760
66506
55348
59997
55982
57326
60088
58232
66218
64676
58788
55453
55992
57291
63339
61216
53928
66720
57486
64387
67265
66575
66481
54769
53596
55599
66426
66545
58631
59347
63341
67200
67499
54085
56552
56444
55126
61971
67068
58816
67551
66823
61138
56833
54778
66118
67568
59234
59026
60628
56370
56451
65348
62151
63270
57099
66301
64234
55888
55066
60531
54826
53371
57370
57377
55709
55077
56439
62901
65995
54295
64286
61359
55897
58293
59018
63225
55435
63921
56257
64089
61710
61634
60894
53462
53889
60480
56823
60339
55189
57465
55400
57258
60034
57198
58446
54245
61012
54622
61101
57582
61906
66041
56955
59780
57469
56629
63722
53389
63564
66137
54471
54772
59650
57590
66821
61685
63699
65899
61493
66345
58563
66318
66481
62633
55372
61345
62826
57175
63025
62030
55016
58160
58017
59006
63948
55062
58645
62875
58444
57146
65597
57973
57578
58351
54657
56429
55781
59146
57112
61430
53562
58877
64737
57540
65395
62935
66470
67302
54648
55944
60633
53837
61560
65702
63322
66818
56863
58175
55695
56926
63121
55102
64797
64935
57171
60511
53806
65310
54117
53644
62811
58098
60481
58008
55207
55912
58145
66267
61473
57131
57231
53530
56853
53835
54227
62698
63548
60315
63279
54114
63702
57821
60320
58702
54514
66047
60361
60780
56925
57976
62695
63577
60099
57307
56632
55910
55608
56301
67361
67154
55116
58939
56541
63696
67465
59872
58233
65978
54782
62511
53501
64126
56673
55448
64899
61846
58810
55685
62431
64807
55002
57898
60240
61833
55776
53659
65194
57457
53583
56920
53386
57397
53920
59479
54868
63146
58121
60388
64638
63780
66085
66259
55098
56457
57315
54613
63603
60304
60878
55272
57915
66022
66990
54532
59166
57981
54563
65747
65145
57599
63891
53986
57180
55464
64163
60860
62337
55280
66069
58702
62990
61336
58112
63425
59350
56028
56011
59255
54848
55845
64805
60867
59768
66463
55629
60578
60414
58613
56900
61202
54795
62463
59507
61390
61200
60386
63954
58383
56004
64387
57468
56877
59724
56471
63101
63176
56363
66702
63014
56606
56832
65325
62303
62484
54864
63471
57167
61119
59691
54215
63366
59073
63238
58479
54209
63568
55811
65287
61564
59970
53488
64401
57007
58990
65748
59854
58296
61908
66700
62063
63353
62763
54903
58730
54744
66237
57345
56078
58110
64818
57383
66313
61930
59513
55252
59758
55143
66069
62804
57411
59717
56171
58238
63161
57277
59907
66782
63197
57657
57723
58881
58009
61808
61151
64382
60586
56283
61933
65526
55000
60402
55356
61795
57453
56485
60029
53967
55637
53381
54446
53727
66649
62299
55209
59565
65657
57844
65056
54365
66696
55397
58934
59842
65603
54486
59972
56738
55939
59765
64258
67085
54314
57192
61326
65766
66843
66100
53708
63707
55400
62947
63232
65780
55681
55650
53743
64266
56671
54295
54323
58491
57441
54632
62207
64752
64181
53421
55425
54398
54499
61444
61921
60750
60946
55632
65697
58470
60559
62620
63830
60084
60910
59764
65567
58256
57747
58201
56213
63006
62324
57829
56952
64291
62276
63648
59626
56555
55706
53870
60497
56808
67254
59683
66651
64741
59561
66564
56726
53890
55747
65942
61757
56660
60709
55454
66802
66064
54761
61087
62847
65636
63711
65577
66672
60513
63246
54368
53477
65461
62115
64062
59589
64572
60724
53972
65734
55626
54113
61162
55566
61603
54790
57768
64010
65020
57600
55998
55897
54379
63141
54614
67478
59926
61367
61460
53495
61368
66657
54558
53753
62614
60552
58960
65690
61464
56579
57249
63897
56401
57632
55957
58499
66323
62059
58409
55468
56578
66858
63942
56589
62954
66622
54677
56532
57509
64352
55173
64298
63186
59620
66055
64957
60523
60295
56308
54637
67372
56760
55191
57079
56113
63114
57096
65282
61471
54151
65196
56747
63819
60121
66569
53455
64198
54762
54822
59724
63151
58125
57152
55132
67153
53576
60307
63251
60182
60356
62573
55070
59384
62945
60722
60836
58426
61327
55849
53675
58676
65774
54166
61773
60652
58108
54180
54597
65077
53876
58970
60249
53572
60498
62179
64691
55494
59404
53506
61849
59199
58984
60756
57359
56267
60519
58890
64434
65828
54516
53856
66822
53719
62338
67281
53872
64260
53766
59482
67011
60188
64302
62974
55628
67509
55063
62045
60446
57473
55441
66846
56620
54372
54445
63127
55812
60842
64247
55776
54866
62901
60661
57581
65850
66937
55025
61266
65551
61994
58163
55611
67129
59278
57062
53479
65521
60365
54652
62827
67322
67110
57506
54634
65187
55524
66938
57662
65433
63289
55723
60148
67369
63124
56983
55120
58690
56873
54582
61131
66267
54843
59548
59114
60358
59653
60710
66935
63660
59271
54547
66270
64135
57307
57151
54001
56231
62723
56161
62680
59506
61033
62600
61597
63815
57747
53922
57037
54765
64569
54443
58713
60290
59531
59816
57594
65820
63796
58503
58556
62896
59767
65494
64228
63452
67432
61866
57371
55437
54510
55987
57515
60572
54726
66276
60082
55641
57125
63800
55811
65532
53386
64303
65988
57659
66126
66460
58407
57172
58658
64680
62387
65021
54218
56043
66080
58414
54246
60151
58865
56353
67078
63671
62847
54545
58062
56666
67366
56999
60347
58717
54818
58422
65604
65743
55918
58010
67230
64895
55618
64733
59784
65708
56067
59558
53484
56623
62372
53990
63010
54802
55194
56631
56517
56181
53728
67435
64426
59240
57675
56383
57157
55781
65311
55562
59163
58404
57994
57785
67327
57391
57778
65077
56510
67160
57721
65808
55286
54671
66707
66362
53632
65218
53418
57043
58188
62052
62831
59526
62339
65313
63911
60009
57150
56279
55422
64716
56081
55533
64956
63545
61773
63044
55789
53632
54799
60728
54591
55206
65825
57071
67411
62185
63269
56013
56037
53402
62315
63618
61672
64211
60619
54920
59799
55322
54908
62187
59169
57627
67330
67356
56272
61825
53853
60120
56776
57647
59525
53641
58748
56343
63249
53935
61306
62687
64566
61344
56081
61502
58487
58431
67480
58748
55456
61623
60294
57028
65600
62533
58038
54915
65090
53392
58856
53600
58066
56814
62605
57235
64709
57997
54129
57274
53948
53622
53392
57887
56177
64051
64165
64253
55502
55720
59727
54933
62544
54340
64267
64031
65816
57645
67145
65201
66139
67282
67577
57693
66827
55658
59436
66754
56302
57759
67602
62442
59085
54344
54812
55871
61292
63817
57672
60356
64139
55860
54574
55548
66051
58766
54916
65235
57214
56459
66952
55349
62409
64782
63173
59933
63247
53869
65867
56900
62791
56373
65474
63029
53917
58643
62567
55618
57954
66561
62138
65741
56955
63474
59281
54610
56396
63909
62075
64805
64269
62654
54979
65258
61055
64576
57451
56499
57220
54277
57006
59228
55300
62249
60876
65256
60291
59858
63960
57993
63358
55393
58032
67485
60021
63901
54211
55607
55405
54849
54829
54157
54225
58895
57256
58725
56648
66568
59146
67307
62525
57913
64315
54386
54181
59373
58496
66888
66621
57231
59919
64983
59941
63885
63351
60607
56325
54113
55389
66688
57871
53922
64515
63991
56788
62372
62193
57905
60172
66094
60965
55851
66732
66408
53427
60853
60709
60773
58522
61608
56368
57760
62164
55920
56900
55160
64548
63522
55385
61518
65459
65443
54640
60870
61617
67262
53528
57333
59414
64690
57523
56184
55824
58994
63292
53649
61258
65086
54899
57651
64680
67593
57797
58488
62833
57286
55804
57736
63884
66933
54468
54587
57188
63354
55077
59249
54082
58604
58494
65677
61271
63052
64724
59886
55467
64510
59528
62258
56527
60432
53554
61611
55706
58152
60396
66508
55419
54433
56685
53548
59005
55998
55915
62642
65635
61698
66636
61567
53867
57857
61075
58684
56213
57314
67045
55245
56708
64466
66635
66381
58729
54184
64407
64998
62741
57491
54995
54409
64561
65806
66276
62118
57898
61442
65282
57206
57781
66622
54338
59239
54157
62439
56179
54737
53918
66441
61216
60338
56874
62601
57297
58823
56300
58049
61533
58694
64290
55916
57500
64358
53995
66112
57578
65795
59895
61456
58769
59746
60361
56590
66521
65580
58157
56456
62893
55881
53527
56703
61239
57785
66663
55410
55304
66755
63416
61561
58582
54264
55353
54366
64461
57183
64212
58571
63285
60720
63415
54343
58189
67407
53828
55145
63030
56481
56525
55204
67047
53440
65434
62596
61230
58732
61376
57569
63126
54222
62699
56279
62622
66037
61018
56703
59182
59011
66576
53642
60208
63684
64836
67474
64556
53394
54645
56105
53510
59355
60564
67599
57446
56060
54926
57238
61976
56096
54944
67433
66447
61969
65358
55365
56712
66221
66921
54474
53948
54258
62974
55565
56781
54712
58372
66018
63358
55689
55028
58015
54867
54376
59873
63569
60523
53439
54463
66711
62482
55851
65589
61464
64170
62724
67147
64178
57228
67552
53835
53461
61584
57683
55606
56225
59394
61445
56866
56277
61161
54490
67127
67585
67560
67322
60358
55290
53717
56403
61374
62492
59176
62284
61625
55423
55531
58448
56419
59422
58670
62253
60622
58137
56993
55958
54425
59161
62500
54160
54727
65626
54308
54688
59136
55935
55199
65761
62781
58489
56053
59097
65498
66250
55846
57168
62895
60787
63410
55689
61415
58448
61849
53667
55790
56523
67542
62699
60616
54499
54122
53758
55083
54180
61913
66657
58363
61325
55372
59939
53378
60922
66579
53595
61964
56626
64657
61454
64714
66814
65205
57811
64794
60815
54492
55217
53776
56473
57174
54016
66782
55078
64653
57425
65837
56381
54894
62416
60535
62259
56106
58392
67153
60125
59541
59676
66275
54671
54977
67036
53499
58792
54436
60481
61944
63744
59910
60021
58498
55146
63132
56423
57600
62257
55964
64407
64528
61663
57541
65645
62938
56084
59076
66192
54242
57388
54798
54266
64380
56603
56544
57100
61338
56396
53395
56094
62853
56321
66910
64199
55047
64479
57236
58588
55970
58919
59068
54169
65136
60322
58712
61185
54985
66585
54053
65459
54584
59599
60579
55644
55087
55775
54482
59025
55953
60243
54255
57158
61025
55798
60671
56111
67044
55033
57889
59543
57043
60788
58939
59586
57345
53545
59993
62841
66322
63407
56716
58610
61336
61604
64444
59983
56383
61949
64511
53532
61495
57695
57410
63875
57614
54312
66695
54706
55647
60818
60030
54297
57360
65793
56870
62606
53930
57734
54610
56493
54802
56864
60303
60679
54024
64913
53552
62690
64945
64535
66220
63286
53584
53451
57421
58348
61535
61778
57191
55489
57164
66906
65423
56255
57948
63880
64306
57007
54913
56800
58865
65588
53575
64696
61654
53375
64231
59881
65817
58849
63672
58342
56403
67182
65591
67013
66254
62576
65464
61244
64779
54075
62796
67455
59647
61740
54303
60441
55604
55579
56751
65407
59877
55024
57585
58535
66236
60339
65031
56399
59083
64292
65687
61029
59422
59576
63842
64265
62816
54208
55686
58133
65757
54183
57496
61960
59898
60593
64706
54861
54682
67314
60965
59103
53500
60292
64595
53840
55914
61705
55191
65341
55205
60989
62632
60175
67473
54303
62593
66060
56983
60574
61042
67443
54679
53914
54757
56435
56413
58940
58014
63258
59614
56033
60965
56188
61869
65733
55921
67119
56410
56369
57740
60738
65937
66944
67441
61657
54480
55757
57074
60748
53629
53770
57469
65224
56724
56009
53522
60597
54743
65173
58668
59979
57838
55284
63311
61919
57801
58359
63539
53450
64299
60183
63257
61755
54305
56460
59466
67237
56505
56616
59373
65012
60784
61387
53559
62964
53701
58633
64180
60858
55909
64461
54370
63319
57119
61007
57470
57964
60722
53434
65890
58379
66551
67350
63567
53602
58411
55238
67072
55181
64461
56247
66712
66714
61722
61199
62476
61965
58366
54066
64197
55818
55374
54894
65065
53690
56315
62550
66312
61812
53740
62550
67300
53965
65372
61865
61259
54544
56790
55295
65810
58784
59626
57451
65151
59822
58695
61922
57407
66831
55432
53443
57484
61398
61091
61819
64270
60085
63187
60359
65113
56455
67399
54642
64961
57242
60023
57537
63599
61384
61119
53403
54404
59209
66371
64096
67442
65028
54279
61155
63269
66420
57971
56249
59762
55685
60766
62941
60620
59276
59458
53513
61037
61304
61417
66091
63266
54329
62077
63893
60247
56078
55284
61040
57697
64944
61609
67425
62388
55454
62338
54460
65560
64863
54585
61061
60435
59038
54483
64107
65335
67016
63255
57312
63348
54384
62889
62070
65116
57131
55877
56858
57481
60892
63794
58169
56630
67560
54117
63405
63963
55251
58855
63186
54926
59669
66082
64262
54906
57487
58810
53919
63093
55051
53989
58639
62839
61685
55866
56821
63863
56598
61223
61505
64498
56975
65440
63248
64653
57619
54021
63773
63093
64649
63545
54345
57169
59939
55128
61152
65191
56724
54650
55148
57561
54049
60015
63470
62325
57509
66051
62369
56668
53537
56343
54489
65705
56888
60978
64507
62487
55990
54233
61274
58335
61429
53761
55948
67453
57142
63914
63529
54523
62532
55961
53580
63867
59453
53624
62176
62677
55118
62698
60240
60328
56739
60189
61267
54400
58382
65261
56351
65240
63462
56271
66084
53477
59869
66293
58530
55058
61271
66584
54524
59832
63835
64836
58921
63620
60651
58461
54219
58805
66897
63019
59093
60695
59829
67406
59715
56728
53632
57523
66908
54750
54943
58118
57047
55683
61426
65866
58444
61415
57051
60383
64702
61794
58644
67454
65546
64943
61798
56261
63420
63051
55626
61597
56160
60371
64807
57076
65483
57470
55958
60321
53919
53847
55570
53999
56644
57280
59563
61416
56354
64259
62396
59574
56474
61364
57485
63936
56508
62669
66628
54051
67142
59449
55052
56365
53758
60918
59024
53715
53507
60045
61228
55751
53913
54810
58147
53783
61314
56541
66336
55704
62651
55879
59089
55774
55693
66687
67142
53470
62731
55610
60175
66931
55400
66209
67195
60371
56872
56667
57892
59069
63350
62887
57931
67153
53935
61363
61615
62081
67491
65298
57441
56790
61043
54828
60113
67124
62403
54402
55985
61601
58322
67346
67539
57422
64625
55546
55620
64906
53551
59266
58193
59998
63109
55371
59251
56064
56451
66479
58378
55523
65167
58532
54008
65974
59844
64529
60466
58008
65900
66214
53966
55495
60717
55391
62096
62117
55369
56758
65853
62064
67476
59027
56556
57625
67526
55944
53798
63191
58492
53946
60559
57012
62512
65665
62714
61204
65511
55895
57919
60292
54452
55605
60826
63842
57092
57379
63957
53865
56857
54514
57515
56210
61704
54258
60937
64780
54629
54573
58084
54849
56909
56885
53776
57197
62551
58500
57400
60235
61354
65686
54092
53470
57242
59287
53762
62906
56429
56110
53428
67225
65043
66896
56657
61374
57610
66827
65013
57229
66216
65082
60632
53972
60514
53558
65369
64399
66315
64153
64223
55330
54857
54262
61535
56237
58915
65297
56170
55372
65984
54077
57424
61414
66491
65031
60857
59404
56566
64977
64109
53600
64163
55536
65453
64571
54588
55823
63280
62870
60988
63054
63664
61362
60998
66044
54110
54534
56242
66099
62171
63421
62921
62086
57634
61057
57393
55679
58196
67445
64097
54286
57089
65235
67212
67596
62552
57813
64814
57192
60742
61762
56326
60482
55279
58803
55143
54856
60058
66569
60370
61273
54420
61086
54112
62563
53879
55867
58429
66182
53425
61939
65401
58913
55106
61392
59975
61466
66217
55124
58904
55293
62374
62814
61041
60050
61012
53516
61269
54312
67381
56874
60644
57356
56319
53734
62304
65772
62131
61837
55526
66760
66862
56986
55506
56928
66434
56785
61689
67089
56608
61391
55468
55639
62493
55949
55998
55123
63120
53597
54385
65259
66923
66959
54214
65658
55130
62340
57442
55894
57119
61459
58977
64550
66932
58436
65990
62214
65186
55705
63357
66094
66896
63579
57148
54113
56864
65822
54869
62137
55714
53500
61684
66998
58613
54061
53715
58546
58493
57718
56675
60224
62378
66416
54697
66335
57580
61777
54257
58266
54824
55822
63976
61791
54511
63275
66352
65028
59706
62337
60393
66232
63698
56429
59757
63369
55544
57075
61732
61173
55943
56445
66498
64668
59525
53632
56811
66109
64567
62748
57432
55641
56138
56050
65594
56513
66033
67285
63009
55799
54800
53670
55178
66593
56173
57895
66230
63056
57178
63183
63191
54524
57175
62150
67127
60145
65829
60903
53746
66983
59957
62749
54509
55595
61485
53491
60657
54472
54857
54256
56034
58515
59149
57112
61356
60890
57213
55813
57011
64713
54084
67299
59177
56892
60181
61225
60414
67476
61385
56202
64574
66980
61030
56435
63456
61750
58116
62922
54144
61174
61574
66603
53818
53519
60542
60133
65215
60913
56904
61458
66235
54127
67551
67045
66006
53867
67354
57698
65610
65277
55482
56067
64387
59048
54453
54316
61091
57783
56197
67496
56441
65302
55401
67223
61118
66783
63926
59868
53869
57857
64028
54723
55079
53390
56086
57247
57953
56863
64456
64246
53785
54042
55537
53569
53432
66128
65469
56532
60895
66204
54937
54316
54767
58115
63128
64862
60761
60211
54365
62733
64376
60304
59617
58000
66280
56598
66625
60015
54230
63441
54159
63723
57020
67087
61844
53438
59160
65880
56708
54228
59936
66931
65099
54942
62579
65797
59655
55569
55742
63541
61526
53398
61152
66152
62257
53629
62943
59683
61044
63973
64594
63954
66690
54335
64154
53515
60586
53965
58013
62865
66400
61646
61226
64055
66635
56437
59934
61880
55832
57355
65992
59476
54145
55787
62309
61042
54557
58257
56127
53931
62457
55961
55488
67215
59207
67233
56970
55870
54010
66561
61872
54221
59860
56822
62731
60844
56355
60419
60052
53696
59646
55952
55854
56595
55031
67266
59097
58605
56425
63441
65082
54830
53384
59570
62682
57389
65699
60276
56833
64757
54621
62768
62814
53420
59589
59828
59567
64632
66487
65741
54847
54596
56186
57895
55331
66568
66686
55023
54456
64097
59126
56481
64633
53876
55078
56579
64360
63992
63731
55994
53476
54860
64012
56272
53391
54573
67567
61676
53665
63106
65363
57844
62924
61263
58855
64092
65666
64917
63297
63954
56745
61004
59549
62081
59041
65413
62419
55585
55595
58812
62594
58667
60925
61916
62123
66267
55161
59463
57906
53556
63387
65055
58338
63240
65278
57465
58460
57111
62469
61524
53453
64093
60579
54508
55599
59540
59435
56806
59688
66778
63179
65678
53774
67222
66822
59670
62219
62990
58975
56935
57579
55107
59190
61561
59442
62155
60636
53875
58805
55313
66061
56790
53870
64789
60101
59945
62226
57492
54046
59312
56211
53459
55854
63648
66942
67218
54675
61741
60228
57374
54852
54584
56790
65573
61332
64641
65826
58530
64117
59251
55687
54137
67039
63956
64213
57035
66483
64495
58428
54987
59005
64967
54383
56789
57396
57659
58656
54615
58558
58648
61922
62848
60860
56239
64145
65583
58376
55225
66545
62155
56473
59509
55384
62687
53686
65951
60206
59995
55700
56867
60369
55780
63470
66320
61574
55375
60576
62469
59381
53578
56459
56223
56997
64828
54132
56196
54247
58073
64051
54702
62414
57478
65251
61642
53819
54764
63380
54451
63055
66893
58862
67351
58119
55502
57216
55338
63902
56454
64004
65890
54013
57791
66424
66496
59634
55289
65139
62374
57024
66665
57113
63514
55049
64526
66227
59341
60712
65925
60397
61242
54279
54914
67325
56675
53569
64276
57272
54044
65615
63807
58384
57265
64895
56361
55663
57044
60821
58813
66710
67234
53756
54398
61263
67231
64008
55959
62351
63009
58327
58612
62055
62452
64938
55758
54196
55308
61423
65071
56423
54059
54305
56260
61086
67011
61570
56619
58970
66687
58830
65089
56208
53470
56258
60917
58850
58069
65515
62486
55485
56948
57888
65486
55045
64718
64691
56251
54938
53514
63763
61415
65093
56812
61422
64019
61184
54798
60106
58213
55882
56934
60414
56574
56499
66049
60796
61538
56158
64153
58348
62911
54295
63160
65626
59773
63074
61259
59159
60087
61925
63761
66473
62568
64918
61025
58785
55342
58618
64678
67185
67506
55974
58205
53739
57420
64012
66440
62627
56798
58390
62849
58501
54423
65955
55234
54276
53626
62268
60960
61184
65228
55859
66388
60249
64855
61059
61436
53694
55411
64520
65951
59467
67104
57110
63267
55324
56384
65178
67075
54257
57925
58080
67510
58432
57175
55777
67497
56888
57496
62779
65868
57158
60495
56443
56171
53892
54841
56443
53432
55813
65273
55706
53643
67332
58156
54001
54700
65724
58858
64047
58730
54457
66494
62601
61128
57637
63937
59750
55740
53909
54907
63022
63482
61008
66831
54677
61262
67410
54498
56043
66784
60477
53630
54027
67189
67415
55551
53488
67283
63729
56005
58325
56661
55333
63430
53835
56425
53900
66857
54438
56570
57523
63649
53898
55342
56391
56672
62027
55516
54997
66204
58541
61180
62701
65092
63497
58098
65631
59967
58935
60939
64610
56032
64613
67186
64412
66000
64226
65067
67472
56545
57749
60774
63438
58635
59977
54505
55870
60649
60798
54619
54720
53530
64545
64924
60315
67032
57199
54766
62873
54026
63634
54955
60024
65304
58974
60546
66955
58551
58624
54996
54112
59721
54962
53409
57495
54461
60683
58212
58718
54374
55336
66215
66849
65825
67339
67003
65018
59551
58183
59310
58423
58845
67128
55688
65565
57865
54339
56341
56625
64913
61482
56052
58322
55613
65378
54673
66602
59457
65401
64889
58193
65412
66026
63035
66146
57834
66903
55284
60896
56120
61561
54658
64976
59300
55430
58624
64266
55981
53962
53853
57968
60985
58128
53663
55571
65782
57643
58127
57206
67288
58209
60188
59319
64977
63687
55616
63167
62681
62157
60555
65471
67434
63820
65685
64848
62202
58282
60244
56328
64375
61008
59914
63291
62849
63044
53604
64545
57119
59561
53440
55859
61760
55019
65989
66191
56094
56962
61942
59621
53483
65845
64741
64086
58488
63819
54876
62656
64449
55782
53470
55412
60705
57803
64334
54796
54581
65303
67243
53729
59386
58612
54669
54364
56573
54523
60588
54157
67279
54520
55697
65994
60376
55796
63224
62882
56758
54299
58385
66378
58472
63230
55250
54938
58526
57143
54339
54400
53621
56432
60688
54366
64418
55529
63978
59856
58240
54135
57201
63594
60893
60639
58533
58951
58431
60338
61349
54211
57058
54524
63082
63604
58648
55709
65923
60653
54817
64191
63634
54527
61314
63781
64256
62961
62658
56762
59055
66910
55716
60061
58689
58814
60045
67380
62717
57786
64121
54676
64815
64505
62369
54999
64145
67151
64586
60628
59378
58991
54831
55186
56671
55438
54021
63178
56953
54978
55019
66786
56114
58910
63643
64582
63754
61406
65665
54491
56493
58350
59731
58539
54058
57790
67190
65514
54067
67322
56877
53931
62692
61210
55586
54623
62662
57979
64970
57565
56897
54348
56997
59335
61892
58773
67047
56671
57218
54027
61751
56293
61779
64998
54446
57531
54039
57236
56285
65301
54604
56307
53831
54392
57033
55910
56226
54115
53663
65201
58735
58400
55442
58146
54139
57806
55402
63224
55737
67242
65975
56079
58210
67602
62853
53984
62884
60602
62922
58742
54902
63257
56969
65002
53411
57295
60362
57300
59250
56597
54173
57842
53710
62694
61236
55580
59436
60879
54313
53953
54263
62844
66611
55826
55907
55439
65579
54279
61291
55070
53927
53501
54599
53368
66188
66889
67017
65407
58854
59004
65712
65494
61637
65785
66289
56679
53718
53602
67415
56651
54067
58175
62066
58969
57437
58486
55794
64951
54205
62857
63118
53458
62388
60414
59000
64737
58158
59046
55247
54848
55901
58808
60712
55521
58423
61724
61983
59969
53753
55484
53963
60399
54598
57262
56019
66676
64634
60849
65081
67287
57315
55848
60749
59315
57600
61429
61310
61517
66104
58178
59953
67025
56890
54154
62686
64523
57305
57654
60909
53905
54207
66983
60527
58248
57174
56371
57866
62442
61944
66129
66659
60579
55075
55601
60150
54027
55645
61354
63058
53897
60092
62993
54542
64502
60997
56588
55480
54511
62501
62373
54561
54588
54220
60827
57512
58217
61296
56691
55504
56524
60983
63936
66182
59116
56852
64323
53891
66090
54589
56453
54259
59307
67520
54959
67287
53507
65734
55354
55931
58021
58259
53924
53483
64495
58615
59759
63825
58737
55234
54506
57295
56206
56901
55595
54332
55515
56715
54238
67335
62532
66156
64049
65160
65746
54366
54581
55367
60281
53440
55992
53977
66122
64601
61506
54957
57461
57564
62893
58120
53475
58012
60051
63549
53524
59977
63145
67462
57630
59243
67482
55168
60628
66491
58869
56104
65068
58993
57051
66621
57269
60633
65520
54674
54098
57619
59896
53639
61768
60662
58911
60997
60110
66624
63675
61943
57235
64990
53811
65879
64047
55246
55923
65137
59146
67545
61123
58304
63107
66218
61143
56294
57495
55493
56131
60095
64704
60181
58989
64420
60530
60753
65510
54377
66455
54873
61173
57823
64424
65582
67053
60828
54080
67215
66963
66957
60961
63291
61903
57218
57896
54797
57748
65523
56169
53688
62464
55434
55637
64785
66962
62384
55407
62533
65679
63879
63292
55128
55009
56838
59829
56846
60213
56195
59648
55969
55172
67047
55183
62036
57352
56261
62241
64415
56809
63710
54373
54007
59704
61984
53613
65984
64294
58696
64250
60391
55063
60564
61737
62221
56380
55558
67051
58375
59778
64853
64441
57430
62101
62628
66991
56474
61828
60732
60267
53627
61106
55653
58365
55740
63097
60271
59304
63088
57678
54148
66146
67363
62405
59554
55295
66352
54125
65966
54489
63488
62875
60813
55255
55552
63147
59131
54711
54169
61056
65454
56156
65407
56278
54174
63317
60782
64037
60648
60566
59735
65899
62905
54370
66263
66531
54790
53502
56901
54880
58401
57039
55630
66830
63334
53578
62959
58722
63262
65422
65598
55298
54281
60127
59436
57482
60217
61663
64683
58506
57814
65211
56106
61737
56123
60309
58908
64692
66027
65742
56718
59830
67332
54917
59259
58757
66912
62858
56378
57496
56428
66769
59251
57073
55601
54550
62758
56285
57433
54943
54500
54920
62399
54639
57453
63201
53669
61384
60291
66758
60362
60798
57153
57036
54600
54572
54541
57308
59313
67244
53887
54895
56134
66479
64128
65608
66472
66089
61994
60455
55269
60136
57304
59499
59092
56671
56896
58598
59511
63592
59717
64265
57092
65716
57101
55827
65361
56786
58143
61830
64979
64025
60453
67486
67410
59319
54767
55953
65924
65074
57125
64508
55954
64093
53916
63410
56534
67274
63293
64676
53713
56857
67204
54015
66041
53502
55483
62505
56080
56380
60306
60667
65176
54769
55480
62834
64933
56807
62615
65725
60724
65110
58237
59422
63916
56579
61060
66847
62791
59466
62333
62572
67146
54163
57177
55809
60511
65922
56788
62638
54302
57160
56212
56144
55554
65379
66070
55297
53686
62045
61578
61702
65638
63438
62308
56690
53624
55464
55528
58149
57216
53417
65188
65471
62332
54241
62260
53409
59498
66345
60233
53558
59274
63316
57665
57279
57529
54189
57937
62915
63174
53466
64171
55140
56887
66758
61486
67338
53920
57000
62167
54723
54393
65556
59960
66025
55851
54163
56955
53639
54465
59816
63016
61400
53448
54532
53535
54214
67147
64854
60652
62605
53397
53682
55301
56134
60142
57054
59014
64355
56922
65371
55825
64022
53959
58040
57038
56593
57169
55264
58905
61547
54238
61463
63527
55582
55612
62839
56043
62587
64390
56920
66303
53637
54981
54249
53826
66435
55995
58996
58945
54609
54841
57310
55873
66286
58727
58794
53803
64317
66620
55884
60822
57390
57281
58737
58226
66268
61417
59975
61352
57965
66263
65718
60799
56047
55001
59015
65906
53739
56079
58282
56396
57261
54345
62831
54486
66826
59712
58621
65605
61286
61151
65165
60205
56221
58924
67239
60911
61142
62062
56958
61050
53491
59493
63049
59635
56278
63630
64517
55336
60491
59289
53388
56972
54999
53575
65699
66990
58929
55048
65357
53810
54966
64915
55168
55530
66918
56364
63358
65686
53736
54616
62968
57429
55818
62852
58121
53796
64426
54288
64426
54526
54521
67448
64770
54239
66459
61964
54786
54892
67237
64448
63057
67437
60836
61178
57993
55997
59542
58014
58639
54419
58670
61063
55829
54888
56572
55817
56308
57736
64061
63373
54630
61918
54089
55330
54002
59490
57658
58101
60526
63979
58191
56866
55721
62639
57439
58948
61921
53860
67356
62522
54494
60412
56752
57901
56830
66002
57612
56718
57118
64015
56940
55406
56075
60599
64300
54436
62018
63938
54601
60495
57141
55230
62028
67377
60649
66882
64525
59559
55892
61075
62436
61801
54109
67474
64628
63202
54277
56508
56850
54741
56956
63968
59263
64506
57165
59330
63863
57534
56677
53939
55515
65316
54490
62884
60975
55688
55490
56273
59738
57360
59898
57716
61471
61205
66730
59087
56327
60837
56085
57117
55313
61089
57113
61227
65322
58588
58437
54875
67499
67274
60451
59143
53545
54822
66968
61172
55642
57117
60458
66286
59667
64185
55155
60939
66669
61223
56358
64672
60759
60535
62820
64470
60874
66840
56405
57880
54318
67215
61512
57298
55092
59191
65685
61563
58808
61766
56627
55325
58213
64559
62177
53929
66194
53957
61086
60055
56127
54241
55633
60486
64271
59882
66668
58038
54621
62835
67317
57305
63585
62189
53628
56003
53403
62465
61587
53449
55717
60838
57805
57211
63452
54081
64141
53631
55929
55499
65972
61187
66309
55185
64845
59340
56621
64494
62947
61385
62664
61652
56869
62394
57200
54843
61630
54399
57008
54465
62533
59873
54598
62973
64595
55256
61961
55630
55577
64969
63139
63078
63169
65956
58837
56510
59438
55779
66829
59263
54652
54233
54414
57367
61245
62441
54900
58268
62129
62775
63608
63514
66449
55248
57842
60329
57464
62726
54812
58996
55687
56899
66209
59875
59880
54521
65190
62415
65741
59307
54576
54225
56485
55454
67319
61089
55030
59520
65783
61452
59959
61266
56266
53675
64354
66965
53822
53576
61631
57974
57485
54603
62667
65211
56542
64746
55880
60860
54144
59124
65236
57407
65215
55468
60827
57888
56780
56220
66427
66905
56261
57518
59083
62798
61197
57370
60117
65927
56559
64394
67163
62902
54852
66086
64311
63788
57280
60768
54857
56640
58540
64137
55406
60610
66340
55012
60533
56728
55307
67375
62171
62104
65322
55057
53719
58253
53819
59683
59269
57390
56381
56989
60407
60545
60348
56712
61128
57001
54407
60963
58037
55305
60723
56219
53541
56699
54995
62736
65734
56360
59069
61163
59728
62519
59114
60091
54029
62615
66786
59418
64061
67402
54959
64624
59278
55954
59667
55164
54310
64196
59564
56562
63742
58098
59702
55276
53879
66725
55140
62372
53913
66895
59472
59368
61894
56068
60251
53757
57698
56779
57135
53633
64720
61152
66906
58517
67593
62691
60303
55248
60550
63354
61991
55566
58280
57118
60418
55927
62709
56830
62087
55129
53896
56929
64564
66173
64862
61091
62314
61807
63155
64889
66102
55317
56460
55789
61039
57465
61059
64482
65382
56432
58374
55681
63817
67393
61433
60765
60439
66366
63354
57573
55537
55619
64125
66411
65107
53562
60268
54295
62065
55230
60457
54064
59522
56628
62157
54485
63077
56835
53890
56461
67360
60556
65938
63310
53431
65352
65410
62134
66357
64570
67517
58922
55729
61341
64534
62671
65238
62770
64966
65299
62401
60893
61791
55397
59999
66488
65122
57663
62166
61028
57260
54765
55615
55760
55092
55701
67493
63559
53370
63421
57510
55280
60366
54645
66065
58936
61614
67031
57704
62730
55021
60257
62400
58251
63695
56440
58706
64375
57266
57054
53747
55771
59435
66587
58971
62430
55612
65615
54662
54068
60154
60677
55403
66881
58159
55465
57132
65373
56241
54604
62946
67605
67540
59120
62673
53693
57789
65876
61062
61887
65056
55702
55758
59861
58916
56473
56234
67443
64373
55752
55254
57862
58742
57430
61737
57138
59711
55906
61700
57377
54426
65679
62417
55875
64771
64640
60762
61894
56579
66312
55501
57090
64960
67458
64789
64093
56184
55160
54826
56455
56860
58527
54606
63911
65091
66584
62641
55280
66875
62616
53492
59731
65669
66772
54613
55579
57358
56302
61980
63582
55899
62513
66791
66470
53567
54121
56354
63159
55527
57100
53602
64579
55336
64327
56836
65101
58734
59814
64759
58566
63427
54019
55681
66199
54310
57599
54051
55115
55087
65813
58031
60739
54484
