46771
46869
46619
46540
46333
46642
46280
46488
46583
46916
46678
47279
46655
47271
47462
46838
46813
46883
47486
46977
47135
47356
46936
47081
46704
46412
47190
47272
46419
46919
47090
46326
47043
46923
46362
47390
47186
46630
47081
46681
46815
46314
47441
46753
47302
46548
46410
46923
46864
46591
46418
46355
47256
46772
46950
46929
46276
46477
46475
46329
46265
47343
46908
46680
46886
47488
47305
46813
47500
47326
46544
46708
47091
47008
46273
46341
46256
46876
46420
46736
46701
46877
47069
46679
47253
46329
46410
47195
47109
46696
47506
46743
47222
46464
46922
47273
46373
47510
47189
47327
47034
46450
46388
47486
46739
46899
47255
46725
47422
47028
46674
46374
46980
46789
47149
46510
47215
46652
47549
47063
47260
47247
46328
46722
46303
46744
47396
46454
47173
46624
47204
46266
46864
46354
46702
46533
46560
47449
46676
47192
47234
46419
47190
46574
46933
47010
46290
47337
46467
46734
47369
46456
46343
47469
46323
47239
47101
46950
46998
47371
47312
47486
46526
46657
46452
46848
47148
46979
46673
46451
47469
46469
47460
47140
47304
46741
47513
46755
46286
46825
47309
46936
47094
47517
47517
47452
47380
47313
46977
46469
46268
46925
46717
46929
47511
47345
46979
46552
46857
47511
46913
46988
47341
47450
46946
47496
46860
46784
46795
46789
47329
46633
47103
46810
46875
46560
46451
46349
47370
46916
47109
46703
46421
47503
47404
46385
46519
47178
46770
46637
46487
46341
46805
46639
46473
46720
46833
46259
46376
47092
46717
46631
47308
46644
47342
47252
46725
47185
46853
47414
46283
46913
46858
47117
47258
46607
46855
46988
47229
47100
47175
46873
46435
46985
46331
46481
47324
46706
47240
47299
46738
47096
46436
47486
47065
47087
46666
46576
46765
46679
46336
46535
46475
46776
46386
47206
46727
46931
46346
47040
46757
47197
46831
46451
46345
47472
46727
47064
46748
46847
46628
47026
46555
47036
46687
47036
46321
46453
46633
46814
46576
46320
47123
47059
46292
47552
46919
46919
47413
46600
47524
46846
46527
46596
47126
47385
47139
46602
47237
47531
47309
46487
47543
46937
47551
46524
46781
46762
46749
47216
46734
46605
47013
47023
47501
47548
46636
47488
46828
46745
46387
47517
46327
46701
47106
46829
47038
47155
47468
46444
47280
47307
46554
46663
46429
46431
46684
47222
46588
47150
46989
47091
47515
47412
47428
46551
47370
47258
46710
46492
47263
46460
46525
47231
46355
47427
46627
47118
46399
46910
46340
46841
47211
47298
47029
47310
46671
46489
47115
46534
46999
46553
46957
47365
47085
47379
46632
46798
47090
47183
46741
46789
46794
46986
47425
47356
46398
47124
46355
46290
46510
47191
46454
46659
47428
46725
46434
46545
47046
46392
47240
46732
47028
47049
47529
47060
46639
47162
47297
46603
47486
46368
47136
46929
46847
46541
47056
47421
47465
47393
46431
46691
47388
46418
46963
47041
47437
47115
47189
46402
47410
46261
46408
46444
46483
46580
47150
47352
47439
47152
47025
47438
47024
47023
46901
46823
46345
47417
46955
47415
46375
47379
46907
46438
47107
46982
47212
46765
46493
46977
46404
46575
46268
47207
46952
46893
47016
47313
46726
47130
47501
47485
46993
46890
47177
46596
47293
47534
47403
46539
46490
47207
47482
46986
47212
47078
47323
46271
46885
46900
47193
46737
46921
46882
47003
47511
47381
47186
47143
46583
46811
47332
47420
46750
46640
46865
47070
47310
46932
46931
46257
46870
47477
47536
47548
46904
47041
47050
47142
46454
46579
47212
47399
47181
47030
46696
47082
47280
47165
47401
46477
47446
46312
47116
46344
46664
46260
46683
46775
47053
46455
46391
47388
47532
46313
46368
46279
46960
47488
46859
47248
47293
46891
46884
47202
47309
46315
47230
47333
47476
46835
46849
46889
46985
46255
47474
47196
46489
47428
46682
47327
47490
47173
46782
47380
46551
46667
46706
47278
47207
46536
46402
46996
46331
46588
46290
47288
47094
47379
47044
46320
46865
46762
46819
47023
47509
47362
46980
47365
46270
46957
47105
46979
46313
46314
46558
46666
46780
47035
47343
47166
46348
46801
47539
47092
47437
46930
46702
47155
47173
46696
46848
46952
46507
46994
47024
46394
46709
47338
46472
47102
47431
46440
46690
47255
47276
47026
46767
47375
46809
47066
46417
46825
46479
46581
46665
46551
46732
47139
46306
47317
47032
46845
47007
47453
46353
46842
46693
47177
46358
47398
46734
46673
46271
46959
47441
46564
47118
46936
47202
47387
46304
47398
46326
47087
46344
46816
46540
46269
46792
47518
47109
47177
46885
47081
47006
47553
46847
46440
47500
47306
47534
47065
47419
47101
46785
46343
47462
46759
47005
47331
47438
46999
46964
46625
47524
46897
46352
46264
47446
47063
46917
46427
46629
46809
47309
46990
46316
47258
47203
47108
46711
46837
46668
46800
47067
47102
47499
46378
46851
46259
46257
46460
46588
46709
47020
46827
47034
47386
47324
47445
47279
47439
47534
46330
46829
46538
46582
46306
46624
47174
47283
47283
46384
46463
47489
46504
47355
46572
46513
46572
47019
46348
47030
46764
47225
47493
47374
47447
46404
47509
47487
47452
46988
47303
46610
47542
47370
46805
47010
47049
46772
46789
46836
47338
46482
47513
46517
46936
46382
47327
46973
46748
46527
46937
46334
47209
46956
46893
47274
46893
47457
46308
47071
47552
47383
46703
47212
46634
47490
46492
46260
46678
46745
46554
46478
47493
46882
46475
46482
47106
46446
47390
46608
46441
46965
46955
46909
46716
46443
47053
47018
46934
47330
46620
46295
47450
46864
46975
46383
47206
46891
46599
46973
46988
46895
46505
47042
46657
47381
46604
46900
47189
46521
47289
47476
46715
46872
46345
47396
46906
47365
47097
47376
46784
46959
46588
46509
47170
47318
47475
46575
46651
46634
46372
46474
46750
47372
46822
46344
47430
46976
46808
47455
47506
46273
46269
47412
47285
46694
46612
46639
46566
46521
46685
46828
47544
47156
47213
46383
47319
46866
47035
46357
46548
46375
46826
46717
46931
46953
46917
47394
46724
46816
46832
47173
47400
46807
47249
46364
46281
46878
47085
46502
46942
47271
46466
46264
46914
47522
47014
47546
47534
47121
47058
46263
47287
46760
46651
46878
46520
46257
47482
46377
46690
46661
47462
46805
47243
46967
46569
46256
47465
46481
46303
46962
47159
46313
46410
47086
47368
47209
46487
47430
46886
46835
46831
46738
47222
46864
46784
47397
46525
46748
47309
46404
47369
46947
47449
47456
46289
47008
47386
46814
46693
47535
46691
46877
46712
47505
47125
47046
47429
47483
47013
47546
47532
46952
46915
46668
46740
47496
46314
47434
47269
47168
46475
46746
47146
47025
46947
46631
47353
47247
46898
46428
47367
46516
46264
47307
46973
46527
46350
46815
47302
46699
47356
46448
46553
46251
46250
47224
46626
47136
46314
46952
46258
46584
47232
46547
46298
47216
47107
47099
47335
47176
46988
46986
46282
46458
47228
46949
46666
47419
46639
46579
46885
46603
47075
46501
47112
46752
46671
46371
46791
46910
47266
46445
46570
46291
47475
46529
47140
46605
47260
47424
47160
47505
47158
47205
46683
46968
47503
46295
47194
47269
46929
46824
46466
47207
46392
46690
46466
46739
46915
46714
46910
46751
47069
46427
46751
46763
46360
46683
47375
47153
47003
47094
47022
47091
46299
46857
46688
46596
47551
47417
46964
47387
47304
46252
47230
46866
46732
47171
46702
46365
47219
46640
46828
46793
47536
47181
47308
47149
46694
46499
47337
47261
47088
46691
46919
47458
47173
46529
46943
46269
46462
46871
47170
46359
46258
46717
46331
46426
47371
46494
46365
47041
47462
46926
47180
46542
46670
46692
46790
46261
47016
47437
46607
47032
47454
47206
46698
46877
46807
46854
47322
46929
47532
46986
47213
46494
47557
46489
46816
47516
46965
46869
47537
47207
47451
46724
47083
46700
47266
47301
46589
46948
47358
46330
46986
46347
47477
46577
47246
47292
46365
46346
46556
47439
46856
46769
46298
47106
47043
46549
46283
47373
46594
47380
46867
46951
46340
46628
47079
46826
47166
46393
46693
47065
46795
47435
47162
46589
47119
46633
47015
46496
47025
46294
47058
46868
46883
47165
47017
46883
46806
46700
47346
47342
46829
46503
47303
46745
46775
46480
47535
47432
47335
46372
47505
46670
47519
47304
47446
46937
47191
46797
47370
46472
47529
47487
46374
46991
46373
46921
46294
47540
46338
