6
12914
18532
32
782
1
4611
3
401
31
874
89
28
5
237
13844
80
13426
199
3179
1
58
2
5810
10
830
3
313
9
399
301
65
395
440
1
1
2
73
199
6
131
59
63
7549
5
40
47
7
1465
31
1934
20083
345
28
3327
13331
80
14
214
4231
3
135
52
3
47
391
600
501
18
790
2100
7
2015
14
11841
3
16
2
118
4
2029
10093
4
224
1852
272
229
243
151
13177
179
2
4
12543
10
140
11845
2
130
2341
3
226
5011
1
282
72
4
822
5
1
2
1886
26
446
4
2218
1
3
2
1956
2
3
16
28
1856
330
13
59
5
3
16998
134
2
17765
20
7827
1015
295
309
1986
16
17972
2537
2335
7
6
20181
3556
13756
49
2008
1639
505
18511
2548
6
23
67
476
44
323
129
2
20394
3141
12
686
12403
73
133
81
2068
27
1594
3
3
5
15
643
220
3729
5996
2047
144
30
37
1
23
1711
27
8
4
13281
14490
3176
1198
15946
3351
5
34
394
19
5516
16
138
6341
3
173
9121
267
21651
1320
15
6
463
13040
2
2
13
1
40
4
65
5078
11
5535
3
227
93
196
2183
6
9
11
13025
1
963
269
2101
15691
35
6888
17993
19109
6
12091
4617
4
3
3902
85
1655
5645
16671
2693
396
2
12837
2415
5227
2
1902
227
9
33
103
39
5
12214
28
2
139
1225
1026
11187
1
5969
10
2
6
858
21619
9
55
20685
3
48
1
5605
21029
4
2877
2
3875
3
20470
963
3442
2
15
92
11956
3
1025
737
61
8
382
11
4
4676
7321
4
58
2
4
85
23
211
384
267
20
9811
2
12241
102
554
2
3296
1835
31
15940
400
16
21781
1127
2
1774
17
1
2821
15
6
17
5
2940
2
5452
19638
57
54
242
184
7
2632
9936
9
11
861
958
1
1
985
1
793
31
2
19645
1
5
7
1819
26
13321
10439
35
1
2857
18
9
21724
1205
1278
1142
14
1
3
290
148
7
2
501
1740
2735
2396
557
2
876
3
1836
2967
1291
3473
632
3675
3
127
14063
22
11704
10396
28
2686
3725
17986
11
7
1803
28
153
230
53
58
2312
7
11
814
972
6
18
35
9370
1504
290
1959
492
1
9
59
8410
2810
357
5
11062
2
5
13
11
204
26
121
42
25
38
5286
5
3809
165
1555
9289
4
3
3
1040
2
54
12
1544
578
1056
85
3608
8
83
48
12529
410
23
81
14501
462
1
42
1765
17779
8
27
217
8985
2
5194
2601
22
5
26
111
585
1
3559
6
1099
34
60
46
2
4
3
5205
3
1
31
14615
25
17
43
593
3575
554
7
9
13
11300
241
488
2398
53
18
84
4025
1333
1
9796
93
311
6
175
23
369
2534
7
3523
3
31
419
2
64
5949
93
16702
1781
50
1177
47
2347
18477
10131
1393
17018
1335
4
8062
6628
294
512
15
9338
2261
21
4128
16
16
2
80
197
1026
275
748
1
330
61
5547
1
208
833
11070
565
78
3
6
22
2284
439
19
458
33
567
7448
15592
92
9451
254
175
8135
78
409
2
6929
1147
447
45
187
5
813
7685
36
1553
732
31
4
2
17
2293
306
8
228
529
3488
9436
14
4151
11
17384
9
3
329
16059
7
2
1584
1233
1354
3
2
14588
7
974
20325
9412
51
3785
8
2
5915
1
6
7078
569
29
12
3
7378
35
17371
1541
583
58
3
42
19145
3664
1
2764
9899
2
5
18442
6191
26
8776
77
2343
3422
16
1520
320
10
4
7
115
17
1204
64
14
626
3357
6011
889
2
243
222
264
11406
19
2
7234
2
2
332
298
33
934
3410
39
1075
29
1
4
1135
36
2192
6670
487
195
3
270
72
5016
5215
3518
12
2
15627
23
7731
7571
4
39
5
1767
7
81
11
14
3
41
1214
347
5
739
10
3289
63
805
553
15195
621
1062
2846
8704
3
202
2
61
3849
38
575
1045
597
1603
948
7
116
236
1231
54
7
6337
3503
56
1
1
18067
4
1867
67
5
3782
1
12
51
113
138
27
8945
1980
82
1486
285
18
4936
4
55
22
443
3105
177
57
4334
12679
190
14458
18
44
568
230
4417
129
21
372
5094
2
17100
1767
10
413
16
1795
10788
1540
175
3
986
9
27
39
8467
9
1011
2642
15
2
2374
1
480
2574
1595
6546
2
1379
209
4
29
4
43
1314
54
901
6396
18518
308
115
100
550
2093
821
13050
87
482
5
9490
195
4579
1454
81
11
11788
1
255
189
2
52
2
3323
7
21139
1184
28
5145
427
241
2190
69
1296
7310
113
320
3
687
3531
1456
844
15528
12
9012
801
6
2
1973
33
218
9738
2
89
1951
1
1073
578
14
84
76
1
145
17
9
1035
1
2
27
22
5
149
681
5
11237
265
9906
14
249
107
15545
16
528
2
199
1691
6
1144
406
373
9571
27
3
12
2
5111
13486
73
7185
237
2698
14
224
4
366
2353
665
1040
5
4170
3816
1
15609
349
9182
3
11
8
4087
1834
18
6
11107
1565
3021
8
7
4
7094
3353
1
171
121
6
13271
89
704
434
54
78
1139
2
53
470
58
488
652
19748
2059
3
67
14599
1
4681
393
1353
1921
1
48
3270
37
11
1
42
163
3543
608
873
4516
5767
4
4
6
49
1104
11440
14032
2907
9759
1853
12
30
1068
10
180
20989
2862
525
423
11587
159
11
122
4787
8177
3
5819
19
3551
188
119
6318
4
160
1
18896
1
3683
66
18903
560
3
1
6
179
402
2
49
78
343
7659
685
6
3
139
744
1400
1021
23
5381
1037
9090
66
36
66
22
3
6
247
25
409
3
21425
932
248
20539
7
862
5
10
9335
580
4444
682
1
1
8
407
9525
4414
148
7804
3
7657
19
1865
13416
65
2
3
16790
24
991
5595
6801
4
20
96
6
909
117
4
717
14
763
2
7922
101
12051
7
85
246
7
8
30
2850
4319
35
627
959
2
18560
516
185
4233
391
1676
1
3061
1089
5
891
26
253
14
81
3644
4
1244
9
8
6339
203
1252
2720
428
1390
11
288
136
622
60
495
4389
4620
12417
1158
2
21226
3773
13674
68
6
1
1010
35
804
2996
1
11779
696
8
28
159
85
3
51
34
69
37
3489
35
82
3512
140
1
128
65
57
731
197
10
16
2
7239
2658
162
68
181
3918
4653
595
2122
7
268
357
1
2
20848
1426
5219
12472
7
1
1
12431
640
2
1713
19
6205
32
18401
1345
13
64
1167
405
11682
212
439
30
2
112
15
3
5815
38
74
1982
72
6198
22
10732
40
27
1759
4
524
8
6
83
5349
42
5319
9
166
21928
2
7150
6
1197
19
3261
3514
2685
1195
10086
1599
6898
522
11
80
70
16216
23
529
68
24
54
351
3
12
7299
15
1513
3
115
12519
10796
476
1890
231
105
3665
935
1378
858
7
4424
12269
50
19550
799
19
17547
18
2731
3718
14919
239
8
52
65
164
10
3972
1
998
32
482
44
1
787
5566
1
920
8014
15
580
185
4
525
386
2489
32
8074
14
4
11613
255
5
843
1605
774
1
3
1
170
559
7
514
4
33
574
158
62
1
316
29
2185
671
1260
15297
2
9391
10537
148
23
14952
825
9363
147
498
29
22
46
3156
61
1130
9282
1256
11445
1
23
5
1262
1170
7
648
1
9
1
195
5935
448
14752
22
9679
17
15059
4205
4
14637
1
3
1498
74
425
421
20
606
127
3034
27
8695
14
132
2485
9019
751
18
1245
517
5
173
4
244
16442
18
10011
164
112
13341
3
49
61
1
169
8
1
22
9600
1506
19785
46
6
618
669
20
10211
2
1596
3
4342
15727
10853
1
684
4
774
185
3
9800
34
5532
835
16
63
19
694
12
974
3696
2
286
11
408
8
1
11
3455
112
385
247
6808
4
173
534
4
2584
1407
114
21306
103
2331
78
211
2432
13296
386
77
114
202
72
117
420
16709
24
209
139
1080
4360
8002
2883
1881
120
1614
12
3251
3838
62
13695
8297
1360
13
1319
3592
2
2
8832
9647
1
124
300
3
4
19
50
4004
40
254
12
8
268
8
7207
4141
15563
299
382
39
1525
1
51
25
78
956
687
1477
1
1821
3
11850
148
3
11
4565
298
6025
110
8
17184
233
169
99
771
1
120
89
8
15
7242
2748
37
1
19303
9070
1087
18776
1
3652
741
9
3
5
6934
4
8
3321
7
142
360
623
293
2
20
5
5005
105
3
20
10
1
987
2
64
2197
12996
1527
20
17049
26
20
117
7886
13
2
175
1
13
1
14958
29
50
7
2
14
179
899
3
5347
3146
3
348
5027
90
13
373
1098
468
493
111
420
15750
3532
227
16884
293
767
12
2
297
12861
82
10033
11
14
7807
3654
6
1093
27
48
911
17
2
4
9
8
6986
2
709
66
3492
7662
742
46
2
10
5188
18
31
376
137
130
1279
18
16
27
3464
12775
5
2852
10704
182
154
2
593
2854
560
13232
1992
20997
305
1463
10127
7365
4
11907
400
1386
1696
1385
1237
164
551
1
9618
37
1
3
8
13391
21
4
6505
2349
7763
773
9752
2962
9
1
2
20
2
1429
1
15355
5
2
39
17339
2
8672
7
1
9
6857
15
14908
6539
258
1
1
80
1482
10800
8347
574
659
2
1583
4
6
4
4
39
111
3974
1466
5732
6824
8
3
199
153
21
100
8869
13
5323
661
6
22
65
310
9426
1387
10
38
4117
9
4
54
687
2
103
4618
83
107
6368
19
171
139
397
256
6079
31
203
1
2
1
922
9803
816
4
3
4311
336
8639
895
9
708
33
615
65
5964
219
1
740
208
4
9756
12
11744
4
266
1895
2239
4968
25
5
193
534
4497
7
7
567
12
3
1322
104
4101
7639
1370
18
3360
14452
18
19
1253
8
725
2391
21
43
3919
65
58
3160
12
15
5643
8199
492
2
12
8604
93
96
9100
5109
1973
3
17
165
66
3
2
10
41
325
4
17
10
2
194
190
22
702
561
3
18
8
63
36
1903
79
46
1
8071
29
2270
40
55
322
1
4
2
4711
2014
69
2070
12
1528
1569
32
1343
544
5448
21
723
10
10392
1124
1570
29
6226
317
125
8230
6
4
197
2
33
2
4
123
14593
316
40
60
1
5
249
2548
71
573
1185
232
10280
612
264
16
3
9468
3
103
861
2
17475
1
1
3
662
1
34
6
11
7
210
737
3185
6600
589
5274
426
590
4
6
2
1720
3708
4
8
23
32
2914
9
4
11
6
3
13
327
1159
617
810
9539
8806
13
4
19102
270
100
1665
5572
3165
7204
610
27
2702
166
7
199
3
521
5
28
1
8
965
7389
10124
12347
87
10
1
14147
203
5603
1601
1343
23
2566
949
90
1216
2
2
30
7
77
287
27
2
1687
15
3215
2
24
2
10299
4
317
892
5
547
5720
413
7
13059
31
444
5264
7
5
5211
88
20053
2
1830
32
7312
11854
3253
93
11
473
221
1286
55
482
8915
638
4
2
498
1022
830
42
1522
5836
3681
518
414
8
179
14
7277
12736
7
207
106
157
2
25
2
920
2007
20724
6
550
8193
158
4
6
48
42
849
62
4
875
8581
1180
537
13431
87
2787
80
336
1167
19
21
914
1134
10
4
20
1056
3981
1
253
2
3682
13990
22027
4262
2813
5
7
2484
542
51
14
12064
32
7
2
19
4
2
9708
127
2900
3162
2
2
1542
14
9
26
4899
2
5
62
35
2
628
4
163
4669
9719
2
493
5
4090
4
3387
2083
22
94
373
26
11
561
4239
572
2
5
49
7
200
333
14
94
86
214
7005
4107
31
31
3125
99
8630
4223
3404
21068
62
17469
653
2
66
26
1
4332
425
1306
6
2
1501
19
159
2
8
16
454
172
1
108
2
99
323
2597
100
267
409
3367
27
12
21
5
203
1
5
347
37
283
3952
17
67
3037
3
3199
4798
3527
16916
3698
16399
1645
6
308
1
1148
92
4029
19
4814
1975
2
3944
526
5217
10
14286
4
3
1
1
1033
569
13261
2
104
246
28
37
86
291
29
4545
6
45
2262
2
256
890
281
4105
2131
6231
692
2
559
232
7392
19
431
320
18449
16
4460
351
13885
442
20880
55
2
2624
13496
33
2
2380
1
18
7
42
13
187
1
4
179
81
13777
2226
6
9
6
30
6
28
191
227
38
36
4
230
3
753
5311
9349
2773
6
217
258
371
15
4
21
1
58
141
2775
5
122
9741
18
2
2
20016
10
1467
1424
192
299
2243
9977
1
12
2
2
12042
419
28
644
2451
2
100
5
1844
1268
3
319
126
30
97
13
56
47
1
1314
265
38
14
53
1259
4
2
2313
129
2356
4780
34
16
4543
18546
14
100
2897
3
232
6054
1723
79
46
427
118
12
701
46
4276
12320
13537
7
8
1574
1109
65
3
4
189
22
3855
634
2
436
2
2973
4
15
9172
1904
2
276
37
3552
10
10804
6264
21
37
4
4589
3
8270
9321
10
632
1710
13
105
89
263
951
9148
3
509
4
2
23
281
21099
10
4848
319
29
928
4
71
20716
1
13099
6
11359
106
20747
374
1848
4
4192
20121
5184
12356
2830
7
144
252
68
41
6166
1120
3
1
1783
57
984
7
82
7930
1873
5823
13974
8053
84
5705
1
1
18
1517
1898
2
15
893
850
1052
1866
283
4432
6
1549
6
8273
749
7
1292
7231
97
9
15
1
1742
440
5343
377
6
19361
216
1315
5
171
40
2377
463
1916
5
200
1241
107
451
282
529
7960
13927
43
192
36
2
3986
104
4927
6
387
5408
218
166
283
696
34
202
8032
145
72
11423
6
93
1429
1
3
469
4973
27
1350
38
2
7057
4
9186
887
803
570
186
107
7
6240
30
199
1280
285
31
5
3
4
11492
14074
93
1157
52
2
37
5
2896
304
90
30
261
18
12398
12760
4136
639
336
13
894
11713
2
18945
2
781
14116
1381
233
17905
26
1263
54
10
1
78
1310
12
1000
114
1718
14
98
28
629
2595
16473
18553
297
580
7196
147
1094
66
1831
4492
9
604
44
803
7
2
136
1332
1151
402
3
652
6
9
182
21
18
3873
15785
2
1198
2
7
15429
1
331
3
19
8279
13
27
187
784
65
1219
369
3210
1
1577
24
2
127
20872
2981
19594
125
632
269
18
18783
221
55
17646
79
5
914
195
3028
20204
1072
8
7752
22
3591
621
1339
5
2283
50
19
7
27
1
143
10914
2
14
7
96
15721
13441
7
38
12
2189
12046
576
647
69
14404
4771
1985
77
260
1618
1500
5463
5
1894
19815
1238
1084
1
3373
1670
7473
128
409
2285
3203
52
2178
3
534
71
6
1788
12
389
275
47
3
2
3889
16784
18
10764
15
39
1
1088
6442
13
258
305
1103
12585
8
16035
382
51
9331
102
898
13761
1530
1
8363
474
36
72
5
795
1
696
3
13217
3
1090
29
1204
663
26
5
2
9866
4
37
2984
128
175
354
131
4622
10
2966
15
10951
2150
14
2
17819
2257
78
11
15621
354
26
2
4830
11
1930
11325
17088
2734
8
217
19726
1437
131
33
3150
35
1
5414
806
165
2533
12
7
3
116
528
11
117
4
1301
10
20608
557
287
1810
54
5041
779
5
24
71
15
5926
838
28
120
1
7
99
11
1608
1708
85
6
29
426
16
485
7
21
1878
93
5
2
4
1
3
12
22
2036
925
5
76
7563
43
1
224
12
10
4156
5528
341
15
5396
11
197
3522
478
9
1
1
121
13
15680
18
249
7068
142
1
795
729
6
255
31
50
30
24
1
163
15155
14
1351
6
274
3
14158
1461
210
1217
6527
192
1
7201
151
2195
9
597
163
252
1
17
364
99
7
10
86
8
197
28
13461
548
5
49
5266
83
59
542
10
177
151
1171
5799
2017
288
8
208
3
94
254
545
21
4
10
12
936
3331
21789
337
5124
42
55
238
82
35
5
2
18
24
158
15
1346
74
5
135
2600
4586
84
9546
2
70
5
269
65
3
2
242
1433
3909
3
2
44
2155
12
62
813
456
2
3290
122
969
10238
50
16368
2
6418
12
14
44
259
6
6425
1883
5039
17
688
11757
650
3274
5
11
5
3
110
2654
9910
4235
525
4282
13
2186
11
58
2
4
6180
1578
5240
5
78
47
4
12
5
4
2
4
184
2
9665
9
16
189
5
184
2
447
993
3723
200
19073
3
13
107
2075
12851
1
17732
13
1
12846
108
8357
210
9
58
9
1932
380
94
7
28
4
722
7
398
52
167
607
153
38
68
396
5
1072
6
187
2
48
20
1
2490
100
13074
61
7
1
95
31
13865
416
2
241
2
23
46
4805
19
13
14980
12109
2
65
840
556
838
3
20
6655
203
490
20038
13969
445
2
23
11074
5612
2
716
880
35
3
5960
4
1
42
15
14604
40
15
8285
4
4
4
707
5722
7
9
18
277
8
603
2
1
104
2
9
56
37
235
174
316
4176
12060
149
81
988
9
3
6755
17
3
87
2
2448
732
19
127
166
140
3113
3
8669
49
1507
4158
205
71
6
1
870
18366
4114
185
264
637
125
65
309
593
16597
460
3276
98
2797
2
10447
52
149
8
1318
2072
1
531
5
6145
17
24
13
8110
4
2422
10
1
10600
7428
466
4526
18960
610
1349
1
25
10
7
92
17075
3
2169
143
3198
1
1
13870
59
614
355
1807
1
3
2233
18748
122
16
1
5048
6
1259
3
5
4368
3
4
526
254
13782
209
1644
65
163
466
30
8095
180
11
2
110
25
63
442
113
378
195
2
31
5
5
28
52
13511
10494
9
119
8
3579
12675
510
1
321
114
23
1
2
2021
3017
11652
562
31
217
159
2890
1
14
188
2359
842
1782
2628
566
34
4
136
16283
2449
1
18
1302
10
1
13
4052
1
1406
7
1368
13
1
19411
6
2
35
1173
678
269
22
176
17
517
78
98
1
1779
7
11
181
6
17679
16
32
199
53
160
625
97
1
29
12703
217
2983
2
4465
7865
41
1729
45
29
428
403
211
7047
6
1157
1544
8708
1
10048
20942
249
538
3205
3307
1133
7
4011
24
139
3
7041
16
13
236
3
16
1709
1402
1184
208
7
3
2634
17
7951
7
1775
30
2
14
19
21092
53
374
1
11832
124
3134
365
16
1413
2
7
14885
21773
7
3
1340
360
8518
2249
85
595
1996
3756
4258
12
6682
5379
6299
2512
1
352
7126
20911
14
9958
523
5063
8862
4327
33
905
3
132
7889
31
195
862
2
191
1947
1709
7614
322
975
4
314
518
897
3707
52
93
1228
545
780
5107
24
1121
2
3990
358
538
1987
440
10592
4667
2119
419
64
11
22
6332
297
244
552
553
11974
976
32
7
3
703
176
6
3472
1
4439
2786
187
2
326
770
1485
7901
344
307
126
522
896
12722
330
7
12
30
8
106
20531
38
6356
2800
30
214
6
3
135
3064
1
16
1
280
16740
5398
63
1
152
119
7
75
45
11992
9518
8257
3228
51
12306
79
3
17600
1002
191
6978
75
19477
13689
2339
1
53
4
1634
22
94
7478
1
8
4419
13906
8
9
1027
90
17
13834
7142
904
6657
1801
1
1
6
436
2
1248
83
110
204
202
878
1445
468
65
8
222
3
210
11535
1041
128
5096
76
1476
3
5
5
1210
4
3
5849
1490
18861
2965
967
11004
20
1007
697
1028
2
2
95
14
174
25
162
2
509
296
2
486
61
19382
81
138
25
5367
1234
82
1
506
15892
43
132
3095
4999
1305
6
1672
245
130
40
2020
2156
2
65
2307
7898
2
3
6
118
9
11087
81
137
1022
1
194
2
2
1745
147
2
1652
19
4
9
4
10462
23
3
7
625
1196
27
3730
4988
1545
63
1254
16
180
8
14863
92
1031
381
3415
2
303
4649
22
891
874
2
20
534
1920
52
472
1
64
1
77
16023
459
2
82
9
3
3764
4
1290
124
1388
1
12278
1625
45
40
5
15
216
71
12
10889
18
329
3
7
1971
230
2080
506
4997
24
1433
12
112
7723
906
2322
14
97
101
9
4918
9
981
157
24
210
164
1
26
2528
44
464
434
255
5
202
10
3
3
6806
135
536
17
11099
3
5
1243
2700
2
4
14
14
23
2463
7585
552
759
1
58
12019
2079
1085
16338
9
33
1162
6257
4
9
5
347
654
2112
1422
17725
21242
1
4
32
4776
16584
1822
9220
17
1095
349
1667
1152
14254
2
7115
3
1
234
169
99
4
1735
1494
252
5
17626
62
27
4643
3585
390
5
9
4
443
8
1353
291
4767
2165
745
89
8
313
1588
8698
17812
130
6
366
1
10326
3
3
464
676
2
2
113
192
7158
165
3
592
7
13153
2182
9622
2149
13172
3
49
2
1731
1797
28
11
5
4
6
11
3861
26
21
1051
14626
1003
8017
57
53
8
614
138
3929
1170
9475
17094
2
72
13
30
4
125
1820
20091
717
2820
24
5223
296
1338
6692
1004
49
12232
70
11
14190
125
116
6278
727
35
3257
335
11008
1809
11
37
1040
5
1345
68
724
10
785
28
236
345
1
121
2
158
2246
39
10728
10
927
19455
13730
1036
3466
2
15
367
1
2
11
2
98
2274
750
21895
829
10234
1927
1937
1
98
325
2
97
1
18
4344
1
4
12
8
1
2
2
2289
14
2684
13
6
172
34
3
1397
155
31
14858
2
3
60
4023
21
5683
235
67
5
8020
14
6999
18415
113
8
351
4
2
556
1111
7180
4
497
10311
19
565
342
577
12
2
14
81
4203
173
2
6
6212
12173
3
6
21
9
3
3
233
1079
67
6939
530
11
504
18
5690
12
1105
5
6
2419
2135
8448
36
2908
6
105
2
5
18
966
10624
101
615
13123
1527
1
1042
82
3
48
275
77
6581
1
152
1
6297
7332
2
651
431
323
2952
3822
3
2
2
3
118
5009
28
3
935
8549
3
14708
126
1
210
13
607
25
142
2
2
8766
7
64
13
16734
2049
242
768
8429
75
10772
2019
3
5944
3998
1699
1775
1
5092
14345
6
118
3
2
2
1
162
2
3631
15053
30
2
2
13
426
26
7033
1747
3
109
1486
8918
3778
769
671
839
459
3463
59
11
19
5
21433
3
99
62
16
873
202
2577
331
3
135
5424
860
1813
25
1
299
1651
166
9
6109
5186
2866
11643
11
3
3
8059
21953
2856
2
3123
41
18
4
3094
1
242
3355
211
363
10553
13567
4769
37
85
6238
77
4
397
184
21
633
149
474
4
70
402
38
21
108
6
8743
234
17593
3
8260
755
12
565
3
13197
542
13
26
80
961
4266
146
5
3
4504
1120
23
24
155
3
1
18196
19
3874
39
29
694
114
8050
3
337
3926
13608
3
101
13
4244
2
1
6
16891
3
15898
9985
1701
16973
348
418
587
4121
3
2668
36
5
4720
3308
4
2
2
5103
5
11
331
19216
171
1289
3012
13
350
4
5
8578
791
106
11748
6
2434
762
357
759
14
282
164
7674
4
536
43
20001
12486
5830
19
4
774
7
48
2
4
1
2032
16866
19
14211
954
9
2164
4
2455
47
95
256
557
1586
3206
431
13638
4923
108
17692
2
14011
3262
12933
14572
904
2073
30
1650
4
3
2538
805
62
15
39
454
4
611
1
20570
82
16828
14
6831
257
7
5
2130
727
5832
196
383
2
2
10584
33
3
526
5
615
7
4099
726
50
7398
1925
23
555
2
104
22010
15326
12
758
5671
24
1
21409
2
2616
1
144
2279
10820
1
6598
183
146
4
450
395
9
9296
32
110
987
3
340
18
6259
236
1
2
10
3700
213
27
2
1027
3
2
37
2737
5641
2
1718
252
11066
2
4
9248
396
1
9
2
97
102
444
3
42
178
1727
1
209
11
1430
10877
33
1256
2
3315
5
2603
4402
4
1635
192
5345
979
2036
17925
17
111
2542
5383
21282
67
22
3
16186
201
10833
697
1
289
11279
140
26
2
2
4
2306
1087
3
2108
1704
38
3
583
11
2
294
38
42
155
61
5147
110
19
751
3108
19
6
21
558
17
585
8407
2
1054
88
3370
12
5841
86
11
100
38
20888
1
39
225
16
6282
2
2
4396
3263
3
2
4
156
15
629
87
31
8
39
519
36
11797
143
274
130
4
236
5
9
19
47
5834
6
9
5
577
29
79
7193
21627
1010
388
596
21822
3
660
7384
2536
1060
2
61
8214
2
24
60
2104
48
77
10
453
37
109
79
99
1051
42
6536
2977
378
5
12
3
110
5365
12580
8
3
635
563
16746
7677
2
94
1
2427
359
44
122
8107
4230
123
1
1
842
18
5
117
1
961
637
8
1
4386
1
1
73
20
123
25
141
1642
533
1
9
1304
58
1
449
27
5522
36
6461
51
6702
106
2845
14992
5
1
61
3781
10545
60
10
35
6
2
16017
2869
5
57
7
15
5410
10
7
331
1
8962
60
11
3896
1
4
211
12
56
3
10
566
664
34
120
1599
42
10525
16765
13
636
346
2
162
749
7
1668
1277
245
2
12880
1519
40
33
11858
14
29
298
15
1
85
307
8
12
2065
20693
9
36
15070
208
2
73
2
14747
765
747
186
10158
1
1769
394
234
3
1
2
95
6
60
2318
599
6630
10
2
5679
3
165
2
477
132
3
235
2
260
2118
9
5718
6
11275
6
20
6
154
46
2893
30
7
196
4479
9472
20143
19
96
16
149
227
55
120
8649
3194
2
81
295
8208
78
9507
9
1215
41
187
2
2
16727
955
15
26
165
871
809
15149
115
40
69
2798
101
656
42
6
332
17
8
45
32
435
10
105
238
294
940
1719
244
163
40
64
9408
116
13
20401
6
18
4
800
4
13669
5626
176
108
37
63
8
3435
73
1542
662
3
10
193
4
12
6377
1
6370
1922
94
2293
109
17
5555
5
19543
36
4
288
89
82
1
9
41
33
33
938
1
61
16119
35
928
1535
8316
101
4028
526
1205
127
9748
1
7
4
26
1
315
1127
15206
1049
32
83
54
2
17
1351
2
13891
46
2
105
2
1003
423
17
38
8325
3
19
104
764
157
167
640
11
2
10
4127
2529
43
197
4
19
3
43
1101
32
4
1161
2517
225
2
998
4
965
2
10307
59
2
5270
16
7263
449
55
1072
2
11
5118
6563
115
17
2045
40
95
3
143
15
5
4326
1408
56
166
26
3040
4536
18622
7
9293
5
191
2
72
3
2
5
158
7
8291
11894
259
9196
5290
3
1453
16479
4
12890
4
2
5715
3242
4305
724
3306
9429
39
3078
1
57
6908
5161
7
149
23
18
815
5
84
5042
145
2
239
582
2
4
1059
527
19
8
74
3
4
2133
3
3
56
1
73
597
2
2660
443
7498
76
256
15252
16265
33
521
4
104
23
7671
49
3807
84
62
20
100
767
2829
226
1
16878
112
6735
2471
1365
18
617
16
87
6732
86
21748
147
186
3114
10684
153
2002
20
3137
10200
699
5244
2062
56
1
230
7
3386
17397
2551
3
400
3
7
12315
23
4
595
8
712
94
240
3
14
1755
3
929
46
1862
1724
2
10660
10230
2
3
190
4992
13
88
148
11
10541
4195
15
810
591
5
7139
2525
11398
221
2652
3316
313
10776
28
14
2621
41
1838
8388
132
540
4705
131
107
801
1
509
2623
3733
67
635
2
13839
7904
11033
20856
4782
42
30
15639
4
3
259
12200
3193
19
13
14780
70
1
2267
798
2
491
2
59
4
2
2137
2971
462
515
185
11
1
1669
6
4874
811
5
16430
18608
9
2
5444
3490
4
602
5748
2
27
19956
3
970
8553
161
14
4339
1532
3259
14
6102
5561
517
4
19763
88
39
272
6660
1
2912
213
490
343
9
700
7266
227
6
4
159
145
3
91
12384
4837
8211
60
3294
186
475
26
342
10
43
27
36
3
109
2
4
6
6132
90
9814
38
2
21732
17859
111
9
2
2
9
9951
39
38
297
2
11792
9
14506
11648
4598
8335
30
2
3
19
11
448
196
8
12875
6
4
6
1
440
18
13
109
28
114
31
7
21107
21
6
270
368
11
3
6
4
1943
390
2938
391
2
796
44
14
6
2
9073
4866
5
30
1219
14
20
6
3
8
7
218
3
9640
2233
10
12001
70
180
19130
1069
1
1
143
12
369
1
15644
2
307
37
2519
422
214
429
11228
7177
7
2370
5
2
17879
54
485
4582
11
284
3
17
98
2902
911
5
2
14307
578
29
3
69
27
8
48
4
238
4308
83
39
15
107
646
1457
10215
12
12
120
16448
219
8779
592
10
3053
75
7
1
393
32
10906
2
2147
18
15
15987
64
14936
5821
10105
9
4010
1
4
50
1772
1136
4
2
5
70
4452
100
1
21
3
2111
8
4363
1
1116
3
1
2467
130
19926
173
2697
120
11
1790
7
7
184
14312
10
5073
29
5
111
3921
3
18
43
9
10959
12842
182
2
45
21
6502
6360
6111
690
224
1731
2976
423
98
215
8116
12
2136
11157
1209
10162
45
8
711
3
1147
827
678
72
122
7
666
27
71
13
56
569
307
9
2886
10284
5
270
2562
5
896
33
125
3092
27
300
1
71
113
2
2
27
1439
46
4
7
846
3
2
6275
47
39
2
8294
18
17825
2610
363
419
1878
2
36
3
778
3887
2
38
125
639
12366
6
11
7625
4
15633
13
148
1
11479
4407
3867
6
24
7
13828
1150
21115
10
1
1469
9345
3760
2
4877
3
2055
95
4
33
2
58
225
50
152
698
1848
47
3
41
1
194
5
25
19
277
1590
2
6
109
1
16
11321
1
6077
2631
21
10090
68
14
3412
63
5
9366
45
12
15235
7166
6005
832
1
144
231
47
1619
3
1380
2
136
2
1129
3
2325
848
15738
516
169
4
9
18615
1
6
180
67
71
5
1525
5763
21
2247
21490
1
1031
7220
5
17358
36
470
9
6187
570
23
13
4876
12
33
2402
709
12
8
1347
157
215
1
119
2870
20
5390
7954
4
18
32
35
68
106
44
2
2
29
2213
817
5
14206
133
47
5
967
2009
995
117
171
945
57
56
5
29
2530
44
11500
60
204
888
4
20
7560
71
2123
4
4
67
346
18
17
7
1773
13917
3
41
3
10030
549
80
1619
6
83
1043
1119
10
14270
1
2
708
12594
42
13
2353
1662
22
5
158
2390
3
10
916
44
5933
3460
2076
2
6834
1406
338
8056
603
11095
5
2265
3
27
17229
1824
167
8217
19971
38
355
5
602
95
356
71
553
6280
6250
12
1546
644
10
16
15240
8
88
866
19601
2345
481
4155
23
1284
1235
6164
1
785
13
12
3894
5728
183
21
1
2945
42
403
87
18
666
2
23
20
779
64
443
16162
1
47
12333
301
7007
790
12571
1232
584
1987
5207
1058
3
15121
8
17
8
973
5898
3678
17
7
14
292
36
28
5
3547
2
4295
461
1
9107
250
300
4
6695
18
261
9
490
335
375
26
46
68
3553
8080
6
21
29
2
6070
145
12
3223
438
549
1210
2951
41
168
460
4890
2
35
6415
518
106
121
1875
25
1
260
127
352
10112
1
47
7
13
351
19
16
35
8
47
835
5745
12813
3922
325
11522
2462
17
1574
12477
71
1041
11
1363
276
2
36
57
10
14
221
6717
99
97
2251
20
7425
632
32
439
213
110
156
4
20732
151
345
1347
15
128
3549
689
4
765
7
7400
32
1551
5
958
7
2
16
566
2144
1828
984
4
79
10292
455
3
9094
2421
93
1
104
6529
5140
2401
398
74
10
7052
83
7568
573
362
2355
9
8
7532
4
34
30
1
169
3
285
4
154
3
83
2
715
712
6
2
33
5
16
261
1
299
12
3
736
162
355
53
5
5026
3916
4
13
4613
1209
4016
1638
17
51
25
18
96
1
12
1729
119
1608
67
900
365
1
9840
1942
7
1946
23
3627
4
51
261
96
6210
382
19
346
8
8141
2
11
4
25
5
104
229
14079
3
7113
92
30
10
8783
31
7697
147
138
16350
19353
4
7
1762
3
64
92
248
5788
2809
2
20159
340
766
260
177
16572
1491
17
735
6384
2
3019
2
9401
1569
600
8023
6254
6924
1
3313
271
133
623
8965
326
2544
35
11195
112
4064
507
2320
74
78
1505
1892
43
4
14431
467
3584
310
11
8486
2
12794
2504
3
234
24
7
253
2
12182
45
91
4
11
38
460
10
1579
9
17
9
6
36
85
16
15036
135
10
1935
2
6544
5
246
12
63
5
386
247
329
506
7
26
2449
1211
11
14
601
2
1344
7484
46
352
118
2732
3399
6
3
4206
98
48
204
27
3115
906
1131
21393
10
5896
2229
5
651
3
730
29
495
2
5
8065
5737
172
8688
18
5
3
6217
3
8
1
13823
2918
11
553
16796
5
563
5
4
4
7824
11912
800
13079
960
297
1215
1917
4553
16192
5473
156
15768
4907
2
24
4592
9
14
515
277
3
28
2
3577
3
83
1512
10
513
1207
2042
1
2833
1112
225
10
2510
2
8717
168
6480
6549
28
18
48
407
51
1620
3620
855
43
1460
4255
43
688
411
23
851
258
159
1447
1061
303
154
6
120
15
244
48
345
2
38
3831
92
69
10
889
1
23
160
1290
953
18020
788
2690
47
1
2
1
19
1
27
242
7
1
6
1112
146
151
1559
8521
2
2
6
23
3241
629
561
243
4892
19
1367
1510
912
24
1995
131
102
19138
3
245
1
295
51
3
3884
2078
7
9554
10067
81
2
3
6
185
18790
6
99
11128
33
6043
7
2
173
3563
4605
1297
665
62
850
25
19844
5
39
136
1361
219
58
25
977
1874
7
2
1
1348
16665
205
62
14
17
599
249
7
2645
761
7015
1305
71
15
4741
215
1326
1514
209
17
1
1089
1
4
8
1055
1988
9636
18
16
8
3
222
1855
3
2259
7845
1
10188
410
2
306
4792
542
10
1492
303
5
17
1421
17
72
1946
13406
56
37
18594
14
17
18
444
505
81
43
53
182
4
638
263
196
62
7250
1
2
99
87
452
1006
44
4
3
3
5852
2
41
2541
3603
679
7
17
24
2827
620
9550
17
4
16872
134
287
1880
28
2483
1480
5
1097
45
3692
6748
1136
114
23
12789
12
426
320
245
5229
12370
15
30
41
19
2453
28
2
74
61
2020
6423
391
6667
36
3
422
1652
253
8572
3
16
36
3011
301
11819
6
562
504
3048
87
20189
2614
5780
7
5656
164
603
13236
124
11
9
117
408
218
303
3
18026
6
136
13
6138
37
2
7
28
2
2242
335
1758
50
4
1432
1
1999
43
5
267
17607
262
8
412
383
14248
12627
5
2
1
1098
18
10881
46
7854
11925
44
3
57
2486
24
272
475
36
13241
13301
4
13
2964
30
1266
2
10
12
5309
8
30
45
1
1295
4
212
3
2139
6
6785
641
69
588
6
81
124
1
233
286
2
44
183
1
7597
63
3
86
1683
1726
9
4
1247
33
9770
636
2188
34
15999
546
15516
38
609
705
327
178
3
39
88
124
2399
151
56
19
36
4
9352
16
40
12
4
7026
1229
83
16859
129
6
34
340
71
2561
18
3
424
549
6
258
5
849
1082
4
627
962
9
1
599
1
7
5
3
9
129
12
5940
2659
32
4
15
30
512
18408
18678
3030
20
1
3792
2
11
14387
286
4854
3897
6
245
11
18846
27
3535
4775
19941
798
61
64
6
7
91
3726
51
9
12412
2
213
3
496
141
1058
313
2053
5387
86
926
22
2
643
9701
779
2337
1482
10
3
471
762
3
50
5
1235
15
14
15493
47
6
153
6
64
5989
16
2812
2
139
77
9
2
5138
21
1236
43
205
2485
329
1876
353
34
15183
11726
110
8
8
256
295
1673
298
1237
1593
29
843
1369
14
356
9
11
119
2
549
155
55
5
1
733
178
2695
391
3
703
2
13654
1212
218
9
12943
1523
142
3
28
91
7582
28
3501
157
350
4531
341
5874
3
1
8
1420
104
1176
7506
4
2
24
86
1721
21
43
481
5
201
3
107
1509
18073
388
2
25
1182
1418
85
4
743
4857
42
21353
101
387
18
371
12
169
6
4977
3
1120
1093
36
696
238
3
248
2742
5
1
3059
3
2
6
2
13
2947
2
12150
11385
2266
87
110
1768
8165
7334
215
114
116
472
9036
1330
8
3
2
18
1170
16
523
11449
317
10078
29
19
2
3001
12
7
279
11
33
13572
384
11863
7489
30
1489
8205
2848
111
18
11
17759
2
6
514
86
359
13
663
135
56
123
197
6
3178
1
2
4489
16634
6268
1
566
781
695
26
57
101
842
41
5
78
22
46
23
51
11783
26
1
106
2
1013
1252
2
376
21977
16
13
1
4031
2030
425
6
4502
539
895
24
9461
9
12
23
36
674
7475
3
431
2
602
9
4
16
1
7381
5576
105
73
16
1969
374
715
4
18
2367
10572
5
1732
127
65
165
8
1017
9251
252
1
213
15
5203
1
58
394
6
13
2
19
2086
8982
12
1
2193
377
4401
21
868
236
45
70
1373
5031
837
176
63
4
513
312
17024
2831
2
4323
2
6
17
355
205
825
5
1359
21417
30
3
71
25
22
24
21683
243
3
2
2957
2
28
3445
14517
279
131
2
598
1373
3907
385
1275
6
2
625
1
413
4
67
84
131
9661
282
19822
2
19859
13006
24
1460
3221
78
1316
7
8
69
11
1239
83
30
6
7999
521
1
677
8989
297
5
5
25
2
4088
6
10
11630
2014
2089
29
5
4836
1882
18
2
23
2173
4856
6
5
858
1
9
1192
13
1
7714
8
5084
882
6829
3
9973
7411
11078
9053
36
6
3
1704
81
3216
8756
158
3
14
85
2
1864
824
5
234
83
1
2969
79
21163
29
3
19209
9
460
4523
2
11
719
1791
73
169
9155
9244
3
9892
672
13542
7436
2617
4
37
12
170
2
608
90
8
64
359
40
5086
6072
16547
13
2323
3
3
441
694
787
2082
15
10342
359
4
1
7089
1754
31
86
829
859
756
59
1108
12713
29
4778
9
8935
202
2796
1
198
1634
42
121
9654
11669
881
4
896
2
86
275
416
32
6437
278
670
6
1067
3
1547
91
1023
1193
2342
14
2677
3
5688
1277
797
1607
25
3283
1348
7118
2034
6
5317
274
6447
15
1617
9734
273
2527
13
11145
12426
6
6194
590
1576
88
4
8
1409
246
39
5
1420
254
41
10022
33
6
652
919
1
912
255
21514
9643
14100
9
7
1138
2589
30
2
1500
4704
9
106
162
39
8
836
819
8
468
97
255
1186
368
18
4901
980
539
16967
109
618
4921
10
11
411
74
7580
8
2
807
1637
1261
1922
5
116
349
16
1
14675
6632
62
1183
111
3770
2
705
51
99
34
2
546
18734
1
38
235
141
38
9962
1
1
281
7121
773
4049
2472
451
16144
10052
511
15
567
556
377
6389
219
136
1949
9405
249
2518
31
1
2
15586
193
1
7215
9672
28
3
2
43
48
7
2
3676
133
274
66
28
10
726
7
2
145
6468
612
93
18811
500
544
182
930
215
1871
17
1182
8
62
9
4938
4784
1873
12
4
4
6
106
352
113
3
233
4104
10
14042
12732
5784
68
12
294
16897
1
3
172
2
10154
58
5543
303
43
1
1
101
2151
164
228
171
14153
7
219
1862
24
14659
17
2999
32
446
2
10
17899
10
2
13
3598
8313
34
4
2
364
13020
248
6
1115
4
57
116
88
4958
469
14
498
1
9
1908
6
3
21635
45
8
15744
1242
176
1327
2
36
1
36
40
64
928
6885
2
184
52
201
9
1778
2
4209
635
111
11
8
480
1
15
2
10744
5082
35
3
1955
1295
11
8
154
9676
390
947
7
6353
11
2
237
565
1
1736
769
2
832
28
7948
1097
50
38
8301
17
1063
207
1046
20378
68
8502
22
9
2
640
17
3268
3409
86
99
1031
72
2018
2
6
6725
159
261
13
3
17030
193
1
3
129
199
3965
3498
102
225
5479
61
3
251
18504
2043
1026
212
6
4
8
3248
432
68
20
2
14174
3
122
9716
4
6813
2321
712
37
1
46
1
236
63
5
24
3
5
290
42
57
3602
6
1866
894
1
12689
234
11687
1125
2
1
137
48
2
21
37
41
33
33
31
43
989
436
13
2
5666
4122
17
1783
22
2
1082
2496
5
9310
326
159
5
859
738
53
3
20966
13
1003
7304
10
2
3
11
456
12
39
142
670
11029
3
47
2
233
2074
2177
37
15087
185
36
8
11
146
4
10869
8505
409
3
87
11
4
12
7
11
16
18
8
24
32
2092
29
4
84
2278
639
7
5
21578
1
70
91
11351
3093
1531
5
1
18
5
14
9
117
710
17912
25
19
2
22
755
157
4
20
19
2371
49
6715
2161
150
4
13880
9992
4043
14
21218
45
55
5
1
207
408
139
2005
15
5003
2
3038
57
26
40
3054
7
619
15246
1
1740
1
4
803
48
66
9807
1620
9
2
19
5
6034
3
2332
414
2
37
22
6
2126
19630
5
31
1090
7044
40
18797
2841
8404
41
7439
10
6
19
8
7
157
18
1
126
13
103
3
2906
3
58
355
58
15274
3
3495
2
6
8682
180
59
54
5911
1081
439
2
687
45
2281
4
3
13623
157
17
53
15464
5
1970
9359
5
25
51
1941
14
29
13
11574
4
19
13
458
3
1
14
47
2
1
900
127
9
25
427
1306
6
1984
10
66
23
99
47
7
4
10060
445
3
875
302
516
4
14533
18
126
6512
72
211
7
95
1
5
17613
1495
5483
668
2
71
2101
1885
75
9
118
11016
13
3494
119
6
10
23
14
512
285
744
8
1337
11
1
4
205
3
4
2123
4979
15
1
139
32
424
3
4
327
12
4
117
10967
13
174
259
2633
415
1299
28
9
18769
4981
49
536
18202
5574
9
17
35
2573
35
39
37
172
4832
1
4116
2361
401
940
2
502
3798
2
3
2163
12
4
1
1943
6558
811
2
6
3
55
198
8
24
134
1905
30
3
410
24
131
600
1
15
61
21862
410
62
7945
108
344
60
136
8
65
334
70
1
23
115
492
824
50
61
7362
20242
1226
27
166
1185
1123
24
96
5436
7
887
2010
64
1
65
2
75
3
43
32
187
86
34
8
1
85
2008
5155
8888
2
17190
3950
337
15349
4409
10557
657
11419
459
181
1
2029
13746
82
19770
57
19506
6
3
350
1122
205
114
15481
12
1287
9873
2
4
2705
150
1
73
1
121
1889
13
17772
48
18692
512
953
25
3789
9124
394
12209
4971
27
383
39
17686
10
4
40
1
245
2864
29
3507
8
586
8379
4
3
721
174
2
10885
4
18
1
10
1401
2
416
13476
63
251
28
83
23
3300
505
455
2549
4677
80
623
169
6
1089
4131
15
1324
97
50
6
12191
2
55
506
1518
302
8
6524
5
1154
1074
6
66
4
3004
14371
18
3
45
2
12
62
14
1
12856
129
3
562
2
258
4
12
38
2
3996
395
12421
19
31
1
9
11
2728
17
3
2441
10849
1341
3235
448
4863
132
1
1
1
52
4716
12283
8979
705
2090
22
87
47
46
3
6768
13643
22
3
249
3
831
278
31
1
2588
3524
7
29
18
6168
91
24
21700
975
435
3240
3971
2729
403
4
10780
6
66
3506
5
19800
3742
2
3626
3356
1
2296
9
37
392
14
3
337
76
6
3868
926
14
11
2
13
27
30
1440
2
3
4
18664
3
1197
1
227
923
2
8089
1179
1
10
4065
1837
5
5
21
12389
388
262
4
87
8
34
54
19
6086
6
3084
6534
2944
8546
4
1
7
9
933
114
2547
70
20151
682
1499
671
130
33
319
41
744
27
1
90
844
4
20786
1352
69
7
3635
49
39
9
32
19949
7395
11
18882
63
4
155
1510
11045
11
10632
31
32
19
70
236
87
1
4181
6375
18
2
4557
11801
1250
1649
49
8
27
1302
3
4302
547
833
10
2
2
12
106
24
15
1
3765
40
670
10
2993
2
20
3
1069
239
18974
30
48
4219
1487
8793
19390
102
2
541
8
1
213
55
14382
757
29
3147
831
3
3436
7
2
34
289
2
722
4816
80
847
119
52
5
177
1
5
340
10184
70
4
66
1
17056
47
7913
2
63
11
2927
4310
2
217
18755
15
41
19
2
139
9465
2
4
16621
1189
8
13
34
63
52
21
2858
4
127
1246
30
5
1930
704
50
13
492
199
75
4
15014
19052
96
4
4718
1
3536
1
8859
13089
543
4
2758
2571
8
43
4
9
42
66
902
2
9774
7
1077
20493
5
1
15856
20655
2143
135
18
5946
18182
128
3641
209
2
1272
38
49
4721
388
1121
635
1214
8
17
2
133
2
23
6
3085
1
1
8747
4
20031
256
174
15424
5978
256
33
2
6603
1220
12
4
3
21969
3
13
33
186
80
22
3607
9
2
14
6088
14621
18175
15916
1556
629
90
147
104
12
7049
5
168
65
29
250
4194
11287
92
7
15
194
320
17561
21643
16491
37
13
55
92
26
70
1
5984
1
3475
1
979
39
25
48
6189
1265
12
3
21401
124
6464
21
5235
26
5
8626
7
12
223
826
12957
267
15803
17
3
9029
5
103
37
306
8220
21
2
3667
19404
3
1428
12
230
13803
49
1748
555
2
2201
2
5
1022
1513
16
5237
1386
5876
5
52
26
3371
457
89
10
16
111
4050
523
16
2140
5
5918
1
183
16089
5
34
1
9
511
1910
72
2
234
6399
133
11136
43
11
4475
414
2769
540
4766
1613
1479
2
3
3
9
1484
519
1320
388
132
1136
213
13491
2770
6
2594
21441
2847
2828
10824
3
245
42
746
36
39
34
2868
3
27
2522
29
5458
2
3173
21
1408
203
28
1
2
3
72
2
5
100
2
2
3
19
3
9134
26
867
950
1138
245
4
2090
74
588
110
2
1103
36
6793
4
421
6916
494
1787
31
1506
11
31
4365
2
146
1633
425
19
4254
290
10612
114
8527
17
305
7830
3
26
22
2368
11
3083
5
8
30
16
24
12
4
21322
17
181
23
1809
2
54
4518
7
2851
7280
1
354
20462
112
66
5
13
3847
3003
23
5
82
750
490
3913
624
535
5394
80
4
499
31
15
10
2
607
3
1
919
117
33
17
4
511
32
19
7
174
3704
3023
16065
1702
18162
630
3
73
2
495
399
730
20950
179
117
247
434
13
15569
1702
3
67
188
1
4
19
3
1016
19346
34
12
885
19188
15
4
3
1657
23
17508
5
29
8282
3112
4594
23
2275
12219
99
1329
741
5741
6867
807
7
2674
17
15845
6
937
55
125
646
14947
107
94
4
8
121
172
40
7442
890
8
39
50
66
2
14
2
18
34
1
182
5
10357
56
12
1439
537
9712
107
2400
319
17959
44
10
78
6760
208
371
24
61
1966
757
5
1055
334
361
4574
16
2
20174
8454
25
5402
273
49
21
3342
3674
4
2739
5
52
90
2933
9
982
14414
2956
13
1
4827
55
26
54
24
86
21
1489
14670
102
30
28
79
7
114
5120
1
18650
4
1323
4750
254
15406
2683
75
2641
22
33
92
241
103
8614
16
66
90
150
1149
39
14913
5
18
72
25
81
1007
1100
410
14
2154
5828
53
13
2166
8
21
2152
14436
930
52
334
21060
24
20
13
2017
73
3
631
155
14169
437
380
35
35
2
2580
2926
2433
4984
238
5524
7
16
2
159
20
407
3
21
2174
1
2
1529
9114
1577
4
4519
3
14847
558
17719
6
1470
467
13
59
1454
2824
3530
871
2
170
3881
16941
5
1013
3
12
16
691
118
102
3
4509
11661
239
49
1099
15332
175
48
6
1893
142
3
1
389
2960
85
1686
413
1
3
10
14
6
4
2
778
3804
17
35
1
2
2
221
12
6
2
389
271
15
2
28
4082
10
8435
33
4
10
10942
217
2
2460
2115
1
113
44
3
5170
2575
6
13
5163
109
10
4
5
29
3794
11
720
52
1516
255
1798
15
3
13
3
9568
19441
41
207
98
775
66
32
2
11
237
12
3
4
164
2
3101
2
24
33
346
3288
1850
15366
4
4449
221
1140
2235
5
24
2366
22
4
29
4
46
345
59
5647
16041
1307
2
5
2
2
39
210
167
193
3
5869
8150
255
21
32
9
1443
1
113
4
708
14026
137
2107
2458
1855
27
14
13
165
105
136
3962
33
2803
2450
62
117
17
2
379
1
22
2
3086
4469
4
840
56
1398
298
12
12899
8727
547
22
2211
4
2
99
21
191
279
75
1245
7
5
31
4748
3767
10
7070
30
3
9629
14
10474
824
477
1163
8
3149
25
2
3
334
178
55
3
2
14
8251
370
2056
497
86
42
1
19652
4290
675
2
1
70
3835
1133
2292
9
7155
3564
10109
13366
10
384
72
10
14874
16
768
274
948
21985
2270
11
17404
442
2
10
7871
17
43
3437
8617
3027
5029
3
58
546
35
42
16
9193
98
2414
9981
42
5
1
38
5
14550
25
369
15127
140
857
6
10097
82
1517
3
134
1521
1084
2
263
15115
54
4110
2
2
51
390
282
4870
841
51
6
43
2532
1
3230
1
273
5
32
92
22
15166
259
1
9
9
6330
2514
20802
77
45
32
3
2
27
11
2672
298
3379
1143
3192
20516
18
149
3880
3252
3476
1
3808
9
3
10608
1514
12
102
34
16326
3245
67
54
1035
2
1
2085
49
2899
15458
1661
10196
2325
48
951
5377
6203
728
8
88
349
4700
1
8
3213
5248
2
21
954
159
281
1076
80
13751
2431
1
6478
100
2096
25
3135
4340
2744
6
38
13
95
16
18271
96
36
21554
7247
907
690
447
6
166
2
55
6032
32
9303
53
32
265
2608
15
1155
4821
5
21052
23
7
67
1923
186
4
47
2
12
760
3167
1
2
1321
738
9
5
10075
1174
6
224
4
46
14227
63
109
449
4637
7
250
87
45
117
360
8
7
18
21385
19484
3051
86
793
10486
10656
10
89
172
20
13451
1285
14200
172
5
197
11
1
1602
4577
38
3497
16259
7551
37
294
2
91
191
10
2
60
201
2
10672
476
37
1
592
14758
4
2
68
10
1206
1
2839
5
846
3
6
4
419
638
384
4085
266
1576
141
56
1438
1664
20
17
37
15280
10640
13227
102
755
1158
4093
52
16222
1468
89
4
5551
207
424
104
968
11224
1
79
3912
216
21013
154
159
5
8008
3
53
20
6075
1265
19513
947
1095
536
10276
7470
1282
17712
182
1147
49
589
336
5416
9
11626
1
4
4
5
610
8223
2
47
38
3710
31
10
9
20310
435
7
16
7
451
125
3751
655
6
248
117
488
1206
498
9615
35
75
31
2172
24
10
23
116
21
3737
4
2
7611
3
51
6016
3502
1325
1057
385
21
568
2916
160
751
8
3959
9
167
21
241
97
74
232
1653
9822
16
66
68
56
1
7
204
14339
15487
2
82
1538
235
2
3231
19195
12361
9
1
11717
270
5080
13
8
945
5
6
3
1805
552
380
10
13948
1341
3
19224
319
763
2982
661
1
4
1660
10
6571
17739
73
477
32
50
6
1
814
61
2
6712
6
35
9
2667
3
10
2961
4
10752
1004
2
40
12
55
38
648
18053
2924
308
14355
823
196
437
4175
3
12952
602
7990
8594
10
85
1671
89
11600
2
140
7
144
503
92
647
220
106
42
4
183
2162
2340
9778
1206
4306
2
7757
118
58
5
1258
215
151
8855
2048
2260
804
2460
5242
17268
1
6
96
5760
6152
2
1029
170
172
10
1376
633
19616
12967
8382
208
13
1023
1096
362
24
620
325
60
810
125
56
20639
118
667
1
726
65
208
7
8835
88
29
2
2057
164
2688
2
5
200
7464
60
2290
15
24
44
19
181
2
170
6
194
15
12
3
1623
3
632
1380
710
31
13276
75
787
10139
254
103
120
4
5
8473
9415
15
882
1014
485
2
163
2
641
153
9
10
50
3109
3229
15189
12393
1570
1
243
52
2
4
21854
5
19
432
2
13953
2
44
1
35
2
1
2
5213
3
12
4
14
296
14
211
699
4
52
127
5392
21
14121
7031
2
3
630
334
976
4124
102
43
42
35
11
1122
75
20
22
4165
7628
13
35
106
7
168
119
1730
450
561
15412
837
12292
1102
36
7863
74
7
94
41
20934
6
1568
3567
6065
61
95
3797
1
4
487
4300
3
396
289
63
2506
21
93
2412
11
7060
326
32
6420
19
986
1
245
69
12
1083
5
15
987
344
14275
2
36
13849
26
28
35
5
79
61
1
232
234
2
16485
6773
995
1
5
12
19
3258
102
16
2
397
112
436
2
297
4662
44
12
856
90
1160
19267
19934
63
10
735
7665
8809
177
1
1
70
1
2
145
18291
7737
2
18
1857
45
18
36
102
3440
3107
64
21
24
3441
7634
63
9669
142
35
42
4111
1227
2
4746
6
733
25
15
4211
507
235
62
4019
426
3
11
7
2268
2
2
13212
240
5
111
8
806
7182
5
38
6020
52
26
124
1757
120
6551
110
6
2365
3
606
49
12
3860
81
2033
724
1132
120
9
6
7557
18
1034
5
5
1
363
964
2
1552
689
108
4
95
2
1
14089
2
8
25
1
7
8646
7
3
13
4108
36
30
6618
318
3975
48
374
1028
6722
3337
17
3
131
89
1379
300
218
7963
479
7
4
62
1554
6798
13094
6093
9497
172
69
63
2
8
79
7
1358
1
177
13
1840
5795
243
344
13351
7
456
1068
2
1199
7
20
699
9944
343
2
8912
7
1
2
3
1441
2
956
7529
853
165
84
3486
3362
17
73
10101
381
102
147
301
17
1154
149
1
91
11
8872
1751
459
31
2
439
425
11
3925
1247
306
51
3301
51
833
9
2184
22
214
367
288
53
3821
62
134
21194
6
9043
331
10400
10
2
2
25
3273
3381
23
2305
7274
11997
1102
6
753
2759
19
2
5
35
11166
67
79
3740
224
772
12
18804
938
15337
6
6311
27
4008
6
8588
37
66
2
19
11810
815
955
10242
280
5
291
387
238
177
3
238
38
391
40
195
1
14
237
7
27
306
909
167
45
411
3278
2
8740
7
426
4
47
44
4
227
15
2
27
4690
7775
66
46
224
223
7
3
14
1
10
5375
5
6
7
3
44
12
68
175
907
4
2576
2
2778
43
10865
343
8
19
39
17
34
5
116
28
16
9265
9
35
1739
24
24
7012
8119
51
3295
3
19
9785
12
270
3
175
75
7153
2
373
1
3
7
4279
12770
414
59
764
22002
1
664
66
18
9705
7
9479
13
4017
2643
22
7760
1
3361
49
44
1
2240
21
3
61
4568
4220
10
1666
9
654
4371
4
723
3
20624
968
2876
21
32
6763
9
9
41
6620
128
143
727
67
2
2
161
51
64
970
1480
7
510
232
60
8
66
3
794
140
2147
3526
2
9996
322
1847
9881
466
5953
52
60
180
19066
7848
74
6
2502
16
167
11
21912
1000
1
4524
8
18
53
9858
3
7993
23
2
41
12
1251
12
3
158
12746
292
100
8514
1
4
165
274
369
3480
19667
443
8397
2
3451
5694
379
46
208
7574
10
212
31
1
58
16
1
471
8750
46
3090
2
414
8375
2248
15
17280
7
23
783
105
154
1128
239
2
153
8
379
7198
697
8
2
116
9422
1
2119
1826
21797
2457
725
3978
458
74
108
10
3299
318
20895
45
1390
2
3
196
4
1308
2
15008
17
5292
22
14681
1352
11766
32
3
5088
2259
25
7354
248
91
12510
9384
924
171
1602
1413
4964
1
3
24
126
1697
467
8180
8585
76
16
490
4249
40
767
18013
15104
28
8652
9903
1164
3968
149
10384
1049
12
682
359
2212
332
3
17932
48
7188
1
142
1
1
3
821
218
76
4
5165
9
2
15697
49
7651
865
36
7323
6839
1240
46
15470
120
799
3
13192
3417
1438
196
6
2788
2662
642
1776
269
6541
159
2
22
265
962
160
42
15020
15
2
545
447
245
561
40
1010
13
14610
4
26
3
1725
13896
20
6960
1757
149
596
1
20
10381
702
40
2
10
3
398
28
3
45
15
1150
11258
32
11347
37
10
225
589
612
1
378
1142
1459
21538
2011
25
1
2863
8391
66
4153
56
6
463
26
46
5199
656
64
185
10063
7857
9
316
5
58
8543
6890
2176
3312
200
48
70
1505
83
6118
3946
359
2416
1322
3
10
33
569
5891
688
12
3002
7784
261
37
558
91
20424
9561
123
63
281
16948
2
956
6196
150
9
10
995
267
18
1842
7
1695
2
756
496
13148
3788
29
313
5
10455
120
6778
19660
1
790
4529
12
2
251
83
704
11961
8
1
31
1567
98
690
15212
445
6
296
59
1
811
4447
189
26
53
138
3
80
9970
6968
27
2
53
683
1012
98
2
12515
381
40
2214
15098
668
16126
8
5698
4
1521
4
3719
131
339
376
146
13
4684
4
9
1141
7
7518
1612
1885
1
1
5
148
116
645
598
11608
979
499
2
2
158
14393
652
271
11
5773
1673
73
16
13854
3
48
1
2
2
2
83
1526
57
1
89
7
13
125
3056
408
6
2378
3
6208
1
503
9158
2
833
2
13133
19978
4324
48
10756
2066
2476
2
7258
131
2
4
67
859
265
129
5793
57
473
915
17
851
912
104
3805
2708
18332
1244
4059
17
2
9
1533
113
2995
105
123
50
2065
375
372
258
1883
918
9026
99
399
310
408
9
64
2
207
368
70
96
605
11
3
826
26
11
875
909
4
11
10922
42
2277
21
4
2
27
438
42
20
1
475
744
730
124
3
26
8
5539
145
361
58
157
293
22
1434
1160
716
446
57
3956
4241
1199
1993
3
139
12
9
5
1
259
33
1
4073
29
936
160
4394
642
97
1481
6645
178
3183
1271
4914
2310
6803
3
68
137
2338
127
522
3
196
25
6
1582
4
2
1
8263
3
2
10812
1
206
14479
160
10
207
388
4
18
2
8132
4693
8
4610
462
20
19852
5090
26
165
10
3812
3070
158
299
5658
2208
22
2
7
2
2762
6285
1440
266
2199
54
2975
1
4879
2513
13
500
2757
14
12641
884
387
23
1195
321
484
8701
3269
4
70
750
16424
1
68
1
13446
1
5570
3
51
37
3
2
2
903
23
21
13
3
170
101
18
588
4800
169
1
207
2
4
3555
1395
118
1677
6852
502
46
25
2647
3565
11
1
5711
713
5225
341
649
334
752
1958
167
314
58
50
235
90
2
741
4670
1053
2
61
254
116
19
5122
494
4037
10423
1
17
34
3
8267
1
5
54
7
1207
65
263
6
14
47
6
1
1
76
3983
114
14
54
1005
1582
32
26
3157
730
67
326
692
107
3
1
7
37
2898
1961
742
570
16113
141
3
6
7123
5553
19697
7
503
241
2
172
10
23
3
4
10
20662
18128
12118
27
338
5
1
315
3516
450
44
53
2844
9
13
7682
181
216
8329
7
6950
6
216
15791
24
3
8
9276
6994
807
11199
6590
7326
15
54
789
272
12
5
1
119
12919
10
7315
10
6
7
5
510
47
5
19889
116
3
2
18168
2
1591
5149
3
145
16640
1579
126
2
5
59
21
37
14195
81
4005
2474
34
13266
3
93
16253
783
3825
13
119
611
125
5
7
63
373
6
31
91
441
21562
1388
113
6
572
2
9
535
41
23
2
8
32
309
797
791
548
2
162
9
4391
1404
109
43
6
1
897
19
5
15
502
825
6730
6
1630
1
3
79
1858
5
719
10
116
2
2578
59
15383
69
11
41
2963
231
158
44
312
358
1625
420
276
6
12
4
1417
4
2725
20631
4183
11245
4119
6
4
2063
122
437
48
955
5987
270
143
1
41
31
3
3910
18567
12698
644
6
137
836
103
6
48
250
3509
3
124
770
112
151
25
5
2722
4216
12010
123
6430
2543
7288
420
34
311
33
33
13922
1
2376
5054
37
31
3787
9
349
10
6408
38
5
12
30
1546
17
18428
1872
6041
8
1681
17
11
166
8423
799
3045
2882
14
6185
144
618
921
82
177
621
5
11
2
95
3
13
8
210
35
14697
56
4
2719
19689
396
210
2
5673
1
3
2114
60
2
2061
2
18574
2
2
527
6919
22
11509
12237
14664
89
377
1
48
822
9625
11
1418
20455
1
36
9862
18033
1595
217
286
4147
4
716
665
1509
48
249
12505
3
3883
7512
814
3
209
1645
23
138
2
290
49
645
1236
8
1
11970
876
4347
312
6
5209
2
29
594
8147
44
581
5601
4366
8498
2
1780
3645
32
1589
7
2630
56
13613
163
7819
2
6
3
185
379
1557
3754
17
1622
8
85
5
208
1
2568
138
6
8438
32
39
352
698
27
553
10
334
467
704
1655
51
525
10
648
20287
7726
77
5151
4496
24
46
15360
1524
5
7456
2051
31
31
77
3
473
2199
1190
971
610
1028
3
883
13
960
887
104
823
343
7
9
1007
21506
5
5557
2
16
11330
18
54
4
161
17892
8
6
1573
7
34
17
7702
326
45
3757
9
12
1056
583
2
18243
9213
4236
8
87
9387
3
14037
77
299
506
3870
1088
5743
376
6
191
15435
1073
88
3
604
3
13
399
1448
330
3
68
8
36
65
106
3281
31
5
5
5
8
1
714
1516
3
102
1963
905
1
1699
9
20
427
305
6
380
808
26
1948
1177
869
5
19733
20317
200
2403
3
9829
1
3010
19623
1
399
4759
891
105
1
3
68
10628
2942
73
10026
14
84
30
14
796
44
17043
172
1
175
147
1684
16277
6
13
7084
16132
8236
260
977
559
984
501
223
103
6662
9
818
12
356
593
14643
3818
2727
61
2815
65
24
5
45
6
46
3332
37
1849
6
3639
97
1845
2513
889
387
5
6720
9394
378
3656
3
36
318
79
440
5
2
19310
3
3
3026
264
140
10478
7813
917
126
1
2
10
7
581
7
41
370
88
1
4501
10696
6063
110
11979
79
33
7
1952
3758
15993
22
646
2348
1
7
480
7599
24
9511
4521
220
2
12670
1234
8
1
72
20
24
1291
2254
5514
44
9117
2
12205
20
2
8
3424
339
3
3
2227
14468
20
95
102
193
10204
2
85
2215
5
14
153
12187
1
7554
41
65
258
607
105
40
1172
5501
11
1093
20577
30
5
12
36
11271
1944
12
406
8
4
9543
96
556
22
147
2709
11656
262
3
44
12
131
969
5
47
50
48
7
5
2131
1
3
4268
6081
2955
8
2039
1
12684
99
2084
72
1
272
1
7
591
1
74
8044
59
180
10
6844
541
466
61
9269
25
263
207
3
4
7137
80
21
8
10930
1
778
368
130
358
795
142
9
10988
265
3
2953
2
57
991
15
13001
7
1
1749
4
49
60
8445
703
1863
20
5
1
2
4
15
8737
21
32
301
73
449
241
48
1
3
11
1080
64
1592
8239
16
1
6413
41
3928
1685
5765
32
720
3
3345
51
997
93
133
17126
13772
286
20
149
15
40
2
617
13411
48
20409
683
1877
1
324
433
315
288
10470
19038
21314
3
54
24
1
33
2413
684
4
9
4801
582
19
34
6
6
9
31
668
44
7
2
38
24
7
11770
7939
703
166
16
1203
49
16
10
4
10
13
6
15263
17
10712
6675
24
301
884
2232
363
5
1
1
3
247
177
9
27
2
3
140
3154
2703
16
2
187
8565
15372
9
5681
118
23
109
11103
2
398
180
3
2411
2
137
6
3
76
1319
10150
2934
24
289
13527
4
6104
786
4810
9955
2655
8
3
8350
17
82
367
1405
8770
79
1
8
3039
5713
3396
2917
327
38
4273
6014
2
46
5
10
18435
4796
3538
50
10253
403
26
1
3
8822
1811
194
8
12561
16777
5845
6095
448
102
383
12
85
211
2
3197
10680
6965
8721
2
1
21887
5885
5
2475
1793
31
169
12
1
146
89
3188
186
269
399
1560
2
7
3
802
1066
5597
7467
3
64
15
14291
300
330
81
333
2231
1185
365
7605
3
15065
2405
12
4150
109
16362
3322
1887
78
8419
5
186
11
3
1
144
9
5664
1
202
1539
600
2
7619
3191
605
2
1394
3080
1
883
2
4056
3
323
129
1502
602
378
4429
20
11466
4903
122
55
108
3
1
734
63
2
144
5
885
50
5481
7654
1398
42
18
32
346
489
165
21
1690
1626
152
4
8
31
1806
8187
4314
2487
2
717
2
2435
5304
27
1868
747
2
84
362
2116
61
137
1
23
19
5580
1869
2
311
1070
2
1
3
2676
2826
25
1663
4
7028
7453
2238
163
3629
27
279
96
19882
11
312
2218
2
32
5
18
476
693
2
317
5880
57
4
586
1303
1126
2
2
135
2
8
4375
5
72
6
13649
1
17
1
24
83
267
2
150
1
503
2334
18339
170
10
11948
658
22
1293
7329
3743
1
1
7688
37
135
15
6358
107
232
55
17633
2622
20333
183
20
3540
776
3784
4331
25
275
108
11
9781
10
15031
12
77
2
523
13
14328
34
8
6
87
637
3
217
129
1
179
29
1
913
1357
230
1965
44
8
204
75
963
3
3102
3390
3
624
262
142
19
2
2
1777
17
2
1
145
6
6
2
1
154
2
12991
21805
240
163
148
8
457
63
2
74
328
50
1
38
6023
318
3
60
1368
12982
33
445
2
85
335
315
3
13
5564
1
5
10
17752
397
2132
1
1828
175
1999
76
1
1
14
27
4001
471
2
3
1744
11
190
43
305
18938
4551
194
10082
2271
548
7
49
318
1225
9
6816
233
1
5
207
3615
45
194
3426
11436
35
11393
1423
3
3851
2
16332
31
1
8955
1495
7373
6635
80
1283
4
71
2
404
5878
277
23
20647
4514
56
3120
1
2
5
721
3
35
14
11262
12454
285
997
87
2793
23
2494
4
7
4591
1
1
691
5526
112
9
27
71
2386
6
4
2
4
3
178
13
3
223
4
94
1175
2520
108
251
1751
5065
38
973
1223
1
112
1
5
5922
98
18868
1029
22
12463
2099
11
90
3
40
21178
487
148
126
22
17799
2
6
58
85
464
39
26
15
2
7
334
4
2791
2
5
219
8276
3940
620
393
50
5660
2360
101
69
4674
469
14941
5097
5530
3906
678
1001
3581
4727
16
13167
2170
7065
6
59
74
3728
1024
3175
438
651
24
5467
9869
835
2
3715
2678
160
2
113
1334
16
309
4888
298
5069
11
106
11
1118
269
123
32
6
3384
10
8
8865
7925
3398
5
52
2
1
25
721
19
2
1815
156
291
23
50
1107
21
2253
215
20
50
837
1911
4133
303
10
78
2
2139
680
84
7487
12
597
6
3
9016
5
2
4599
14447
551
2772
3
1
1231
6791
10
10
4200
10
4075
3
3599
6
139
1037
1190
5198
4
2194
342
24
133
26
24
2
937
1
14
2295
2
3
10
9929
17872
11
113
4411
189
3
135
13
12923
1164
1939
97
487
3679
9
46
169
100
1331
693
2
920
847
18889
13
9988
19
671
284
111
4506
32
4
1312
280
343
1
1
7
2
8
5
2
2
9
432
325
117
3
3935
4281
4562
834
124
177
1483
21994
5
283
138
2
2
13
7
14
3122
3055
16
1411
16535
69
57
1213
773
720
4
7062
374
6697
1
310
61
1472
15
1145
130
27
9947
15880
10955
328
428
429
7
96
29
31
135
321
12
12352
9633
21
2792
11296
2
2
2
6406
2
3
115
393
1
1059
754
8902
17462
44
5
1427
42
134
14
15389
286
187
14334
1
6
20794
10616
2
1
71
3406
347
12
2
1818
405
92
51
10
341
6
13
2
19
11753
7
121
71
355
1
21171
4
450
484
59
123
1233
134
6
117
4
262
43
2
20008
8
3
5
13011
268
2
158
12
10
983
2
10
151
62
55
529
462
4
5
6
14474
2175
4
18981
4404
21266
22
7
3212
90
5477
35
54
10845
73
1610
2802
758
308
35
608
146
3795
1432
441
88
2
361
4603
448
8678
638
538
59
369
717
18
11049
18
66
2407
183
24
1
32
253
376
36
2
6
15
5035
7495
25
690
30
14544
850
19
42
3
60
4
306
179
3735
87
19778
226
4
47
3
46
819
2540
24
4316
1
2
80
27
2
56
1741
187
432
674
9131
6
370
108
11488
8
52
2
84
142
5007
3
7097
322
1004
1448
2710
76
3
21202
2428
10
21879
103
2915
12006
5614
17567
2094
11617
568
3
27
994
1983
2314
22
3
329
26
11
2557
18
21961
15
9
3
295
3
19
13
41
1
1269
186
677
28
109
4184
70
3957
53
7526
1266
415
13
5176
14
310
16690
1
131
4885
25
16150
28
12895
22
87
4
7
2
5
412
1
153
20701
1226
5616
2
6
7
204
102
120
285
6
2
17
107
8
1598
72
7
7
1330
132
4173
109
13
1
631
6159
105
13
1665
1
34
5
2
86
2481
1
8
14
112
138
18
567
14
147
1
3
369
41
2291
8
33
4834
7
1
5
11
23
3
48
26
2116
127
8
140
43
942
6
5854
33
18360
8162
17
1
9683
1067
2
12
71
3995
1
3181
4785
2
268
30
52
3
3218
469
107
3
1203
311
4250
43
1442
8845
5250
8047
21
5
36
1039
3346
22
2181
335
1443
18853
6
5
2
1
304
10
7261
2881
5506
363
5
4
35
771
2
2
16
78
38
503
136
740
90
15
8
3
65
1258
144
50
2
6
422
75
2
695
9087
5
30
20678
11
5
12938
67
1970
2889
155
1086
20
10926
31
3
38
70
79
2508
4
4942
6593
9
68
2302
621
2
144
3
17293
4896
201
21
25
802
2
9
2891
5568
261
1431
2
1282
4130
115
1917
29
9151
6642
265
516
7
2861
3
121
9
7810
364
9482
147
3
308
5
226
6
16
6
33
838
3829
713
18
69
13
325
2
2
17430
52
2
41
157
16
59
450
2
28
253
10
1
81
1
5
6
2
2
362
1187
1309
1
4
1
12557
5
2
5675
9
15
27
2
6301
17
19375
221
17
2312
1
90
6
17
4
4
10
9
23
2804
18
365
302
35
381
11
3224
43
1
200
13466
4
1328
11735
4
278
15
17495
21
4
13481
2
8
4
7
21
5046
1
2
430
190
46
139
341
13030
132
20
136
4
68
151
8786
193
76
437
3954
10975
189
3943
3
5863
13
452
4
28
365
20
1
15042
16156
3
13
16411
5
3
11
10580
20740
79
12590
85
280
63
133
1
225
93
877
152
98
5
87
7
16
24
10
95
5
50
7749
1
2
2609
457
7212
1156
916
58
77
2
7
389
83
1076
551
60
2
4925
676
4658
435
82
1753
2495
60
2
488
37
1846
10181
358
18353
22
4
4422
92
1389
2
41
2
193
2155
170
1753
6872
127
18
6059
21
2288
312
9789
496
2
1
1
3505
9206
12
286
7
29
24
11526
4
11930
479
26
516
14
150
110
594
1
6
2
24
3
91
1037
1575
11
344
91
13202
8
17203
11836
136
7503
2145
2104
1
7
1
1424
2
13577
10
2
92
7414
2
36
655
5339
3
2679
2
11
5
1796
2
16
3966
14
348
3042
1114
6178
8
832
137
5639
898
15
176
2
58
4709
17999
42
917
287
38
5
4712
12
247
12
1137
3328
172
9
144
3750
1
2570
2
1
27
4
19
30
12
3
1104
47
18931
2755
6
1
30
8643
1
1346
3
106
22
1066
2
7
15
20508
1
17152
19045
23
5
5101
4217
2
1426
14
58
5278
481
41
6947
36
4
7209
13
545
27
513
14
1336
45
3572
31
2696
3297
16174
62
7255
3
484
8826
10
319
6150
44
84
3937
1212
637
6742
3166
57
3960
7
10
4
13
2329
565
331
158
634
5233
268
13958
8
1230
37
1
15229
2208
67
140
4730
643
328
1362
29
38
6
95
17
6219
84
10760
96
2000
51
34
6155
3
351
5
198
892
14
28
1211
5001
449
217
75
879
87
79
86
305
274
4
19009
5578
2
12646
2
7
101
1
1
104
3
8
2095
1
124
3006
17
1
29
56
7816
6435
9
384
8
11881
3267
7039
4345
12
11
2
90
195
2470
38
39
1
15922
759
69
6665
1755
394
64
107
497
785
108
2
1722
437
19
752
10
2330
1114
1777
16815
4
2219
3305
4
4081
34
2
4247
4125
68
16
1394
326
13
1125
3
11
4
1350
1
1409
1592
78
12329
6586
1046
257
3152
174
382
1508
4
84
14
1323
15
5037
2
20670
645
6027
74
3
838
11
5843
178
263
1529
3548
55
6
761
7
75
2860
2
5
1
133
777
4294
233
1552
2613
8
14897
2
4
14
4187
15
37
1006
283
6
6308
161
4828
20778
2
3
1
15
4615
15
573
21
9
73
14238
9162
12665
7481
2141
24
792
8
140
106
163
6
2784
2194
3623
1658
17
46
15904
4
4
22
6745
239
2368
589
10
4
5510
93
389
5
32
649
12015
2556
3
978
12
14
154
52
113
3
9
19682
6932
28
40
7
2980
20432
13
56
87
5
15815
59
4373
707
1724
1127
14736
51
244
137
162
35
3903
5
13911
147
372
4
19202
17
630
5
4
3482
705
6
16
607
20340
62
146
34
423
2369
14
1
45
86
21084
74
105
3
35
44
21594
910
1300
25
328
222
4289
1
6
6313
216
115
7
7086
16935
37
9
22
135
40
168
252
351
100
3
1071
287
57
26
7
205
2
3
220
2062
63
71
64
96
16
298
4
2714
1
735
327
8310
2
14
26
11
146
2
1
59
121
771
45
3
34
105
192
2712
576
11
375
62
162
14000
10265
91
3
8
65
18706
2582
913
8
21
3
880
495
10322
9
20166
10
3
6
1276
12
12
839
68
669
151
76
6
15441
12
14561
13
89
868
1
1
34
24
107
67
1
2
4
551
9
13705
7
6306
1161
27
10736
85
15821
3
1
13
14259
59
24
6261
7225
2
94
7387
2875
15703
2052
123
2
68
12
10
133
3255
5
8
15
748
454
3187
13182
331
33
1030
27
8852
313
8
8
2
1
10692
4
6
8633
11
61
14
675
21210
1
9833
169
1563
14
1906
95
12069
62
2026
7492
16
59
270
28
63
27
2
2
647
8
4096
1470
119
563
266
6911
1423
4625
667
4201
17
8878
19245
141
34
18825
10226
3
23
21
73
2
2499
26
692
1695
395
3
1
250
343
4
98
17659
8511
19741
1033
83
108
429
35
1
18148
1096
874
616
1391
12
129
3
5321
193
82
7
3029
10
574
12566
3291
3
50
1155
1811
13552
244
41
101
24
1187
3
509
5014
5991
38
121
1109
33
49
19317
134
36
4548
2
5
3
200
549
578
7842
611
19116
84
12260
70
66
23
45
4214
42
775
4734
194
4020
1435
206
7
9
1177
28
7
1076
2
118
122
1
3977
23
2
3
3541
266
171
2
303
13
4
251
124
135
1
20061
1273
1242
190
4843
93
163
4
75
15
72
686
13
17
14068
4
17120
4007
78
2
38
1008
3616
9
3
134
12055
9
654
2221
1218
6
20
1
68
17391
1044
10388
48
20
11739
5
347
1909
99
2
5
25
9763
1248
1
21
943
11182
26
6
530
10963
3
9447
57
480
457
150
16240
20
232
53
4909
2
22
286
519
124
7
1736
14
70
2872
142
1
2362
6243
4
9097
2
4
776
1
1
6
441
3
16510
6
8
780
4138
25
16715
21756
307
76
922
7228
1141
14
4286
3111
9
10490
9
10
27
383
10350
3201
6
161
202
11
109
10
4172
2205
1
9844
30
2160
3
11
191
433
13118
16344
3
1
20903
15964
7694
2
2
28
1
4
11428
2
2216
7190
2328
226
89
284
1471
2650
4541
19419
83
2
418
205
46
3580
188
9966
5359
788
10
7877
16516
14
302
903
2
108
1
941
88
9851
35
4242
7
1785
1377
2
10
3169
5
54
36
7978
15
20
1
38
16053
77
7296
1108
401
2
20
1
8995
13506
4512
167
3
228
693
2
2400
736
2
1175
462
10
3
479
5541
5182
7565
178
543
2
9
622
21337
320
8
8
2
1541
17449
8
6877
1979
19
67
7717
45
812
1262
189
458
61
5050
6
1
3
4
4
4477
3
2946
10
1289
3
418
797
611
7174
400
69
201
3429
1
405
10
134
11
2761
9
81
1150
35
186
236
3
2077
19704
17443
707
32
22
11827
1537
19
1
1281
21675
1
12
54
289
90
81
1286
287
62
78
2
3420
1501
831
257
114
17319
51
12
1914
9
4
102
2
698
990
8
3036
10
1098
17365
119
5
18
37
3837
1065
11
4
3
1518
1
156
3
62
1264
564
2
47
17
9060
12
421
527
3
3014
8038
449
3775
102
2
2
7
4
2
19
477
7131
8483
1062
8
71
1
233
6
8
381
68
215
31
25
14318
1
16
2
3
226
1
338
3382
2304
1344
2456
58
1660
14021
12
6394
494
4
76
342
3072
261
16847
1
9
215
43
51
20
11355
3858
5
15981
1
18318
10588
1
240
10898
32
489
2
9
14296
2477
45
91
819
19
116
126
150
1009
357
5
3438
1094
130
12246
3
7798
2837
25
8882
11
93
2
21290
395
6
15732
53
52
3
50
76
47
5
64
16
627
5
5
2986
2884
9111
14163
1694
18155
6
1153
7
1202
5871
3865
26
2
4061
10700
10003
562
5
15
2
2
5363
564
7
7789
1674
1
16954
911
12096
1725
2
2524
4
21813
1
1800
194
18
4
7
3
10
17
572
38
3
14835
5518
16
323
1631
2
5
9
40
150
2
51
59
1415
7781
42
3
190
10165
1032
3
40
3
206
3304
124
663
3663
3
2153
3069
5
4426
21570
2665
237
777
1504
37
78
10
35
9
3
156
1221
1009
3
19
366
2
11082
1870
5432
33
2
5239
19296
9324
282
1734
4
452
8202
1060
4
2200
6449
62
16
2
6
264
7588
3
7
76
7
15
24
38
9
13
11639
950
1337
2
961
5
57
266
16289
42
200
123
19
1750
3
1
582
1839
12343
643
14813
2
4743
27
4951
1
936
13456
13421
6050
5
1446
9582
787
30
170
10
19
2
45
104
588
4
20755
66
17
6
8322
348
4
26
21005
333
16
2911
1
2507
3
36
15
3714
9
594
1
37
11
3
11
213
448
48
363
8665
65
13045
2
1
40
11
513
8
4164
21044
85
893
4257
524
4587
2
1
3182
5495
1392
19
4737
340
5817
392
11
9
2
775
534
67
464
3032
377
18
21021
1
142
1
3993
29
20763
474
278
295
53
9279
17
149
4
5
124
22
2583
9
31
64
205
733
53
9377
14686
23
41
17
3534
15
743
29
3
21
1512
505
152
4644
721
516
188
257
7
666
13401
5980
15132
1
23
1
1805
2
3
2836
68
728
3100
92
451
4186
4949
112
2438
1672
3
96
1081
1871
2408
99
6859
1078
21830
9
1
487
23
888
12168
1566
62
2
61
22
3005
1585
3
1555
126
187
98
25
47
700
415
28
201
52
46
8
3338
141
469
31
1
7
1367
1
5
2
15
1251
91
8
62
35
275
113
17255
1
701
7
112
91
6
36
60
141
967
8
196
564
43
9
2
6608
1876
2733
178
2
2
6
352
46
221
49
46
1784
91
69
11170
2
162
200
1402
481
2
1
2
17
12948
16
3
17554
435
111
1
23
323
615
64
2
1611
15343
2143
944
166
11
491
155
10143
10295
502
257
46
193
902
3893
6182
391
5
16
365
8
57
18
2
11
660
5426
44
2
12375
14
9169
13
1
273
9165
4916
12
1770
212
2
43
7110
18216
224
36
2223
1
52
22
6
19152
1130
25
432
13
3
10
2045
5
2385
1452
1366
31
4
2
7577
1
2
497
5
6
4
70
17
393
1091
20
1257
34
1
2
854
3
1
21234
1584
141
4606
14797
1
1349
304
23
140
2
2756
144
7
59
5
82
966
181
207
34
54
11178
3
1931
6
16
386
14891
834
295
311
14582
70
23
4297
750
783
39
14632
2
49
12
102
15138
3
7543
23
11903
128
8
7
19904
780
499
188
476
7700
5296
66
405
1251
7
12
953
18
65
17
1395
7540
18
5
213
20068
5
74
189
613
26
21
2
60
5
2
392
6
11934
5
2418
55
281
4698
34
1
17
30
7134
141
10
6
412
33
1927
39
2611
613
29
11
22
576
205
244
2
5
18
18
10902
8
547
68
583
187
203
10502
1053
132
5
9723
272
1298
1533
5272
270
69
26
2516
2
474
869
69
2426
5
18394
5
8724
2
10
13016
2555
5485
26
4
2050
297
30
1
4
17062
473
28
3222
12613
188
69
1
3413
10
29
3
122
5
55
2
156
80
1
7
2
18
2666
2023
3076
7
3
555
20
1
637
2
3
45
332
11872
109
3
1416
2
11
8
2
4
2
17
36
4
8898
279
1977
6
156
3238
848
7720
166
30
16454
77
5622
168
49
37
7608
621
230
126
3
21465
5
18
5180
87
157
133
6
349
1449
3
21123
120
1711
2
25
21361
8508
9419
5465
3
2
98
6514
540
133
9932
1369
13736
9
17
5
12547
8533
56
2
4228
111
734
12
6
81
2
3015
18
3
222
53
73
8
11112
16903
4686
6
403
15395
19586
88
3
1092
69
1
3044
366
15
3
946
1023
80
14
5
5
9564
16
39
3819
21530
15
6680
1909
360
6
129
9083
1
8495
12717
1313
532
10636
383
4934
944
31
37
19
9
12178
10045
39
771
15886
14
69
34
357
685
8
4663
19896
190
5
56
115
511
240
5
204
14232
1473
1
7668
6
7406
14
4
92
405
1325
16
4102
9262
17410
337
34
260
110
201
98
179
1201
1064
11
1
23
1169
12972
14
47
39
362
107
3
310
20
4567
1279
3
9
7
3711
8
483
4
1
138
1249
2
34
1270
146
9
8773
1456
5024
508
174
14132
1001
7417
994
849
15309
2
3133
46
2336
25
10
5167
3
46
415
73
2
677
1
1
10
74
66
22018
2
115
221
5
12803
2
1
2
244
2069
21
2171
80
509
387
929
1249
13143
25
1
12708
249
1445
214
2
5
8
43
29
20
2124
2
118
18
6
30
1531
66
291
1
2027
20
1431
3842
13
5
20
18
563
123
54
3365
19
2
5
417
25
4
333
7
1311
4757
5190
48
56
2
232
16504
24
9002
15378
17865
6
2287
8
8159
24
10
10
1
7
2
12904
3
30
18
25
626
21
3
7
25
2629
1
2468
2
169
7169
1
1130
2
62
2
9536
125
8174
1981
1444
2718
1511
326
20
4
1678
478
5
1116
57
185
1
4076
1107
11674
263
4
257
2843
1896
19793
4
86
5
279
11
141
20958
463
29
4753
2
8734
6958
9607
8092
463
207
1682
14869
32
159
157
571
10716
19535
7
1
6
107
6157
41
3
3
14902
72
1
1924
26
24
2
40
9
43
33
2711
619
423
79
5
21369
92
18298
5628
2280
5302
320
9914
9203
1
1169
6056
2
1
18
155
41
1063
20
2
30
308
22
3
44
46
27
21
272
5700
184
104
110
2243
15
1830
4
8
2121
106
14005
4040
19238
1139
68
7450
3
10431
2
4
11
8
22
255
1
473
13937
159
27
23
7105
8942
118
134
3
17
15
72
2
18087
3341
25
1
711
13
30
59
336
1899
5
143
228
13700
723
1220
60
3
22
10
7
2110
13
1807
9066
1174
169
1624
40
90
353
13557
3834
6921
1
349
173
9317
19
8
31
8307
38
10071
2
11518
1
1144
48
235
7
72
6
4
148
17139
360
96
8
4
242
1657
1179
136
24
354
554
4
281
257
14
9217
3
268
54
568
206
6
69
2309
3
34
3
20
2
16071
1181
21329
26
483
20
689
1
3074
1425
2
7431
14730
333
5335
85
4412
31
83
39
866
70
3
240
34
4511
663
2
1797
45
184
15
158
6136
13
18346
8
828
2523
140
96
3
1012
10041
6500
111
15
93
95
152
5
20
17
174
550
59
19
990
13593
288
413
1808
42
943
2
16461
6971
1288
34
4084
89
1
2444
28
18
192
10
433
522
3408
536
5
7734
12
250
4271
24
1463
13710
555
21716
71
1640
2
7
15934
1839
856
8
192
42
340
470
15756
13
3
36
12
19
3
446
65
6175
2
133
72
138
116
28
1487
6788
9
285
15
5797
5838
18
7
306
71
278
2
943
316
13
119
37
198
14
19528
2
44
8623
1
6287
88
15827
88
271
283
3236
77
4
4
4572
780
22
26
1
18629
11132
59
105
812
4445
3
18
1818
6
264
917
29
1048
8026
20
35
72
3
123
5246
35
404
594
1342
199
18
16821
1
1630
6
2
128
1
4996
156
229
1459
13
664
6125
17
44
988
10837
952
12779
10315
2
29
11162
1853
146
14
3
1559
3
807
775
9
3619
51
21708
108
26
150
36
4
2
3
2
44
99
11
999
59
939
846
1
13
4
182
102
5
949
247
14
205
2749
16
101
10
15315
149
10416
20272
3285
350
66
2
4
18539
83
92
5288
2
4
284
82
18
1
11
1084
500
6
7
8
19159
138
4648
223
239
10
21659
2
1587
2
7
16
175
45
33
2
2204
123
14
89
981
493
116
13396
16929
3
19
348
75
146
5825
9210
28
18924
357
29
16979
216
107
6
10
112
4437
168
10466
2
23
3
38
452
5808
4284
29
40
7081
2
19
14323
2491
4
14964
321
21
26
15
21
3
1
13138
11
16
18
649
716
298
1
11462
20
445
4
539
192
94
23
739
276
2454
10
1817
15
6
1159
213
173
226
4459
34
7285
17436
4
9
30
86
21
790
16684
4
2
1361
3047
152
1
37
14
1383
50
3520
53
2713
14243
13
143
2
14555
13
7301
489
541
1920
358
134
16
2819
10
21274
17845
2
5942
41
8369
4
490
7
4
15
10353
2
7
586
153
367
8344
2743
1415
1318
20
4
3
2
3
863
3058
789
17
8905
4
12533
2740
1222
21838
18380
6
59
1727
20076
2236
29
17587
175
931
12251
3132
5
2
153
3
91
5
18
432
19579
80
8
17287
3454
11
12105
2373
4
16
20098
8
18
9884
134
7
73
7
2
2
182
77
5
375
71
18
86
12
49
9
1173
2
69
1123
9307
2
24
140
985
328
258
4022
2950
14
108
336
5
4197
7637
88
11
3
3
14769
486
252
15
1382
554
71
253
8426
103
381
10007
16
16721
9557
1
5276
60
341
10
14361
530
15
3
5
5913
3
1
3
27
4
7356
3839
341
1918
314
2
17037
33
30
58
6647
3
1706
14
2
13246
12
18727
15874
1
328
26
2461
5
4546
9
7
2028
15447
6
12482
3
772
13532
1174
718
9
70
264
137
2
1396
1
4352
1954
1329
23
12228
20919
6473
32
3013
8992
2
13346
18818
13
53
3736
795
11
20554
844
937
11389
92
1396
8
5703
2248
21
137
17
4189
2358
2
438
5
4
327
4646
2
226
2928
757
155
17
1
20
5113
20
9
9
520
1
35
126
21
7
938
12575
659
162
35
132
10346
108
18006
9500
3
7
16
520
57
287
1
188
123
4
53
15
647
14
12538
17345
785
4053
7
15
6
971
5
11
1627
510
9
2
3325
6
291
3
20113
1
626
6554
2
942
12599
12
1172
2
4
10
22
318
292
1091
12
190
17
212
69
1469
914
14719
1915
2
275
528
13
14
508
8129
16677
235
13587
2
13084
3
55
185
1144
7
3
615
1
4584
2
360
5128
1
2319
316
535
11
273
2388
10458
8
660
2
17919
1714
13035
681
571
22
738
118
13943
11
18
12
2
2
5
13
18636
733
3
7
5
1131
19
850
9
1
1125
9
5134
3510
3286
1
9
170
243
4
11475
455
263
4383
434
2
20
1
7307
3568
853
1
6
210
1564
4
83
2
15223
290
257
317
1272
2
1365
13162
4656
10
12
42
4881
14302
15
2357
7
2974
227
1629
2808
2689
50
55
9
45
2
1062
7
21691
5
4
392
333
136
28
1590
1960
14
37
15910
21298
816
3824
76
5306
4910
6
1
23
1491
3
8
83
19462
5
21
1
2375
96
30
1833
5071
99
3
5221
38
3
2
1
221
1688
13547
20
2905
2
14
3139
286
3
7
6
1553
70
35
21
13603
17
228
73
62
89
324
22
4
79
1450
2
2
75
59
11
129
9
680
14
4803
8972
791
531
6
7642
6
3
8123
105
17580
653
43
2606
122
275
36
3992
1761
15
43
39
1475
416
382
10330
483
168
110
2
56
19874
4
83
9
8
5061
4
437
6997
12287
11
36
398
948
16
1168
6
45
598
22
8601
28
25
46
4198
3630
477
1
51
13
4260
385
4560
21
3
216
16295
78
21
8975
12338
7
3
4
1
3431
29
154
2801
39
31
13
668
6323
16
63
5726
16803
15003
49
4
4
19
2
150
2760
17939
32
3
6
765
1
1497
1750
508
24
8144
145
234
2
1589
5
98
4
11885
122
7740
14
4755
2497
6576
14786
30
9398
30
390
216
11
162
7546
1
27
7
5192
18
68
2
524
1313
6
6
6
3246
223
17515
17979
211
777
3458
20227
1
271
188
240
3
1822
21
7746
346
6
6849
7984
152
827
575
1803
11317
7
41
19281
113
22
2
1296
17952
2
9
7092
10
35
355
38
1048
338
8
37
280
1996
145
1375
26
5
2894
21
5982
42
295
8
441
34
1
27
204
1
12
89
1537
1
6215
11402
11
34
1011
10
2
8226
112
1
7
26
9049
1763
2
2903
2
7833
6411
2
8489
16375
31
17792
4
12296
361
172
9529
67
2790
2
2113
5504
12
8
109
12637
19023
3
2
3
17
25
428
13
3
340
445
1
673
191
1742
3350
271
1043
2316
1079
738
206
2
4960
430
2
106
32
5
1
19002
16
4
22
2258
1299
55
7
123
5
338
49
361
22
16553
699
2360
192
12832
21
1
141
1201
465
501
115
122
356
5
18470
84
40
23
227
946
20
302
5361
2565
26
61
26
11415
59
11116
1412
17521
8372
4
7
14986
1
86
16853
12500
8
19397
1
8
23
10
930
1
1263
6637
2106
2430
7
1468
4318
13
2
3761
570
644
1167
44
6
1
100
711
3
20
4
8
33
31
7772
508
61
1
957
9
350
4632
2
317
45
4
362
4
2503
34
20841
5607
649
2669
12623
116
664
1
502
12
2
4
651
1
414
10
23
468
6705
742
1793
20371
1
218
41
5
433
7778
241
215
183
7147
4
10910
2
906
131
11
92
287
27
22
5
80
11805
16418
14
12223
3
3
6
7
271
2
11604
8885
84
280
484
16
88
10272
239
743
19608
39
32
3292
4
1397
2472
1
19711
3
357
10
23
8711
4431
1414
3791
10
237
430
202
3499
2203
17
2
72
112
3557
3
446
5776
76
1338
2511
907
11
116
3318
8101
465
16752
12274
28
7
575
19807
35
580
299
3670
2806
53
126
964
581
2
215
482
45
12
1
3
18
18657
3099
2
452
32
204
813
80
1
415
26
11578
226
2
1102
13787
808
16
52
23
45
164
674
1771
188
2
11
1
2
84
2039
251
10565
9
20249
3
982
57
52
5758
2024
24
251
1241
5804
296
2
6273
158
3
28
1
2
162
9597
109
3
5
8
148
10408
2256
294
884
5
1110
1641
2
3219
136
35
1381
2
532
3
84
1085
16
612
9033
16
184
431
15574
6120
81
9
18952
2
5
55
94
41
84
46
6753
7
164
1221
185
422
4
11249
2
6
2591
4494
20
103
13
1
7
1680
44
14222
4823
3
118
40
180
2
26
1
1192
1110
675
5300
3
167
18
117
1019
529
1
848
3
7836
3
181
1967
17
13187
47
2
52
15580
23
2069
5353
8068
1008
4
7868
31
13
657
19
18
16180
2238
3606
18
882
2
12024
1653
20
4791
15774
4161
14
18
2
82
417
104
5806
631
2439
7359
25
2724
5893
1
855
2225
10
3
1
55
1
120
26
7769
49
6765
97
1
1087
7
3
417
4956
36
1
6677
12
3
332
27
1
14692
18995
12
12073
1
5739
25
9522
1267
30
8035
461
264
9
15
30
3
9234
8
8799
10
4225
1
5400
855
1
7100
1
26
2
136
5
8492
20257
8
49
182
1091
3
60
81
1
304
2
17145
4
2
2
418
2
12
7
137
598
411
8829
3272
1860
782
4865
13471
1548
8
166
36
345
11
68
22
41
45
5
45
12
31
6113
200
8
2
1
176
366
11548
21
14095
1332
1412
3
1400
45
11
88
11
566
12
9
293
3701
27
15
108
1014
1771
661
3
28
171
1982
8113
19491
161
908
38
45
9458
15650
6707
5
143
9
440
3
19
364
1239
39
2098
2581
32
426
1374
23
3
204
8460
571
15839
12196
6914
1703
128
6
106
114
1166
4252
4
14495
17
599
4859
11916
11
654
2
5
2994
6351
604
33
7916
58
11
184
49
140
138
2567
41
6222
27
2046
1716
150
2
17666
231
1
41
1359
21457
38
2
17653
14
3
1
278
9
483
86
57
7631
458
12
152
720
1086
571
161
128
2
1901
10
187
1
596
4
103
1
8
25
1716
19
686
20
1708
25
42
90
18699
2715
3347
170
293
147
12
1
47
239
1065
35
7591
6
231
2033
105
1
20
1474
5801
13
622
9
66
17306
3
375
56
470
3845
11
71
10996
622
3
1020
4388
809
16
292
672
2
1
468
685
270
309
6
67
6
5406
3
4
5
284
11
22
4379
25
97
56
539
222
2
290
18588
23
6
7351
899
2
344
2
50
16
8
1243
211
4
1119
1
4764
34
2
238
46
8
9255
20
165
10361
21
1781
7
1
2
125
2785
4
2717
25
1441
6334
5
4655
309
10979
3
247
1
126
288
434
1035
4079
17
4013
1165
67
1050
20
16840
3
20833
6497
691
478
439
80
1307
106
6740
307
153
3
3211
32
4
2389
444
124
20
6
659
493
45
5887
76
2181
8
198
1843
6
4384
3
12
79
124
14764
37
5512
61
189
6
50
2849
1163
148
719
8
6
485
33
2088
10
13684
210
3878
395
5136
229
38
43
1240
802
1
4381
3622
6
55
13720
12
15
37
1962
14
2853
10873
3832
99
16005
7705
39
160
19260
7966
61
26
1181
3
6650
1149
149
12552
4773
3
10
6
9
5
428
472
1054
9
17378
129
20295
58
3
13069
5033
18910
6
41
3091
19332
434
735
314
3
6036
223
1
433
1151
144
2
132
1563
1
436
2
16
921
15797
5786
1232
335
407
55
16
309
81
3
1
19368
1193
51
15
5
40
54
20046
1223
1436
31
404
11513
10482
878
23
385
1600
48
40
21871
8304
19
393
10
4
3
944
1
4861
60
32
11368
360
1993
1974
7023
2
1
2
187
3
44
45
8
39
3744
2
820
11709
3264
150
8248
26
9314
97
5975
6097
20447
6127
23
3
413
3625
62
3
153
347
6
575
863
3247
1
82
98
7
7172
21
1564
13
706
3140
5
125
377
112
748
14105
125
121
10
211
1485
80
273
26
1
19
15
3471
100
10740
40
7
13
3
256
6
33
834
3
1765
4665
3414
533
4
46
14
12
8
16696
243
36
127
22
25
1
2
2
747
1425
5329
1
181
4
13
16578
20
2406
531
35
294
36
2
10
4313
254
746
55
107
702
3
312
1419
8
3763
6727
3343
87
224
643
2
353
13386
19
1
1801
10720
2005
197
12
6007
1095
1
1543
519
3
12
520
4
8556
183
3
2
965
77
4
5
100
14053
4
2409
10861
157
9
5056
5
47
3
57
164
43
15604
4
3400
21076
165
1
9604
7
33
669
4442
228
18121
23
2
2
248
903
80
1
3
24
2656
6
3302
19
5
113
5
1464
1106
218
442
6737
2037
13436
1
88
7
2
697
14084
12751
57
2
11054
339
22
3573
14377
4348
46
1636
17620
1
118
52
3
2972
840
2
46
16228
9039
31
89
6
3
15
714
5924
1117
6266
374
1515
10037
524
3697
6783
132
21449
344
2447
2
146
818
29
3
1304
4
1189
15453
6
2305
16603
11
2
22
28
4534
1
21250
49
3
2
3
254
2730
5
1305
9342
339
54
135
3
732
17
1792
2
1208
3
89
12
144
3067
8
45
4
1
9
4818
1534
26
5
88
125
12784
104
292
544
55
1
25
1208
9
3348
94
5
5707
25
20
2
3
3604
34
6
12818
67
892
15
11
8098
30
8922
7981
6
145
398
11
3899
7
40
3854
1
2
114
8464
531
4596
6
4
21
234
55
8451
2157
41
7
537
32
3
5
1269
100
3372
10
5
10
85
167
21
6
179
6
2294
5
658
33
220
55
1976
2
8524
2
129
282
451
788
3
1200
55
488
15
464
6346
918
32
3828
6490
1912
15
115
54
11453
7367
13
2363
94
2
1
50
5
40
585
22
54
10288
66
16922
199
303
3
17197
5955
29
5
3
2
8659
2
78
2563
279
77
1
36
550
8
152
1410
292
356
8457
424
121
208
2
364
252
4487
10
304
1919
59
17832
8104
701
2646
2
59
679
160
5
241
18040
8
901
16
174
10509
28
4
155
14
1
19
42
2117
402
338
3333
1994
54
28
5440
9690
4762
557
2384
90
19016
75
1
266
170
225
154
3877
1146
3
1
15178
21498
79
7
139
883
13628
97
7
137
81
5
97
4370
579
20927
633
15
18601
20
1024
5499
74
2
33
15217
19
1891
7337
15292
304
161
19
4725
82
35
35
3
31
7523
2
108
229
614
1465
2440
1678
3519
365
1
47
2
25
1039
2
14
2382
252
60
84
12
13562
6
201
19
119
8
3022
9443
9
504
2
160
14714
3774
5456
3
46
7942
98
14
221
13
6992
56
63
21147
246
402
1025
17
145
9
114
1404
2159
10841
174
24
168
103
3801
7055
112
2
16646
2
5
23
1
3
4883
12986
22
5
47
1191
5
121
988
2083
1643
5
31
4
2
1226
8
3035
37
7
9
1171
3
817
134
159
486
23
160
27
173
860
4
283
19756
2
10893
13
171
3
2269
1152
2207
17242
8168
2
1978
14930
379
1451
3155
52
7
1
330
1861
1
4
1733
231
27
489
4362
7
3363
4097
641
109
124
12
6883
499
821
5
53
98
1154
168
4905
628
1
21740
58
38
4
26
2452
109
174
337
4850
32
4932
72
2
3
5
100
1110
17
4
2
176
411
700
162
44
5
3284
3
13286
2
94
1002
2253
9836
130
296
132
15
19
8
436
13
15
401
2006
886
13979
2464
6615
12
130
4636
16
2
2446
1586
465
19993
4
3
1238
729
4845
21
2
6134
13108
10513
2042
2
3
2879
35
689
4702
969
20810
8
30
2
1
4723
24
16210
3583
525
12694
272
8077
5446
15862
35
12
798
1403
2276
2
30
2
128
249
99
400
222
20974
58
5280
14528
4
5418
9767
82
11
658
39
16759
5471
3
1416
14485
9286
43
13
19
25
1
1
1139
242
3
353
17673
139
73
49
676
950
4601
26
72
2
3587
122
10177
2410
50
11
665
27
12
498
148
416
976
315
6
39
579
179
3
10
3462
178
11
2190
15
25
9
251
1
12146
14791
5635
19
2
3
49
9
9175
40
4
22
262
1068
11120
152
290
2990
20
2
628
2308
17640
404
1
1
8138
167
362
13
19426
1785
2627
12
1484
5
65
18
3
7
2
31
277
88
12310
862
1006
2
7728
3098
11364
18
15656
6052
1
2
10
24
1
43
1
52
4178
556
4
11012
2
3
164
927
2
11
8
126
3
2
32
743
12141
1436
7
2
2
14819
2
26
898
14
1047
3649
14
189
319
6583
75
420
844
12928
14
564
206
247
3
2
15762
69
648
7
13
37
2281
34
818
176
29
86
3
19
54
303
1078
4062
389
4953
2
1715
379
1385
5
11
93
2228
105
118
395
4
103
248
5
10
7129
70
538
7
7
11591
251
24
21
15
12
30
6233
1
11
515
278
9006
21
231
205
5
18264
3
1816
82
772
4
1596
324
44
22
72
142
17
2
1824
4
6
3326
5
193
1
19830
5020
3
6
3924
5649
17
10992
14216
12
209
2
11
13
1
1951
7
138
176
34
40
227
1
8763
8
237
1
90
2
2834
624
2
14725
111
31
5475
8598
55
4623
130
23
14
12114
37
4
110
2922
7648
136
16
1616
2128
1316
13326
3127
156
7
520
6488
421
9
13
120
38
1
1654
166
1493
279
2
64
32
1
19919
57
2108
2315
461
809
31
6
977
3
6517
1399
11
75
7936
1
1497
8
17699
754
8171
10533
954
2346
49
6327
168
50
8
1356
3
7244
124
608
2
19986
4
418
843
1746
2
1224
189
650
382
5254
117
1462
74
588
10
2129
736
393
7
37
228
3180
122
191
6507
12660
19095
245
36
7743
3
64
626
2
5
1
20302
18
42
453
417
37
13
9454
103
173
11
6
152
71
103
4
49
11898
5
8
4179
80
4
16
1835
197
168
292
7786
47
4
9
1
7
4847
2445
9925
62
19031
20
15
1301
25
15025
108
64
1581
27
5
11722
80
6
2
18
2741
2691
1
160
41
409
2493
2
8842
923
19059
6427
47
2699
84
3
46
2838
115
22
3515
5904
6320
162
1180
10668
5
10
70
311
447
3716
4337
22
3
1052
16083
11
10792
122
3485
2
5909
75
1967
17
972
145
1020
1621
4
11561
763
5593
4
348
46
77
189
1
512
58
32
82
8
11
8470
111
2526
123
20234
47
10
2
1165
42
14
667
17
17
4
3671
107
662
11241
1
2086
14
528
54
111
10971
1293
2331
148
30
293
18230
3753
18
2
8892
3749
3244
6613
3311
372
1613
56
3
79
34
43
15172
544
1289
2004
2234
17
5442
9
215
3989
420
12
1
5422
2263
517
427
219
3
7
350
801
131
4
9493
11496
4940
11216
2840
336
21258
11
53
12
5
924
2
40
1311
135
2651
3418
2381
118
47
11
121
175
613
88
145
2383
6476
157
236
8479
9328
65
3
134
6
845
57
3
2112
567
214
29
32
53
20
6173
4481
167
27
332
1201
85
5771
5420
263
324
25
10
8
73
10219
1
3
3
76
952
30
19911
9918
650
2
2783
415
10192
171
872
1407
2929
4
240
60
319
6471
2
1446
13741
679
10620
53
29
139
210
68
324
13
1
17
4
24
1281
757
2531
1356
16
5652
28
11
2
5
6875
388
1001
2738
307
43
2425
50
181
20
90
441
2
1
362
15534
8796
1
11569
1646
1712
1115
4
10000
2
876
7
8753
6
1464
681
81
11983
1450
9
1998
12
8849
3637
9
21
2163
27
110
5341
8559
69
7
1
277
88
52
959
1
33
9
4
25
28
16
7
2
5327
340
85
82
12
77
108
119
48
26
3
3915
29
128
16
4
2
3618
26
993
96
21
11
7
4464
17248
4
4
2127
8999
39
18713
2
164
3280
1560
12128
12
5371
94
37
4688
4
3225
4944
56
3468
5508
563
639
3780
20
328
7
34
10015
378
1047
1833
939
3
15
23
18373
1
12885
43
2
281
2648
13808
336
7975
374
28
101
2041
4139
8041
5
3087
38
1940
185
16
354
56
415
8029
24
6854
119
15
44
35
12
23
3947
5
7
22
19
1019
9727
2
2303
3
5
29
85
2664
1
146
636
1
2625
19867
1692
9
4540
15969
80
4630
2932
87
5599
17
2168
406
3
21
1255
2
33
1
3747
2
30
3
195
1
13
138
269
10
10748
727
5754
91
546
60
1
13
1746
10
951
3
331
5
10169
3
11
20
9104
21
1
4
28
4440
198
1300
35
39
542
18284
3
6
1274
120
58
1540
180
3
67
12
40
500
4
19080
3
84
12082
964
106
695
26
1
23
3
11
5971
3
600
301
16
3
1
634
12137
3
188
7318
10
1787
368
9
999
3864
352
244
93
36
2
3450
10664
21765
5
55
781
353
2558
84
18
231
54
13113
8
5
196
256
2521
478
14047
2076
34
3
182
5126
6
74
6084
1074
5059
1216
3209
931
4
97
1049
980
2
145
14
1
33
13
3389
9687
5549
1016
25
41
1
81
358
231
12
228
2198
4499
234
2681
6000
2539
657
3633
2
322
125
36
455
12827
343
25
2
3
12
2530
316
3
174
17745
21
20864
247
116
5294
32
8288
6780
1453
5624
264
3066
295
581
6
130
3703
92
5
338
202
4
56
50
33
3
5920
14350
17885
3
406
88
459
16
1
6171
2
5865
1
1
2
17574
6937
2
191
8
289
677
27
2586
2726
2612
361
3
4
7
4760
15
14
84
1444
109
929
4
1687
17
3
134
2
74
15
447
173
3
133
72
21
4263
32
694
5
13
252
5
1989
9272
1972
3097
59
117
315
5
2
29
63
2
113
1
540
1012
1690
2
3136
339
161
5756
550
260
1
4912
134
8
3
3826
11565
6
152
5
121
47
22
676
4
7708
2
384
236
14
18114
4303
4
1106
528
3
6984
454
6578
24
143
1045
1
9
1
6610
2
28
52
1907
2
4
162
75
39
48
12870
77
2721
137
7010
11
148
44
32
11
170
2655
939
5
1
2
309
32
62
7594
6122
7
7291
6
11334
2
1773
1092
5012
12496
1
1556
1722
7910
214
341
4
10249
77
3886
35
11876
14
1
26
11
8
18312
1044
4
5
813
507
312
14512
4058
782
4091
12440
13
91
14775
95
428
26
5686
11531
198
71
20128
786
3
992
8
141
493
7340
8540
2939
3657
18456
4
1
3
97
95
69
7
111
11775
1
585
4
9
1146
1044
16
7459
4055
1466
25
103
8
11091
10334
65
43
2
1668
52
2771
55
10505
421
1
3999
2943
23
19
731
1697
980
5
7
4
2987
2300
22
481
17
3
544
224
26
15833
60
2895
6
33
97
75
1
12808
19
42
2
4
7
6
1
3650
3062
116
78
186
5491
9
220
13
176
16
21
485
14
1230
27
2
10
21
28
11
4
212
19521
364
1
11381
16
20
16
2
14137
1474
1331
14654
128
4
185
5669
710
558
1
2202
2492
4
560
135
2620
4
51
19339
122
16
21
305
5
42
53
368
216
1
20
2
3511
14142
1280
9
15200
20211
4159
12608
100
6989
120
103
3
1
2437
1
15320
17
16
26
25
276
222
304
3432
1455
830
91
3320
2
2
315
1611
2
2
1
178
2599
7217
103
12
4
18046
12977
8332
407
47
2
1562
1
3239
700
1945
2244
8
281
1804
3638
2044
4809
372
14924
3984
1841
10
69
5
1417
8
71
7515
12
3
183
169
147
14975
43
17528
1
19325
95
63
3
2
2
10427
12
10
2
329
32
2535
368
584
94
258
107
521
10
6
4
6942
7
6
9
150
4
655
132
707
2
8
916
3
5
5168
54
180
2
44
170
2585
4660
3611
141
10604
335
127
6
4
11
2159
406
22
8948
13
30
12
435
2
3
60
3
888
6
6100
1061
190
2351
1
754
2072
9237
22
15
2
1083
2
1
1038
34
24
4
6047
131
7927
1
14
6459
4
243
20478
2350
25
12
41
3
1
11
2459
2
1
1959
4
10829
28
14
1255
2766
21
9433
1
7293
137
3
7
32
33
23
5
5
893
4
78
1191
47
4634
5520
879
8
16011
188
3129
241
101
13
206
15418
8
443
605
2
1548
41
11313
5778
5
2158
9
6758
40
1884
181
3335
5938
444
6
8
6973
5
3871
20
4
308
2
37
764
27
40
183
39
4134
508
1160
293
522
1
8
5637
3
6
990
16590
4
324
3
596
4825
2049
95
2
2619
53
20219
158
17274
3227
1
19
7
13633
5325
25
11309
1
50
4
8816
6
225
3693
212
6
625
49
1128
2299
5333
13517
1176
28
557
20
20
9694
6382
4
15
10
1143
417
13
1
3
324
2
713
2
653
56
2148
22
4421
19173
74
5
249
11
9145
8156
111
3
102
7
746
276
587
865
44
27
19837
56
1756
5430
237
73
15709
636
276
1
8190
4436
627
1053
3118
475
2
429
19557
709
61
120
4
9825
4416
3401
17081
19
27
2794
15
2
478
4580
1
11037
91
42
6
19
132
533
313
257
18988
1200
2
3687
61
3
904
2799
32
10
4
2765
3685
10
1
51
515
1371
3447
17
6906
6
1
1114
43
229
6495
7679
6
151
2
7
421
5141
2
3116
94
5
69
277
3
5
3376
3
3
2
2
19433
714
2210
250
54
1458
6
3
15401
741
18
24
16
2
9
34
7
103
6
1358
4
42
12618
268
1761
1851
8
601
47
18
2
1
6811
111
1
7
81
37
5075
7617
4672
22
3
264
6372
11
12
6315
3799
1
6
371
1701
100
24
2
1196
77
974
30
11544
1679
2753
6
3453
48
5586
1
4035
4
248
1503
47
2
105
2
260
3891
91
44
36
181
2
20
57
15
14
24
19
4
2
2754
14
20363
11342
4
55
118
2
3174
204
273
4920
2466
8
25
4
6690
5696
20
11
685
31
29
852
828
3
208
79
4
858
793
3428
51
33
35
73
14
1897
713
1
46
8
97
44
476
82
9
46
2
86
604
5
6775
98
71
50
618
8385
641
4819
23
3802
116
3
998
291
2931
1082
50
14
6
368
13932
14409
4472
77
3
3610
6901
198
237
1
6038
11432
1859
7645
66
2
11
13064
10
10708
474
250
1189
4555
2
2
5847
114
766
55
496
33
4697
1
89
1968
4486
6247
6963
6
219
12741
2985
2
118
2
14
570
27
537
260
20
16910
1457
8636
18
13
192
4982
4
8
6842
22
38
54
40
67
213
2671
1859
396
7
2
176
5
4357
7
3932
15
7895
156
67
346
2125
191
2
60
618
18060
11921
2
2055
65
532
6
6363
660
2
243
19564
7957
3
3686
44
918
559
23
114
753
2
67
17261
3368
1
64
109
115
8242
126
1492
6870
14
480
5357
140
4
4695
12
8
1186
14880
8
24
543
457
1312
2515
2
693
8
206
95
616
10
2
1157
73
5262
52
119
14
3467
4
5
3
2596
129
5
1607
1
51
21
165
11731
708
174
4
364
112
147
981
160
603
20
34
5
155
5117
10
6
7
1
2
201
7801
192
3025
4
8802
53
7420
78
3234
19
3
21
1
164
493
22
50
21377
4
42
18720
2782
69
2
256
1990
5735
2
7
1997
11
1558
23
12164
1
90
17534
664
115
773
23
4094
8011
3672
99
14648
9792
80
8
6
11
1267
86
10
2835
9
451
9
3060
10576
9231
6391
592
19964
18094
2
1791
283
1126
21846
64
16393
84
12324
211
10
147
1
3142
136
12822
238
541
4041
144
205
1148
2
45
72
296
51
3
972
1221
188
301
1766
2811
424
220
13
372
202
219
770
12159
1
1
6245
210
11
258
2338
262
167
19252
62
4
9300
10223
1991
15
57
254
10676
6
2
4
9
15161
69
4
2509
17
232
43
220
5157
4962
235
1122
1
4287
11
539
11254
87
5
5
371
1
62
84
13
3358
515
17
101
11952
2615
71
66
47
1
6
183
130
19
5
370
5
949
196
94
3317
2
152
4
93
1
1700
13715
1826
161
5
82
4
17541
1789
460
15303
54
1462
2191
4144
3168
804
1550
9
538
4072
4990
6
7
3
4491
120
290
670
3
214
115
946
11
133
67
5
728
1864
2885
96
4
526
2052
495
119
52
3
9
130
79
540
101
20
14398
3
22
5537
310
190
54
289
1938
134
1
5
14
7020
20
2
584
116
769
5
3634
14703
7
126
155
52
9730
7
153
2
3279
17069
43
12604
15
10
19448
75
1
280
545
4335
137
14
261
70
4
5
4376
142
2
3
19719
2865
8
6
28
6
31
2
35
6451
2636
4
397
272
13
1101
5258
7851
31
3
839
105
8
33
94
91
2777
16
1
3077
88
1
673
854
162
18257
8610
3
6018
105
3
3
123
1260
409
4
9658
89
3446
1
48
74
97
5
21
3163
1869
61
455
507
3
3
8
231
119
2035
655
9
6456
239
227
1
4
857
1181
558
6
380
4
226
2814
42
159
14
54
16566
6
587
1759
26
10
18141
10261
2146
873
19572
590
5
1141
155
4986
55
13
28
16234
13336
16381
2241
16
111
23
3
8
28
25
7
101
4
34
2970
98
1604
76
22
353
3
9373
514
13
13963
1604
11
14
57
57
1
2
19
2880
2
149
72
1888
94
3814
1
4078
2345
3689
1
4
1
756
225
88
14
220
14
206
51
129
317
6903
19
537
616
128
1
78
3
609
39
2979
163
17852
64
50
22
4
2
4
1
106
4
2559
6
609
1
6
158
149
9
2
6
6
4068
3
146
17
1
7076
845
8812
34
16
387
2
3
2991
5
7223
20
576
865
127
1610
10
498
8
1166
5
75
53
3
2
95
1632
1135
197
70
591
30
3
714
7
43
91
156
1
29
206
7892
376
4399
1
1215
56
672
3
1
317
1892
8153
96
17
30
26
13725
13
10
104
3
1760
483
9
86
37
14016
10
6045
11
1
5
3189
7
3
4
402
11939
9
31
8
225
796
1434
6623
581
2
666
1752
8126
29
58
444
301
1254
8714
8620
1
26
13311
471
605
658
1
1
10857
107
181
1557
4
19181
20
19288
6826
3
14
22
471
244
198
19
299
8360
40
1335
77
1
3
16
179
2237
332
20
8
68
209
26
63
12524
404
4
2
7102
13158
7
1738
312
6236
11
6
1626
877
572
852
3
4744
5
1
2
6640
178
15557
24
7
34
3
798
10146
2
1
43
2818
4358
318
4038
11
16528
625
2
6
13
5
15082
144
41
41
411
8
2776
22
4227
79
9
49
7
1895
2417
2
25
10549
1
113
4
13
2
3
5308
413
12435
1
1
11505
168
299
39
18
272
543
14
63
4955
2498
1799
184
572
3493
9046
12909
559
11283
7
282
14808
10056
2604
746
266
8
403
15
20386
2
792
342
2
2637
3
1692
49
5951
1145
2
3722
10816
60
1202
6893
4
193
11
933
7
692
58
2209
407
729
8
8416
265
19
1321
1070
13
601
90
16
68
11
6750
9
474
58
4
520
5
3068
5
9
199
5902
430
2222
2670
507
10
2
5
15
43
23
4947
1384
2923
3089
6
18
4
311
4
4
178
22
3
3419
131
18839
10596
822
4538
8959
7691
1642
206
25
922
825
11
21
28
10116
2638
1720
131
101
19
15928
16
11124
1070
5
17
1
12
2
1292
586
10
2
29
5
679
35
3063
454
755
3595
17
13598
1244
9486
2871
1
547
1194
11
4
3456
7282
4
1
2
3
64
2
4894
3600
16
2
578
34
14
328
507
2
76
4
19166
1929
2
8
25
1935
1
401
880
6847
416
10
1
15
1
314
28
235
153
2
8341
55
2
36
168
35
3596
5369
1
15
28
10
535
40
333
10246
2
5
44
157
43
2
5907
96
111
189
54
691
3
5
238
11
155
8952
21482
329
5438
1
6
3661
5
7002
108
1297
2768
9847
127
6
13
90
61
20
2
11621
14366
161
76
10
427
5582
5
21903
52
438
13
2553
337
488
2935
48
261
51
128
58
3
5018
67
2
1188
1473
3
60
2780
20825
1925
2998
54
2649
378
13
2
99
370
6
8730
306
1
6
14
3
16771
8
98
11338
12727
1571
2
13
1900
5
59
222
1
1912
1
925
895
575
2287
2
2
194
1571
30
2
3
2176
29
1647
128
2
3612
12
1583
15
14058
11635
11458
726
8537
1617
573
4
212
13
7
13679
1948
9
3
17235
2
8
7860
1
2326
134
430
18685
8
2220
1
2
285
66
9179
4
18
18875
93
71
325
2
197
18277
17966
2
1950
4
56
678
2079
13306
35
2301
21
2
1275
6
595
10918
27
87
6
24
1827
115
173
2599
11696
6
15551
1
96
801
1447
108
228
3545
164
125
10207
489
8
10369
165
3009
20416
6
1549
7
2255
103
1
97
2333
7423
2936
2687
193
2704
76
302
17300
82
6522
44
1
7161
22
2
27
197
4
6294
1414
2091
233
10
1
304
1743
2
19
89
6
51
274
9818
4
9440
347
18
496
78
64
2909
2
1523
1405
828
758
13618
7
79
4
16
15
118
17011
996
29
16
39
18
18
1
1030
1317
14
14
12
9
405
5
1
200
15958
2442
53
7236
3
2989
17785
531
2
198
2
7792
486
3544
15
100
6
6945
2592
9
62
12087
29
12468
18305
1113
761
130
16314
2564
2058
5256
7969
812
3987
6
11208
1
17
21
14523
352
104
77
5559
20
127
11965
90
5
719
7520
899
238
2105
1475
10135
1328
20524
554
2752
10
19
2003
973
6349
256
55
3
213
923
234
132
3
22
5
10569
4679
7
30
173
24
103
39
105
5
250
10
3
74
2
6
2663
8319
890
8233
3395
459
25
15
3265
1897
1499
9227
13984
3
1
2
101
30
7252
33
412
420
1384
3172
163
6
2
70
198
2
5
9
2
115
313
9
6
191
4
1962
1401
820
135
1259
7
8969
2832
33
18
4
11
3
16029
19
3200
794
7
836
1
4355
9
201
4
5174
144
1683
9
172
3852
2
12
3126
20196
223
12656
484
3
2822
6
6
4
6029
30
342
275
10412
8
5
1
4
4629
8
294
1403
827
176
2
40
253
17332
11943
3377
1496
209
11700
985
21667
6
11761
16
6
4807
1033
10
2
12
180
182
3121
1
4462
332
26
78
2
14
14
6229
2135
6
65
4651
14
1336
10
79
1990
3
268
442
40
1
1738
5589
5633
9877
53
2479
1675
230
466
65
672
19
11000
4002
4321
133
3
6444
206
1
76
500
2
2
2626
1
49
2404
42
19
14841
43
2109
79
718
27
3
631
308
41
2692
2419
1298
3204
486
129
266
5
127
2387
8
820
4222
1268
2
2941
15
59
1932
3484
620
4
1
5260
461
8
9080
9
1
28
26
6403
17132
2
1045
302
371
3
8
942
126
453
55
472
6
6
15809
1693
15505
4
5
13
12798
263
2
472
3159
18209
8
3
2949
52
8
106
39
1479
8908
16307
25
14110
5
17
546
881
6
8925
10173
2364
592
2409
710
28
1
1
34
1829
2
56
274
4406
3
1
761
5
150
3
1854
14
168
11
271
2
13
3
4
356
384
40
59
454
33
75
1357
6
2013
18
1036
342
5
21131
213
3
5337
325
412
901
11
95
140
41
101
13995
7
153
5
26
1074
41
63
8441
41
4
10
684
8
57
2
34
85
10257
2904
20
2
15
18250
1887
3
1705
3
1025
126
23
26
1
25
2
9
2
2
1100
199
240
456
1211
318
5584
7
89
75
51
109
902
8432
59
1846
20264
20348
2
255
138
1342
21036
2
16
76
2179
15286
5
219
484
4
1748
12
4470
20355
5791
854
3768
3653
397
1
9
5
582
4
4378
1
214
1
6
3539
50
392
7345
3571
7
10
6
42
8476
1530
32
2707
2640
32
910
2
10
13
16
6
2550
4169
9
111
4
2286
30
41
2554
739
2097
1080
2344
5434
12
69
19
2392
159
29
6432
11
18189
31
93
9
38
100
6819
1
70
2087
1
7
776
7
12
4274
13
208
62
22
14
15598
6
81
20
8
619
1933
141
12
2767
73
8
3008
3
1
4872
767
5
23
2264
1802
1140
4067
172
11823
34
267
3
3
26
1
4
19
1
14
1
3
4
5867
8
6952
1614
7
9586
1034
20439
8338
359
9
12407
20
224
16320
21474
491
25
623
5
40
17
47
2545
26
17
98
4393
3
28
22
38
2012
2593
160
725
3857
20
217
1713
20
1
14852
4794
66
51
4
20
1965
35
6
84
139
278
16
10768
2011
576
46
702
8
7
2081
2
48
3336
132
53
10688
10377
195
25
6271
93
151
4
94
2
2
4533
2867
2501
2
2
175
24
1134
4
3
12255
8
9745
1277
6
15
2823
47
13
24
92
21936
1823
6
10934
13
9022
13104
38
2
3815
280
13
12100
2579
1334
2763
13256
3
320
75
16356
1375
48
3
42
3
1
29
28
2
8005
3953
16498
5620
23
133
8
17
612
244
13128
228
287
12
2
100
179
7269
736
8
1229
3
15
212
2
2
2
7
1717
10
137
6
65
193
11
1799
1021
617
33
852
286
4627
1538
27
3938
143
1
217
6365
7
4
13
7534
15522
3144
13659
2420
321
94
15110
330
737
4
653
45
72
94
915
17
4
49
1561
1422
6510
3614
867
8
1
16301
8
1227
804
455
9
897
3
11212
1188
2
279
28
3075
131
8196
5929
6926
16
142
1
1622
242
7
3
3
181
1326
1118
39
518
18581
218
1382
16107
8569
2
22
675
577
429
8
7403
1
3694
232
8
150
129
314
11021
590
1535
214
8
14
2
789
753
868
13376
41
16
1670
18
1057
1979
18236
330
52
106
3130
9
171
3
354
4329
399
1733
310
173
84
11
15975
1615
41
44
2372
10018
19
1288
1
33
723
1820
2
5
4167
24
51
7036
8691
33
16
8
2723
784
1890
302
44
7
5
79
1
2
30
143
8875
27
110
9
3588
1953
96
220
10784
2429
110
49
1060
63
4
166
3
262
4966
46
19274
1168
348
2054
53
481
15
5454
3
2196
816
4
2168
404
4
259
2644
54
2
15
1471
7537
2921
21
15685
102
43
513
2
5
61
53
398
3963
2
739
8675
45
68
4789
3732
1
19231
311
14
13251
14
5058
1032
2067
177
65
2657
590
247
15
302
127
1562
2
25
989
163
16
7
271
4
15780
32
1217
12
16
90
33
9
57
24
4
4455
1162
139
5132
468
1644
2
5
4474
246
17502
15
2
47
3366
3
40
28
20
2
222
3
1009
8
3385
8
2
4
47
112
4
6068
187
2206
881
2
5
1287
5
64
15
324
1682
5
392
34
242
4
220
446
1232
2
13
3380
1017
3
58
886
230
122
273
4
800
1814
71
657
2
21610
1
5
1637
2500
4
4
72
1737
390
21
3
2
18967
117
959
5692
2817
16
11372
2
8
122
5
49
934
17946
44
3690
4
229
6710
1478
21
203
2
6
4
86
1178
78
390
431
366
40
1261
6976
282
168
1047
9
1567
598
1494
3
22
601
10319
57
13361
535
2
14
511
1129
22
4208
167
5993
4
1566
6
659
21920
2
57
6002
706
380
792
683
15539
321
2552
867
108
2
1364
2250
2
28
2
419
84
82
15
6
8
60
4
740
156
17113
66
202
1364
2887
1020
945
9
14
17839
3905
4
45
1451
115
1779
294
479
1018
910
9
136
6141
28
3050
373
79
2469
2001
114
92
4
21
48
1
7376
2
34
43
13875
107
12033
2230
20981
22
119
48
7795
6
27
1
1
93
288
230
146
524
152
2
817
24
2
5404
7
4812
8928
33
1
36
2701
21
58
1
10338
65
1267
3
129
2
21
17
34
221
339
7
8
20
10983
17456
5962
782
45
4
141
21345
198
322
5
913
67
280
49
2
3043
29
149
8591
37
5
2
5
5
3811
2
42
41
9
203
64
5
1100
124
143
353
6519
13316
3
122
3969
1238
808
42
291
52
2
143
4
35
1
203
579
1193
1124
17
3
253
7883
16609
11174
11552
96
23
20
2394
1218
9
114
14741
128
1354
18223
81
13
7711
9
1156
194
156
7
97
2
147
11
6466
2
21
381
8575
53
47
327
1
33
4454
4
2
2
10
3391
2
11
70
71
10
6
1372
3
17805
15048
2127
4
3941
101
1294
135
3771
394
23
1609
6
864
48
1
69
8
2
3000
2031
3
2
924
30
102
16271
2038
1
4563
7
2180
1688
517
2172
1
5313
2
61
125
72
4
7
95
7
518
5284
223
156
2
8
150
2
204
91
53
7445
212
2228
9
38
4
3433
13
1675
31
34
6106
2
2
128
17
10648
2
521
12
6
19
12301
123
5
3
11058
114
20817
9
1813
2
7
4
7874
6
44
24
141
128
1956
117
3449
51
8254
36
371
1058
4212
1015
7
29
9189
7
321
1
52
14264
4265
2746
3841
878
20106
2428
510
6
11
307
12
450
7348
1707
2
52
67
680
12132
124
442
11470
130
100
4751
23
290
353
3
156
709
871
42
1
461
6493
15
7
4
8
315
10
13901
246
9
4707
30
17
18
680
5497
133
4
2064
10
1452
276
1372
2
1550
1954
15510
297
7164
16204
2
15715
2
1628
3
2774
154
2930
141
43
1355
25
5428
7
1
10
2
7409
4484
142
3
60
894
112
16467
585
53
11304
5
1309
3
130
2482
53
39
98
492
2
9
7
1228
1957
6116
1
4
3721
4
3
33
22
363
110
1
423
63
1077
1137
3
500
2392
8
1
452
14
120
9
3
41
2
2138
385
6556
5077
1246
57
4558
2
17177
103
706
13207
37
1
458
5178
4528
872
3
175
6862
5591
157
410
4434
394
153
14
6
28
6880
8819
3
6
356
1597
4
18
15
1
71
13813
3444
229
13
307
422
642
30
94
3128
616
62
2661
1
6
1392
21546
1631
5
3949
2954
26
27
262
9
1
61
1
11
1340
7343
4
5812
5044
530
2299
3
259
1744
75
4641
453
1606
15
2
2
15
1107
5
14
21
8
53
123
2354
8895
32
44
216
8
52
3705
11
619
19
73
29
198
12
23
107
266
27
1
3459
732
552
1
265
277
10529
9241
3642
2
357
15
1105
1360
1
8
4
2
18080
40
4427
2134
90
5
89
138
42
2653
768
8
57
3
3477
4
157
1163
1197
15
2
201
5
2618
1
1153
13356
5
160
4
1880
15662
4
14425
262
14
2
20709
715
9
402
847
430
11
6
5
28
2187
2
4732
20585
23
257
605
75
6090
49
1
4190
203
14566
1
15952
167
38
1508
1
2
1018
344
284
10
12
18
69
7
14
10561
2
276
1133
20
16986
5268
40
6
4887
1649
62
1
1253
2959
760
503
17210
1
821
47
50
422
12458
4
1
5
58
1
20
78
5153
656
1926
16047
1
13
464
2
130
304
358
4047
1111
59
18101
5
58
27
3104
1250
4
241
64
12
792
1685
6
121
214
2
11025
925
584
4
1
2675
3
594
16
12037
4
251
121
9077
83
1042
472
7
777
192
5
2167
9
815
1837
569
177
1308
1
3031
3
212
5231
38
136
4
436
3119
50
7
102
15
67
13
7821
171
151
2
1
2
1
17482
5
433
4
1264
105
2602
26
3
229
370
135
5
8530
14
2
15
15
941
223
1
143
14463
8839
176
29
2151
10435
38
1
50
5022
2
3217
3
1
12
3
39
77
7271
16
218
2443
5385
6821
16809
296
1
11292
2
9
4
29
21
1339
2
97
6292
1
11
20771
59
4
2
5782
3
9651
417
12
14802
7
47
522
146
16387
1458
983
10
8083
6201
6
59
1490
1333
1
760
5487
7
2
1
2
1038
2
11266
50
9
21
9575
2
7145
154
2
74
3
3648
6148
1421
60
4
160
125
12
95
2397
46
79
573
766
41
3153
77
4
1633
6796
762
7
321
1000
3195
5331
2
26
131
12
14
3
8
10443
2
1064
2
2
2022
1112
759
4
386
2142
1984
74
99
27
1383
29
1503
6605
13291
514
2
4691
9921
327
2736
40
3
41
1763
1715
1
16
89
13
1536
50
62
3161
4034
76
138
3375
3330
6955
12
3
32
1488
2
16659
856
698
4044
2
17165
6
143
74
784
491
19
4
20
2673
2060
54
3
4994
4
1587
2546
3
268
5493
2
8
70
1580
109
12449
722
5252
223
983
300
2
113
1659
9579
226
4
5196
1628
35
1
20
4
14
17
190
300
2016
72
682
1
5355
292
765
6
12
3046
2040
54
17
123
866
1938
65
46
1
20
5115
25
3
20
20562
2569
1
34
17
499
3
5172
2
110
2
11
2
9
25
1623
4
2264
8366
36
2
3478
34
5724
31
95
233
28
407
1
21944
45
2
870
3
1117
11
8938
1601
14126
55
18
2213
60
4
310
1
10120
640
40
9
2
4
14539
908
293
10517
32
177
16
2920
864
14280
3
85
396
7622
482
13
479
1639
73
10404
31
7
13
103
267
59
4
630
333
126
9200
376
14824
12
223
2
35
1
2
129
37
1
1694
51
1038
2
8656
49
4026
9063
219
9895
823
3
10
2635
2682
31
151
19088
354
18
2
11203
1794
15499
2795
271
3
2311
2
1656
763
1391
2282
7434
2
7370
44
5
5662
7
3071
82
45
9
77
48
2
138
197
240
992
5
5889
8
5
646
12
5
177
51
1054
5
18832
20616
3423
1
13818
51
78
69
1
9009
2816
1
24
3
76
28
21
19
3
190
289
16
19
31
81
9
5067
562
199
56
16652
900
58
2
18463
3528
4142
3890
345
12
6252
8789
2245
1481
19
137
2919
18497
67
2
253
7108
1663
2
60
453
100
1015
606
7919
5201
1928
16
497
3275
1376
11
15
7
226
4
17313
15269
284
22
52
857
96
864
16615
1278
6
40
48
10
14
2120
355
101
11595
189
324
1389
9
1526
17
13
260
6588
1
37
8183
1
9141
5
7
511
3746
17171
2605
3
423
1018
115
3392
3
551
11153
3
2
17326
10373
6344
367
83
7
9940
681
30
841
3148
69
927
3646
259
2002
72
11
2716
16559
4
4246
1273
122
869
6289
350
504
8245
2384
10451
27
379
15
6
13222
184
2
25
4931
12
5373
2327
22
519
1132
2873
530
142
40
73
144
769
3668
978
144
1680
4014
114
20
277
16
3233
18741
17216
6
1
5469
1
280
37
12155
104
810
2026
2379
15668
417
3589
4
587
29
18
1
24
2023
5052
55
2103
209
201
275
16138
70
74
24
14
21602
179
8
4975
8
2607
1
1064
12651
463
214
183
64
6485
154
5
4
7987
19499
5
1
15851
467
117
306
377
45
10
1964
30
366
142
186
479
49
5
17
628
85
748
338
3469
1050
8
269
860
1
11
6
17
17
3
2
1844
30
1
10
3427
2
3
2
7462
131
190
2438
8
6625
39
309
66
1
1310
222
2572
2
2273
2093
4278
1914
851
1706
2317
4841
8400
11
203
718
2571
51
2680
39
4070
224
11483
140
11
633
2424
465
57
2
491
12
1
5
933
3106
2807
3
16247
8685
248
22
16
219
3
5
514
38
37
2
14969
73
80
501
7
2560
117
105
186
321
10
645
3
4
3931
177
2
211
5958
48
45
305
1378
2
2204
4
20136
10365
4
18671
1
4292
591
6379
3340
1294
2
259
21186
207
3
2
15
8932
316
3
22
46
583
6325
16101
2
16992
7
495
9
44
267
10
15
1913
60
794
1271
278
373
1
6304
7
2
7073
2217
27
9
2
16834
1735
2
76
6
183
8086
15615
8
574
196
960
5450
11041
11141
5
494
7509
13055
1
7880
2878
2352
4
527
6
2745
20485
314
2505
24
51
75
1
21586
1224
178
13371
2855
467
243
151
2
1940
16
17352
4898
21522
4
3
6
42
6566
161
88
155
147
148
91
1
751
1213
22
2498
1850
12
372
734
1283
712
83
1
1
1
5858
3844
11
2
182
93
9532
47
19123
7996
9855
222
2
1598
12445
36
4739
2
16168
4
14
1113
13766
12
6687
12632
8
73
868
2750
9698
9
5769
139
15093
991
178
155
23
8760
13797
76
10644
48
2375
613
3
20
216
6770
3
76
405
10947
505
5
1371
4148
6
18
13582
191
9514
1496
683
23
86
4298
8
2706
80
1662
1
17
17706
364
1276
3
1605
21
2465
15
2
1658
4
14577
4
3079
322
6
13792
829
4238
68
95
6595
65
10
11220
27
4398
67
63
996
9589
60
3560
17
203
11
16
24
5298
4575
3
2
957
230
4
41
886
8562
3018
470
13
1366
25
931
6401
1014
1
11149
12123
1
3
805
5
6009
1795
1
624
2
1
17417
92
89
2
18134
36
25
195
482
56
7
3659
166
180
15
4
156
337
169
31
4
5
724
132
16
1
16198
110
1
13522
7907
2
29
241
176
3569
53
15
74
4
3
1
11
10
359
9504
1522
42
2
20
38
6061
17
11
18421
2
1857
1667
367
12028
8
2
935
119
872
3660
13
475
38
4
1355
5730
121
2423
1976
11
389
2
2
161
1
2224
6
7
586
2
10
87
2910
1789
14
12
228
3
183
110
5860
527
48
5
44
5282
2
171
5
10
292
7
5
1274
74
33
8
461
16522
7501
170
77
7
8
3934
786
232
2
3250
1
5
28
88
293
21
3
2473
7
5460
11988
745
252
186
36
8
22
20
14830
174
4945
958
11
229
1075
14
2992
543
68
265
17005
250
477
17
5966
11867
1005
1178
372
2
3
1284
383
10
6568
1728
4728
4
6
154
93
21
14
284
3
6129
23
3
21
1
9
411
70
217
533
9593
1648
33
132
3405
10
580
15076
66
1902
4482
367
57
2
76
2
31
14
609
53
1
7
161
532
184
16
97
2
153
8
12491
3082
1
6387
2
20
12078
1
3777
56
21
9
18
6981
2
246
4457
6
1363
5
13
149
5412
56
15
8
20547
300
1030
7766
27
6836
5900
1
4839
2
61
31
2590
9356
2
7754
16
46
53
10
932
6143
229
21
77
13859
3
1825
552
45
548
2393
323
9258
268
188
194
12755
4
10938
2276
283
318
1
11
1764
3207
2
94
35
45
74
10
239
9
21
90
68
285
4683
14179
1362
25
1769
3
3848
32
1
200
1905
2892
5
1078
921
6161
970
83
5159
8
4032
1786
11
51
606
2318
5
1
9224
220
56
2598
650
6895
4145
4
370
16405
161
16
2
39
1
456
57
2
1
5631
151
2
2
347
7
2
3576
15
8
1428
3
5677
68
2
9888
729
18
242
20593
1042
853
401
6
541
37
20
1194
24
2
54
56
225
11678
5351
31
745
634
24
7602
1476
656
25
112
5973
2
4
2
6672
179
22
2
6865
1900
4
5143
5
3256
192
375
181
29
6561
18643
195
148
19470
16
78
5750
145
3
3
17222
10498
184
36
16541
13
17
8354
182
932
14420
17107
43
1
3
312
2298
5
163
3
1324
15
11
1572
1
841
1222
16
10
16960
92
2272
13381
251
1303
121
5
2480
1437
577
1
465
29
6532
2
3170
92
15
662
20601
2789
289
642
11376
76
3020
3352
4
128
1
6
1285
1
61
16628
4046
2639
6224
12264
6
2
28
4714
2
3481
10
19
8
77
1677
2
5545
845
134
8607
8662
674
23
8413
27
17488
67
15
4
87
6
1
242
36
2
11582
13664
30
18
2478
861
2
12866
83
993
104
5099
16
425
11556
8
8
38
18387
18
9056
152
1689
5
139
418
2
49
19675
36
21
5315
39
64
667
1616
322
25
8
749
13
112
50
5105
877
63
1815
18490
246
34
10303
2
997
150
329
1
1
5709
1545
9
460
93
11814
284
5856
1
101
6573
29
10521
863
4608
10652
24
4868
5
29
11
21
1
905
104
4
673
1
2185
206
2252
404
20
291
5
1117
9128
610
4113
16436
650
1
1071
2
5
180
7972
61
3143
9611
151
45
75
284
9
9
12380
154
146
1
596
829
4852
29
8
6
15674
471
10
2059
3
9
7933
237
684
2223
406
34
6483
17158
5
1257
1832
1270
1
143
2
1
3561
16
3712
1183
29
58
19
4
23
35
1377
4
11665
380
74
1105
26
6
1017
15476
18525
5130
465
9380
6439
25
1
1
2
5
113
1647
3
2488
1
231
2
5654
1
346
1
12765
12962
1812
2025
2587
64
412
994
429
6
28
9
919
1650
614
3
3052
76
16
148
2071
686
82
196
2
10724
3980
248
342
184
1907
385
4639
4
408
386
3403
879
504
278
4270
2297
11233
11191
3739
3
56
2
870
2097
48
114
14441
62
3
85
361
3186
3310
10
39
7018
68
968
375
1
533
28
5
10808
1
18107
4353
661
39
314
4
2779
669
351
2
438
1
1
5931
2
1
73
42
58
24
4929
349
31
11
7
75
3900
1430
30
2395
20
1317
1
16077
202
4507
10
74
9
22
20023
2
1698
161
274
18484
273
86
16
4450
424
15144
3394
3862
282
1
1573
14184
209
60
17
1841
469
194
80
339
494
88
2102
3594
400
133
60
430
10
5489
4467
3
115
1066
15
97
3
27
1
25
1
1477
7839
335
10
1936
1374
4735
2747
453
39
63
6
102
2436
350
29
10419
236
6
4550
300
17
1315
5882
486
1051
1
4162
33
1641
4969
15
15257
817
3
2
262
323
1
1
8394
164
113
21155
30
5
105
401
173
2
1
104
12
1879
6700
23
7
4
26
752
1636
314
1411
18
5752
940
628
296
6652
10
5998
8
18917
3
42
4
15868
64
228
5618
1
18762
154
92
386
240
11691
20
288
1
56
329
195
113
13
170
32
826
26
20280
15
121
276
246
1534
26
49
4350
18325
29
171
2324
1
17423
174
34
3
11539
5610
731
24
6
115
9138
579
8
63
7
1
1580
523
1
101
11410
4
908
22
269
1
560
23
1327
4
10269
6454
532
20501
5
6685
1593
16095
1519
4
457
13501
11890
218
885
14997
1393
316
4570
123
806
