30518
29605
30461
30527
29828
30938
30411
30984
29791
30146
30706
30910
30925
30206
30149
30814
30914
29647
29857
30054
30410
30407
29909
31331
29759
31328
31265
30445
31230
31307
29996
30087
30459
29994
29962
30824
30140
30564
31300
30149
29918
31239
30281
30321
31029
30979
30806
29672
30394
31315
30604
30891
30330
29752
30391
30611
29961
29651
31207
31214
30062
30216
29638
30297
30968
30239
30535
29728
31341
30591
30396
30995
30053
30740
30419
31232
31159
29957
30958
30650
30539
29925
31095
30560
29899
30066
30093
31057
30869
29764
30732
30586
30061
30987
30021
29728
29974
30677
30435
30166
29917
29651
29696
30330
30688
31036
30313
30726
29729
31022
30612
30626
30853
29989
30647
30791
30876
29848
30704
30113
29750
30470
31132
30952
29769
30551
29637
30081
29687
30097
29740
30375
30751
30980
30207
30790
30215
30427
30967
29860
30515
30634
30428
30267
30774
31003
30473
30065
30186
31119
31281
29873
30249
31251
30245
29745
29915
30098
31349
31279
30625
30230
29609
31225
30596
29976
31308
30311
29912
30892
30351
30700
30000
31286
30277
29997
30710
30412
30226
29693
29659
29945
30467
30034
30498
31131
30724
30628
30010
31193
30950
31071
29614
29716
31209
29910
31154
30752
29769
29613
30265
29872
29676
29868
30182
31103
30449
29697
30711
31309
30926
29949
29650
30531
30627
31120
29952
30455
30730
31008
29612
31004
30879
29640
30218
31125
29963
30632
30510
30610
30081
31200
29613
30464
30215
30503
30296
30204
31221
30474
30998
31024
31008
30008
30160
30153
29978
29670
31167
30399
30673
29929
30933
30145
30086
31353
30288
31241
30864
30671
30175
30025
30351
30493
30856
31023
29623
31218
29611
30664
29715
30738
30456
30262
31355
31310
30429
30243
29985
30722
31257
31236
30005
30036
29734
30380
29916
30690
30450
30580
29732
31006
30568
29967
30671
30356
29790
29741
29907
30424
30593
30734
30903
30616
30623
30180
30298
30599
30836
30456
30871
29875
30903
31204
29808
30122
31332
30050
30934
30275
31244
30170
30481
30610
31055
30132
30056
30159
30230
31166
29680
30916
31001
29704
31224
31264
30232
31306
30966
30284
30600
29922
29994
31164
31328
30383
30990
30940
30303
30998
30875
30806
30728
30181
29691
30172
30534
30365
30103
30434
30338
31108
30397
31236
30069
30237
30097
30522
30974
29909
30682
29740
29714
30495
31305
30649
29683
30583
29728
30668
30895
31244
29643
30843
29796
30220
30730
29848
30315
29872
30739
30285
29866
31024
29837
31344
30055
29732
30262
29938
29999
30897
30421
30512
30539
30985
30995
31145
29712
29743
29934
30726
29823
30609
29620
30210
30694
30843
29801
31079
30240
30795
30497
29724
31171
29884
31296
30093
30947
31253
31081
30240
30029
31337
30668
29785
30120
29783
29655
30879
30892
30401
30051
30014
31045
30769
30092
30213
30151
29711
30788
30195
30215
30364
30620
30514
30315
30139
29915
31341
29691
29690
30309
30443
29746
30059
30117
29780
30893
29754
29980
29790
31245
29996
30066
30639
30337
30378
30584
30197
30050
29612
29821
31318
30279
29720
29786
29706
30170
30920
30208
29784
30543
30502
30410
31164
30717
30203
30287
30295
29739
29903
30445
30397
30688
31033
31318
30605
29881
29655
30252
30339
30454
30418
30577
29721
29863
31157
31350
31342
29963
31034
29728
31080
29655
30258
30710
30183
29818
31340
31094
30487
30206
31178
31005
31334
31104
29707
29774
31324
29802
30283
30080
29996
29623
29768
30667
30871
31246
30661
30157
31049
30324
29712
31037
30285
30984
31271
29728
30210
29788
30974
30632
31172
30981
31204
30485
29781
30518
30326
29672
30993
30890
31130
30393
30445
30177
30028
30930
30981
30221
30722
30932
30176
30901
31087
30192
30182
30724
30299
31302
30825
30333
29827
29861
30269
30817
30514
30347
29999
29633
30197
31213
29902
31144
30867
30001
29638
30967
30223
30030
31327
29927
31096
30046
30157
29924
29781
30279
30128
30892
30553
30275
30688
29899
31284
29705
30349
31040
29691
29840
31086
29955
29665
30506
30184
29777
30488
29882
31199
29667
30213
30859
30601
30116
30271
29631
30411
30802
30132
29859
29773
29891
31253
30070
30628
30493
30012
30778
31234
29819
30516
30726
29781
30953
29647
29812
30837
31150
31187
30001
30879
30197
31277
29883
30873
30420
30281
30134
31182
29954
30565
29672
31267
31088
30955
29902
30533
29867
30174
29972
30965
30736
30154
29722
30651
29720
29827
30366
29942
30819
30537
29907
31010
30346
30754
29708
30348
30353
29846
30180
30658
29651
30311
30619
31247
30744
30384
29781
31155
30828
30139
31324
29964
30625
31068
30355
30844
30010
31018
29658
29925
30799
30192
30176
31003
29843
29904
30042
30769
30681
30053
31076
31012
30442
30831
29731
30582
30030
29874
30457
30429
30616
30727
30055
30442
31279
30494
30484
30807
30662
30093
30948
30841
31043
30982
29753
31122
30349
29766
30927
30237
30748
31043
30990
30379
30067
31350
30653
30865
30646
29800
30990
30281
30126
29612
29710
29693
31117
30688
30640
29681
30144
31074
30573
29812
31285
29947
30370
30309
30536
29657
29793
29749
31327
30751
30684
30038
31220
31122
29915
29681
29713
30193
29703
30116
30938
30116
30946
30189
29874
30144
31344
30215
31108
30616
30884
31163
31293
30516
31239
30853
30610
29674
30812
29650
30185
30977
30597
30550
29625
31266
30008
30566
30871
31276
29817
31071
30574
30837
30156
31196
31148
30995
29825
31177
29962
30315
30300
29835
30111
31242
30958
31145
30434
29866
29880
31063
30996
30207
29896
31075
31206
30188
30062
30714
31247
31073
31091
30994
30919
30529
29950
30352
29979
30309
30619
30095
29853
30718
30783
30078
30532
30518
30712
29720
30854
30535
31233
29751
30262
31293
30591
30276
30000
29808
29681
30343
30732
30590
30815
30419
30112
29918
30215
31180
31176
30351
30904
30036
29662
30435
30023
31082
30264
30781
30497
29934
30261
31344
31077
29705
29988
29952
30609
30243
30329
29607
31357
30253
31159
29941
30930
29897
30534
30458
30397
31234
29889
30185
30494
31150
29875
30792
31325
30712
30286
30581
29632
30694
31271
30560
31020
29804
30953
31096
30891
30675
30484
29683
31009
30454
31157
30739
31278
29903
30291
30581
31018
30098
30419
30030
31100
31169
30381
30452
30695
31183
29717
29962
29813
30590
29774
30866
31310
30765
30348
29698
29697
30981
29835
30557
29650
29870
30346
30517
30522
29914
30725
29647
31245
30545
30886
29853
29899
31180
30694
30110
30816
30739
29832
30424
30403
29915
30503
31339
30669
30946
30636
29645
30816
30332
31189
30805
30421
29698
29812
29857
30492
30955
30458
30448
30852
29811
30965
31114
30875
30774
30771
30732
30549
29886
29923
29686
30827
30630
29682
29953
31109
30177
29938
30182
30287
30381
30849
29771
30313
30347
29999
30266
30253
29807
30139
30023
29627
31056
30001
29718
31035
30736
30811
30593
29890
30834
29802
29956
30529
30918
30348
30036
30714
31131
30808
31284
30556
31185
31347
30164
30109
29888
29692
29609
29886
30777
31058
30877
30949
30759
30011
29686
30034
29835
29705
30670
29760
31072
29645
30033
30921
30766
30994
30058
29836
31342
30389
30404
30671
30173
30303
29673
30505
29716
30634
31036
30682
29689
30377
30491
29933
30974
30716
30895
29813
29977
29963
30327
30703
30097
30097
29842
30521
29619
29807
30034
30353
30390
30824
30301
30630
29699
30055
30675
30840
30927
30519
29734
29960
29658
30630
29664
31218
30104
30175
31093
30731
30300
31333
29937
29729
30285
30435
30344
31226
29882
30367
31254
30537
29845
30533
29885
31045
29814
31020
30904
30532
31189
30825
29629
31150
30093
30667
30131
30463
29607
30720
29748
29729
30678
30759
30485
29963
30559
30641
30087
31116
31333
31063
30708
30743
29791
30946
29826
30143
31312
30905
29776
30880
30455
30662
30335
29875
30253
30346
30559
30047
30573
30108
30070
30477
30571
30953
31046
30024
30304
30221
31038
31152
30639
30688
31089
30953
30187
31276
30019
31256
30210
31042
30188
31124
30520
30379
30749
30953
30756
30179
30687
31273
30793
30665
29718
30459
30534
30418
30222
30034
29912
30099
30617
29876
30617
30444
30584
30335
31090
31319
29608
30899
30255
29665
30413
30469
29757
30225
31236
30602
30959
30693
31094
30348
30911
30545
31274
30033
30457
30245
30760
30294
29715
30794
30053
29662
29620
30498
30600
31195
30251
30795
30512
31026
30224
30974
30440
29823
30583
31113
30000
30306
30150
30831
30965
30155
30826
31006
31353
29770
30055
30423
30287
30586
30398
31053
31071
30232
31257
30934
30197
31350
30291
31313
29655
29998
29676
30246
29898
31003
30594
30964
31315
30732
29839
30871
30027
30525
30732
31311
30505
30877
30905
30652
30909
30323
30872
29916
31034
29863
29606
31105
30138
30675
30661
30468
30285
31306
29605
29900
30587
30361
30223
31047
29843
29636
30831
30964
30528
29824
30429
30976
31153
30396
30020
29951
31278
30133
29707
29758
31173
31158
30979
30167
30462
30205
31248
30028
30286
30827
31254
30802
30668
30135
31102
29822
30525
31176
31079
29927
30968
29613
29904
31021
30972
31121
30326
30875
30384
30107
30488
31286
30384
30154
30267
30323
30410
29922
30990
30210
30763
30749
29757
30368
30845
30447
31204
30170
29976
29794
29989
30822
30289
30875
30034
30444
31316
29881
31183
30380
31159
30617
30468
30038
30952
30326
31220
29981
30267
29811
31356
30203
31089
31223
31221
30350
30042
30465
31056
30797
29649
31014
30656
29682
31146
30980
30006
30016
30012
30746
29634
30563
30442
29778
30491
30642
31001
30011
29672
30840
29806
30765
29811
31315
31313
30443
30035
31259
30721
31018
29964
30085
30102
30583
30767
30720
29686
30314
30491
29626
29678
30851
30446
30037
31090
31062
30302
31267
30043
29941
30378
30287
29659
30875
29937
30821
30088
31040
30050
29817
29695
30291
30528
30818
30078
31175
29640
29859
30927
31345
29814
29723
30156
30085
30484
30694
30348
30868
31115
29652
30703
30758
29920
30259
30969
30230
30085
29617
29807
29937
30734
29733
30540
30450
29880
30955
29751
31055
31117
30580
29694
30355
31143
31098
30125
30528
30308
30856
30876
30081
29912
30072
31307
29609
30003
30088
30420
30998
29947
31155
29921
31054
31107
30353
29651
30297
29837
29626
30543
29797
31001
30202
30593
30059
30068
30616
30146
30086
29762
31159
31069
30155
31313
30285
30722
30146
31078
30775
30623
30867
29904
31275
30018
31003
30794
30915
30047
30955
31007
29756
31106
29867
30400
29782
30564
31246
30266
30142
30561
29974
30951
30446
30805
30571
30369
30435
29914
30190
30825
30692
30014
30496
31303
31113
30670
30993
30906
30001
31247
31014
30987
31205
30331
30580
31194
29750
30591
30607
30663
29779
31091
30857
30078
30897
30827
31081
30743
30422
29689
31045
30377
31197
30609
31289
31143
31322
31355
30712
30514
29630
29731
31185
30271
31187
30665
31193
30904
31000
31278
30587
30262
29765
30037
30111
30965
30710
31231
31101
30680
29725
31254
29632
30219
29851
30811
30564
31225
29617
31334
30380
30034
30226
29874
29755
30727
30672
29728
31262
31063
30137
29606
30647
30161
29857
30181
30537
29611
30244
