65316
67086
65076
63693
65182
65095
66848
65347
65498
63834
68159
63651
63098
64082
66940
63368
67364
67635
68599
68905
63128
64636
65437
67392
68457
63239
67918
67365
64427
63237
66046
65018
67090
64744
64388
64043
69302
68209
63100
68938
63180
69968
68436
70110
66679
65038
63297
66388
69204
66198
67494
66214
64731
65690
66290
63532
65253
69113
69938
68235
67415
63925
64283
65069
63685
63759
69079
63948
63353
64219
68679
68556
65071
67822
69722
65718
64781
66184
63313
67665
65522
65333
64161
63674
65126
66978
69333
63364
66350
66387
67877
68141
64970
66905
63125
64898
68492
68309
65882
67175
64970
64905
68628
69625
65330
67595
63359
70105
67495
64358
66539
63972
65508
65984
63376
69070
67422
63768
67493
69496
67363
69108
69410
64001
67295
68596
67102
69000
64042
65407
69317
64937
64957
63468
63191
64993
68628
66598
63453
67479
68206
63273
66366
66008
68573
67412
69433
68731
63832
63355
64562
66746
66350
64730
65817
65682
66465
67326
69508
65759
64441
68545
65285
68009
63191
65503
69948
69891
64299
65487
68342
63971
65776
64316
64271
64899
63906
66965
67291
66062
64964
68442
63827
68500
69301
66701
63331
69601
68282
65987
64457
69998
69888
67142
64804
65557
65655
64058
69507
67880
69986
66469
67419
66468
66752
63829
67477
70043
63451
65744
64375
64045
68780
66759
70009
65324
66357
69673
66078
66071
63213
65239
65195
64929
65237
66977
69729
64579
63435
67935
64222
66080
67193
64257
68120
69944
68052
69716
67282
63889
65622
63800
64521
67841
65482
66833
65519
65657
63220
65103
69520
69688
65541
64727
68781
65275
64833
64239
63732
63199
66204
69132
69451
63456
66744
64439
69813
63687
63830
65535
64789
69054
66640
67600
69377
69307
69669
63652
65403
69685
67185
66514
63307
63104
65376
65075
68630
65992
69981
63599
68334
66182
65094
65302
69197
63944
66641
68881
65320
66594
66070
68408
68486
67692
66042
64423
65153
66800
65408
68165
63556
68158
68890
68666
67555
69451
64168
64236
66911
68315
63280
69511
66577
67451
69151
64210
64215
63801
63294
64068
65103
68314
63906
65207
67114
64081
64618
68510
67915
66433
68421
65821
67293
64820
65762
66219
64433
66370
66074
63350
64752
67643
68613
69265
63722
63882
63824
65942
67333
63159
67696
69505
67491
67829
69664
68251
66199
63770
65224
68160
67635
67645
66337
64780
68071
66123
66107
69766
63845
67002
69523
64614
66115
65705
65664
68123
65467
65784
65070
64898
64972
64704
67697
63571
66172
69391
66643
64586
68004
65677
69438
63171
67576
66777
66452
65795
68288
67504
68765
69023
64975
65051
69571
66935
65871
67571
68001
67722
66612
64907
68385
69689
63890
66721
66082
64301
63902
68147
64291
67467
66227
68539
63137
68685
66355
63097
63190
68760
68165
64254
69070
64188
66831
64002
68192
67083
69690
64837
68183
68509
65388
65639
64390
63279
69703
65809
68881
68033
66757
64040
64988
69371
69442
69046
63385
68530
69150
66741
63648
64573
66991
67754
67922
65381
64456
66746
64214
68597
67725
67785
66045
66879
64449
66524
64193
63361
63223
65885
66447
69421
68575
65419
67440
67280
68556
64308
69157
65340
64903
69438
63371
64189
69493
65823
64444
63904
65858
64215
70076
67541
65398
68485
64804
64445
68724
68927
66948
68972
69092
64311
64050
65361
66366
63131
63730
64118
66333
65242
65731
65887
64917
67152
66509
64756
63534
64418
65335
67287
68459
63740
64234
65014
65374
64573
66629
69646
65973
69588
65134
66394
66885
63204
63500
65628
65601
66955
64639
69858
65218
68641
69803
67432
63338
68098
68701
65269
66021
64894
69214
67540
63685
63265
67739
65098
67707
66348
68062
64479
67169
67068
66385
69999
69303
67783
63639
67555
64883
68824
69118
66388
64494
66449
64640
65306
64822
67443
67699
66371
64479
64893
69965
63558
63092
67772
69420
64002
67253
68178
69972
69145
69259
68874
63084
63829
65282
67918
64595
65356
68598
69792
69155
69037
66100
70089
65460
68596
65733
65888
69616
69072
66488
67464
63085
66358
63918
63555
66626
65861
67832
68476
66741
64406
68246
63221
64984
70102
63578
65363
69095
65280
67378
65858
67528
66303
64071
63065
68689
64096
65378
67254
65863
66982
64149
68705
66192
65279
69444
67458
67036
66168
64560
67187
66363
66290
66356
64864
64524
65556
66629
69550
68823
65800
69732
63462
63267
63637
68570
65953
65584
68712
67593
66809
68639
65798
69805
68425
68069
63998
67445
65053
64849
63629
68586
63905
67214
64280
63850
64708
67936
67530
68496
67522
69118
69956
67244
68692
65123
68512
64606
66629
63626
65893
68636
70058
66861
69717
65642
66722
68525
63974
64221
69067
63604
64533
63881
69426
66282
66490
69963
64609
69652
64409
63895
64646
63395
64174
63543
69306
67240
68663
69999
67527
64973
67920
63649
66290
69735
65606
66345
68824
69905
67886
69705
63104
66550
64370
67538
63761
65859
67127
65785
66356
66292
66996
68219
69420
65376
63730
69269
67153
67054
63094
69382
65249
69868
66921
68908
66245
65214
68499
67417
63890
69532
69756
69821
64406
67914
63226
65608
66725
65180
67795
63425
67885
67830
68637
65806
64087
65330
63529
63165
65493
63140
65603
64704
65340
66618
63207
65986
65813
65762
69298
68876
63079
67978
67712
65686
68465
68753
67923
67317
66962
67710
68196
64371
68665
64125
69989
64360
65317
68022
65817
66044
66923
65179
65497
66129
66147
68682
68342
64607
65366
65344
65248
67144
65190
65015
67814
63482
63320
64226
64898
63588
69364
63585
69954
68466
63171
63897
65139
69580
67142
69619
67767
66357
66063
66929
68846
67075
67271
66358
63491
63811
65219
64353
68632
63757
66095
66486
63773
69290
63673
68882
66189
66324
63279
64944
68321
63904
67587
67359
63853
66715
64760
63668
69277
64782
65849
69043
65409
68701
65055
68839
67845
67912
66801
65564
67418
65257
67105
69625
63839
65099
64738
66419
69465
64252
63282
66747
69539
64541
69841
64411
70081
68154
63663
63953
63863
65252
63293
69189
65177
67013
66010
63718
69618
69191
65269
69529
65242
63468
65047
68994
64544
66988
65181
64105
68326
70056
66264
65600
63698
65567
65471
64063
64352
63636
66958
65445
68782
63557
67638
63878
63783
65213
63110
67652
63263
65628
63505
63853
64600
64548
67642
68685
66028
68503
69191
68018
63890
65233
68784
69951
66156
63303
63971
67112
67447
63273
63339
69463
67688
63387
65715
69420
69573
63966
66750
64668
68032
66415
66931
69155
66101
64773
67678
67679
68601
69963
69162
67971
67624
64989
66321
63288
68306
63728
69847
64262
65321
64320
65566
64628
69469
64671
65128
66345
66995
66680
66902
66138
68117
64704
64334
64800
65117
64632
65857
68992
69209
66561
65429
66611
64926
67347
69614
64438
63261
69121
66131
63434
64095
66808
66952
66390
69960
66422
63550
68453
69715
66643
68432
68279
63346
70037
64729
67429
64675
65999
65742
67288
64501
63087
68211
66136
67699
69391
67593
64917
65878
63172
66412
63147
69446
69068
67610
68112
66997
63924
65009
66868
65644
67339
64559
66898
69045
66270
67860
69467
68363
67003
66252
69126
68071
67104
63904
65416
66943
67159
67025
65431
68902
63801
66869
67096
63428
66611
63692
69241
63816
64335
68147
63237
67563
68072
68244
69347
65669
69979
69616
66100
65209
68607
67522
67050
65901
69818
66597
67127
65426
65185
65244
66010
69068
69047
67501
67213
67757
66889
64033
63945
67453
67577
63198
63095
68368
63567
69832
65879
65612
63245
64894
64559
66141
64515
64960
67871
69732
67328
65549
67973
70051
63065
67781
63554
64435
64834
64203
66773
66224
66347
67355
64015
65206
67298
69373
64973
63811
69380
63107
66807
68607
67782
68554
63204
69831
69120
67375
64991
66047
65494
67220
66143
65884
66437
66759
63732
66785
65746
65903
67653
66285
65823
66602
63804
67445
67882
66212
67465
69114
66222
68874
63518
65201
65331
65384
66700
66784
64126
65063
69590
67320
65946
67836
66802
68460
67058
65471
66681
64168
67083
63664
63560
65206
66934
63585
68883
65569
69266
65769
65842
64144
67570
63824
64269
66133
69364
67531
65511
69411
68070
67157
66931
65209
64670
65321
64880
68305
64335
67612
69473
64037
66213
63994
66253
63227
68610
65142
65919
64229
67354
66962
63748
67989
68719
68105
65673
68729
68301
67817
64284
63066
68189
66514
64630
63948
64812
65638
66730
66948
63954
68397
66360
65993
68325
69055
64262
67091
67449
64248
68697
67313
68432
68533
67341
67910
66311
64476
67945
63934
64061
65647
69111
67962
64699
63166
68736
67719
68474
67152
67884
69366
65167
68404
67225
65421
63095
66721
66604
63647
68568
69448
67420
63664
67258
66517
63429
69874
65566
67591
68314
64650
68672
65066
66510
64322
68061
63500
67836
64095
65680
69044
65025
68910
69181
63725
63578
66661
63130
67764
64810
70091
63517
65324
67584
67560
66540
64852
66406
66722
69508
67222
66851
63533
65667
63124
69420
65957
63218
67335
64794
69007
64920
69433
67275
68797
66128
64580
65035
69962
67601
63358
63957
68557
67535
65265
68560
63826
64130
64831
66154
67105
67372
66582
68546
63093
63723
69582
68093
69850
67101
69325
69237
65031
65493
67664
68481
66276
65715
69368
67362
67112
63460
64449
69969
64207
69295
64758
63629
69157
63210
64761
69737
67964
66115
64336
67356
68478
67829
63472
68910
64141
66455
64985
68538
67674
66693
67475
64267
64992
68651
68205
64606
67432
66899
67946
67942
66427
65258
69225
67286
64893
64502
63405
69133
69106
64368
65349
63442
66057
64656
69279
66922
64550
66091
67560
63170
64502
67829
63919
69260
67606
66666
63966
65217
68038
68772
66497
63501
69362
68049
69080
63330
65955
66537
65388
65155
63963
67192
65184
65255
67550
69580
68540
64964
66726
68624
64852
63133
68853
69437
70086
65540
66055
67235
65102
66480
66161
65991
64927
66343
67266
67880
65694
66996
67467
68861
64349
70041
67494
69208
66040
68678
67152
63965
69171
63933
64488
63580
68423
64089
64025
69957
66840
66231
66324
66406
63097
64458
68700
63526
63785
70018
66989
68247
66182
69841
68185
69995
63270
66449
63341
66404
69441
67246
69205
69793
67318
68361
69393
69985
64555
65645
63563
65860
64483
69715
63072
67599
67256
64431
66570
68830
65740
64611
66319
68115
66345
63236
64885
64145
69269
65963
66692
63276
68198
70087
64816
66598
64896
63971
66947
63804
64703
65651
65563
69437
69770
63173
64999
65346
64940
65030
63940
64838
64951
67741
65901
66894
67426
69973
64936
65260
66100
69724
68165
64865
67832
66440
63934
64690
63334
69390
68618
64165
64480
63773
64225
67307
69797
69692
64033
68985
65554
64927
67221
66476
68808
65221
69126
66883
68043
68043
65964
65528
69485
67129
65452
69726
68980
66824
70057
64773
65308
69397
69641
66303
64146
68366
66088
67979
63893
65766
65403
63226
65186
64567
64599
67625
64160
69959
64801
68158
67745
67484
66736
64144
66015
67898
64210
63358
67703
68549
65363
68837
63845
68925
68937
68627
63342
64702
64628
66277
69967
64380
65749
68576
63525
69733
68169
65050
64772
63413
65950
66757
65273
68497
67478
65989
68642
66672
64019
69098
63200
66120
64142
67181
63667
63103
70016
65418
64993
65789
67800
63589
68010
64467
67071
68738
67766
66646
63916
64594
63361
63269
63111
64107
68492
67221
63853
64328
63351
69921
68069
66520
69416
66200
65747
65625
64179
64240
67150
69134
66905
67540
66333
68476
70049
63869
69534
63464
67479
66099
63594
66711
63813
64666
66898
65498
67045
63686
68898
66117
65018
65594
68413
69465
64493
66805
64954
65576
64023
66439
67896
67751
65095
63358
66904
67801
63298
67010
69815
65040
67309
68675
63883
65268
64581
66816
64192
63671
67488
66553
64025
66956
65863
69507
67926
66718
67511
65222
64223
64522
65736
67496
66818
64688
64792
68320
64716
65106
64005
64394
64612
63972
64943
63630
65445
67890
69683
64477
69493
64359
65021
68762
67641
64774
65666
66140
64976
64407
64003
64296
64076
67628
67009
67035
64933
67253
67446
63741
63721
63770
68348
68324
63605
65599
65720
67983
66027
64674
65850
63986
68518
64302
65019
64333
66173
64163
65442
68930
66837
63746
63069
66714
63371
67252
65401
67887
64472
64680
68474
69476
64431
66118
69184
66062
65312
66355
68974
63886
67708
68056
67260
66179
70097
69726
65597
69874
64990
64808
67166
69864
67605
64995
67875
66753
63118
63136
63166
69255
67147
67922
64948
69261
67407
66808
63588
63419
64158
69685
66522
68739
63882
63741
65162
65298
66351
69400
69074
65318
67459
70100
69219
69300
64165
68201
63550
69977
66105
65707
66582
63117
65278
68162
67068
67502
68386
65401
68290
64630
69073
63397
69101
69895
67978
63527
65303
68114
65937
68924
67994
67986
63194
63130
65342
65205
69363
69642
65538
64747
68324
66707
66814
68646
65505
64423
68919
64906
68223
67707
65048
69120
63943
66707
68134
64890
69598
66660
65560
64165
67514
68469
69862
65902
67218
65221
69685
63724
69708
69486
66352
69987
65710
63448
66222
69429
68511
69965
66399
68528
63970
68773
67539
69087
65680
66496
66506
67001
65945
66427
68636
68354
69494
68577
65527
63176
67174
65866
65148
63543
65504
63617
66508
65460
65836
69965
68521
66592
64729
64981
64051
69858
65136
63096
67698
63658
66824
66227
65405
64067
69193
66998
63896
68943
66412
63219
63287
67442
69720
65066
67577
69175
65599
64475
68582
66385
63988
63185
64437
67495
65370
66004
67101
66224
67725
67905
63114
66233
64794
63147
63900
63655
66087
67824
66565
67953
64099
63781
63163
63292
67585
68892
67195
63689
69493
64013
67074
65203
66771
67470
63817
68921
64604
63962
63814
68391
64635
66841
69201
65158
64537
66857
64460
69034
67373
63829
66953
64311
66026
68382
69353
63078
65676
68550
66034
65233
69505
64891
66970
66985
67035
67245
66321
66851
63950
63390
69260
68519
63179
64631
63456
63120
65128
69922
68407
65953
68458
63856
69329
67026
64173
64235
69052
64222
65265
64443
68264
66090
67585
66681
64120
68699
66485
68039
68945
65495
67293
65273
66895
65868
65737
63785
64871
68335
63371
65479
66232
68705
66733
63275
69966
65920
66468
63791
69367
67571
69129
64630
68109
69391
69406
63380
63861
69770
63476
64244
68544
64998
63678
67885
64683
69785
65417
70095
64174
67307
66965
67725
66498
64076
66340
65703
66067
63793
66807
67816
63149
65715
66106
67844
63856
65926
66776
63571
69483
67073
63504
65598
63425
64227
63387
63972
67527
69277
65946
63095
66967
67074
65325
65336
68328
63225
64775
67074
64408
66902
67785
63213
68429
63139
67335
67822
65809
66452
65664
63725
63157
66946
65076
67867
65891
68062
67764
66410
64708
68320
67515
69745
64311
63564
63078
66236
66969
64965
66554
65385
65227
66098
63580
64333
64622
65036
63837
65309
68890
66826
67087
64885
66496
63147
68082
67866
64105
65038
65160
68296
70008
65966
64814
65571
64591
68561
63908
66524
66884
67038
64481
67326
64408
69849
68009
69511
69130
68030
69934
66349
65585
64937
66829
65643
66213
69182
69656
66148
65348
66177
67729
66058
69851
68950
67364
67163
67053
65671
65074
63409
63081
64606
67095
69058
65344
66284
65666
66926
66444
69565
67381
63923
66375
69449
69017
67143
68244
64506
66759
67573
67851
66160
63235
67223
69131
63867
65450
65494
66320
63512
67190
64201
65108
67091
69769
70080
68307
69648
68393
64507
68002
67449
68409
67938
68619
64130
63820
68763
65424
64744
63136
66554
70108
68466
64370
63252
66257
68723
68923
67770
66152
64647
66001
67834
69307
63217
63687
63692
68696
68833
64782
67910
63351
63289
65649
69483
63514
69348
68379
68166
68412
65389
65066
63340
66762
64615
65760
68406
67528
68942
67280
64066
63442
67991
68956
65623
63284
65020
63420
63959
66476
65086
67210
69385
66589
67524
69184
69140
70100
68899
64116
68185
66214
69470
65221
69556
65670
65396
69267
65771
65272
67779
66365
65614
66753
64070
65186
66554
66019
69850
69533
66514
66711
68631
67526
66818
63189
64357
64020
65053
67448
69863
64939
64368
66521
67642
63258
64004
66844
64638
64258
64880
65832
64558
69026
64014
63161
64384
63748
69849
69638
65710
64274
63091
69224
67975
65095
68437
66998
67518
64819
66635
69088
66387
65456
66374
63339
66106
64332
65604
66674
68978
66276
69227
64736
68417
64351
63834
64489
64901
63632
69132
66856
64908
66405
66728
66482
67199
64865
65652
65367
68776
69778
65218
68222
66631
63448
69531
68820
65507
66262
66126
64554
66136
68926
65117
65471
64735
63347
69764
69311
67205
69997
63091
66058
69808
65298
69498
67279
67925
63613
68525
65920
63533
65146
69475
64745
66185
66091
64086
66116
67023
65138
63743
64499
63954
68788
69583
63921
68873
69253
65689
69331
64640
66747
68716
66899
64855
63661
68481
68124
68797
66773
64836
67751
69113
65759
67173
67346
68499
68967
64359
70096
65268
66752
66247
64917
69773
69465
65084
64302
64422
65081
63482
63106
63399
68187
68248
66075
66675
64748
63824
69120
65368
65863
68514
65822
69736
70051
63273
69191
70051
66542
68619
65075
65685
66058
66133
69697
68029
65054
65749
67632
69502
69182
65491
65862
63230
68205
67358
66363
63435
68315
69380
69164
63078
63609
69292
67521
66226
66822
69179
64478
67201
64898
66395
63961
64282
66370
66163
65526
69208
63903
64061
69020
69961
64965
63174
65693
63768
69765
66905
66737
66772
67277
65428
68355
63922
69325
63309
64271
65651
65792
69081
68272
64946
69892
68838
69316
65160
67671
67510
65178
69351
67111
67459
64656
65372
67648
69626
64910
65707
67697
67219
67357
69554
65848
65755
63286
67788
65473
64200
64744
68737
64493
64026
68001
65118
66830
68643
66627
68330
67735
66697
67033
64761
69690
67957
63340
66648
69529
65916
67115
68404
64369
69332
63950
70006
63703
68244
63657
65546
63486
63409
67759
63493
70040
68729
68430
64185
66026
67125
66629
68356
64534
68303
67126
68721
65477
64687
63689
65940
68982
67910
66230
67008
66506
64951
69091
65974
67817
64241
63608
66506
67188
68335
68721
63655
67706
67989
69860
65652
64341
69244
63744
69469
68597
63385
66017
64976
69431
63882
69334
65709
66750
63526
69045
69706
66413
63799
64010
65330
64248
64776
63218
64765
66983
65342
67323
69289
67362
67332
68032
68785
66893
64148
66324
66741
66149
69986
64924
68732
66903
63658
68344
69054
67328
68252
67940
68996
69004
68987
69958
68191
64140
66754
65521
69489
67523
66441
64084
65486
67561
66808
64965
66197
64870
63376
65258
64620
64900
66262
64741
63657
64566
69981
64082
66813
63163
63290
68719
65066
70032
63475
68284
63174
64197
64472
64313
64693
65958
63637
63286
68826
68362
66918
68351
65495
63899
64136
65320
65393
64883
69992
66646
69239
66702
66814
66519
68578
63334
68048
64419
69422
64071
64742
69582
64818
69101
64718
66740
67673
68825
64586
65826
64353
67805
66597
66387
64437
66287
69064
69211
65874
63961
68182
69202
65410
63891
65145
65857
67475
67488
69703
65580
63372
68196
67929
69485
64786
69338
67201
67372
66602
64712
68456
66835
66785
64289
67875
65058
65801
64890
63770
63516
69998
64707
64328
66317
67973
68637
63328
63874
64205
70031
68186
69653
68226
64389
63721
69750
65323
63526
69184
64269
64321
66702
69289
69867
67519
64483
65846
69023
68746
67354
68142
68369
69185
64054
65011
67627
67853
68286
68111
66033
64993
66749
67258
64754
66911
69767
67755
67199
64543
65171
64387
64648
68254
69034
63752
69497
69623
64482
67404
64269
69099
66045
65514
64498
66558
68342
69412
67797
67746
68026
65985
66468
67218
66587
69133
67956
66361
67496
66938
68727
66679
65527
65172
68630
67636
68853
66633
66294
65924
68420
68519
68286
67064
64199
69200
68020
67060
64758
67097
64597
65457
63481
67380
66111
69116
67095
65271
63081
63844
67595
66169
64622
65424
69206
64101
65504
66901
67846
70093
66304
64367
64625
64939
66805
65162
68168
65576
66846
64426
64616
66428
67934
67494
65952
69533
66635
67938
66324
65081
70000
65965
65741
64415
66178
68075
65733
68098
67682
66554
69227
63857
65327
67061
65276
65543
65092
65692
64403
69896
63597
65534
63491
70094
67285
66092
64566
65127
64744
65828
65125
69960
66282
63699
69246
65067
67030
68793
66837
65952
67301
68868
65879
63809
66871
69211
65068
65471
64482
68185
65247
65077
63319
65001
66216
64178
65203
63655
68144
65269
66717
69718
64317
65107
65595
66613
64878
69963
69222
66032
67948
69906
66373
64738
68209
68085
67772
63465
64031
69500
65193
67107
67614
64060
65913
66370
66800
63808
63676
69891
67691
65120
66049
66346
64213
65932
64844
68655
69460
66896
63195
65852
64694
66042
67434
69318
68291
63775
66719
69071
68859
70017
65366
66014
63772
68145
69445
64857
69284
66437
69519
63818
64113
69488
67705
68399
63410
64159
69247
63747
65657
63231
64590
69837
67998
69429
69077
63199
65258
65455
63854
63866
69240
67001
65877
66235
68961
67080
66375
63590
64848
69355
65097
69797
63617
68142
64759
69150
63451
66225
67441
67593
65574
66740
65716
67693
65055
67907
68797
69688
65231
64349
66994
63574
67542
68965
69679
64737
63914
69682
63285
67837
63393
67399
63202
63482
67090
63239
64757
65275
66433
64907
67717
67258
69291
63818
67414
64009
69601
69815
64986
69391
67753
67116
63673
65833
63263
65687
67564
68165
63647
66647
66550
64084
69190
64412
67201
63218
66010
69672
65211
67472
63904
66947
63086
68558
68657
64214
68042
66662
65329
67013
65698
64717
64192
64493
66599
63212
69311
65086
65982
66592
67462
63933
63172
67850
67227
70036
65761
63819
65865
69851
63518
64084
66523
66125
68129
69078
63663
68904
69692
63598
66383
64261
66839
66729
65564
66363
66459
67146
63662
65645
64805
63971
67466
67536
63341
65961
69229
64405
66982
65591
66563
63997
64841
64158
69907
65277
63445
66640
68339
65646
68231
63098
65576
64808
66733
63338
63295
69849
70022
69574
63414
65188
65833
64277
69653
70057
69269
67290
66303
65103
64309
64758
65127
65278
63390
64619
67708
65749
65603
66343
68049
63332
70094
65732
67132
64130
64930
67424
66828
65765
64872
67414
65239
68903
66481
69258
67551
63327
69426
67567
67473
66411
65778
66493
69419
67178
64607
63650
64271
65514
67156
63736
64735
67751
64763
65754
64996
69483
68590
65332
67636
69395
65087
68863
66790
65125
64588
69054
66281
68072
66453
65183
69872
69326
66483
66342
69719
65962
65263
68741
66032
65875
64704
67730
67979
65900
68307
68099
63370
69849
66929
65134
64185
67093
63493
64304
64386
63222
66229
67890
66166
69178
64564
64273
64907
65212
66713
67415
67041
63881
64443
63875
63447
68764
68119
68953
64807
63433
65458
65864
68004
69369
65096
64296
66429
64336
64841
66245
63137
64781
67753
64326
69820
68348
67441
69451
69353
63206
65039
68733
66869
67537
69034
69559
65557
64877
63411
67397
66568
68627
67320
63068
65911
66147
68468
66234
66402
65340
67409
64730
65472
69686
69167
68210
63186
69999
66414
69297
65340
67238
66780
66089
65831
64729
67176
64093
65353
67890
66492
64771
68123
69132
65833
68901
63130
69125
64998
65992
69106
63941
64492
69037
63480
67356
63375
66240
68187
63119
66550
67864
67448
65145
64499
66058
64693
64335
65088
69536
67162
68936
67101
65619
66831
69840
66662
66554
65033
66935
66349
66858
65041
66591
66110
63779
70069
67463
63218
68102
68658
69152
68063
67188
66444
68710
70036
65405
69493
63600
68273
63816
66046
67161
63808
66837
67022
67602
67779
66533
63650
66747
67460
64812
63265
67228
68185
68225
64935
68627
66493
64841
63430
68260
67584
68039
68042
64039
65504
65398
66282
65573
67473
65204
69344
67859
67332
66356
66975
68787
66095
69574
64511
63377
64600
66743
64575
69570
64640
66415
69811
67413
66911
68840
66259
66707
66166
69319
65267
65326
65914
64648
64724
66805
64524
63793
67719
68143
64526
65416
64735
66449
66396
64340
68618
66859
63398
65287
65601
67594
66247
69895
68054
63660
66518
64968
66983
63372
68186
64020
65529
67351
66310
63645
68641
66622
68556
69623
66808
67052
65217
64351
65125
66037
66986
67624
68759
63539
67686
69705
64360
63204
65739
67869
68841
64700
64773
66477
67436
69680
64789
66471
66142
68585
64709
63394
64348
63383
69921
68997
68913
69185
64882
63662
67431
69217
63571
66282
66117
68066
70048
69910
70045
69242
64911
67058
67408
65779
63942
69500
68435
64985
68809
68623
63756
67922
63350
66222
66380
68393
70093
65049
67747
65491
69488
63320
68104
65261
63743
68377
66679
63810
68063
66289
64248
69616
69347
67336
67232
64368
69011
65705
67086
67470
64882
67132
66693
63114
65324
68427
67278
64570
69886
63082
67321
67495
69923
69923
67952
66268
67446
69002
66088
65887
67836
63178
63958
68222
67614
67080
63245
64495
66406
68039
66685
68920
65794
66003
68539
63855
66194
63587
68293
69557
63170
68436
69008
67160
66798
64792
63221
65229
64054
66441
68276
69861
64667
67128
67466
68610
67312
66312
64818
67772
69257
65158
65750
69923
64572
66615
68616
67945
65225
64558
65720
63287
66923
63417
65478
67686
66501
65533
65056
63332
64429
66602
66454
64339
69738
64701
68992
67199
66011
65853
67472
63543
70040
68787
66834
68487
64586
66347
65610
64873
64582
63139
67787
66326
66891
63817
66874
69368
63649
67598
63436
66002
65000
67024
67675
69720
66959
67379
69777
64178
63173
63840
69791
64847
66198
67975
64487
63834
69684
69708
68664
66612
69890
67402
65278
65888
65660
65126
70048
67213
67706
65343
69814
65281
64297
65879
68809
67297
64408
63877
68297
66682
64107
63372
69980
64336
65872
63396
67594
64588
64184
69819
69846
68904
69801
64960
64759
64978
67517
63066
64633
65977
65745
63423
67565
70064
66112
65382
66926
65925
65329
67748
67430
67570
68332
64302
68707
65083
63097
64322
64938
64813
66064
63485
68407
66901
63475
63288
66528
69368
64319
65730
69111
64308
66516
64295
69571
68265
68988
67968
63574
70014
65307
68591
65056
69800
67651
65549
68254
66774
63963
67559
64381
68714
63961
63670
65426
65462
66657
69748
67733
63138
69781
67702
69776
63364
69104
67497
69923
64050
65622
68126
67477
63893
63229
65397
65814
64778
68357
68184
65685
69910
68483
67773
65011
65248
63867
67186
65182
64283
64567
69819
64664
67787
65561
64503
65774
66886
68361
68710
67315
69901
65239
63822
67052
65564
64354
66342
66204
69288
65676
66099
66517
70087
63846
68419
66832
69049
64433
67463
69102
66514
63722
64573
66172
65847
65548
68564
63629
67403
70086
67952
64557
66507
67351
68345
64028
66775
65205
70065
68744
64226
66235
64442
68809
69831
67086
66026
69347
65078
65233
67977
69398
63540
66451
67048
67559
66963
64968
64249
65366
67246
69707
65963
65244
69186
68363
69847
68623
65481
68086
63780
68861
67353
67678
67959
65856
65381
65220
66001
67686
65053
69643
66714
67841
68291
66114
63456
67649
69179
67073
64975
64669
68596
68496
67413
66678
68466
69170
69490
67614
66195
67650
69481
68821
69291
66864
65715
67268
67666
65033
65405
68729
69576
69874
65746
69781
63289
63653
67264
68428
66559
69506
66462
63968
67762
66797
67296
66085
67149
64473
66152
66844
68245
65929
63983
64120
66236
66776
67185
65040
65991
65230
67615
67457
68771
63631
64725
68281
64662
64851
68028
69072
68646
69928
64116
68810
69989
64688
64832
68365
66022
63181
69675
67264
67102
66420
70068
65728
66181
67923
65146
69251
67349
66384
65552
63443
64531
67830
66157
66438
64770
69543
66781
65325
66148
63872
63988
63381
64203
69594
65051
63556
67911
66433
66131
69041
63541
65255
64414
66683
64550
69565
69911
64661
65670
64779
67167
69228
68966
66968
68520
64561
70092
63628
66942
68646
63389
68150
63291
67855
63796
66890
67001
65401
66575
69042
69098
65132
66777
63858
64360
68402
64072
69924
63906
67974
67383
67658
69619
69108
66322
69442
66009
63540
64712
65585
65525
67197
63145
69728
68712
69716
69497
63459
68365
69753
63317
63706
68762
68929
67269
64072
63259
64818
64859
70063
65062
67850
69911
63316
63532
63430
64044
67970
67698
65309
65801
63930
67330
67217
68186
64866
69903
63300
65606
63727
67193
66815
67909
65053
68377
64368
67291
65742
64475
64348
63455
68276
68440
66602
63065
66405
65129
63257
64503
64843
65503
68819
66477
67224
63433
66364
65904
67167
68281
69567
64288
67005
67904
66697
66919
65170
64776
64778
67676
63462
63609
65182
69966
65126
65540
68447
64167
68417
63852
67015
67223
66080
69011
66317
66050
63759
66691
66595
65084
65281
65110
63389
63861
64080
69423
64604
67292
64005
63522
66835
67083
63777
65979
63902
64915
64695
69172
66673
63270
63513
70089
67202
64574
64089
67490
63558
67910
67827
66731
64896
66371
66036
69250
69662
66887
65882
64089
63157
63583
64059
65565
69355
69896
69172
68163
68564
66537
65485
70026
66846
63645
64483
69531
63085
64021
67915
67449
64438
69231
67895
69252
63402
63618
63865
67371
64051
67827
66476
67476
70025
64796
67535
63341
63123
65760
69866
66247
68662
66226
66917
63922
67688
63138
64999
69385
69532
69274
63892
68585
66245
65114
68396
68966
68318
63630
65689
65428
67105
63276
67537
69795
66475
69649
69469
64602
69593
64255
64393
67085
63700
63170
67282
64518
65606
69629
68551
63511
63784
64742
67331
67248
67340
66607
68523
66522
64806
63841
63757
65991
66374
65422
66784
63192
63928
66016
63076
67659
64566
69396
63094
68926
65726
66988
68594
65211
65146
67221
69233
63084
64948
67213
65077
69447
64282
66371
67255
68367
66809
63961
67664
65115
66563
68829
69243
66010
64525
66236
63869
69500
66322
66043
65726
63293
63076
65093
66690
63994
67267
70090
64962
65374
68598
64569
63886
69237
69472
67881
67986
67981
69034
65097
66654
66207
64715
64223
68630
64283
66548
67780
68885
66496
63410
63716
63692
68161
69639
68222
67132
66438
63824
69200
68114
63364
65890
66522
66066
64627
68079
69604
64190
67406
69005
67198
65790
64892
64468
69204
64321
69517
66304
63415
63493
69784
65932
64885
68731
66295
64539
66278
69420
69891
67268
66199
69532
69276
66720
66840
67315
66490
69777
66091
64237
63399
68198
63726
68888
69920
65601
67181
68957
68757
67867
64659
64950
64547
63514
66239
64977
66354
66645
66303
68570
65213
66409
63937
69796
67242
64203
63134
63195
69547
67567
63251
65522
63792
69154
63887
68137
65640
65258
68289
63124
69075
65192
68599
69836
69041
67488
64125
63847
63108
64678
67498
67976
67608
64458
66123
68702
64816
66527
65276
67439
66520
66537
65608
67263
66377
65297
67932
66241
64775
64689
65105
63157
66704
63191
63484
69410
66266
66729
64094
66188
63925
65493
69769
69395
67474
68480
69297
66343
64719
64772
67127
63186
66803
65884
66728
63761
65227
66659
65873
64362
68640
63379
67708
64428
67495
65364
69687
67170
67156
63656
66986
65070
65684
64130
69314
65067
69049
64431
67857
65816
66714
63204
63155
65363
64774
69903
66543
63638
67387
67531
67424
69421
64599
67403
67656
69217
65629
64638
69655
69561
63542
65459
69824
65154
63295
68760
66512
67057
63850
64062
68693
65460
68032
64675
68401
65901
64249
64939
69133
68054
63808
68394
65781
66443
65333
66884
65690
69978
69425
64442
63653
66534
65306
70008
63384
65953
68194
69148
68842
64777
63903
63927
68687
64913
68142
64618
67934
67566
65835
67004
67354
67329
66366
63938
65125
68149
63892
66340
69695
64155
65378
66244
69408
64710
69662
67017
65794
65513
68698
63855
63367
66641
63946
65185
65432
63596
70080
66936
68558
67614
65183
64636
67734
65594
65140
66173
67660
68521
65526
67556
69593
64975
70097
66438
63500
69538
65116
66214
67269
65460
66248
69729
67778
66933
68071
69857
67000
69933
68073
63768
66385
65932
68527
63968
63080
64928
63461
69822
63640
66374
66977
64271
69536
68932
66895
64648
69045
66250
69799
67863
64339
64220
65359
66079
68140
68784
65458
69031
65420
69412
65793
69762
66385
63315
66964
68488
63236
68123
69402
66336
68929
69740
65381
67869
65999
63684
68104
64787
66097
67673
67524
67504
66746
68753
66522
69144
69759
64344
68083
65314
65886
69146
69686
67570
69754
66833
66620
69150
67928
70043
65183
64473
67238
67514
68579
66489
68387
65331
67158
64553
69236
68485
68274
68207
69752
63563
66955
66484
69725
67638
66431
67197
64848
65831
67221
67519
67230
65669
65235
65686
66992
65714
68681
65854
67416
68777
63086
64972
63999
64645
65407
65876
66299
64590
66122
64441
65621
65347
65943
65260
63533
63905
68006
65854
63492
67995
70072
70018
67646
69123
66195
65039
64792
66330
65595
69711
69316
64480
64451
66491
67872
67591
69796
65505
68214
66060
65712
65319
63400
63748
64090
66174
68965
69099
65910
69489
69246
68252
66000
66634
68658
65355
65818
64812
69694
63420
69885
64801
63631
67890
64084
69175
65270
70024
69020
66334
65569
67923
65206
64729
67877
65246
65612
67565
69540
64851
65681
68888
65461
66892
67250
67121
65585
69953
63299
63306
66607
69368
64631
64730
65426
69617
69430
68113
64246
66724
66017
67799
69230
66965
69040
66689
69676
67658
67478
65357
65518
69684
69206
65628
64564
65565
63754
64368
67144
63183
69415
69203
69354
64384
63353
63785
64562
67990
66494
67608
63762
66452
64168
63771
69856
63818
67108
67226
63394
67416
67985
65305
68670
67454
69071
69805
67360
65361
68402
67647
67798
66920
66015
64712
69897
64432
64977
63653
68907
66693
64368
67319
66580
68189
65795
69425
66956
65750
68211
63988
66037
67929
67300
68970
65257
63748
63846
68659
68999
64146
66902
63377
63299
66397
63677
65245
63611
67247
65322
66989
67499
63277
65342
64754
66546
64919
64903
69955
63192
67645
63361
67854
64812
67072
65367
69815
64684
63575
64835
67150
66370
64378
69547
65426
63547
65498
68476
69842
64575
66244
64074
65518
63197
64697
65273
65474
64575
63423
68166
66897
66635
64073
69200
67610
66853
66417
65592
70069
66381
67572
69897
65650
69911
65787
65178
69488
67305
63215
66688
63668
63476
65767
64608
69674
64582
66460
67655
64948
68187
68555
64185
64478
64194
64834
63545
69066
67691
66207
67307
68646
67119
66199
68549
63714
66568
69045
65916
68213
65723
66460
69549
69122
65367
68629
69881
64575
65886
66795
66798
66614
65075
69143
65258
63739
69444
63462
69964
69495
65398
66108
67620
63494
66749
66334
66568
65771
63805
63172
66058
64048
64756
66690
69297
69186
66893
66189
66878
65311
65434
63895
65115
66149
69145
66223
69546
64624
64000
70071
63382
68337
63064
68961
68904
64377
68482
64955
64234
68497
68565
68505
66210
65645
65406
68573
64975
69372
69458
63228
64240
67524
65494
67228
68446
65587
67709
68617
63160
69721
66789
66069
67240
66118
65869
69480
66639
65681
69237
64960
63818
66410
68851
65548
66180
65388
67693
68308
64546
65475
64488
66170
66233
66680
69152
68973
64827
69835
64214
63170
66926
66431
65033
65378
65717
67304
66571
64134
63397
67140
69083
66035
66228
64547
65672
67910
67692
63103
68840
63935
65974
64923
65665
66506
63617
70012
64634
67530
67554
63331
67562
67817
64167
65898
67871
66468
66997
68433
63464
69228
67195
66787
69644
68510
63932
69083
65825
66473
63140
63468
64930
63407
66621
64705
64058
67829
69466
66351
68422
68568
63481
66175
68231
65793
69072
67286
67237
69041
69709
68825
63581
69422
69639
64193
68860
63846
65713
65971
67004
67010
65628
63745
68477
65999
69540
65588
69670
66381
68111
65030
68748
69304
68159
66630
64842
66580
68425
68292
67767
69991
66041
66134
66722
66625
68475
65717
63406
64695
63752
67379
64185
70007
65757
65287
66823
66650
65851
64471
67698
68107
64028
65043
65037
66219
69242
65047
66009
63088
68230
63690
65620
69642
69235
70084
67441
66714
65205
64315
65605
68404
63279
65447
65131
65939
69726
66402
64517
63808
69479
67352
69330
65372
68679
63767
69914
70085
70023
67190
68827
65907
63546
65671
63598
69258
66707
63734
64007
65037
65844
65639
70020
67275
64083
67350
68785
66250
67073
63994
64662
63945
69341
70004
65960
64090
68741
69265
67508
67940
66294
65952
67907
70083
69724
64239
64724
67382
66669
66225
63114
65572
63530
67438
70085
67198
64541
69487
69386
69128
67777
66641
64289
69893
65006
64073
66888
64074
66885
64860
67691
65394
69335
66768
67535
65246
66633
68231
66093
67177
63136
67325
66586
67318
66751
63381
63262
69250
65429
64067
69411
68250
66779
66867
68233
64843
65009
63564
66275
65395
65924
68694
66058
66552
69208
63605
64249
64550
69914
67658
65996
69955
63347
66362
66651
69628
69019
69060
65256
68320
64541
63074
65503
66047
69267
65633
64580
66735
64666
68751
67968
70110
68045
66905
63183
65536
69246
67258
69069
63659
69554
64901
63845
65406
68909
64073
68955
65717
67603
66106
68999
68712
68381
66174
68908
68773
67293
65044
67390
69640
65118
69170
64011
64532
69160
65207
64255
64423
66164
69176
67978
63541
69222
69118
68287
64295
63645
66800
64419
68888
66974
64622
69066
69395
63558
69154
66044
64430
65438
66207
67569
67225
64029
69463
68300
65073
66842
66111
67944
66961
69934
66054
66499
63720
65143
68800
64954
67303
69822
67165
67928
65874
68609
69686
66549
65736
63244
69632
67720
65962
63939
63548
68207
69425
66161
67386
64850
64947
67501
63632
64205
65429
69051
67768
65573
64254
68086
68180
64169
65557
66983
66696
65100
67917
64128
66488
65917
64016
68314
69279
63343
65117
64065
65626
66248
66333
67517
66341
67151
64229
65927
66523
63741
64233
63356
67318
65800
68341
65511
66322
69947
64029
63135
69284
64875
64168
64051
66175
67487
67208
64508
65423
67202
64553
65015
65872
65192
64955
68567
67621
68468
65001
63112
68117
67771
69966
68213
67645
64351
68049
64280
67707
66702
67046
65405
68672
68731
66696
65030
67201
64776
69079
69778
69007
69346
65655
68699
68655
68003
66063
65626
67514
69148
66200
66152
65802
64358
65433
68131
65890
64058
63301
64343
64322
63669
68180
68327
66554
69752
63239
65774
69110
67716
65641
68095
66517
68801
66357
65955
65213
65311
68244
63890
66365
68317
68226
66771
68535
67517
64318
68743
70072
67119
64012
63195
64474
66945
63131
63622
67162
63160
64404
65517
70020
64944
65566
68980
64876
65066
65552
67313
65547
69172
67363
67464
68296
66145
65958
64728
66583
67247
64173
63258
63186
64146
66558
65365
66226
65077
63177
64940
64189
66503
64802
67381
69120
69949
69323
65024
69529
67419
68798
66022
63069
66303
67540
67382
63573
69380
63971
64904
67045
64367
64448
66976
66446
64618
68386
68392
65790
64026
70047
67430
64725
69169
68699
67235
65182
65879
66222
68425
66464
66824
64056
63323
66609
67101
65449
63861
64679
69091
64825
68693
64561
68402
67597
64035
68796
70011
69660
68807
64000
65193
66990
66315
65170
64727
63398
65772
66684
63468
64954
63201
63335
64339
69210
69630
69189
69356
68315
69254
64812
69448
64471
69920
64893
66477
67616
69917
67872
68591
69440
66106
64113
65750
70041
63200
67078
66978
69056
65405
67805
64924
67138
68933
65398
65245
63655
68802
66240
67483
69078
65779
63246
68269
64925
64933
63726
65888
63319
64475
63630
66934
66781
68292
69412
69858
65164
66705
67030
66827
66446
66635
69801
68258
65206
69211
64417
65909
65524
69956
69456
69269
65814
66282
67175
68383
66666
65185
69360
64293
69828
67041
67396
68866
66790
65797
65643
68991
67131
63688
66475
66474
69056
69765
64969
66601
68421
64903
67256
66547
69680
64525
65748
64200
66295
64838
68529
69545
67820
64946
67071
68639
64745
64094
65173
65211
70092
69633
68786
69588
64081
63949
68664
64946
66152
69559
65588
68005
68196
64783
65289
65115
64686
65929
67736
66279
63891
65616
69758
64826
68576
69062
66986
63634
68984
66895
69284
64021
69301
65573
64613
67590
67295
67405
64751
64654
66140
67371
67353
68799
66791
66474
63809
66126
64238
63494
63115
66224
66048
63159
64353
64323
63747
65710
68792
64953
68808
64846
63080
68062
65550
66448
65154
63429
63593
63866
66246
63389
65495
68971
65369
69608
65090
63116
70000
67549
66570
63379
69701
64905
69054
66466
69177
67920
65093
66350
63391
67564
69157
67607
63085
65453
69306
67385
67427
67300
63977
66405
69438
63898
65280
63807
66677
67974
68801
67249
63191
65460
68411
65757
63146
64348
63886
64200
69745
63460
63315
63549
68876
67517
69034
69575
63094
67832
66798
67523
64584
70091
69557
67422
63150
66623
67137
69412
66846
70039
65725
69364
67175
67184
68975
66005
67401
68059
65663
63509
67462
66261
63509
65297
65440
67836
67590
70015
63497
66857
68975
65326
68248
69719
66541
69774
66480
65318
68259
64028
69916
67566
63804
68935
64879
68709
64599
68428
66148
66738
66178
68882
67811
67258
67507
65972
63977
64484
65751
67294
63893
67053
64680
68340
68509
66149
63419
63911
64949
66619
67327
66554
69777
64138
64883
64629
65376
63475
65355
66980
67263
68319
66086
65691
69175
67684
65652
68721
65038
64186
63140
65356
64561
69992
67897
63353
67449
64985
66136
68658
64249
66565
65031
67468
66983
66389
63278
64320
69179
63298
64319
65666
69612
63395
67708
64796
67842
63827
65828
64389
64026
68335
63456
67302
66786
66603
64050
66383
65819
68990
65013
66773
65568
64239
64162
68748
67615
69515
69488
63814
65574
66262
66577
69716
63460
66001
64097
64388
63675
67289
65592
63400
66309
68338
68931
68156
63925
66313
63955
64617
64774
67232
64839
69247
68340
67614
66729
66690
66514
66625
65679
67300
63291
66375
66350
66170
69391
66440
66105
70102
69103
64022
64038
63897
68048
69989
64528
67383
64700
69710
69690
66273
65087
65103
67347
67857
63065
68249
68613
66011
65562
67367
69773
63090
69088
65496
68492
63103
69481
68028
65063
65476
66948
64947
65895
67522
66680
64556
67469
63325
68157
68617
63840
67373
67316
67698
65817
69220
68421
65518
66803
70061
64336
67255
68566
69507
66895
65133
63749
65369
65442
67861
66035
65856
63163
69268
64512
64280
63694
67695
63949
65452
64870
67462
65856
68440
69963
63332
63293
65824
67082
64345
68763
67515
68630
68366
64086
69191
67384
69313
63806
70053
63995
64319
64302
67532
63547
70081
69254
67057
65234
66075
66495
69308
63694
68140
65734
63535
67248
69080
64509
69055
65115
69645
63369
69857
69597
64039
66958
67460
68804
63923
64664
63118
68480
67571
67341
68130
66459
67261
68204
64254
66519
67811
69756
65817
66114
65919
66329
67992
69680
63535
65847
65389
66582
67367
69790
63512
65058
70104
64653
65659
64687
69158
64907
67363
66671
67307
68562
65627
64175
67726
69993
66107
69780
67656
67467
67111
69871
63963
64606
68097
66532
68514
63730
63816
64433
67627
68288
69425
69292
67110
69979
67638
65810
64012
64647
63742
63669
65147
65106
63404
63389
69500
67899
66184
69347
67670
69188
68785
66842
67814
65140
67039
66369
67335
66809
67442
69652
66932
69863
63839
68177
65807
69714
63491
67256
66013
69536
67562
68528
68397
67889
69968
69781
68347
65585
67163
63795
64982
69053
64030
66704
65691
65154
66568
64492
68342
69744
63370
68552
65846
68284
63623
63255
63370
67982
65751
69236
65329
66527
63089
63373
65226
70054
64532
69401
67181
66018
70060
64865
65916
69807
63766
64137
64380
67454
67233
68089
63839
68034
64095
67773
68763
67188
69989
69111
63876
64950
65117
63361
66109
66815
64859
67573
66014
63962
67250
68696
70062
63663
68941
66804
68491
68174
67128
67563
65045
68069
64494
66154
69910
65749
68494
69987
67579
67792
65374
68332
63795
63703
65142
67422
65374
66112
70038
65830
64679
66611
64158
64444
64439
67453
63527
63487
69227
69278
64426
65518
66091
65402
69815
66900
69532
64023
69390
66884
66871
68645
67123
65079
66377
67481
66119
67253
64257
68153
64248
67430
64489
67348
65448
64109
68105
69118
64227
64432
65703
65494
63877
63447
64700
66931
63088
69717
63351
69361
67685
65605
66373
67524
68978
63426
67852
65179
67754
67932
66388
63910
68582
70013
63598
63795
69399
65180
64741
69919
68057
68068
68089
64754
67032
64683
64859
69373
69065
68289
65175
65608
68273
68725
68806
65860
64313
66893
64001
65852
69069
63981
67749
65533
63977
66004
67124
69431
63196
68723
63605
63222
69898
63642
68989
65831
68175
66635
65063
68832
64381
69405
67375
69087
64198
64264
66276
66379
66019
67084
65085
66498
65272
65756
63085
68214
63995
67131
64170
68073
65170
65327
68203
67382
67678
68117
68704
68658
63421
65320
66162
66253
64940
66433
65307
64676
69304
65778
65470
64709
65605
67979
63752
69750
68746
64995
67627
63400
68277
67227
68443
68863
66869
68648
64287
68209
68956
63090
66534
65689
68537
65410
67124
68536
64153
65959
67264
64400
64808
64864
65015
69051
69091
65362
67858
64629
69431
63348
70077
64775
65204
67543
64360
63109
64212
67368
68657
64999
65482
67996
66595
66867
69176
69638
69666
68522
67635
63234
66122
64574
64306
66594
63533
66648
65231
66763
66846
64180
