53507
56019
58107
50873
57354
52069
58446
57981
58590
52373
50737
58893
54251
50375
54995
54994
50896
55529
52022
53185
57780
56988
56286
51156
51023
55498
52435
50547
51643
60073
50782
54306
52007
58992
50611
59466
52332
60005
59545
56631
56498
53086
51459
55629
51220
50295
56813
57869
53082
54319
54909
58092
54957
57619
50335
53986
52868
53043
58136
50364
57978
53112
53446
53365
55862
59605
60104
53654
57740
59689
51878
58463
53618
59225
56176
50886
51238
53973
60104
51565
50612
55833
59637
52327
59583
57829
60055
51927
55198
59726
51242
55307
59568
56663
51023
57648
50647
57674
51061
53086
55074
55847
50999
50735
51651
55570
56907
50740
54851
55793
57053
53073
55468
55568
56506
51222
57323
58034
54843
56594
55688
53672
51936
50752
58794
53188
58589
55256
59532
58424
55402
57654
54062
51609
53884
56548
52449
57482
56352
56737
52224
56133
52859
58470
53439
52678
56442
54452
56224
58799
55154
51664
52168
59379
54207
57334
53500
51038
59773
59012
59019
57866
53116
56869
54048
57846
50628
57021
51564
52959
53844
57687
58829
58446
58143
51688
50361
52905
51212
60087
52776
53810
51745
52561
57237
55269
53957
56038
56890
55789
51218
50878
57358
51572
57691
57356
52764
51062
59567
50968
58748
56483
56470
57766
58682
56385
56748
54255
53970
54524
52029
50537
60002
52701
56587
51441
55550
52089
52490
53159
50712
52093
50785
52155
51823
50470
56426
51259
57454
58222
59390
51982
51709
55173
55079
52520
59359
59545
59582
59758
51082
52448
59147
50498
52446
59403
51952
50563
51812
60147
60041
57486
60170
51671
59505
51538
55640
50428
57249
54857
50929
54948
55849
55662
53947
53857
51198
58703
55700
54850
51954
59590
54409
52271
52478
52039
51031
52824
53025
58764
55552
57719
56558
53951
52092
59366
56911
57165
57011
55647
55949
52979
51259
58554
51914
55414
58094
55748
57036
54596
53233
51016
53259
59919
58666
57975
52457
58492
51075
55913
54666
59863
58300
58334
59590
53974
55482
52074
58370
53337
57165
51166
54893
54589
52079
50807
51879
59416
58682
51920
55688
53738
54698
51060
56118
58868
57547
54378
50408
58709
51557
57820
56550
53634
51741
55182
57572
56242
57940
54831
50727
50826
52207
57276
57182
51247
56536
58087
59004
50832
53318
51731
56726
54014
56551
51121
51546
55290
56591
55706
58284
52805
52768
57795
53825
56371
58127
55065
58393
57836
50729
57701
51988
50612
51263
52292
56699
58648
53296
51334
56224
53348
57308
55324
54659
54624
53635
52158
56448
52865
51541
58771
58924
52161
54566
51133
51732
53506
54222
54394
58976
54228
59195
50896
59236
50302
52490
52699
55084
56937
59253
51377
55288
53934
56262
52455
50575
53159
56156
50610
53355
51328
58763
51171
51697
59525
55193
53174
52730
55197
50283
56165
58726
58001
55581
58721
52149
52332
51844
55826
50610
58593
51076
51095
52291
59010
50566
59360
53316
55553
53984
54754
53612
59916
52055
59860
50750
53216
52458
55410
53576
52430
59639
60010
51930
54388
53234
50611
52091
55196
58305
55638
52228
56341
57662
57563
57521
58182
56550
52043
58413
52080
55277
51947
54086
51153
55683
51660
53992
51487
59529
59430
58193
52145
51885
58098
56428
52757
52196
52914
53079
54012
54085
51506
59675
52421
59477
56935
55667
54652
52656
55809
56275
51304
50781
57790
57637
53879
51345
52645
58886
52262
55195
59944
57777
57912
55276
53280
51001
53844
53817
55258
52196
52829
51964
56410
50599
56237
53526
58331
54380
53528
53166
59829
53844
53158
53630
59934
52650
60221
51311
59778
58956
50681
50574
54738
50693
59405
56076
56740
50852
50928
56090
57367
53694
53498
54925
57146
54866
55688
52173
55221
52685
57724
51445
59859
58792
53042
52522
52027
56320
56012
51027
58460
53131
60171
55175
54615
59445
56977
50649
57578
59046
50301
58320
57938
59046
59776
50882
55866
51590
52863
59146
52923
52673
59182
55629
57063
56702
56444
54442
58885
51472
51807
51942
51797
58043
52760
55250
53555
56940
55807
60078
54402
53634
57825
56449
52890
51148
53327
50718
55459
59231
59366
51993
59824
51908
50575
57035
56266
52610
58471
53066
50456
56765
57144
50380
58255
55362
51534
55335
51535
60122
60056
58785
58253
54941
56678
57682
51163
52831
53411
53168
54272
54264
60020
56390
55792
51023
59246
55901
56002
56385
51448
57431
50677
52388
55364
55689
57241
56163
53971
55429
59801
50388
50616
52932
56909
51254
52429
58839
50721
54303
51347
57122
58413
53689
59114
56609
58283
53718
50656
54368
57293
58730
58859
57987
59634
52616
51614
55121
50543
59375
53020
58022
57555
51993
51250
50585
58784
51489
50786
52204
56700
52941
53232
53418
52478
54167
51128
53457
59157
59164
55957
50628
50770
56930
54015
58799
50645
54897
52940
58900
56481
57640
59917
58141
55164
50721
59532
52934
50777
52423
59948
52445
57413
50364
53018
57618
51643
51341
52929
56080
53347
56729
53189
50620
57645
56024
56010
52371
52761
58000
54247
53406
53144
54278
53269
53302
54944
59421
57964
58973
50368
50388
52564
52722
57114
52436
56508
52664
50749
53284
58706
59137
58751
55822
56239
54590
54798
57685
50733
52414
52467
50888
51167
52663
55046
50416
59817
55204
50587
58317
50850
54972
54702
56495
59361
52783
57285
58143
50339
52069
57067
53003
52267
56851
52451
60146
52804
53557
52614
55544
54063
53486
56289
56614
52359
50950
50521
59610
52028
56393
53478
51772
57271
50748
50533
55668
52697
56612
55453
57838
59919
52525
55785
60035
50328
58808
52642
57753
59404
51565
51088
55661
57446
54378
55681
52733
56088
50297
53204
51685
56352
50723
53504
57166
54319
50421
51099
59308
55982
51960
58067
58995
58719
52624
57395
51879
52200
53082
59521
53812
50570
50457
53875
56057
50723
53446
53366
52638
56674
52883
50547
58632
50811
54436
52397
50484
56682
55911
53399
50878
51228
57737
53001
52257
50784
54035
59077
56508
55588
54234
56458
53635
52479
56331
60094
57232
50793
54457
51040
52320
53265
55763
53559
53488
58637
52314
59061
53493
58131
55242
59841
53190
51609
52621
56949
50661
56110
53300
57571
58732
58335
58241
50971
59753
55167
59033
59646
58668
54229
53721
50547
59612
58608
52047
51734
56836
50540
52702
51528
53590
60191
51210
53674
57021
58739
53474
59830
52162
55628
58811
50354
58146
50830
50693
52471
53198
54673
55589
54868
52384
50719
55880
53879
52073
58687
59561
52278
53125
55306
51208
54794
51186
55166
56711
53396
53879
55654
56822
54636
54289
57920
59218
60205
50972
51697
52439
50622
57863
57714
53693
51757
52197
52339
52272
54977
51871
56012
56494
52006
57378
54476
54129
60060
53861
51312
56697
58349
51799
52452
54659
54403
50613
57671
57940
53876
56986
59804
56971
55132
52143
53014
51246
55868
54513
52584
58363
52028
50903
52069
55703
53142
55507
59573
55023
51649
56468
57612
50892
57484
53701
55871
57259
55343
51823
53224
57373
57367
51057
53690
56169
51862
57295
59868
57997
52421
57644
56215
50570
52140
52904
53175
59070
55722
59901
50670
58139
50901
52254
51010
52044
52185
52114
52896
51643
52641
59978
57693
55965
56447
51500
55928
51425
53738
60202
56761
52824
53116
53609
59360
52262
53797
54159
56425
57508
55243
55011
60071
54989
51208
50408
57172
51980
51596
58445
51722
53064
52751
54462
56255
54063
57514
50443
53538
52467
55690
53740
52749
50452
56341
53880
50690
53601
56203
56943
50873
57877
57884
50590
53508
50697
53135
54414
59772
54378
56222
52638
53090
55264
57003
57520
58810
50993
52482
50695
51827
55715
59817
59026
55868
56381
60045
58966
54710
60112
54039
57829
50293
58989
55336
52449
55968
58722
50368
52102
60187
58964
54430
50491
52032
55652
51077
59947
56089
52077
59742
55796
58596
58901
58419
53428
54985
57543
51787
58983
59800
52887
56752
50608
53393
58632
52901
58933
56888
55222
56641
58370
51748
50396
54043
57405
57768
52948
59415
52684
54777
54593
58630
53045
51941
52297
52717
52501
53745
54466
59655
54725
54479
55298
51117
50288
53762
50646
52515
56245
56967
57456
54813
55490
55437
53272
52500
52598
55089
58308
51022
53734
58185
57715
56710
57394
51065
58507
54025
59073
50671
50754
54533
57670
55504
56337
56829
52126
55664
50667
55672
51218
58222
53580
50712
59821
57268
53126
53818
56985
52924
58456
59411
58426
58659
50825
52335
57608
51921
52882
56837
52121
53216
58935
59529
60130
58127
54508
59781
54445
52395
56335
53482
57263
58137
58805
51490
50999
58033
59636
51630
57095
52745
59576
59729
56383
50445
53869
56288
58978
59373
51880
55792
52908
58436
50720
58696
58072
51892
52550
53042
51042
57874
58418
50660
52832
58436
52217
55072
56797
50481
53363
56101
55411
53239
56291
55940
54346
51339
54180
60193
55832
52109
55723
51526
58847
50671
56487
55540
52297
51654
53945
58497
58676
52235
59531
54406
56902
59234
54002
54857
58315
50908
53635
54134
59822
51487
58587
55080
53349
55299
53862
58158
57851
51672
56001
57695
54621
56528
51747
60155
58955
53689
59384
55461
51536
52027
51320
52760
51136
54940
54070
59013
57867
51770
60036
52089
53203
58757
53191
51462
50475
52907
59843
53799
59651
52255
56736
58260
53154
58880
58979
55272
50469
58515
53327
52066
51945
52889
54247
52042
55975
52402
50663
53036
57916
59122
60002
55886
56031
51940
50962
51240
55246
50700
53459
57316
53655
59313
57417
60147
53467
52451
51649
60052
58501
52166
58413
53668
51352
58207
57910
56385
51622
58607
51538
55338
55215
55181
53993
52285
58493
53137
56478
57796
53334
53017
52462
52726
51739
52699
57097
59310
52975
58436
56035
54597
58683
54763
52956
51724
56572
50454
50879
55432
55882
60216
59915
50535
56614
58583
54317
53351
55609
50644
55729
54761
57476
59079
58960
56372
50716
54549
53214
53024
52163
51372
57603
54265
51375
52050
54622
57732
50569
51445
50548
59458
57446
53977
57507
50312
50385
51251
55286
54910
51904
53396
57093
54583
58907
58886
52965
51390
53977
60219
52721
53334
55758
52163
53663
51151
53467
59754
52548
59346
54496
50385
53387
51382
51586
52002
52508
58300
57711
58555
57212
52352
56734
59346
58560
56987
54855
58390
50333
50320
55699
51760
53934
56634
52837
57873
50452
53883
52732
50456
52407
54313
59804
55926
57769
50545
51279
57770
51503
59559
51356
51000
53535
50572
50341
53142
52411
50719
53817
54322
53023
56491
57813
51157
54733
55370
59539
56345
57282
57777
57576
53640
58257
53401
55166
52880
55194
53032
53260
53258
53616
50993
51045
50741
51290
58127
59343
53515
51562
58621
51561
51167
50849
51717
55960
53042
52562
55004
52357
60148
51421
50685
57238
56213
56751
56403
56317
52530
51934
57412
59098
54525
56359
59499
50901
57836
58843
53287
58424
56519
53270
58612
51022
52388
56594
55420
59383
52186
59049
51202
51818
50985
53005
58064
54563
51676
56925
54485
50470
56369
57337
53040
52944
53204
56807
59455
51041
54354
51336
50754
58691
54848
57277
56856
52356
52230
59197
52635
58162
52878
59642
51472
55774
59853
51302
56937
60151
53565
56255
50661
50724
52568
58655
54576
50703
55115
54526
59907
59924
52934
57907
57763
53265
57134
52944
57314
59964
56789
52423
58978
60082
56622
51048
51772
53450
55292
50352
51984
51388
50987
51781
55114
55703
51101
56164
57520
54962
54522
50391
58350
53387
58174
55750
52442
57641
58706
54939
52396
55569
60017
58857
58606
59610
50441
52361
59908
52933
55134
60195
57393
56137
57187
51803
57104
57152
56818
56140
59857
59093
56952
58890
60024
54225
59599
57907
58119
52355
52108
56422
59232
50883
50745
54417
50457
51947
51344
55316
56910
51936
56294
51231
59992
50323
53957
55413
53063
56906
52479
52711
53281
60125
56378
51930
58621
55534
54492
59420
52043
51444
51096
53040
59405
56016
56578
59640
51753
57020
53087
57060
53804
60010
50569
60120
60218
50400
51324
58915
55368
52274
59618
60053
51870
59918
51011
51901
52654
51731
51983
58410
54912
56803
54945
59903
53367
60145
52008
54247
50605
57446
59514
54307
54737
55260
50378
58137
55141
52480
53609
58177
56645
59427
53677
57373
53463
56963
54429
52657
51906
54347
56085
57821
53044
52913
57224
57738
51666
57872
50298
50876
54581
57644
52964
57951
59906
55725
57175
51228
54267
57506
50652
51554
55520
60166
58820
59725
51360
53408
54602
50544
54009
58087
54566
59573
56310
60105
52817
58429
52126
53888
59594
59968
56761
51642
51038
52710
56781
50921
50318
51336
50863
60130
56429
59788
50764
52230
57225
57140
53646
56234
57790
60188
52071
56050
51145
58714
54246
51451
58995
57627
50368
60054
53073
52323
55062
55273
58603
51530
58728
56253
53787
58256
54730
52813
53463
52265
57093
51652
58714
59697
56839
52080
51675
53066
56892
51429
57295
58040
52920
50496
56303
52298
57383
58529
51462
56229
52806
59929
59024
52876
52338
52753
59524
52042
51230
57414
58363
53527
56604
57635
52196
52457
51173
52314
52171
58731
53676
51659
52448
50551
57961
51672
51773
51840
56215
59714
53391
53310
52879
53060
51029
54776
54195
51439
51423
51512
59233
50886
50436
54908
60207
53731
57150
56325
59207
52065
53691
59481
50596
57297
57731
51043
58760
51318
52576
58194
55800
54256
53549
54010
58900
54445
57482
53646
59959
59378
50977
50467
58549
53628
55948
59006
56144
57581
58093
57235
51573
53041
50786
52977
54795
57346
52285
52216
54217
54102
54329
55893
59375
55768
53199
53700
60001
51821
52822
51315
52567
56283
51737
58656
57220
56928
59761
58031
58546
57124
51393
51224
59899
55933
57473
59263
57769
53826
59870
51021
58588
56653
58064
57699
59198
53437
56686
57854
58923
50634
52598
56197
54893
57708
57932
52033
56998
55731
55079
52532
57697
54493
51118
52024
58038
56889
55140
54055
52910
60026
59334
55084
51173
53406
52081
56045
57627
52391
57958
59795
55040
58808
57878
58124
54843
50681
52874
54095
53345
55661
59244
59593
51054
58987
56267
56548
53917
56890
57511
58273
54831
59533
54248
55208
56473
51226
57015
54623
53065
59079
54043
52998
60162
56330
51149
56442
58616
59241
50446
55722
60007
60148
55218
57818
59039
57231
50773
53658
50352
57647
58553
52609
53118
53052
55937
54044
55830
55960
53851
53765
58112
54348
52644
51561
56988
53764
51908
58830
54412
50808
59414
55542
55770
52287
57125
55220
58334
52964
59087
51091
55567
54581
57651
53010
54481
59578
57732
50298
59994
58964
52984
59216
50396
51959
59270
59782
53522
51283
59323
52636
50476
50887
50651
51159
57600
56867
56411
51172
55610
51246
59003
52635
51602
53791
59604
53918
55827
57283
57794
54520
53528
50579
55004
52285
58610
52943
58513
51095
51481
53891
59829
53440
58122
52358
59552
53201
56277
51423
54034
58665
53587
53182
54783
56953
59849
55085
59405
52260
53036
52580
55011
56343
53324
50545
53041
52467
56577
53805
52664
50570
52139
50350
51127
56489
51948
51167
52599
54299
56187
52260
58119
52206
55133
55347
52595
55839
51521
56080
57462
51551
59108
52025
57199
51400
60039
56512
54415
53073
59236
59964
51768
52412
50486
52978
56229
52497
59361
54532
57869
51911
57179
58272
55285
55607
56241
50362
50565
52932
51229
51024
59599
52521
53248
56469
53005
60041
51067
59843
57815
51651
50657
55341
57825
52725
56865
59027
59671
50458
55253
56941
55602
50668
52814
53287
56289
54200
55973
52062
57491
57872
56225
58892
51883
56636
57523
51112
52878
55955
51930
52627
50373
52337
54848
56766
53666
50689
59536
58280
53152
56010
59128
60049
59533
58850
53183
54632
51559
56876
56467
51608
54234
58202
57473
55500
52719
59654
54357
54067
52198
54522
53191
54611
57405
50630
52071
52550
57972
57333
55091
52378
54861
56203
52023
52785
59559
59144
50966
56371
57407
53945
52982
60199
59249
51568
55445
57189
57831
53969
52066
57845
51172
57226
57846
55248
58726
55644
55508
51039
56207
52815
50807
56564
59129
57550
50812
55239
59176
51936
52451
51553
54020
51074
50875
50564
53105
54484
60122
51186
52562
60210
59114
56279
53661
50479
58504
51752
52441
53805
55666
51953
56810
53140
53518
52870
59857
52080
51449
56630
50911
56480
50615
51501
54495
50570
54472
52338
51042
51424
55299
55295
55165
54678
57193
59140
56657
56537
54355
56115
54942
55103
51973
51057
54903
52215
56750
58005
55185
54203
54133
58616
54941
58241
50864
50728
57447
53131
52455
51409
59079
53930
54176
51185
53616
53027
50964
51776
50855
56840
54101
52963
59941
57964
51029
59482
54531
56974
56510
55464
51593
56824
55113
55977
56478
51608
55244
52073
59885
57839
55294
53134
55297
54375
52541
51100
53003
59354
51082
55372
58700
58724
53129
51655
50769
53358
55482
51636
57549
57528
52466
56396
59800
52411
56631
50662
51409
55687
52486
57360
60133
50471
57815
54812
52448
55231
53942
58067
59729
54499
58403
52640
57724
51528
50487
58177
50691
57559
54081
58836
57763
54661
50871
55708
53227
55816
58157
51786
58600
59895
54879
50998
50807
52059
53814
52140
58164
50923
50364
58874
59871
56306
51111
53355
53107
56338
57655
53505
51518
52464
52693
54030
56734
52232
50511
58988
55174
53359
55205
52813
53748
58472
53197
56171
52758
52180
57129
50905
57984
57669
57345
58014
52516
50591
52003
50465
51932
50497
55830
52115
57503
59325
50310
53025
53825
53079
56760
55585
51640
50820
56313
51452
54252
54582
53001
58750
52463
59868
57753
51192
59249
57898
54295
53686
52117
53150
58277
59310
52064
60064
59711
58092
53142
55066
51920
55977
50306
59012
55829
52551
55686
56467
53193
58427
59514
50365
51212
52363
53510
52704
59875
57328
60079
52910
52949
50671
51622
50674
50311
57332
50346
50389
50789
51684
51167
54791
58559
54415
59295
50925
52210
50645
53020
57059
54675
55936
59719
51037
59533
51267
57879
57572
52606
59737
50549
55853
54655
52732
55243
53989
57192
57232
51375
52506
52835
51310
56853
53272
52692
52882
50748
51400
51132
54283
56409
58818
51593
53246
53978
52590
58208
50553
53069
59952
56226
54264
52484
53107
51550
59089
58559
50662
59592
54888
50527
58384
56406
54478
52797
50693
58469
60166
54467
59179
57381
55742
51270
53479
51897
59763
55005
58192
58062
58917
50716
54836
53120
59716
55668
58695
51125
50975
55543
53568
52951
50420
59130
51372
58647
58253
55678
52650
53376
52433
52986
52080
58335
50953
55927
51061
56665
53447
51670
55939
59529
55944
53826
52575
55662
52330
50612
56951
54583
55994
54355
57001
52754
51115
56471
51232
50415
54582
51902
54355
51912
59828
55917
52540
59077
56476
52580
58226
53072
51018
56393
52798
55583
51794
56769
51963
53558
56477
59577
56926
52742
52740
51598
55991
58836
55633
55335
55061
50793
51942
57855
52331
57601
52957
52530
50379
53127
59761
59260
53100
55363
54721
50732
54715
59827
53258
52310
58379
55379
52782
51139
53775
59974
50388
59241
52732
53032
58679
51690
51907
59705
59540
55549
56716
51296
59331
50967
58961
51713
51909
53776
53169
53932
59920
56761
53737
58505
59088
58524
58618
52873
55956
56037
57428
53341
55915
56624
58926
57121
53352
55103
55538
50891
54549
55234
54961
52612
55119
57177
59034
54500
57526
50943
58507
55121
56274
55744
59607
54393
57645
50913
58938
54908
55112
55428
55143
56285
55964
51322
53074
56156
55716
57151
57054
56163
53488
51500
58077
55568
52324
56191
53142
51938
53383
58122
50607
52545
57583
59519
56478
56852
54992
53106
51109
52352
56477
56940
57726
52012
51952
52228
50681
58162
53313
54238
51203
58330
54889
57228
55570
56082
51399
59514
58601
51013
58525
52969
57341
52840
57896
51980
52047
54904
53826
60210
52213
57294
50627
51384
53311
54312
51881
50830
58041
51416
53720
50519
56881
56730
53917
59693
59326
54318
51763
51886
56011
54168
59959
52500
52306
51666
55504
54619
57084
51183
58750
52847
56072
56797
51103
58970
54755
55460
51611
51627
58767
57109
58815
57903
53916
56113
59339
58612
53878
52334
55333
54466
54792
54635
52450
56898
57224
51855
58792
53966
58518
56652
56952
51574
53724
59145
52868
56168
53995
55493
50657
58688
60031
55613
54821
51586
55055
59038
57836
50917
54915
59364
57144
54628
59239
58079
57237
53044
56516
52288
57567
51323
55126
54343
50401
53695
59763
54622
58055
54122
51889
59853
59215
53401
57445
54368
50927
58979
55052
53578
56715
51827
54867
57866
59400
50418
53906
51002
56501
57802
51138
59016
54653
52823
57530
51417
51745
56653
54406
50632
58991
51833
52374
57750
55446
52414
52033
53938
50617
57912
57582
54283
59917
57983
54503
53270
51578
51736
50988
55162
60073
53659
59153
57167
51271
56553
52511
59868
50367
59209
58973
50628
56349
58977
60110
54923
56857
53794
51407
57960
58693
52682
59448
59471
59241
58569
51231
54075
54317
59263
58732
59106
54521
54264
52551
51913
51709
57230
52745
57310
53355
52667
55732
58208
56792
51442
57089
59596
55944
59850
50442
53245
53185
53596
55256
59993
57168
55781
59567
51958
51534
59787
58620
52118
54066
57609
51447
51498
54550
59674
55836
54858
51558
55390
56931
53126
58356
52659
52947
56733
51785
58409
57628
59521
53233
54712
52632
50361
59832
51382
54975
51613
58308
56620
52750
54635
56687
57153
58549
60215
52674
58309
58364
53240
56451
51367
52738
57997
56298
54021
57472
51931
51209
58512
54096
52772
51200
59019
51157
50391
54208
57225
54023
50862
60020
59077
50399
59159
51149
57621
59156
56759
51978
50638
57060
52745
50398
51646
53353
59894
53041
54672
51332
52092
51834
53543
55057
53022
50718
57361
59336
57816
50818
51962
58795
57620
56241
57307
58644
59504
56791
52181
59778
51566
59677
57714
52306
50295
56289
56895
59768
50707
58178
52735
55138
59010
57855
55174
52469
55272
52640
55357
51879
52954
50970
60024
58067
55955
53711
56234
50767
57241
56818
51113
50689
55220
50364
52753
58681
56424
53849
50949
51466
59346
55700
54087
51612
57064
51381
50648
53646
52921
57962
56432
55139
55479
50857
55672
51874
59927
59315
59761
55793
59350
55061
57240
56247
55633
52614
56514
58720
54303
57484
54081
56061
52254
59588
59484
52293
53014
52120
51346
58446
57060
59050
55966
57576
58878
52074
57198
52690
52725
58437
58473
57830
56575
53160
57731
57654
52562
51255
58894
53833
56508
58333
59782
50988
50435
55297
50513
54824
51433
52414
60016
55163
60212
55443
57090
50726
52099
52277
51441
52654
58651
52400
55982
54010
56193
52312
51017
54400
52933
53508
53441
51426
56455
58217
54089
51862
52221
58272
51635
51727
55275
59389
50877
51554
50942
59690
54893
54945
58770
58627
56402
55165
57091
50872
52528
53313
58014
51521
53820
55483
59724
52688
55502
57885
52968
53839
54198
58069
60192
54256
59942
54392
51262
55157
53306
50840
56583
52897
52215
55621
54088
55020
51605
50316
51572
53718
51430
59595
55564
54621
51405
58344
50314
52204
52486
51648
55556
57256
51701
56255
54829
57233
59810
54468
59617
57077
51179
54627
58976
56104
59647
54090
53776
54179
54757
59356
51618
50997
55561
51120
51874
55059
53179
52963
56643
57959
52425
56949
59238
56687
53553
56630
50703
51488
52138
51352
53308
54573
53684
54140
52980
57726
56918
50664
53222
54336
57963
50431
52854
53985
53900
52515
59485
59880
56988
51704
58136
54930
52382
60126
52746
52781
58079
53740
52586
51292
52603
53362
51679
53598
60200
53039
55247
53347
57252
54578
54398
52708
58743
59714
51050
51283
60152
55794
51879
58147
59073
55371
54260
52232
53074
53520
58316
53941
57895
55746
57198
52342
58888
51999
53739
54988
52704
50448
56833
52744
59980
51226
55912
56014
58857
59154
59100
58555
55981
51944
50666
51345
52890
54384
50478
50354
54197
51267
50929
59355
51032
59248
55559
50477
53610
53535
55130
59133
51355
53827
54790
59988
55216
50719
58857
58835
52608
53029
59023
58840
57723
52572
58292
59844
51358
54523
58252
52851
53251
53607
57787
51972
59659
59234
57558
58654
59905
57370
55158
51364
50710
50304
56267
55300
57793
52196
58035
59406
57261
55132
58731
52294
52597
50720
53947
59675
50566
57032
53498
57575
52563
55656
57092
55263
51672
57280
53334
58380
57173
50756
55610
56354
59513
59338
57435
54163
57534
54951
57760
59619
52779
50723
50488
56190
50800
55946
59095
58623
53194
58619
50894
53751
56366
52682
53523
50717
51870
53350
53071
57051
58309
50941
57835
50949
59156
51963
58714
55234
52009
58998
58979
53327
54387
57394
55375
59275
59156
52220
52042
58180
55037
52631
51221
53566
59671
57649
54244
59169
57702
52820
53053
56360
58218
60101
53967
51341
55166
55538
59496
51464
57667
57482
52252
59681
50529
52509
57751
53365
53624
57000
57473
50620
51461
53626
56584
56481
52371
56753
53107
56548
50960
57706
52636
52294
56632
53644
51500
58657
54388
56018
59321
52921
51892
59496
57544
59950
56137
51612
56172
51493
50685
52207
56917
57622
57863
58750
51086
50403
53182
57986
53473
52281
54543
54364
54248
50934
51086
57441
51637
53685
59134
51797
53778
56946
56687
59058
52837
58954
59362
52838
54014
59811
55851
57353
54281
60051
52346
50669
51747
52053
54628
58367
52413
56528
52877
55634
50518
59679
53893
51878
55142
58914
58983
53701
55574
58098
56169
59113
60141
52295
50849
59737
51877
53022
55465
51135
54209
51205
54116
58425
55840
53726
51136
50970
56506
53262
52771
59871
59965
53306
59373
54930
56491
59519
58880
51052
59416
52258
55077
55733
50711
59131
52402
55524
50509
55714
57672
51015
59729
56132
56778
55612
50835
50786
51911
53585
59023
57030
51232
53873
51517
52374
59649
56628
52644
59557
55137
52628
51391
51245
57133
52738
52699
52534
54372
51646
53731
52828
55548
57638
58810
59643
52327
52252
53022
59814
58113
57238
55713
50345
53602
53843
56862
60044
51675
54182
60018
58539
55329
52727
56344
52404
56835
54100
56378
60147
54276
55017
57310
50519
59868
56576
54775
51382
53973
56758
53092
57742
51733
54851
55937
57990
57770
58576
51073
58547
60048
58394
55971
54962
58401
53979
55380
59070
50588
58667
57426
56506
55046
52215
58338
58012
56393
52272
50507
53318
50493
57211
56505
58512
59384
58222
58668
51070
51816
58233
52084
55431
58611
57401
60141
56825
55841
52733
53748
56004
52495
51391
58109
56672
58005
58054
52879
60106
55607
58096
52552
53634
57730
52949
53073
53395
59842
58225
56589
52908
56155
59511
53985
54289
54698
54112
58956
59988
52148
52497
51567
55029
51645
58915
57326
56541
58771
57064
57041
57542
52926
50699
54142
55867
60070
59849
52652
54872
59531
57585
57740
57717
55652
57544
51011
60032
57550
50409
55374
54020
51391
50495
57305
55241
58926
54197
53537
52739
54273
59086
53137
58227
51517
57197
50991
58436
54342
52383
59971
55677
59754
59178
51001
54592
59306
56981
54518
57821
55490
54177
57764
59065
54854
52287
51482
52957
53185
54808
54710
58425
53886
52452
50546
58517
53529
59217
52425
50545
50386
57251
58261
55710
56696
56657
54656
52081
58715
53835
57863
51107
50444
55304
59435
59129
52265
58897
57482
51660
50867
58575
52578
51792
60096
51979
50596
57837
51889
51985
50354
54899
50585
53901
52546
52090
51368
53772
59630
56541
56737
53628
51624
52259
59109
52602
52078
53003
55739
51017
59046
52055
57448
58204
55404
51562
52140
53897
58863
59854
57227
57795
50300
58066
51616
52936
57946
56129
52535
59100
50558
55163
53448
54425
52275
52144
50352
53807
50941
58924
53537
50443
52933
53241
52212
52397
54039
59039
56209
54003
57075
55509
59253
56953
57343
51445
52647
55754
55785
53540
53893
54449
55528
58692
54342
52678
56539
58746
54627
52759
57960
60174
50458
52790
58871
50362
56138
57556
55870
57538
52997
53505
56953
55781
55431
55657
53301
55836
60009
51014
54456
52999
51042
56294
51272
58707
53353
51427
57188
57374
56303
55146
54736
59485
55544
54988
59868
52755
59343
54539
57890
51003
52606
56099
52215
60099
50979
53237
59347
60004
51508
56783
58398
54552
57281
57269
52126
54545
58606
57948
54166
50451
51600
58608
52271
51548
52228
56452
58976
57028
55594
54775
57832
59907
58256
53920
54879
58086
60039
59691
50574
53444
60101
50903
55227
58393
50947
58929
55015
57969
56720
59184
56338
57518
51513
50989
58207
53431
52185
54985
58220
51160
50513
55797
55913
55713
52841
51542
51936
52382
50667
55328
54297
59153
53355
52317
55527
59010
54995
54782
53497
56907
52604
51593
52818
55542
58995
57724
53999
51343
52605
52057
53922
56043
57470
54111
54832
50410
53335
60124
50423
51048
59537
52200
57600
58142
59836
56712
60082
55134
50395
51359
53566
54640
58330
59862
55692
52656
57830
50563
53431
53867
54921
53370
57176
54098
58973
52226
58025
56717
58134
55270
57522
58188
58511
51387
58251
54975
50917
51141
52853
58514
59809
52994
52001
59279
55694
54402
60219
60059
53602
59916
59900
54524
54857
54245
57577
50708
51132
51626
55616
58243
57004
51939
50723
59329
52950
59969
56503
50849
54873
52065
56562
52372
51041
57145
55091
52749
59399
57855
51859
50480
52622
52561
57640
53413
50628
52491
59490
59602
55953
51595
56009
55123
57995
50609
59148
54191
51293
52982
59191
51791
58582
54434
58391
56947
55237
50302
51710
51649
53874
55555
51913
56478
57258
52760
53269
58391
54640
51326
51629
57783
52280
51569
52549
52325
57603
51318
56484
58435
51585
52430
52814
54614
53157
59789
51515
52825
56879
57719
51368
55164
57630
58148
51983
58093
50712
52163
52962
58149
53690
52359
51528
53419
54807
52884
53934
58474
56566
58343
52252
56272
52026
51197
50355
55685
52105
58110
57926
51758
54052
56813
56108
50337
50705
51844
52595
59506
56702
60112
56607
54983
54045
56762
56970
57747
56132
55851
55554
58929
51086
56805
52025
58978
54467
52267
58503
53281
53272
54737
51201
52771
59615
50897
54662
58889
54241
55188
58520
59192
52289
55084
56628
54846
55083
58247
55939
53479
56608
59760
52356
50907
54480
53030
58600
58078
58566
50575
59515
55181
58747
50474
53626
57955
52641
58053
55218
52355
55006
59369
53606
58696
50952
58423
56134
51549
55753
58862
58211
50389
51466
52926
59921
56923
55635
51735
50923
59288
53009
52907
59204
57026
56138
52713
53695
57850
51546
56726
52652
59767
53958
51037
51694
50933
55205
53581
50768
52509
52218
60219
52066
55476
54815
52484
52419
55762
51780
54276
57832
55595
57056
52150
60017
55187
51340
60210
57019
56013
50905
60028
55449
51202
50443
52101
59746
52960
52490
55755
55630
55925
58931
52370
53425
55981
54571
54652
58600
55607
57255
57474
54471
54179
59104
60063
54014
56716
54490
54313
55310
57320
53048
60151
54680
55979
57997
60037
55032
50956
57899
59218
52612
50782
58892
57699
52611
50419
50502
57544
58779
51326
52024
53611
55922
55341
58225
57540
52711
58274
60068
55726
53301
56841
55180
55287
50925
52663
55782
59013
56507
50569
54486
58401
57110
59563
59237
54261
52968
51491
54227
52406
53904
56668
54234
50331
56346
54852
58319
57215
51388
55504
52173
56620
52946
50971
52316
58400
51348
52141
54116
54405
54607
56416
54125
51379
54236
55745
59645
59470
53888
50975
51175
55200
51507
55093
56430
54844
51228
57400
58165
54905
54834
56479
51915
55757
58099
52039
55418
52762
50977
60186
54687
57001
51612
54536
52448
50428
54407
53327
52913
56357
51987
53091
55597
58047
58681
53612
52471
55773
50819
56122
55524
54175
50423
54206
51871
53208
56963
50880
55107
52212
51997
56381
50553
51409
56975
51010
58117
58600
52978
57093
58325
59109
55726
55178
59655
52044
52232
57045
54507
58278
59671
54246
54732
51715
53189
58222
52964
55632
53686
58363
57955
54948
52654
50886
53056
59240
53375
53237
56522
59202
53637
55588
52588
55736
50891
51796
54487
60029
52422
51048
53180
53035
58488
59243
59104
53142
56651
55974
51580
51107
51388
59762
58389
52865
58354
57518
57885
53108
52307
51790
54855
53240
53784
50959
56443
55452
50340
51698
57705
51155
55074
51855
50398
51927
53867
55909
53965
56024
55066
55538
57120
60039
54514
50441
52742
57906
52416
51033
50347
52576
59569
55532
55190
54741
57403
60135
53330
57090
51852
53831
53135
50314
53824
52431
59335
50608
56650
56105
58135
51057
52196
51675
55731
59685
59455
54003
50946
51149
51665
56657
51584
53951
57109
56500
51553
56812
58091
56883
50824
54947
57456
58463
52247
53278
57664
53502
54685
58912
52659
51938
59570
59505
54291
56849
50675
58457
59827
53228
58988
51260
51411
50613
52458
56031
52765
53897
51573
51538
56027
55496
57818
51653
55278
56060
54369
53047
52327
56524
52253
57573
55957
50885
53977
60068
55462
51487
56473
50284
58166
59137
50817
57165
50628
52566
52173
58922
54527
55271
58933
58648
50951
51101
58776
53505
56416
51275
53711
54469
57048
59584
50438
57301
55584
52365
51841
53242
58153
58289
50352
55576
51308
60073
50849
56814
51946
53074
60022
56449
53557
57191
55226
52380
52111
52430
52349
54063
52217
58858
56331
54343
50831
58578
54805
59602
50677
58295
58525
54294
52672
52123
52390
56266
54957
51549
52635
52932
53459
56297
50921
56621
51117
58720
55540
57439
52519
56076
58402
53475
56997
55084
56146
58395
54956
57159
52338
54418
57490
53762
54378
51726
50531
51307
52392
56670
51022
59064
50456
54243
51071
51330
54942
57060
57387
57891
58147
51866
51772
52338
52475
51453
54200
59090
51899
58452
51647
58534
58256
52902
51461
53842
57344
55833
55207
50890
51426
50720
52578
56774
57468
58499
58964
59593
59580
57879
59873
54055
52098
55391
51948
52145
57064
54869
51414
51539
57111
58189
58381
50847
53405
56998
57913
55036
57427
53066
58611
57782
50699
50632
54701
54672
54787
52480
52268
51751
50724
54654
52081
50809
54094
56879
58789
53108
50340
51439
52276
60056
53262
57336
50652
51643
58558
55914
52578
51063
52382
54599
59239
51527
55088
54138
55539
51198
51176
51786
55409
57711
52446
51297
54581
58916
55818
51194
53598
57672
58608
57111
56469
52720
56504
57519
52082
50530
54270
52470
52877
59784
57666
54782
59247
53367
58485
58533
53388
50783
50280
51097
52585
58374
53265
55384
52975
52416
57884
57920
55283
59064
55647
59300
50953
51596
52124
59344
60106
50719
51075
57822
50632
52386
57871
56893
50403
54261
58449
53655
56641
50407
50622
56941
54472
52343
57066
51807
51158
53486
51682
59924
55393
60017
50499
59036
51504
60171
58907
59465
53000
57902
52054
58694
50689
51118
55288
52058
56804
59942
52682
53471
59789
58891
52632
52002
58432
57675
59101
58966
57847
57525
53328
51924
54982
58146
50594
55734
51226
51057
54824
56439
60089
51012
57503
51322
53939
55551
59962
55554
53540
52885
60093
55716
50448
50682
51616
54808
51442
57465
51838
53857
53236
51306
53924
57455
51744
54723
50632
57145
52144
59051
58369
57747
55843
60024
50313
56074
54398
55453
53997
59385
57981
53159
52349
56516
59098
53036
59406
51842
59831
52513
54232
58680
52187
58612
52320
59237
56978
54677
57754
54791
50580
55305
53068
56971
52912
58311
50385
51341
56178
54785
57092
56884
51362
57574
55092
54481
59603
57663
58148
59586
50974
58972
51436
55406
56835
50708
56296
55937
54625
57819
56420
54374
51780
57929
58297
52520
54731
54492
53191
55445
59439
58827
53984
54977
60120
57822
58415
56560
52895
50564
56455
52527
57343
59210
58013
51317
56592
51665
51542
51049
58027
53570
56402
51215
54111
50666
53194
58750
54348
52072
51418
50577
54542
58954
54133
53721
58761
52174
57825
56394
58775
54757
51978
52120
58306
55046
52976
52079
52714
51184
57240
54063
51421
56077
51816
53071
56090
58937
52741
56225
54320
55286
57219
60032
54814
57810
51930
59172
57047
56606
60096
58881
50374
56533
60064
50703
53864
51956
50597
52978
56553
54903
52939
53553
51372
59148
52141
56136
59303
53900
56854
57253
56761
55054
53042
51084
56759
52336
59468
59389
58449
53883
50494
58538
50712
50529
58172
56558
52347
50300
55340
54708
56790
56913
57530
54037
57031
58501
54125
56171
51440
56595
59155
53222
51653
52977
59518
54927
52929
52487
57975
54282
56051
54420
58319
55293
53113
54344
57258
51202
52877
59943
54264
50507
53948
54368
53194
57836
52490
59353
54086
57272
57204
55437
56342
54391
53103
55486
59980
52582
60021
52567
52227
56782
59469
52394
54500
54486
52798
54131
54388
50820
51209
52865
55642
51893
55723
58616
51507
57475
52994
54786
51402
56075
50531
53034
51692
53026
54311
58622
57796
53302
59757
55225
55927
57725
50959
56760
52249
51073
56257
59005
57300
50674
58456
50341
59114
52979
52987
58330
51329
57324
51701
58507
57894
58728
52321
52139
57408
51490
52709
56232
51802
53029
55083
52129
50740
55122
53306
52035
54970
51270
51984
52483
55743
54953
59544
51559
55687
54465
52556
53449
56919
50784
57129
51013
53929
52795
59626
56823
50731
52870
53490
52845
52097
53120
50838
56162
55925
57659
51985
58586
58610
57933
55538
58016
60088
51025
53010
59364
54658
51340
58471
59853
59822
53051
51609
54499
56884
55248
52675
54331
59369
50460
51457
56644
53126
59167
59034
51684
52856
54274
56028
56545
50486
52410
58631
50636
59792
50978
59771
57436
59615
58050
50922
52028
58158
58401
50977
53850
52683
58627
51635
53122
53245
52322
56769
56650
58848
57606
54963
51868
54651
58629
59979
52521
57846
51305
56048
55260
52063
58852
57586
60029
56741
54664
52967
57263
51950
51314
52481
58677
52562
57959
52826
51853
53929
52626
54581
55486
53469
56081
59706
52485
51162
50590
56194
52105
51918
57914
52667
58331
58833
51919
53619
52289
52257
50658
53865
51508
55999
56786
55281
52404
52100
56610
55640
53423
53871
54462
55346
53584
59374
54776
54697
55299
52295
58743
52386
50498
59657
59872
56442
52286
60045
56166
51671
52860
51951
59743
59997
56494
60088
53148
56922
51956
58142
54583
56693
57952
50351
59899
52109
52109
54630
59287
54290
56371
57556
53882
52901
53579
54923
51405
51476
54876
50420
52667
52176
51273
54726
56581
50969
52558
51807
50478
58607
59193
56028
56117
51574
52833
52502
60033
52699
51780
57231
54878
56012
58929
52561
52596
58725
50989
54434
52043
51865
52978
56426
52489
52208
57689
56132
52835
52179
52947
50490
51979
51152
52710
52309
59170
55913
59545
57312
57809
53379
55226
54898
55044
50516
57572
53500
53477
54605
60019
57500
56888
51957
55859
52594
57476
51322
56078
51854
50961
59326
55258
56306
58654
58877
54551
51930
53060
51548
56997
56649
52221
56997
54682
52463
58799
54344
59916
55643
51169
50594
55977
54802
53578
57945
58883
55153
56751
52734
51043
55871
57650
54210
58406
55530
51765
51822
54725
51203
56516
54406
54084
54232
54114
57189
54240
60173
51846
51422
55002
57914
52164
50454
56444
51207
50962
57448
54635
54139
57136
52196
50838
57729
52240
58571
54428
50963
57186
57528
53919
50679
56811
52468
53999
57434
57512
55923
50525
55649
53968
58589
57757
58219
59006
57511
53987
51153
58629
59877
56915
58463
51553
53221
55679
54141
53421
50405
52474
51409
52955
52178
56477
53403
50727
50832
54229
52711
54239
52980
57865
58795
58771
58889
55762
52264
53319
58852
58879
55114
50609
51975
59769
52022
58823
50679
51291
57183
51355
51749
53071
59375
54126
55408
50504
56711
50409
53572
52407
51243
59090
53546
55627
53963
54145
58334
55460
50534
51395
53997
51104
53186
60187
56319
58568
53384
59875
60076
52225
50402
59760
59614
56885
50607
59508
57746
58780
52230
56441
52035
57431
59089
53071
56523
52579
56664
51543
53136
51744
58392
52706
56074
51168
56678
59347
58770
54669
52000
57431
50835
55617
58455
53877
55364
58880
60086
55190
51028
53900
56901
56099
50589
54352
56117
57701
50422
55298
50958
56705
55452
59545
56188
55699
53775
51645
51294
56505
52361
57778
56199
60216
57476
53488
57574
54151
53279
54165
59167
51978
51823
53084
56212
54943
59598
56456
55121
51936
57260
57043
59091
59140
54765
51223
51915
50776
53501
57535
50974
54365
51915
57847
52217
53110
51468
58486
52226
50744
59587
52039
53872
52633
52261
50289
52763
53997
59730
54355
52647
59347
54719
55907
50781
52590
59427
56047
55476
60080
54187
51749
55177
52271
56608
59019
56862
55661
54753
52969
58144
52105
59021
53174
53878
60067
58084
60098
51645
56773
51698
58702
60020
59768
51065
53637
50905
57284
58042
54864
54677
56166
57253
57723
53556
52055
54640
52710
53153
53625
54893
58076
56684
53374
51080
57212
57893
52172
50595
52188
58091
56399
50981
51624
50675
54825
57045
55637
59911
52046
52234
51487
52103
59132
51983
59834
58151
56860
51331
50377
51759
51630
55979
57628
59185
51003
52384
52238
59504
58480
58651
58402
57004
60186
58587
51085
52618
57996
57223
55172
51466
57980
56648
58071
58090
52356
55889
56061
52474
56524
50974
57771
57051
50356
58739
53156
59584
53880
52781
57506
57128
51911
53902
55728
50402
59216
50500
50626
54786
53063
58543
55010
55571
55962
56230
55897
52109
50963
54452
57989
54120
52142
58008
52121
53662
51207
57614
59789
56057
56409
58063
51443
59857
57025
60226
51731
58587
52904
55516
59727
55050
58479
51714
56901
52625
51000
51874
58584
51229
59106
51431
52189
59181
54321
57124
56438
58544
59839
55374
54777
52195
59582
51350
53590
55866
54641
56593
57631
50515
58949
56940
56419
59028
51880
59770
58056
55366
54689
57491
58824
53350
60015
55421
51710
52195
59187
55985
52339
58961
59811
59629
50616
55831
55754
57451
54962
53956
53225
56053
55534
59072
51901
59866
58670
53173
59619
56745
54664
56772
51271
57297
57654
55351
52871
56433
53359
58804
52478
51272
54351
55776
50633
56474
54685
59141
52643
52757
59592
54883
58468
53670
54027
55844
51510
53744
51825
56861
57282
51922
52423
52315
56141
58477
53330
51917
54550
52232
55853
56229
54016
59714
51403
51758
53608
55561
52276
53869
54604
52424
52935
57206
53965
55762
56575
50603
56022
59761
51215
56251
56302
55321
54837
58681
51490
57238
57123
52508
52236
53019
50438
52849
54515
52548
50713
50403
56247
53230
58082
51794
54432
54784
56284
58466
56234
59439
57433
57363
56219
56538
50673
59304
53039
59550
52093
57000
50668
51111
58805
51516
51985
58607
56017
52514
51852
55569
51448
57110
54987
52405
51834
57241
50337
54218
56557
59855
59693
58443
50406
55758
52398
52685
54122
58912
56877
56778
59107
50792
53713
52398
58241
58108
54729
59595
59452
53362
50491
52005
51166
56364
51089
51471
59637
54777
52961
59300
53693
51597
55991
58952
54032
52484
56115
58712
52758
59818
52179
52780
57584
53667
52031
57751
52514
59361
57452
51991
51263
54849
57384
50976
58695
59121
52987
59495
55662
51360
55541
54760
51870
57411
54473
50905
50711
53807
58594
56606
57818
54624
53307
59916
56880
51879
53560
59868
58748
54202
59037
55359
58395
54824
57976
55903
56087
52497
52870
52337
57529
52336
59650
54141
59512
54358
50585
53647
53418
52081
53547
53071
52014
56551
58372
50314
60057
58745
54681
51599
59696
52236
58522
56055
52935
59475
53069
52204
55384
54179
57127
58081
50823
53245
53550
58263
51244
52993
58648
56236
55965
50355
52970
59059
52144
57910
56866
51250
53942
50280
57187
57530
54050
52099
55666
55792
50419
59334
60003
55293
57071
56840
55896
54632
50528
59145
59586
58147
53925
58753
55090
51394
58745
50640
51451
51726
51159
55835
51876
55045
60032
56481
52484
53835
57617
60179
53304
51169
60092
53272
57640
50885
51834
55055
56442
50472
53639
55334
54026
53731
53591
52058
52183
54220
59957
54517
53090
58117
50348
55215
59516
59425
59593
51896
53189
52525
54757
50823
53250
52966
59162
58450
57171
53512
57421
54077
53881
53647
59632
56524
54242
55053
57496
55024
58251
56554
55610
57858
56275
51583
58174
58741
55080
55832
51593
53357
55686
54637
55719
59972
56290
51055
58336
59400
52380
52111
58954
58138
53429
57712
57020
50649
60198
55324
57237
57726
59522
53896
58239
52003
56034
58288
56318
58138
59657
51061
52703
52091
50647
58429
59198
51734
52242
59436
52082
60118
52411
57408
52828
52302
58102
56959
53766
52127
51526
57852
54508
57993
52324
54179
54192
52427
59830
51880
51782
55806
52344
52644
52231
50591
52304
52363
57010
51808
52716
53054
52573
54791
56023
54537
51372
53380
54095
52264
51542
55623
58910
54969
55244
52633
57705
52021
54546
56027
50697
50619
50534
56049
52179
54802
55442
52665
52204
56638
52240
53855
58353
50304
55740
52971
50418
57445
52445
56093
59350
54012
53929
54192
59934
53204
58502
52053
52972
58576
59985
58091
52769
58294
59860
51026
53183
57161
53107
57588
55509
55910
58064
59287
52973
58018
58247
52656
51026
50384
59892
57064
50990
55174
57039
56255
53390
51031
58809
52770
60051
51787
53203
55222
56980
59515
55603
54698
52452
53063
50779
58929
52894
50779
55033
58547
55065
50996
57491
59004
59973
50522
58987
50723
54854
52382
51867
50476
50505
51176
53762
57876
58301
51874
53323
55289
56748
57192
55285
51909
54831
56479
57665
55672
50395
51942
54863
52756
52247
59186
57448
52748
52025
58204
52118
56220
53044
55876
52961
52007
59149
58258
51048
50722
57649
55798
56198
51680
56755
53204
52006
59250
58290
52845
50938
56888
52435
52093
59467
54886
58036
53584
54053
55727
55927
56949
58788
50719
59402
51460
52782
59167
58656
51301
53828
56929
51205
54229
59594
51970
58319
58352
58906
58350
56854
58178
57065
51322
53056
55202
51004
55816
55080
57411
55670
58331
54348
50320
55929
53082
59830
51418
53293
55797
50748
58042
57204
52533
53871
57297
50883
52180
54125
51990
53579
55561
52294
52360
54682
54778
55808
57184
59771
51255
50747
50730
52676
52262
58186
53727
54562
57151
53250
51799
51343
51048
55427
56624
55855
59938
56709
54793
52112
52570
53393
51064
56474
55038
52384
53453
51826
51607
58533
58203
52419
51687
52556
59981
54898
53360
56834
51134
58826
51651
50436
58158
57383
54213
56571
55182
56295
50787
52677
55965
52118
51791
53783
51021
56597
52894
55099
54508
51416
51474
55709
57396
50761
52528
55881
51476
60025
53038
53296
51219
51362
58801
51186
52791
55677
54256
59262
57902
50564
51293
53608
50901
50415
56836
58367
55053
53043
58841
52115
59833
53005
54235
60101
54045
52756
54021
56245
50776
53604
53972
54812
59888
51821
54162
57201
50322
55218
53153
51177
55067
53667
58551
57438
57918
57202
53193
59833
50704
55001
52903
52231
51652
53952
52290
54193
53432
50660
54215
59843
60179
50584
53130
58238
59196
53079
56738
50437
59087
54606
56547
58172
54082
55007
58690
54055
50427
53561
53410
59205
52586
60106
57371
59125
51542
58198
52226
55725
51036
50922
55985
57229
52879
53772
59919
52970
58267
52257
57592
56290
57139
60196
59099
53004
55473
58180
58462
59243
59911
51152
55554
59995
53212
52091
57826
52628
53718
57542
56100
50982
52433
54285
51241
52550
60139
53836
51120
53712
52325
57743
52618
51744
58957
59180
59137
53631
55818
56980
56575
53818
51881
58267
59010
58255
56365
52875
57547
60111
56055
57388
53235
58578
55147
57538
58361
60053
54271
50949
51645
50735
55462
58172
58329
60147
55761
52355
55128
56506
54764
52364
59488
51516
58114
58188
51605
52525
58952
54679
50595
53511
53068
58025
51244
53978
58027
55864
59013
53171
59811
57138
52030
59621
53251
52272
57456
59359
58227
51196
56806
50620
52107
59486
55670
58025
53187
50720
58177
55528
59780
56890
56930
55229
54622
52273
50283
53749
58892
51616
51390
52877
55216
54144
55822
55721
53054
57064
56273
57808
59619
55039
53572
57299
57739
57949
51289
58113
55129
56301
53388
50886
58974
56116
53348
50947
58450
57679
50648
52953
58634
57237
52561
54549
58293
54282
50341
59590
52437
55767
53013
51202
51014
55753
50769
50614
50681
57346
54416
55420
58707
56306
51834
50449
55636
50286
52492
51070
57745
52731
51026
57337
51269
59571
54575
57216
59490
57729
55817
57406
56135
59841
50736
58792
55814
51214
57403
55689
52816
54540
56880
52561
51225
59764
53633
50411
51936
53268
57787
59130
59306
59366
55522
56989
50857
59655
57239
60058
57015
55444
58100
50703
50885
51048
57329
54344
53093
57573
55703
51572
53407
50640
59437
58154
53491
52439
60215
51802
53120
54504
51741
57739
56621
50511
52584
54432
57558
51645
52311
57131
54484
54915
54307
50531
53413
51081
58589
52136
53678
57198
53208
51390
54740
53921
54798
52869
58953
53593
51508
58716
54631
56457
50357
57154
55610
55414
51871
54680
58809
57936
55099
52591
52149
54415
56917
59300
57777
53114
52164
59578
52734
51910
55851
54965
51047
52907
56301
52048
51848
57480
51474
59011
57910
58804
51648
54908
58829
55492
51488
58207
50965
54252
57073
51318
53923
59972
58656
50319
54080
54562
56325
50284
60207
57132
53908
57579
54854
51491
55187
58309
51663
52060
52619
52984
51671
55523
52606
53364
55523
51613
57879
55107
50426
53329
57451
51320
59177
51424
51814
59644
51294
55910
51457
55360
51663
53329
55943
52906
53667
55457
51631
52178
58725
51768
55791
52191
50524
54782
56798
59705
58490
52400
51883
56678
59692
56353
50334
56605
58071
59086
58667
58536
52691
51937
56716
52220
56065
50364
51939
57000
55033
53188
53555
59969
58877
55976
53208
54880
58099
50844
53901
55523
59020
53161
52525
53890
55667
50601
53369
53185
53197
60159
54244
55257
57592
54540
51017
58225
55121
60010
57193
52714
53776
51932
53816
54311
58588
57765
51272
50663
59459
50417
57139
58826
53236
58137
57325
60093
59868
51595
54518
58815
57832
53653
50581
57636
51415
57038
56149
54591
54095
53801
54373
56981
56564
57334
53021
55372
53943
53871
51856
58560
51505
59178
52972
52081
55543
59999
58095
60108
52418
58027
51238
57461
53790
58028
59282
56093
53674
58744
51912
52531
57811
53748
54382
56451
51493
52361
53684
56553
56383
51708
58147
53263
58210
51354
57255
52426
54159
50404
54986
52367
51029
52935
56944
51958
53469
52683
55222
59331
55932
57365
51602
59307
57782
56845
56569
53137
51376
56993
59043
57252
52339
59427
51831
51744
52779
51058
52057
51975
56762
57431
56491
56510
57765
53450
55930
56989
58876
51694
58486
55724
56925
57777
51698
53064
55027
59644
51650
58563
53375
51563
58446
51746
53547
53137
54521
56491
52454
52701
57041
59970
51867
60152
55445
57797
57866
56946
54293
50524
58707
51722
51858
51927
51438
57977
52333
58914
54226
56506
51552
52797
50704
50491
51918
60206
51407
58248
54636
55508
56481
59040
56908
53605
56218
51244
53026
58024
52517
58019
53009
55145
51167
51335
53954
51236
57221
57280
52618
57052
55519
52470
53724
51163
59542
52544
60107
52042
50928
58184
57702
56258
58404
56002
51134
58794
57451
51034
58748
50351
60020
59609
53781
52621
50990
55679
57213
51234
59408
52223
55319
59420
52758
56233
52830
51577
59350
53710
59925
51225
56676
54072
53592
57571
50737
50731
59819
57707
52711
50739
56523
57346
50837
53677
57294
57641
52578
57765
57139
59019
52050
53533
52230
58213
50480
57326
58898
51518
59578
53046
58855
59059
59909
56544
51642
51989
58913
53440
59326
58413
58596
51078
55576
60173
56439
57499
52088
59871
53990
60102
54654
58429
52167
52187
59871
50451
54527
58885
56351
56804
52856
55027
56338
50652
51442
51221
54303
56190
52925
55764
56592
53908
55576
54680
52399
56532
50507
51626
51426
57904
55770
54240
56092
50414
51183
59200
55699
54949
58609
51907
57850
51742
50679
60174
59566
55103
55595
54298
53648
56568
50300
59432
56357
56060
59370
50856
53000
55382
59531
50698
59353
56332
55098
54103
57982
52456
55291
51216
55942
53809
58917
57963
54550
51223
51819
50430
50715
52498
52357
51684
58861
54881
54094
54619
52392
52893
50742
52471
59426
55301
54565
59552
56073
58723
55739
51526
52319
54685
55033
53588
57660
50925
58228
55466
58820
50381
58120
54699
59504
55839
52294
51090
51773
52447
55211
50366
59094
51303
54480
57324
57499
56175
58295
51575
52362
50649
51067
51949
56413
55563
56899
60220
59817
59119
55952
53403
54500
50935
51678
52290
54945
60136
58512
52761
57073
58923
55828
57032
52971
60086
50469
52823
53072
51610
57867
55888
50951
56450
58016
52773
54942
58967
50552
52286
59180
50393
58087
58571
59514
51244
56278
56599
53596
56447
54954
55924
56301
59533
52992
53530
55150
54246
50920
58129
50396
53492
52269
60214
58224
56726
56209
56801
50874
52541
52725
57925
51497
55416
56139
51577
51561
56829
57235
55421
52843
57629
53792
52339
51032
51937
52098
50506
57644
57503
54733
52166
52109
52202
50583
55346
53803
53872
51750
58798
51418
53909
55124
58598
58990
54093
59326
53554
58222
52879
54633
53668
51979
55618
57987
55571
58208
50331
53416
51159
51445
58609
53344
51456
58068
57581
56195
53291
53726
56286
57328
60107
50478
58615
50783
51139
57217
52222
59452
59445
52805
51064
59828
56397
59224
55375
60109
51820
56290
59099
54438
54727
58116
56415
58821
59209
54824
52111
57411
59177
60142
54367
52421
52856
50870
59415
58624
51244
55235
53404
57827
54978
52649
57345
53304
53011
56605
52634
59316
56112
51981
50597
55726
51822
58411
57523
55873
53621
54814
59381
59661
56633
58955
50362
58787
53902
52053
52729
53829
57208
56979
51443
52401
56458
53591
57350
51386
59978
57899
50308
51399
59038
59143
51157
53894
53097
53703
51711
55686
56335
60094
56903
58573
52250
54944
53697
52101
52737
50705
59109
51518
53423
55418
51991
54728
51076
56883
52067
54749
58219
54789
56133
57454
60115
51417
56831
52724
50627
57223
57581
59062
52860
57064
56269
58693
53941
50694
50522
50315
53632
55939
53031
52909
51346
57120
59676
58954
56601
51044
51996
53092
58642
50813
59849
56597
58421
52322
52111
54974
59452
60105
55839
57588
59279
50411
55763
51846
52789
50692
58163
59246
54567
60042
60022
50600
53804
57685
51182
58783
50564
52831
59001
53238
53578
54333
51348
50324
50840
53928
54996
50676
59065
58314
56015
51184
52616
59012
52057
58673
51147
56056
54874
53248
51331
51940
58360
57801
50898
57540
58933
58601
52198
57496
51690
56876
51299
54545
51089
52564
50783
50793
53780
58676
60122
52642
56663
57479
50420
57418
51335
57245
51510
58108
57680
60079
59163
53470
58651
59206
55691
50818
54640
58257
54546
54582
59723
51227
52626
52499
56866
52236
50750
57513
54465
55255
56450
58656
55316
59715
51074
51343
51145
58550
54770
51824
53914
57314
55419
53267
54097
59550
52724
57551
58733
58336
54308
56022
52635
54076
50322
51145
54322
52440
51570
54310
50321
52534
58993
56961
52582
57670
52519
53661
58546
52652
50840
56906
58550
53109
53881
52980
59104
58442
57700
55782
53747
54881
51841
53992
55116
51762
59544
51239
52072
51164
55978
52562
51150
59856
60120
55809
59741
51855
51678
56920
50320
50836
50848
58088
59797
56928
55010
59673
51954
53888
52523
51204
58061
51696
55256
56032
51625
59441
54623
57191
53610
51804
57495
55017
52274
51593
59366
55407
58381
51114
57904
50886
57222
52232
54369
54883
50687
50304
58256
53058
54953
51642
53186
57261
59189
53893
56426
58125
50753
55549
58027
53667
58478
58493
53296
52869
51499
60205
56412
53768
51886
52156
55536
56481
56907
54374
59947
51630
53072
55867
58522
58626
57206
55855
60029
50684
56489
51525
52054
50548
54810
51439
52577
51808
52326
57950
57086
55596
54970
50413
58105
53732
59588
60019
52466
57330
52341
56689
57498
57498
56188
57195
59645
58722
56154
55603
50715
50474
55323
57022
54197
58837
57466
58609
52257
51785
55468
59275
51708
57022
51423
52620
52717
53018
55903
57661
50295
54168
51898
58753
51132
59563
55842
54395
55068
52801
51723
54158
56892
55891
53001
55458
51074
56003
51959
51841
57146
54499
51505
56508
58178
52289
51978
55837
58509
54175
51091
50417
51354
56072
53571
53267
55046
56753
55020
52983
51840
58609
56278
50841
53588
59898
55760
52536
53282
57343
53907
54626
55772
52806
51682
54945
50857
54823
50348
56822
58193
57555
51464
60155
52860
53538
59589
55897
50818
58671
58605
56288
55992
52487
50727
50966
56945
50340
53016
56445
52252
58396
50399
57836
56704
51414
57445
50671
52224
56549
58526
56579
54519
55465
51185
58563
54508
55349
55946
55541
51188
51082
50560
53148
52041
57738
52410
57075
57500
56757
58905
59135
51272
51348
57931
52491
52857
51658
52247
59224
56824
50706
51207
55082
54486
57915
51596
56682
50879
54635
59795
58214
59090
59093
56543
55961
50406
57436
53059
57807
51787
53829
59619
57968
56111
54265
55695
55504
60111
57955
51284
60014
52908
51748
58234
56557
52359
59842
51835
56339
57180
56961
52160
51932
57711
55306
55545
59710
56963
57619
50993
51898
51706
59679
51450
58062
50448
52015
51115
59938
59975
58476
52932
57752
59305
52620
59275
57174
56601
58093
59968
51897
55407
55166
53993
54704
58473
54586
54201
53091
56677
51016
56970
54028
55251
55720
55410
57075
58488
59452
58203
59005
56921
57347
53367
57887
58706
50513
59306
57355
55917
60186
57289
57179
55209
53348
54218
51916
53048
54988
59300
51281
56887
53322
53213
52106
58817
59783
51695
55146
55426
57050
55415
56013
55564
55318
58865
58401
54432
50953
51742
59416
53209
58574
56840
52794
59942
58100
55943
54850
56072
58214
52611
52042
56894
59899
51353
51159
51913
55913
59269
53152
59907
53522
50615
50318
51892
52121
50681
53916
50534
50837
59409
52947
58545
54637
53663
52859
50872
53334
54816
50937
57758
55001
51744
53876
52629
56304
58488
58111
55218
58726
53356
51527
51514
51871
58255
54297
59010
52318
55865
58506
51796
59501
50854
57533
59315
50482
58751
54079
52718
51197
55996
50577
54310
53785
56316
53666
53629
57504
54357
54290
52681
57822
50872
60217
53279
56418
60155
50628
57397
58271
53624
57141
59635
56576
59724
54863
60030
55970
55152
59741
56981
55206
56009
58470
60223
57882
59071
58980
57289
51688
51031
59788
59420
57576
50736
55957
53275
57003
54670
57833
51674
54352
59009
60093
57478
59879
52520
57792
56568
57120
58834
59821
57076
54397
55042
51368
53269
51439
50553
54126
51789
53532
51947
52130
55003
54321
52022
54835
52002
50630
52594
54787
59476
55507
56206
51448
51130
55774
50895
54152
57825
56478
50797
50879
55916
54917
50494
55912
52333
51528
54226
52817
51786
57956
60106
54626
51909
57989
51600
56703
58890
53766
53158
53282
57043
58686
54118
54648
54150
58860
56167
52995
54121
52642
50809
54779
54227
58383
50455
52073
52446
54879
52738
51351
59796
58271
55250
53870
59838
51747
52344
53950
56010
56100
58081
58235
53528
52798
51852
52899
55087
55210
58097
55322
51717
54889
51870
54330
56389
50755
60223
56839
51137
51350
53457
53790
59170
53206
57052
52397
54119
55184
53176
55494
60103
56835
51677
50712
52379
50298
53341
55891
51992
57956
51857
59356
59369
54502
54728
58818
54640
53252
55996
56326
51925
54350
53955
52629
56812
58600
53156
54068
58787
59948
57845
54021
51779
52393
53512
51723
51339
52675
51546
54151
53597
59901
55004
59368
52032
53442
53259
57197
57751
51543
50972
52595
52627
52270
56628
51049
50410
58843
58262
50589
59407
59591
53280
57570
52170
57480
51699
59603
58244
56297
58297
59412
59419
51067
54812
52704
58646
59673
60211
50850
59424
56608
59092
51952
51202
59403
52900
54712
51258
50761
50942
51966
58658
52492
51127
52097
56219
55352
57910
57612
55331
58260
58659
58396
53909
52631
59766
50904
58556
57890
50439
54770
52919
59671
58741
56755
56878
56825
53066
53048
58505
57066
50872
56049
53516
50631
59087
54711
59602
50478
58210
53155
51899
54639
58316
56109
53844
58424
58017
53354
59345
55766
57465
50739
59148
51523
50685
52535
53284
54436
53528
57863
55065
54400
57396
52068
51050
55022
51068
54586
58728
51566
58121
53782
51544
52187
60180
55366
50987
59488
53079
50820
51770
50577
58195
52871
59964
57041
55153
53640
52859
52915
52584
51859
54426
59333
58298
52219
52624
51607
58466
52156
50736
52844
55708
51971
50983
56636
52091
54443
50707
58132
57975
52932
50726
59651
60107
56117
57847
55600
57993
55846
57668
58947
57460
60011
50910
56985
50874
50696
59745
51055
53141
51512
56319
56880
57371
51469
58200
50449
50709
58200
59103
59156
60121
53676
58382
57151
55031
57913
58932
51889
53389
53902
51770
55948
51534
57116
58296
50766
50703
55893
52421
51890
55669
57482
54184
50585
59126
54996
58502
56039
51774
58186
56088
54627
53520
51855
51305
58938
58344
55255
53115
58936
57909
58498
54490
50309
52855
51472
56573
51246
53035
52352
59369
57463
57506
50459
52440
54955
52453
52548
51389
52654
52926
59555
56248
57826
54562
50522
51847
52931
55731
58748
55021
57141
54916
54732
58375
57923
52704
53865
53960
55694
51505
54611
52112
58983
54359
60133
51154
53688
57063
52990
59326
54213
58980
52977
56758
54680
51102
55799
52089
57624
51746
58658
58933
52215
51908
59439
60217
57970
57131
58842
57654
54493
56284
56281
57906
56585
59634
57246
59898
54614
52442
58308
56356
50797
51482
52675
56696
51155
54555
52888
55951
50695
55770
51839
51096
51187
55944
56836
54029
57277
55369
50563
51593
56316
54862
58147
51488
51135
52942
54813
53285
56934
50405
54844
56460
58958
53095
59561
51774
52781
53654
54056
58723
56192
50415
57522
53001
55377
56676
54105
50939
56377
58446
59564
50289
52431
55361
54115
55730
55347
58510
52538
52299
52391
51207
50729
52117
51511
53262
54212
55409
58206
50744
54747
59943
58529
52961
55883
52357
55724
52091
51556
56370
58882
56470
53330
54937
51218
57270
56963
59703
59845
58004
59633
58758
55691
54670
51320
54671
54665
55629
56554
50728
52776
53579
53477
56367
58640
50996
52402
59247
56181
59639
58416
53070
52159
58421
51567
58693
52424
52617
50946
53799
60083
53706
56202
52397
54183
51976
58019
53967
53816
58714
53309
59635
51817
51332
57683
51918
59365
52728
50372
51719
53244
55362
55393
50851
58250
52359
50725
54270
51266
55815
54984
52551
56339
50977
50578
56393
53510
53771
55408
56965
52059
52990
57676
56775
56178
56736
59151
53589
55502
53645
54392
58294
57596
51738
57859
59671
58380
58088
50911
52083
54223
56842
52453
53662
53722
54154
54752
50768
53602
50365
51033
57896
50296
54826
59595
54392
51050
53989
52743
50971
52521
56983
51078
51459
55495
58453
52666
58035
57328
51672
54718
53333
52121
54015
55545
56157
52219
59523
51608
57242
55708
53280
56692
51136
55428
59668
58514
52589
59810
59624
55110
55444
50775
52081
51174
54175
57330
53168
58407
57365
58848
52042
58448
55851
51146
59262
56705
59203
59571
52401
52258
60222
59468
53702
52133
52278
51094
51993
53442
51026
54486
52869
57309
53965
52519
57101
50364
57365
54916
50547
51105
53429
54553
51936
57967
52353
58802
58903
55548
56265
55578
51024
51579
53048
52965
51156
55294
54237
52676
55045
59917
57120
58161
58156
56390
53529
54890
52310
56765
51510
55427
54870
52572
59109
50831
51264
58645
52084
59915
58718
56510
57922
57635
51532
58053
51437
55444
54678
59092
60021
54643
54176
50325
53274
58369
52664
59503
58353
55752
57919
58155
51817
53308
60034
57848
54668
51873
51840
52544
52148
55847
57027
55403
59102
58124
56065
52806
51940
50597
58820
50744
56987
55115
50686
53373
54217
55079
58779
52870
59924
51949
55074
55924
57255
55442
