19336
19530
19081
19293
19587
19262
19140
19299
18969
18703
18990
18955
19401
19492
19407
18684
19502
18690
19110
19434
19087
19067
19211
19088
19110
19693
18773
19525
18892
18749
19071
19451
19398
18796
18704
18880
18923
19596
18932
18838
19294
19272
19682
18760
19026
19260
19697
18899
19072
18853
19020
19008
18873
19637
18733
18797
19392
19157
19341
19481
19719
19376
19041
19624
19052
19673
19582
19221
19584
19480
19446
19611
19184
19388
19090
18966
19593
18738
19488
19379
19445
18735
19701
19483
19203
19530
19488
18949
19539
19098
19645
18683
19391
18896
18759
18719
19041
19041
18778
19584
18790
18779
19474
19710
19279
19616
18844
18915
19002
19134
18762
19308
19045
19343
19155
18956
19176
18857
18686
19141
19632
19406
18815
19138
19039
19325
19502
19343
18745
18914
18828
18893
19671
19214
18724
19040
19258
18691
19329
19203
19462
19274
19613
19365
19566
19617
18776
19175
19320
18944
19651
19267
18866
19506
18892
18913
18994
18936
19464
19685
19617
18760
19346
19325
19519
19720
19096
19079
18874
19285
18968
19523
19501
18877
18814
19004
18702
19554
19513
19069
18883
18817
19024
19114
19150
18838
19397
18766
19019
18894
18714
19507
19107
19661
19179
19035
19057
19408
18687
19524
18993
19047
19497
19622
19482
18956
19328
19252
18778
19645
19552
19136
19583
18872
19077
19404
19350
19335
19642
19591
19115
19501
19513
19424
18819
18958
19369
19429
18921
18844
19709
19005
19039
19239
19327
18983
19602
18700
19437
19355
19155
19436
18793
19133
19299
19122
19400
19716
18807
19509
19138
18900
19117
19314
19281
19468
19471
19284
19713
19412
19426
19246
19690
19087
19470
19057
19064
18741
18854
19075
19457
19492
18791
19449
18850
18792
18861
19515
19539
19523
19175
19245
19666
18896
18695
18746
19070
18926
19218
19207
19565
19222
18801
19131
19231
19709
19378
19234
19509
19688
19662
19379
19097
19255
18717
18699
19054
19176
18855
19136
19072
19231
18986
19640
19528
18877
18951
19500
19328
19217
18929
18750
19672
19151
19028
19191
18809
19668
18892
18998
18699
19073
19093
19086
19544
19175
19079
18855
18849
19327
19300
18920
18972
19063
19003
19092
19454
19320
19627
19382
18940
18940
18988
18993
18817
19068
19046
19568
19495
19653
18774
19190
18865
18996
18759
19526
19458
19593
18979
18966
18996
18982
19414
19501
19690
19217
18948
18730
18696
18753
18937
19086
19380
19705
18894
19028
19655
19057
18989
19465
19596
19290
18821
19547
19471
19135
18916
18683
18896
19232
18714
19612
19409
19609
19287
18808
19631
19225
19176
19057
19335
19520
18852
19565
18806
18860
19180
19004
19361
19336
18904
19457
18976
19617
18907
19344
19062
18742
19328
18955
18906
18782
19693
18831
19718
19617
19406
19102
19553
18996
19636
19154
19571
19383
19253
18985
19162
19403
19496
19485
18981
18738
19635
18934
19529
19411
19059
18907
19013
19363
19360
18918
19054
18754
19246
18911
19670
18745
18971
18743
19371
19371
18756
19557
18838
18875
18744
19367
19553
18954
19006
19131
19677
18790
19302
19461
19508
19022
19220
19617
19373
19481
19407
19399
18703
19151
19413
19438
18803
19347
19656
19542
19274
19089
18714
19374
19323
18744
18797
18909
19678
18702
19588
19093
18730
19077
18977
19340
19121
19094
19088
19272
19350
18834
19063
19484
19326
19231
19271
19536
19491
19277
18737
18929
19486
19261
19126
18691
19253
19716
18802
19102
19188
19653
19518
19100
19368
18916
18928
19285
19567
19688
19316
19285
19386
18812
19354
19552
19235
18711
19490
18899
18947
19160
19075
19225
19147
18816
18722
19686
19284
19211
18785
19214
19692
19671
18745
18737
19261
19681
18859
19147
19446
19719
18712
19482
19156
19501
19543
18797
19256
19196
18739
19239
18973
18716
19212
18929
18871
19216
19347
18877
19630
18863
19324
18765
19154
19631
18890
18801
18911
18881
19267
19110
19388
19518
19117
18748
19011
18887
19286
19627
19687
19233
18957
18761
19331
19399
19526
18793
18748
18699
18842
19031
18701
18841
19154
19610
19650
19105
18935
19465
19575
18797
19447
19537
18940
19309
19490
19017
19497
19404
19036
19188
19667
19099
19441
19207
19574
19603
19266
18946
19300
18997
18722
18773
18699
19050
19404
19225
19535
19317
19692
18921
19026
19209
19488
19682
19044
18732
19265
19282
18798
19385
19079
19438
18925
19688
19644
19292
18895
19052
19518
19690
19489
19098
19057
18824
18984
19449
19521
19494
19277
19151
19252
19529
18991
19071
18913
19455
19237
18842
19627
19352
19525
19456
19059
19551
19066
19071
19652
19268
18836
19527
19603
19024
19189
19485
18953
18799
19588
19173
19263
18960
19217
18982
19058
18950
19153
19069
19558
19103
19331
19469
19681
19288
19694
18781
18852
19038
18691
18889
19066
18921
18978
19424
19238
19440
18869
19495
19589
18966
18743
19571
19265
19538
19655
19082
19509
19015
19628
18907
19499
19604
18693
19380
19164
19489
19190
18735
19289
19661
19316
19002
19162
19571
18696
19353
19013
19446
19272
19321
18782
19611
19509
19489
18956
18761
18765
19057
19079
19495
18972
18983
19684
19715
19203
19313
19489
19485
19133
19389
19440
18880
19450
18844
19613
18956
19080
19021
19274
19485
19259
19690
19381
19354
18909
19024
19122
19135
19392
18968
18877
19212
19208
18793
19376
19408
19579
19265
18944
19304
18761
18714
18686
18970
18922
19583
19364
18906
19334
19307
19721
19136
19004
18986
19351
19550
18952
18893
19340
18702
19142
19252
19527
19006
19441
19640
19273
18986
18974
19284
19091
19388
19582
19129
18883
19498
19269
19325
19278
19346
19420
19708
19332
19431
18716
19245
19134
19408
19689
18903
19508
18959
19091
19201
18690
18689
18889
19692
18710
19569
19134
19156
19487
19316
19226
19511
19083
19251
18709
19587
18931
19019
19012
19295
19555
18938
19598
19680
18924
19274
19364
19080
18874
19576
18834
19520
18816
19209
19202
19486
19573
18855
19680
19122
19687
19159
19112
19353
19694
19266
19651
19304
19414
18840
19499
18874
18960
19679
19133
18921
19391
19426
18896
19024
19082
19442
18957
19291
19157
18813
19510
19614
19347
19032
19630
18837
19478
18925
18777
19402
18880
18918
19261
18744
19334
18699
18948
18904
19703
18814
18912
18687
19201
19200
19636
19508
19453
18818
18805
19011
18716
18956
19214
19285
19510
18867
18996
19369
19681
19274
19071
19499
18795
19277
19221
19110
19532
19464
19616
19422
19463
19354
19525
19397
19253
19465
19296
18883
19221
18701
18955
19629
19053
19033
19032
18883
19295
19539
19344
19525
19037
18727
18883
19622
19353
18706
18765
