59575
52349
57295
59720
56885
54516
55353
56877
57707
58944
56515
53462
59534
55240
53363
52579
54262
52927
58890
58887
54419
57157
53428
52364
55668
54313
56106
54593
56334
56821
53507
54415
57596
54255
56050
53070
59474
59354
59324
53274
55810
59491
58393
59242
53217
52982
58066
55582
52920
56466
58847
56246
53569
56303
56376
56895
54353
54889
53780
59174
57304
58547
56998
57826
52594
59266
58229
53531
53129
52922
52629
55568
55702
54945
55242
52872
57353
56169
54176
53119
54440
59902
55965
58334
56398
57367
53836
54383
53414
55831
58285
54638
53383
59836
56929
54389
57376
57819
52918
58779
57789
53240
53004
52604
55038
55698
58798
57571
56085
53984
56354
56594
58270
59306
53531
59909
59064
55133
53334
55329
58943
54551
53090
54762
58543
58286
53132
55371
53577
54796
59833
53016
58876
57937
55536
53635
53076
56045
57979
54768
57272
57850
58514
59644
52416
53100
59378
58799
55031
59941
53736
56920
54773
54317
55472
53491
57983
59419
58733
58731
56249
58706
52970
53106
57894
56345
57464
56827
54171
52958
59294
56329
53988
54344
58949
54683
59248
54474
57247
55905
57974
54106
56063
52898
53694
59800
54487
57702
57106
58229
56245
56748
58184
58784
54453
53849
54604
58759
58182
56901
54418
53398
57250
54285
58565
59918
59388
58989
52795
53839
52923
55200
55016
57453
59361
57408
57057
56394
59955
57622
55446
59860
59925
53523
53774
55528
54679
56300
54982
57312
59568
53712
52785
57139
54079
59007
53277
53138
52897
53623
56723
55097
57688
59273
58896
59556
54968
55066
53813
53798
58884
56410
55247
56700
54694
52887
57782
58472
58453
53769
54675
54286
58967
57986
58749
57723
57510
56580
52703
53259
57606
56600
54940
52736
53324
57565
58982
52502
57380
55348
59646
54528
53641
52663
58285
53517
52761
57451
56031
55645
54126
52502
57450
56708
59387
57274
52846
59955
52457
58115
52504
58194
56898
52898
52680
57917
56702
53401
54039
53800
55887
59827
58119
55816
55268
55685
55056
58544
59904
56511
57894
58433
54318
52906
52613
56621
52949
59534
59842
52543
54464
53611
54231
57233
53812
54584
58050
58068
59647
53179
53177
57389
53074
53582
58576
57571
58679
54948
54039
53265
55744
56595
58122
57668
52964
59734
52858
58445
53652
55283
53931
55184
54032
52687
58019
53320
52591
57234
57852
54109
59481
53327
59633
53039
53680
59601
58916
58877
59826
53808
58788
57628
57052
53144
57521
56722
56183
58861
57371
59254
56025
58622
56717
56210
54793
59122
56850
52864
54223
56158
57031
52816
53619
54296
58681
54988
53788
59245
55456
52583
54752
57742
58399
53692
58901
58828
53086
53686
54910
58957
52781
55456
54523
54120
58958
57444
52837
58140
53103
56205
53268
53074
56724
57912
52604
53251
52621
52630
55138
55560
55024
54893
54859
55576
57720
53391
53108
59964
59959
54735
58622
59674
54837
56791
52440
58844
58419
59881
54203
54255
53147
59513
56303
52613
53309
58298
54030
53609
56333
57599
57169
54501
53005
56050
56372
54476
53498
56857
53375
55638
58931
59809
53981
52922
56869
57061
54274
53644
58917
55105
52933
55057
53970
58293
55839
55006
52396
57320
56532
57401
53687
58910
57347
55396
58471
54384
53374
54815
57284
52743
53927
58038
56575
52753
58276
57540
59373
57992
53636
59504
56331
53598
53969
58163
56551
58202
54177
57984
54834
54317
55653
53510
54172
57958
55293
54121
56010
52803
53084
59091
57256
52894
58783
57125
53425
56036
56121
58538
59200
58420
52976
55782
58953
55151
53761
56628
59172
59776
53870
52651
54485
59892
57843
54568
58222
56424
54057
57100
55988
56896
55172
58551
56393
57350
55664
56910
55119
55352
55124
55767
53686
59692
59127
56562
55043
54601
57431
54215
54242
58431
55173
58153
59851
57736
54371
56554
53715
53097
58847
58719
57328
53923
59401
57381
57212
56903
58631
57955
59031
53068
55348
53424
57197
55810
57220
52757
58643
53588
54924
58707
57560
59732
54135
57420
56227
55848
59501
57565
54144
56915
55398
53095
57373
57680
55761
55202
55073
53444
58766
55146
57773
55179
52490
56551
55318
53152
54270
56958
52623
55159
53773
59335
52966
53312
53417
59519
58813
58220
52591
59725
53137
58655
56730
56981
56340
57282
55006
52477
56015
53610
52811
52959
54469
53811
57607
53537
57028
55206
59444
58585
55498
55171
54914
59213
59779
52945
52427
58932
59605
57202
55720
57413
58797
52562
57344
57594
56043
56283
52713
57201
59871
58913
54934
54653
57018
56809
58941
53338
54612
58111
57029
58879
53660
54064
56197
56893
54221
55523
54008
53373
55374
59589
56061
55716
53954
54167
55172
57155
53537
56461
54411
58483
54247
52709
57598
58758
54568
53695
52459
54944
56115
52886
56375
53402
55777
55905
56512
54000
52451
53765
53291
58736
52448
55127
53918
56110
57870
57337
52529
59840
59567
53362
59035
52964
53315
56811
57655
59406
59491
55116
54894
58186
56067
52790
52762
59401
57172
59807
53888
53000
57117
52770
58705
55975
59709
52460
59551
56782
58798
55274
58341
58742
58162
56020
52568
53396
59014
59603
57613
58091
55545
52445
57939
58333
56171
59280
53491
53450
52537
57368
52802
56256
56083
54747
52522
54087
57417
56228
55946
57718
56617
58964
59832
53369
59132
52919
59258
52700
59449
59618
55452
56041
53216
56904
55602
59134
57661
54698
54025
56713
56936
55908
52414
54881
56470
54553
54162
58618
55748
52745
56719
53387
53916
59005
54019
59177
53209
52717
53176
58957
53399
55675
53861
55488
53779
59488
58202
54365
56846
53167
59614
54134
59671
53335
54201
59608
55070
57197
56891
54168
54705
53908
54902
54373
58226
58371
58846
53507
54676
53384
54296
59142
53167
53566
56406
52988
52467
57999
57702
56148
56257
57328
59217
55524
59604
57543
53049
57832
55844
57163
55178
54656
55894
53288
54427
54606
52753
58098
54009
52553
53329
58746
54367
55390
57549
57141
53867
55641
56302
56098
56965
54541
56676
52613
55087
59607
57193
56199
59201
56567
52421
59081
59966
56233
53931
52543
57092
57773
57135
58554
58586
56019
52654
58760
53815
55137
54058
58771
57625
53105
57358
54390
53540
52538
55241
57511
54811
54024
58951
59047
54678
53809
57691
52600
53813
56057
53941
57909
59374
58540
56825
57217
54680
52525
59013
52418
57611
59028
59004
57475
56409
55446
55038
53929
58108
53977
56258
57075
54138
56687
54541
58786
57541
58259
54487
54068
58656
56424
58192
53169
55615
54646
59713
55033
53914
53327
55231
59841
58728
58689
56740
56059
56375
54008
54800
57172
54076
52727
53704
54145
57656
56923
53998
52690
58576
58786
57941
53706
59461
58407
55607
54046
53288
54537
53494
54508
57020
53187
54371
54511
57860
53275
55007
57622
58199
55139
58294
52706
57712
56540
54130
56306
56838
52705
59091
53759
53119
54966
59817
55393
58619
57403
59610
52531
54549
56689
58169
56209
56075
56464
55822
56173
53566
52646
57898
57910
55172
58557
52546
57880
52605
57795
55033
53928
54224
57003
56967
55712
55041
57083
59045
55658
54318
52995
59141
58562
57189
58194
57319
54634
59626
59609
57393
53200
54358
54465
59181
54236
58013
53845
53540
53268
55202
55119
57574
57397
54508
59613
55147
59079
53173
55585
59494
53548
54536
57539
53648
56119
59086
53810
57919
55378
57701
57853
57541
52870
58972
55011
59786
52784
53512
54501
55003
59022
54679
54668
56090
53528
55956
56745
52885
52747
53933
59266
54704
53799
57640
53855
59448
55715
58210
58863
53433
57968
56801
56021
55369
58450
54146
55863
55726
58126
55744
54027
54489
53111
53344
53580
53035
57737
58035
54203
57718
59774
53967
54856
59703
59538
54292
55037
55331
56221
55802
56756
56583
52353
54768
53258
56033
59341
57247
58494
56860
53163
53907
54565
52425
55310
55823
54290
54854
59642
56960
54339
54927
53401
55415
57291
59462
55399
59259
59913
53501
52504
57646
59097
53215
53905
53827
58306
53246
53979
59648
58534
52859
52902
52395
57988
53066
58482
56969
52446
55432
56783
53332
53832
53340
54080
55103
59446
53753
57172
57976
52723
54717
56101
55298
53205
55119
56650
57407
58006
58867
56520
59170
53738
53602
52912
56806
59541
53677
56891
57132
58856
55824
55898
53408
56723
55753
57579
58532
57269
57155
53572
55527
56889
55930
59272
52495
53654
54841
58086
58050
55151
55811
57387
52773
55745
53230
54781
53264
55151
55350
56064
56751
57812
58844
59558
53512
52792
52564
58841
58251
54234
53238
58733
58203
54210
56967
57909
54014
59313
53374
55042
59365
57997
57231
56040
59135
53180
57509
59107
52956
59247
54418
55296
56358
56405
54749
54398
57856
54451
55497
54208
56761
55610
57872
53359
59180
58981
58300
59163
53911
55902
54421
59907
59481
54805
58150
52391
55670
53964
59648
55009
56179
57680
56446
59738
54343
54932
53056
57883
55306
58576
54016
57973
55379
53520
59101
53436
55063
54688
54366
54094
54914
55122
56764
57044
55502
55518
58695
53156
58057
52869
57794
52572
59028
56705
59059
56215
54597
56766
52951
54042
55661
57639
54455
56237
56786
58427
59770
59966
56706
54136
55517
52656
54438
54242
55537
55284
57830
58996
55185
58820
57882
58551
54085
56760
56573
58178
57025
57137
55690
53079
54102
54554
53376
52432
52979
58458
52614
56503
54623
58970
56440
52362
57483
57621
59847
59014
53043
57063
57064
53966
54447
52818
55736
59834
53369
56603
55905
59230
57851
58816
59465
53386
56992
59296
59380
56843
54988
52592
56538
59901
55436
53302
55435
57501
56642
58841
54416
59813
56526
53338
53923
53067
59501
58164
58654
56249
57800
56687
57680
55768
54419
53557
52581
55004
54947
58891
57494
57127
58892
53125
54965
57759
53790
56917
59244
55465
58603
58712
58734
58670
55264
53801
58912
58805
54286
57914
53088
58035
52845
54252
53899
55524
59659
55745
59965
58323
52922
58244
54371
53591
58342
56221
55065
53102
56071
57021
57126
53848
54354
59749
56253
54331
55565
57619
54155
54017
52979
57208
58344
52416
57222
57963
53984
52915
52479
59537
53188
56939
54126
58419
52461
53907
56223
57541
56466
59662
55154
59558
54814
56796
55254
59516
53423
54972
53408
55659
52565
52759
59262
54947
56598
56727
54184
52592
55522
55131
52510
53806
58307
59615
57170
58535
53190
56889
56066
58279
53479
52889
58718
59943
59245
52915
54536
54745
53604
53393
54168
54344
59350
57053
59017
52713
53017
58930
56111
57242
55076
59555
58401
58417
54708
54001
58922
54822
52503
55675
54412
54671
58951
58067
59657
56108
54377
52496
52762
55663
56741
53098
58299
58158
52609
58788
57220
59846
52861
59597
52956
58535
58045
58845
52902
58688
53358
57230
55784
53658
59643
52997
57039
54216
55282
59968
54853
58362
58143
57922
57501
58627
56511
58439
52741
52471
56179
54040
54088
52416
56072
56014
53937
57698
59895
57478
55358
59787
59907
55463
53552
58531
55464
53542
54149
59133
58680
56300
55990
54396
56908
52861
56290
59166
55267
53932
54512
58887
55972
52931
53665
59113
58226
53947
57936
56247
58572
56483
54268
54289
52734
54477
57557
55717
52568
58552
52811
55865
59360
53250
56788
54141
58922
55704
54812
55489
57680
55478
55028
53486
55328
57682
56184
54354
58169
52369
58917
58211
59584
58847
55952
54621
56118
56441
52935
53733
52666
58182
58515
53890
53031
52442
52729
55726
53909
56261
58121
55791
54191
52788
58278
54317
54334
57199
57120
53408
59290
53326
57059
54867
59780
56473
55610
56160
53074
55779
53946
58203
53270
59816
59898
53268
53943
56345
52819
53436
55706
53936
58874
57902
55060
55814
56975
55532
56508
59845
52593
58628
57435
56529
53024
59729
59441
58492
53220
55687
55969
53167
55606
55314
59450
55298
56108
54512
53533
57455
56062
52656
56445
57723
55784
59779
53136
55956
54173
57306
54484
53036
57821
57546
54900
54898
59099
53832
55595
58496
57043
53607
56586
52354
55970
55720
56807
58156
52348
52851
53188
53572
53032
58109
55823
57901
53616
59824
54400
55318
54693
55641
57367
53508
55899
56593
55345
59695
59744
53496
55063
58717
55309
56188
54429
59207
58985
52866
55047
55565
57645
53826
59793
54151
54840
54127
53790
58795
52377
52439
57291
52393
53020
53512
53513
52592
53475
59144
53609
54715
56448
54647
57281
53483
55342
59003
54503
53080
52859
57030
58399
55105
56542
59925
52962
53271
53356
53640
55627
54598
53670
58555
52699
53202
58447
54182
59842
55668
57845
55984
54484
57363
53414
57956
53977
56578
55255
53622
54264
52343
54924
59051
57025
57729
53953
56587
52801
53491
59707
58102
57008
58959
57519
52469
55464
56976
54665
55793
52801
57036
52768
59974
52988
55349
53425
56748
55584
58611
56030
57197
54441
52355
52454
56738
53105
54257
54163
55784
54376
55033
54015
54934
55761
56946
53778
55687
58884
55202
57665
53595
57124
56127
54469
54838
54095
53774
57521
54494
57188
56606
52618
58691
52670
53775
55163
52645
54479
59421
58926
53393
52839
58963
59516
56025
55374
57536
59037
56449
58252
58660
52432
55215
54845
58790
55636
53061
58409
57307
57690
59411
54132
57178
58109
52927
55266
53651
57026
52791
56823
52688
56323
58782
56478
54152
53167
52876
57034
57349
53304
56156
52455
52893
54976
56479
53380
59790
57241
58666
58993
54286
54038
53917
56952
53631
58884
59029
55591
59735
59187
54896
52887
57161
52579
54407
58397
57674
55044
52544
54545
54009
54460
53486
54464
59282
53803
54772
55619
53620
58673
53220
54403
55525
52886
54438
54487
56497
59467
56174
54732
58999
54689
56015
53796
58449
57746
54667
57201
52449
58670
56966
54683
57913
53673
53920
54432
54240
54126
57635
54842
56458
54563
53412
58558
55507
53409
58286
59681
59817
58344
55475
59273
59933
59012
58898
58840
58442
54212
52456
59216
54062
58051
59779
56839
57561
58977
56708
52468
53203
59738
55393
53165
59079
58636
53475
57154
55918
54309
53197
57096
55135
56877
54179
56162
54374
59807
58949
53240
53347
56501
59567
53363
53805
58818
52681
52697
54222
52970
59321
59584
56227
58696
55208
54862
53265
52497
56677
59834
52931
56055
54554
59858
52497
54848
53160
57570
59186
56350
53132
57140
54375
59109
55474
53785
58137
56273
55016
52642
57811
54845
52995
56341
54350
57040
56892
53319
58841
54346
57826
53423
53423
58643
52896
55887
54999
55863
59151
55081
53899
52858
53971
59123
56246
54949
59229
58168
54632
58292
52699
53947
58244
59308
53274
53933
56952
54935
58318
57445
58462
52488
54407
57607
53028
59379
55594
56261
53699
53363
55152
54362
57066
53079
53598
54379
53408
56031
58515
52523
55892
57012
57061
59541
56308
55027
58653
56006
58036
54306
53515
58578
57419
58782
59298
59393
59361
52872
55039
58943
54656
57655
56104
52584
54362
55839
59705
52348
56587
56564
54509
55393
55634
56198
52361
59242
57928
53272
53757
59613
57857
55335
55248
53716
53098
56143
59745
58920
53521
58396
53768
53237
58253
54561
56720
55593
55212
58547
56411
53807
58741
52354
54244
53920
52879
52462
54012
54882
57942
59277
55155
53310
59739
59015
52712
55054
53755
57724
57436
54189
57854
54356
56835
57963
53787
55684
54067
56286
59072
56867
58664
53105
57015
52894
54063
53785
54173
59446
58938
59363
55378
53788
56956
55009
54812
59186
52889
57541
55286
58548
55459
55381
56425
53687
53362
54969
55418
55774
58703
53053
56376
54907
57844
54381
58144
53059
58393
55352
54816
57559
54813
54022
58854
53195
55627
58852
54774
56857
53184
52877
57770
58742
55127
56223
52589
59943
56610
53394
58590
53409
56502
59648
52725
52804
58659
59796
57783
58228
53338
54618
55408
59509
57910
55119
56042
57989
55715
52391
56895
57027
54793
52412
54662
56853
56921
54985
59461
57764
55323
53715
53068
53220
53190
52687
59968
53734
53062
56171
55770
52479
58219
55308
57394
52405
54248
54985
54070
54037
57764
53804
59292
57543
54745
53430
57593
55253
59550
55434
56001
56454
56979
59841
55706
57304
54942
58195
53901
56899
57474
58891
59309
56478
58761
53599
56702
55658
54316
57019
56618
55213
56082
58458
59975
52605
54811
54422
56298
59187
55484
59202
59239
58167
58531
54934
52551
54090
54063
56147
57925
52450
53609
58135
56886
57824
54183
53393
56466
58621
59029
56908
57230
59492
54016
56399
57796
54396
59276
53802
53281
54826
56095
54965
56506
59184
54039
57075
58969
55557
59531
53021
57160
58381
53056
59605
58668
53347
52739
57408
58759
54638
56543
53777
55868
52455
53130
59394
57859
53956
56493
55648
59692
59522
53478
55349
53479
57546
58526
54061
59514
56832
53412
54107
57293
59452
57827
58116
54830
53564
56449
56683
59815
57261
59486
53358
58905
54047
54167
53215
59754
52670
53550
53147
53640
56283
54170
54617
56675
54004
58041
54293
52790
53691
59575
59378
52768
52999
58459
58272
54049
54374
52512
56343
55762
53492
53410
58132
54947
54322
56087
54264
56281
52735
59098
53735
52417
53895
59753
52533
59466
56482
54189
59738
57809
58775
57482
59034
53189
57844
56585
52842
52642
54546
55613
59375
53432
56902
59153
56514
59692
59249
59254
59307
54123
57781
56944
56188
53319
59562
56661
59761
57016
59389
54269
55121
58640
53886
53128
53228
55963
55116
56359
56473
57796
54449
55756
52632
58277
53559
56481
58799
54846
57948
52390
55337
59860
59208
53135
58258
59105
53775
59142
58746
54247
54445
59508
53405
57535
58366
56137
58424
57114
56022
55859
57655
56703
52871
54205
59958
58141
58326
55993
56763
54617
58633
58385
56798
58008
54305
54005
56674
55718
58076
55480
52699
52466
55802
58380
53487
55522
56259
56856
57457
54784
52847
56632
53720
52829
59111
55856
54069
53804
59516
57756
58652
59898
57124
53494
58498
53654
57393
53132
54772
57467
59656
55088
52556
55105
57424
52687
59924
55588
52933
52442
59336
56549
59043
59559
56242
57009
57981
54913
58988
54525
55790
58948
56422
52864
53068
54824
55335
58137
56243
56474
57098
58666
59397
53512
59480
56574
54083
58836
54295
57271
59811
53542
55662
59061
58326
58176
58277
53721
53388
53668
55246
55138
57431
52577
56271
58052
54392
56700
53110
57553
59785
55004
55079
56864
58826
55330
59454
54356
57255
57576
55330
54432
56194
59165
57851
53133
55578
52985
54081
57715
59750
58038
57183
58003
59938
52940
53514
53916
57581
58356
59945
58572
58035
54303
58845
52519
52484
55710
59228
56641
53143
55075
52423
58161
52569
59854
57686
54605
54261
57823
57566
54205
54909
55617
58552
54234
57390
55848
54529
59047
56586
55966
53508
58842
53582
52603
52369
52504
56234
53447
55779
54015
54519
57787
59077
58599
57843
59646
57850
57253
58319
55318
55536
58679
52348
54177
54147
59971
59621
59952
52582
57093
54593
56974
55143
59084
53006
56058
59003
58012
56998
59553
58264
58583
53009
56234
58181
54530
56438
56345
57941
55701
52785
58928
54445
55811
59515
53975
56349
59430
57550
53049
57412
53061
53205
59406
53512
59912
53506
57115
58443
59156
56665
54949
53979
57210
59500
54266
55785
53054
56326
53611
55415
55277
55939
54085
55270
56419
56191
55720
56955
55169
57848
57270
57057
59649
56901
55057
58048
52922
56271
59324
58953
55639
56493
54725
53212
57334
52593
59524
57862
53692
56265
54277
53229
53568
57284
53868
57012
56730
56525
56117
58663
52819
55907
56857
54752
59697
53310
52391
59821
53456
54389
52528
58857
58986
52978
52466
58706
57372
57510
55756
56323
54419
58837
54942
59833
59819
53491
56375
57648
56204
52406
53268
59805
57902
54286
53837
53985
59954
54563
53641
56352
56076
55749
52940
58964
55320
56310
53974
58027
58811
59555
53406
57321
58671
54231
54882
53230
52628
59214
59039
55082
59441
57048
56541
57854
57059
52847
52751
52764
57040
54987
56078
59571
53957
53456
57662
57778
56902
59822
54685
59504
55400
55655
53341
52947
55296
53958
55726
59550
55020
54920
57351
52878
54550
59180
53802
53552
55273
56396
57477
53480
58442
54968
57103
54134
58618
56694
59626
55010
58225
57499
56846
54062
52543
55310
55767
52713
57054
58086
54148
54747
53964
54327
56003
56754
56729
55811
57219
56314
59648
56228
52456
59728
57060
58712
59018
53102
59514
59859
58735
53803
57971
57013
54238
55617
57766
54516
53537
59703
52579
54289
56805
58447
53495
57645
53289
52958
53546
57641
58736
54020
56179
56212
59636
53401
58889
53579
53438
54355
53632
56884
55178
59452
59006
54591
56364
55273
57485
57382
59523
55299
54092
59199
55537
54419
54362
54755
53523
57251
58710
58517
58054
56268
53657
59751
59901
58953
57567
52707
53104
53635
54070
56503
53888
53326
56289
56971
56632
57265
59963
56742
54111
53578
54141
52869
53446
52606
56882
52567
52393
54781
55117
58342
57554
54294
58539
56740
52870
54001
58549
52382
52431
58865
59501
53940
52452
53944
56604
59448
59710
56055
55533
52592
55201
59007
52643
53228
55037
59862
52676
53070
59244
59264
58165
59892
53382
57876
58400
52827
59451
53313
58438
52717
58377
53875
58628
52539
53196
54945
57875
52555
53220
58286
58600
57508
54895
53075
53698
54664
56352
53542
52662
57784
58573
58255
56895
59908
58355
59383
55978
59875
55982
57593
53564
59880
57346
57584
58496
56455
55557
55302
55532
58965
56727
59551
52600
53057
53216
58878
53503
54445
56111
54673
57785
56950
55843
55787
59805
58003
58378
55730
57084
54288
54082
54430
59715
54601
59097
54002
57132
58234
59258
55192
59051
53007
58425
59038
59034
54057
58111
58085
56894
55891
55385
55108
59972
56561
54901
58044
59853
55393
56029
52508
53100
55583
57074
54568
54231
55153
57291
52362
54681
58869
56673
52817
54735
54192
52368
57927
56667
53232
59364
54246
56350
53105
57925
56330
58678
58965
53197
59375
54183
52985
59742
55398
59161
56725
58701
54362
53638
54376
56854
59762
57543
57607
59240
59347
52796
54364
53735
53358
57873
54605
53729
59750
55216
53880
59019
58958
56431
53953
52923
58512
57168
58693
56446
59356
59752
53393
57451
54876
56691
56569
53301
56026
57689
54507
56728
58847
58724
55878
59382
54326
52969
53144
58926
53193
54344
53615
55355
53838
54373
55981
57837
53160
53646
52767
57378
58154
55474
58295
56557
54870
53290
56814
54358
56064
54620
53289
53515
57260
56108
52825
56751
59101
52839
56394
59242
52553
53359
59168
54887
57992
53540
53903
57664
57501
59677
57456
56725
55514
57632
56312
57307
56539
55970
56249
55162
55152
56313
56256
56490
59505
53401
59668
59817
53955
53942
53933
54520
55054
54799
58320
58383
54813
53584
59015
58962
54152
54153
59710
55485
55248
57702
59220
54921
53418
53141
58885
57656
56291
58551
57610
54382
59617
56558
54292
53419
52608
55809
57778
59211
55949
59030
56995
53692
59272
59457
59239
58715
56197
52920
55713
52874
53626
53407
53193
52539
58695
58073
57290
55324
54934
57958
54264
59114
57287
54093
57861
54333
54551
53408
58803
55284
54870
56282
54131
54248
58121
56278
57299
55470
56296
57236
59793
59375
57818
54459
57659
58997
53994
53230
59950
57366
55213
56459
52526
52352
57543
55875
52734
59110
53961
54643
58228
59040
53608
54017
55669
55159
53471
55144
53226
53467
52442
58550
54156
54102
59818
57089
57858
54154
52683
55799
54042
59115
54991
53644
56010
57731
53575
54335
56915
56791
55915
58397
53625
55249
57382
58473
54205
55161
58338
52724
56445
54056
59105
58855
59831
57975
53934
57425
59241
54103
59470
58843
56981
59534
56351
53127
52593
56544
55044
52445
54054
54364
52541
53584
58325
53152
55120
52715
52520
53442
55285
53216
58417
53466
56009
53520
53636
59595
56195
52439
53751
55823
52909
52924
57238
56758
52880
56184
52592
55500
53092
56413
56765
55762
58961
57323
53695
53689
57630
54531
55317
55997
59736
54978
53316
53620
55574
56087
55665
56598
53457
59670
56719
55305
53158
52520
56974
59235
56704
56353
52810
53012
53106
52452
57629
59960
53164
52581
57539
59040
59427
53131
53629
52724
57614
58490
59029
54825
56153
55025
54844
55659
54291
57102
56924
57737
57397
56565
58998
52631
52678
58827
55946
55413
57221
56091
58462
55245
55857
52759
53469
55450
57178
59406
59811
53696
54661
54259
53526
58628
52850
56982
57291
54035
56547
53150
57949
57783
53199
56092
56902
58060
55336
53423
57871
58512
55734
54281
56319
56437
55072
53651
59631
59040
53213
56617
56327
59249
59885
55268
56939
58275
55011
57520
56404
53569
53708
54843
56227
53568
53193
58409
52559
55405
57348
59115
54942
58400
53188
53426
54307
53672
59607
52846
57429
58856
54243
56393
56826
53946
57252
52762
53939
52708
52513
56388
52913
58777
54617
53836
56634
54650
58174
55282
53897
53311
59108
56592
55139
53689
54053
59661
59363
53760
55445
59921
56437
53145
56095
55775
53652
55245
52771
52824
53861
54523
52654
55293
59007
58081
58344
53442
54669
58778
53590
55708
57401
54188
53468
55703
53882
59820
57645
57224
58392
55044
54743
52523
54623
58889
55797
52808
57292
58145
54446
56023
57939
57828
56304
52494
54756
56573
58641
53686
59681
55405
53457
54421
54794
54213
56272
58552
55992
55300
58751
56164
57394
58551
58933
57185
56173
58686
59217
55134
53748
54592
58603
53910
57078
52887
53445
55840
53644
57566
57939
56389
56371
57175
53268
54469
59124
57650
53865
55997
53726
58374
57817
54499
55383
52385
57449
55474
52713
59279
59108
57080
52575
56709
52746
56376
56984
55386
52762
59872
53253
52734
57805
53402
58563
58570
55127
54501
58954
58069
54639
56287
58605
59261
59675
53153
57425
55643
52854
53981
56081
55932
57061
54932
59517
59244
55011
57936
53035
58392
59685
55679
56272
53600
58620
53968
59886
56586
52480
52896
54307
54900
54981
56425
54320
53876
55088
54058
53964
52874
59892
53458
53790
57237
53646
59026
55834
56444
55312
59356
54459
57486
58897
53807
56172
56866
57675
57031
55732
58370
58423
54448
53487
56607
54550
55532
54634
54967
54472
58876
59948
58342
56176
54550
58971
53626
53812
56520
58427
52543
56692
56839
56651
55222
58238
54670
52477
53002
55533
52846
56294
58316
56718
53816
54632
56837
55322
58984
54395
58070
54180
58186
59479
59399
57580
53340
54700
56494
52902
54032
58436
57631
57831
57295
52635
59847
55612
59686
56173
59011
57299
55414
59209
55557
57466
57480
55251
56992
53957
59956
56571
58059
54944
54385
58936
54661
59395
58843
57630
58123
56045
52500
56558
54888
54319
57665
56597
56038
56810
54737
55989
57349
57031
59855
54010
54923
53194
53204
58905
57975
55788
52469
58254
55501
56475
52783
59936
54007
52542
58968
54356
54260
55258
54821
58268
59437
52651
53504
53945
57073
57690
55021
53391
52552
52382
55776
57126
55171
59588
58069
53583
53179
53199
53339
53843
52526
59687
58743
52653
55677
58575
53605
57095
53032
58080
55036
53468
57258
57181
55531
57931
52660
54360
57969
52392
55012
52857
54302
57156
53119
59493
53888
52726
53944
57112
59553
56994
52504
56836
55405
53042
59311
53328
54303
53735
59672
58936
54552
54333
59917
59314
52404
58434
55698
55898
59791
58934
53617
57240
58820
57503
57962
58911
59432
58659
55513
52455
56847
58943
54961
59828
57457
55750
56086
54076
57234
52380
59026
56631
58960
53010
53969
53722
54303
54730
53292
54136
58656
57646
58381
59948
56060
53469
53098
56139
54072
53349
56757
55737
53759
52688
54303
56643
59588
52890
55129
59738
54008
58433
56899
53405
52904
57561
58238
54896
52849
58671
52555
55155
54688
56714
53360
59945
58730
55157
58158
52902
52860
56635
52543
55244
56490
53664
53808
53962
54319
55676
57104
57231
55526
59337
53031
58108
55758
54743
58903
55460
56732
56507
58665
59552
54429
52878
55826
57233
56527
52479
53936
55312
59762
54008
54408
54625
52357
53933
57369
58393
52347
56237
54212
59646
54134
54157
55079
58840
56080
59319
54684
55764
59262
56927
56405
56090
56513
55615
57094
59542
56210
56832
54280
55411
52388
59916
52385
58567
53707
58133
52617
59299
53286
57218
56604
56308
59243
54532
57948
54768
58709
54884
56515
58475
56822
55112
57258
58588
53899
53096
54331
54013
55849
57194
52647
55035
58348
56688
54454
55627
54001
52938
53883
58060
55529
59677
58333
55081
57252
59544
59057
59304
58351
57495
56056
54262
59681
53410
56446
55988
53592
52589
55974
53964
53078
54165
55825
54041
59168
52431
53450
58307
54232
54142
56055
52807
57200
53233
52625
59463
55131
56995
52932
57478
53896
55219
58458
54558
55097
52424
52982
57835
52468
55649
59765
57530
55288
56466
59123
57623
53606
56852
54751
56297
54006
52891
57815
55914
58379
53283
56060
52364
56235
57123
57293
53019
56056
56497
52774
52437
56303
55796
59210
53251
58269
53340
58492
55302
53216
53900
55908
58185
56694
59626
58448
56871
55052
59591
56856
52647
57926
52965
58308
54962
56181
55382
58655
54039
54596
57373
59049
54108
59879
52383
56269
57366
56517
54869
59385
58637
54990
58709
55106
53465
58063
54255
57450
53077
55484
59047
59118
55563
54431
57830
53621
53526
53655
58848
54634
56815
58737
58670
53869
56954
57842
58885
53896
52798
53465
58001
58032
53852
55264
55308
59571
59903
53755
52387
53700
57779
58720
53094
54281
53287
58305
52449
59602
54141
53595
58861
54272
57547
56754
53270
54672
59728
59600
55590
53531
59315
56045
57967
59059
52483
56218
52776
52717
54740
52588
54225
58180
54339
53749
59322
54265
54097
59012
53529
57083
54073
53198
59337
54808
58099
59555
58560
57394
54588
53451
55085
54672
55258
59157
59232
57678
54069
55470
57499
59928
55547
54521
56161
57185
55801
52359
55729
57287
59842
57838
55521
58836
57358
58137
53861
52819
52623
53923
54397
54915
58916
52720
55172
52973
58346
55203
57046
55909
52828
53710
54717
54376
55015
52886
54288
53683
58751
57319
53563
52934
56077
52618
58928
52949
53806
54256
55275
55028
53976
55960
54054
52655
52957
54076
59871
52963
52509
58267
54939
53993
53886
57880
57516
58841
55625
54738
57105
59679
54458
59200
58200
59724
52463
53960
55038
57225
53043
58780
54005
53178
58721
59544
54905
52981
56501
57261
56187
58506
58825
53852
59318
55802
57048
59542
53383
59161
53426
55097
57542
52631
57186
53874
52593
53826
53184
58209
56464
57148
55870
58288
54323
56795
52531
54153
59425
57432
55382
59682
52610
55303
53766
57732
55281
54516
57756
58741
56698
54832
58716
53170
57760
59436
58384
55553
56454
59737
55992
53806
53560
54872
54595
53246
53356
54067
55054
54129
58647
57183
53022
59591
54940
57657
58593
56145
56887
53630
55997
53184
54012
54222
55633
58706
52931
59402
58177
54161
54030
57706
59843
54052
52596
56182
52429
54824
55393
59549
57552
58272
57291
55623
55160
58309
56413
56297
55365
55740
52756
55811
58206
56693
54315
55171
52424
54150
59552
57096
53601
54785
59642
54355
58213
57989
56034
52993
58080
58819
53447
54366
52491
54299
53091
57544
57765
54826
54259
59743
58836
59714
53784
57492
52459
53394
56268
57085
54087
55396
56593
59762
54824
55721
58833
57869
57873
59930
59349
58346
59669
59641
56283
54928
59625
57018
54289
52916
57844
54380
58281
59299
58882
54774
58473
53327
57462
55619
54884
55199
56006
53261
57389
53140
52377
58338
57354
59222
55658
55196
54205
53917
58449
52545
55977
59478
56330
52656
56407
59197
59179
59875
52681
55471
55169
55669
58336
56871
54787
55864
55525
59357
56674
59921
53015
52682
58838
57212
56035
54130
54063
59515
55819
57778
58942
57812
58132
59868
52676
59935
53713
53888
58957
56610
56192
58914
58427
53022
54118
55717
53457
57336
57677
54553
57064
54837
58103
56793
52827
59855
54286
56096
54559
53676
59379
58861
52718
53937
59299
53965
59940
53729
58293
58524
56686
56813
55260
53208
56411
56913
53896
53181
52722
56448
55904
55659
52670
58558
55158
59874
55685
53946
59638
58232
55364
57322
54035
55136
54342
55252
58739
52969
57832
55726
54567
53412
59595
59561
52416
54039
57805
59652
53026
56204
52873
54915
56395
59387
56408
54462
58828
57723
52899
53141
58476
58392
53675
52928
52488
58064
53335
56260
57476
55320
55578
52349
52736
57480
53053
52684
52897
56701
52772
59964
56425
53404
55567
55293
52779
58276
56317
56199
52915
57405
59305
58899
54217
54719
53296
57699
52817
59830
52353
56761
57016
54344
53748
53934
56965
58291
57511
56677
57023
59006
56532
53125
55333
53577
53642
57807
53490
54067
54681
56469
53358
59749
58341
53794
58398
57733
59239
58024
54700
57198
54139
52945
59676
55740
59520
55274
56794
56902
53110
52470
53827
56821
54021
54818
59140
58004
55292
53660
53451
56421
55939
54390
59246
53946
57391
57521
56003
55335
52583
59752
57509
57247
59298
58390
52988
52455
56143
55352
55453
58946
53799
54609
54785
57443
55233
53422
53699
53148
57991
59082
52527
56839
58099
56442
57274
55717
58519
58799
54456
57669
52513
55420
52353
54136
53257
54754
54556
52991
56384
55106
59048
59694
55169
57807
58813
54135
57050
57721
52870
59643
52615
53923
57749
52515
58145
58022
53231
53874
59426
58333
54028
59895
52379
54791
56119
54568
59708
57303
58610
57553
58944
57433
52377
54543
56077
54440
58952
59224
56604
55552
55891
59117
58445
56101
58185
57477
54264
56485
58962
59308
54723
58620
53574
57459
59454
58773
58981
59959
54392
56067
53511
56769
57041
56375
59059
59062
53245
56178
55412
52555
56362
56440
53736
56556
53498
58295
57704
53271
54436
53372
56417
58226
55332
58875
52431
57236
55179
52734
53989
56907
58953
59416
53231
58101
52735
53336
57551
53000
53347
56135
53344
52434
59043
54364
57750
53889
59460
54026
54302
58956
54800
54411
58734
55734
59223
54697
56155
57475
59098
56768
58695
59497
52493
59064
56011
59434
56924
53910
53042
54729
53284
59083
57430
58056
54254
55128
54793
55725
55479
58337
56323
58880
55878
55195
57745
56110
54593
52396
55514
52582
59188
54753
57578
53948
56836
59663
54212
53535
54349
58011
53594
53484
55453
57597
56617
54583
56659
55680
58458
59161
58967
57852
53193
58683
57171
59960
58019
56449
58041
58173
58308
54747
59903
57656
54214
53966
54441
53667
55003
55410
53860
54470
55827
52942
56937
59413
52425
53874
58270
55875
54668
53158
56886
53081
57729
55379
59380
57402
52680
53018
52536
59345
56601
56723
54809
53270
53778
56211
59677
54098
58400
52994
56599
56981
54778
54051
53629
53386
55772
53755
53256
56576
53854
55112
53786
53013
58423
57409
57730
53445
53949
58755
58038
52988
52802
52825
56173
55528
55732
58740
55185
59553
53137
55508
58554
58291
55995
55654
52653
58804
54202
53618
57667
58376
54049
53608
53030
55717
57295
56002
53102
55021
54018
54279
53240
55471
53311
55155
55515
53911
58909
55607
58691
59610
52615
55915
53412
55334
53583
53867
55489
59852
53242
55369
55986
55241
59342
55803
57120
58827
54945
56995
53942
56698
53359
54379
58279
52514
54196
53196
53191
58634
52927
59763
56197
59011
55450
56379
53561
54635
55335
57020
57352
54602
52546
53565
56808
57085
59197
53082
54329
54464
54687
54420
56857
59462
54044
52342
59666
55815
56467
56444
56169
56734
55411
55022
57974
52526
54382
53940
58277
53864
59827
58622
59901
56287
56706
55143
55612
56384
59948
56682
58152
58498
56187
55963
57431
53212
58790
55894
57991
52784
55258
54004
52894
55659
52815
53959
57837
54218
54728
55790
57223
55828
55469
53585
54075
56079
56807
56511
58944
56155
57760
53156
57044
57104
57368
53053
53400
52712
57920
54765
52987
56805
58279
58175
55923
53047
59602
56231
54146
52914
58157
54140
57487
59885
58354
56670
56983
55861
56507
59774
57056
52788
58033
56541
54817
59253
54736
53948
55798
59411
56398
54077
58466
52847
57504
57686
53880
54854
53659
53358
53940
52598
53781
55803
59729
56538
55957
54775
57515
52947
53592
56506
59853
53218
59177
55242
53145
55034
57370
56385
52680
53815
53475
57177
56842
52804
59709
59050
57274
54998
53921
59891
53530
53646
53151
52612
59125
58923
55801
59106
55464
58541
59372
58296
53311
54570
54843
53057
53795
54158
54158
53927
53030
58788
58588
52588
56702
56373
55931
59206
54909
57945
54839
52654
54728
54099
59715
54183
56514
59230
53015
57136
52942
57656
57657
54117
52922
54654
55551
56461
56392
52859
57701
56974
52720
55571
55735
58548
54632
55509
55194
56656
58424
56123
56916
55684
54976
57296
58954
59607
54890
56063
53237
57464
55327
52368
53416
52951
54705
54512
57196
58062
58426
52669
59131
53306
56458
57903
54696
54294
53993
53825
57463
53368
54578
52505
56848
53064
59444
55330
53385
55219
53041
55391
56067
57051
55048
54510
55608
53256
56834
58096
56322
57275
54298
55017
52619
58353
58066
56348
56984
57687
56956
57056
53330
55101
59643
56478
58660
58590
54943
59913
58094
58181
55092
59735
54118
59661
55437
57033
58407
59182
56458
55095
53297
59372
52489
55488
55724
55063
52569
57748
57126
57449
54970
59688
54868
58039
59281
58710
53657
56918
57634
54012
57166
54450
52378
58301
53693
54244
54509
52781
56795
54491
59568
57834
59001
57983
58394
54020
54997
56260
54648
53403
52522
53565
58025
53873
53962
56427
54676
59463
57974
58289
55459
58663
57118
58584
59066
54348
54105
57230
55775
56120
57054
57276
53629
54509
53142
58004
54592
56799
54021
56605
54100
57249
59669
52830
53293
54561
59525
58161
54574
58727
58802
57797
53947
57568
56370
53936
57759
56269
58495
54962
52976
52995
58639
54100
52447
55955
55529
53639
55243
55587
53685
54227
59102
53689
57537
52625
53170
55592
58051
57108
53655
57500
59251
55442
59668
57231
58280
56913
57397
55968
57607
58087
55210
54052
53856
52815
54481
54285
54799
54814
56148
55078
57588
58681
55175
57396
57232
53960
55823
52928
59748
56333
57666
54282
58620
55803
53198
52906
55875
53671
56033
52711
53647
53523
54168
59016
59675
54878
56219
56614
55507
59813
56377
55407
52643
52447
55132
56690
54288
53838
56329
53236
52401
56959
54783
53987
59085
54047
54329
55012
56035
58012
53875
54410
57104
59174
53721
54137
59832
53445
58528
55791
52993
58458
52862
57550
53606
53290
55488
57116
58877
53843
56216
57344
53873
57219
54111
53625
59011
59786
54631
57311
58490
55716
59019
58840
53980
53944
54328
58327
55095
54053
56798
57441
58512
54062
56943
54742
55041
55405
59372
56318
53508
58239
58375
57387
58649
57859
56099
56617
57411
52538
53398
53462
52638
52572
54354
58103
59234
53136
55583
58572
56577
57115
59713
58329
58835
56748
53643
54104
53274
58680
59025
55173
57282
55189
59107
54930
55345
56736
55713
58483
59353
54579
53196
53235
57001
57838
53565
55169
55709
55952
54946
54793
58705
58877
57435
57182
54420
54183
55433
55967
57204
52478
57755
57465
57180
54937
52571
53660
58192
54218
53579
53519
53052
52686
58906
54203
54636
54022
52762
53687
57429
54411
57598
55394
59567
53972
59779
52455
54008
56111
59604
55145
56816
59216
53390
52718
56101
57362
58152
55877
58048
58597
57888
56429
52505
58896
58001
52555
56446
54461
55947
58317
56166
52749
54494
56575
58063
53537
57087
58878
54897
58409
59084
52707
57847
55787
54825
56270
53134
54831
52694
57094
55168
57777
57354
52385
58035
55151
58724
54236
59826
57508
57182
52768
52919
53420
54177
59840
55803
57233
57126
58146
57259
59631
56750
58198
54755
58826
52433
56152
57877
57661
55759
54942
54748
54264
52713
54599
55344
57568
54134
58401
59475
58623
58421
53251
53795
57102
54463
59902
53931
58326
55825
53638
55228
58454
56524
58152
52343
52482
56240
53168
58622
52435
57413
58711
53880
53081
53536
54385
53684
56299
52653
57412
59486
55784
53906
55027
53455
59192
57391
59951
58532
59277
58903
58324
55677
56236
53828
55218
54949
53965
59027
56764
54171
59908
57674
52452
54598
55084
53103
55832
58500
59447
58337
54339
59034
59342
54356
54366
58019
52354
54275
57664
54546
55202
58013
56593
54036
55731
52763
52886
55628
54683
58908
56390
57017
58649
54422
53825
53060
59510
54483
54171
55205
54561
56880
57552
53642
54808
54195
55851
53582
54512
54017
52513
54757
53593
53646
59926
57194
53465
59748
59950
55555
58425
59660
57774
55162
59174
53262
55254
58000
59202
58770
54224
55944
57000
57925
58767
54593
57564
56686
54262
52965
55726
58925
53726
58441
56824
56086
56626
59647
57223
53928
57733
57667
59403
56398
58737
52530
52718
53205
53183
54781
53972
53944
52912
56012
59344
52755
59457
54248
54970
54205
52692
58824
56046
56127
53878
59952
54513
56140
56684
59715
55517
52716
53536
56797
58799
56255
53652
56869
57054
56857
53813
58838
53785
59726
58022
53577
59078
54371
55253
57548
54398
53374
57470
57915
55967
55745
53070
55403
57242
54409
56776
53187
53528
55165
53276
52720
55856
55480
54120
53667
53176
58952
54327
52370
55846
54412
55121
56042
58266
59643
59178
55923
56822
54384
53978
52913
59619
58131
53199
55711
58707
57150
57765
55900
52434
56913
55129
54605
59014
55978
55251
59604
58481
57822
54977
57513
59881
55679
53685
58413
52740
55668
59966
56556
56196
54174
53413
59226
52802
52910
52876
59236
59251
53053
58016
55074
54810
54965
52706
53658
54098
59584
59521
57005
58994
58244
53684
55534
57312
55044
59743
54117
56279
53489
53879
55350
55346
54066
57162
58869
56765
56832
59191
53056
55372
53962
59129
57974
53820
55001
55733
53658
55528
58523
53864
59388
57414
54271
56845
55543
56072
57320
59325
57903
54474
53425
56472
53149
56433
55635
54255
54227
56933
55249
52718
57500
56900
58609
57979
59475
53893
52931
59510
52512
58613
57986
58989
53551
59116
56270
58660
53142
54843
55156
59198
57807
56270
55885
54882
52556
54272
55926
55403
55969
57629
56504
56552
56484
55499
54838
57853
57321
54174
56843
59230
53065
56723
58013
58115
54305
58787
54017
58630
53330
55772
58951
53765
56832
56745
54683
57765
56660
56055
59875
58006
53456
53765
52487
54233
54135
52985
59058
58590
58494
58714
52962
56337
54517
58781
56342
55188
55152
54742
52652
54869
59361
58116
53901
59114
52893
54604
53589
53945
59495
56218
57072
56016
59599
59151
54900
53047
56339
59098
59293
54352
53123
55466
52735
59804
59732
57779
59550
57067
57875
56560
55173
53023
57800
53783
55991
52888
55694
55362
54231
52816
57808
53942
58037
52975
59648
54001
54861
57947
56426
54598
55585
54301
59344
54464
52432
59720
59340
59085
54741
54120
55042
54543
52580
55123
55423
53742
56004
57320
54581
55120
55152
54754
55515
54101
52542
54387
53491
53977
55343
56278
57120
54253
53636
53337
58717
53145
56995
58159
57499
56265
54079
53941
55139
53438
57916
57687
58540
52704
58014
58423
56096
55836
59111
52390
56064
58676
54468
52441
53753
57366
55276
54682
58451
56899
53668
56902
54127
55760
55239
56762
56947
59718
53434
53041
55206
58440
54726
58077
53266
56806
55211
57214
56286
54184
52740
54473
54799
53717
56943
58783
56209
54318
55585
59691
54576
58476
57107
58403
58968
58093
59921
53884
53272
57225
59742
53068
55160
53243
54954
59906
52612
54973
52803
55714
56303
59381
53297
53095
59644
53869
53351
53298
52826
52608
53154
58005
59861
58393
59899
54160
59918
54153
53351
54132
56866
56579
56964
58906
58742
58885
57595
53639
59257
58373
59427
53447
53488
54683
59358
54561
52917
55617
55452
59184
59122
55049
56722
52438
57663
55393
56014
53585
59577
53667
56103
57548
59204
55999
55395
57668
52844
58681
59505
56667
57917
53327
57566
56352
55693
55286
57823
54881
55927
57962
54579
52606
58492
56949
54441
58739
56961
55192
56850
54684
56730
53446
58301
54205
54472
53038
58899
55927
57771
58026
59857
55735
57972
56032
59218
54825
59327
53933
59539
54411
53237
54784
57265
53041
52481
53110
54279
53099
57675
59336
59735
57747
55270
56157
55567
53469
53888
55401
56000
54576
57252
58305
56640
55930
53066
52431
57859
58722
56988
57809
55714
59762
53130
59976
55976
52664
57268
53731
55381
57410
54807
53436
58749
56108
58458
52826
54424
53785
53885
52630
58376
53288
53162
56899
54614
58727
52598
56117
52625
53770
54014
54822
59603
57709
58964
54949
55196
56420
55965
56417
59213
54006
55932
56161
56807
57151
57159
53377
58309
59850
59339
53003
57910
56873
53428
52592
54174
52453
59140
58063
52442
53739
57339
59416
54960
55598
58359
53220
52977
58168
53006
55721
57465
57882
55115
53695
55804
52720
58156
53867
53249
59704
55886
53319
56597
53651
58991
59884
55804
59045
52845
56216
53121
53681
53869
56895
56172
53984
55967
53322
56213
53729
54422
54277
59415
53060
55818
53514
54379
53165
56789
59387
56855
56554
55103
53845
58590
59031
54890
57455
55625
58654
56979
54213
52953
52831
59467
53689
57036
56495
56925
54074
56452
58377
58306
56122
56936
53045
59760
59877
52378
54244
54450
52576
57562
58904
56961
56411
54926
55385
56402
52745
56528
54229
55217
55029
55566
54614
53420
57632
57798
54558
55087
53633
53131
58805
54487
59061
58208
52457
54199
52522
58485
52726
55408
56596
57889
56378
52379
53270
57573
56632
59723
53646
52586
54019
54621
54292
52747
54547
52887
52821
52436
52539
53705
58077
58655
53527
58572
54661
57512
54399
55187
57284
52999
57198
52486
59114
52809
53760
52484
54462
54567
53516
59469
57359
53228
52798
56380
52372
53708
54562
59126
54349
58873
58824
59692
53093
52917
56057
59456
55618
53345
58685
54458
59881
53370
56252
57605
54607
54886
58910
55847
54092
56779
54009
56311
59307
57163
59553
53582
57561
55826
59500
53363
53572
54722
53381
52460
59653
58364
55784
56542
55354
53209
59291
54087
53004
57575
56986
59475
58675
59272
55395
59619
56415
52427
57228
59200
59492
58730
54524
57295
52353
55450
56761
53423
57569
58085
52970
59944
53205
58248
53916
53061
56323
53556
55490
55687
59219
58111
58590
59219
55554
56757
57219
59209
53881
57967
56611
52603
55189
55540
53792
59673
59935
53315
59556
52639
52865
54390
56743
59345
54343
57698
54570
58296
52520
57609
59494
52767
54292
58542
52353
57657
56012
57943
54095
58469
52597
59571
58369
59808
55886
57384
53605
55580
52559
58995
59202
54859
59202
59691
59293
52528
53407
53187
57467
53866
55886
56593
59223
55866
52776
59180
55701
57205
59178
53800
58532
57281
57678
58605
56678
59889
57205
56645
55512
59141
53036
53676
59785
53436
57322
55139
53826
58394
56296
57662
54417
55757
52404
54864
57761
58510
52965
57084
53023
58700
52539
53833
58754
58563
57356
57640
58487
54525
52986
56610
59675
56651
53919
56975
54308
53509
54499
54743
56347
52740
52973
53454
54462
55468
56818
53689
56808
57264
56947
58155
58978
52810
57750
53647
58144
53627
53191
52815
59658
57805
58198
55249
58518
54617
57914
53439
57459
55132
54004
57329
53166
53533
53416
55918
55560
55006
54732
53148
55729
52354
59458
56453
58693
52480
59695
55294
56477
55273
52437
54518
52608
58380
59624
56029
56120
58126
59426
58408
53113
58056
52870
55132
58795
54085
53570
52974
57625
55753
58287
52460
59190
57860
53296
59007
59927
52851
57696
58688
53418
58334
58504
57790
54614
53184
54356
54872
53275
55252
58556
53430
57647
55993
59396
52567
55826
56158
55400
55700
57123
58781
58115
59519
52973
52397
57954
55604
53952
58298
53759
55247
59341
54950
57593
55701
54372
53792
59338
53197
57980
53329
52512
52748
53446
58574
52744
59546
55053
54361
58929
59831
52478
59130
56118
54000
53294
54518
58219
55680
52444
58574
54465
58107
54921
59697
55917
55563
57806
56203
56019
52512
59673
59222
58515
53360
59850
55398
58332
53303
55073
58105
54606
54671
53936
52485
52415
57019
54308
57174
53480
54608
52818
53941
54757
54410
56677
56146
59975
56033
56578
55788
58736
59825
54047
59605
55897
56647
53299
58341
58123
56972
57555
57886
54169
55860
53972
55854
53936
56063
55470
52850
58685
57551
55395
53893
59890
55244
56836
57939
58106
55691
52892
53019
57146
57097
55134
52774
59275
53103
59275
53840
59661
53373
57378
59955
53095
56063
55935
56353
53741
52705
59308
54242
55351
57831
58328
53302
57744
55566
52926
55348
56433
55601
55367
59831
56624
53744
59362
55009
53012
57330
52728
57292
59802
53731
52490
59280
58290
59009
53038
52560
55202
57516
57100
55128
58049
53156
52812
53095
56377
59009
55410
58853
58186
54525
56131
56036
57264
52584
54140
53809
56753
57776
57650
52925
55851
58544
58234
53543
54041
59768
57951
53561
56410
56979
57519
59635
58732
57707
56186
57072
55384
59432
52691
55563
57021
52429
57856
52635
59609
54301
55083
56884
54485
56181
52905
59658
54149
59488
56749
55227
57689
55568
56991
54772
53677
52933
57037
53923
54095
57280
58156
57590
57988
53015
56918
55026
55792
52711
56587
56817
55740
53307
