17549
17185
13708
20361
13305
17109
13597
11022
12991
14716
17048
13235
14035
12489
14573
19610
10162
14765
14969
13654
14855
21223
10659
17388
18935
20857
11347
18678
10623
14641
17963
19910
16491
11080
13726
20699
12249
12402
18015
13990
16209
13509
12903
10061
11758
12641
11790
13670
14782
11673
17548
17302
18667
12351
16508
10800
16657
10827
12209
16262
10457
17164
13160
15836
16199
21109
13998
15725
9430
11858
21013
15153
20338
14803
9987
14435
15481
10616
16586
16067
18074
10080
12685
13000
15242
15847
12367
18247
13366
16572
15032
9386
20866
15076
9287
11382
13189
9132
11891
17558
19787
13980
21098
17317
15007
15679
17820
15032
12297
16166
18656
18448
14953
10243
10373
14404
14188
15243
16107
11058
14443
16471
12198
16085
17111
11594
11426
20332
10659
12840
20134
16572
15793
21068
11291
10941
9910
12072
11647
15041
13333
10072
19081
11557
12444
19227
13666
9934
11920
10280
16263
13755
17022
12574
15908
13258
13419
20714
16656
10391
15002
21079
13689
15131
17805
16924
16360
17382
12505
15639
11349
9279
20986
15696
9965
18004
20764
18132
10149
14929
20938
14969
17214
12730
11545
17229
16499
9185
19745
15055
15601
13894
10984
20582
11184
9753
12632
9509
11380
16377
14051
12076
19402
11539
19033
19482
10699
9858
16097
20652
13239
11545
14766
10859
8941
13832
17431
9838
11714
10760
15986
15242
11242
12641
11384
9345
18301
16896
19067
10581
14611
11575
12492
10751
11952
18324
11798
10700
19293
15871
14080
18005
11964
21266
15783
14131
9674
9595
15608
9376
10201
16505
17515
11962
13482
12344
15304
10006
10904
14405
13436
8941
11488
17167
12457
11936
14244
16801
10771
14221
12371
14259
14150
13643
10709
12032
11848
11995
12772
12013
10554
17772
15605
19100
10612
15599
18794
13354
17090
10324
12986
12472
20920
9599
10275
18129
14785
10301
12788
14078
21235
17994
14202
11610
13512
21315
15845
15929
11367
10390
13092
19765
14400
10994
10675
14294
9089
14551
10217
19578
13314
9318
18720
16412
15313
12444
18209
14435
13620
12747
13910
11414
15889
19782
11772
17098
9071
9415
9352
10533
20994
15564
9895
18219
21144
9041
9420
9827
9102
13421
10485
12694
17116
10292
9333
13285
15771
12244
17654
14074
15222
11653
10990
9653
10860
13195
11401
9721
12368
10728
12420
13715
9375
18758
17315
12200
12076
14866
11929
15543
18440
10727
9505
10702
19045
17926
9719
14551
14883
19009
9340
10756
16629
19579
16258
16199
9085
15032
18388
17206
18744
11716
12931
9195
9911
11520
11238
13577
15886
17870
14263
12559
10368
13239
20013
13831
9350
20825
19417
17871
16866
12806
10812
9694
18077
19633
12128
17679
20667
21071
15677
13254
21307
14566
9667
17499
14502
16536
20620
12961
12303
14258
10974
16862
14960
17186
20952
9970
14243
9939
16096
16032
12744
18224
16292
15202
14075
17626
9748
19693
9752
13054
15437
14870
12868
11401
21232
11619
16788
10656
19298
12466
11584
12466
19924
15712
12838
19099
10600
8981
16982
16759
17604
20790
13119
13041
20918
10329
19192
19195
9843
10551
16679
17238
10973
9845
13279
18985
15083
9309
15055
14276
17312
20286
11285
14360
13258
10882
14673
9424
15488
12845
12938
9585
16430
10715
18894
16063
16864
13482
9505
11959
12596
14407
16439
9582
20356
13380
9328
15709
16692
15491
13790
18825
15727
11912
20099
10187
19199
11676
15423
10713
11486
13722
16573
17619
15967
12626
17780
11698
17578
13853
13921
11675
17653
13307
10580
14054
10025
11460
14844
19538
11827
21295
16696
14099
10128
15060
17149
16390
20253
10112
16247
12088
18620
15276
17234
15790
14606
10270
17064
15492
9697
15635
19361
20541
14231
9238
20229
21192
20820
20971
10592
15494
19455
12002
14286
14053
19891
10396
21008
20925
9826
13686
9570
8994
10712
11351
18903
18599
13689
16250
10843
18482
11603
14164
19432
14795
12335
10750
17061
11954
9184
13684
20278
11300
15345
18621
12192
18605
13732
19370
17182
17586
9096
16102
18837
13082
10196
20674
20803
11095
14021
16965
12792
10075
21260
15318
10932
15674
11543
9106
11720
19766
9449
12628
14184
10046
16415
20167
10804
19061
13441
12893
10271
16860
9421
14133
18041
14015
9208
18415
17402
14408
10436
14295
14475
19734
9825
20579
14213
17483
11864
11051
10578
10888
13237
16076
14454
13675
13257
16567
14188
17507
18454
18559
11560
14708
14028
16543
16653
21153
11265
20528
17800
11295
14099
13192
11135
18677
9475
13656
16559
18811
18777
18450
10305
17422
11146
12484
18115
10579
11820
9849
16711
15367
11283
13423
16134
11376
15721
13842
15413
9460
10914
9294
13933
12647
9848
9271
21081
9260
18595
14585
15430
12642
13375
11423
14741
11290
9618
18679
12008
9328
21007
9573
11959
16898
14136
18815
16846
9455
15678
16477
13310
19745
9624
14760
9846
15800
10291
18088
16664
14504
17677
21172
15939
11174
12466
13880
18992
14352
14071
12391
11958
12890
16412
20421
16584
13282
19888
13474
14199
10390
13572
13153
20958
12271
12302
12943
15301
16944
10625
16583
19090
14117
15469
9959
18440
9559
18945
12086
16415
17568
12031
16592
11191
18630
9348
12920
10199
15405
15928
8973
16349
10992
19977
12512
15426
13147
18372
15216
19404
11126
9969
14046
10587
16422
19692
18631
17564
9756
14804
20193
11995
19182
10358
11665
18540
11326
14079
18256
11383
15651
13442
15014
16810
10417
16615
17351
9254
14083
18281
16149
14452
13574
12915
13921
9826
20162
20175
13008
11133
13545
13298
18202
9934
21239
15859
9859
13261
15329
15052
21049
14085
14664
18132
12088
9765
12102
12012
17640
14206
14081
17355
9410
11837
17044
16533
15743
9883
14504
18135
12099
12573
20595
14732
14001
9192
19695
12987
10109
10570
17585
12074
17910
18452
15916
14317
11580
19930
17373
14153
14368
11981
19428
16404
15103
13733
14114
11925
16689
14487
17226
13762
17146
13683
17988
9953
14092
19389
14303
9989
10448
16468
15338
12362
12013
20359
17761
14569
12535
9679
18460
9156
16059
16269
14425
15214
17139
9609
12119
13506
10030
15149
15206
15140
11617
17406
19970
9627
20099
21055
12107
14091
11497
15332
10113
13675
18522
18391
16923
13568
21042
14575
15365
19826
9488
19617
19941
16038
13458
19466
13756
19248
19447
14037
11524
15954
19764
9520
11332
14962
16360
14295
14061
11132
9483
10631
18190
13231
9529
13840
13924
20870
13011
15786
14897
17824
12812
12821
14493
16614
17966
14340
20580
16698
11585
11568
12093
17783
10841
11763
12949
17708
15100
14334
12511
14239
15631
17943
17476
14693
14291
11677
12115
21157
16576
18033
10310
14989
11001
10714
12202
17146
18845
12670
16129
17680
20729
12806
17705
12261
18735
19788
19731
17025
18243
18745
11547
19614
10983
9899
14011
21181
15502
11630
9729
13987
10301
20313
10580
18161
12457
10480
14114
13326
11328
20187
12075
16613
10751
12144
11622
15787
10895
20033
17496
19483
11391
11911
13632
13518
9418
16412
9201
13948
20255
20597
20237
19220
20513
21324
11131
21231
16242
20928
20618
12228
14560
12078
15456
15322
10638
12116
9215
17949
11451
18997
15731
9785
15988
14661
16111
19380
14991
16498
19203
10937
12929
10956
11271
9550
10591
18497
10700
12122
12085
20810
18060
18934
9557
20819
15293
17619
10763
17959
16274
16230
9895
9506
18321
12811
10402
13304
11205
16954
9529
12723
13855
11711
14712
20808
10881
18688
9519
20407
11338
15447
13143
20862
12490
13655
17151
15576
11873
15331
9034
17266
13113
10577
16143
15883
16567
19168
14272
18187
10836
10755
12148
15304
15943
10837
12634
16510
9228
13789
11636
10514
12982
9131
11797
9712
13751
20752
12091
18342
16749
14680
14375
9251
20099
21243
13422
12522
16521
10969
16570
13087
9395
12224
19738
12834
9884
14751
17160
13271
15202
9648
14841
19678
19853
15736
14938
8943
13192
13926
13404
12618
12016
8938
13968
20660
15255
13360
9843
9776
11651
14000
13800
19196
16514
19369
19365
17459
16173
15969
9056
13111
13184
16549
15162
20877
18157
11141
16633
9110
13908
15492
14393
14376
11394
11197
11444
19869
16659
21034
19594
21190
13673
11817
9997
14268
20804
16765
10570
10780
8985
18879
17339
11839
18693
10980
21099
18589
17776
19353
9558
21311
18335
9514
15409
13503
15051
16170
20486
15189
13421
16267
10783
9408
18222
15748
11300
9013
17197
20730
11382
15788
14478
13951
13018
17861
9359
17076
14464
12536
19493
10709
10792
9722
14870
16256
20360
15487
10565
19001
9182
9691
8921
14247
17123
14722
18823
16222
11989
15880
16831
13793
10618
12520
17914
19424
14387
13013
19739
12770
17852
9125
18489
19577
14698
15676
16067
13275
10921
12142
12681
20307
18687
10124
10336
17696
12864
10620
21231
10107
11937
14737
21267
19142
12093
9025
10392
15770
11008
11119
20715
21117
11269
14464
9770
9789
11727
14194
12491
18789
13045
10885
18129
21133
18774
17026
10807
11447
16534
17993
21140
14093
15058
16471
10076
12796
15226
12087
20060
11230
14910
9319
16244
18000
11046
12067
11043
13665
10337
15768
14407
12765
15520
14374
15514
12097
11566
14255
11731
12074
12990
16718
9607
10593
11470
15285
16265
11439
9616
19273
15369
9046
13851
10954
12144
11049
15741
17919
10563
9855
11585
9754
19008
11373
13214
15085
20604
17016
18156
17653
12876
19227
11002
10219
9312
18707
15690
19534
9166
13859
12268
10983
14228
10951
18050
18584
14542
20246
15060
18431
16769
11763
9712
16524
13911
12891
16960
14112
10795
12051
9583
16496
12380
10207
17470
12100
9021
18800
11571
17398
15036
9874
15434
11529
12074
13682
20442
9167
11066
18403
9247
19105
15624
11893
10950
14949
14377
11082
11870
13807
12941
10051
14053
12653
16640
15386
14541
19764
13225
11056
10857
11209
9834
13092
9496
11190
20066
8974
13543
20926
9044
10079
14511
16228
16767
14617
21112
20346
14649
10126
14922
9243
10099
18865
12240
9735
10064
14473
19719
12482
12860
15478
20412
15892
9578
11282
21157
12354
19910
16331
21248
15878
10683
12183
13391
13740
17249
13884
15348
9056
15293
14146
12912
9158
18884
12069
9218
11540
12657
10974
16834
9943
18075
13334
12946
15347
20706
19497
18635
15177
12528
17493
12939
17305
9579
14815
15829
9855
12010
12018
17055
14222
12719
17326
21011
14041
16570
20281
13131
11196
10997
15320
9176
10213
9567
14628
18336
14017
16226
15508
9960
11565
18052
13047
18657
14937
10107
15968
14000
13929
12680
21277
16443
15080
9660
12823
11801
10707
17483
10570
14836
18887
14849
12100
19488
13581
16523
18941
10978
14596
17156
21236
19129
12518
14754
15453
10435
17114
15015
16105
16041
19121
16367
9169
10289
9473
20599
9638
19006
13983
9017
19456
11757
13768
17420
10665
12025
21008
12889
17361
14483
14538
14571
11436
10679
15362
13495
10841
20000
15495
14948
11170
16779
11898
15542
10724
15304
15790
9718
15751
16894
12610
15615
16418
21252
11441
13775
9456
20135
14351
9663
16336
13848
11481
15759
18392
10293
9173
18567
14081
21071
21315
14821
16446
13626
11195
18401
11760
14048
8985
14027
21246
20514
15391
10941
20030
18578
9856
19647
11317
9756
20347
20188
17318
9554
12756
9506
11318
9980
13563
13722
13716
15258
19239
15399
13420
11045
10833
15125
12491
16971
13833
15778
15186
14736
12996
12690
13623
14832
10642
19865
9150
12431
15800
11484
20247
17561
9010
21167
15993
16747
15076
9878
13649
15193
10023
11358
18817
13561
11315
19570
17046
12775
11671
13432
14887
12804
16155
13561
17212
11772
9217
15461
11701
20602
12505
15932
20067
16181
14927
8930
19942
16339
15860
17777
20735
11762
13994
13581
12079
19370
19830
16137
15640
13594
16795
11770
19770
18141
9513
12093
13048
10738
17086
10300
14283
9909
14011
10672
19132
15111
10674
12728
14126
9498
20286
13279
20927
11333
9017
10962
16798
9865
10499
20850
10357
10784
12468
14912
20285
20859
13677
15561
14641
10715
12205
11075
14675
17134
13681
17844
10335
19166
20812
13278
16790
20882
12070
12785
11081
11903
9396
12094
18318
18663
9305
15819
9720
10214
14913
13907
9348
18114
16189
21183
14602
11237
11496
20329
18553
15144
16991
16756
18800
19369
19483
10995
13358
16658
14378
11191
11365
17065
15281
15993
13367
16434
17116
11288
9306
12876
18238
10586
17046
10622
14764
12618
11983
13943
11710
17648
13697
17586
15740
14850
10556
18730
20766
10091
11108
15218
20802
10200
16586
18552
14596
21010
10058
14629
16664
19846
12101
11390
15774
10577
9429
18552
14771
18528
17708
15592
11337
11234
20603
16849
20822
18421
16628
18874
13141
16642
18234
9233
15719
14828
16553
10201
9417
15920
11021
10420
18694
16678
11633
16384
11509
8960
18027
19486
16820
20283
16372
16016
9055
12118
16085
15857
10063
12262
13406
20036
13581
12212
19607
15289
19465
13046
16435
13740
17905
18113
9912
8994
16783
16541
12331
9755
9616
17992
15760
14918
15797
19438
13358
10169
17690
13804
10641
21092
13151
12788
13967
14086
15984
17453
16914
11843
13885
15529
11942
9758
12260
9613
11772
18126
11194
13657
10134
17192
16010
10104
15242
9902
9782
20858
19522
19927
13028
9133
11805
13312
13332
11419
13012
15354
14432
11640
9846
12705
9801
12417
18606
17208
12573
17930
12667
11921
9840
16037
11882
9867
11975
20082
16622
15567
12456
19347
13383
13621
18742
14138
15617
13094
13911
17820
12651
13902
10176
17595
13941
11395
11344
16557
13220
10415
21279
19307
14624
16705
19369
15611
14956
16123
14270
10116
18056
18293
15873
9534
20616
11320
20494
19369
11665
11799
8979
13172
9998
9846
10668
12301
18894
15460
14395
11338
13727
18935
19677
18606
16120
12728
12396
19067
16200
21227
9597
12701
16679
19455
10826
13208
21183
12315
15575
10258
17790
11330
19668
13769
9574
15293
19085
12800
17835
12151
13570
12743
19690
10829
16591
14597
13640
12102
9904
11587
10947
10028
13151
13524
9566
11573
12622
10297
14861
10055
16392
12296
18041
17144
9227
10909
14392
16142
20956
10654
10820
15160
14629
17773
17726
9386
15603
9850
19516
9169
15712
18897
14349
11165
13560
9054
16622
14577
9522
12354
15822
17923
17704
16573
11343
8975
17585
10647
18978
10286
8976
16154
12781
13426
18574
19760
14271
13630
11564
14226
11316
9778
12012
19428
11744
20090
19998
19916
11547
10263
14301
13883
13848
10692
13486
14488
16924
18784
9918
9942
19837
14587
15778
15083
10285
10883
12731
9925
9791
12277
17935
19085
16192
10923
15991
16258
11776
9542
10611
20896
16657
12296
13655
16195
17569
15843
9341
15204
19252
20043
20130
9066
17397
16212
15625
15440
11757
15022
20388
12078
21083
9525
11134
16096
18582
20136
12736
11315
14602
13884
16856
13463
11554
9585
18798
11508
9292
15259
9123
15778
10689
10137
10865
15099
10574
9860
10309
13128
9666
11104
10440
11660
13799
9154
11008
11201
17803
15740
8952
21285
18871
20916
11827
11797
13014
13020
13890
15709
16928
9796
15903
16100
15341
13858
14465
14580
14615
13658
13247
14825
14847
20714
12563
17780
10637
13554
20720
14136
21065
15871
12012
13040
9312
17051
15530
15078
14493
13194
15566
18725
12785
19282
16069
10938
14603
17869
12368
20250
9523
19532
20207
17633
13264
14899
9985
18049
16887
11323
12407
9161
9736
12942
11156
14351
11803
13101
11904
10379
10359
20160
15340
13795
13808
9999
10160
13792
10176
20336
9566
11900
11985
18986
9308
10042
10213
17896
13950
11337
11513
19914
20438
15164
17288
10876
10259
18110
9027
9574
14932
12424
16838
17279
11412
9884
19534
12379
19261
13650
10683
10576
9783
13356
13333
19006
11012
20598
9966
10386
17566
20191
10166
13708
10927
10625
15089
12689
13864
17031
16863
15475
13970
17439
17332
12796
16616
18298
15582
11256
17528
10280
14809
21209
20905
18988
11340
12782
18742
14175
19265
10342
13641
16372
19038
15336
11250
13108
14203
11580
15364
10632
11487
17096
13490
9547
10119
21035
11690
12945
16311
18387
15563
14229
13229
10467
15817
21056
11189
13445
15251
13538
19974
9048
14081
21106
17998
14239
15234
10245
20213
16710
21229
14156
19139
12719
12722
16421
13780
11209
11392
11760
9751
20292
14269
11535
14989
13624
20232
16098
9573
12378
11789
15008
21245
18213
13620
11815
15649
18834
14957
18279
13825
15012
10879
16882
13947
19598
10115
10977
12136
16193
14287
14668
19651
11022
13766
19373
16666
15415
17877
15409
17576
11987
18822
9782
15306
14905
10191
11892
19086
20248
14122
10141
10981
18299
13070
11403
20103
17341
11287
19564
12802
14836
9721
13466
11637
11551
13391
20524
9357
12082
11577
21190
20927
9800
12300
16707
17208
12516
16355
13338
13540
12681
15651
12195
10699
15190
9148
17475
9687
13447
16613
17268
14418
14358
9626
14705
16327
17613
15191
18431
11443
14862
19753
14137
12762
10876
12566
16744
12672
19080
16071
20388
20925
13765
12767
16407
18922
19184
9439
9502
12792
14026
21229
19231
10144
15650
13226
19334
21149
20068
20432
10451
16431
13731
10897
18978
9528
14428
18823
15007
11212
13413
11421
11313
12015
15892
14778
9625
15754
13601
14083
9409
20779
20311
15028
11624
13440
19669
19445
15715
9496
20795
20678
13641
12345
10171
17769
18577
14722
19251
16116
14984
16859
17641
21056
12875
14626
10071
12373
10803
17498
9167
18465
14128
15547
19739
11940
19709
10956
13089
20518
11423
12892
20288
11172
16084
14494
20661
14276
10556
9977
10342
17983
15041
12261
12269
12726
13463
18810
15198
16787
8956
14619
15706
13211
10527
15686
11738
12705
14959
14106
15421
17298
12890
11717
10669
14682
20136
13313
15601
11255
9223
17100
12998
15855
16376
11810
9665
19420
9241
16601
16015
13656
16290
13422
18286
11533
10115
13456
14705
11853
16853
15444
15025
20812
9502
10626
18936
15968
19544
14113
14122
13819
9911
11217
10411
17247
16034
16465
21295
18764
11126
20821
17204
15173
16040
10273
11549
10443
9878
16481
9395
16507
14935
16383
9245
9022
9858
9278
10588
14909
10881
13231
16616
8946
20180
21005
9204
11057
9431
10260
16036
20856
20943
13504
9651
13360
14629
17382
11526
9180
14577
11482
15891
15177
14952
11888
12945
16211
9006
18232
18765
10601
14880
9471
20053
17050
9221
15082
11123
19138
10712
12467
11499
18626
11059
13374
12133
14387
21312
13164
11051
14633
16386
16443
17599
8962
16565
12768
17205
17809
17712
10280
15111
13765
8957
13989
15067
14630
11582
15620
13034
20874
13972
20972
15471
19640
18234
17287
18188
16662
11914
11272
10974
15558
21265
11580
20389
13117
14316
12905
14723
12796
12835
18751
18551
13018
20473
15593
11752
11617
14523
10515
13908
10766
19625
12278
10990
14296
12549
12640
15509
15873
10267
17352
11239
20773
19099
12829
12841
13800
11003
12142
10671
20218
15261
9930
10365
16548
16605
18931
20267
20172
9585
10974
12297
15302
10558
19453
11988
13054
12572
14602
11729
20304
14723
10240
14382
9519
14527
15224
15888
12292
11286
14724
11844
12672
11966
19556
16589
19357
10013
18713
11671
10470
14505
15252
18743
15012
14173
16951
11136
20650
10910
9490
13094
16131
14057
9434
18542
12900
15501
15785
16305
13549
11213
10495
9200
14621
18056
11868
20187
15663
15222
17539
18166
9005
15042
12149
16616
10001
11066
18924
9120
20193
11436
13914
17482
9105
16740
16540
15529
12084
11962
15449
11890
16317
9664
9601
12183
17460
18218
16098
16113
14801
14292
12530
9006
12697
18694
10282
10191
11035
14907
10187
16197
10396
13383
15634
12464
12147
18176
11781
9628
15284
10541
13648
15922
15070
17266
16708
8979
19267
12858
19252
18293
16407
11506
16647
10129
13710
16880
16763
13801
20146
11953
15252
18837
17981
18333
9823
17961
12576
16595
16041
15659
14513
19246
13730
20903
19401
10248
10637
19636
21314
18107
15749
15417
20304
19405
20503
9340
18840
15777
17802
17507
13767
18044
8938
17540
18770
10821
18451
11789
17290
13059
15447
11284
11960
9652
21027
9027
13301
12848
14363
13664
15658
19676
15364
19603
20105
11673
14654
18363
9769
12463
18461
9017
11759
9195
9250
16362
16594
11466
14284
20013
11076
15920
19917
13009
13008
16752
19972
15200
20699
12383
13577
17256
17906
18995
10468
13277
16589
10969
20432
10789
12088
15282
18802
12844
13808
11366
9316
10506
10528
14923
17244
9725
11676
16968
17986
12588
10332
9832
10357
16320
15104
14899
16799
10525
14092
20810
12279
14702
10726
10013
13936
20384
9406
11076
13891
19350
16884
19610
13652
18122
14282
19161
18408
9644
18215
17805
9577
16772
15698
18105
10828
16208
10930
21324
15621
8941
9341
16315
11119
12447
13171
20257
18909
14476
16832
10356
18609
9556
10191
15910
12372
11281
16448
16544
19750
13364
13134
15880
18403
11051
14793
16515
15637
18267
11924
15056
12056
11169
11973
15914
12670
18509
9952
16232
17352
9123
16410
18032
9106
20686
9494
9896
20351
10785
16763
11670
13789
10570
9894
11475
21011
12777
9868
20546
21023
12101
17559
16059
20466
14971
9649
12969
17612
19652
10163
20476
18551
10566
17228
14017
10624
11598
13874
14998
9757
19666
18156
14972
12862
8951
9731
20106
18710
9126
13354
10800
18222
15208
14115
17849
12506
11783
16106
20054
12711
13659
18624
21129
10409
11731
19156
9849
9674
9756
9223
13738
13776
10776
9879
20809
19848
16746
12133
11457
15273
19136
20514
20831
10342
19846
10945
13283
20852
9968
20934
12341
16960
9336
13588
18080
9081
12592
12850
15920
12582
16423
20399
9306
10476
14619
9199
9014
12268
11527
11345
15623
13452
15766
9444
9560
11392
12428
21073
14914
15108
16022
11488
20474
19535
10611
13245
14050
12833
16679
12516
16658
12728
20030
10402
14703
10636
18139
11756
21290
15771
11169
13241
12405
11483
12759
10102
20661
13511
19667
10602
13309
9034
10720
16509
9383
12563
16534
11151
11095
9986
14211
11705
16676
9933
12084
11446
14928
15096
16299
11923
14825
13780
11798
18452
17200
13560
13066
11431
18714
12760
10268
19301
10782
15365
11159
12873
16342
20399
12360
11523
14104
18082
18351
9682
14978
11428
15470
16766
17200
11259
15565
16185
12162
9537
12613
14419
11978
15871
11757
16038
16792
19591
12630
19658
12477
9553
12207
18838
19889
20712
15691
16826
10435
15447
13054
17824
13888
15954
15429
10867
20129
11294
20533
20844
14342
12726
15886
11652
14306
17071
14437
19252
14416
15607
9553
11686
13958
14694
21206
9715
18750
18943
17925
13813
15097
21065
9678
17934
10121
11826
12680
10238
17204
16456
11046
12984
13313
12131
15517
16386
20731
14791
9909
17657
14417
13671
15219
15942
14589
11174
18810
9183
18451
15531
13532
19285
17616
11213
10730
10907
12627
16096
11018
13720
12693
12048
14713
16620
15774
11899
11005
20699
13761
10097
9924
16459
10534
9238
15082
14007
16563
21008
17535
20263
10967
18325
8972
13003
14809
19698
13352
13239
15833
19490
17307
14911
14664
14145
21011
20763
11382
11174
10345
15885
20422
10981
12918
10678
11259
9631
12601
19449
20443
10127
13098
18925
11945
13310
12810
14665
10783
20746
9328
15343
13988
15685
12207
14579
9196
9492
10565
14128
17924
15546
15687
9326
17442
12001
12937
10937
20450
11750
15272
12284
18183
14398
16210
13610
12036
14236
12830
10417
20424
16839
14353
19744
20557
14686
21136
12708
10015
21036
11765
12471
18308
14161
16353
14602
9196
14644
10103
15153
20460
20870
16799
20416
9025
19028
19812
12459
16648
17449
12301
12966
20730
9434
18405
18781
15091
12580
14999
11992
9829
16605
15839
10893
15623
10561
12688
11744
15300
12388
9063
15517
20806
15940
14923
17838
15399
16153
12452
16922
9684
14292
16593
14844
12855
14864
10557
16905
13222
11899
20897
10853
20075
17098
16604
14667
16272
12203
16057
12770
13989
20569
11625
15361
18418
20549
12982
14021
13900
9290
18031
12249
19078
14962
10300
14785
21144
12179
15236
12843
9080
15599
20339
13911
10810
13113
10462
12873
16594
17089
12589
12047
18131
13752
16171
13265
17033
11598
10401
17655
12257
9854
14374
15194
10544
17675
13853
10739
15185
12173
19710
12973
16008
20673
9344
12597
16000
11092
9784
9220
12753
9304
11844
15567
16079
18601
19213
18946
14782
14116
9681
15320
18512
14855
15627
20884
14186
13709
10041
16744
17999
15698
13835
9997
17894
14652
20740
14426
20281
11994
13626
18562
15666
17567
14045
11677
11428
11123
11899
12551
14081
11876
15423
14139
13287
16791
13707
10772
13785
11641
16522
20268
9295
11141
19330
12220
17842
9348
11515
12755
14610
20213
20142
18229
11258
12474
18996
11786
18551
11477
13752
13677
15229
15452
11454
19490
14741
15086
16496
11191
13307
13112
9818
15948
9802
14173
11835
14273
17810
15065
12689
12569
9641
17791
17666
9101
20564
11780
16197
15085
13935
18440
14115
21263
9432
10057
9489
11145
14584
12596
9647
17929
11109
20191
10241
18967
13808
14626
19215
18437
15120
16746
12213
18070
19828
11535
10494
11152
14808
21259
19545
19013
10632
9403
13838
11656
16030
17594
15395
16768
19768
19106
11644
14069
20309
16571
16357
13479
14935
18173
10843
21270
18357
10238
13516
15809
20767
14207
13464
14782
13707
15900
21192
15767
15606
18322
16356
10542
12496
12312
9805
19026
16220
18558
18742
9735
13125
18173
18364
16594
18556
12595
12779
19030
18095
11206
19609
15406
15705
10204
21117
10092
18961
10869
16362
9172
19259
11624
12764
13063
19369
9606
13651
14741
21012
10738
13884
14755
9301
11100
16512
14393
11545
9470
12950
14660
12679
17907
19708
14259
16142
10243
9256
9766
10768
16336
11301
10222
10366
16757
20592
9602
11836
15413
9249
16819
9832
10308
19828
12871
19485
17177
15092
13504
17345
11398
14281
14297
15211
14681
18507
20423
15083
17031
19286
9323
9869
17110
16296
20210
14266
11477
20209
9639
9112
18262
19215
16056
18787
10547
9761
11379
12461
12509
17008
15312
13556
15499
15303
14860
13797
14605
11367
19845
12824
14418
12793
19885
11038
21310
14459
11336
12985
21183
11440
17895
21319
13124
16111
19335
16818
12628
12586
12816
16947
16870
15827
11503
16873
9919
9185
16463
20216
16839
13586
19019
13455
15475
16968
18538
15857
15191
9810
16099
13673
20617
13567
17465
20209
11298
20745
11431
17381
15731
20042
18454
16305
12270
16139
13341
15016
10086
12044
13494
11365
19035
14258
14734
14980
10919
19901
10380
13320
9283
16427
16578
9442
12771
20149
14998
9153
14624
15315
13562
16405
10065
17539
15891
21064
16434
18621
18897
10947
10048
10783
16909
13602
10354
17958
18902
11253
10805
17698
19603
19587
12608
11704
14428
12133
12022
19383
20333
16166
15487
18824
12429
17107
9630
15370
17243
12295
13783
17140
13053
10457
11746
20680
15075
18403
11220
11974
9882
10395
16213
9053
20464
8954
16782
12370
10524
13537
14858
10976
17230
9562
13679
11662
18771
13125
14993
9548
19985
10644
15535
14059
12675
18675
15129
13456
11959
17066
13205
11485
10430
20837
11299
13085
14262
12158
12881
8949
11939
11765
13249
18544
9505
15067
19893
10059
17722
17794
13291
20002
17801
19714
16472
18306
16013
14285
11172
18483
14720
15646
9864
9922
16732
20102
18945
17762
18867
9154
10829
20821
10033
20166
9582
10709
12119
15572
11517
9467
17489
11021
15451
12629
14552
9191
17814
9110
18010
16995
14644
10136
13352
15561
19033
11739
17212
9872
21259
19071
17148
16949
15554
11885
13808
18662
18599
12776
18408
9693
17554
19852
9594
11804
11020
13501
13799
13155
15785
18412
10892
12115
14472
11521
16943
17084
11859
16512
9983
19476
15225
12093
12033
17667
14575
20075
12091
14822
15823
20836
20444
11770
13344
13532
21038
10167
12371
10560
9888
15871
14018
19177
15381
12605
15427
11105
17414
10424
16538
18939
9246
11077
12702
19316
17595
17108
19689
15435
16779
14585
13945
12242
17946
18129
9942
19993
15994
11376
11459
15663
11800
20820
19097
20211
18648
10404
12337
17783
13368
14891
14581
12332
12518
12684
17546
12690
18330
16432
11908
17223
9708
11791
11258
14048
17322
16001
8948
21189
19896
15576
14150
14947
20266
17928
20198
9542
14063
16181
15877
18214
15524
19375
11774
17891
14599
16937
19209
12895
17829
15656
16881
14037
9160
14546
13948
18669
20221
16289
19371
11064
11255
21282
14812
14002
17885
12843
9448
10070
20001
19584
10877
18517
12002
15108
15889
10253
19394
12326
18528
14894
14924
13654
10081
10921
20227
17892
14768
13159
14615
12853
15944
15912
12975
18400
17262
13060
10806
10071
11202
15968
19352
13093
18370
20417
19906
14475
13798
21222
15679
10531
11828
20694
19591
16101
10650
10565
9023
11746
13397
12944
13001
9848
10087
18951
14409
16532
9361
20365
12832
12969
11080
11102
20008
13343
21141
11357
8927
18828
16651
19170
17236
10161
10306
14532
20182
16088
12372
11750
19792
10185
12949
15680
21177
15710
19662
15393
20030
11245
9746
17473
16139
20260
11029
20606
11244
18474
13356
19564
18452
13445
20713
9278
11277
17114
16189
9020
12699
13513
16440
19817
12625
13247
14546
13661
20799
20864
12355
19419
16658
9850
20130
14315
11639
20605
14982
14132
15290
10064
20928
10317
12149
10764
10268
11237
9052
15299
13808
11405
15730
15075
14592
10415
13336
20308
15763
10687
16101
10130
12898
19975
10695
10081
16384
10999
18252
14896
14888
14040
19857
13239
15619
13529
10975
9671
21219
19505
16568
16275
15750
19117
11304
14890
9464
11898
13219
21167
20133
14115
18974
21278
15238
17026
12215
13472
10581
15648
11951
14321
12629
17454
19823
16204
16832
13030
17751
12368
18933
11250
14234
10580
13218
12780
11986
13877
15561
14007
10737
17369
9805
12560
19682
12987
13750
18072
9185
19924
9314
9699
10092
9531
18468
15649
17235
16978
19099
12110
13675
11958
16908
11891
9983
16399
15783
17293
17632
11812
9624
14014
11522
21242
15543
11574
19631
20738
20691
16814
17099
11811
10199
11879
11899
13884
19829
19844
13359
9427
11468
13153
16872
12810
11231
20639
10971
17522
12598
10507
18883
19734
15550
16723
20423
11681
13956
14835
15471
13329
19472
18944
9953
16025
13319
17715
10872
11283
12517
11559
12168
10605
10272
21132
10467
18150
13349
11472
11158
9486
12154
15516
13065
19228
15981
21090
12229
15590
12433
12711
10537
20460
21270
19849
17574
12648
10754
14853
17079
18221
11188
11647
13364
16548
19379
16268
10053
17646
17304
11073
15165
15476
12999
12822
9614
11092
8918
13243
10584
9578
13844
15023
15814
16590
15395
14497
15885
14840
12947
13882
17996
11853
13087
16689
10438
9253
20306
9676
13090
16691
12135
11003
18882
16329
13625
18287
20189
11849
20132
15153
17024
14766
16548
10334
20664
13228
18929
9847
16283
20753
8962
12083
13211
14333
14922
16456
12968
15232
10414
16031
13250
19535
18145
15781
12956
12582
10531
10608
18929
12057
16297
14634
15433
13421
16908
14610
16672
11819
11183
18451
13485
16439
16112
10290
8995
9443
19842
9215
20833
10702
14349
11875
17869
8920
14375
15162
15562
12059
12572
16248
15928
13541
13186
14979
18192
20887
10266
14606
16453
9174
15140
16184
12866
15597
13462
19877
14811
13555
10097
12206
12769
19886
11523
10075
10137
11623
11129
15351
15785
9516
9740
20050
12069
13486
20604
11116
11112
9189
16725
15565
17980
12399
16015
14761
14558
13429
19770
10594
10548
20570
19556
20923
15400
13219
12127
9218
16185
12556
13712
16705
16859
13979
13298
9442
19376
11425
15048
15974
20910
11739
12711
14845
18927
16981
10893
15592
9965
13393
12052
21287
15548
15296
20471
13573
13849
12633
17375
12416
21130
11388
10018
10244
9794
9963
11193
20589
15838
14666
21143
13755
14964
19600
11818
15884
11241
19787
15707
16178
13557
13829
11477
18933
16085
10669
11895
13122
11846
19042
19507
11989
12312
12069
15713
15850
13128
9630
16131
14296
19865
12500
16828
20042
13970
14258
9751
21215
19344
17506
16576
20581
18662
14937
17831
15752
17528
10533
12700
11870
21261
15829
17692
20685
17492
16436
12186
13817
10882
19056
14976
16002
11375
14402
21191
12772
20001
13764
9140
16569
21209
10140
19437
15577
13369
9277
13008
14143
11569
16618
16399
17599
14985
14027
14530
13119
10039
17230
17513
13301
15570
15346
13929
17476
15164
11836
10123
18132
18450
14181
16049
10624
13908
20398
12819
11373
13291
16085
10646
15602
9962
14576
15000
17313
11271
19548
19550
16132
19641
14967
11035
14121
9648
15661
13708
9581
13074
16444
16562
15742
14288
10910
10703
15614
14568
17684
16511
17757
12905
21170
19868
20723
15246
20716
12377
12529
9755
20775
16439
10482
9182
16967
12270
10248
11051
15176
14972
15049
11472
12940
14351
21066
15193
18084
9527
18053
10746
14465
9043
9394
9392
13173
11546
12327
11825
18400
18846
12296
13751
17838
12675
16746
19198
16995
11890
12103
13077
12863
11932
14020
18944
19595
18482
16379
15654
20865
11055
14990
12581
10625
12617
19085
19512
16329
16604
17510
21031
18157
11418
20782
8922
17190
19174
13876
14499
12132
18447
15343
10770
9555
11151
10550
18965
10883
13158
15335
17326
15194
9305
15952
9554
17307
15156
15229
14066
10005
20736
9338
16786
9008
15228
20413
17374
21131
12091
16184
16221
15180
16104
16175
11766
14344
18168
12251
14101
10736
10354
9845
16624
13221
21124
16183
10240
15238
12961
11952
19693
11691
20049
21052
9942
20517
21138
12584
9832
13463
17161
21177
16887
16472
12333
12907
17494
18792
11712
20406
19028
12664
13555
19710
13641
21007
13663
14484
18458
9781
12269
17534
13577
10871
14089
14992
10083
14601
11520
15141
10328
11065
16441
16539
19200
10619
17560
11382
12699
12831
12142
16001
13421
17949
20276
14674
10209
19133
18589
16704
11941
12139
15282
14051
16334
15762
13783
10185
17578
18532
12412
19722
17299
12318
16750
9414
16645
14940
12390
16053
9655
10552
13007
15382
13885
9862
15086
12731
12807
12339
16905
15378
21253
17437
18239
12434
19486
12591
21088
20293
14663
13263
15579
12123
10562
10482
11474
10498
19275
9348
13151
18547
15393
12007
19241
17121
18889
15704
10322
18079
13753
16144
9920
10088
13645
18686
16835
13313
12807
11744
11147
17358
20502
11368
21163
11454
19755
19485
16824
17179
18046
16822
15268
17051
19296
17555
10904
15398
17688
17425
13322
17630
12535
20587
9360
11925
13657
21131
9720
8946
10106
10536
13145
21187
15765
20787
18880
14112
10722
17889
16190
17021
12529
15954
12661
9336
9963
12548
11240
19387
19596
19676
17507
13774
15807
10589
10024
10716
15287
19952
10900
10564
19949
12603
12588
17917
17084
19037
10315
11616
18521
12871
15785
13555
12472
19481
14609
16604
20389
15415
14163
20495
20253
10065
15758
16436
17034
11127
13640
14774
20184
13646
16976
12112
12897
17428
15286
13138
11517
11766
12413
10966
19840
14441
20798
12897
19375
19607
9492
17950
16284
10186
17019
18140
14034
12284
16316
17283
21306
12781
12961
15613
20780
20888
19549
10604
16313
18408
18072
11541
13163
11430
20252
14285
14437
15075
11547
12314
12146
15336
20442
15901
20160
20951
15162
9873
10915
11649
13505
12023
19555
14387
12125
20708
16192
13066
21121
18539
10632
12737
15790
20402
19925
9945
15961
9898
18154
19003
11531
16117
11080
8992
8971
16057
16522
13549
20761
17157
16114
13660
10027
10878
10850
13154
17737
10849
17649
18975
11245
14258
17195
12847
20094
9837
15061
13016
17387
18480
16776
16412
14920
15306
17369
14158
13031
19137
9450
9778
14712
19836
16716
9297
10566
11239
12867
17069
19478
15557
13785
12172
15193
16402
10413
13643
11372
18083
18759
10272
12563
9683
11204
9240
19315
20337
16008
10507
12446
16527
13685
18368
10626
16239
15409
14177
14810
9114
9734
13102
13955
18271
9805
11213
16011
9457
9097
12858
10671
16942
20665
18505
9338
10326
13967
14663
12378
15945
15545
9334
14812
10632
11384
14616
16631
9223
14581
10007
13954
12498
14072
12375
13618
17430
13140
12181
13073
14718
10912
19976
14165
10078
18076
16135
14053
13074
19945
11968
17974
10781
14342
20788
13805
15848
11265
12910
11519
11212
14387
13606
13585
15591
15427
19928
20978
10570
14054
10984
11226
13895
11775
10080
19527
16153
19430
18631
12153
9202
15284
16042
18223
16082
10465
9666
14971
20366
21261
11079
13779
14337
19145
21259
10803
19156
15938
15317
9210
11190
18412
10334
20207
14069
11280
15181
16423
12208
11545
14533
15880
14388
17150
12801
10124
13874
17580
16596
9938
15450
15760
17728
16057
17776
15034
19187
18064
20047
15995
14667
20460
10560
13946
11798
14506
19963
19682
9041
13857
15099
9244
17021
21039
13643
9157
19299
18928
13589
18812
16492
14615
15792
17031
15985
14434
10887
11790
9334
13551
17219
19666
15605
8990
11456
20859
15797
9759
15523
10190
12463
10887
15962
13681
16802
17468
16379
11366
14704
14767
19297
9395
11434
10632
15310
13795
16628
11917
19350
18848
9366
11166
17162
16859
16064
14897
15752
12909
10168
11179
11618
15345
13788
18928
9486
21247
16817
14821
10259
9318
13781
12894
13807
11607
14765
19797
10023
14351
12902
14948
10356
15102
18938
20777
9076
18025
15842
19672
19957
12226
13401
15485
15204
14744
15627
10172
21261
10204
9943
9806
9872
12592
19192
9702
16250
14661
14832
9285
20350
17296
9803
12077
15732
19864
16199
9061
10053
15002
18530
15219
15222
11363
15503
14401
10527
14545
16442
14344
19354
11641
17189
17981
13484
16606
18595
10445
19069
17943
18230
19217
20147
15987
10696
20106
16764
18414
19842
20099
14468
15708
13687
10257
13119
9558
21232
10548
14179
20123
21011
10508
19595
14662
13241
17137
13520
16965
12363
13929
10313
20543
15476
11226
11157
11918
13829
13130
18651
11632
10184
15028
9299
14875
11533
11512
15400
9243
17335
13960
13057
11251
13098
17423
20046
11565
13328
12834
14389
15475
15139
14442
9896
12333
15333
18926
14099
17241
21243
13853
21234
16002
11576
19013
15425
9942
11744
16736
13997
16042
15202
12803
13031
16560
12060
12103
14375
9283
18155
18042
10199
13158
12599
13198
19961
19148
10486
9854
16502
9589
16488
11187
15497
13004
10967
15961
13557
17924
9842
14708
13313
18412
20615
15062
11599
13293
16237
15718
11245
18908
12352
11455
19457
14715
18062
14849
8981
15919
11868
20034
8968
16418
16184
8923
19834
17557
10057
21039
14819
9878
12131
17030
11425
11495
13395
19264
20776
11646
9930
15645
13958
16532
11203
16404
14103
15145
10456
10610
10060
14508
17824
10496
9021
17290
18457
18742
14507
9579
9403
11646
9557
12698
11844
10432
10931
10495
13906
10987
14928
11149
9546
18596
16963
10715
9456
9534
10839
20107
13220
14526
13714
12132
21098
11725
17867
16769
16312
14078
11641
17356
13846
13312
15040
16236
12994
8931
11591
12480
21004
19478
13180
15974
18424
17849
9348
13211
12154
15621
12569
10629
11908
20223
10524
10170
17743
11012
13996
13211
11010
16005
18970
19242
9242
13797
11856
16542
15441
9617
9740
9762
15535
15858
11943
16139
9964
13611
16522
9691
11756
18180
16349
15624
15262
11388
14019
21145
19541
11976
20656
13110
18085
17235
17539
12682
14041
11762
11010
17806
20909
19998
12248
10257
18884
14917
11669
16775
13522
18439
16850
18294
11983
15118
19787
13586
18953
12370
15495
19085
15797
16728
11044
16746
15182
11978
16765
19643
17237
13281
19594
10057
14560
14758
16168
20610
14066
18496
11421
18742
9127
18081
13577
9750
10955
20673
18136
14996
17993
20705
10776
18440
12510
14430
10091
16640
20970
14748
16245
10220
10172
11475
9579
15309
17153
11765
18615
13437
20177
18977
21284
21150
15896
14128
16028
20994
18052
10344
18637
12686
13713
13517
14171
12033
13565
21044
9545
15001
10805
18673
11182
12765
12319
13861
14559
18537
11561
11966
19293
9721
14450
16155
13700
9920
19516
11609
12267
21189
17661
12220
14736
14604
11245
20032
10778
16240
13751
15736
15667
9767
13476
11401
11777
11711
9238
15971
9159
14405
16253
10821
12544
13281
10199
17232
13817
10904
12965
18016
9811
15463
8926
16623
15360
16477
10597
18816
16593
17863
15632
8928
18397
18451
14457
12323
10458
16978
18111
15323
16250
10173
12781
11688
16626
14259
18627
11034
11658
12918
8918
19462
11787
16594
11169
21282
21068
15771
10151
20179
14906
10387
16167
9538
17730
16100
19887
11497
15618
19382
18718
16844
16599
11352
12864
20388
11664
18401
10040
10667
10208
14466
13962
13441
14989
15734
16784
13503
17653
10139
20035
9557
11958
19766
15629
14499
13242
14204
13919
18315
9933
9446
13542
20462
10913
14719
16122
8953
14111
17776
19137
11829
10093
14240
18122
21244
16277
15180
18954
18246
15307
11385
12491
15570
13084
13103
21095
13812
16499
10096
16302
11871
15888
10157
17301
13156
14413
11812
17053
13927
18187
12107
9476
17625
11524
18099
14255
13502
10640
15960
12242
20768
19347
14630
15717
17149
10308
13822
10190
14774
11895
9243
13358
11918
17842
17456
9828
21116
13589
12776
12019
17700
9260
15749
9006
12787
17782
13282
10455
9455
9033
14350
11392
14704
16833
14212
12072
12557
15110
20229
9028
17744
12680
15363
14597
12367
11660
19030
20417
12402
9448
12043
14556
14050
16973
14451
17189
18734
18350
16495
14157
14913
12588
17764
18562
9049
19222
10670
16024
19392
13250
12498
13303
11103
10359
18984
12968
14058
17120
9255
10715
12126
10525
9278
10785
20548
20427
21006
14508
14656
14705
8956
10807
13334
18043
11993
16928
14781
11770
17138
15593
13513
14400
11221
14072
14491
19868
9850
15690
17772
11411
14975
11215
14611
12528
13249
19901
20005
10233
9712
14036
15465
14883
12786
10008
17397
12319
10839
18768
18488
12078
15725
15006
14928
10465
15366
9197
13272
14038
13184
8964
13380
11541
12130
10549
13641
21220
17595
14295
15535
12355
12157
19750
10714
14096
20049
19733
12971
10705
14430
13886
13199
11546
9080
16860
13348
17262
14686
16721
13597
9491
17166
11097
12026
14218
17085
13074
10410
18092
16146
10872
17178
15596
17943
9667
17725
18575
14074
10069
9719
9755
18136
20220
16224
17053
18466
15143
14324
15971
10076
16317
14682
18936
16178
13948
18403
13316
15656
13080
9062
19511
9895
9010
9132
11348
14440
18240
19543
12807
9213
20436
16279
15006
19551
9385
14085
18189
11235
10162
9977
20602
10081
14820
20630
15504
11768
17635
12327
11688
10235
17092
20186
16604
13987
14407
16256
10456
10045
13247
14576
9166
11081
18629
16418
16745
20431
13896
17582
12078
11542
10484
11763
14989
17526
14432
12709
13590
13622
11728
21261
13811
13383
9161
17568
15980
15444
12709
12752
14916
15381
10952
13098
15152
20054
9011
12267
14243
16808
11027
12160
10357
12516
14125
14211
10368
13605
12715
16823
13795
9314
18871
10566
11815
17009
18340
14208
19370
19898
16241
20463
8950
19447
14068
11467
16516
10908
11183
13851
20800
20314
15104
10061
16292
11932
19410
14320
9126
16446
9579
16653
15330
9491
10445
18065
12829
19704
18441
14612
18201
15330
16310
11540
21055
18892
11752
17909
10032
18716
14807
13306
12554
16499
10030
15041
19354
13763
18578
20473
20695
9173
20659
15696
9041
16063
19214
19480
18617
10842
15867
12863
12396
18215
10543
19158
16780
17051
21295
14327
12414
12228
16836
14149
8950
10972
11330
13444
12086
13252
15612
19670
16375
15329
15264
20400
20642
14260
18726
17818
9685
20218
11416
11422
11936
10511
17232
8960
14866
12500
9206
14848
14171
12544
9102
15386
9137
12537
17486
10468
19381
11840
17327
10296
20662
20933
14687
10890
14355
11413
14638
15062
10810
14317
9202
11239
14939
14113
15815
11104
15316
14960
15303
16195
17803
18652
11085
18486
18344
19812
13425
10770
10648
15614
9520
14530
14491
14230
11737
16383
9631
10578
11945
16630
21049
16910
20142
11759
12711
9414
17836
14974
10246
12525
12722
13579
12012
20810
16785
11489
20538
10759
12206
9549
16922
12044
17073
19790
16093
20393
13006
15923
14059
14030
9554
14507
17229
21227
13293
20804
17463
16745
9359
11450
10261
21302
18633
14083
13391
16443
10625
18634
11192
15202
16824
13873
10268
20584
15542
8982
17007
17182
12503
10896
16009
9886
19087
11095
9010
15739
10658
15411
10746
13967
16508
11718
17113
10953
19783
19791
12328
13633
9133
17962
13185
13030
9740
20384
10998
14731
11620
13621
16789
11341
12008
15522
16805
14757
16803
17657
16591
16929
11770
12795
14406
18878
10646
17989
11293
19870
15150
14408
15660
20652
11310
19257
20185
20091
16477
13743
9726
12376
15800
14562
17580
19783
11190
17698
11929
15194
15525
9731
10598
10738
19478
12763
12647
20186
11149
10123
21054
11694
14978
18329
11970
14743
11036
10920
11578
13745
9256
13362
12551
17249
20077
15489
20622
18410
17490
11762
15832
12867
19468
16890
17373
20035
15123
19041
21052
9307
12877
21051
20623
18793
14988
9722
9778
14052
9480
16587
11993
11766
15770
9804
11772
16402
20244
16535
13842
18115
16845
17298
9780
21074
14346
9133
17178
20277
12639
20469
17556
13133
12555
12685
19580
14685
11691
14883
11762
19077
18590
19120
11420
10308
13899
12483
11682
16462
19382
11386
17033
12624
9946
14187
10876
15102
10032
13017
18649
15901
19390
14268
11479
9107
10705
19399
10703
17765
10928
9932
20179
16154
8937
19748
11356
16666
9654
9913
15185
17846
10995
9568
19808
15725
14177
15506
18940
10175
11281
13360
16143
9111
9791
13016
19668
10150
18628
13466
18635
15887
19330
19117
19997
16628
11507
10726
12392
13018
14885
9462
11387
21158
16233
11636
19795
15123
15531
15956
19993
16278
13265
14315
12029
10729
14701
10915
16869
11531
14198
19262
20972
12505
16597
16510
15159
17680
10479
16052
9761
16536
9464
13495
18255
17303
14870
12661
12752
13155
16691
9697
15538
9841
10497
19008
11268
12477
18655
14039
13665
20148
10885
14961
11273
10776
10560
11901
9189
11252
18650
14494
18149
15786
15358
19382
10683
12303
21306
11150
18350
12830
14738
14202
10150
19644
12731
17135
17915
14695
12995
19968
11304
12838
9092
14943
11471
11624
12366
14543
12172
13322
9960
19084
18572
17457
10150
11540
11812
11396
17482
16024
14640
18412
13557
13633
20395
19587
12188
14235
10306
15490
9244
11401
18562
15293
16507
15693
12355
20133
19606
15310
16907
17761
19732
14489
15962
12042
14486
13600
11597
19043
12021
15792
10570
10019
16855
18953
19763
20017
12839
13855
15507
9181
13321
12179
10064
10738
18832
9181
12723
10842
16319
13454
11315
14162
11668
20614
13377
17075
11607
15881
18965
9640
12881
13838
10694
10710
18278
12279
14097
9170
12569
11536
9081
20619
9640
16329
21090
13414
9060
10206
10474
11124
14675
14672
14699
10732
10849
15618
9485
20517
19870
11656
13148
9933
14952
20472
18664
10479
14785
19393
12309
11729
9566
13236
16289
16773
10749
16369
19998
9441
20237
16639
18504
9853
21240
15199
17631
14893
15915
12898
9998
13520
12277
9557
13675
21066
15956
16670
11441
10464
11107
11446
9516
14366
16292
15939
15345
12980
11181
20178
15445
19446
19214
12921
16036
15969
13125
15192
16282
17387
16890
17845
15267
14280
13811
21167
18329
18582
16441
10696
11229
10535
14323
16631
12826
10923
19728
15604
20787
10904
16736
14733
14701
14608
11933
15236
14159
16785
15934
21250
15319
15155
14581
9037
16791
12387
15544
12352
15559
17961
16297
10755
10052
13757
14466
16459
15548
13849
10656
19578
12514
15400
20624
18274
16668
9531
20539
18386
14141
10756
12439
10152
13564
12304
9132
13667
16604
12063
11861
13006
17243
9084
18242
14143
14931
13977
20783
16719
14067
19880
18942
9363
15668
14159
13944
11273
9941
14548
12424
11687
9365
15431
18002
20185
9420
13131
15929
9235
12350
16266
20820
11765
14479
9357
11926
19067
16084
20646
21016
12771
12296
10626
20670
18564
16291
9504
16897
9920
15465
13422
15394
20661
15194
15294
9615
13673
15804
19213
12466
11967
16667
19704
9697
19607
12882
15047
14646
12827
10777
12670
14173
20765
12762
13058
15108
10738
12900
11411
18290
9509
12080
18412
15878
12219
9827
13920
20710
9986
16903
11953
11837
9724
12982
14853
19079
10711
13185
17178
13761
15431
15730
18294
19442
13656
13115
11681
17734
9491
14550
17150
11214
15264
14466
11719
14575
9834
20197
13620
10087
14577
11418
16183
10576
21143
15619
14248
18411
15334
15706
17435
16327
21049
13025
10403
21132
17954
9615
14066
13119
12591
16984
13805
20385
12479
20017
11019
15982
15596
13780
11946
16839
12000
17990
10773
19487
15169
14149
17719
13222
13556
14915
21178
19823
10414
14086
19169
11324
16975
18466
15563
14449
21237
10584
12014
19734
13248
12329
17308
11525
13702
19194
17595
18804
14578
13155
14534
20404
12850
13141
14910
12354
12261
12811
20577
21065
12874
15090
11452
13722
18312
9305
9770
12924
10789
18562
14165
11327
12260
19757
9471
11362
20096
10060
9687
12065
16258
9290
20672
13890
9392
11800
11068
11095
10807
10009
10512
11752
15066
21194
14892
10166
15644
12428
17814
19441
13169
12627
16923
16442
19560
11683
15249
12580
13436
17647
19204
12889
14906
9432
9204
21176
20303
20838
14634
11537
14030
14655
17847
14718
19472
18820
19605
9662
14516
20485
19319
14958
18554
9727
11226
18955
19839
10197
10995
16063
20024
17262
14786
19529
19288
16203
15983
12227
13925
9346
16881
15597
10322
13147
14571
20338
15138
10352
17930
21038
15475
12330
16982
16033
15132
20482
12533
17496
21094
15644
18426
16609
12014
9092
9951
17652
12815
9508
15005
9474
19617
10080
15768
15128
11389
11824
18034
16392
10448
17631
14318
10290
21050
11576
12713
14712
11393
18347
14679
9550
18377
19029
20283
16304
13660
16273
11522
20088
19072
10520
20197
9868
20541
10685
8954
17705
11525
11179
10102
19272
17220
11960
19905
12266
9383
19120
20051
17312
10344
21055
18182
17242
17637
14433
15392
21031
11933
15858
10129
10215
10504
9749
10973
9701
11240
17292
12225
13860
20387
11287
18002
15434
9021
21322
16251
16459
10231
11591
18018
17079
18427
11697
14343
15409
19827
11415
9745
10228
12173
21228
19948
10983
16598
17642
20057
11584
13546
11280
9267
16829
17814
18783
14086
18984
15979
15215
20876
10248
15588
20849
9670
14549
16241
14148
14525
19427
20900
14658
19998
15798
15205
11122
12208
15887
16669
10495
16380
13978
19954
9384
14301
19312
15873
19528
10640
14086
17565
15358
12808
9147
12445
17258
13182
9599
11673
9694
16417
10762
15301
15046
21301
20314
17336
17472
10965
9329
17797
9359
14235
9255
9529
15027
11974
11895
20664
18352
11219
13523
13550
17750
20414
11620
19056
18464
13180
20832
20501
15945
16440
14908
9344
15457
16336
16163
12884
17212
15158
11791
13148
9081
9295
18403
13438
14830
19401
14266
9438
15209
17629
15070
14123
9537
16698
18483
12416
16874
13866
13066
20253
12382
14209
15498
12294
16410
14951
11938
19960
19141
18002
21286
15706
15531
9832
11144
13156
9440
10747
14721
11065
16613
10533
13320
12548
13222
10626
13502
13190
12427
9741
19484
15741
18299
9042
10922
16008
11027
13802
11112
14933
10797
11447
10828
13098
13798
17907
10636
12984
16441
17463
18249
13157
12763
14991
20627
9018
14143
10868
16528
20173
19575
14884
19480
19674
14861
10431
16257
18785
18382
12255
12037
13866
19531
11961
14333
16258
20356
9980
13588
20658
18775
15641
11825
13259
20776
9134
12424
19566
11671
15905
13497
11264
11633
9825
11180
14456
16066
15159
15192
14893
16410
21304
15897
15898
14206
8962
14938
14256
9571
15826
16051
14581
18842
10350
18506
13803
15668
11998
20104
17518
14157
15975
13053
12489
13657
10569
12406
10747
9223
10798
20518
17450
10939
13933
10804
10226
20368
12895
14990
12489
12009
13831
16902
16341
13677
16836
10567
10285
12751
16052
21268
12403
14706
11488
12218
15597
13054
16440
12013
9265
13507
11958
10141
14219
9901
11010
20471
9841
13024
16073
16662
13877
12640
18831
9900
14702
12793
20768
9744
18991
18002
9491
12249
17182
15403
11476
9394
15291
16207
17063
13123
14160
10929
17053
14920
11810
9366
16725
18309
15269
11456
17491
12062
13821
11916
20057
16454
16795
14910
15468
18791
9518
20108
15986
9079
10059
12007
18276
15216
14649
21127
12721
10250
12661
14397
9854
11440
12806
11000
13157
14301
16125
17172
15847
9023
17652
12390
9451
16590
13794
14358
17811
19925
12004
14323
21200
11228
18817
11779
13570
14355
9815
15522
11832
13145
10363
15561
11062
11402
13819
20510
9911
12337
10889
10422
16524
10741
9803
16200
10941
9066
18734
9021
18586
14579
18816
12347
17965
15569
15153
21081
14999
19614
14228
15955
17574
14032
20755
14080
10834
18379
10925
9445
15812
12158
20863
15727
16656
18299
10425
12653
14907
12340
16282
19728
11777
15449
20817
20035
18688
19281
12391
12602
14122
13373
14036
12788
11017
16882
15584
11237
19387
9013
14588
10016
18541
19825
16693
19480
19092
20193
9855
10030
14433
19387
13931
21232
14918
13726
12785
13546
14637
17916
13916
11253
10148
14097
11712
15352
9674
11627
9782
16330
20855
9404
15344
16785
16443
20378
9683
10659
18434
16185
10295
10763
9776
13606
14661
15688
12479
11867
16302
12830
15687
14314
13169
16228
13430
15251
20630
12201
8951
12358
18225
17393
14975
10773
13662
14010
15026
14099
18067
11079
15968
9349
15934
17837
12817
10501
11510
17729
11512
11183
19641
9106
15032
18604
12456
8946
16188
12652
20858
10861
20338
11177
21029
12999
17084
16572
9468
14807
11068
16504
13874
20321
12684
13058
10058
11519
17789
20458
13357
18787
9854
16298
14026
20519
13035
18926
11120
11613
14801
17835
19265
10489
12859
19884
18613
13227
16437
20189
10101
18496
20925
9686
17748
12249
16251
15685
20593
20329
13683
11515
15651
14820
9504
10334
13991
10697
20717
19628
9417
11793
12334
16375
14227
12347
20290
16849
13863
11353
9939
10378
13441
10602
9565
11331
15572
17408
16209
13382
11912
19238
17015
16585
12816
20271
10225
20444
17630
12846
20006
18972
17051
13017
10584
9568
19483
12817
13581
19533
17558
11192
13590
15464
20319
17915
12138
9190
10042
20261
10715
12592
13381
18091
15214
18283
10662
20375
11484
10591
20561
12637
15903
11064
15364
8992
14543
9976
14495
11353
16028
16425
13670
20113
13813
10471
14158
15235
16868
10710
13300
20272
12562
10666
21061
18361
18775
14465
9513
15361
19430
14555
9912
21112
12621
16693
20930
9394
16494
12147
14444
19403
13884
11256
10929
10847
12634
16974
18558
15138
19146
10270
13585
15998
16408
12727
20586
20138
12592
14733
13131
13474
10639
10878
17448
9727
13597
19726
16531
10584
15406
14911
10121
17745
15504
10582
20536
9317
14305
20115
14896
10977
9120
13028
9552
14015
17579
18294
18377
9713
18006
14654
11844
16629
14514
14182
11381
19518
12562
10354
13204
11512
16930
14984
10200
15051
12559
20304
11946
15725
14828
15330
16774
17014
13388
15531
19190
10108
12662
17790
10429
14645
17378
9130
15314
14398
9557
14097
16968
12186
19338
10870
15535
10225
14011
12398
14865
15115
12808
19871
14670
20453
8941
13780
11468
16845
16074
12696
10799
12534
14812
12903
13524
10502
9160
12763
16282
11347
14691
15003
12784
19010
12718
10144
16610
16276
15197
10497
15810
12392
13340
9401
16477
17437
14932
9580
18485
14007
20885
14681
20679
16241
15558
16587
13659
10629
11376
10219
17903
19093
18295
20141
14088
11325
21316
15771
18967
13498
10900
11483
10203
12360
19381
15691
16518
20070
12598
19549
15102
10650
18331
19541
15080
9847
13115
20288
12190
9146
11993
9349
10868
11120
12908
15702
17763
14146
9952
14329
9187
13128
19545
16409
12508
12128
18508
11750
12923
11565
14204
15154
10828
12964
9586
10324
12354
11310
16839
14310
18854
21081
18555
9395
13152
14105
18113
19503
12204
9412
12660
15584
12577
14060
9621
9285
9894
10910
13415
18593
10747
15918
18341
11893
9201
12376
16367
15564
17423
19850
19889
17087
16091
18392
13008
16890
16891
12137
11510
15447
13575
15871
13054
12740
13671
16808
13888
13696
13811
10989
14931
19348
18480
10077
18844
19660
17682
12300
13463
12528
9363
17884
16682
16634
19537
9843
17229
19866
17652
12249
11117
15568
19661
9198
18785
13274
19825
9542
18664
11360
14806
10742
10809
12384
9852
11774
16231
14435
9452
15735
20059
15052
15866
15236
14712
16684
14046
18709
15091
14615
17932
9134
16819
13890
19760
18745
15397
16051
12559
15789
9968
15621
17822
14138
13807
15764
20582
20968
10720
9250
18232
15372
12873
11489
13960
12874
19241
16340
21155
10264
14500
12666
11250
16938
15795
15696
10579
13920
15956
14815
14051
13962
13270
14826
10390
16779
10113
9666
14402
19848
12709
18514
15157
15893
9525
16875
16879
18817
18363
12587
15719
10437
9205
11512
14922
10710
9857
13689
15626
21302
21310
14093
20638
16863
12057
15570
21191
9386
9952
9864
16065
18977
11933
20199
15999
16135
9019
17274
12015
18851
15775
10186
17230
11003
13499
16902
11504
15200
17386
10863
9202
17412
13686
9796
18715
12541
9878
16320
18840
9605
18309
19064
16531
11148
17225
10525
13695
11022
14034
18450
10551
11238
13909
9261
18851
19218
10646
11629
11802
20520
9353
10038
12765
10153
11758
13080
19438
20910
20455
14397
13101
9845
14568
10033
9230
16557
12300
14810
14019
17945
10568
12128
14699
12725
10439
12281
13208
12642
16868
16019
9701
11418
14018
20837
18926
10501
16549
17567
19565
11345
12037
9471
16688
10044
18048
15954
12350
13783
15865
14576
16778
16646
14670
9731
12269
10850
9721
17081
16236
17085
13867
19494
13961
13425
13196
14513
18790
16601
20348
19712
15794
17855
18109
13439
15989
12245
10060
11762
17273
21217
13562
12491
12321
14758
18724
14070
15833
20557
15818
11432
10562
11790
19789
18764
15450
17436
20206
11777
10869
20756
13698
15307
15244
15958
12337
15732
13720
14582
16311
12451
10862
11171
14586
13572
15275
10578
12395
13920
20071
15167
10194
20154
18023
20762
18264
14336
12930
17900
10840
14359
12527
14847
11176
15385
16056
17497
13267
18008
19039
9340
12088
19944
11728
16131
9997
17230
18399
13422
13844
9802
14180
15767
19198
12829
14739
9030
16955
13040
12089
16311
17211
11402
16737
9728
9708
13449
11860
12085
9869
11865
11287
12239
20565
17666
20586
11063
15373
10292
17406
11832
15633
20969
15610
9774
10321
19938
9058
19151
18289
21044
17590
13264
12581
12233
18458
11376
9898
14750
11158
13251
10204
17032
10951
13759
11008
9710
13280
9778
15753
19157
10957
13319
9540
12885
20427
16467
16297
13231
11311
17838
11497
11086
20666
11939
15090
19606
20056
20887
14092
10500
12513
13259
13122
19324
11224
15403
12977
10948
13298
9285
16235
20410
9582
11599
13904
20348
10299
12540
11006
9457
10930
16566
21289
15354
15982
11123
12334
15738
18898
17615
8921
16070
10940
11424
12710
15822
13676
18255
18022
14263
10333
13640
16191
9852
9896
12379
14480
10022
12012
19926
15729
18795
9215
9520
18466
13215
13079
12191
19921
10012
19763
12292
15523
12433
15362
17596
14203
14870
10422
13095
8962
12847
9925
13587
14697
10447
20383
19976
20092
14416
18560
9052
19650
18477
9452
9858
9308
14206
16986
15615
15935
11633
17972
15232
13541
17127
14287
8923
17109
15716
8934
15099
19994
17653
20080
19326
17511
16673
10789
13474
9506
11282
20948
15946
13211
9410
14383
9960
16176
11305
10377
20965
13451
15283
19744
19462
14598
13295
19049
18269
20637
12006
10717
17701
15504
19581
15012
15337
13226
20894
12368
15744
10340
13969
18071
9230
15831
11714
13805
12260
18968
17187
21051
10038
17297
19928
10402
20114
12672
20645
19599
12056
10323
17567
9757
17404
15716
11396
9597
10013
9529
18790
13180
15503
20155
10349
20213
14206
20847
19546
16362
15283
20647
18079
17225
21314
9709
10011
10987
11898
16857
15569
17273
8934
12120
20262
13460
13784
15252
18933
16718
18795
9348
9354
13151
13458
18860
12450
11812
14559
20328
14476
13294
11706
15446
16418
20190
9970
14310
10515
12724
9468
15105
11995
16842
14238
9034
14761
13763
9490
12413
16768
16437
14535
14347
10792
11670
8929
18352
10311
17003
16918
9537
17649
20115
14147
13683
13007
12986
17137
15261
9021
9786
13679
10487
13303
13135
19992
13044
15915
16027
10240
19648
19529
19589
18819
9022
11858
14567
12259
9385
12704
18178
14601
16208
11837
13607
13478
15006
12453
14853
20034
21244
20273
11709
11591
9752
14262
16824
17317
13542
12612
10138
12419
16825
12877
12136
19559
13831
12568
14723
16502
13733
20753
9114
16892
12713
16861
10729
11593
14794
21220
19192
16304
14858
20643
10619
10205
13438
12470
12742
12332
15516
12953
11818
19940
14831
9152
11783
19668
10740
11796
15920
14294
11668
12632
15333
15301
11843
17663
19950
17918
15592
13314
13920
18585
11170
14634
10514
16100
17812
17275
9512
10250
14743
15946
12398
14971
15819
16541
18346
21153
9725
15217
8990
17243
10990
19944
16153
16339
9224
10448
18955
12181
19162
9779
15207
10304
19524
14524
13881
13145
9439
11576
14737
11894
19109
20420
18569
11061
16703
16786
10254
12710
16004
15923
20487
10752
14259
10621
10229
9711
11626
16061
9704
13441
21059
15097
17840
18194
15228
10117
9291
14064
15790
19299
10174
11754
9447
18634
18646
13391
12645
11325
10092
14901
16662
13809
14377
9083
15301
9519
15553
16988
20092
20468
13010
16492
17021
11764
14614
14959
18470
14893
14051
16818
20898
21054
13787
16796
11470
15078
12813
16835
19354
17806
11112
18105
18846
15577
19623
16191
14144
12523
12831
12694
10550
12948
20839
9308
13450
9923
18627
14083
18896
17332
11195
11968
16933
18117
21185
15244
21317
21047
13123
12357
10069
18508
16980
20720
11567
15342
18502
15254
11000
12923
10055
12133
11758
18861
19187
21134
15961
11105
17134
18265
13803
12725
15014
16026
11184
10134
19974
20209
9041
10431
13252
17847
13866
16378
18900
19270
12816
14023
21063
12881
16742
16723
9734
12842
9521
17248
13870
9833
20471
18705
16728
9907
11629
15572
15409
16780
18106
16451
16126
18109
9935
12595
14289
9084
14831
9245
10542
13836
9074
11396
11993
18753
20132
11433
9861
15911
13195
15277
18114
10792
18624
11606
15025
11227
11601
10922
12216
13037
14147
14066
15557
15790
11879
11549
12321
14559
15658
9205
13829
11546
12309
18500
11701
16346
10119
13175
19817
20560
15939
10059
10868
16326
20675
16697
21026
14264
16133
19905
13649
14627
20148
12083
9782
18225
15834
14975
10845
16199
10308
16255
20383
14167
15386
16920
10779
9077
14621
11626
14219
13665
12170
10932
15721
10381
15733
14063
13434
10151
13970
17329
17493
10602
14484
10029
15078
9123
11607
16035
11853
11410
11352
16352
20802
11119
10873
19863
19635
12351
20055
16163
20759
12999
9382
17174
9573
20694
12489
12404
19560
9481
9453
17574
13046
8987
11973
11228
17421
12980
14494
16631
16793
9589
19139
19612
13578
13805
11400
19034
14404
14401
15545
19598
16465
15074
12837
11017
17456
12535
18849
14332
20517
18450
10121
10026
17375
11958
13276
17374
17663
10731
20690
21011
17659
9828
11907
9703
15570
13331
19411
17401
15857
11959
18715
12148
11080
12006
10629
10774
10731
19786
16153
18306
16753
16566
14295
15696
13268
9835
14779
12634
12141
20607
18140
15409
9392
10800
20240
11318
15272
20260
20186
16786
18439
20730
20615
17107
15846
14400
14405
21206
12381
13862
14235
16699
12148
11712
11078
9269
15744
19857
15578
13281
20986
13788
13884
10701
10246
14251
16355
18243
19545
18467
14605
14377
16055
9852
11518
10959
13637
11599
15156
21109
12081
9969
13227
10139
17511
14356
16621
13924
10004
12700
9529
18059
9209
18139
10203
12161
14085
20538
12404
15655
13866
16707
14693
9706
17970
10093
13681
14707
10156
12403
9588
9464
10404
14944
8992
9068
17808
13708
14004
10007
20459
11749
18013
20591
15254
19901
16064
11505
20244
12732
15297
12886
11968
9459
10848
18031
11582
9145
11351
19414
18999
21215
18926
12412
15336
12911
11541
16284
13849
10481
17811
14916
14361
19608
12963
9382
11001
15857
15316
16175
16080
18662
10804
13182
9688
15114
9071
12743
12058
10182
16303
18975
14543
15753
17953
14234
12995
16850
18661
20547
21320
20386
21001
11167
14075
11712
17687
12992
15978
14293
10903
20057
20209
10675
12223
14668
14252
10443
18557
11268
13666
15960
19172
19032
12795
10056
9464
10473
9318
17028
13982
8987
14165
13054
11778
13867
9623
17169
13994
17636
15917
19102
8959
12404
9021
10336
10741
11317
11499
15524
10006
9526
9165
15436
13300
11189
10902
9311
15345
20347
13193
15702
17576
9761
10481
14799
9843
12159
16861
9606
11221
16817
12398
19897
18816
17579
11493
20952
13632
15831
14556
21220
14899
18194
10168
13052
11608
20124
18364
16834
15499
12292
16100
10251
15002
16628
19391
13806
21227
14402
11354
16327
13463
20245
18382
17797
15767
10134
14376
12647
10521
10976
15167
13036
14781
10544
11845
16319
13824
10334
9920
11189
9891
12152
12469
12568
12359
10276
15257
13255
18892
11909
15830
12642
16082
14673
12073
13019
19018
13114
11830
15232
18559
16083
12967
12798
10292
12797
12317
15462
9978
16617
13383
18703
16610
15351
16552
13765
13998
14943
13106
11933
15254
15206
19705
11641
12691
15472
12336
17284
14710
19138
13378
9433
13396
20544
13552
20103
17672
11836
16150
19678
18593
14555
18312
15164
9237
16167
12781
20439
19029
13487
18988
11215
13512
17776
18841
19597
20940
16024
16653
12134
11566
16191
11132
15304
9651
12125
14511
13286
19128
14725
11466
17387
11267
15330
21192
17147
16706
12192
12389
16470
17831
16413
16602
11573
12106
19906
20965
14056
20468
13508
17023
15435
10062
11474
16055
14289
14180
15153
19391
11466
20420
15942
13191
15979
16399
13562
9537
18991
10068
16740
19090
11106
11441
12240
9953
12577
20623
12787
16399
16354
18443
15885
16830
19332
12900
15498
18214
21145
10760
11614
19274
10561
10141
11342
15352
17967
11975
10191
19469
14136
15724
12705
9300
14732
16981
17134
17918
16383
10155
11285
10824
18132
13299
9127
18434
14100
18024
9322
15082
15510
11665
15596
12168
15476
20793
9982
10465
12068
20371
17907
15126
15478
15570
11111
16485
9970
9106
18291
17636
12804
17031
12252
12873
14100
9671
15771
10762
19354
18620
17071
10578
9369
15976
11252
15416
12374
10131
9887
10868
11398
13547
11511
14685
11158
9625
9431
20440
13350
14817
9227
13527
18091
10779
16821
9309
9994
12381
16009
10994
19103
10100
17512
16027
17777
13076
18331
17028
15793
12583
13363
19440
10818
11350
9351
13001
11297
17971
12907
15356
13639
15155
15567
13449
11333
17248
11605
11176
15587
12091
9730
9499
9830
12397
13088
13908
9229
16382
10746
11939
10092
12648
9164
13702
12721
12484
13216
9335
18131
18704
12261
10780
13150
14227
17096
11826
15894
20302
11348
20059
13480
11088
16520
9002
15424
14899
13045
16991
9383
9253
14875
9963
11492
10425
17666
11353
14620
10413
18806
17823
11666
9014
14908
12231
10287
11871
16791
10008
20496
14946
13749
11217
15133
14373
17112
11201
13694
14648
17536
9198
13237
19444
14749
12904
11465
16187
12922
11716
12642
13720
17669
14350
20642
14103
13737
14801
14473
14123
12504
9289
9471
11792
18852
9004
10257
18209
16391
15802
13347
19827
17618
14626
19826
15372
14096
16119
11050
11601
17478
18033
18395
14305
15623
15463
18799
12728
18330
13042
13389
10336
13841
12462
19372
12230
9658
20369
11998
9165
10637
10049
19662
16995
11153
18640
9932
15278
15017
14905
20270
9837
19966
11678
13791
14725
18795
19817
16202
16118
11340
21325
10194
9441
16365
14314
11396
16389
17657
9064
11753
18199
10396
20876
14721
20723
11725
10523
17042
9865
19919
11489
10051
14848
20281
14206
16583
12301
14813
17093
9604
9416
12466
15286
11120
14161
14981
16558
15833
19639
11152
9265
20860
13447
17606
16610
8980
11546
19366
10817
20133
19301
16202
10561
15949
12451
9225
9402
14826
15975
11006
11848
10755
17219
14479
19657
17521
14995
16341
19883
16891
19574
19342
15444
12044
11897
16675
18649
16452
9453
17062
14709
18119
12366
11934
12299
11544
12988
17172
12311
12056
9095
9578
16533
10144
18647
14430
20435
12497
9609
16549
15036
13775
17950
17156
10095
19653
20836
19658
13628
20967
18234
14962
15875
12019
10186
10062
15857
10228
17579
12273
20573
10426
10480
16537
13297
9763
16373
11718
15485
15953
9820
16477
17525
17199
10799
19097
14918
10148
13034
13133
11979
8947
19084
10631
11911
11351
17206
15394
11412
12082
17165
11173
10925
19614
17813
19389
12545
14196
16264
13514
9117
18102
11731
18858
16051
16613
9753
10213
10359
11613
11084
14816
15159
15544
16754
19878
14804
15329
11302
17147
19920
15316
14796
20449
11727
15147
11125
9441
14737
11221
18460
8975
14016
11258
13187
13355
16123
16462
12771
11634
11611
17010
10041
9961
11192
9472
20154
9670
20104
18286
11253
9890
17103
14715
12255
13739
10077
9360
14841
9138
15818
11565
10396
10934
12082
12136
15709
9328
12344
20292
13053
18527
12971
15391
14065
13995
19846
19620
15600
10393
17391
9681
9271
21266
18377
14631
10060
12199
15418
20181
10919
11954
14203
12640
18957
10716
12987
15702
15576
18968
16125
18333
14944
16963
20604
14781
12191
13374
14688
11926
12961
19491
16064
10351
13655
11756
13316
15026
20841
11993
12802
20911
17763
9737
16197
15418
21096
19830
17909
19998
16236
21039
12071
20275
13571
16687
9891
9406
18453
18710
17897
9983
13859
16393
12575
12406
19511
14661
11796
11465
14274
11630
18541
19723
19257
18487
10216
19965
9366
14905
9654
13725
15897
17490
9545
10084
15205
9433
13256
9945
20322
9711
8942
14183
14190
21071
9818
13552
15737
12991
9295
9084
16357
17391
14671
11963
10914
19813
16419
12068
15774
13110
20120
13478
16443
17562
20380
20461
8952
11572
16441
21228
16893
19518
15903
17034
16532
10665
10144
19991
11777
13908
9182
9594
12070
17546
11965
16405
12281
10558
17683
18297
14441
10110
9705
18563
13547
12965
13698
12238
19878
9056
9106
18390
18890
17597
20662
13632
10761
19723
18858
11724
11833
14030
17294
12833
13437
20546
15229
9722
11879
16184
15249
14683
10991
16324
11752
14488
18972
19569
20610
11852
14195
19458
15662
12407
10467
9983
12024
14071
10299
10688
11447
16998
10406
14740
14593
13277
14349
16828
16320
21292
15284
15345
18255
13582
9783
13687
18346
10195
10929
9925
12650
20016
14440
10540
15770
9374
21143
9995
11506
11639
11407
12325
15985
14006
9166
19282
9329
13420
9366
17013
17996
9112
9453
14345
14455
13068
10417
14788
11146
10716
19005
14479
17911
15214
10078
14454
11436
14003
16640
8970
9359
19084
20519
9606
18320
12322
13461
17832
16674
13882
14663
17199
10066
16656
13328
14367
18888
15740
11229
10711
12957
14267
15388
16872
10337
16713
13163
9080
16532
10225
15995
9988
12642
18971
15461
16598
15201
16643
18937
20262
10061
18841
14318
17765
18058
12522
12302
11474
12801
13408
18205
17184
11340
15155
11235
11524
20436
13601
15090
16329
15114
21303
11675
18962
14016
13323
17971
12490
15246
14377
20459
18918
19485
19160
14994
13488
17323
9102
19296
17935
13643
18306
19199
15049
19102
10759
13429
17012
20103
18878
13937
16251
19006
15987
16693
11866
14036
20125
11295
9061
9665
20823
15602
8972
16328
20703
18595
18358
10984
10416
9220
10656
13024
12489
9715
21236
13806
20922
19152
14024
20928
10909
10976
16059
18168
20191
13036
9189
12230
14777
19097
12485
20928
20616
13567
14214
11669
20478
13352
16910
13061
10180
13789
12025
9477
18792
16760
10807
14161
16398
12396
10899
13117
13298
10673
10379
9966
21219
15644
9434
10596
8999
10650
19843
8920
10381
18313
10662
20021
10132
15505
9405
12220
14100
17793
13527
17379
13006
9458
15268
16040
11732
17089
10851
15132
10552
11767
21003
11589
9444
17346
10441
14566
9153
11545
19120
15389
14633
16150
11864
9696
17636
19670
18804
16942
14087
14153
19359
20809
15193
16742
11851
11288
12132
11201
15471
15131
12062
9210
15450
13896
19998
10194
12883
12648
16237
17800
13055
10583
19274
9475
17333
13519
15964
11248
14770
9385
9581
14404
18714
11737
11746
13154
9413
15057
13469
16128
17734
20607
20886
11618
9729
15159
12172
9302
16768
11717
9985
11756
21080
17333
17735
11342
12542
18110
14411
11599
10025
11885
11044
8937
13503
9418
12970
10163
15665
12682
14686
20683
17907
9723
10874
11411
18706
17569
19293
13107
12528
14133
14409
11716
10877
16248
10979
9207
20500
13530
16914
16001
17117
17926
16113
20131
19904
15217
14894
17006
16814
12811
9849
15421
19085
12741
12556
12150
14415
20838
19203
10344
10291
17741
15387
15327
15486
11243
14482
18051
16441
17121
18554
19432
10221
18519
16577
19945
17178
10084
18067
9852
10330
11139
16453
11443
14786
13725
13874
11672
10398
16191
9688
9324
10608
18394
13798
13541
13677
14615
14992
11357
12165
12434
9052
11147
19952
21002
11754
15817
11264
10201
12253
12274
13867
18724
9889
18099
14734
12582
9817
15467
13627
19130
16421
13118
13368
10920
18533
13882
20301
11363
13771
14951
10860
11273
13482
12869
10246
10846
16447
10910
11901
13861
15588
11286
10197
12347
18256
19137
10156
11687
15799
19807
10537
9913
10562
16066
21289
14912
16255
14656
15328
19685
19610
15683
9628
11040
16269
11321
18347
13700
15760
14589
11298
14841
9044
19978
10223
13427
18630
14395
12944
12388
12592
15241
14727
17894
19471
10756
16071
18691
13080
11937
15777
14584
16064
12999
12858
17034
11404
9794
13849
17446
18229
11585
16902
18303
15935
10425
20214
13563
12487
9909
20954
11521
17296
21295
10341
17792
15991
13814
18502
10522
10734
14876
20656
12209
13610
12543
16330
13167
17765
18264
19298
16408
10644
13189
18634
11517
15427
18970
11557
19717
20272
19850
14511
20797
12369
18036
21098
16553
9777
16264
12450
18367
9069
13523
19876
14792
9897
11229
14194
10640
11639
12674
15376
21237
20094
10520
9241
10006
16619
15156
20997
12524
12379
11463
18459
10185
13104
10049
20902
15159
17044
11841
20871
11574
11494
10040
14615
10648
13597
21087
12348
11676
13585
17335
9928
16261
11205
21254
10088
19351
20723
13403
14141
13765
15398
16748
10832
9706
12561
21014
15283
18508
15394
13855
12935
12565
16056
9781
17310
16829
20551
12649
19519
13019
13985
19035
18574
13574
12749
17110
16094
15800
19128
17949
9545
14436
10325
18254
10691
20051
19769
16725
21031
9631
15747
18935
13767
9002
11949
16833
18900
16111
20758
20231
14498
14844
11236
19194
14102
20271
15856
18659
9107
11804
14732
15864
20161
9451
17484
12679
10652
16066
9115
10379
13075
15231
14256
17502
11575
12338
15774
9200
9174
14580
11745
11832
20591
11846
9812
14477
14299
18092
19185
19906
11032
9871
13021
9821
20568
12578
15098
17267
15075
21210
20588
10417
13869
20749
11118
16061
12325
12646
13950
14224
18465
13322
18931
16715
14297
19022
18712
17149
14483
12083
15547
10581
13835
15947
15085
13637
13478
16683
10245
14744
14284
16231
9902
20521
17377
10122
17549
11419
18801
11383
17780
11838
9456
17345
13218
20706
13143
16609
11328
13392
9790
18195
17696
15892
12314
19050
12194
19503
9378
21074
15599
15364
10353
18083
10781
13832
15452
15411
18561
12008
18783
8982
15369
18899
10188
16769
9302
17766
20613
16588
15213
9450
14576
11117
16640
10630
9523
14160
11583
14851
16638
12113
15106
17157
9150
14383
14361
20777
11213
15013
11156
21021
16254
12802
19705
9317
10332
10092
16998
16975
10259
10525
9902
13791
12770
9210
10916
13980
10377
21015
10667
18620
18636
16336
11684
11943
13949
15578
10872
16424
12057
9667
11309
16049
10079
21228
13597
14288
11790
11175
20885
9763
17012
16303
16681
14225
12945
8967
10084
15066
11182
16647
13905
15709
10013
18057
12292
11120
15920
15187
10004
17227
14352
20896
14214
14621
18823
14753
15208
14104
9892
15499
20055
16057
12132
11031
17741
17656
18069
10801
9908
11153
11073
18746
13416
19033
12573
12487
9123
9405
9065
13658
20542
20539
15259
19082
9223
16613
9782
14532
9999
12614
12199
10058
17640
16802
15852
10544
14727
9363
17555
9155
14652
9191
20932
18195
11854
19880
15177
11168
18770
20123
15033
14874
21089
19925
17772
14784
13575
17633
16098
15877
14328
13364
12720
9615
18877
9034
18469
18211
9347
18538
16541
18294
9354
16321
17247
10279
18922
20680
16981
15216
20180
15097
21076
17232
18625
15632
12302
10071
14814
19484
19646
16570
15341
9718
16726
19472
20631
12855
13109
11562
9392
16484
19019
14715
16832
14082
16558
21060
15108
19107
16963
17254
19222
14040
18243
10158
10309
14593
16422
8995
15966
10780
18510
9875
10722
19560
15936
10658
18384
14815
9105
20227
9337
10470
15426
15092
20319
10571
9932
14496
16260
11570
20908
17318
8938
15522
20774
10362
9263
19950
18253
15068
18667
16581
9144
12850
14121
17823
14300
15706
18638
13096
9701
11735
16135
17938
16383
17726
15039
14072
20538
11110
16960
13569
21046
9476
13749
20821
9478
13171
18789
15745
9229
18852
11729
19477
12159
20205
17924
11909
9196
20464
10606
12075
13023
13670
13539
19771
14497
12425
16157
10761
12333
13532
10891
19949
12920
12074
16940
18025
21124
9397
16468
14997
20357
17354
10883
9227
13768
14181
12647
12412
10233
9272
15853
16317
13044
11874
10183
19441
13638
16767
12630
18798
10656
19876
11189
15369
15748
13641
11850
14800
13871
12678
12715
12593
20421
19447
15542
12036
15425
12257
9230
19743
13468
11107
9380
16228
10057
19471
17292
15657
16533
14053
16850
13877
14402
18317
17680
9010
19293
18066
20676
9111
9787
19727
11612
11069
17780
20087
19273
15131
14430
14988
16743
13657
13811
17179
17926
13842
16105
20255
15911
10327
13322
11865
15969
20544
9392
12871
20366
12276
11204
15321
10133
15008
18840
17318
12851
11700
11697
18152
18716
9415
14407
9493
15041
13359
9489
9240
14685
13901
16783
17355
11966
20955
16849
19764
20571
20879
18015
14481
12809
11456
16182
19655
12054
16483
20088
20475
18709
14490
9207
14499
13581
9828
18315
18129
11389
17399
9989
12710
16641
12414
18351
12873
20954
9689
10507
18466
11544
16537
11397
17165
16942
11933
