68362
67286
66436
68320
65548
64860
67487
66227
66653
67996
67916
64846
64131
65086
65581
64642
64303
64869
64935
68018
64767
68250
65504
65931
67543
67995
65771
64068
64188
65605
65633
66213
64429
66688
65443
64875
64437
64385
67412
68743
65127
66485
67679
68308
66206
64140
64409
67781
68213
68688
67273
65858
66638
64136
65422
65688
68050
68961
68230
69077
64558
67095
66962
64186
68183
65448
66995
68762
64562
67090
64784
64367
67399
66437
68594
68156
67852
67125
67359
68494
65388
66331
67917
64344
68596
65618
67785
64128
65962
66248
67090
68352
66497
69024
66361
67337
64772
64812
67603
65282
65040
66871
65912
68381
68195
65900
64386
67497
64223
65844
65960
68800
64703
65282
67477
69075
64460
65944
66230
69041
67088
67286
65026
66659
68807
68608
67463
69070
64648
67561
64644
64914
68496
64601
65499
65584
64730
68773
66411
65426
68663
65726
68984
68102
65892
67165
67806
66956
68505
65394
68853
65268
65751
68168
65864
68107
67668
64248
66176
65664
64226
66094
66032
66709
67686
64163
69122
64522
66034
64147
64831
65838
68310
67570
64881
65537
67060
66630
64143
68109
68177
67963
64954
65855
65955
65803
64494
65157
67458
65046
66666
64661
64815
65430
65956
67526
65975
67144
69075
66133
68736
66033
66456
64219
64512
65989
66127
67597
67428
67787
64214
65971
65954
68170
68669
67229
64875
65770
64846
67328
65103
64269
69075
64749
68931
64524
65093
67361
66979
67511
66053
67488
66927
66734
64917
68851
64304
66661
64986
64854
66301
68822
66697
66644
64231
65052
65409
65681
66386
68364
66086
64694
65603
65335
68649
69053
65688
65678
67415
68525
68200
65775
64282
64978
69047
64106
68651
64990
67908
65589
64346
64565
67788
68252
65933
65011
64389
68899
68582
65081
64699
64410
66599
66399
66799
65383
67686
64695
66334
64100
65669
68370
65593
65791
64864
67501
65211
67051
65430
65878
66622
64766
66330
64544
67279
68810
68305
64220
64761
64426
65253
68937
67835
65337
64621
64890
67507
64121
67497
64949
67544
65927
68299
66335
66457
69023
64142
66128
65714
66930
68557
68762
69018
65648
67464
65949
65869
64413
65657
67620
67686
68844
65402
64965
66357
66688
64334
64248
64274
68935
66244
64328
68185
64732
65996
64722
66302
66996
65286
65470
64189
67284
64495
68388
65196
66556
67941
65295
65517
67005
67151
66030
67773
64639
66717
68907
65878
67772
67097
68077
65000
65624
68348
67384
68676
66391
66389
69097
66257
64747
67089
67658
67751
68634
65984
67517
64437
65676
64265
66653
65326
65550
68597
65631
65241
68175
65019
66280
64258
64659
66841
67006
65022
66749
65591
65928
67154
68331
64972
66002
67800
65345
64102
68400
64061
65108
66446
65230
68380
64670
65502
69101
65653
65850
65878
68867
66754
64568
64073
67298
66082
66779
68049
64784
68818
67195
68481
67204
68096
64914
67266
68011
64661
64488
65685
65094
67809
68438
66345
66584
65588
64405
65728
68989
65597
65521
67697
68830
65207
65865
66841
67074
65808
67643
65963
66168
64508
64271
66181
65415
64910
65705
64958
66720
66241
67653
66335
66414
67357
66890
64869
64456
67584
67711
64166
64950
67395
68513
64067
68380
67220
65754
65958
64710
67380
65970
68850
69026
68189
68752
65932
64376
67275
68132
67207
68736
65810
67695
67491
67209
64080
64652
64539
65581
65516
68986
67714
68208
65365
67976
67325
66501
66175
67809
65636
68530
64330
67095
64700
65887
67732
64349
66962
65422
68852
65619
66561
66312
66272
65401
65168
65541
66206
66735
65671
69010
64477
65521
68130
68037
68368
67573
65815
68373
66287
67029
66142
68493
64840
64204
65919
68895
68253
64806
66691
67783
68092
64907
64867
67620
68470
67899
68400
65547
68778
65598
66644
65500
65546
66487
65053
64937
67104
68812
66964
66952
64234
66389
68344
67735
67185
68193
66931
68037
68510
67312
67697
67272
67423
65649
64421
68463
68984
65597
67978
65457
66300
67795
65163
67072
68873
68792
64587
65201
66740
65110
67645
67068
67737
68057
66706
67141
66128
67947
67386
65861
64951
65856
68315
66456
65624
68878
67056
66119
67829
68576
68030
68557
68728
67903
65860
64580
66015
68921
66364
67556
65857
64067
66736
64937
67730
68357
68516
66582
68090
68197
67518
65414
65031
66405
67920
67689
65310
68247
65631
66144
69069
65836
69064
64240
67123
69100
68096
64316
64967
65304
65968
64852
64794
66387
64732
65250
65351
67387
67933
67595
68029
67258
66756
67393
64659
67702
68999
65566
68266
68258
69115
66132
67468
67572
66210
69060
65384
65801
64873
64534
68302
65865
68235
65992
68332
64756
68304
66032
65763
65228
66625
65192
66023
68704
65289
68419
64391
67457
64540
66857
64719
65588
65283
67417
66684
64305
67589
65962
67352
64354
68760
65925
65380
64924
67560
64253
64266
64577
68482
65703
64923
65399
67852
68690
67798
67926
64993
66939
64974
67830
66182
66499
68120
65370
64409
64555
64108
66286
68015
66499
65338
67970
68278
65576
65108
67292
66453
69057
66490
64616
69054
64539
68759
66717
65181
64535
64635
66706
67243
67281
66754
64935
67893
67370
66892
64858
65402
65711
66660
68028
67696
67852
66763
67027
64700
65956
66685
68376
68823
67725
64259
68417
64502
64931
65395
66483
67129
66429
67285
64627
65404
65956
67763
67390
67710
65112
67254
64708
67139
66558
66700
64475
64626
65246
65484
65189
68289
66622
64199
65779
64854
64812
66030
65835
66611
68905
64155
66409
66060
64837
65481
69023
68005
65552
68688
66614
68159
66627
64734
66425
66915
65965
67458
66637
65754
64885
66188
67685
66152
64466
67390
67891
68937
66205
66811
65266
68376
64871
66955
65040
66396
67287
65544
65451
65132
68094
67104
64572
68178
64139
65446
64347
64642
65353
68807
68508
67442
67790
66301
65527
68032
68032
66880
67041
65882
65293
67114
68595
64831
68111
65784
67652
65532
64392
68553
68782
67273
65960
68762
65872
68250
69126
65582
65430
66969
67208
66060
65581
64350
64533
68000
64176
65729
64207
66005
65696
65709
64519
66371
64280
66154
66392
64176
66508
64824
67507
67095
67907
67876
67308
64397
65197
67995
65427
67206
67033
65023
66419
68746
67454
64465
68349
68475
68589
66590
66892
68608
67886
65684
68816
64139
69039
64096
68452
68108
66952
65205
66892
64743
64215
67018
64718
67611
67706
68794
69044
68780
65412
65129
64206
64333
64062
65786
64816
68130
67089
67605
66421
65259
65321
64691
68626
65089
65372
68812
65838
64387
68491
65634
64898
68892
68276
65591
66154
69069
65481
64207
64951
65271
68395
64503
67223
64261
65034
64950
66509
66087
64174
66067
65737
66076
66593
69097
67292
65093
68587
69076
65853
65816
65675
68243
68132
64680
67657
64724
64086
64471
65332
67734
64869
66003
67107
68796
65035
68856
67243
64569
66707
65782
68296
66642
65520
65467
65391
67424
65144
66673
65695
66092
65956
66563
68428
66121
65124
67309
68326
66092
64680
68244
65897
66015
68801
64126
65862
65596
67559
67890
65574
65491
66352
68134
68519
67689
64702
66832
66254
67161
68479
65449
65290
66377
66769
64453
65744
66890
64647
64876
68356
66454
69111
68319
68260
65487
68033
68968
65988
66273
65674
65246
66489
68983
68912
64879
64604
67945
67568
66926
65373
64635
67024
65815
64638
65607
64175
68767
67371
68575
64505
64105
65974
65660
65640
66961
65501
64630
68534
65609
64527
65041
66140
66990
65269
66369
65136
64097
67209
68951
67798
67038
69000
65206
67030
64948
68708
64795
68632
64147
69099
64860
69099
66867
68918
64181
68252
67932
67074
64088
64845
66174
64301
64701
64662
66950
64106
66593
65651
68740
64093
64130
69003
68221
68698
69052
68089
66574
66923
64601
66113
67222
69068
64839
64537
67402
65044
67054
67125
68762
65190
64171
64928
65100
68879
65239
67651
65638
67292
67151
69122
66571
67452
64094
64589
69075
64350
67401
64479
68658
68916
65402
66497
64824
68372
65915
67918
66060
68647
68068
66388
68588
68277
65555
64626
65980
67638
64888
66115
65255
65202
64447
67548
66489
66895
66139
65503
66324
66512
64134
66036
67125
66255
68725
68944
68460
66377
65939
68280
64801
67527
66350
66415
65283
64590
67985
65404
67043
65982
68461
68358
68989
67082
67319
64217
65086
67718
67509
67385
69074
65203
65607
65050
66265
65752
65191
68374
67142
66465
68630
68211
65081
68764
67947
64130
65423
66683
68738
67798
64327
68483
66114
67838
64630
67666
67057
66244
64358
68473
68435
64643
67452
64826
68036
66182
65300
65689
65342
66892
64782
66663
67582
64467
67413
68450
64404
67069
65682
67898
67563
66936
66137
67766
66329
67018
68675
66429
65834
64662
66868
67339
64335
66761
64966
68571
67219
66914
68677
64600
65850
67683
64937
64680
64688
67595
65674
66158
67244
64250
65439
67507
65108
66042
65361
67550
66395
69125
68028
68003
65131
65508
65530
66119
64881
65026
66887
68286
66842
64461
66213
66347
65545
67792
68612
67405
67452
68848
66576
68826
65753
66789
64817
68977
67465
68742
64116
68265
64308
64658
67151
68971
65802
64324
65306
65143
68796
67338
64819
64190
68871
66104
65402
66013
68817
65171
64212
66070
64732
66474
65173
64573
66790
66343
65985
64066
64326
67096
68671
66612
67515
69035
65968
65207
64929
67001
67802
65370
65050
66253
65462
66425
64934
65850
67612
64892
64443
68792
65388
66225
68419
65321
64094
67417
66743
66638
69120
64651
67025
65393
64925
68522
65979
66362
68471
68682
69085
65331
68310
65641
67089
64347
68414
64788
67699
68990
65689
64851
66410
65059
67687
68160
68031
67693
66948
64904
65538
65971
65737
68332
67765
67272
66450
66695
64179
64666
64351
65099
64992
68493
65780
66816
64894
66858
65066
64745
68090
67898
68915
64967
65189
66282
65582
67535
68965
66277
67462
68422
68902
67647
67511
64202
64402
68329
68334
66911
68161
68965
65282
66095
65168
65188
65163
65462
65433
67239
67503
68161
64790
65965
65386
65755
68070
66803
65750
65043
65581
64868
65934
66110
67155
67798
65704
66532
64575
65137
66406
66764
66347
66667
66600
64507
68648
67373
66531
66173
66684
65669
69106
66437
64187
64845
65534
64131
68073
65177
66960
66315
64333
65787
65640
67667
65430
66985
66006
64349
64233
68701
68409
66701
68208
67313
65460
64197
65895
64331
66869
68803
69017
68899
64403
65875
65971
66443
68835
64094
68735
65837
64274
64950
65095
67397
67260
65040
68770
68920
66067
64875
64708
64066
65769
64059
67598
66267
64949
68426
68826
66595
66171
68384
68376
66160
65967
66998
64370
65201
66997
67084
68973
67074
66207
68045
67308
64728
66044
64693
66412
66843
68055
68019
64060
67802
64866
66785
67576
66123
64525
68328
64332
66436
66625
66258
67295
69048
64409
64926
65497
67588
66067
64271
66717
64390
65576
68148
68396
64283
67487
64637
64496
68641
65753
64162
65711
64693
68157
64534
64509
65562
65504
68337
67255
66665
66300
67595
65086
65601
66581
66767
67965
68718
68950
68329
66499
68328
66303
68072
67293
66511
65433
64249
67035
66802
64377
68903
66801
67125
64637
65338
65229
64579
66298
67562
64663
67680
68363
69057
64180
65513
66810
64844
67012
66992
65107
65263
65045
66525
64359
66975
68007
68975
65552
65647
64590
69076
64978
67673
65013
69108
66951
65609
67845
66335
68716
67416
67084
68647
65385
65876
67686
68684
66985
66737
68412
64188
65564
64713
66939
65055
64420
64341
66262
64453
68970
66811
67066
68660
66659
65980
65823
67098
65816
65490
66596
66165
65455
65417
64351
66606
64141
68404
67785
64612
65212
68587
64203
67025
64281
65091
65742
66204
64200
64441
68292
65173
66605
68747
64090
66716
67980
67951
64119
68095
65657
68043
65911
68539
66220
68395
68377
65855
65263
67042
68536
65363
67803
65551
68553
66605
67740
64514
64866
68032
65073
64485
64884
68594
65387
67693
68304
66013
66490
64354
64406
67301
67130
68986
69118
68667
65472
67068
67194
64367
68964
67079
68452
64179
66338
67691
64437
65044
65868
64441
65247
67052
68746
67120
66102
67735
67622
65936
66386
64635
65079
68708
69063
66327
66082
66043
64721
64609
67245
64390
67088
68430
67721
66514
64634
65638
67827
66208
68986
64661
67461
68412
68988
64267
67090
65454
66669
65847
65542
67570
65255
67698
68999
68830
64281
65041
67744
67087
65923
66259
66867
68569
66331
64561
64974
68217
68622
66707
64304
68451
65993
68191
64295
67318
64128
67075
66425
66273
68378
68164
66631
64354
65777
68663
68118
66121
66842
65078
67037
66488
66299
66060
64257
65410
67783
68584
64224
67554
67837
64270
66618
66367
64410
68401
66542
65193
64323
64767
68628
65292
68764
66855
64982
64647
68181
65276
67204
65137
68701
66736
65003
66741
64544
66371
66346
67786
64123
64593
66075
64651
67899
68408
64980
64580
64478
66663
66460
64120
66980
66151
68061
66222
65905
66064
67178
66500
64102
64553
68043
66115
67080
64296
66966
68498
64109
66516
65305
65408
65460
65536
69109
68774
65225
67614
65959
64519
69108
65017
66379
67675
65220
68272
65118
65831
65347
68870
65588
65581
66819
64875
65073
65721
67127
64449
67017
66671
67915
68087
68797
65069
66279
65338
68078
65086
66193
67665
69095
69051
64917
68298
66713
67900
65993
64703
68649
64183
65948
66925
65786
67431
65154
68363
65840
66331
64147
68361
66820
67844
65563
64430
64156
65063
66767
64233
65648
64532
65858
66065
66442
67641
64997
65715
65720
66237
68648
66246
66599
66550
64068
67706
68703
67262
64672
65983
67786
66943
66193
65015
68373
65984
66189
68231
66360
65171
67787
66903
68404
66518
66632
66408
68929
68549
67321
65905
66658
67190
65983
66595
66074
64724
68485
69075
65622
65965
66517
68995
64636
68584
68513
66731
68738
68464
64730
67144
67817
68542
68643
64811
66225
64813
66171
68974
64868
66649
68167
64421
66333
69084
68261
64828
69042
64872
68155
64653
65264
66419
64868
66347
67078
66088
66210
64558
67128
68253
65595
67777
68005
64854
67507
65349
65119
69119
64382
68092
66476
67480
64500
67160
68215
69043
65836
68037
66757
67793
66477
68744
65503
68050
64322
66341
64773
64868
65580
64953
69081
64477
65233
67223
64326
64422
64160
68019
65624
68749
68738
64893
65855
66495
64749
68003
66486
64730
67367
66160
66361
66424
66839
64357
64355
68408
64803
64996
68028
66171
69043
68594
66968
68962
66652
66122
64361
67210
67944
68380
68142
68134
68108
67005
65388
66043
68495
67526
68481
65331
67467
65884
65274
64584
67673
64304
66159
67812
66107
67547
65680
64994
65708
67687
67993
67322
66885
68627
66472
64828
67860
64623
66049
66005
68425
65772
66989
67436
64813
64212
65911
66687
64658
66538
65078
65308
68046
66883
66521
64937
65349
67002
67836
67821
67212
64141
65239
66337
68329
64589
65946
67519
67343
68679
66873
67908
64656
64850
64550
65185
68301
69126
64285
68212
68216
64767
65975
67252
67581
68077
68759
68413
64287
64253
65371
64580
66537
65137
64077
67385
67752
68337
67506
66647
69054
67793
65195
64931
64673
67937
68657
67172
68508
66077
66294
64981
68839
66543
65497
69134
64709
65626
64292
66251
68972
64486
66987
64438
66167
66693
64814
65838
68912
65594
65710
65797
67533
66997
64116
65583
66309
66691
64706
64544
64168
68334
67831
66770
67282
66208
65069
65096
65035
67113
67386
66379
66812
68751
67036
66245
67736
66584
65623
68014
67001
65492
68998
64148
67679
66123
65293
68525
67222
67906
66834
65830
68093
65086
67059
64729
66958
67333
68485
67641
68980
64425
64384
67173
64474
65945
66707
65655
64512
68578
66063
66494
65543
67782
66377
68856
65035
67115
68050
65517
64139
66310
64253
68292
64739
68037
68363
64542
67373
65751
68519
67863
65368
68971
67575
66227
67752
68500
65544
64551
68932
67149
65676
68582
65805
64501
67809
68577
68694
66402
67101
65916
67640
68682
65198
67509
65345
64652
64196
64950
68884
65644
66960
68504
66946
64530
65044
65715
66174
65302
66447
64696
64580
66498
67635
67045
65991
66791
67223
66645
64725
65622
67309
64931
68712
66722
67695
67925
65437
66723
64653
64715
67412
64557
67821
64061
66097
69106
66777
67796
68905
67544
65881
69021
66575
68416
65753
68411
68256
66527
64825
65047
64522
68074
65186
66060
65735
66832
65438
67253
66758
68874
65210
68413
67981
68536
67266
64684
65468
67906
64249
67800
67022
64870
66286
65411
66483
68350
65272
68828
67362
68581
67220
65558
67096
64627
64757
67470
64488
68936
67320
65166
69085
64252
64594
66779
69000
68172
64495
66620
65276
64636
67705
65792
65570
64904
65937
68938
64862
65349
68319
65995
64222
66650
68626
68468
64414
66725
67092
67452
64695
67912
67515
64288
65459
65632
64697
64291
66074
68002
65143
65686
67720
64795
64959
67561
69133
67675
68223
65142
64789
67877
65029
66050
68227
67654
65759
67909
64964
64971
68103
69008
66829
68623
64675
65891
65230
64864
64747
66490
64905
68067
66648
68230
66203
66453
64319
64482
65050
67643
68269
66005
66744
65826
67500
67879
68006
66975
68702
66894
64189
65058
65754
68064
64066
65141
65327
66160
68591
64429
65308
66662
66270
65009
65134
66744
68033
64571
66958
65255
65187
68734
68258
66720
66025
68220
67450
66035
64452
66975
67402
66362
65282
65054
68250
64425
68413
66345
64782
68386
66655
65861
66386
65983
65083
65833
67845
65214
68682
68190
67489
69009
68273
68528
64947
67981
68735
65984
68723
67815
67422
65111
66769
64371
64993
64425
65802
68240
65778
66298
64059
64423
67146
65517
67939
67221
66355
66150
67571
65731
67474
67133
67483
65073
65669
64264
65563
66207
66815
68165
65661
66515
65833
66766
64493
66485
67577
66261
64163
67138
68480
69023
65100
66252
64952
66255
67620
64533
65776
66583
64162
68143
67380
67177
67411
68366
67967
67616
65954
64540
67518
67613
68968
67129
66610
68106
68743
64967
66761
66083
67889
67611
66766
64541
65848
65773
68730
64132
67759
67612
68218
68549
67030
65349
65347
67813
66503
68691
64748
66952
66299
64330
67271
65003
65327
69018
66949
65604
65428
67188
65225
64900
68627
64744
66085
66818
67143
68573
68280
67009
64212
64702
68734
67732
65789
64067
67821
66680
65247
65830
68249
69091
65636
66564
68907
66472
65957
67124
65301
64953
67480
68267
65038
64773
65321
64968
64578
66785
68694
66082
65497
64487
65864
64677
65807
68388
65305
68220
65448
66865
64867
64088
64341
64372
68070
68264
66842
68072
68182
66783
66473
65615
68980
64864
68201
66196
65512
68844
68576
65313
67611
65301
68288
66314
66899
64952
66639
66798
66019
64477
64879
67012
66759
65771
64565
68423
66151
68825
65153
68483
65523
65966
67549
66916
65408
66962
66087
67836
68171
68654
65195
65559
68269
66975
68766
64837
67504
64127
66823
67904
64907
64274
68408
64431
67601
68750
64526
66283
66148
67517
65132
64177
64612
68898
68093
66065
65798
66079
67448
66783
66737
68856
66741
66238
67410
68593
66515
67591
68757
68147
67929
68493
66557
65400
64848
64677
64632
66854
64661
68029
67538
65684
66358
68102
68625
65979
68178
68309
67208
66119
64136
67289
66901
67640
66389
66773
64821
65587
67264
66634
67009
67919
67036
67462
65736
68037
64554
64801
65620
66310
68835
68857
67743
67593
67949
68296
68139
66078
64973
64745
65317
67321
67762
66186
67765
64574
65466
68320
66495
67884
68224
67700
68324
67671
64629
66451
66304
67455
65932
65959
65729
66388
68465
65555
66032
65146
68172
64721
64757
67720
65764
67469
67151
67776
67482
67734
64647
66450
65730
67041
67037
67076
64581
68716
69003
66293
66258
65574
67703
67192
66031
64522
66270
67644
64628
69021
66749
64214
65868
66320
69065
65841
68018
64356
65576
64246
66908
68167
65880
65371
65795
67843
64442
67135
68470
69020
67111
67254
68248
67404
68337
67569
68718
64400
65846
66806
68619
68983
66331
66078
68180
66207
67619
68266
67564
65706
68485
65705
68988
65393
64176
65900
67171
68219
66561
67748
64090
65977
64368
66133
67505
65875
68549
66529
65076
68010
69053
67225
64345
68786
68547
68389
69071
65126
66474
66467
65381
67963
65787
66325
68464
68352
67194
64503
68421
68953
65184
65415
67958
65173
69075
66363
69100
67623
66428
68356
66445
66803
64078
67964
68098
65641
67441
68793
66723
68654
69054
64525
68197
66852
64138
65283
67228
66095
67618
64225
66388
64153
67639
64981
66353
67506
64098
67117
66330
65621
67961
65659
65075
66731
64873
66143
66579
66927
67566
68439
67623
66007
66356
68997
65517
64868
64552
66214
65250
65414
66691
64416
64227
67381
64821
65094
65345
66622
66304
66266
66094
68153
66678
67790
68544
64852
68384
64700
68417
67339
64332
65402
64448
65984
65243
67404
65539
66161
65491
64708
65870
69025
69101
66674
67591
64528
64406
66929
68458
66014
66542
68891
64541
67167
65185
67056
64682
65385
66309
65425
65020
65649
67594
69093
64201
65711
68678
66217
68054
64900
64188
67322
66172
65323
65851
65554
66558
64621
68274
64185
68151
66202
68527
65202
66336
64215
65063
65759
67034
64384
65656
67571
68193
66778
64887
65955
64346
68337
67306
65895
66180
65896
66532
66985
68408
65565
66477
68246
64192
65952
65990
64614
65790
67556
66639
64742
66181
65136
68687
68194
65587
64959
67513
67058
64666
67982
65056
64587
68050
65249
65109
64831
68946
67469
65775
66230
65350
64309
67018
64842
66074
67849
68365
66335
67109
66931
67039
64298
65171
65246
64086
65485
65237
68797
67620
67224
65376
65799
69106
64711
65895
66347
67871
68192
66943
66580
67487
69097
65657
65789
65100
65444
66976
64954
66878
67711
67956
65228
64187
68422
67646
64274
64962
69114
69119
66722
65621
64980
66919
66032
69047
65388
64820
64827
65435
64451
65366
66018
67225
66780
64690
65337
66291
65119
67307
64671
64467
64920
68043
64429
66277
66186
67146
68694
68709
69043
68069
67908
64111
65857
66571
64336
64200
66576
64474
67895
65869
68028
66044
68546
66081
65999
65280
68755
66135
65411
65793
69131
64936
68735
65364
69079
65384
68038
66505
68055
64895
68086
68769
67024
65790
65406
67738
67288
67063
64396
66263
66042
65899
65996
67480
66358
68728
66096
66061
67022
66089
66916
67831
68080
68182
64496
66720
64632
67187
66171
65747
65279
65609
67048
65224
65874
66265
67961
67425
65867
67025
68170
65259
68045
65376
65132
65568
68652
65425
65740
64155
65750
65836
66850
68300
67010
64590
68637
65108
64283
65643
65029
64598
66233
67498
68848
69127
66604
67236
67592
64870
66758
67965
68507
65132
66327
65180
68881
65457
65141
65559
65347
65121
66527
66908
64656
66257
65345
66346
67180
67599
67603
66424
68685
68621
67792
67313
67461
67797
65780
65139
68428
68216
64409
68586
65475
66258
65380
68226
65934
67429
68614
64562
67770
66938
66564
67702
65623
69034
68031
67001
67850
67369
67363
64074
68043
68313
67563
65232
65690
67189
67382
68639
67563
67227
65355
68393
64267
68675
64388
65609
64387
64837
67864
68989
65870
67837
64729
68895
66786
65230
64370
66611
65130
68748
68263
67093
65595
65712
64632
67772
66047
64694
64100
68000
64941
64834
68745
67613
67310
64907
64945
64410
68685
65908
66654
65247
67627
67949
66247
66759
66662
66737
64382
65171
68978
64837
64669
65602
67586
66630
67995
66088
66091
66928
66474
65670
65972
65204
64702
68883
65288
66536
67012
68814
67917
65832
64572
66651
65186
64932
64074
66383
64210
64540
66256
66058
66044
66011
68665
68004
68773
65216
65328
67767
65023
66558
65955
67718
65729
67735
67912
66629
67831
67566
66076
68888
65122
64492
68058
67617
68895
66293
64955
68941
65612
66532
66021
66419
64183
66204
66038
68493
64168
64452
67988
67313
65502
69054
68343
64625
67432
67960
68386
67996
66252
67873
67011
65945
68898
68421
64551
64637
66720
68187
68026
68248
64173
68728
67255
67430
65709
67091
64591
68466
65216
66203
64151
67008
65701
66088
65554
64302
64588
68150
64067
64817
65589
68935
69117
64439
66204
65753
68101
65370
65987
67178
68258
64411
65032
65961
64347
64751
66141
69017
65864
64848
66323
65324
66721
68016
67193
65325
65758
66539
68903
67708
65728
64794
66654
68551
68542
68271
64688
67601
67913
65019
67018
66389
68396
65760
66310
68230
64730
64198
67227
65920
64325
65340
64829
66328
64757
65251
67943
68657
64193
65402
66673
67156
66776
64625
68981
64890
67192
67209
65405
67009
67715
67592
65898
64236
68772
67518
68724
67382
65893
67830
68298
65538
68124
64542
68461
68235
65231
65032
64369
66457
67321
65106
65705
66888
65356
66646
66373
69039
64923
66023
64938
68241
67025
67032
67016
66670
67667
65459
64660
68026
66965
66643
67304
69091
64358
68447
66326
68752
68550
69121
67069
65366
64995
67002
68127
64525
64869
64595
68933
65258
66923
66241
64107
64317
68127
68644
68778
65566
66800
65261
67082
67107
66027
64118
66840
64694
68501
67906
67508
66601
66640
66908
67458
65851
68568
66718
65609
65999
65444
67263
67773
66774
65817
67242
68586
67044
68600
67985
68186
65830
65731
66998
65430
66556
65454
64199
67873
65293
65396
65653
69119
67898
68795
66139
68083
66098
66647
66156
68956
64859
67642
64421
66904
64214
66005
64609
67280
64309
68149
66829
65057
67805
67501
65264
64710
65764
65020
66597
64589
64597
65533
66772
64482
65053
66158
65860
68225
68225
68694
66756
67588
67198
64244
68032
68605
68762
65489
65156
68116
66268
66112
64203
67528
67904
66083
68450
64682
66773
64130
65201
68102
66319
68023
69022
68201
65578
66830
69094
66859
64620
69120
66098
69062
68086
68817
64949
65790
65590
67492
64701
64756
68170
67037
64315
66052
66886
66336
66699
67563
65706
67879
65140
64990
65551
66513
66929
67311
68755
64623
65819
66898
68408
67862
66269
67052
66875
64988
67921
67419
65680
65234
69113
67566
65634
67658
65380
64161
65555
64283
65282
64591
66636
65288
65877
64380
65402
67025
66565
65638
65819
65525
67657
68054
68190
67158
66550
64598
64992
65570
64673
64117
65434
65686
68855
65819
67455
68760
66329
66340
64338
68845
65920
68288
65710
68323
69048
64684
64732
64504
64894
67627
64321
68968
66157
65898
68618
66447
65579
64349
65973
68145
64843
66926
66168
67476
68463
66268
64161
65529
68057
64755
66307
68460
67792
68605
68416
66249
68717
65790
67326
64074
67358
65462
67201
67872
65401
64199
66899
66592
64445
64798
64094
65502
64094
64882
68520
66713
66572
65522
66856
68979
67176
64074
67911
65001
65093
66597
68309
64962
64075
68788
66354
66315
64652
67398
68106
69021
64711
65355
66873
66564
66577
67720
64687
67340
68024
65626
66398
66843
65853
66453
67013
67372
64598
65238
65569
64856
68317
64407
69061
64405
65675
66242
68349
65804
64995
68496
66467
65100
65760
65652
64085
66476
64247
66834
69019
65513
64778
68502
65910
67085
66035
67273
68055
64784
66145
67058
66460
65380
68735
64958
67503
66008
65723
64189
68272
68481
65386
64521
65131
64260
64784
64746
67821
68695
68244
68109
65970
64460
65113
64262
64327
68697
67371
65525
69074
68769
66162
64975
66816
64247
66721
65608
64912
66249
66764
66183
67026
64543
66970
67892
67554
67080
64651
68111
64959
66092
66190
66047
65072
68068
68720
69052
67259
64095
64685
65998
65735
64781
67443
66954
67772
64319
65018
66088
65850
64947
65343
64819
66817
67607
64988
66238
68557
66218
65878
65444
67605
65308
67720
64278
64598
65317
64385
64231
66054
67127
65540
66146
66284
67631
65041
67512
67278
64468
65478
66149
69047
64462
64634
66622
65901
68392
67967
65018
68516
65038
66578
64374
64974
66896
67354
67652
68791
66558
67227
66591
64088
67350
66470
68183
66716
67529
69024
66422
64518
69088
68566
65079
64825
65136
67000
65080
68362
65432
66814
65737
68072
66453
65088
65884
67192
66454
68765
64138
64543
65538
64236
66381
68122
65721
67436
65209
65608
65862
65800
66668
64855
68286
65470
65105
66263
66246
67923
67391
68717
64720
64543
64340
64916
68386
64535
64106
67426
65119
67094
68572
64453
67305
68829
68576
64722
64562
68404
65158
67963
68496
66625
68267
65402
67464
66495
66967
66418
66305
68354
65089
67342
67195
65185
68748
66428
68626
64493
68599
64992
65505
65293
66486
64603
65286
68489
66283
68121
64276
64616
69048
68877
64333
65397
65754
67578
64291
66198
68274
66981
65630
67254
68832
65047
66614
66447
65354
65941
67113
66009
66090
68518
64266
67076
68242
64111
68454
65400
64682
65401
66960
64519
69064
67563
65525
68713
67819
64890
66805
69020
64588
68856
65184
68410
67858
68115
68240
68666
64212
67331
66923
69099
64210
68600
66046
68917
66643
64292
66450
66933
68666
68255
64905
67074
65189
66509
64259
66702
65637
66196
68109
66384
67426
68268
67802
66683
67903
67219
65378
68876
67858
66136
67793
66799
68597
67052
65542
64966
67458
67311
66279
66135
64637
67900
64795
65499
65209
68185
64108
64225
66137
68465
65713
68456
67480
68110
67393
68757
66753
64561
65062
68505
69039
66118
68159
65148
64431
66663
66481
64667
67826
66285
64850
67381
68777
64158
66634
65465
65541
66910
66144
65972
67073
65350
64423
67120
66237
65483
67816
66662
66391
66859
64236
65289
67793
66674
64677
68225
66122
65074
65950
64796
68466
65707
67046
64679
65827
66605
66297
64199
69077
64549
67950
68806
68860
67414
67089
65811
68465
68607
68857
67207
64800
69096
66048
65174
64419
65115
64785
64119
67703
65450
68310
64824
64175
68366
64808
64910
68316
65742
68782
64582
68703
67734
66189
68965
65304
65312
64442
66467
66680
64436
65287
65745
68228
67777
66104
68602
64469
66091
66395
67364
67048
67298
68644
66318
68721
64235
66519
68017
64909
67309
64523
67795
64785
65639
67904
68819
65389
68787
64533
65598
67907
67351
64599
68240
65788
64680
64757
65308
67927
65956
68790
64629
66100
64984
67695
67667
67424
64526
65544
66485
64464
65801
64491
64599
68736
66457
65279
68806
68166
67497
64424
67630
64947
65780
65175
64418
64744
65639
69028
66990
66202
67812
67055
65452
66505
65195
66100
66375
68982
66307
66455
66627
66210
69012
65384
66198
67647
66196
67837
68484
64803
66505
68273
65576
65133
66395
64968
64124
65370
68099
65044
67857
64794
64241
68733
65051
64653
66924
67706
68510
65623
65127
67462
65394
67211
64787
69097
66115
65358
64859
66256
66476
64738
65397
64354
64742
65078
68050
66969
64122
65787
66057
67312
67578
67582
66978
66026
66904
64095
67512
66763
64365
67401
64536
67848
65994
67058
66471
66185
65562
67392
66479
65246
64256
68064
64896
67501
65041
65114
67311
68940
65736
66201
66302
66227
67494
67260
65233
64311
66311
64948
66792
66746
66806
64558
65418
68451
66888
66349
64929
65625
67302
68216
67690
69103
65625
69008
68191
66427
65864
69113
68677
67520
66876
68511
65857
65096
66302
65152
67949
67715
67510
68411
66728
64976
68573
65537
64846
68251
68810
68488
65914
68610
67344
67736
64268
67459
65148
68192
64463
66512
68121
64806
66696
65698
64808
67166
64091
67965
65311
64558
67870
66349
67677
66852
66407
66683
68913
68315
68048
68086
65475
68514
66094
65914
68262
65752
64412
68592
65759
67098
68522
64963
66131
64299
64383
68769
68926
64152
67398
65716
66556
64174
67380
64968
69091
66853
66995
68247
65326
67690
69024
67044
68033
66121
65540
68471
67463
67098
67259
65648
67115
64875
64329
65568
64830
65586
67517
67987
68427
68361
64799
66159
65998
64501
65910
65692
64713
64399
68603
64133
67110
64293
66480
67471
67307
64738
68571
67757
66267
64595
64266
67573
66299
67610
67073
65221
65015
66235
65115
66515
68893
69128
68107
64224
66268
68736
66168
67203
64133
65672
64968
66901
67049
65835
65892
64331
65565
67505
64787
67478
68748
64712
68548
64983
66539
65958
68071
66100
66600
64449
66638
65405
64159
65804
65606
66927
66823
67701
68509
64265
66222
67130
67247
65859
65818
68040
67598
64421
65406
67119
65664
67659
67197
64797
64249
65334
64299
65198
65569
64564
65179
68042
64808
64976
68581
66545
65031
68716
66937
67372
66565
66714
69014
67435
67202
65547
66372
68145
64143
68580
64134
68772
68436
66067
68450
66824
64922
66526
66337
64375
68895
65386
64364
66637
69108
66647
66704
68384
68927
66183
65663
65022
64189
69128
66046
66211
65022
66788
69098
64156
67338
67862
68296
68516
67260
67231
66396
65577
65199
64186
65144
65016
64101
67457
67079
64530
65796
65139
66098
65741
66351
66661
67256
67168
67018
66382
67069
65680
66479
