15298
15880
14643
15534
14744
15921
14292
16173
14375
15706
15449
15394
14415
16114
15309
15768
14897
14969
14555
15224
14222
15889
14221
15725
14488
16018
15971
14519
16203
16054
15386
14894
15509
15706
14835
14523
16157
15689
16231
15953
15869
15392
14229
16115
14354
14588
14759
15986
15033
14913
14244
15734
14538
15926
14782
14793
14299
14242
14571
14729
14346
14723
15295
15554
15965
14935
15258
15260
16257
16220
15089
14631
14899
14591
14580
14278
14507
14210
14776
15812
14477
15438
14622
14473
14861
15714
14198
15553
16038
14654
15982
16003
15544
15424
15738
14928
14777
14712
14888
14231
16247
16025
16256
14323
14616
16106
15720
16235
14556
15997
14269
14745
15421
15717
15627
15276
16068
14522
15942
15235
14318
14816
16017
14696
14691
16177
15201
14935
15065
16022
14405
14800
15740
15361
15270
14923
15844
16104
14756
15789
16076
15990
14824
16147
15562
15850
14645
14459
16260
15509
14781
15002
14271
15084
14617
14298
14235
15108
15864
16249
14827
15051
15798
15273
14558
15219
14391
15732
14368
14997
16264
15804
15993
15096
14496
15093
15403
15286
15768
16168
16146
15719
15747
14484
15988
16272
15992
14683
14356
15779
14230
15916
15535
14510
14549
16169
15803
15027
14734
15167
16021
14447
16129
15695
14580
14571
14556
15384
15016
14302
15739
15255
14432
15617
15003
15291
16028
15627
14981
15132
15205
14447
15064
16239
15144
15531
16107
14803
15352
14824
14594
15941
15116
15471
15599
15140
16105
15031
14952
14990
15309
15117
14349
15314
15405
15042
14664
14214
14622
16298
14703
15786
14978
14464
15823
14276
15726
16070
14344
15780
15227
16320
14313
16150
16240
14417
15757
16250
15392
15050
14727
15469
14341
15927
15962
15557
16146
15055
15250
15517
14788
16171
15491
14841
14755
14734
14376
14644
15471
14448
15964
14538
15066
16090
15185
14509
15398
14227
15432
15543
14455
14603
16139
14267
15867
16170
14345
15652
14632
15874
15589
14374
15494
14510
14630
15894
15539
15471
15180
15384
15436
14579
14850
15073
14881
14481
14780
15369
14500
16082
14508
14495
15333
15639
14660
14355
15519
15440
15998
15244
15858
15857
15572
15418
15301
14646
14905
14411
15349
15325
15215
14735
14652
16052
14547
14285
16282
16046
15918
14933
15348
15647
14771
15716
16293
14952
14430
15591
15780
16118
16111
15006
14507
15572
16012
16298
15868
14477
14801
15285
15762
15337
14941
15869
15096
16219
15854
15680
14878
15761
14846
15280
14716
15383
16311
15677
14670
14297
15399
14893
14495
14755
15723
15516
15197
14569
15498
15841
16319
14650
14423
15937
16037
15234
14223
15293
15118
15388
14580
15540
15664
15065
15179
14218
14538
15618
15335
15056
14830
15348
14977
16236
14693
14337
14212
15157
14370
14771
14409
16320
15749
15356
15128
14992
15558
14952
15548
15293
14995
14456
14947
15411
15434
15344
14905
16257
14902
16308
16056
16124
15556
15982
15792
15344
14219
16000
14833
16200
15653
15880
14544
15583
15818
16120
15855
15616
14537
15565
15448
14359
15112
14339
15949
16133
15185
14315
15467
14201
15332
14720
15094
15052
16148
15566
15311
16294
16139
15637
16058
15255
14468
14475
15227
14426
15927
14663
14441
16228
15037
15851
14909
15353
15791
15288
15740
15017
14999
14769
14383
15652
15978
14201
14361
16168
15828
14775
15872
16196
15325
14490
14620
14868
14399
14747
16125
14786
15037
15711
15891
15381
16071
16143
15786
15156
15479
15833
14913
14453
15268
15901
15916
14906
14960
15947
15627
14524
14564
15959
16222
16157
14799
15219
15013
15809
15913
16044
14481
15958
14306
14965
14516
14437
14846
14286
14654
15473
15657
15066
14262
16175
15224
14449
14607
15217
15562
15270
14394
15358
16247
15118
14494
16023
16175
14768
15077
15327
15834
14328
14654
14768
14976
14465
15243
14449
16256
15047
16123
15049
16170
15213
16194
15657
15042
14818
14627
14785
14207
15608
15946
15066
15385
15016
14509
14979
15311
15789
15070
15507
15061
15043
16252
14782
15216
14669
14676
14970
14633
15481
15545
15209
14823
15063
14727
14522
16004
16280
14909
16261
15729
14803
15609
15357
15421
15691
14799
15790
15567
14688
15825
15379
15609
16035
15658
16158
16021
14739
14948
16141
15039
15849
15515
15213
14260
15755
14851
16037
15089
15865
15274
14228
15819
15861
14951
14594
15644
14405
15757
15361
14943
14405
14838
15628
16130
14461
15396
14414
14376
15567
15038
15987
15515
14729
14468
14957
16010
16049
16069
15447
14359
16275
15231
14288
16085
16161
14525
15899
15222
15408
15724
15372
16313
14368
15172
15146
14988
14398
14624
16310
15836
14966
15111
14513
15988
15624
15194
14780
15741
15002
16307
14987
14921
15055
14896
14668
14373
14380
15795
16013
16300
15580
14424
15194
15625
16008
16011
15575
15462
15606
14902
15870
14912
15250
14452
14657
16051
15569
15165
15615
15641
14426
15085
16156
15913
14471
15864
14310
14200
14796
16106
15124
14727
16267
14450
15794
15859
15323
16095
14448
16308
15424
14891
15389
15780
15852
14812
14403
15280
16064
14534
15526
14313
14290
16116
14544
14410
16157
15845
14796
14776
14318
15192
15139
15585
15757
15817
15665
15073
15775
16287
15967
15640
14987
16102
15028
14204
16262
15377
14688
16222
16091
14222
14627
15233
15086
16002
14545
14959
16198
15327
15550
15710
14244
15073
15212
14287
15712
15418
14472
15504
15465
15672
15591
15645
14820
15026
14200
15930
16247
15283
15549
15551
14573
15206
15811
15638
14535
14730
15764
15250
14883
14424
15171
16054
14538
16280
15586
15920
15995
15834
14385
15413
14428
15470
15145
15329
15124
14372
15690
15046
15229
15750
15015
14958
15395
15157
14509
14905
14305
14463
14851
15883
15444
15755
15982
16217
15601
14869
14344
16070
15546
14219
16099
15970
14352
16169
15707
14393
14564
14320
15124
15138
14763
14397
15651
15182
15520
14230
15812
15531
16119
14637
14456
15876
16153
14322
15658
16073
16313
15848
15754
14646
14411
16022
14208
15418
16247
14236
14899
14460
14652
16081
15748
15230
14816
15571
14370
15075
14718
14279
16215
16225
14995
16252
16055
15762
15455
14345
15467
14972
15728
14309
14857
15858
16272
16241
15472
14451
15947
15818
15733
14742
15206
15033
14324
15354
15467
15475
14317
16074
15990
14702
14615
15944
14544
15167
15099
16096
15224
14269
15370
15998
15390
14963
14539
14876
14493
14746
14282
15824
14962
14335
15284
15117
16236
15437
14505
14639
14639
15928
15963
15313
14633
15178
14354
15798
15641
15683
15424
15613
14524
14312
15188
16063
14198
16284
15060
14413
14243
15470
15506
15876
15518
16107
15719
14345
16240
15578
14215
14359
15086
15012
14954
14683
15976
15263
15816
15169
15458
15723
14669
14546
14875
15332
15609
15056
14682
14886
14750
15614
15286
14470
15347
15756
16128
15136
16090
15663
14933
14964
14265
14207
16287
14804
15064
15730
15645
14516
16012
14250
15710
14526
14851
16179
14528
14520
15810
15739
15160
15808
16109
15638
16050
15722
15253
14813
14337
15212
14829
14592
15944
15691
15261
14486
15014
14844
15842
15957
14777
14590
14394
14947
14421
16285
14891
16119
14635
15245
15586
15200
15644
15347
15937
16075
15871
15387
15997
14447
14440
15030
15733
15182
14567
15389
15906
16267
15127
14440
15561
14759
16212
15364
14483
15200
15192
14273
16161
15383
14818
15284
14335
16250
14384
15297
15323
14764
15595
14539
15923
16095
16120
16042
15290
14461
15361
14927
15574
14958
15884
15465
14597
14219
15937
15832
14508
15087
16125
16238
14719
15004
14956
15484
15358
14556
16231
15283
14878
15015
15256
14866
14445
14957
14892
14757
15879
15730
15043
15603
15216
14652
15302
14703
14297
14891
16274
16256
15728
14423
15440
14800
15592
14306
16071
14971
14454
14457
14472
15020
15182
14671
15058
16067
15730
16211
14525
15819
16022
14767
14797
16173
16220
15463
16050
15697
15931
14711
14504
14759
15197
15487
14593
14313
15901
15903
15637
14756
15262
14471
15611
15532
16214
15376
15477
14443
14499
16054
15811
14657
14504
14705
15425
14821
15332
15363
14736
16202
16004
15355
15336
15757
15534
14777
16006
14380
15552
15606
14592
16069
15649
14648
14655
14494
14829
14582
14280
14415
14984
14683
15489
15614
15896
16238
15076
14310
16313
15432
15500
14696
14994
15652
14635
14251
14873
14533
15834
15857
15884
14929
15979
15391
14340
14392
14395
15531
15116
15775
14418
14199
15602
15592
15229
15993
15733
14259
16006
16091
15638
14915
15871
14745
14578
15275
16120
14604
14770
14245
15429
14965
15193
14424
15355
14232
15539
15505
14629
15387
15009
16158
15102
14456
15570
14668
14348
15957
15986
15030
14861
15953
15922
15667
14743
15326
14554
14745
14264
14395
16130
15104
14897
14952
16129
16024
14205
14854
16151
14308
14688
14459
15298
14954
14243
15147
15068
15738
15858
14904
14255
15610
15216
15567
14215
14840
14664
15711
14547
14268
14242
14874
16098
14957
14349
15186
15915
15461
14571
15058
15598
14820
16066
15141
15957
15007
15002
14626
14468
15396
15045
14594
16021
16173
14313
15356
14986
14394
14313
15823
14360
15511
16169
14414
14563
14661
15339
14283
15071
15035
14281
15383
14618
15581
14939
16232
15086
14664
15543
15740
15273
16318
15896
15482
14949
14262
14801
15309
16045
14237
16278
14331
15443
15631
15177
14781
15785
16236
15515
14557
14959
15152
15689
14963
15031
14943
14260
15387
14879
14446
16022
14310
15120
15246
16045
15296
15565
14974
15364
15494
15731
14798
14268
14939
15007
15631
14626
14293
15711
14430
14651
14223
15417
15009
14771
14787
15712
15958
14409
14310
14546
15208
15401
15760
14321
14988
14746
14598
14519
15724
16163
14975
15856
14253
14911
14526
15110
15562
15074
15137
15025
14312
14339
16121
14668
15918
14308
14692
14633
14944
16283
14974
14463
14306
16199
14494
15998
15193
14200
14572
14694
16113
15660
15787
14503
14806
15151
14840
15521
14840
14421
15249
14672
15582
15165
14581
15431
14290
14706
16038
14799
15173
15516
15825
15274
15749
14620
16286
15685
14884
15822
15941
14253
15256
14656
15634
16092
15748
14835
14421
15609
14449
14654
15923
16014
16013
15858
16158
15379
16204
15808
14263
14247
14904
14282
15797
15660
15857
14974
15811
16192
15630
15276
14913
14535
14419
14375
15114
16254
14923
15438
14649
14849
15650
16197
15864
15771
15877
15287
15756
15933
15873
14991
16020
14469
15879
15230
16318
14796
16285
15323
16027
15110
14632
14570
14302
15836
14972
15683
14740
15353
15007
16197
15645
15407
14549
14310
14532
15372
14520
15326
15989
14727
15830
15073
15458
14280
14208
15614
14660
14667
14600
15578
14975
15668
14502
15937
16169
15737
16083
16311
14638
14627
16036
15251
15947
15710
14280
15794
14388
15536
15081
15905
14665
15851
14424
15832
15946
15277
15650
16227
15621
14742
14444
15160
15804
14265
14668
14816
14526
16032
15409
15016
14467
15998
14653
16276
15821
15235
14621
14358
15582
15289
15250
15491
15155
14598
14441
15018
14597
16255
15930
16037
14705
16062
15149
15096
16209
15773
14403
15017
15110
15755
15847
15910
14394
14520
14441
15088
14373
15961
14371
14681
15978
15958
15920
14644
15972
14529
15650
14721
15764
16067
15194
14993
14234
14204
15409
15337
15454
15595
15137
15214
15706
16235
15095
15900
15420
16087
14213
14729
15000
15937
14617
14198
14695
15236
16131
14707
16022
15690
14660
14468
15748
15364
14211
14217
16203
14640
16165
15914
14790
14738
14565
15925
15113
14892
15439
14967
15388
14711
14650
15226
14936
14473
14864
15830
14248
15215
14783
15440
14557
15624
15085
15467
15064
16253
15876
16093
16183
16255
16050
15460
14568
15378
15091
15893
15040
14591
15007
14629
15263
15618
14709
16014
16160
16054
14255
14553
15381
15710
15806
14491
14857
14994
16119
15677
16000
14658
15945
16253
16283
14388
14253
15466
14581
15657
15799
15345
15415
16003
14856
14695
15609
14713
14986
15248
14884
16258
14416
14458
15800
15311
16042
14730
14340
16115
15085
15167
15015
15105
15690
15119
15938
15697
16072
15617
14405
16023
14328
15737
16287
15011
16315
14830
15095
15097
14469
15495
15494
16031
15438
14302
15445
15976
15823
15891
16189
16084
14828
14290
14736
15827
15524
14450
15173
15605
14901
15290
14247
15325
15111
15903
14558
15449
16103
15594
15441
15810
15603
15561
15250
14898
15113
14778
15558
16037
14977
16098
14201
14349
14200
16230
14414
15149
15707
14454
15203
16264
15340
14874
15169
16004
16118
14581
14587
16196
16237
14370
14617
15902
16133
14896
15830
15427
16076
15799
15254
14457
16319
14377
14312
16255
14557
14573
14440
14804
14363
14830
14221
15981
14607
14811
14390
14750
15117
15576
15292
14529
15195
16126
14968
14601
14253
16293
15892
15794
14525
16050
15980
15927
14252
14772
14732
15793
14485
15954
16174
15120
14365
14987
14707
16048
15291
16061
16234
14953
15636
15010
15161
14787
14939
15238
14931
15432
14598
16011
14258
16153
15870
15960
15280
15066
15584
14864
16131
15473
16232
14372
14552
16253
15517
14623
15028
14678
16173
15317
15655
14784
14228
15941
15774
14573
14622
15038
15517
15267
16210
15087
15185
16014
14202
15006
14226
14737
16236
14973
14443
14696
14916
15444
15664
15074
16189
16222
15442
15754
14494
16305
15915
14695
14231
15934
16285
14750
14743
14492
14987
15269
15619
16193
15077
15758
14650
15650
15166
16044
14819
15318
14397
15611
14587
15377
15187
15946
15078
15158
14748
