6
3
1161
458
26
1
2507
25
32
64
145
21127
4154
8519
101
1257
5
29
340
2083
2841
2
171
574
22
4
247
48
42
6788
75
8
2801
694
203
2
3
12515
14117
40
61
10254
9
4040
1675
6451
55
51
11198
10
16223
1683
49
1
23
1804
101
561
20
956
2427
921
3
7
4412
528
2
3451
307
6820
521
22027
2815
5
114
93
8021
3911
471
9654
4
669
202
13730
1637
116
21823
8
65
21
7
10112
67
1292
23
144
18
42
7311
6
11
3717
2141
1464
4
2
112
186
3234
14515
18
997
62
7587
146
55
2438
439
26
249
88
238
7729
1347
49
447
313
566
1298
234
585
14
61
297
10
21
13
15705
1916
6
419
66
17310
2
9
5485
72
7517
2613
10691
969
5
44
107
9
11043
197
251
396
12
12342
339
3435
1934
15416
266
30
191
582
56
4173
136
415
6602
2
2371
8678
5
2063
2867
2907
14
5
464
704
15133
64
259
2253
2121
1548
2
34
3
7
3
840
13667
153
2181
39
1
541
6664
1
6421
9477
14
651
43
577
1006
147
4
2
18
106
10
21
4212
17716
13108
20835
4096
14
26
68
12
4116
20547
10446
1
36
59
210
502
18556
114
9789
2
648
81
43
3
74
15488
1263
1
1234
2025
6633
208
8559
2
19
7482
1099
16374
18131
1
1304
1405
13603
6303
155
17230
119
1064
2626
536
26
151
443
21
1
296
46
3403
8
13
4
51
159
14249
3
11
43
33
3
5
26
2
1025
3131
3
185
12
1898
3117
926
1
15560
1
272
80
3
1268
51
120
4
4059
2
5141
99
19436
45
20
21423
5460
7
11
3
317
2750
4
309
1
3
1943
875
3
5962
983
27
15
265
2789
3
580
1222
1074
813
3467
4
3648
213
2
8
1
14924
11
5536
8
37
8
16
18
35
280
360
135
9390
1189
1178
2725
1
2
63
22
18300
6
4351
4600
4
992
348
3
192
22
2518
15
509
1738
2
45
20739
1570
523
24
14
96
287
162
6
3483
5
277
103
5853
113
9
2
347
2
9260
437
1
9090
11
514
205
3804
6
20264
190
4642
7
19526
17
239
1
375
156
9
6
6
1011
216
65
1
1614
22
87
17
23
2212
456
18047
31
783
2415
3984
1706
79
3
8
24
504
8362
880
130
1
20
17150
49
66
45
29
2776
79
3
39
20932
8480
373
1584
5093
590
4
453
5935
6
6074
10941
17
70
1
4796
3
20452
734
2
3
5
1478
71
13794
58
1644
50
1228
149
5
2
2
11
13858
2589
5
14
4232
16758
7413
90
11567
14
1
17
50
13
17
2
52
12399
55
8
1
6980
21323
100
30
2338
303
358
1796
84
5
17
7143
6
2
143
10
12
235
13354
44
10992
14
1
9
158
25
6
19
54
2
1322
6
14
4291
769
29
657
3821
12115
166
5
2
4371
5
4
479
22
19346
3372
798
9699
1124
38
5880
16073
3
8133
164
3
427
2016
9881
11
217
225
68
41
12285
12457
4954
29
1
34
9303
57
462
943
2
4
2
43
165
6
10
7
3598
7
3
1424
10
2989
138
33
5666
14
1084
27
1621
35
4331
1251
2
29
593
4
5772
195
140
2
1
1200
642
73
26
12
16
855
2449
3
125
516
4664
3
6
19
139
4
252
3074
2472
18385
21029
39
741
1034
738
1
82
3
2
6245
20
1
3
23
2
636
8
28
2
328
58
3
7
19
1
109
888
63
1
24
4135
1
39
8440
6
36
1771
200
8
5
196
4
32
500
8247
2
180
183
58
289
3
773
572
3264
11
150
2
47
365
135
4
11
85
1
53
5
824
353
1513
24
4
3
2
4578
12172
52
3548
698
2
129
3310
1
154
370
78
3
2
36
5261
1485
4
13478
19
13292
17
178
2191
198
103
630
27
10891
17634
78
206
37
3682
11
19
89
4
8800
2
3017
1
28
610
24
1534
1577
34
30
11
93
395
7
42
174
900
322
16
18729
1
1
2
2
711
19800
50
21
15
4
187
6695
12
9217
10
3516
163
4908
168
4
16298
331
1094
285
466
137
269
1
2243
1
173
8
633
2894
361
1172
7
351
1130
18816
18
295
41
1360
5745
13
3966
1889
240
10543
27
1
15925
127
2285
10
7947
19
121
884
425
384
175
663
817
12
11250
596
9006
7345
5435
917
91
2
71
8923
1779
107
19984
8324
4729
2
1039
4
1
44
113
59
15
244
1
19
4
7658
1
18
5562
24
3565
961
12
275
36
1
6
821
35
9973
80
17
475
138
21
1335
2131
1089
409
57
1444
16
11948
15345
9346
1109
867
5237
7765
1
314
27
1952
2495
413
2
2161
193
69
92
47
20
2854
5
639
37
3947
228
7
9927
363
1145
3325
14787
221
7
329
2
2
20170
21
3
3
8096
2
304
1988
41
2306
8
2737
194
411
22
9
7
1
6726
48
2
2264
688
104
1607
707
69
4
52
3
6
7244
60
30
3857
288
127
2
511
616
11513
11146
2
11
236
13048
1372
751
148
164
4193
81
1379
16
256
12868
13
6511
316
44
17798
5
16
2
526
142
5
599
3699
223
13230
2
281
12
5
828
14448
4271
185
6
3
404
9132
15063
12
14
48
15204
12
312
14
10
32
21622
5640
4
23
8
6
2601
7
7
15999
389
246
2
356
32
398
229
3
4818
685
3341
23
1
1054
16148
25
2
106
105
167
1211
11
86
8171
43
153
23
12
5
1135
19708
155
6572
7078
93
1069
5385
4
119
34
758
836
1527
5
5692
2
3
19
19
4
13922
1437
4432
67
10494
41
2
1
1
117
765
6
627
71
14650
10740
1140
342
1562
21722
75
1979
602
406
73
939
507
4
848
679
11
4
274
3
13
31
141
115
36
148
84
18903
1329
2
3615
8
2054
3
14
32
4
3175
1
11
1
7693
441
5
101
9175
134
7
10840
3
50
486
3
2
2
12
10
2
16
10
16603
230
17
14381
7
1907
5360
1730
2
3280
5826
3
613
41
533
2274
4251
5
482
6333
126
13
8964
3
3
8
13416
762
21
7
24
78
215
4
1049
672
844
122
302
60
19
2092
5990
3734
4773
5
27
1
199
3146
253
2
68
3
9
3
1
2
1385
276
2
3
654
1119
1274
28
2
1
1
20077
17964
4
14583
14994
2
9
2638
1151
279
232
68
6
2542
152
11
791
1
2
15
6274
14
978
449
12573
13
171
133
26
6
3
241
9
26
9
11620
4078
40
1592
1
170
310
4
1599
118
2
12749
1
95
7
4
1341
809
245
25
1239
851
319
92
16526
6216
1001
3059
21522
3388
493
291
5
7801
189
8
727
6102
29
8
13
909
2921
3
3
4
284
18
7837
179
2151
1629
3
299
83
112
4494
39
24
3
37
1872
160
701
5213
3419
19168
7622
18
548
12
124
56
233
81
2
182
32
5046
744
2934
10349
2
77
70
11893
16992
5070
2
546
16680
132
13169
366
3769
1
445
14315
4863
1316
76
794
77
1541
2222
1398
7
832
11783
337
20
13541
1
5614
14
538
5286
484
1492
431
2
1392
2
382
38
9
15
3
260
4
9
10790
497
20
4686
10
1829
6
9433
2382
2360
74
258
2962
4311
1366
607
1787
2
2712
1078
214
1506
6916
140
35
2
1
7
6
6046
1691
468
11
4391
15
755
133
1
4
10592
38
2565
400
1
1245
4
2112
12
11460
1
1183
3
1
682
35
18215
49
1
85
3
6852
1458
13
16914
1520
387
86
29
3
2650
402
49
10
2328
863
386
2
604
543
35
618
61
2
1205
9565
2
4474
55
8841
142
1
109
13
1059
110
1
20
211
1020
8
2
255
4
261
73
38
202
859
8638
2349
11674
3
5
20
2
325
5410
59
108
320
77
12228
4515
69
12808
237
5000
5335
46
46
3219
264
292
41
98
7277
17
17471
10
5165
3532
3581
97
188
87
4840
6948
1763
16
47
18
222
675
9
1
36
1015
34
2
335
62
2202
201
2
7110
429
9
947
30
31
8
5
1451
4
21
16
2
102
4
930
2
3
31
30
131
5
2
332
9
14718
47
4557
9835
4
7177
345
6188
3
7210
2171
7379
7448
1104
569
6481
913
1471
6018
97
5
3160
5
965
18991
4
5189
10641
6541
14855
283
1
551
666
8
1754
934
20643
67
334
988
11094
8401
28
2
5
4
6
14052
74
871
64
2763
11407
72
717
5
1925
82
25
391
191
20358
132
33
2
2484
111
5
8598
691
126
18
7
25
13
26
123
378
3875
4536
17
6
32
1855
2
15
12059
10159
91
64
491
4
7
161
731
44
84
368
421
7910
8759
1499
4751
2
57
714
3
1
9048
15274
10206
2035
1030
15
51
5511
6362
8
30
7874
13
1961
2007
4
1
2404
460
4003
12631
19
5
167
9610
2295
2
83
2530
2
2
2393
1
2948
10301
3
2
209
9
104
2
660
2
54
10
3893
3
3
2
4
350
17552
6
776
5799
904
5
17390
22
371
7012
2
12987
10019
4707
31
28
47
13
16
9
802
111
21
105
18
721
56
90
5023
86
6392
896
5310
10
4885
15
7
6
2073
2687
564
1846
8285
3
7045
16
40
175
1698
1722
1044
88
46
48
53
8058
60
488
10066
128
11
4453
9744
1
5
1
207
2
3
38
1838
10
63
65
28
66
10
117
7
16
3
6
122
1812
3
306
892
13
1821
212
4
28
12
4021
54
15
2
90
37
29
6
27
10
6757
5
88
17071
3751
10
6159
11838
380
3786
1
42
248
158
393
19257
2
2317
1881
15
9
3
1286
531
137
3
8
3249
1156
10
3031
2975
1652
2675
4
1114
11729
9
6
8
3
519
13987
1310
1997
18
2880
6131
18642
53
220
3632
1167
31
79
2
172
123
2
6
8
2662
99
96
3
19617
11
33
6884
8
4
37
3003
433
2577
6
16450
3190
21225
53
2102
3
8719
8882
377
2
16
11
9
645
5
1418
22
62
243
11354
3
1
7
4977
5907
227
1431
417
12
952
1
1
15
974
2
423
1
100
4931
3499
94
1555
150
10
3
70
1353
14183
270
1714
76
556
4
3088
7
3204
3839
1
60
6
17
1280
477
108
219
161
7
102
52
21
8209
181
3665
1
5588
39
262
7
15778
300
3295
15
157
4
254
9
7552
3356
20
2
5719
57
82
23
179
408
1
14
343
23
553
3102
16835
146
204
72
12004
588
1
2044
1
1
21925
226
9
169
25
2700
120
267
33
110
19892
17
473
6
2828
10397
271
1
3045
42
5
4
4621
1667
12
98
15632
40
27
7
724
780
2
5
1
355
1660
18470
3929
2461
559
5117
5
89
184
54
9
19079
218
58
2
1
12927
118
2
176
2554
15851
22
96
24
1
23
2
621
40
495
56
9521
2
34
45
62
7984
2
2232
46
624
224
2
1
8
75
130
293
435
31
124
8
1863
1194
95
1970
748
94
787
805
11302
25
33
17881
7
34
129
1746
116
6
12690
5
1217
4
1411
323
144
451
326
5
13
177
