133
249
291
23
90
45
10462
831
14805
12657
39
44
1
16
5
512
139
1395
57
3181
230
3754
2
6778
193
5249
2440
93
33
7028
206
2779
2
19384
196
21
32
6
5
10
128
323
1
178
473
5115
9
9
1071
7
215
16403
49
1
37
135
6
2043
29
10808
1
751
11058
186
8000
160
11220
5
181
274
491
10
15993
1
8
3
692
20
5029
1
2711
6
252
218
14
10
15811
13
13
1616
203
4154
2123
2
309
4790
76
1
51
1674
2
1143
815
3
63
10
61
107
5
6
198
4572
2
220
628
7
1605
83
13
1
23
44
821
2
2
51
45
4
702
14
1512
7260
7
2235
1164
33
5271
1032
6244
8606
3
9609
444
188
14
26
1036
36
61
2
4
54
471
34
8215
663
6
2
5202
760
152
25
2
20551
9
109
49
21
394
74
22
21
9586
8747
502
8497
13
13
440
1
28
70
12
12178
1061
161
129
16552
589
1
19396
197
2038
2766
23
2040
2124
1
2651
82
10
352
12
135
25
5
712
5
2024
26
1
10
6545
1295
4548
5
1
5335
93
2514
3
5746
2
85
1
2349
14
3
6
11
153
35
3
701
1524
178
1
238
4645
228
25
486
7
3116
302
5
108
298
4659
4
509
14
1359
14
80
354
3
228
16
20489
3727
74
9
1
13
5
4
8122
5
15744
1961
13227
25
18
3
14
77
3
51
1
799
2
16692
28
93
1212
1965
18
109
10788
430
93
1
2030
1977
7881
1831
7890
40
3830
359
542
1
12943
7015
14
2
23
15
139
2311
1
18
51
27
10
1
1401
67
1
459
2
1
548
63
253
7
1
1040
364
11
2
21091
12090
5718
14
18
4147
12
843
21
1315
1795
3511
101
15
6
1641
3
3
2
6803
81
978
554
16
116
7295
17
7442
119
143
2
715
1524
4636
77
403
54
2
351
15649
67
2819
273
63
58
517
122
1179
2
1029
1
61
864
2
30
724
5
8869
173
7
18
2
13
23
497
460
12927
694
2
55
1229
54
11682
541
1575
5691
51
123
104
6
18305
7
104
3
88
70
19
15
158
6
7
3214
6
1355
35
3188
2087
16167
200
39
2
222
2
1177
7
56
2
60
380
1
86
80
2
27
115
11591
134
22
138
1709
18
8
104
1
71
9330
94
461
138
1976
1624
19953
13
5227
5915
6
38
45
7375
38
1002
5
6518
496
8
1
25
997
3
7
13
308
95
156
2
18
8131
3976
3
2663
3
3816
169
3
25
94
708
12990
16
1774
480
116
17370
5
8112
208
1
1012
4014
22
4159
6
35
872
12
680
58
2138
3
7
1826
17
10200
21360
111
43
201
1
21180
2468
5869
27
25
2553
49
105
1506
67
307
36
11
15
882
232
108
8
8
264
1
34
1373
268
504
7113
2328
11817
84
19
166
29
1313
7
3
10867
3
9
3229
6
181
3
828
13
6
5
18
36
4
361
76
11838
1
860
2
877
16834
747
3
7
8260
9
44
1803
10
2412
2
3590
17527
1
42
11
3
105
1632
6
2501
1
1048
8401
2
55
141
358
535
629
1933
19186
41
11598
5
2
9313
8
13
12
11
484
20952
47
7986
46
33
7
2892
6868
6823
11953
69
1
10
8
89
3
2948
326
2
4
6
1
6
9
62
9
11
418
3310
66
148
129
348
440
2
3992
32
5
5708
4
1629
2
731
2543
1167
3
5
6741
514
1284
19
5670
9352
18316
167
12296
16
21776
2
764
6998
2042
169
29
181
1249
268
18
3
216
388
4
5
553
6733
331
21
39
2
3997
65
5
1719
4675
1110
249
32
71
11
48
20
31
43
5
1424
15
2027
294
3
21347
6370
20763
1
824
652
1489
54
1454
618
5522
5
21
15
140
55
335
56
18261
1162
859
261
420
4
2756
332
1686
7083
127
28
48
3
1041
233
9460
32
78
6
336
3
6889
2
511
1060
7885
3368
3674
22
3044
245
55
980
2444
1922
8
21
3827
61
2
14
6297
1745
18561
22
19750
2
20
2
3
93
791
1009
4134
1503
1112
4915
189
554
670
5650
14435
13640
178
50
115
15
30
2003
103
1970
4816
2
1
3
1454
2000
20
5
4
9
200
2
9036
34
1739
13789
1
8078
65
1
4
3904
2786
9
1586
18854
14
9
7
8151
3
111
16373
16
1
5
18
11
3086
2
16966
23
1412
29
777
2048
1
2
16
6
64
14134
5
201
811
309
5
41
62
8
111
1196
59
11
4
12749
88
6577
56
31
3
76
123
426
705
951
4
736
130
19548
1291
24
72
10
4
75
2
154
3
232
4
45
584
719
2835
2705
3820
2
2
689
4
35
7160
7537
23
28
9420
4
138
2677
790
3
397
25
199
15
1522
263
32
2
972
7339
4
32
3
6529
7957
243
4
19279
438
4
11
6
7104
1
3902
3127
35
2
7217
31
7230
29
394
5
4
70
568
31
4
1
32
2
16612
597
27
10
4801
69
68
9102
255
1
38
12142
121
88
8544
3434
39
51
290
1
33
1206
2
536
1229
3221
366
18
69
188
7
2
443
1583
12498
4070
14922
602
12438
113
15565
110
148
18
110
1
6981
10
6
5
4
65
169
84
79
2078
12
115
1096
1
15706
5539
11577
75
7
7
790
10
6766
11132
2322
9603
2607
3070
2
4
2318
847
3
42
8
254
64
86
936
10182
4365
1149
574
10
62
25
462
366
784
3148
14
937
833
23
3378
13339
563
3
2
1435
2
16236
726
343
3841
2
9369
33
1094
63
5
1
56
65
52
4
21541
273
1135
2830
8794
16
2539
5763
2
6906
12
3552
760
6
3736
3909
6624
5390
3
562
5
1485
12
293
6
124
2852
64
5
39
3
141
1081
1099
1715
2996
2661
2269
55
641
4
69
6136
6099
460
1370
1797
103
500
2548
3844
1
14
3
15
2
3
2
3084
98
8528
16
29
3
33
448
1966
60
565
97
437
5
395
47
890
2
59
6066
5459
1750
3330
87
4918
15
48
2
121
514
17141
1
15499
3
5
2474
18
78
1
36
17464
308
1091
16702
30
3983
204
27
21
1140
206
36
4051
3954
2
174
4
191
318
4
47
32
4
40
958
2732
4
2
272
532
3
173
8
8
3
12842
591
14522
7981
151
57
50
8
1102
11
442
1434
4559
14
83
4075
2
163
52
7402
108
48
1439
5
154
106
4048
216
5
138
2308
180
23
2618
82
66
20378
9
4095
17
3
6
60
2
1155
18820
809
41
1171
2813
7388
4437
3560
199
43
1102
3
2504
542
59
365
7
4534
32
118
8
25
17265
422
67
479
3720
9
288
305
3
11452
1
3496
22
1146
12
6
5199
312
6605
141
110
87
590
20146
17307
2
955
573
88
2
4
1100
5112
41
2
206
14210
2
7
8912
449
8
55
3
521
2036
1
5
8971
18
18
1306
70
13872
270
55
28
12574
138
1853
9335
5535
2367
743
638
9
42
21789
42
3
267
2754
2528
6
5479
37
2
3
1214
3507
4235
18
17
4528
5252
12
231
6811
1518
1397
732
3
9448
5
1
20
1366
501
5002
8523
16
7126
1
13
1
2253
3
5
417
128
25
1350
13656
4107
4
21
4233
735
306
7
2176
2
5
127
843
6196
1
8
1
7117
202
2
19977
45
2018
5965
100
3786
18449
2
19105
10500
20329
1
2831
7087
243
3883
508
93
792
18752
22
6494
1458
76
452
6412
3053
477
8235
7
1941
198
519
28
8
15974
7866
6
581
1983
5833
13509
2
3712
2
21489
274
7
318
3
4
73
773
5054
251
15481
1198
48
1679
7
1866
64
570
392
4752
7
25
128
737
1510
4945
73
4
526
19
26
11
2116
1319
12780
76
126
1
13855
1870
496
2
141
1
3
1
715
16905
432
3318
1
16
7152
60
5619
10
6088
2362
4732
2032
2091
343
18
2
1
1
1
106
35
5
55
423
1076
3395
11931
5
1
4313
700
41
12696
15221
13
19
13
2
8255
2
4415
930
3124
20207
302
656
63
3
306
1033
2016
541
16895
361
5
18107
12386
147
4661
3
18
7528
5
1098
92
8406
2152
729
187
9820
57
38
18338
5
2
19454
8
4
5559
1322
1280
6
13355
3
1
1548
4
2
4
587
730
728
2
6305
2234
10
601
606
1124
7
3007
2
15773
12
2616
43
114
2369
2
213
1184
401
807
15057
145
865
76
257
2
4053
299
92
1153
1972
722
672
1549
12
1209
2
1784
168
255
21554
409
4102
1462
90
28
30
15277
752
8431
723
2
16
3
126
71
11
1336
1
64
2936
2
2
599
75
12098
3
81
14
55
17
8161
5
7487
8906
21
2861
22
1520
8513
154
1
111
48
13599
8
34
13
248
3
635
62
18250
52
2
94
40
446
19
39
30
247
108
32
424
13251
21
2
3
4
4
16452
1
1
299
275
39
249
67
45
128
3
15612
12274
1
1656
27
8053
147
1
20989
6790
17349
33
15716
129
2
16622
53
8885
483
27
271
3348
410
167
455
267
4172
13914
1258
632
8
2301
6
68
45
11
112
95
317
1
162
8
12912
53
496
43
1394
465
6260
81
1178
7
2112
72
54
385
7
117
125
46
119
8
10
1080
29
493
199
487
2405
1
199
12919
2962
744
12120
6385
35
2
30
1212
21658
4
7
6525
13931
105
67
65
17934
1234
841
179
13
2180
788
8621
31
90
1006
3090
475
3
513
24
76
16
4
426
9146
25
2731
1374
2
88
57
3
160
322
53
1159
15397
14219
295
3
188
2
12
678
2
235
925
2249
13574
6226
15509
531
3
174
1982
256
17923
2
2
3
70
120
252
16
3942
339
28
5
3294
219
9832
6
5840
2542
1
9
374
2
1011
4684
5788
3759
26
7909
1304
7693
19
18
17
2664
687
2
330
206
1671
11
2082
2
17
32
1090
94
1552
10
98
16
2
1072
13
88
656
2
49
54
893
48
17761
1
4
10563
2263
17120
21
9341
3
35
19048
14245
1
3556
99
45
2453
3
41
13
112
227
13
5439
17
157
291
9
145
1
61
12
1109
2
152
9773
5
127
1325
924
13
1907
10157
269
251
53
1
13
9
17
1798
27
3
4749
214
6
5
1
4
5
14
3539
90
166
12
13
123
48
40
11
263
399
2953
6
250
20851
968
35
2
3423
10
30
52
211
11
803
9580
4
3092
2
69
5
2
1952
552
11
20725
2
939
392
4
3
194
1
1286
2
883
17
6351
1
1954
8901
1078
415
7156
2977
16
1891
10
3
1
2825
5858
4026
31
2930
2096
5749
5876
10042
175
2
1431
182
21868
11012
3389
5
3562
134
5472
1585
1845
155
8
6
159
816
2217
1445
1387
84
1
2
74
15
7628
11
7195
1532
2718
3696
868
11240
188
405
10538
4
37
2
7
250
3580
3714
7
119
2291
36
276
3
78
21
6
8
357
1
6632
6
25
88
9
17
65
5802
824
1
3
1640
62
2
1
63
6424
1
746
3980
66
209
17655
4868
8694
1
16976
39
628
13780
1609
111
66
8800
1509
21116
448
2
172
3
2319
235
50
2
249
215
8
6
16864
98
7
101
1821
62
4
4139
84
2569
377
40
2674
3438
145
1175
6144
42
74
613
1
21
3066
2742
8626
413
138
2
3
1
10
135
7
22
205
155
149
2880
2
479
240
930
7
4
2
3
22
14
14761
5542
156
153
244
134
96
27
7
30
805
24
1
13
3
134
157
11746
124
14
6
582
29
7057
159
1477
296
12665
174
5592
7344
1
19857
6
21710
11052
4434
14531
1014
4370
69
4
2658
1
4
5
173
935
2
3169
18239
13
2
72
2
7
23
133
1
16
7
1402
4
3
457
20675
27
1060
1540
2
979
12857
596
7393
466
2
4
1
29
2
1369
13
166
4
196
1494
2855
830
21437
7
292
640
6
1885
51
181
2429
4
1
3
245
15678
196
212
21
239
708
4269
183
12
1
6
5725
6956
19726
4
364
2
44
1
281
551
6
92
149
11
37
247
182
6
1217
13371
4413
1669
1
68
14049
41
614
105
12
8917
14
3146
3689
4
11795
10
14940
258
214
2
38
448
177
1197
1818
3
2
20
1925
154
136
6151
4603
14
171
6
456
4561
636
14
40
3
1916
17
2508
36
478
1514
3051
1716
15527
3
78
7
3484
2
4238
6
8477
20
7767
1
2
4
144
16512
9025
902
14610
379
15906
4
4445
194
595
13
80
10437
34
14176
72
112
1
2
3
1
545
5
12371
7
11
343
2
904
225
1312
6
48
14479
807
13
1
118
72
2
2
356
6
21763
3262
12
8848
614
2
34
643
1154
1828
4578
84
2848
3101
185
1630
110
10206
36
54
1
14117
5
207
2
3743
4
483
155
4397
7
1529
4381
3
1
818
3985
9
10
24
984
26
23
5
15
163
3
20
963
2536
4889
540
98
1
1204
103
18184
7
261
162
7109
83
4589
412
36
4
9
3015
25
3475
10886
3687
802
14
5851
1
41
4
2193
1785
3
27
37
3099
1
7670
464
125
4344
1701
2
3175
37
3632
12
205
86
10
113
24
1
687
18118
3
146
34
8
20
5
14193
2
181
22
71
15
33
191
3
1176
7614
181
17
5
1497
136
1276
7
9
902
14707
18382
34
274
4
2
13
5
2144
19407
2594
7505
348
8
13
933
3
35
4
8647
1329
8015
1086
18842
1183
87
40
7424
14
4080
16935
7952
422
4583
8
81
3858
3131
6114
9
8310
18
2139
3
1
279
4357
779
20
57
70
62
139
41
5739
5
33
2015
3968
2
145
1200
209
236
1802
1391
22
271
2
353
24
9212
1
771
4
211
500
4423
6451
1526
13
19525
1
788
184
7
2164
155
1696
569
16813
23
2
6199
2
3667
3
2
108
13
657
3
17297
2
33
12966
103
15945
916
1436
7049
1567
4328
3
83
21
1080
9392
282
878
27
29
31
9
124
14006
15
2551
2056
165
124
20
14
7
79
35
1256
672
10
4002
121
69
65
4
2001
49
710
873
189
4
2
11881
39
396
2998
20
1
3900
17665
1727
112
65
19
962
230
22
5
20001
1735
295
377
3
38
325
83
5008
2526
672
129
21
123
3
2073
204
692
344
218
881
1
8982
38
6166
227
1
2147
9
774
8
2
15555
5798
3911
23
2125
1569
1065
318
6
1647
26
82
41
245
613
235
324
1
6581
195
118
3354
137
4129
85
32
1225
15935
8
16197
2
948
2
95
265
5499
18865
1
11
99
44
2612
21894
3652
2
7
1142
11152
2447
10
57
17007
20688
6
1913
1
30
24
6
424
24
964
9
346
4073
4
18129
1766
10
28
1
1052
2
9
112
255
19
3
996
281
70
22
190
1035
2161
3
1
306
341
785
3
19
4
87
17
132
7
7
4349
2
43
1310
1
12011
6393
932
5
588
2386
5
7
7
4
16
70
1
3
9697
5
6609
21
11092
61
19989
11
1
18934
3
1931
156
3380
1469
8360
5532
176
11
37
2797
10724
467
324
1655
3
1
47
16089
12
1867
455
28
918
21040
20
567
89
7
4169
5
14
1
12
12
313
988
6521
3
416
2801
38
5791
1348
9
43
610
2
8
236
1599
15668
9
447
6
834
4504
2
112
2579
164
14040
19
58
19002
62
23
1542
8102
47
18
53
5
2
222
2
7053
3723
32
6147
9627
71
10985
17
279
21385
23
8
2
61
30
1228
380
455
2
16
282
8305
3565
1744
34
4
1
280
22
7
58
9673
2
23
17359
7550
368
8340
9
1219
170
8757
338
3162
2
9
52
183
1017
1
923
2709
1878
2
5368
167
16
5549
2
12
9
2046
7
5
4
121
1
4758
167
4550
2
1377
5
5384
3537
2459
3
7096
2181
1986
17193
8250
3
87
390
2023
8699
5230
247
19965
77
8
28
1
10090
83
21193
9
70
507
2
2
78
7
7514
9714
3040
22
69
15
2
170
20
2980
4373
104
2
1857
501
16206
28
108
2
1015
6
414
18899
4787
102
2679
7702
11
203
2
11
57
406
2
1
461
36
13235
3
82
6
9
4261
52
11
2
3750
1723
3068
747
3256
2312
73
7
9
321
117
387
773
13
497
61
76
539
1227
63
58
7
25
17
20
6
1985
163
13139
27
22
19037
122
50
8
29
2583
9726
9
6661
10
8
133
2
2225
6
10595
1596
1163
2252
1
10
2
2
7
2172
31
1967
15
315
142
19
244
1847
32
24
840
122
18
2
97
329
14
38
4
19163
35
525
288
320
572
9862
3
11260
8976
2
14592
770
18416
2
8
6
80
15453
4
9063
77
18
2
21987
143
9
7739
48
155
5579
7
11
73
4553
11
4
677
13
66
29
10
11
15258
65
1854
633
310
61
10349
8
4294
4120
1782
16592
4
987
167
10
14032
47
1
418
958
12105
44
997
729
100
2
3890
1
8097
8773
10
1460
82
6931
12083
4
1
15443
116
895
169
97
1
12680
259
26
24
559
2
284
11308
62
2274
1819
206
881
50
742
5
1381
18549
10368
12
316
4
2156
87
2
11005
985
373
3
14
3
104
5
4480
5
748
2
20939
4
9
745
3
14322
1
383
17475
22
118
3296
4
2
22
475
266
71
61
11974
159
32
2
101
27
11542
15075
9838
19
388
5
13
76
102
3350
5
396
1
26
3
16
7225
13
6
19489
21
26
9053
30
46
13
2
3006
3
2155
7455
9
74
5698
381
29
921
9
8385
10
285
9662
1226
1
11
20
17794
10151
3846
196
1415
367
2747
4
3024
119
2
11996
14
2120
7
6
12604
253
785
58
11
2
4493
15112
144
3
77
11390
1368
76
21
1
2791
77
3
278
1422
68
13
4253
11
5589
23
1
353
7
699
262
151
3
951
6794
5
3988
721
4012
7
718
5562
221
2893
4085
1
1040
3
21
283
10243
153
10
1843
3
1545
17
14288
2867
476
58
1
973
230
431
5705
29
17485
21
375
46
1759
1
4
131
3584
435
3
44
19869
1355
2969
4
14
105
168
70
326
43
145
1331
650
755
168
449
16
12
103
16226
4
2
128
10834
1105
37
37
4
33
64
1
4162
3
4
894
942
6573
144
21502
13
10
45
31
22
162
1410
5310
3
532
2809
16128
42
1849
5
133
6
122
44
19
487
38
7
18
900
2325
99
3643
647
7
5979
5
336
3308
3219
11
161
293
2
22
5545
742
36
37
157
4450
10959
60
1056
3
732
3453
3111
2
18
2978
21398
395
24
17
68
146
4302
13493
288
2843
745
75
8
2475
5
28
97
12
23
279
44
663
3818
11917
3
8
28
197
39
2446
8
8
390
264
6207
7697
16
12
103
478
3
9
137
2250
1622
2
117
10305
1
2
1303
858
15593
281
14426
91
1592
1751
20
11
49
10121
7
75
34
3
430
2
18
23
11
920
860
4
2
523
81
5
8
2
11
2
16
2
9921
9879
7587
15
28
13283
17
1
15546
23
3851
145
547
2
3593
28
8355
2
389
144
42
1
18718
4
10
12726
163
1620
9414
121
4856
21
1
382
3595
10
6
1
2
28
47
19797
27
10293
179
1
1074
3
1747
10456
184
21
4117
593
9
59
4
1598
26
5743
14
109
5403
416
298
1808
17506
2
6
222
9963
3
7938
3071
711
4721
6
3336
38
5
73
44
2828
704
4202
10
4
158
1128
1722
1
74
1556
16
401
6339
1
43
5918
8966
4
5
1
296
2
276
1
27
89
762
3895
2
1
7
2
81
5
7011
458
789
19
165
2
5
2
40
302
13315
18151
29
465
241
877
8538
2
1814
10399
2
3251
61
309
164
212
3
74
153
302
740
3186
47
2585
120
6358
410
13
125
63
10268
553
1944
5
97
12215
14
273
25
13
655
265
9569
1217
216
162
728
715
85
659
8
1202
9251
215
5795
101
151
3
3
144
184
212
382
4792
48
12634
17
11960
5657
1951
994
812
15
5
16925
19
71
93
47
38
6267
2
256
66
46
555
2256
12
30
1
9
802
4402
2434
5844
6960
5256
26
4833
445
2366
43
69
6378
7173
65
3
1
1131
9779
31
1194
763
928
27
105
1193
2
1889
29
82
472
187
3
1991
3893
567
66
1
2
1
12
24
522
152
13323
166
4939
3
211
6844
12267
122
1
16854
19117
64
428
10
1
2
4447
6374
1231
1
14859
1013
42
2
20013
11
146
26
214
4
15584
5443
1267
30
2213
819
25
12
6
16712
3
56
2159
9868
1114
497
74
3338
70
37
7
354
716
385
5636
46
15
15
3
13956
3683
4
18
6
2079
195
2507
3282
68
3
39
97
4
19655
2
74
13
3
477
1
370
1084
4
269
5
4092
1170
12
213
1
27
21
53
3
13
15
6158
3
1957
7139
9
31
534
15858
4
116
8325
6881
5
7165
223
24
7
395
21
2
8058
7
2
598
25
12
432
2
6
301
11760
37
7
4
3382
29
16
2210
57
57
3
357
2
185
13460
11654
18
1001
8518
749
2392
3
145
5035
13
8390
3
44
38
9
4461
2
3
5936
6597
36
238
1100
56
200
16
12319
378
4969
6
24
13
19714
14
15231
9
64
12
4978
502
355
1121
16
101
6
2
6
4442
8245
1
10678
176
201
3120
131
2
135
177
1027
663
1019
362
29
2
8
11
4
5701
822
2
364
11404
116
4
36
3
671
298
6023
28
140
10
12304
147
104
2890
591
3
410
29
3907
10
8117
221
527
118
4990
14
212
1749
5
2071
3
3055
17
561
1608
234
31
143
19881
2150
2484
1910
71
1018
575
1483
11
2
411
8960
2377
242
1
1134
1877
3413
9
7
1892
9897
578
53
32
215
717
573
15
47
89
48
2568
1738
3
14796
64
3
1
28
6
2
375
32
1181
2231
45
41
1720
3914
537
7
6085
19
733
88
20
229
10
18217
1
10756
1178
2
25
9
2833
6
20514
19
12819
12
844
1
126
11281
5
2
516
1404
456
3634
2
80
57
304
2290
1
11473
2
11938
297
3
2353
5
11
484
4383
1
1
39
2576
1
402
224
213
405
2300
7569
11
2
295
4466
11
4
16823
4
92
495
12
62
9
1205
113
15304
3
1
3
241
18572
101
492
1456
3
4
829
3
6447
5
897
1752
479
7451
1
248
554
3143
6074
34
331
540
45
6
21206
8210
14
5
92
2
27
13259
33
56
5
13964
66
538
4
13981
3
3
6
32
41
10231
2794
1
23
479
17
87
68
285
782
3
5287
130
3
187
109
7
3064
3
307
6786
11438
13
5205
143
19
2
528
38
24
3
3860
19
1
6
273
10
4
8
13730
1
1
35
28
4
533
676
3
52
5
20788
26
300
1
3266
2
130
1
11
80
30
1314
20
24
17
1513
208
856
46
585
38
137
510
3
2
96
944
2899
2
1237
4862
4
266
109
10262
6939
235
801
11254
260
7
8
481
609
441
15983
6271
2
91
1285
2026
277
82
3
330
8
2925
12
913
16
1423
30
35
968
1874
1338
5
3
50
6044
17988
1161
20588
3
4315
27
5
12
13
874
2
6
95
3
14850
3916
7348
28
45
173
439
67
54
3
12
16
20
15
982
2261
15323
27
89
73
1106
4
5446
424
35
1028
10933
509
20
1
1025
13
910
1130
818
81
7
4
232
2
1
6252
55
73
5014
135
1015
3709
7
407
29
6
7
334
68
13
24
8
1051
15
54
5565
1159
8
6
5174
9
2
999
1
3
15
4
14
337
18393
1302
3864
78
536
56
1156
67
12
5
28
85
7
29
333
242
23
10
38
3645
6498
668
70
851
14015
38
1741
6
106
6110
8482
13
13068
15
3
63
153
3804
2041
91
251
2
140
3
29
13
3298
210
115
49
93
16433
1220
250
27
25
4
3473
3
21
1253
4112
612
7564
16
9014
718
8
13
535
5
61
38
1549
9190
9
13
543
3360
1117
1
205
4518
16
1095
194
75
404
2499
12025
4830
1663
12
5
8
4
2280
18
584
1732
596
9
602
685
60
10
20564
9080
674
9358
10
4
1450
172
18
4
328
11
565
302
21515
3528
3011
9
43
105
13706
2
61
1191
76
320
1
11810
92
2
716
1
8
908
1
2913
453
9
3370
5612
13
2187
227
2
108
6
7
8
58
875
378
433
5519
2302
3
18
574
2642
35
2719
3
6943
9
15
12363
1
3586
4190
106
9
804
163
207
171
4
71
396
52
5
14
163
69
507
4567
9844
8663
10
15
77
5
3372
18
11
68
8
12
94
215
11431
1
327
8
1
3
2984
6
1
376
111
1
11
2421
4
58
80
2
53
95
28
16187
2077
1251
57
1810
13
767
6
10
2
72
40
7
96
2771
11626
5
11
35
4715
5623
4
1224
118
6
113
97
4
3
5
10
2
67
1513
37
257
19
1
149
14
2064
8240
19
986
430
12
388
14418
48
64
866
12
848
531
14663
3
26
1192
17203
329
110
9
10952
2428
344
1
6
4909
3809
60
4225
4
29
263
1
15350
23
6
16732
4
6657
4
1
791
2
13822
47
1
21424
209
95
31
7
1
61
165
5
101
18
577
2685
34
1613
105
587
19
75
901
1724
27
1
2
619
2465
223
19702
59
4701
86
1864
6
3966
4127
4271
3
43
13648
5069
107
7943
12765
3
3654
3509
7
4043
12
2784
39
2
1
28
2
2
1
2655
18527
141
6463
1
97
122
1
2741
63
72
16
15
1564
3
108
942
206
3
6133
300
1
1
1
7
1
6
645
122
2
4781
337
2
10
6669
1572
51
7
50
14
40
8
12
13076
1189
1
1606
1541
3450
484
4954
16148
15021
3
1
9
4523
8
51
71
262
56
3800
24
17999
3
116
14886
2278
3
2
2173
10487
45
11703
117
6
776
2
1755
18
1511
123
1207
30
3775
1
30
1160
10972
1
1684
2915
31
1
34
20
36
1
7
34
115
660
11902
363
5
3405
440
1166
2323
172
2
5017
748
175
486
420
30
651
3
3145
15139
7
20122
13
1322
454
1568
35
647
1
1
17687
5322
627
1246
1
33
167
39
114
1508
10
157
16
10
3
11
296
251
13468
261
5240
434
9903
3
76
180
12
28
630
7
169
734
1687
14
121
2927
8
140
2
1270
287
6717
8
3150
6
7
1775
678
1947
2
38
6617
13
220
6640
350
1470
89
2562
4
86
9
9
423
2066
233
6282
411
293
165
155
24
767
5294
2
1
51
379
495
4
1
12
44
2
327
9563
9302
425
130
365
1
102
131
157
3
530
957
998
26
1900
34
11139
761
8
4
11781
385
735
1257
6
7
119
231
1392
57
140
11
14
2396
64
5
5
13
12
1298
187
836
42
124
55
3
10213
381
152
915
851
673
39
6362
2283
5784
4496
1226
2051
132
10361
7
66
127
6
707
11145
1
8092
8
16
8
2
229
200
116
1022
22
20901
24
2624
109
11
6
9738
10449
9743
1
5
9
544
5041
26
44
2
124
1329
39
5
78
4
1753
167
306
320
2
3
888
6
7
253
1303
7
125
77
1547
6
19
2
2
14
10
17
196
6
1282
6
917
1301
252
240
24
30
59
2513
753
174
5
26
3627
160
342
1626
420
8632
31
18
5
19349
399
134
2811
332
62
9124
336
244
16
4
14
13525
2640
3
1
53
35
2774
709
451
6
43
5
54
98
3
2201
17
2297
262
1380
6537
67
273
1
6278
4485
19
798
49
1
251
608
42
81
43
36
244
3766
9933
5
148
19082
2
10
23
295
1
5
1
22
12
2
17
3059
1084
6848
345
939
887
6
166
15066
1639
11213
13131
690
14
15897
23
1269
4845
25
7
155
859
611
44
34
896
26
73
284
6
1240
12
7633
4821
1
5489
3
21855
4930
605
307
618
2055
5
1139
21606
18
107
1275
2406
4
15
6
8200
6
1188
339
42
6
162
13387
25
117
6
331
5
2
520
79
14672
2
7091
4
2530
126
5
19478
9454
2
3700
12040
7433
1945
480
229
3
2267
2
11
5
1047
7212
8896
2
117
24
530
15
12134
387
8136
2
2189
49
24
15
9426
10
31
5
105
1667
1573
277
1307
27
1148
2
7523
4
20926
45
2
14931
885
77
749
555
4360
19
2
3550
6
47
1012
3
50
43
37
72
52
1
12795
3002
43
2
4205
10
44
62
544
46
2068
176
38
5087
1
24
18605
7
2
1158
144
15782
534
11193
300
2
1045
237
128
1
16393
2695
9
5038
4276
1
1372
20
1695
290
992
6316
398
3
10
2557
1997
3
3
9
1356
4187
648
1262
4287
18
1806
9494
66
177
21411
32
6
9
1546
49
38
22
3
78
5
3
3
9
2008
18
2887
37
4391
116
2438
2
41
1332
71
15830
13
646
15415
14
289
20
9546
6665
20651
112
3
9523
2
1
90
237
41
319
82
3734
24
24
20863
39
89
9667
2
831
6
6030
20403
4
4
55
7353
13
336
1488
77
217
31
4175
4
36
19513
1
103
107
2359
8
89
18272
6
8
1338
13747
14057
5300
62
126
2
502
4453
6
10084
7100
10873
1964
23
291
2095
13
46
265
5629
154
1731
798
1
7331
16
5
2
5774
18
4110
1120
8380
62
9
203
299
914
1
10627
2869
31
11459
9
83
2
47
1476
11
9
57
9
114
3
74
4
1
8
14566
1300
862
2
7
175
2
150
1
91
106
2166
65
995
1
1578
3
1
3
8
6
2137
8290
248
6
88
1
1297
8923
13187
313
191
13
43
74
161
280
55
1920
9074
14513
28
310
18
34
6
3811
6613
5646
721
1
480
1360
11
281
69
505
6819
528
203
1268
15378
1
1114
315
40
1989
2
1
321
140
15
35
1365
14470
10
9
11
536
347
5
12348
380
6
1
7
9020
6290
6
10860
2
116
37
8580
4936
37
3623
182
17380
7
7
19
585
299
17612
2363
2
4157
425
1
289
1077
147
22
15166
12
2
2764
57
4
9708
34
6140
11383
95
7
4469
37
2
28
10
896
2244
7824
329
30
4
984
41
1195
10127
188
6549
60
33
1236
4
272
20838
63
2286
4824
3
20
28
222
216
1199
1004
3
18
16
2803
16743
246
53
10802
35
4673
3300
660
1
20025
205
1638
1
2
6397
203
186
1
21155
3541
2645
1580
2373
2864
9
1
4212
1
20098
6
4687
1948
3524
31
4
2029
765
621
150
2648
10
2
56
517
1527
6
16
23
8020
56
2
13084
176
360
3
62
3
3
863
35
621
5
152
312
1
667
25
12
2
20539
45
3
669
137
816
25
9
62
288
19
679
223
24
27
907
4078
2
1
2
4
5026
322
6
1
98
3
4
469
6343
406
1492
15
228
992
36
10163
11322
3
1570
3204
4
201
42
164
4509
85
115
307
38
3
3235
2
12
4
45
240
57
58
1
19
1461
160
34
37
18009
192
122
100
20626
109
4
1868
5
5196
1517
12528
5
3
253
54
795
31
9
4152
17804
51
2387
5505
3079
140
231
5
3
3160
5950
3105
231
16
49
1
250
3
3
41
2240
369
86
6
2211
504
328
1324
4339
153
2
3
81
42
711
194
2
13
278
16
98
2379
5319
525
615
335
340
7
428
1434
1643
1789
44
59
3499
498
5515
11
69
17
1
4410
31
389
7
8611
2
6
125
51
26
79
4
14
3225
965
245
75
1491
164
2010
128
13243
53
3757
123
85
18639
20826
13739
330
1066
5897
340
180
10
1101
4871
4
10992
396
14
26
2
105
119
7309
1314
15240
27
924
4984
2
3
1725
1
16
1342
90
13
13973
22
2
6389
147
207
439
1
2
1451
64
5
2845
1809
1584
59
20
4185
7
423
38
5
587
8024
3
35
9598
1
5
44
1289
27
196
13
562
453
1
1
28
5
6557
138
4
2
766
8
21129
5715
24
1
3
285
70
4256
14383
265
43
415
1
87
123
390
1490
52
17
35
30
2
1389
1406
2
3
266
220
34
74
242
1201
164
38
42
1371
2
12642
14
7070
18
91
2
13123
1
16662
1938
12
146
30
2
33
17069
4966
152
1822
3
2909
3
89
48
926
23
40
221
11
4
10919
7876
17955
107
382
2639
86
221
125
74
20
9927
21476
22
5339
100
1820
1646
59
13100
3
4
93
17
5677
1534
5900
6
26
47
4
19
3
6827
1
3665
940
38
4220
86
35
332
33
1
616
8
1
18
5
4431
1838
1
283
16177
412
2
4
566
1678
4
2
2457
54
76
6294
3
1
799
162
94
19
30
7991
2
2
35
66
59
5922
2
249
1004
1748
1
289
17538
4
579
16532
12415
7857
10
1
63
2
13
1334
7
436
1407
2
6
3741
6585
2343
12558
12881
373
1823
770
4333
125
351
3933
81
4279
50
33
11570
2
13
11605
369
14
5262
150
6
1
8
1
3
14228
683
2
664
55
214
12
218
3
108
11
1
5063
3
16
2
6
18173
6
4813
21
183
2275
863
2703
14
178
77
623
1702
44
16
2
30
2
3165
59
14
1
19595
1468
1104
7532
20074
9223
11
94
15313
20775
817
2
693
3
7397
10
1005
163
19
1958
2826
1
1090
16344
2736
121
28
483
24
1
16363
878
524
3
1557
6
207
14066
3772
2053
12
97
2
1601
143
10
14868
27
13
4
4
82
2
10
5872
2258
3
384
2939
15
13689
66
126
4
38
38
3
56
9162
189
1589
6077
37
3
21828
18
2623
126
21
20
165
622
8
286
9
102
7
186
11845
2
5767
1
1187
210
14601
6
403
78
1804
2357
13
373
608
591
98
1009
3073
9
7273
6693
370
309
6831
6
972
119
8
36
1048
230
3060
5
53
36
5
1
1
266
11411
1
4
1347
1416
1
1661
600
485
14584
21282
1758
2
1807
2486
58
494
1
4090
813
129
138
1861
21567
36
4704
20
3
314
1345
22
204
12
2
18
233
21684
148
7178
1564
29
18
293
3057
33
359
241
1
7679
27
2025
6644
602
41
1927
130
5512
13590
9939
621
38
7
101
200
8
2
177
17
19
5
2
590
16652
6459
23
3
463
4
17
1375
144
4
3599
861
293
5
56
312
136
207
340
7
9477
1
3520
200
548
998
39
2
3680
43
4611
203
1223
14
47
2
6
949
5908
2502
1
16502
11802
63
9
156
649
3
71
239
720
5674
142
454
54
215
17
179
2426
337
51
1711
119
20
37
82
37
6
14
15
3
3
41
5397
3543
5
1535
86
4545
473
401
2
2169
563
4
50
3096
4
4
5456
450
30
1
993
75
629
21580
5306
20
5
10
17
2
746
7186
10525
3
218
22
3366
11125
8
120
5
132
317
238
7446
25
132
355
15754
527
16793
28
11159
8
2546
819
7
384
1
1563
231
2
10237
1
9
3614
326
8
17815
2128
15
216
5
501
3
7
30
95
37
8141
184
5826
228
7019
7619
3448
937
2
3745
36
126
12289
7313
606
11824
18763
5
10430
23
3
88
3
650
2
81
17826
210
690
6
6782
1
658
241
21
11710
7725
60
9
9
25
1
14
58
67
16
4
154
5886
3
46
91
693
17
7
2
151
18740
77
59
6
2
20663
3588
4421
820
7
4
4
19140
3000
177
5660
2233
5303
182
1833
17719
6
19
2
12333
194
5
4
16997
2441
73
124
1
1383
184
276
2
187
24
102
260
389
17912
2
1683
11
51
4
2185
200
13
6902
16
13
2
15
1
22
43
14619
545
2279
356
29
101
225
1410
3
98
3290
35
2218
422
5358
8864
345
47
88
3
29
84
2
237
54
7
2888
6439
1173
94
2519
1
550
576
19572
3154
10
1157
2246
137
3139
72
4
6689
14734
562
28
16946
156
10
40
354
18327
3374
1019
20305
352
18684
3135
1
668
14654
1068
3
232
2945
3
3802
18283
285
6
23
15
1
9113
3505
148
12849
5925
9
1830
1872
381
1992
15925
252
1
17517
1554
1
2734
644
4132
2971
5
3
2
24
46
19
82
869
593
7357
3
777
36
106
2620
189
4
3545
60
20
141
106
246
10506
16099
1344
50
49
5161
853
643
8
64
74
2
2
1057
367
20
7
46
34
7419
5770
40
138
625
3
157
8
3676
14357
72
10
14296
63
156
92
12673
838
16602
42
2260
414
406
18786
808
20
1096
12
572
5529
551
57
3501
158
6
47
5
2
1086
14236
346
4619
176
243
738
3567
143
2004
323
7023
10
17
16265
2
2
1571
2883
3
355
4670
3
65
11
57
17338
523
21
1
6192
2
294
2
1
2
684
247
941
372
31
15
4
17
10614
4
33
4
4597
1608
10048
7
159
3
26
50
119
2
2
20
801
17
403
1591
12711
13
2
7
16
456
41
57
5933
4767
1
3
397
730
3582
14
4058
7
1
47
4775
55
4
94
36
1930
10821
4827
6
9856
714
2397
114
19905
1152
52
149
5609
10
1242
11
2598
3
237
21802
509
2
4
71
49
368
6
1059
2
8335
4
473
41
8720
142
1
1
12
1
698
1137
10
1416
88
36
59
6026
1278
1339
21
20
55
2382
39
14168
8
90
1840
10
5140
13897
3
243
2335
11
263
12
409
5
33
46
19209
7191
6653
2
11
240
31
6
78
11
10763
5947
283
2
8
474
198
3990
2182
3921
2
204
419
25
11166
3
634
25
5
14
8
61
4
3
98
30
5
6096
1597
90
2
20134
36
14
18516
2121
1729
18
95
8673
8763
372
29
1
9
11
50
359
246
4
498
722
3492
3
4407
21
19291
2806
11967
20
1346
9
16
509
21
2272
10
19337
12245
8
2
5
1162
3486
2102
8
4
15
8
12536
1104
11
10
1
3
13
3
290
47
11
10
14
21
3
1955
346
11445
170
26
3328
2134
3459
759
5387
4
364
44
22
840
5020
230
35
518
66
2
8880
2761
1836
51
87
1
9850
782
188
7777
15916
222
864
6815
7
117
8816
1255
16012
186
121
4
11206
60
101
18
16324
83
33
27
151
2
4556
150
10
86
3964
870
5722
13436
513
151
5
1388
12
6
17
1528
29
13005
4
6873
149
15
12393
4664
19
8
2
101
303
71
351
36
1
5186
848
2
10926
2799
6041
35
17286
3
60
1
2
14
4
3022
74
2
43
10
51
17
118
1190
99
1299
1
685
775
374
5183
5
279
582
113
6
18888
290
12047
4
3463
347
58
5
20280
24
45
2
14331
2
48
7582
227
1
1034
442
933
1
9
4564
20
697
20366
14
3
120
2904
945
107
40
36
333
8195
147
24
2769
8
1
14549
4192
180
296
8874
5466
42
1
157
292
46
51
29
2
3678
3
21
1432
2
284
20
3834
5164
2108
158
3397
839
2897
2991
1188
2376
197
5
9207
1
2511
20
43
129
3
6467
63
135
26
7
2
1
2635
5986
20317
153
15
462
43
8559
1
460
539
49
18
54
5
3
465
207
10939
3
7
7919
329
90
225
132
804
8890
128
6001
280
3503
13
637
1
74
2
168
22013
417
102
24
3
1718
2
2
481
16753
6628
8
6355
260
23
22
3
25
19071
1259
2496
15
10
138
26
123
204
218
8
488
6059
1130
1
8810
33
2
499
44
238
14314
1320
5394
1633
1
10
9
205
26
131
75
18
88
22027
842
72
915
542
47
26
2394
10847
357
190
17
5072
1
845
2350
5756
63
56
4
148
1
58
558
4
3
2
81
414
1
1760
102
1122
569
3
2483
646
6275
9285
185
4230
3
12171
58
10
10
6565
3761
193
5423
331
226
4
2
173
9951
755
657
84
234
1062
379
32
26
812
15
5552
328
1841
34
432
13
34
7786
22
717
16
981
399
25
1621
12
3126
2106
8726
15
2
13607
61
3658
727
2
15341
10691
287
1705
45
269
92
2133
2859
6
16
3
16
1400
2
6977
84
3183
477
619
8
305
4310
4724
1
6
10225
2034
8
8
620
1475
1008
13813
1
15839
33
208
2111
6486
84
3
22
1
1323
1880
1812
4628
1011
6533
7763
4507
425
55
243
10570
15
3
186
23
2493
1
1
13052
27
4
1634
3928
61
17
36
83
13805
3
1579
202
2
15
27
471
21645
2
3
9
2
58
9375
17
566
182
832
1361
3
2837
246
811
11
39
4305
1
1
107
624
1602
1067
206
8
870
1321
43
2
9
1539
3625
3869
5
17058
72
3825
779
2339
3167
113
4482
10999
12742
6
1651
344
3
63
15
1
2762
2
7904
1
11
224
12483
1940
2
6
14
1022
2
432
7121
2
6
1
6910
605
13195
1000
23
7074
73
3
72
16002
1515
19619
2573
6
17676
119
1
199
500
110
3
86
1
6
7496
1243
2726
7
27
179
4164
872
3
31
1292
18
142
6749
110
13
2
10139
17977
1259
2062
12
1
8
7
56
3
928
4
13
3158
8
24
2
3
1054
14151
19
564
84
193
2230
49
18505
17
1
3
5400
2
2
412
28
362
14976
84
8652
29
7
14
2469
118
127
2
1337
2
16
21231
75
1448
19361
10
1
2
14444
923
4
5
106
10
16522
8
1
725
46
12834
39
1531
8595
617
67
20
3
22
6502
18294
364
14
2088
124
5
350
5
15
6
1275
134
59
8
53
2
9279
17
12
169
32
6063
530
166
2229
617
2706
3156
214
21
10299
14778
2336
594
19
6092
3
5090
2929
33
5
3752
308
7
14366
7
2
179
126
1587
1
16
3
14645
2
305
2955
2
67
406
6798
737
76
6
1772
247
2072
655
17
164
48
2
7238
5
778
695
1959
3874
23
1
3
4
2
15
9431
16
5211
454
372
9274
1533
41
10698
18
75
7642
123
12596
327
597
25
488
3107
2
20576
2895
1221
333
868
8220
3
195
12
57
1
17017
4622
1118
3855
214
10
1
564
625
6697
109
231
1
31
7605
21
27
21295
6
128
3
1644
5816
11
97
142
15360
125
2885
7
1033
1
2
451
8
57
110
226
2
17
8
1116
3478
147
2
121
2
15194
97
1252
624
30
369
9
14202
301
6
5137
10
4
7362
297
5259
134
136
12
218
45
67
1136
145
771
36
354
1119
11487
1
4
10380
814
680
171
2393
67
6
21257
2
487
664
9791
14
185
5
181
787
17
43
8
5224
1
3725
6864
8044
4
15
2
9091
15631
72
2002
299
346
3
6
8949
2918
182
17131
35
3
438
7
316
36
210
50
2337
14
226
10
2
124
478
271
2
14
154
4
7
1043
11
3198
1262
188
358
19
15185
683
178
6
3
7234
1
723
1239
42
14
31
30
191
50
104
6478
59
170
16
9
6401
6
616
8
22
3
42
4996
581
5
30
6
48
34
2
11019
3
468
40
976
17
3
832
12
14
130
3
23
20
285
22
15425
15964
6990
2
7
112
640
102
274
661
220
5
325
1919
16462
261
25
809
11675
36
5
10030
1
437
3
1665
8295
108
525
9767
301
1376
813
5
1203
38
192
145
94
885
3
2092
21815
783
33
73
2
3
56
268
9761
5
9755
2
52
10
3
15877
3077
4
526
433
54
185
6
3272
5
48
196
1
53
3
19
5502
2
3
19
86
1664
265
6927
977
6241
3
3
324
159
3436
278
23
8590
566
849
3
681
2307
764
27
78
66
6
16216
6
3
6
4
2285
210
20
4300
4707
9096
17
2
61
2
4065
1652
8928
21
4326
95
392
18064
4307
2
6
113
23
14
23
39
15148
24
13
16
3206
85
11301
2
3571
150
68
311
7828
129
262
238
2823
3316
582
1165
1
33
7300
1730
96
1
9
2
253
118
7
2
5495
1
15
180
2
2437
10108
45
43
3455
6754
18650
14
1
10
20
2
3112
20
5281
4842
268
420
9346
590
1
451
7
1690
524
20
223
3
600
642
4
1
8
4
248
11
102
3118
5943
42
20
1
3978
202
1576
8569
22
76
5
4
13
36
2330
9802
683
6408
6
11179
91
49
39
26
4
425
5890
9246
5416
127
1650
7914
16041
1
5
491
11
58
137
77
238
311
203
5
2
17172
18
98
175
2787
161
10060
751
345
7
21632
32
17
11867
16472
3926
1268
125
2
10194
1461
5329
47
2
35
1038
10
2
4
7
777
9
8
276
2101
8
12
46
492
2
44
786
269
64
3608
3042
2714
11696
14
99
87
95
2
2554
162
634
4200
4
516
5106
2
2
77
15
121
21
5805
21
39
7
224
28
11989
2698
654
1453
2
144
7962
6681
16275
2
455
1
6
61
2
1
14
13
325
6
9
1265
53
1
10913
6
87
2
19
5051
21
59
239
8
1
4
7208
87
408
6052
30
1036
235
579
32
1
328
68
538
15103
6725
1055
6
615
1
4228
2520
2900
3488
8
4
3
2
411
4526
35
15735
2
2
23
4180
1
3791
25
112
25
2013
609
1
431
330
4746
12
5
2
9650
4488
1712
4455
1
1
3897
4
6177
24
11739
304
8156
15868
14
10
52
11
96
3703
4
14
7
315
4378
21
11
5469
179
18628
14681
493
1
3526
142
14
28
164
267
1
2
225
98
7
204
3
8
87
8
4
2
11
1
17213
13889
21
4957
9
178
75
2
6
275
9
55
16
11
17
127
39
378
5
12589
25
4
2489
15406
684
19917
3114
1211
18
18360
4
56
793
6
210
26
3352
2
8554
4600
9
2759
2816
2
1
1125
201
23
139
129
176
4581
3
4
5732
2533
190
966
172
1714
41
13
5
9
9290
14083
15003
162
796
4
74
4
3
145
263
8205
11369
260
4709
8456
18031
307
25
40
15792
18673
8
891
3
146
21749
107
68
367
1708
739
3671
1016
1538
81
971
2151
12
2
892
1
114
26
5
16874
14
922
7134
15
815
808
18494
10
6
3961
124
172
3
30
8
10519
4
52
29
511
7147
23
8
16
1736
33
1837
11
5
5509
21
10659
409
652
89
11
9268
1283
19
6774
14832
6125
10
16413
19
2643
1208
311
443
7
9107
25
2487
33
3
125
1237
1536
13
386
17
9218
13
1618
657
286
360
3
5177
3344
405
47
301
15
19
11
9
8
35
192
335
85
60
32
22
27
1362
4755
5
127
6005
1
934
1047
2105
10
13
2
194
212
4
27
7
2293
285
2973
1
252
16572
4289
539
7
22
2
12
5193
2
48
303
197
309
4
19
9552
803
53
329
6121
12811
7651
239
3
37
759
12
1637
2403
5
1685
8944
168
14
1
6
18707
11
9
10468
1
3
1
3
359
6
37
3930
1150
153
1
4439
991
12156
2
1386
345
94
5753
2268
20452
6173
5316
270
3
4
15602
8
312
4690
78
236
2
5
1
2
111
2
2631
15
171
12
10036
2114
4
10
158
13
489
77
9
5
11186
4608
7437
73
16383
3
3886
8715
4594
12865
326
2
27
1988
7379
10
1
650
1145
7
104
48
21
396
3
22
20
13
2254
225
33
13
2
4
1742
1
3490
33
3636
1
6
733
14
5983
27
639
3
37
454
5361
7269
135
53
7
16
1793
401
3391
2
92
2
29
12
1
56
3
1950
13989
171
4807
25
5047
3
73
4
66
5
1
1478
1053
19
5
1057
22
7322
2
114
653
5
32
51
48
16
7
1
22
1357
1603
444
1294
219
3784
2
40
703
1
9201
51
206
4036
32
330
3190
4667
120
5
41
20
13
9
88
1266
7
2588
111
103
2146
8
8426
4
6
103
2315
3280
20110
1
134
88
3
4
1215
8365
2059
2206
27
4912
3630
24
5
315
691
12460
16562
945
1042
57
2
1112
514
1071
14279
846
571
1379
1915
9488
18617
7
15030
15
4877
2130
9993
1306
906
571
7781
1762
17772
49
3
26
8
329
85
12896
1350
12904
6
1110
2
612
32
5
5146
526
24
7
45
233
2
2069
583
85
961
217
86
230
1064
10
9363
2148
2986
222
7
8689
14743
97
3
2610
25
3
8230
8
15
15
1245
300
32
577
567
16070
2
4865
33
667
4
7500
334
120
17
319
688
3
156
6
131
3
243
12
64
11
11349
753
237
341
2975
4
5475
736
6256
7
2
5291
10493
1341
2195
131
22
47
33
8
2688
12873
75
2854
39
6
1887
8731
15518
15
31
2
53
2675
12127
640
68
5
12032
13
6320
3
1
35
633
34
3177
26
7
6
546
39
588
210
886
3467
18877
413
105
3440
2
187
1780
213
12
11888
19314
177
19
119
1068
6
1544
13673
4
4
910
3013
3
18
8
14
4405
65
8166
22
8
21
1204
2902
50
1888
67
6
48
1
10017
18
9
12281
1996
1
54
18
7928
10386
14
654
5133
1260
8
709
18206
1659
256
5
12222
441
236
89
14409
4
10424
20195
8421
4698
1041
216
2687
26
21
31
2
1030
2
14
26
3
904
7
12076
6070
87
12951
208
4
62
9151
5364
586
20
21372
14
181
4
16722
7843
43
10
1645
10880
21334
7
9009
60
2
256
18
11
6
1422
10330
2
2
161
30
2456
415
11859
21723
9969
475
56
4
10133
718
3428
17048
427
27
15
986
8
5596
3081
5
24
7460
4501
18
1
3
17224
1485
198
13797
97
5854
800
4
1779
371
259
3137
4
393
152
104
189
1697
11
18
4819
1717
1083
4
3
36
408
135
60
11397
4
3
8
2
2
320
2
360
9
1691
255
10795
7
19
1680
2
1295
2
11424
24
80
14769
7810
2
96
15
4
5
1046
5
15
10531
6332
16
2
12
162
4
52
5
2
1791
1394
46
10966
2713
6952
202
14895
161
27
4000
4458
69
49
298
5371
212
867
7411
1073
108
20601
413
1
7
6155
54
18538
236
11647
17901
9615
2
17837
1
195
6
124
2
58
2729
15
2
1
119
2019
234
4399
3867
635
32
2076
2
4
6758
5893
822
1116
7
34
1311
8350
11
854
137
874
18349
24
1193
8315
1
3
93
6514
16
6705
564
2129
117
1281
114
113
445
12
4
2968
117
3270
2186
2
20232
533
21
35
2
391
9
15
16
258
2052
7647
38
16582
9749
12
10775
4
1367
800
4
71
98
229
1658
268
4
1862
7
254
24
48
167
1126
11356
5
17751
232
292
141
1918
2
696
137
79
15659
2498
6188
4
1
9945
16314
183
1449
219
45
26
9471
1984
5681
90
161
27
236
9
4695
31
1
81
2
1264
106
29
19014
96
770
710
37
2
57
205
20800
9891
3
391
3027
41
3
13
15048
25
781
90
16
44
1
12
31
1698
3129
300
2257
6
266
267
1895
8
1133
4
2
548
2
4
419
1168
93
91
1003
283
5
41
78
12
15
1098
43
6019
7370
6233
3
2
391
2995
2840
258
2
873
28
26
20813
52
7
16915
45
2
1
39
109
68
10854
738
327
34
4
28
323
4
7415
121
23
1786
2
1196
491
17869
2
1627
51
21078
43
2223
3
4240
246
1440
7
74
44
4
720
2374
1472
11788
5436
55
2
142
541
181
1676
9
156
8441
1
3649
4
10
111
14074
52
3
8063
4874
4
491
6893
2100
19
2409
2098
192
92
1763
13714
690
23
4
108
40
2
549
39
79
104
6015
3
7
662
1771
5215
84
7
3215
11668
1164
581
11
1
8
658
257
3839
10170
10318
6248
756
7282
54
313
11633
2
35
10336
8
141
117
358
89
24
42
255
347
386
15039
7
1064
2916
108
9
6935
19738
201
42
19094
917
15801
21
595
21
92
4
17580
29
250
189
10900
44
2604
14
279
561
134
59
3
5640
15
437
9
2
4251
14452
2
14628
1
262
1232
2
3
1734
1963
2
2923
3320
2
3227
12468
8
14487
14637
25
2804
21
40
9644
485
2
25
139
5
5
25
922
1805
3
17591
4798
209
7
8472
63
305
31
26
6985
2987
352
1144
39
100
12703
768
882
1
4769
1398
4
32
78
8
9129
6
79
11
2495
2792
905
69
7730
45
14698
3
322
8778
1
3
6969
355
3426
149
5326
13179
983
1778
102
648
332
7428
13045
586
48
149
16255
18
65
94
12408
4981
136
7002
969
12
18
5
706
266
4
481
4019
3
334
2
18405
8
34
2
4
436
289
472
2
1
1049
10176
2669
1
740
17847
14262
10078
116
8370
3
79
1281
3
38
9168
30
814
517
8826
4149
14
217
4
275
4851
1943
60
421
21
169
10
13
18
5
1946
43
3033
171
4
30
12998
10743
5057
17433
3417
1484
4
1210
16773
8
363
5781
489
16051
22
4362
53
15157
4975
22
17412
6589
1473
1330
2
26
40
416
11
604
8436
3
2549
42
3
2
1924
58
421
4
2
2360
34
14392
1859
4
12475
1
3223
33
11
8
84
2
4375
8462
1305
14904
9814
906
422
88
1328
17
2510
3768
5
20428
259
8
3
11466
4617
7243
2157
5
2
3
34
7
29
5575
925
18797
11724
2545
142
123
4477
10
10
2
10188
451
5569
7578
187
221
41
2534
25
2847
10405
5
15954
84
3
102
14575
2746
9621
14
60
8127
8616
2
19833
83
15
21065
442
6222
30
260
100
3
10730
2
20526
1543
2932
643
2
24
1442
21
41
157
4
4177
5
40
349
314
15332
407
575
12054
3340
7871
648
786
5189
866
6
17422
1
384
31
6170
468
1713
5694
5
227
8029
25
11
2314
5
876
120
9
8
39
77
113
4
22
184
3252
3518
183
100
4921
2
1
1623
3
410
85
3419
17089
30
16
4
1902
8508
374
7947
15820
93
1
19
17966
847
30
121
61
794
2671
6
25
4258
1
880
10
1
515
135
2
32
2
4
638
60
253
2
52
4
428
2911
3362
23
9
1
8
308
854
22
40
631
9
26
6
6
7711
10
1
158
24
21
550
160
16763
2
20
13
458
3036
164
5
149
19
17
2198
445
1
54
115
15763
23
689
11
3
579
3387
2
2081
6
337
6636
5
17
10672
7
64
1094
820
43
4115
21697
4
28
18020
3358
11
5449
6
339
17401
1085
163
11767
897
11
4642
36
678
1487
880
4068
4
1
2
1968
196
1
13403
1
23
10
3837
4
1794
7251
1
4418
11
11
11507
275
259
16
72
2
277
10640
712
5940
111
8993
1
154
217
9
3
7
19501
2
10
1
2
290
10782
5
2
14271
11
131
1
12
12
1
7291
170
10393
6948
2
15490
8
4243
2
1001
1787
7
172
21
50
1594
2
70
5060
63
3
1241
21934
3
559
11774
4
19
1010
1352
4
1
5
2
2390
3601
66
2922
348
15267
3
90
1316
3
14
53
2724
12
4
3
217
392
17
174
10
13550
321
1419
5
15
183
14814
11287
909
26
2
7833
91
153
4
3
622
101
447
1
13029
37
7800
1
126
54
63
580
483
6
1
4
106
245
4
1
19560
6
4
5
474
1
4
105
2
74
1551
7758
795
226
9234
120
120
16285
8487
41
5096
2
17644
63
41
11
19678
17038
52
419
91
1754
320
46
4195
3
166
42
8
6
192
69
4
271
274
16
1530
110
67
652
10
11376
5
3
74
1
7688
1863
4927
23
442
18
3
1903
2
142
5
2587
1028
4999
6
159
8
2074
3
1553
457
56
115
3457
114
4463
1
21104
22
4
157
55
1
606
12
1396
24
2814
1
3535
150
9466
637
2989
6203
2
834
86
37
520
5
42
13847
12
927
4
4
6
2380
10946
324
111
1318
12935
5
382
3
2463
348
4
3
4264
15
3446
3
32
15
32
55
38
294
50
5155
429
75
386
8768
698
25
78
2084
7130
5278
4
1020
31
1
3334
20
125
25
1274
4429
11078
337
109
14752
1
470
6835
2723
1232
169
6
1
96
29
6
1559
300
233
44
1
4
4
2190
46
1
10
4
1642
27
1310
72
2
360
2282
90
2
2
1768
41
3
10
1
5413
149
7555
1
31
6
4
19244
7
784
463
1
233
20502
18438
17
132
9
9240
1273
8
174
205
4197
85
57
2
228
17
5643
68
248
4880
40
31
9
87
827
14
201
2752
1612
568
7
4
3
213
53
739
6510
34
9
38
7683
3738
1
740
20293
462
7491
3937
11
11
1077
2767
886
7366
14159
2
81
275
2332
20440
2
7
84
1
1
297
13395
3878
7707
674
758
726
27
356
1120
2
192
22
24
1
52
934
122
18979
36
29
64
6482
3795
2466
964
3705
35
8107
115
3322
4
20977
472
2982
85
4
1052
21
18594
2701
23
107
1127
3
2838
1657
120
555
53
55
73
4
10
696
250
1740
2621
5
9
850
19267
371
2
2
91
297
907
8270
12888
2460
2
5865
10145
240
485
1
2356
2
2818
2
3
10
198
287
8
2591
8
17162
2596
10287
8837
2
3973
124
341
14
20159
2716
15
6737
24
4474
452
15725
393
35
645
303
12491
7721
1265
16
13
8416
94
212
26
211
504
3
4761
8668
153
3
3029
714
17100
899
1871
34
31
95
138
4
10
4
1
12
123
107
50
82
101
5103
166
11549
549
19
47
11032
3
10769
19302
139
1035
4
404
8285
3
2
6107
1
14
234
24
262
758
6
68
852
405
4883
2873
3694
1
3047
1
3432
7482
4
225
147
292
2
1860
2131
5
20342
6
765
341
6
13
5968
3
8
1433
3
8
1169
5099
9
9915
1480
15
12
375
682
150
65
45
3384
7716
20964
3
2
776
116
9386
1
9
14958
1
941
224
10
601
117
391
1617
85
8265
19
5
261
234
23
431
242
37
936
1426
3
1776
2
352
36
4647
4
38
37
253
65
10
826
1848
5
41
17
34
22
1288
11
117
2418
144
141
2
368
4972
2
307
3
365
446
2
15
91
8
4
1
13864
17890
140
332
250
4
115
20750
10653
14787
42
15
71
275
1222
943
18991
18695
5
1
2
213
100
11831
966
6
6649
1278
161
5
744
1
3
11105
468
3
1694
3
151
1
161
7
615
3
552
3619
5127
2
190
1973
3
131
14
7
23
1851
2471
17
10
306
1493
51
612
3026
17
11
817
6860
15203
294
8191
5
1800
23
1385
230
35
1858
30
8
156
1765
12
4
112
6185
3233
11
16
7814
6081
1767
50
41
211
5
5
571
21907
1974
13764
6214
3
6118
6
139
2
1
429
2
757
49
13
54
49
86
80
59
10602
403
1
460
2961
9
13
11
3
112
89
10
8
66
72
1373
21463
3656
15387
661
5410
625
1769
574
607
415
9679
377
32
2
46
6
7735
671
170
512
1070
2037
16
677
12551
5180
1
350
1692
1069
2
3
2
40
4
9
10893
16022
553
510
6898
4575
257
2
12
2
4
4055
11233
444
13
29
5
9
11556
241
2777
2
8642
11
470
19584
291
8375
10011
1
5954
3
20086
106
1020
2214
4539
62
4386
967
195
14
1414
5
7007
212
1471
190
6037
5
2
2
21
17
33
5084
5879
1
10634
1123
3935
130
10
107
778
11
8
4
12311
6455
5
9
123
83
691
117
141
4
9557
4963
1014
80
6
303
4266
16803
557
2
9685
3
522
5633
2
37
449
178
4021
14
99
12341
290
11640
78
893
426
8
1247
8752
3009
130
40
51
18
839
123
2
15
11493
2
8
209
132
661
120
16
5342
38
2
2782
8
7
6
490
3621
103
193
20
367
132
5
34
1
6
29
4764
3062
34
529
40
947
15212
15
55
56
162
4
635
6
3617
79
611
9324
4394
3
149
75
728
2
3
855
1
14
3393
3208
6
12513
2
697
107
7
63
1417
511
1
6877
889
3268
1
19785
7
96
34
4
1272
252
1
2
167
15
126
857
67
113
2
4
6
1185
3
2
1285
30
13108
46
351
11085
2
1
111
666
133
3254
24
2
753
1
3314
278
3241
10737
6840
12619
2946
15
54
13
52
1
1
1
2490
4951
2408
291
1516
630
93
3
112
2
6
47
127
1
4
4
2226
29
160
17151
15176
2941
46
13722
79
25
1408
5168
2
137
2
5
26
2850
173
2035
3610
11065
1595
1
7559
595
1704
8
5246
547
11717
5
169
183
7
14
2878
1378
1
8
185
9981
5109
260
11274
96
20477
297
9
34
11584
5005
13880
3669
1113
276
314
136
12
18
29
1615
2
849
2
29
6
560
1
34
6
7
2342
5990
3141
54
9
68
38
33
1111
14
18
2191
12430
69
91
42
6
3
51
5729
6770
241
1174
19372
69
1792
1
9004
2
11
469
417
687
3346
3
2
191
229
1
11
287
8
17
17391
3
2
14
271
17496
11619
93
4859
53
213
9874
1631
16
1
221
1
646
6807
3
2
12
1
1
4389
4718
3
2653
32
385
991
37
3164
68
11
214
271
5284
14461
5
2117
1
1761
17
15887
3
11
19256
30
887
1
3
56
438
8
44
441
28
96
5684
2
1092
247
3788
69
2599
8
1438
10474
706
173
8
5
65
5
17
190
85
273
2424
7
151
508
4
21
346
1590
319
6
232
3
3
72
3
6
2
29
5667
2
437
1
3513
9
9
1137
182
6
2009
426
6
1
9157
636
342
155
4
888
1
2
13
3
12
10
228
2
77
1850
1
2242
943
65
627
3
787
35
1292
179
316
1
3274
3573
2
119
105
263
29
6471
5208
1026
383
9
15462
4
2866
18086
761
66
335
4898
18371
13
903
84
5
42
17
1171
40
5929
17740
2
13566
7
13
252
235
1
27
3
6677
8
160
1183
14
1
499
34
4
51
311
503
140
1560
6
6
4
8933
1
2
4
140
281
572
127
4
43
2
13379
2
3
1558
1660
22
24
4124
5
18427
5
27
10343
5
195
3239
21270
446
70
2862
60
578
40
13163
161
388
4
16
1050
13632
16956
18228
488
2
2
1482
4354
14253
1908
71
4
452
19773
1
11514
3
12445
694
474
423
99
277
1147
97
11563
2
193
5
62
37
188
2
168
7
2
113
3
3
3
1
40
3918
25
5130
3
70
18195
209
3444
58
28
4
3
7066
16
107
5582
14
218
1155
175
12
5
45
681
2389
2
10
20
3876
1503
538
32
40
594
175
2
80
2957
13
2
2400
4
156
57
17
11342
16
3
10685
946
25
21
20
44
44
9437
130
588
6381
11910
12566
8176
29
4
15
3258
1566
5377
10072
41
1108
354
143
4
31
490
46
127
5819
2413
1209
2749
79
636
51
3103
59
450
99
223
436
4137
141
2
852
414
1169
20244
17623
8
3
27
178
179
73
29
98
151
12612
12543
2383
8300
136
4246
2601
5
22
301
50
211
36
18
195
113
3
4
744
627
4
258
5
18
27
186
5997
5
766
3
592
33
16642
63
1349
132
4
17697
29
1409
362
1425
31
50
241
9058
129
55
1856
978
7
2
15
208
23
197
1
2050
80
2264
2481
3
4
20
6328
9
9483
10256
26
2
552
220
7384
6
5
701
1636
16
5837
3
5381
12
5599
3798
2
18
64
768
1979
1
20
4
7
7247
9
104
69
269
4735
1243
160
752
32
7
471
598
962
3
797
2477
12259
5237
889
55
8039
11
165
3
2298
59
1250
974
79
73
3409
20
11328
2
11
1953
38
2432
72
133
304
351
14305
131
17570
1469
503
170
4
39
794
8330
7591
2776
376
6885
5
2
2
5348
4368
5221
9
469
4
558
7
601
17
20415
95
1990
5158
18
772
168
27
1359
24
2
1248
21671
77
14557
2443
1124
688
1390
8446
282
649
1783
41
40
3
12186
9184
30
441
20738
64
6
229
2014
8034
23
5
3171
2920
20465
6923
1
33
8087
234
219
278
334
15697
75
667
1668
17
21973
1128
2
28
7933
2410
2
8068
3031
3
2
82
3
5044
2143
87
34
10355
3
208
1146
2
7923
11
176
1670
172
6012
5
68
3
3603
114
37
2
116
639
19466
12003
2142
52
34
122
9085
8280
1
258
3
167
1600
6416
2221
2744
9
21
2
50
3
18956
77
11
126
166
264
11
158
2808
2
490
2141
42
20
1
86
6593
901
366
879
3
49
85
59
42
289
34
2
7656
1201
9
58
1653
3245
4
27
76
769
780
20
26
1790
2090
221
1
165
524
133
92
1
24
2
3612
43
21
1
8832
4
4
11661
3243
1089
622
333
67
1
13428
99
33
8
12326
256
2615
5
2
217
373
154
2
9
6405
296
2329
97
8
4614
40
3094
3083
3971
82
7
4167
356
575
2
7772
894
516
81
10
5
6
2563
515
398
9
32
4
78
8549
157
4182
34
103
8451
1017
616
631
4901
13772
1536
1
2682
371
7
12
17
685
3
792
1703
31
393
13517
12
394
466
912
1876
1007
27
81
17328
102
9
277
994
10576
556
1
22
30
1
102
53
295
191
292
11
28
2721
920
3302
83
2
10717
884
14
28
858
10544
3122
4
2
31
1429
19
4
109
370
19
9196
66
3
333
371
1
7221
9691
3923
12
592
10
3945
2
3685
1505
94
898
9
4
376
3
14
3399
130
49
16
4038
4778
2
18140
13
2937
13347
2871
21
49
3004
191
3038
7079
1844
147
180
102
9307
2
278
10
6129
8
675
11267
46
67
37
1721
1223
3533
83
1118
494
9987
499
1
284
309
1
35
70
50
1135
2
45
1325
65
4
17
15
43
5482
96
1465
32
3832
219
197
118
2
4515
1929
4537
7464
1
2063
13
502
558
72
1152
3364
550
10481
5972
71
1106
9
21
14
2083
3247
310
15
24
3
17
45
18
371
6366
3732
325
9517
12
383
8742
846
3192
358
13
2326
551
100
1
1141
3471
2168
2
4
1378
7546
3
99
2
5
12
19
52
827
1498
533
97
11199
412
1728
18
2
53
10418
670
796
1746
1486
16632
146
3522
6
323
29
3403
513
520
24
27
9
13
77
20171
19
57
544
4
57
1562
2
2170
4223
586
1
280
122
20037
3442
2
4
91
669
65
2757
1058
7637
1764
22
49
543
6601
1383
13
534
100
3
9229
797
244
3
15
13922
11
164
875
3
3
7
159
204
7304
3
87
104
19607
99
2
10
246
665
6
39
9
3461
5
774
42
19152
3
2194
13905
5093
19129
42
2402
4352
2
5812
150
3
2690
2199
13060
9
19
2126
557
2
471
5
1
1
7610
302
10005
359
24
243
2
64
59
9732
61
139
13
7
537
44
13
486
4031
11982
1082
99
35
3952
11315
2
891
135
975
171
20354
2
5
6
10841
109
1317
623
3956
669
3217
36
4100
68
52
150
7
2876
269
25
2
160
6
15130
13830
2
467
2
31
4
110
46
2
66
4
26
13998
10312
2
7
464
3
734
22
117
741
781
15
8320
8
1437
264
16884
5
9
2708
340
6218
1235
545
19326
2565
2
3088
270
3292
137
2
32
12
11731
32
2093
2626
3848
2700
7519
3575
8
898
109
3407
4804
83
5
7624
1
8467
121
21
15
3
304
27
763
9
418
85
9826
1971
3707
4
20
4
3
54
239
4892
374
3
4
11528
22
317
16
21528
2857
179
514
15286
174
29
4041
6324
173
2950
52
1
53
1904
12826
706
7287
57
64
5
44
1
4336
295
60
89
20638
1
10
205
49
1911
6474
14985
1
80
2
1666
1
49
13476
386
7
143
6
494
5883
366
7036
2
1166
4520
8600
1978
8637
400
4
12
388
31
186
12237
6
2478
15537
46
1
836
21
10589
3
4
6008
6313
286
1936
3
2
13291
1088
573
2
211
192
19198
132
122
17443
80
748
1662
177
192
216
391
9135
73
384
37
13533
3
2
376
626
42
227
4046
2
353
180
8705
240
21960
28
1604
18
2
5
174
17729
3
5
1364
3
323
22
84
41
28
244
543
56
2
20876
1342
2
106
449
9397
3
436
1024
35
725
24
4
5171
1
15012
7895
2881
1926
9
13
12
712
13
22
8684
99
46
170
1
4
709
1
18583
50
475
2
14
7
8
4063
3862
34
6701
11072
8275
1038
1
6
789
4122
1
3647
1
4292
3
1421
4
198
122
54
4784
94
965
59
393
58
9511
14496
264
40
22
8
9529
6
30
20
783
43
367
21881
13147
158
825
879
2
159
10
47
1452
547
16
2
5
114
2
16138
31
29
3
5
24
64
2
3
3
365
1364
18
2
431
20049
26
10102
1191
11924
2
133
2
83
15369
9
1393
40
126
78
6
1
12
19845
20
49
20888
2637
10281
15
3
496
4
1340
236
100
7
310
30
8
7
7744
399
10
398
463
10
453
9
25
22
1
3
1
3210
2737
603
1
254
227
644
12
8
2415
48
2
331
438
347
215
48
59
6
1246
7199
2966
51
18
42
8
176
5809
4471
75
33
676
932
409
1
13838
1937
2
16
31
600
3
6
1
86
281
14
8858
13
4
2197
2
34
1082
596
31
6918
1770
42
8939
911
48
1688
2
1141
2692
1447
1073
44
6286
63
1150
6
19
46
6
821
282
14100
518
521
2
186
5
4570
68
1290
15
11099
609
362
2
70
75
19
64
408
139
3
1230
67
14
25
3747
31
11
150
114
15
21
1079
20713
2
19
1980
55
13331
927
67
9
518
31
21
1
341
48
4542
79
6685
39
5
1706
50
14
70
2422
23
3782
435
4625
1066
2
960
27
111
654
195
3480
70
535
17
1
4
584
5152
38
695
5
11
1682
26
1
1115
350
79
16334
17028
9031
4886
18
12
5426
2021
675
10
47
989
5492
44
6
1180
45
2
200
1
2
56
1459
24
9
17
18
19821
154
3660
4
5
267
133
458
507
10
52
713
9
4
4
20
2
1
28
6
12423
100
7
48
39
4320
13484
7
11038
9
11
1
45
55
12
23
92
34
1182
3
6
26
219
1817
15
21218
630
3
56
5407
4592
174
11
26
8
8533
5452
6
2276
120
16060
1249
19
9
398
1
6
1176
2772
82
7317
16031
3
89
7
1829
4
5
1
152
10
6
1839
24
86
8
2
14374
3959
21002
4248
8
17454
4810
8
1
1577
2384
2419
9638
3763
20
130
33
1901
6
482
226
1894
883
20
8
2227
48
918
3185
4741
1075
305
245
293
54
7
38
211
4656
4
1
2
90
136
12521
3
1
81
1108
7
13
823
3421
164
2
265
142
64
2
2346
223
4
202
1233
28
2
69
10096
13411
303
703
2184
641
632
421
68
64
2
131
17
2
713
35
2796
1733
315
17
54
11045
6
151
30
17234
3
2205
2287
20
9
8
844
1025
12149
19059
84
258
1
3049
189
5847
3638
4
263
1296
13211
53
3
26
4097
3554
970
6745
294
46
115
8987
6
628
7541
17880
4924
4
63
13582
5
3
16
2
1
8
146
339
1126
429
12069
33
16
28
6
17
1611
1500
34
9
4678
4
187
3
3
7665
1384
427
276
1
47
2
413
233
4
1477
14185
2667
7
19
23
979
191
2
8679
270
102
3947
42
195
8784
3306
10
374
5
1059
1388
146
1495
175
4633
46
950
4029
1299
7
220
3312
8
1886
19
938
4531
3770
11418
36
3530
620
2613
183
19
4586
1093
2
10
17
78
61
8789
2
9
2203
4650
9
433
4207
2
80
10
1466
541
242
1
4692
10
2202
12
73
1
931
61
3152
1023
523
11172
481
2174
13452
96
26
448
6
5265
953
2
113
20
835
36
3597
11753
95
12
198
2
103
2
2
8
2
215
12378
35
10
55
30
190
1689
14823
11
785
4
11
32
2566
33
446
324
4490
82
1654
54
4
1369
209
656
53
11
66
995
24
3558
10704
9
659
75
3469
1883
1420
6
903
8658
4
3
7
16304
871
365
1588
24
4284
33
1404
23
9540
7062
3888
5
37
143
15
13
1479
355
698
2
3
2309
16109
44
5
12718
96
114
2531
1464
198
17549
1699
14540
199
60
1309
6964
861
11
343
11247
17
5
62
72
569
312
17
7
13
4017
58
59
11
2007
5
77
166
26
7852
229
57
142
1326
2304
676
5861
21736
62
10750
3
2605
11294
9069
871
3
1
583
2364
8842
5
93
188
447
1896
14
1
8
62
9
2
4
41
762
7406
775
2219
424
912
4729
130
6
15
418
576
2593
6
48
7
7596
45
1649
16
106
2
1
16682
14
11
350
10054
71
1842
12757
506
4
49
114
3
1
1
758
25
529
1502
199
488
4009
9
1
217
1474
66
17559
665
2
4987
1
6
1277
4
172
56
52
2
20
12193
286
6673
8010
74
2462
1333
163
3
434
1
28
5
1218
19
919
6
17
6
5602
3401
16987
115
10
1934
310
127
136
161
5218
6
50
148
1909
226
3
5555
15434
4
2431
7
272
39
9
105
3
1122
1
54
3342
4738
3
15
9808
1
2
107
10
316
70
2
103
1418
1884
1207
2
106
21
3
14967
1
39
1
79
2
22
2057
641
1334
47
10219
2
703
19
17
52
929
131
2751
1781
110
25
9575
537
11
91
47
7
2
679
1
9173
1
13
3286
12
42
6443
10
26
228
1
5
2
353
146
2934
1
2
26
10512
21947
29
3
216
31
83
2416
16
2
6436
4
9
397
14994
5433
13558
10
5
4
3698
3133
593
41
2
9
20
19
4
7976
498
1
981
13013
21167
1031
1
102
2
2
194
152
1
36
136
37
13
2842
3278
12356
6
2
127
1346
837
21
1
2609
47
11
322
806
4218
11852
407
4
2354
913
201
956
1
82
384
348
129
3940
6211
10
1574
143
6263
26
2580
193
2
2571
7
19431
116
4
6
2238
1044
16482
16294
209
5
10
8
30
5351
2
340
112
10
20
5429
139
8
12
177
21841
9720
10
598
223
184
60
372
73
1519
1994
1186
952
70
2153
1
110
83
2
662
18162
1351
2523
12
3
11
4499
7
17602
1
73
25
18097
3
11689
2574
2
988
4933
13623
4606
23
1343
3
44
194
2241
6309
1157
68
22
5374
1
1
32
16
7
1893
7791
1912
3
17
14
103
826
4904
11
769
754
1
1
3
10
22
13307
59
3
493
914
651
1
900
15
7
2680
463
4331
12
1582
2012
719
36
3823
71
1043
387
17255
23
686
867
4004
1824
1
99
4
88
21
24
1
8
8
2207
21593
1
21308
76
4
80
3
87
1
53
3516
416
16080
338
6
17
71
3284
3
51
3196
3
30
19941
3430
12
46
46
13947
2
203
15249
1
1561
2
15849
95
13203
4210
2086
6
721
272
1
152
1507
2006
10
13219
7
78
14023
2
4347
1614
383
5
16
25
10115
3
6
177
21
14716
9179
29
1
4105
66
3995
60
51
5
319
2
9656
219
83
5
20
7045
3663
5118
1583
3
1
14
2
313
185
107
692
9
395
94
357
44
16
2
1
8146
8083
3729
2449
159
556
69
11
4
10
1
6973
7
7
400
2
17708
631
4942
5
183
9
83
155
12208
23
2632
1501
835
1186
4726
50
67
9
11
76
2
11226
1399
7862
175
59
1
499
89
5
8
361
25
7
116
5
322
2333
467
150
165
159
2265
4426
1677
482
26
22
20
16
47
12453
207
190
6347
12
5958
25
32
1
15
282
2
193
17110
4
638
318
2
118
12200
6229
72
93
12627
32
7900
51
282
2
240
2372
464
1
3
1672
97
15
14
202
5904
2781
7040
560
7
316
828
22000
869
5572
90
1
2031
4906
1
49
106
1
495
5233
184
248
938
76
1625
270
5462
10
2
825
5
311
549
3249
505
12
3
955
158
235
10
971
103
1174
2
8073
954
256
524
105
12974
17182
46
20
3814
6103
21619
156
14
92
32
379
9262
4
18774
94
18968
32
10066
14348
13755
31
173
5
40
38
18
1923
363
2
645
9
2472
3200
260
1796
3
1607
5736
810
279
756
470
5
5
13267
5585
810
7509
16783
23
1
5
5
6
6
342
12
2
1565
3
158
4
56
180
132
16
11363
4024
2
345
5
3194
314
540
22
592
457
369
9
2345
400
219
91
18
1756
8
61
15
5
2693
2964
1457
9
990
147
3578
27
20
9403
1
12
11521
2
313
223
17079
20219
3
7
54
12230
24
3
8574
21142
3411
4
148
129
1
24
7660
1
10608
9
29
12
5011
100
3
6569
73
6729
1293
53
170
40
1
772
2
5
2165
21244
20700
2
45
610
3
666
4
139
3
4
3332
3
736
187
14690
58
172
408
37
6553
20062
317
14
3
22
4033
10
68
370
3
1353
1
16
298
1103
9
17858
5
327
1008
18
1327
239
2110
18
17
18922
1832
248
308
2
110
680
5
530
28
18
8
3035
229
113
8
14
531
522
11
142
51
51
21
4007
134
404
56
12772
75
2
15
9257
7278
604
49
180
3016
5
259
2316
4274
55
1133
837
81
15687
5
20391
8
1413
2
3777
4
6762
84
6709
3
2696
12581
344
13
947
2296
11
1
4144
208
19
14725
2
19419
529
1496
486
96
33
18808
2
65
12
58
12803
5994
856
24
10
3
10274
3
17276
2
64
6055
5081
18075
1447
45
148
9118
376
5
7
6428
1021
6
2492
5066
5
120
1
73
1006
27
462
1
829
4772
2451
7
108
4
220
2020
23
732
17
147
119
50
4
2
1023
320
5
2577
139
57
8736
604
363
58
11480
2
2
30
21
3173
272
754
14
11
19
38
6721
1
242
5268
91
515
46
4
37
13420
26
8
1995
6048
19175
2
2
1079
41
7032
3097
10374
12
13
704
40
80
2237
18053
102
133
35
2289
94
929
5
97
3779
618
8186
7573
218
2
7847
21
65
10
727
16492
9785
7753
15574
17
15
578
6
20183
254
19
2
2
221
1441
3
3
1440
2352
6420
140
7256
11
528
1879
9047
4839
7
841
13363
12
5
2
168
225
4993
969
15471
16672
665
10621
8395
5
5
71
2
237
954
304
626
2
44
19
8225
170
607
561
175
4
461
149
7
19
92
57
17
111
86
1
261
959
806
339
10
1358
6621
780
707
197
5243
12734
8
9
699
173
1382
9534
277
45
8
1635
5485
458
580
9885
1
6856
3
4653
272
1
2
8
700
10024
702
5
705
1172
80
273
1430
18042
642
136
3
21053
37
2
1
23
14108
4142
75
338
65
91
36
18471
1
2522
379
368
9999
527
104
60
1
2
3482
1405
1455
7
114
32
11
2627
43
989
909
7
15
5760
19929
11500
7
5124
12252
546
1
469
1
1363
3
5
22
4895
3376
2347
342
1
1707
42
5
1287
34
2
521
13697
60
7
1
39
5
15
314
13
283
49
2
9957
146
125
26
90
13116
36
5
175
35
400
101
1050
560
9
8955
19025
27
25
16423
27
4744
6301
202
1537
171
85
419
4
69
4
1
133
4
135
3
82
4282
16
589
15295
1031
7819
2399
25
3
10
24
1308
110
2
1
1
1354
20
1263
2821
7795
23
112
1905
23
1648
20
15
1053
5976
16
4
5345
1240
33
10828
19631
10412
297
1132
2
1069
26
32
115
120
50
2739
10
18
8
2
633
443
427
16354
3
26
1092
72
19
7
477
4
52
8
100
12
33
4
16
2425
19
2
7
12
100
184
133
18945
397
21015
1777
10551
421
476
6
508
8502
23
1700
19442
4836
10906
19
7469
1003
411
26
19666
4
16
11
5078
23
3
5355
89
8
109
266
39
5
957
3
14142
12061
12506
1
3202
2540
18831
1403
32
79
15084
2135
16
325
52
976
29
98
155
2
1463
2
842
79
1
4
570
145
11
104
2952
1
16
190
28
2560
809
62
9
69
20256
2
2
257
3
21921
3
1875
2
444
741
381
2115
2245
3
12958
9506
131
519
1
65
605
5911
136
33
1521
19893
77
3
11
402
168
76
286
80
5
264
1318
1
3
14400
10324
292
1932
112
270
459
1261
1039
1139
3
725
13021
4
274
46
145
1045
16
61
6
5
163
5313
7838
49
12
15
128
7
92
8
134
5616
298
14340
93
5961
349
1
3231
1550
1216
14505
2209
2
115
193
28
108
556
14913
16844
9409
21027
151
1
6
50
1444
2045
1481
11874
89
8411
2629
1027
4512
580
1088
21
22
3018
724
5
21321
3288
2
389
12650
79
27
695
1062
7326
12
48
232
56
6541
7204
40
673
1
2993
1288
100
82
19809
18
6914
79
15
74
2
457
136
51
506
961
29
9380
4
2559
3716
2163
568
34
16119
5143
13275
284
95
2
559
4795
4
1097
430
2
619
101
2435
3260
2370
8
4
6
43
9592
154
403
8
2047
5023
2
603
8710
12164
624
1087
7182
8805
19
6
186
1138
2
2
5
52
11
1
189
402
2
3
18911
20
5
11
5
9632
2450
5
1428
3326
259
3356
8
319
21
2
4
10
22
224
65
2556
7805
13
14
417
743
2
19536
982
3853
11335
47
1
15
6034
38
1181
8181
2215
1628
7473
9
239
9
185
2061
4
28
7
4
2
1
17
66
3
7
1
6
4
1399
5
10
1815
18662
3046
257
58
20268
6
18482
21
795
1055
60
144
10979
5
2294
6852
343
2
433
1
165
50
13
3
1199
2906
3276
3
20613
7749
613
8049
908
123
2
321
62
2
6
407
338
833
76
3871
2
3
246
137
110
47
62
312
2
5075
6181
28
1411
90
349
2
20
321
9
2454
2
546
1467
14091
15
4631
9
28
19
489
1494
2
288
47
92
8998
2107
2789
17944
428
1037
15093
5
7
8345
2
8
12
16
12112
4
4
317
1743
19761
3
287
45
81
90
4060
12
208
757
700
10
9296
2
1
40
510
2
2119
2305
71
255
130
1525
16
2666
2
31
3
158
25
58
2
31
3
3606
128
17244
3020
15
1
247
31
137
570
3
1881
8853
65
198
129
37
2634
304
128
237
5830
1675
17317
17
10646
1428
176
895
1811
171
2
3304
1075
39
492
4
434
8005
3324
14
28
362
599
6490
226
5
4
9
30
532
288
1
459
9042
29
6994
1271
2672
1673
13037
160
1
18
9
7966
15640
109
429
2160
2
5032
682
919
7478
2
224
1834
15621
9
3
10557
23
20
9
5
659
2907
19
8492
12018
7
338
210
100
13092
506
42
10
2
2
2516
377
519
318
435
9
11
4
13
10
89
88
1
9
50
9
5
8
18729
2
585
5
2943
6
838
29
1443
2874
7
15
16542
3
3881
103
7
5606
28
10
505
557
13
48
13
7265
336
9443
19
2
101
69
361
1726
465
2505
3
2177
2
113
148
1151
3
6506
2103
985
49
686
8
3237
2
10250
3494
1
7
435
2
1
92
19
674
1
40
2058
2067
10
22
2650
6
9796
19221
2582
1
19690
950
5
20
387
353
15
9909
18
15121
165
182
7
32
118
98
1
360
19
12
111
404
3569
2
1
7
4
8
20
82
1
750
99
1
6
48
7
1271
2
4
17
9975
1
959
5
18
5823
1
973
2271
7169
7
76
2
5275
11612
4639
328
2
503
2
2
5
183
5
8564
357
22
390
1
342
2
5626
13939
226
1581
12
610
6432
6162
12
2
9140
4
12
169
1555
128
43
2
830
79
11895
52
4
3
11
347
3
13299
2647
4
608
1
5525
1939
4712
3109
750
234
369
60
6
2
2
1
890
1799
10711
22
14877
18
5653
238
59
381
764
2
19
6
440
11025
67
78
4
202
13444
17
3641
118
2
55
4854
5
5
3793
5
5420
518
6
10
8
284
3
1852
3
135
182
10443
1
2
7143
1
249
189
3
1
1
2
18
32
12
14949
975
16
224
1523
2248
46
12
29
251
8
152
8
2683
793
1446
12688
6
168
16442
7995
1220
2
242
7
7674
1869
33
3
19
193
28
2537
9
28
10582
13541
953
3465
132
2
96
6
1693
257
16158
563
22
512
2602
7
3075
42
17
70
37
8585
3691
8
8
2
506
131
39
80
4087
13681
12401
2
2
41
946
1
66
3
1030
9
199
857
1143
138
4960
2
5
1
4215
6335
63
17
1960
6237
5
1213
1
62
2178
4
2
23
9318
19
9702
2340
1244
5
450
255
1129
13
805
326
577
9500
11535
62
2
731
8171
178
12
1
96
1681
11
83
14
21450
5
6
7
1
1335
87
12982
51
3
61
1
4318
13155
19643
93
286
1899
1252
121
1
17783
19233
1000
67
16
1255
3264
24
19
9
452
33
845
13501
25
12
4
39
61
27
378
1619
146
473
1917
2097
38
5121
16
44
45
17
349
7
23
2656
5777
4
467
222
823
33
1107
20
213
1897
47
118
267
60
1238
3
85
49
3547
13664
2222
1
3
316
30
402
254
5
26
853
2
1610
16
2321
192
2659
8
3
13
4341
1816
41
207
1998
2
155
13
439
1
2
11
493
30
106
3
18460
2
3
148
335
11112
4082
4848
2
124
149
949
43
10
9
39
2
14
11
4
11
482
7
375
653
7971
15
1827
204
134
30
2
1254
5
2
1499
6
53
16245
11
466
2590
140
8
2
11119
3212
8
5332
8
5687
862
3718
1
2
16
70
25
476
5297
13615
1063
11
1
201
2
73
380
268
30
21
17
17633
1215
18
8821
1504
12
13
2
2
104
127
95
4948
143
1427
36
2959
37
99
5
10
4
6
2517
5
2728
14
5
36
85
172
1
6713
3415
280
79
5711
1234
25
18
2525
283
1148
2
12788
115
244
99
1
3807
45
10815
6561
254
5663
4297
445
7
20914
6
4681
9
5
133
231
289
107
394
14841
3179
84
4
1
88
10666
4323
3949
35
125
31
5
3
13171
14125
2480
597
23
9
2
5149
7601
10
4
143
855
7335
1593
2
1279
26
178
144
104
11946
197
4
80
1
41
