21577
9375
894
5263
21137
1386
470
1527
17
2
17
334
2981
190
159
123
489
3874
9
16
3863
11
47
2
77
1138
82
384
112
237
10927
3266
12366
2
14931
27
168
26
792
24
12149
6
271
5921
1
202
98
137
1894
33
2
2769
60
305
9103
44
4
217
3
2201
28
3
458
7
1
7
1203
21
4720
99
3
843
6821
20584
13
2861
2
9
7
2955
68
3
21
180
107
6
4085
14713
114
6
4
5
2
15
22
3
604
6623
17
19521
60
10
7451
23
117
441
153
48
4
3209
2
5615
1303
203
10991
2
2440
18
10
5
1011
816
39
6336
356
5
2
3784
68
666
3
4
11866
1654
187
469
6
12
18242
4122
96
113
43
3
3181
6
419
11
2
3967
19406
1
926
1
650
2
716
15197
7949
16
6262
20
34
1
105
870
9
2
235
2
2
189
564
873
256
12
94
2
7
2596
129
5420
1079
201
845
6
25
11
2039
39
28
18135
20523
883
7
73
538
3
6
13
4
2
8787
9
6468
38
179
9827
3718
65
4748
502
16
146
1620
2
1
2729
19694
47
10271
27
16
602
70
31
3
45
3
16
29
17454
1
103
8
3
79
136
646
33
714
6760
3
29
341
10424
42
269
228
511
9
9
25
5389
5
2
2
559
6
12113
116
902
389
5
682
15698
259
6244
6507
19
38
20
13039
10
886
8
1
19986
21514
4245
512
3
60
239
7606
4
1
7517
66
11454
26
1635
4
585
51
5
629
799
32
1
6701
207
131
5
4991
9
66
71
2
3
1134
2
16897
2
1291
19752
141
41
3171
2
278
503
196
195
11971
77
131
3
7651
337
940
13
778
297
500
2106
23
189
4
4
2418
1729
1026
13709
437
13468
9320
10641
751
2
11
1210
6
706
9
20463
2
21
17199
30
23
451
4678
4
109
19010
27
1299
44
186
185
16601
818
1698
7
49
7
3
7
686
27
2588
4
110
2603
3807
4146
229
985
21075
12
8067
61
446
29
36
1402
17
1739
10
6841
9
245
72
2227
61
553
2
5
128
18843
169
1254
214
1207
20
13
4
175
2
1141
5732
12
3
4295
1866
1
9542
1
20
2
563
3773
1
6
5
14
4
20
27
32
2
37
804
6299
49
2
20766
454
76
1307
73
324
19
4437
1
37
662
1
32
41
494
5649
273
10799
27
2
5405
1505
573
24
103
56
14370
11796
493
2294
2
430
3247
2483
165
1
2
6
6
50
5665
27
31
16
1457
4
1587
1
2
199
1158
1
7
1
18082
38
148
6
4904
527
21641
1
197
56
21
1823
4861
11658
2
17870
49
188
2721
62
5
38
266
5
30
7
20951
2
7
1045
49
32
247
5
66
6
1
7
269
77
3944
311
26
391
34
1625
5800
100
2
139
2
33
5
55
4
991
27
212
2280
915
108
1
17765
16650
7
881
767
7719
1
457
2
1718
3043
14756
7903
3
11
2
1089
1250
71
40
1
21
301
17923
7
5
12293
8457
4
25
1111
88
122
484
66
16
100
76
1
152
36
1
35
5
505
2745
30
48
1664
3829
223
22
3990
2247
303
1239
16310
1200
1582
5
10578
12
1770
13
2051
22
7234
12
6963
52
24
170
18028
89
11187
134
1288
6225
349
14202
3
59
54
3
2253
3979
6027
4
86
2535
32
9
2
20828
2131
1749
152
5
855
3
1
407
2
17351
937
3
11
13
12185
79
10863
16025
13
4790
361
1713
12773
64
22
2
1
18
44
2348
15
1817
1759
81
320
1020
506
517
11556
537
3
369
21
5
221
42
141
5
1
8917
491
1
417
20644
5501
790
5852
2
17
10485
14
1179
1032
220
692
12
1
19
3
3
2
15931
13
8
3
8996
1933
15
111
18
4
1928
420
300
58
41
408
10959
294
1
39
34
6
19
5
3424
24
63
2513
439
171
7087
176
10241
1370
9915
106
74
1
1035
7833
307
40
2990
120
1
1801
7
247
5
118
2
556
4
4
13790
1
12
20
2156
1161
17817
150
1872
7
190
251
10
7066
12
1105
13
16
948
1615
132
3
4556
43
2
122
18513
7342
811
10
12848
4411
583
10
2
4
5
10151
20104
2
12078
53
1775
9599
14583
2
5326
1023
566
13953
101
1
111
2
17713
481
84
3414
29
10363
309
3474
1630
13
3218
830
1844
3610
211
4818
1362
84
15
1342
31
26
5
3
18350
33
1
979
15790
5956
201
1115
13
266
5095
3
21704
3751
55
891
7
103
33
248
1523
540
509
340
8
10
1330
16947
129
47
27
923
2
2
54
11
379
2214
1411
5436
82
7473
37
298
12
13871
23
1193
14
1592
6662
4762
40
5
22
15
393
427
38
72
3295
60
3052
8407
10735
1956
4220
1101
2
3840
151
4
5699
1124
2
387
15153
1734
22
433
2009
41
11
262
17
18
23
335
104
16749
120
9770
198
7108
3374
15
2903
6171
2
3
1
988
2835
343
9885
232
660
315
1
9
6741
12661
1168
19122
14975
3134
13668
22
309
2307
593
1492
144
19235
192
8507
2929
20164
27
7
1261
73
1453
19
10
731
227
2
4
3
1196
4372
2
5
93
282
1
1
26
5
2175
26
2
2844
4195
2
123
2
90
3
206
1945
11
54
5
725
1182
3
3
4977
12
46
23
2143
1444
140
2705
1537
164
12
2426
112
7
2
75
281
68
2362
59
176
2118
4776
1
2
8211
21
13116
14540
26
729
8658
4
3
2383
9
1148
622
155
6545
5
3070
3
55
1394
24
592
21
2093
438
865
806
385
17557
400
7385
3
403
280
11693
3
12257
1048
1070
111
18954
5991
5869
20
6
8
107
1
31
3
1564
383
70
1807
5
696
30
2
13
5279
61
162
931
1382
56
595
14
3664
5
78
58
5065
14
2
2619
19
2
2543
93
2447
8
71
9
496
325
81
6355
1
114
459
8761
58
1155
473
8020
719
39
11
24
109
13548
11
346
2498
17
4
106
127
45
83
2
694
483
56
436
1042
205
96
1014
10
1295
84
100
907
169
34
51
149
160
2
3
2
352
2
6861
3
5
648
96
30
1
5
17661
3
18
57
401
973
81
838
12
5749
16
68
26
18
12
141
91
5
33
58
1144
166
771
1326
362
31
402
1550
2433
3642
231
13
11
398
2
366
16215
5
2169
3
41
8
2
17505
150
5
173
11
2886
181
474
1314
3228
44
15423
10
15
721
183
283
3
1085
104
6
1855
1649
6
4
3016
7129
708
83
5
23
88
24
3
86
165
1338
154
2827
2
240
19179
1724
250
3557
4890
10211
7171
4
2
5021
161
36
899
1236
103
14412
797
1791
586
2137
80
13
13001
4610
8
4
10091
336
89
60
1
213
377
104
3
92
65
51
15064
163
611
4
15606
11727
381
5599
11
1398
6
107
1
12
2642
1311
6
3
910
3
193
5974
188
4569
23
17
472
5
1
1
21897
744
19
3
3
286
136
287
11936
363
18
182
5
860
110
46
1063
635
3
32
4692
6
2737
1
4
5
44
8235
57
615
6
392
16262
8
626
267
191
22
2
2
9
1423
5110
231
569
18
5310
290
432
5036
4
49
3
3568
19
15
1269
255
13
10003
1939
4002
43
44
57
9
9458
712
1228
4321
4516
3485
486
1
896
8482
323
18188
1
32
643
3
1839
24
285
6
13
3886
11
2491
15
997
9
37
1
4038
39
374
172
5186
1
1054
331
156
101
13628
11
23
785
11522
76
4
67
102
1265
2650
44
35
953
3
4
3285
6983
10
115
263
1496
33
15
117
2369
762
41
1108
2
704
3116
1985
61
1979
223
296
1644
8607
3
88
8813
1
4
5
2003
20
2063
3
405
15242
1186
46
2300
462
918
48
24
2894
3305
9856
244
216
9
1
2
17047
1461
8891
3237
29
2027
5
5904
19066
3
3
1
6374
9265
8333
6564
15
128
14
7
1796
5
19
1131
208
18
18404
609
80
43
10
49
2
9627
130
14
14626
5453
10
4
4
1002
45
13194
123
1834
6
17
3
108
10547
8
53
79
2
631
15287
19
358
12924
5583
35
4962
4359
5357
2
1
1
2462
124
442
3
16
8358
8
178
3403
1
19
1
234
86
13
16
3034
11
2045
774
4832
55
15514
11220
45
113
14
828
11
28
168
14118
265
4346
2
167
75
288
4
4
15
4
7996
17975
43
135
33
1066
3631
8260
1899
618
105
3
100
6189
326
12
415
12
30
67
36
87
12
17
1510
1
6449
53
2220
3
1
11387
19
15108
3
628
14
35
1
142
4
7
8
293
1754
11
82
2112
20
17148
67
11
8839
1354
245
1
215
15744
24
26
30
6
6
85
50
47
1569
994
18
14
4
1
11
2207
2
904
102
7256
10
39
3
61
1
98
453
6
107
2188
17
354
25
11
2673
2
6
122
670
599
3
2778
2
3
4933
1008
5
344
9184
14843
4
1
15
35
1334
7
48
1470
8139
126
4489
5171
45
261
6
149
5
2852
156
25
10
4
3955
20
606
154
10
962
177
568
31
4
28
11089
656
1
126
7696
17300
588
5485
455
50
8382
15
2057
2753
270
1121
158
67
1432
19
146
15
70
700
2
214
4170
99
3061
10767
1744
143
200
20
749
46
26
3314
674
3818
2
9
7539
1
524
42
135
1276
4664
1
89
13508
259
57
6681
277
4
5566
888
1911
9
5141
11831
6942
20
7
105
75
920
4
1555
2657
3578
15837
9
5
125
371
319
258
7
8557
2963
236
4529
15
1
11624
184
450
11320
29
30
534
332
1318
3526
85
4
1051
521
637
2761
11253
108
597
561
1258
45
2
367
411
4
53
13994
6
322
98
6
4623
5632
1559
3653
7429
224
25
3364
13588
184
3
6584
5716
2
852
5080
233
9293
15377
2713
2634
9486
428
487
14
2
2
3795
160
1390
345
53
96
6
2
18
2
92
11287
50
7277
10121
126
658
64
1
461
1828
8943
8
5
2
323
274
8
3536
6603
7
8
1
3
48
1378
121
1
78
10302
254
7
13272
8187
3599
1
40
212
8
5550
19636
34
690
306
463
4208
5
3897
16
2
7741
9570
1
38
9
2
1
412
2
101
12962
4651
2397
2234
4014
91
70
9973
78
951
6
80
2
85
4
5
2087
11901
9
35
1611
25
3505
1
128
10
25
154
1
3125
161
23
434
1098
581
240
18
2786
2
1
8
999
22
36
59
2
1
2
5
7
28
41
1
3199
25
113
143
51
18567
183
542
2
5201
51
1
71
2819
2162
1
9514
7
69
14
292
55
7
42
576
443
57
3
738
1
3162
207
12402
44
15
342
53
29
3
4
22
3920
698
520
1366
257
37
6
2033
18732
24
138
760
639
333
1
6526
22
945
39
11
3464
5341
16
2
7024
4
15019
17
4
15468
6318
2
2810
702
1968
52
3
25
302
4
2550
21324
219
2328
12
17
4
21833
67
9944
477
14
823
166
32
7004
7561
13749
476
545
929
4308
94
210
424
2
820
1780
2505
114
7
289
310
1466
146
50
9
613
11
16167
2
191
18
10332
182
6045
20
8
3
787
268
370
62
7
8
7192
28
3685
20
9
95
10704
12439
1
1038
3
4
2
121
11
15884
2355
1
318
34
134
10
4918
875
5
20403
12512
14
73
7
61
15560
1659
982
91
1273
52
20343
219
6134
1
49
3621
4
32
1514
35
2
204
2920
4110
4
198
3
2912
17
11
56
4804
6
2
2
272
4583
6
1060
6
16072
1151
10
2689
262
18622
11122
3
6
162
20
7
13311
4637
175
14887
14
5373
1578
1
1225
514
8
2
5766
8
1
11488
3190
5533
2081
1
204
6393
8
9049
34
3444
8
39
5
878
3106
5
8
934
2
313
1
71
633
145
4947
1
264
10
3
148
20
77
7
74
8
164
3547
7407
4333
143
7
422
2
4
499
858
5217
2626
2314
21769
4
3454
6901
20223
2
2454
5
17609
1674
11420
6881
6721
550
83
3
224
348
5232
850
7583
1243
36
9
19869
13830
200
2
2
4
590
10
373
466
6
3079
2
734
8582
2
360
3
9
69
406
218
12
490
970
3
14
68
278
15
3
1678
1474
2
20889
59
7
32
329
668
37
275
3
2
47
6
1
19578
1358
7213
6780
3
1
33
727
368
242
14
8
17402
5
16
215
20705
2681
769
67
112
98
7764
3
20045
8
8
36
120
523
2341
2021
28
6800
1962
312
250
4
29
14
19349
480
1922
2
38
1
3
4385
226
13912
2260
8
7
429
9712
14077
4450
90
4542
18898
1
1221
1350
12
4097
63
4049
968
8
1280
29
4463
54
174
3256
330
118
10
133
3740
467
1092
5517
30
5835
445
8044
22
93
18296
2972
2999
1519
2287
9
2
29
137
13
2
1247
2
6
338
2
3
11762
8
555
16552
3
19810
2802
3344
9
4
97
9
16
1
959
1532
6281
3
9684
4
2
409
1076
6
9655
3383
742
7
1683
6207
8
5294
27
9
209
912
479
48
8970
308
46
529
508
2697
2573
378
2946
418
35
134
65
4
8
147
4
26
3097
2182
206
34
18
51
2
25
423
2267
1916
1
195
4
295
14800
15332
3
19927
1
40
276
1284
2580
21
31
1601
57
155
174
20283
13
1
4061
23
193
5682
11
179
2390
36
12811
42
209
45
9
28
22
95
217
194
1488
2
3
3
753
558
2
91
81
14
2
1951
6009
241
449
7628
12042
65
835
868
45
2015
18
13232
847
1
1
9238
3
3
4
1703
1573
82
4875
2558
93
6152
758
2476
5886
3324
654
1175
3
9157
87
256
197
11
10610
23
15
13
30
21
2
4734
26
127
2
142
6
13
1639
18
350
8
9799
94
22027
17249
63
2
526
1
1812
15
172
7
69
2
3
17
9
7787
12
2
1
118
4183
37
6116
10
97
2
11353
15978
756
5
4
1483
282
2
53
139
171
36
41
25
16
14
6098
6
13
1
26
43
7
664
399
89
21
130
4026
551
62
1991
736
16997
15
7363
10
3852
747
1073
13429
2150
679
3334
16
2334
27
3674
351
22
2
317
13350
124
12623
2
7
1
18458
6
376
10
840
138
34
21
624
10831
260
2
1128
253
3143
18787
69
8
243
14498
16504
5248
23
18
4
328
5156
1
12
12549
7
1479
153
1095
1693
186
21
2
1
12
764
314
14160
12886
304
131
3
28
9
58
10
1189
136
33
14
6
465
2
9
3932
16848
2
1905
252
1
65
3393
2
3007
79
10
11024
238
2
235
145
106
7973
620
1
7299
6642
12
3762
13
10
279
5
339
6411
863
3729
14
684
7320
8633
5939
84
8
30
3
6
225
1
13078
2520
17
316
6922
21262
7
6
21
7
39
42
1165
43
4
3516
3
10393
19463
46
3
253
150
4476
3
7150
228
2
92
2404
1
3
16
8
546
12475
3696
52
1997
380
9741
5
2
210
17
72
28
116
1546
10
2
56
676
1057
18677
6
375
3
170
2194
2794
1
50
4
1
1118
4283
1
8
38
10455
5
396
15
2469
21962
48
47
21199
6430
600
55
12221
2
801
19
833
10
1596
3589
1427
8532
46
1322
19292
4158
327
608
52
167
1
14035
226
9076
5051
22
2
7
9023
16455
644
2321
72
1708
3
194
31
58
7856
13
16407
2
31
14244
63
37
138
10
17
4398
740
1888
4
133
4134
21
284
574
580
5
5
617
185
203
3354
2376
3
51
81
115
16
5006
15
1
1
1
1688
1765
2069
4706
4
2665
25
2
119
102
3434
1
10895
222
2411
12698
3
2
4
9
28
2877
43
2
6
97
2611
4502
17
11
11
2
8
1
9347
4
5
11154
1883
54
42
42
83
4270
1850
678
90
147
7
110
2075
16699
74
30
76
3
158
8163
116
641
4257
2
4073
242
19
28
1449
7810
5
16
3707
1029
956
355
535
13155
2100
87
11
14
3909
1232
8684
515
160
3
3
125
447
783
70
63
4
11056
8865
6
9403
59
1005
3
34
518
10
8735
548
299
17
125
3
54
965
233
2
86
23
47
571
291
1
90
1440
1346
119
246
78
3
13389
12
6
4232
19
8115
19
14
52
2240
230
2273
4
1861
5
64
394
7926
6062
27
20
1
38
109
2565
4596
321
5783
8709
4424
5
2
1
672
163
710
63
3088
776
414
2
144
395
14669
1606
140
50
2
8309
808
121
353
1669
497
11590
8091
14455
9
688
1
16359
301
825
6487
5
364
4846
2
294
75
1
2
10062
1374
780
2
12735
7879
64
1
7
10
72
2937
3
2
36
3153
5125
66
74
117
413
794
12586
178
652
4
10032
3276
12007
40
1786
115
177
4
4
15652
723
80
2
151
33
35
181
531
40
1415
1974
2
17098
7045
578
21013
1541
1
1
87
2
62
1017
1218
5
2
4
14328
94
16119
133
942
2
24
221
1172
1
976
10516
7495
2
543
5
4
13
9130
3495
157
1407
2
7
21
8432
78
14286
21387
7
6
12
273
12
2
1
64
5818
173
1
24
6
249
813
425
4
13
6
288
75
4
3
18
22
9
1
1082
388
2
2124
85
99
37
95
59
25
129
9
31
386
1214
359
18
7673
10672
62
1
21450
365
1436
16798
8
24
2869
9430
2
9211
10181
159
6
40
1501
29
8
6080
74
16
8284
6
4
2528
31
3
5
5469
347
12329
132
1419
19
3
157
3025
237
8
1877
532
