24314
25327
24140
23559
23989
26258
24554
27455
24235
23609
25757
27361
24690
26219
25082
23828
25675
27922
27139
24174
23991
26793
25235
27529
24301
23807
26016
23945
25740
24204
24651
24902
24620
25344
25033
26846
27285
24213
25916
25506
25359
24614
25637
24248
23855
24280
24042
25176
27671
26283
23814
27064
24502
25502
24526
25508
27142
23763
25100
24959
27269
25803
24158
27106
26972
26232
25409
26622
24258
26827
26957
23728
25858
27021
24080
24276
25107
25440
25017
24245
24102
26672
24965
23757
27113
26904
24573
25892
24711
25092
25670
24851
24322
27404
24273
25127
25351
25107
27798
25463
27786
26176
25290
27605
25914
24411
23904
27139
25663
23562
23960
25554
24235
25969
25462
23514
24852
27313
26736
23891
26947
25454
26118
23632
25393
24905
27808
24726
26502
26161
23534
26897
25384
26486
24421
25613
26516
24737
25612
27550
27020
25099
26473
23870
25264
23571
24675
25072
24950
24601
27819
27796
25877
27375
25435
23714
27887
25045
25926
24368
27379
26688
26812
24817
26497
23441
27237
25594
24293
25501
25301
24512
23975
25184
26512
24188
26925
27464
23905
25228
27054
23569
24119
24310
24854
26065
26368
26569
27406
25616
27498
25677
27674
25806
26927
24276
27787
24666
26357
26880
27908
23877
24791
24352
23403
24796
24690
24547
25672
25881
27742
24318
27293
24874
26844
25972
23896
25614
25207
25706
23764
26279
27043
27922
24004
23709
25429
25137
26832
25194
27872
25144
26641
26365
24658
25630
27624
27711
25723
26128
27597
25378
24084
25523
27169
27344
27110
26150
24925
27289
24462
27598
26801
23797
24574
25936
24078
27740
27612
25543
26124
26896
24196
25251
26716
26986
23645
26921
25006
24626
24465
24013
27687
23510
26177
23994
25569
25506
23841
24253
25932
25001
25574
26498
25054
26875
24269
27428
26324
24990
26134
23653
25017
25821
26460
26631
26050
25318
26696
25448
24641
25937
27348
24139
24516
26359
26413
27346
24387
26980
26090
24315
25522
26703
26612
23435
27852
23555
25886
27868
23653
25428
27209
26819
24225
27082
27631
24813
26154
25546
24249
23652
26761
23635
24409
25070
27636
26791
27386
24708
24409
26594
27434
27773
23446
24194
24688
27604
25293
27135
25931
25183
26716
25849
25450
23446
27188
24384
26454
23587
24042
26346
24841
26078
26382
27593
27905
23444
27922
24035
27105
27607
27527
24514
23557
26547
27591
26833
27435
23666
23948
24408
26031
23849
23593
24011
25911
27409
23702
25235
27711
24637
24512
23530
24159
27046
27539
25945
25040
25852
27194
25735
27334
27572
23761
23806
24848
24692
23692
27478
26465
24703
27238
23716
25968
27014
27512
27867
25804
27769
25336
25231
25561
27020
24184
26063
25648
25106
26494
26026
27495
23674
26211
26241
25616
25995
25142
25540
23727
24377
24016
27465
24736
27488
25960
25298
26078
27045
26887
24989
24906
27371
24445
25095
27622
23470
27694
26208
26899
24302
25946
26252
27481
23620
24234
25683
27189
23756
25548
23421
25742
23479
23411
26040
24949
24445
24276
27417
27841
23804
24824
26753
25679
23755
25722
25727
26659
26687
27685
26397
27001
26957
25285
24011
25620
26216
27529
24040
26088
26292
24493
25205
24778
26629
24188
24951
26549
27699
24146
26888
25815
24005
25833
26475
24334
24562
26101
25451
23616
24902
26038
23674
25243
24168
26953
25499
26155
26731
27726
27128
24531
26837
27726
25798
23396
25821
25284
24094
23983
25750
27722
23761
23592
24772
24157
27513
27058
24339
25421
26008
26843
26894
25410
25013
24021
27854
23481
24100
24463
27310
23426
23629
27133
26878
24048
26529
27771
26450
26140
23453
27243
23519
23808
27842
27726
25014
26416
23793
26930
25275
26215
23963
27450
23505
26009
27011
25306
25534
23919
27280
24089
26476
24678
24426
24247
23795
24983
27537
27709
27642
27820
26083
23770
27266
24905
23926
24627
26979
27482
27260
27860
27705
24345
23589
24657
27726
27619
24453
25320
24573
27582
26399
27295
27371
24310
27259
27356
25047
26428
26303
24412
26388
26349
27715
27134
23818
27790
24537
25655
24280
23918
25919
24926
26238
25564
24337
25823
26416
26158
25863
24888
25162
25272
24585
26872
25938
26957
26805
27450
24163
25352
25182
24041
23685
24044
27242
24786
24481
26231
24836
25158
24727
24715
23851
26857
24345
26903
25143
26268
23861
23777
27824
24295
24364
26246
26022
25172
25871
23732
25437
24085
25875
24199
26496
27618
27096
27628
25821
24841
27309
24755
24748
26288
26519
25706
23748
25669
27123
25139
27604
25405
27228
27647
24601
24532
23525
23534
23616
24058
27832
24045
23643
25649
26992
24322
26899
26713
24163
23891
26317
26740
25462
26482
24593
25317
24969
23503
24929
25457
24359
25787
23674
24627
24674
25227
25171
26200
27901
23471
27551
27106
26288
27587
25754
26719
24717
27338
24259
23726
24554
27473
25946
26077
24354
25768
25859
24134
25945
27258
27312
26520
27064
24717
25236
27656
26362
27294
26534
23474
23751
27134
25554
25994
27163
23521
27904
25320
24007
25915
27147
27416
24552
27812
24194
26422
27386
27322
26383
27103
26569
23497
23819
24795
27600
25652
23711
24543
27751
25042
25966
27479
25914
24705
24338
24562
25012
23868
25338
27551
27553
25658
27589
23431
24903
24821
27366
25846
25610
25271
25389
23719
24196
25763
26298
27518
27109
25500
24327
27074
24984
24651
25940
25499
27574
26470
26239
24207
27025
27138
23601
26117
26114
26267
27004
23960
25655
25891
24650
27562
26757
27009
25321
23525
27457
23792
24051
27867
26131
24728
27410
27756
24407
26382
25927
26562
25603
27889
23578
25421
23677
27332
24280
26285
24881
26230
25207
24655
24340
23932
23458
25402
25940
26280
27657
23930
24877
26521
25541
23903
27430
24219
24216
27799
23713
24997
26430
26248
25846
25346
26823
25090
26563
26027
25766
25203
27655
23532
25699
23433
26513
26204
25978
26589
24907
26996
24648
27205
24513
27045
26511
26475
23638
26497
26948
24112
25959
26635
23485
25808
25583
26419
25920
26177
24410
23591
26222
24821
26229
26756
26053
27435
24417
26668
23914
24384
23572
27492
27054
25372
26167
27320
27896
24484
23733
27270
26202
23864
23742
25685
26651
23693
24466
26654
24037
26628
25114
26847
25835
24432
25681
27560
25960
24472
25660
26484
24267
24936
26166
23627
25623
27222
25718
27284
25126
27695
26203
24643
27397
27545
24117
27622
24794
26187
24665
26699
27536
27542
25108
25293
26979
27065
24518
23445
23649
25799
24510
25196
25927
26123
26019
27166
26762
24773
24844
27028
26605
23992
24651
26143
25636
23864
26671
27130
25146
26699
25666
26787
23716
24136
26338
27038
25516
26167
25861
26015
25413
23453
25908
23930
27740
27849
26210
24702
24845
24828
26021
24452
25135
23701
25642
24155
23910
25556
23640
27869
24881
26012
24420
27836
26496
24546
26247
25248
23689
27093
27543
27798
23598
27374
24239
27013
24591
25252
27178
27489
27042
27475
23935
26913
25902
24055
25995
25479
26222
24141
24976
24780
26723
27482
23607
25086
27415
27389
24401
24446
23959
25867
26216
25235
27244
25249
27619
26691
23465
23525
23947
25021
23711
27595
23441
25339
25939
24786
25054
23908
26195
24248
25338
23521
26157
27495
24938
23956
23573
26082
23599
26977
26225
25594
24808
24814
23790
24844
24526
27295
25264
23642
24744
23469
23657
25894
25553
25739
24810
27351
27070
23845
23405
27541
26727
26092
24178
27461
26850
27396
24413
24013
25780
23536
26026
24373
26052
27733
26198
23728
25402
24105
23996
25662
26575
24011
25697
27147
23854
27131
26724
26287
24941
24195
25860
25524
25651
23671
26559
25201
25482
26427
23668
27689
24427
23409
24432
27541
27464
27805
26922
25820
25218
24831
23816
23900
24771
26552
27267
27025
24567
27697
27064
25268
25770
24068
24106
25541
24195
27337
26483
25558
27057
24789
23943
24242
25553
26055
26555
23898
26151
23578
24101
24249
27000
25869
26113
26623
24464
26127
27241
25795
24069
27586
25667
24960
24596
24973
24300
27765
25485
26852
27476
25067
26251
24222
25406
25275
27343
25090
25312
26864
25783
27865
25078
23564
24831
24285
24930
24063
26163
23995
26044
23522
27750
27122
24308
25318
26976
25879
26105
24502
24302
27755
26538
27181
24876
25017
24205
23797
24072
24945
26348
24148
26136
24786
24127
27169
26775
23694
27699
23518
24091
26194
27616
27727
26418
24428
25139
25497
25877
23888
24521
27865
26388
27816
26627
25120
26991
27419
23526
26060
25983
26313
26281
26802
26327
23449
27632
26161
24476
25187
24354
23739
26490
23802
25286
25081
23534
27903
25184
26791
23400
27240
26119
24754
23808
27811
27139
25953
26116
23772
27055
25280
25060
24843
26357
24447
25031
23544
25787
25579
23518
27086
26291
24154
27000
26216
25439
25780
27076
25561
26022
23435
24155
26751
24864
26600
23969
24014
27542
25777
23923
26065
27010
27020
27810
26318
25615
27883
25177
25007
27568
24702
23932
25881
24835
25887
24805
26960
26722
25394
23615
24213
27564
24659
23804
23619
24631
27890
27479
26122
24586
25225
26038
25278
25676
27808
27484
23696
23722
23567
27362
27707
25319
26254
23670
26923
27417
26074
27846
27577
23668
24879
23723
24053
26993
27483
26837
25173
25005
25544
26150
25035
26590
27119
25757
24694
25170
27699
24770
27095
27096
25169
27410
27793
26495
26493
26487
27650
27828
26947
26916
27549
27283
26761
23911
24495
24937
25108
27043
26614
26088
26070
26654
26588
24125
24894
26092
25687
26425
23462
26035
25278
24237
26368
24914
24462
27816
25143
27613
26755
25969
25078
26254
24672
24320
24768
23908
24289
27370
25488
27595
26304
24296
26416
25020
25392
25155
27515
24989
25495
25076
25813
24067
26902
25143
25129
24014
24544
25118
25317
26174
27579
25161
25480
26596
24455
26098
25675
25961
27896
23500
27272
26216
27059
24496
25878
25247
26192
27217
25832
23447
25930
24303
26923
23830
24842
23598
25734
26100
23832
24380
25026
23787
27211
23985
25549
27160
26766
24897
23487
27634
26841
23832
23882
26644
25875
24390
26204
27479
23667
25507
27609
25345
26367
24777
27409
26782
25392
26902
23774
27411
24067
27218
23980
25891
26150
27006
26054
26628
25696
26122
26594
26299
26004
25907
27613
24497
23972
24414
26363
26100
27713
25850
27732
24214
25558
25070
26084
26146
26645
27733
25172
25240
23430
23909
23837
23434
27744
27291
25980
23544
23559
24496
23588
25719
25808
27270
27868
26744
24931
27488
25196
23931
25402
27401
24179
25723
25397
23793
27633
26345
26404
27058
24069
24342
25592
24583
27179
23920
23853
23410
26534
27489
25650
25630
24521
24658
27690
26671
24464
24139
24126
27858
27005
26876
27131
25719
27044
27369
26961
25150
25319
25290
26745
23479
24958
26390
27817
26414
24112
24704
25764
26185
25733
24993
24899
26284
27919
25349
24236
23747
23563
24190
27785
23515
27392
23979
24467
23933
23567
24407
26586
26204
23799
23421
24666
27204
25068
27586
23812
24293
25537
25429
23754
24261
25263
23843
25825
25124
27791
25677
27788
25652
27872
26429
24154
24170
24973
26573
24055
25143
24067
24066
25914
27849
24795
23772
23586
27497
26563
25383
25523
24388
24904
26307
23426
26049
26920
23425
26840
25344
27383
23610
26908
26351
27738
23575
26762
27623
23762
24132
27476
24646
25194
26280
27419
26293
25020
25989
25437
24376
27057
24327
23788
27117
27703
26070
25447
23655
25768
26450
27692
26436
23427
24804
25380
27524
26129
23546
27135
27516
24698
25794
27038
24884
25357
26590
27673
27823
27599
27812
25361
27661
24114
26853
26152
25649
23538
27285
26640
27858
25089
23983
25624
23982
23627
25090
26231
26652
26808
23709
27239
27011
27332
23513
25763
25580
26515
27040
24641
25840
24281
26517
25557
27345
23579
24078
24599
23802
23942
26061
27045
26827
25704
26530
26657
27570
23986
23969
26782
23816
27513
24159
23889
23878
26374
24444
24681
27850
24830
24266
26936
26709
25999
24895
27341
26261
26106
23649
24897
26205
25501
23919
26500
23931
26916
27541
24318
25253
27097
23725
25685
24409
25420
23754
26422
27432
24590
27756
24469
23930
26489
25030
23922
26953
26857
24395
24886
26341
24832
25702
24133
25623
26690
25936
26641
27750
25532
25310
24525
27003
24999
23498
24565
26781
26886
24842
24365
26715
23961
26203
26100
24262
23837
25370
23425
27726
24342
23604
26750
24499
25499
24020
26909
24483
27111
27272
24998
26933
27693
26557
24031
27532
26228
23606
26103
27189
25531
26301
25857
26149
24372
26911
27414
23885
27010
26046
25600
23436
24548
25621
23849
27831
26841
26960
25762
24095
25195
25652
25151
26477
26505
27662
26597
24534
27173
25800
27785
24365
24930
24779
27655
23889
23515
27052
27734
26539
24284
25169
26151
26532
24978
23638
24305
26588
27756
25579
25757
27113
24085
25439
23934
27392
27891
24761
24566
25706
27917
26354
26480
24668
25500
27558
24790
25348
23585
23600
25166
26287
26336
25498
27538
25942
26651
25365
26279
24548
23404
24891
24396
24193
26276
27260
24021
26135
25908
26145
24500
26700
25234
27220
24550
27041
24240
26710
26942
25386
23594
24840
23810
27401
27589
25281
25715
27526
23869
25190
23475
25460
26715
26756
24845
25712
23608
26366
27636
23851
27481
25297
23489
26522
23506
24635
26432
26165
23452
27095
24350
24947
26902
27064
24145
23913
25306
24770
24100
23914
25704
27262
24702
25142
24328
23690
27528
25684
23441
26726
26100
25149
25262
23401
24808
24514
23956
23977
27156
26243
25186
26436
25924
27035
27349
25692
25109
27198
24543
24316
25563
27688
24110
25480
24809
23577
24598
25147
24529
26078
26655
23507
23484
24906
27415
25282
26049
24520
24421
25003
23541
27869
26908
25481
27743
24428
26638
24037
25655
24770
27529
25724
24988
26380
25207
24284
26448
24229
25403
23970
23888
27361
26002
24330
27019
26913
27838
26533
26861
26284
26448
23997
24132
24299
24452
27431
27659
26959
23689
27062
26334
24898
27547
27030
24979
27159
24606
24252
24898
23770
26953
24441
24547
26257
25604
26128
25639
26267
25278
27109
23986
27474
25528
27110
27168
23397
23790
24337
26309
23598
23631
24786
24208
27587
26567
26980
27907
24768
23404
23439
24038
24820
25184
25887
24423
25282
26960
26483
25618
23973
25174
23594
25774
24531
25767
23984
26045
23515
27355
24089
26137
25775
26379
24395
27399
24907
24270
26296
27270
27791
23840
27545
24803
25690
26273
25338
23531
24916
25590
25897
24245
25156
24415
24204
23437
25096
26501
27519
27421
27769
24694
23399
25143
27067
26953
23481
27659
26108
27887
26442
26838
23638
23717
24254
23696
26766
24633
23553
25340
23686
25270
27777
25087
26086
27813
26243
25893
24905
25621
25297
26344
27232
25074
26496
27390
25871
26861
26649
27928
26116
27777
23654
26203
24671
25989
26714
25499
23581
26067
27138
25207
24318
26495
24747
27427
26848
25031
23504
27750
24898
23955
23574
24978
27869
24610
26035
27642
23618
25229
26663
27382
23430
25431
27078
26690
26782
26813
27800
25279
23567
23478
26355
26590
24120
24680
24152
27256
25443
27922
23632
23936
26344
24513
25377
25839
26415
25997
23974
25516
24787
25321
26652
26016
25942
23690
27292
27030
26389
27829
25917
25346
27892
26925
27442
27771
25846
26038
27165
26814
25852
25767
26615
27513
26262
24015
24025
25481
27369
25693
26811
25807
26534
23893
26087
24029
26596
25636
27730
24278
26947
27173
23779
27450
26851
23845
27492
26944
23462
24767
26169
26273
24447
24394
23635
25472
25873
26419
25273
26082
25858
27485
24397
27647
27331
25566
24505
27392
26866
25082
27213
27155
26040
24466
26031
25618
25829
26103
26876
26239
27494
25745
23711
23690
25380
26041
24790
25546
23754
27694
25033
24782
27087
23740
27538
26925
25462
26956
25767
26244
23575
25261
27896
24997
23857
25515
25862
26799
24298
24154
26951
26939
27413
25774
27873
24869
26176
23913
23858
27064
27077
24292
24803
25591
26593
23522
25312
24074
25077
24521
23977
27754
24344
24551
24515
27853
23609
23942
24158
26878
25223
23706
24885
23489
27672
25363
26508
27676
24414
26421
23744
26189
25257
24798
27437
25270
27050
24897
26905
27521
27173
24144
25278
27853
23532
24268
25448
24464
23936
27901
26924
23497
26447
24590
27083
24625
24942
23533
25430
27809
26246
25685
26485
26385
25418
26006
25992
23612
26442
25825
24006
24119
27451
26370
24948
25146
24960
26152
23789
27669
23632
25960
27270
24123
26063
27694
27779
23629
27374
27777
27664
26073
25519
26902
24525
24717
27283
24158
27571
25064
25668
23535
25701
26630
26428
26284
26226
23398
27242
26380
25008
24651
27612
27877
23737
26064
26845
25653
26530
26580
25932
23598
26042
25809
23924
27345
26060
26849
25211
24024
23976
25235
27442
25189
23559
26532
24235
27408
26766
26963
25681
26997
26350
27659
26863
24026
24370
27081
25533
25946
27698
25768
24739
26795
24209
26060
24134
27358
24229
23931
23522
25134
27496
26901
26566
26894
26314
27440
24350
25296
24321
26111
26918
27534
24389
24483
25520
24482
26874
27635
27772
25601
27332
24395
27465
24014
26463
23868
26508
23482
27087
23486
23698
23479
23843
27002
27822
25237
24172
26358
25808
27467
27140
27805
25459
25335
26885
23733
24684
26003
27585
25591
26280
26480
25335
25990
24186
23443
23764
27755
24532
27733
24436
25349
23586
27749
23400
26402
26618
23847
24577
23620
24225
27505
26746
24065
25329
27211
25200
24945
24522
25410
27317
25388
24196
25845
27621
23960
25931
24642
25016
24724
24569
26583
25377
24376
25011
27718
25262
25362
23631
23978
24418
24464
26436
27636
24479
23475
23796
26856
26775
24921
24081
25656
25849
24891
27517
27544
24339
27328
23590
24881
24483
27381
25894
24577
27346
24056
26019
27531
24888
25725
26067
24732
24241
26393
25017
23661
24418
27324
27756
26824
24331
26788
27047
25493
25459
25323
23586
24819
27512
27710
26342
24903
24568
25345
23558
24297
24189
24839
27454
27363
25690
23940
24936
24659
27527
26567
23825
23786
27663
26668
26279
23871
27802
24963
26840
27641
25428
24137
25103
27766
26450
25887
25948
23814
24480
26271
24044
25868
26377
23738
27310
26200
24038
26434
26750
27475
26165
24719
24170
23731
24049
27627
24429
24276
23424
25314
25061
24826
25684
27742
27724
24408
24096
25886
25168
23976
23838
25810
27058
27619
24456
24358
24509
26324
25041
26581
24380
23617
26439
26544
25439
27768
24890
24793
23709
23643
24821
23616
27106
23643
26666
27813
24850
27097
25737
26886
25105
26477
26401
26047
25970
26519
25239
25755
24336
27194
23670
27565
25506
27682
25873
23718
25355
26493
23648
24620
24562
24768
26627
25247
25154
24391
24848
25930
26980
24868
23456
25813
24417
23841
26352
25097
23570
24537
23626
27027
24781
27148
25149
25585
27486
25653
23575
25405
25920
25156
26438
27403
26280
23727
27421
26613
24487
27061
24445
24880
27533
23851
27688
27848
25912
26342
26804
25940
25654
25349
26206
25955
25401
26451
25000
24727
26434
24991
27471
27570
25635
25892
25410
27874
26352
25587
24517
25609
24486
24012
25715
23506
23992
25404
24694
27140
23956
27691
27472
23814
25028
26909
24082
23556
25937
27199
25742
26462
24627
26454
26633
26940
26222
26188
24524
27150
25046
25732
27536
23589
23944
25316
27356
24618
27322
24075
26352
24836
25894
24619
23626
25514
23673
26814
24361
24044
27754
26969
23932
26944
24176
25679
26504
27082
24557
27870
24483
26950
25091
23522
23927
23886
27190
25783
25985
27455
25660
24530
24942
25916
27094
27534
25474
27525
26852
25003
26706
26574
24602
24005
24589
24939
26880
23446
24420
27477
27644
24101
27805
24324
27197
24995
23535
23766
27785
25722
24471
26646
24718
25508
27857
25178
24556
25403
27240
26202
25608
23957
26491
25342
24562
27140
24209
26888
26108
25468
23504
27002
27304
25797
23617
26516
25344
25680
26172
27404
26395
23447
24259
25355
24621
26310
27080
25142
24405
23551
25430
26042
26133
26446
27480
26856
24478
23877
24922
23947
23577
24868
27837
23662
26628
25691
26053
25962
24644
24182
27621
27082
24076
27184
26214
23401
24762
26953
25691
24141
27312
25235
25600
26124
25686
24396
27924
23433
25281
25498
24093
25467
25147
27561
23398
26632
24762
25750
24119
24425
24237
24594
27326
23801
23715
27559
25787
26902
26940
25673
26041
23936
23990
23787
24598
26876
25039
23608
23644
26168
23740
26660
25629
27652
25941
25045
25135
27245
26382
26891
24212
27636
24499
25385
24403
23764
27321
25890
23742
23863
26762
24011
27312
25084
26610
24107
23996
25525
26892
25462
27304
26513
25372
24004
25134
26435
27645
23477
25612
25717
25851
25482
23677
23780
24943
25848
24206
23442
24736
24453
27888
27803
26090
25550
27776
24198
27529
23629
25194
27801
27430
23624
27426
27224
23930
26110
23906
24780
27607
23579
27396
26696
27230
25097
27308
27685
27593
27017
27664
23595
25270
27884
25525
27512
26785
26221
25566
27909
26994
26221
23813
27273
25998
26873
26493
26113
26578
23842
27457
24916
26478
26031
26000
27903
27340
27419
24708
24651
25246
26485
26640
24555
24188
27608
23767
25079
23849
24384
27900
24339
24104
25500
24765
26952
26019
24217
25312
26695
24361
26909
24580
24160
24863
25388
23935
26482
27776
25167
26408
24232
25574
24025
25027
26444
25294
25357
23862
27149
24929
26820
27498
25549
24582
26303
25591
24527
24059
24497
27374
27405
26472
27503
25199
23929
24228
26329
27148
25914
27100
24564
24853
23498
26614
26293
26442
26662
27908
27507
24338
23815
26642
27045
24736
26265
27082
27342
24287
25662
23943
25456
23935
25183
23724
26552
24951
24266
23562
27910
27743
25006
25630
25008
26961
24856
26439
24147
23926
26215
26840
26633
24410
24817
26562
27590
26965
25980
23493
26555
24429
25074
23424
27433
25522
23983
26670
27774
24200
27552
27438
24823
24973
24245
26006
26823
25017
24546
27758
26180
23519
24248
23805
25269
23614
23414
27343
25080
25057
27277
27232
25701
24410
26554
27580
26527
24647
27100
27044
25760
23474
26018
27903
26347
27304
27221
25892
27635
24706
23687
27070
26693
27433
24032
24344
25444
26578
24446
23669
27700
26707
27263
26603
26997
26576
27677
27496
23618
27675
27393
27196
24072
27929
24366
27112
26434
26702
25656
26753
26910
26101
24624
24872
26969
27429
23799
26842
23652
23684
27412
24992
27238
27610
27379
27326
27431
26343
23624
24078
26181
26251
26203
27031
26195
26599
25196
24111
26209
27491
26116
25685
23761
26360
24455
23896
24777
25758
26907
26344
27399
24672
24596
26569
24298
26695
27328
26859
24654
25712
24308
27646
25910
23858
26429
24045
25458
27712
27209
23710
23537
27658
26024
25904
24879
24533
27090
26227
24626
27724
27501
26762
26994
24793
25955
23996
25243
24565
24412
25334
25742
26703
25623
26994
25156
23532
24438
24159
24742
27682
27008
27006
27177
26923
24228
25482
27008
26713
27480
25837
25299
24665
27153
24663
23964
26399
27398
24666
24997
27867
27843
27322
27034
26365
23704
25718
24867
23647
25793
25454
26636
23761
25000
23873
24711
27161
26056
24889
26195
23940
26021
25147
23456
24460
27520
26320
27665
26489
27776
25765
24901
24355
24154
27008
26380
23785
23898
24986
26326
27448
26548
23601
27870
27031
24038
23822
23579
27330
23885
23466
26564
25613
23417
25447
26272
25866
23751
24187
24748
23992
27528
26588
24227
27333
26656
26163
25335
23579
25288
26431
25349
27503
26195
25285
26384
26560
27759
25420
24470
26809
24894
25733
23808
26467
26116
25179
24544
26031
26475
26350
25135
26427
24617
27046
27169
26757
24127
26127
27920
25042
23523
23668
24638
24807
26449
27794
24952
23828
26549
23449
24373
27922
26519
27353
27668
23687
26340
26670
26108
23397
24600
23730
27399
26420
26619
24144
25763
26313
23855
27499
26483
24830
26702
27827
26611
24859
26528
23582
27231
24353
26644
24014
26950
24766
26605
27081
26210
27025
25171
25739
27391
24489
27417
24667
26084
24288
26476
25675
27043
25813
26444
25865
23503
26358
24422
23703
27858
23654
25756
24372
24890
25229
23557
24207
25184
23473
27856
25291
24868
24353
25244
26888
25209
25420
26021
27629
24478
26133
24325
23908
27623
25604
24053
26594
23513
26301
23570
26580
27804
23845
25573
26847
26654
24185
24233
26340
27036
25027
25123
24670
26337
24934
27111
24689
26784
25248
24427
24781
25554
26226
25199
24417
24915
27400
25602
23954
26499
23839
24929
26186
24020
24264
25171
26169
27697
27573
24862
26105
27353
26775
27368
24047
23731
23982
25930
25421
27784
25596
25052
25695
27850
23938
23731
25955
27617
24507
24178
23961
24851
24594
26428
23400
27591
27079
26934
27418
25509
23921
25339
24883
23716
24556
27616
24804
23793
27648
26185
27449
26670
27697
24276
25056
25547
24718
27751
26791
24689
26241
27895
26260
23457
25521
23887
24108
26427
24303
24409
25363
25699
24166
25555
27192
27792
26604
26212
25010
23546
26300
26727
25689
24834
23877
26244
25294
26165
24653
24771
25699
25714
24371
23945
24516
27017
24430
25324
26974
26405
25863
23848
26912
26502
25087
25821
27381
27835
26685
27509
24434
27496
25632
27774
24016
23489
27069
27899
26651
25705
26307
23810
27788
26205
25146
25470
26053
27565
24237
23513
26327
26119
25271
26914
27414
23796
24680
24983
27626
25065
26419
27027
24767
25605
25738
25854
27618
25468
25129
26332
24989
27039
25324
27077
27477
23866
25906
27123
24710
27898
25274
24909
26974
23773
27860
27301
23808
27738
26427
26127
25794
26317
25132
26422
27629
26986
24785
24890
24287
27669
26378
24713
23445
23467
26719
25820
26201
26993
27236
24407
26417
23971
26679
24511
24313
23603
24623
26352
27311
27371
25243
24964
27517
23786
26093
24792
27553
25889
23513
24047
24985
27089
23507
24082
25809
25011
23500
24936
27442
27722
26291
27160
27094
26184
26470
27568
27710
27627
24827
26677
24149
23789
25756
25135
23422
23428
26000
25731
25388
27358
23714
24967
25781
26855
23723
24173
24110
27544
24934
25394
26790
27123
23865
27285
24825
24457
27625
26164
27353
24028
24601
25993
25084
25532
25289
23876
24082
24204
25764
24151
26672
23759
27726
23994
23590
24253
24642
26856
26409
23880
24219
26231
24314
25386
25321
27385
27667
25304
26857
24126
27366
26330
24216
23541
27180
26879
24899
24912
25643
26715
26333
25531
24452
26110
26716
24621
24093
26280
26237
24179
24593
26261
23505
25555
24088
26723
24890
25525
25464
26299
24798
25597
24239
27464
24912
23460
23585
24729
24996
25548
24308
24112
27124
24429
27161
26528
25099
24412
24431
27835
24536
25985
26287
25227
26761
24752
25965
26929
23598
26386
26637
25934
23661
24915
25693
26092
23793
24223
26532
23646
27080
26912
25821
26173
24401
24329
26348
24998
25895
23621
24637
23465
23765
26930
24293
23489
27315
27088
26716
24172
27292
25980
27889
27748
23790
24529
26209
23558
25157
26285
26075
24046
25834
25977
25333
26235
24721
24790
23680
27677
27118
26489
24059
26239
27626
27881
26845
24578
23788
24369
25138
25735
25719
24596
27906
26546
27503
26695
27192
24574
24805
26407
23606
23991
26554
27117
27785
23718
26054
26512
24465
27169
25287
27276
23397
24805
25625
27852
27116
25454
27430
26972
24253
27533
25536
24467
26293
27746
23867
26018
24379
24576
23703
25893
26304
25306
26134
27025
27255
23766
25316
24264
24634
23777
24815
24198
23715
26441
23993
24971
25152
27619
27497
27801
24838
26075
23671
25444
25528
27299
27596
25944
24531
25920
27874
25765
27257
27741
25406
23892
25399
25752
27866
25840
26246
27361
24373
23493
27467
24049
26919
25735
23514
25715
26584
26211
27812
27058
27927
26638
24471
26492
27827
24045
27790
24195
26915
26461
26314
24743
26563
25455
23992
26281
24940
26062
23837
23901
26000
23604
24170
26196
26267
25848
26954
23660
24693
24331
27545
26269
24227
24321
25391
26540
25089
27195
23943
27087
25340
26262
27154
25007
23954
24627
27451
24263
27777
24125
26116
27732
24211
26356
25842
27885
26373
24956
26199
27904
27882
23893
24719
26610
25641
26244
26398
25169
24695
26132
25360
27073
26121
27485
27395
25298
23999
24236
26428
25549
25814
23700
23631
24145
26715
24027
25079
23975
26814
26176
26071
25247
24087
25714
27031
25035
24069
23641
24903
26898
23828
25594
26937
23941
26658
24433
24941
25609
26803
25410
24244
24880
26163
23469
27771
23611
27879
23734
24736
23869
24216
25508
27791
27761
27268
25691
27303
27481
27578
26529
25096
26381
25174
27650
24371
26424
26615
24101
27046
27215
23675
25720
23554
26503
25430
27901
27047
27743
25259
27061
25952
26820
26698
24468
26673
25343
24538
26084
26034
25121
24667
23944
25908
24716
24595
27481
23423
24292
23621
27108
26562
27437
24996
25028
24523
24957
23719
25146
24404
26724
23747
27033
26137
25433
26472
24892
27788
24123
23649
26251
26611
24038
27110
23973
24171
