19215
18991
23927
26502
22105
23602
24794
24096
25806
18588
25027
25310
25081
25347
23519
23877
25013
22249
23910
23708
21704
19849
24436
23321
21650
22571
26326
19853
18601
19765
23191
19922
20905
21437
22084
19370
22512
19600
21755
21973
19776
24001
21531
18657
19850
23208
22910
23187
21881
20673
23756
22431
23656
21244
21811
19146
24318
19095
22619
26491
24738
19676
22047
20705
22395
23677
23286
19262
19557
21063
23537
20476
22717
19671
20635
18386
20838
23232
22642
23993
20673
25640
23609
20777
21178
26628
25969
18993
22833
18646
19370
19127
24292
21956
21052
18878
25824
21616
19731
25185
18804
19167
23386
26768
19370
25910
21351
24082
22996
18722
21239
23359
24716
18858
21920
19843
24277
20481
23625
24349
22758
21111
20298
25404
26011
24174
21711
18469
21716
23407
19807
24020
20972
21530
19823
26499
24300
24540
18622
22867
19271
25843
25972
26101
25107
25389
26182
20947
26701
23796
19787
20900
20413
24775
19587
21861
20074
25023
21250
21583
24812
18391
21554
19743
24006
20398
20081
26078
22839
19606
23446
22812
25555
24830
20360
24595
25616
25947
20537
18379
22290
26179
21248
25815
25345
21821
22022
25486
26011
25622
19203
19164
23213
18441
22316
19329
19107
23131
20454
23681
22783
22893
21857
26265
22342
25566
23270
21041
23384
22439
26324
19144
20468
18406
23946
26111
22857
21491
25177
22796
19759
24509
18887
21204
19951
18619
21623
21180
21249
23009
21502
25361
23853
24720
19389
21531
20596
18956
26750
23308
22718
21078
24071
24777
24624
19423
22795
25822
22650
22205
21944
25467
24617
21089
21424
20780
19570
24798
20004
22461
21450
26496
20810
24663
24260
23062
20479
19992
24083
21585
23348
21921
25473
24144
19269
21272
25756
21829
20037
21815
20191
26594
24993
19018
22459
25447
24577
19985
18491
25805
20015
18729
23691
22529
25337
21340
19787
22127
21062
22620
21455
24867
24705
24197
19953
26654
23822
23841
20040
21647
23229
19647
25946
21197
22814
20175
18821
18676
19707
22876
19495
25342
22674
20170
25778
18641
20567
22808
24412
22682
22410
21915
20525
23390
18505
23389
23438
19570
20594
19352
21010
21538
19604
19668
21524
19256
25582
18400
24064
24147
21495
22731
23332
25618
18521
25347
20839
25670
18545
23261
18717
18996
19188
19197
24299
24269
22939
20790
25664
22434
23100
23338
19594
19482
24122
25456
25025
24586
19558
19002
22043
23111
20031
21791
25443
25327
20597
21884
25714
22410
25539
25121
18723
20622
24689
20014
21263
22451
23961
24833
20462
20332
19180
22673
19888
19030
22012
24652
23515
19052
25687
26307
26251
23963
23200
19238
23568
21899
18896
25407
23367
24788
25272
25576
23778
19116
19377
24560
20303
26236
25437
21796
23647
21380
23834
25177
19722
21980
25236
20184
21001
24384
24062
24395
21514
19406
24885
22686
18545
21844
19114
20937
20766
26482
21710
24098
22507
20996
25918
22663
20033
24721
18684
19257
18993
25782
19394
22774
19610
26173
22244
19325
24433
26439
23307
21449
24292
19387
18463
20175
20473
22884
24033
23470
24759
23548
24630
21606
22194
22605
24805
21688
23626
22368
20381
22125
20618
20658
24397
19253
22605
22834
20883
24530
18388
24720
21748
19027
25276
20161
23524
20749
24561
25460
22427
19464
23024
24862
23067
25140
23551
24305
23579
23041
18510
24392
18491
25416
26338
26182
21119
22952
21264
23096
23770
25164
21341
21044
24837
24662
22651
21403
20197
21706
21120
20392
18969
23662
24139
21706
23200
22026
24206
24756
18610
21573
20777
22867
20415
24737
25577
20673
21386
20656
22584
25062
25353
21252
26351
24647
21570
19641
19609
20659
25309
25253
18894
21857
25848
25297
18863
19149
21582
18693
20277
22417
19495
19738
19487
22464
25580
25138
24469
22257
26746
20761
20903
23663
20926
22691
25755
25108
21357
20438
26449
23367
20210
26677
23217
26118
23440
19372
21084
24870
18642
20009
25589
23027
21348
23245
22042
26061
25007
24195
21939
25596
21570
22383
20724
21324
22257
21092
20857
21027
25690
23888
26090
19555
25525
19100
21097
26563
20976
20278
18584
26506
19398
25970
26015
26546
19918
25493
23955
20317
24241
21307
26361
22824
22499
25802
20610
20642
21248
24770
25120
25657
21937
19230
25221
21437
19290
24286
25287
23927
23586
23147
19760
21073
22799
20651
19079
19832
19084
24313
18872
21449
25455
22981
22630
24308
20666
20968
20047
23371
20842
21361
25357
22481
21378
23121
25481
23683
20670
21068
26557
23160
22847
22884
23889
26040
21020
24327
25009
22960
18970
20014
22628
25721
20638
24172
23935
26551
20937
24967
19768
23995
26454
18499
20573
19093
21139
25694
23689
24615
19208
23160
24454
23042
20848
23110
21276
22935
20306
20584
26285
19203
21037
20610
25081
23248
20494
22435
20619
20588
20335
20454
23234
21991
19191
20260
25406
23585
26679
23482
22573
22334
22922
24444
22498
22788
18724
20982
25120
18722
24362
18818
23681
21299
19416
19976
26474
23377
22802
18995
22069
26165
18446
24946
22646
22571
22898
24694
25829
19278
19507
19753
24482
18830
20058
21377
24711
19960
23591
26598
23967
22591
26050
22045
23980
20042
22137
25258
24045
23964
23080
20185
19849
22380
20810
26402
18431
23889
18473
25578
19270
22476
18953
22709
20116
22983
21153
23041
24285
26742
24552
26746
20998
22932
25109
22552
21759
23584
18945
18808
24717
22109
18912
25146
25905
24077
18374
21647
22053
23909
25109
21891
24672
19043
20245
18842
23817
22814
19420
20377
21695
25898
21889
24083
19248
24760
26509
25241
24920
23982
21041
18653
23280
21762
24253
24729
23939
19513
19829
23223
23774
25052
20351
21645
19427
25099
22081
22897
21774
20321
20473
22758
25983
19050
20487
26057
19342
21652
24031
25147
21575
25313
18957
23930
20862
25909
19367
18785
18926
20588
25053
24476
22759
18506
25286
25420
21333
19582
23083
18714
19101
24113
18779
19062
18777
22046
19494
24267
19143
19299
24679
25016
21566
22629
19356
22542
20632
21789
19814
20376
22940
19592
23808
26695
22394
20637
20211
18996
20700
24040
25011
19589
20117
21399
23479
25640
21963
24481
24874
25536
21613
21051
25393
20338
25382
24786
21925
26304
21226
22949
19343
25114
19001
20100
22248
25115
23117
19527
21203
22780
24635
23157
22074
22148
26339
20509
20390
21000
25791
22771
24912
25832
20459
23589
22471
20310
22682
20097
22983
19331
24571
18705
25232
24484
25816
19530
21482
19091
20529
24215
24997
22081
21738
20991
26725
25835
22739
21315
24631
25920
23652
19110
25456
22763
24553
22932
19542
20952
20361
22620
26502
25180
22005
18495
26360
18649
24150
25363
23229
18408
20480
23379
19013
21967
20706
20241
21246
23617
20776
21200
24007
21811
21574
20353
22962
18789
22689
21362
24778
22706
18497
24520
19230
24405
19679
25322
25415
20627
19897
19112
21666
19007
24878
25589
20455
20477
22692
25208
22649
22683
23370
19840
18729
24823
26541
23192
24351
22882
25173
23575
25544
19209
25248
21232
19982
21841
24366
26694
19919
23015
26348
23772
24898
18408
21143
26629
18861
25165
22789
18814
20496
20139
20004
22241
23769
20317
19938
23075
26054
19447
23590
24995
22120
26686
26329
21457
23440
20389
25724
22861
23740
21019
24583
24028
23646
21502
19512
21897
19505
21841
22379
25606
24498
22094
25746
18677
20095
25278
19626
18801
24685
18375
21408
20244
21623
20243
23900
26103
19017
24397
23883
21696
23080
23660
20702
18789
22585
25038
20171
24027
21637
24182
18447
20015
19645
20527
20581
18398
22151
20628
19767
24779
25278
22379
21393
22338
23551
23662
21684
22642
25085
21921
20073
24628
25345
24638
18514
19012
22941
21419
26132
18465
19313
21974
22930
21366
25439
23081
24898
20016
20454
20447
19452
23839
23972
25995
21987
24232
20145
20678
20639
26741
20263
20700
22565
24637
23542
24914
19747
21931
19698
22914
22785
22542
20879
26761
23564
23381
22893
25328
26479
23895
22312
18385
24480
25260
19072
22630
22222
25447
24192
21334
18579
24746
24506
26321
19283
18985
19844
26216
22998
25953
25578
23615
23434
26508
18837
21366
21390
21548
20019
19616
20539
22884
20567
18533
24064
20580
21309
20979
24301
18576
20243
20192
18670
25415
26523
23790
23224
21841
23659
23662
22239
21627
25533
23829
25803
24652
22144
22977
22984
23602
20553
21168
21171
19171
19753
18879
20342
18771
24936
24455
25573
19479
18765
21370
21587
19050
21450
18930
19688
22926
18709
20532
22125
19323
24177
25072
26701
19161
21198
21940
25045
26333
24884
26263
22200
19303
26132
23403
23852
21570
26095
19939
18417
22706
21921
23544
24251
20869
18398
25004
19115
20377
25378
21974
21200
24927
19672
20371
26284
24085
22275
18997
22399
23223
23938
21672
26543
21543
24492
19595
19012
22692
23722
25304
26661
20992
24333
23349
18637
19778
25657
22752
21211
26058
26515
20236
23901
24484
25190
23095
19823
22505
19828
19348
23172
24420
24589
22227
21355
20462
19166
18805
22224
22739
25180
23432
24534
23865
22381
23602
19894
23733
25344
20883
25889
21687
25129
25888
18395
23519
20260
20298
18724
24306
23914
19738
21129
24677
21593
23629
23839
22512
23809
19985
20269
21730
20385
24878
22593
21831
26268
24273
20048
20179
20104
21730
21330
19915
18816
19770
25212
23315
19084
25009
23835
19613
19407
21330
20603
21636
19554
26130
25354
19822
20946
22111
19109
23200
25259
18893
24446
23694
21513
25853
19301
22095
22034
19410
26454
22057
26675
22458
23428
23553
19737
21532
23058
21832
19883
21278
21454
21049
20081
22728
21471
18718
22841
21542
24768
23391
25654
25113
19307
20948
25914
21707
22478
18473
25863
21158
19027
26160
24628
18869
24208
21293
25323
26338
24160
23072
21563
24307
22795
23920
24623
22634
24852
21071
20884
21585
24108
23823
26029
23365
21126
24717
23725
25623
25340
20556
18579
18958
25543
22788
18396
22047
24198
23103
24878
21047
25645
25025
19499
22201
24270
23260
26593
18422
25279
25738
19600
24763
22400
24039
23061
19833
23444
22742
22241
19012
24518
23725
24972
18503
19008
22590
18562
21634
22295
24448
22584
21995
21952
23678
18515
23567
25664
24953
21349
25859
20945
19280
23755
18979
20560
18895
18805
21098
24936
20885
25880
25624
21084
20716
22354
21626
25422
26346
19566
20359
24018
19227
20246
22275
19129
25368
25029
20694
24972
25753
23151
25208
24003
24467
25442
23719
23875
25751
25367
21972
26605
22574
19721
26453
25672
23558
21452
22208
18776
18539
18537
20051
22089
25804
23800
24466
18385
22623
20125
19923
21225
20328
24661
20408
22623
20465
24938
20701
21438
23731
18890
18791
24586
24837
20693
24555
23165
25662
21624
21717
18525
23717
20525
23825
24529
20219
24291
19833
22297
22182
18923
18803
21690
19806
23048
25499
18428
19562
18749
26683
21912
25567
21680
26391
25617
18794
22278
24107
19540
21540
26236
25140
23379
25431
22759
19445
26271
21435
25021
21384
20489
23316
23070
18941
23684
21863
20672
21779
24397
18450
22028
24573
20064
19082
22886
20781
21610
20621
22375
22068
24908
20384
19747
21303
20535
24510
21655
19372
21718
20637
19680
24167
20620
22782
22149
20885
19984
20332
21738
24629
21067
23873
25462
23673
18975
24457
25453
21275
26266
26644
24562
20044
24309
19312
18793
19269
22215
24988
20123
23160
21614
23193
20647
19953
23884
25196
23150
20846
19601
20010
23589
23253
22261
20972
24265
21094
23165
25202
23781
22584
25836
22941
19818
23048
25448
21461
25100
21317
23761
19595
22733
21069
23644
25981
21605
19054
20170
21891
21566
23742
21431
24847
24294
19989
26309
18857
20714
19028
19143
24136
25708
22997
24883
19269
21596
19976
26000
21778
22041
23585
24677
26422
20439
24107
21706
24268
18710
22068
25987
19925
20364
22038
22623
22747
25622
25166
19967
24558
21003
25454
18591
20442
25368
20821
20448
21418
23438
19449
20107
23438
20773
21961
23297
24690
25025
26136
24862
22693
23658
23320
24155
24585
19140
25610
20819
18507
20015
23391
25514
22838
20692
18509
21945
22636
25532
19385
21929
25757
19775
24685
20131
19590
18707
25740
21165
22007
21332
19108
22518
25594
23869
18712
26405
26092
21829
18632
25119
25304
20391
24578
24670
18462
19442
22584
21025
20820
18547
18566
18642
21033
20379
18379
18655
23818
26730
20517
19592
19083
19588
22009
21074
23847
22793
20890
21949
18491
19135
18627
26735
24490
26177
24749
24722
23961
26190
23003
25768
20656
24930
18658
26137
20568
19182
20164
19099
22343
25898
23001
21760
26298
21406
18406
20542
23942
25833
22895
21660
25377
24160
22829
18488
24359
26088
20074
20676
24610
24942
22273
25994
18425
23053
26475
19390
21362
22843
20805
22892
19237
26636
25145
21051
26511
19623
23979
22664
23692
24133
18490
23154
23467
25062
23598
19068
24234
20468
18650
26682
20904
21284
24012
24533
19137
22236
22552
19692
20760
19026
23274
24948
19973
19624
24320
20356
19999
25548
22477
26101
24809
18615
18548
19696
21427
24536
21973
19644
23845
23209
23077
23120
22018
18699
25581
21219
25991
19012
25120
24800
19672
24805
20207
18792
21981
23338
20413
21759
19256
19880
20068
23186
22483
23017
24077
18739
18765
18985
20562
20779
21990
22930
23937
26571
24349
22147
23973
20192
20891
19965
24488
20729
23839
25300
19059
18991
24305
20782
22488
22503
23074
19717
22742
23154
20426
22538
19158
22876
19770
23666
26489
22787
23278
22558
23141
25415
23933
21298
21691
21564
19291
18544
19263
18958
18957
20399
25109
18466
23525
18554
26200
23537
22145
21804
24384
24934
18972
26064
26248
22960
22209
24339
26037
18594
25631
26062
23315
23046
20725
25449
21245
23946
25730
20664
25947
24088
18507
24804
25815
22090
25501
18909
24350
26062
20603
23082
20895
18462
18767
25043
25842
20024
26716
22132
26150
21320
24044
21161
24401
25209
19984
24587
19389
19682
18513
22942
19775
18876
18603
19530
19342
22848
25670
22564
20335
23741
22443
18692
18696
21248
18373
26023
19394
24467
25567
19517
22840
25223
19024
21537
26541
19211
21660
26409
21878
22014
24109
19205
22132
21238
24005
23681
21535
24253
24395
26511
24896
22596
22664
21898
21409
22095
22611
18651
22492
18532
19718
25745
21157
26738
23544
22238
20533
26148
26757
24329
25282
25642
23699
25345
19858
19463
21520
20817
26752
24109
21817
24222
21899
21181
24554
20082
20613
25744
20846
22258
24127
19136
19383
21410
23031
24430
24500
24603
24713
20708
20836
18902
23566
25400
20169
25287
26331
20625
20792
18460
24053
23264
26013
23515
21202
22481
22476
22235
23257
20614
21786
20473
20891
24280
19606
24841
24133
20564
24926
25947
22211
22225
24998
19246
25114
22287
21224
21821
22917
19143
26479
20783
19204
20621
19664
22320
22997
21445
25709
20094
23358
22152
26414
24712
20686
18985
24438
25795
22814
18534
25684
23950
18806
22302
22537
18408
19309
26605
20305
22363
19293
21318
23007
22166
18402
18690
22150
25763
22850
26661
18375
20836
20049
21068
22504
23061
23949
24822
19415
25949
18734
20543
22378
19313
22084
18638
25154
19569
19574
20982
25298
22015
21071
26418
24448
19611
23550
18857
19649
18416
18609
21114
25660
26094
20779
22474
23255
24558
22534
18498
23680
20610
22852
25031
20311
18436
25864
25068
22663
25749
22296
19629
24875
26498
22971
23062
23906
24353
23962
18719
24563
19033
24590
25726
25099
22376
25862
23337
20605
18931
19210
18721
23247
21038
18991
23829
24335
23477
20745
25093
23615
21280
20658
21323
20899
24713
23527
18909
22659
18617
25680
25011
20522
23437
25578
25871
20187
24062
25085
23732
21016
24586
18949
20388
24245
24766
21364
24270
19654
25681
22518
21436
20923
18764
19044
20816
18547
22314
23093
20529
22037
19548
23974
22500
24178
20023
23872
25069
20234
24125
26020
21498
22228
21947
21868
19962
24268
23262
25259
25883
21577
24300
21556
21497
25036
18757
19206
20840
22360
25733
20197
24562
26105
19413
22177
19246
19006
23456
22482
22174
23627
22642
22433
25397
19079
18965
23412
22440
24831
25212
20496
19683
26584
19786
21796
25973
20608
23122
26352
19843
19267
22024
21128
21435
21460
21897
26110
22147
21353
24983
19752
21179
20304
22343
21630
25216
21345
20186
24338
24373
26501
24080
24125
19195
21824
22111
25840
26204
24591
23082
21854
22557
22306
19065
18983
19479
21944
21840
22883
22460
21144
20683
19664
19902
20572
18414
22727
26258
22406
23081
22729
24550
20642
23879
20996
24324
25220
21718
24918
23096
26245
19991
19721
23979
25377
20001
20870
22718
26108
23059
18892
24205
25279
19288
24977
18672
24033
18826
22644
23039
22350
25353
24809
23181
25779
20319
20251
22553
22001
21213
20857
25509
20938
25533
22466
21101
20298
25096
22393
21296
19634
25092
23861
21774
21703
25673
21928
20723
23042
21088
25508
24000
25722
22327
18387
26189
18422
22027
25131
25468
23675
22441
21214
20728
19033
19021
21434
22748
18922
20674
21636
18681
21757
26334
22156
21203
18866
23069
19386
26742
19656
19154
24825
21992
23551
19552
21659
18536
25804
23770
23769
22597
22250
25163
23143
23465
21070
26130
21672
23275
19554
21452
25813
21425
19634
24383
21009
25498
25586
20457
19122
26092
22386
21950
20464
21544
23124
23042
22098
22499
23569
24071
23827
25597
18380
22040
22357
23419
24442
25799
21360
19021
19426
25546
22655
20928
18586
21879
20457
23849
26412
20525
23722
24860
21640
20012
21681
25638
23057
23862
23328
25942
18801
18949
25804
20503
20634
20610
21999
18898
26421
24737
21687
24363
26292
20469
21434
23586
19525
25828
21953
18785
24147
22694
19253
23074
20103
24687
21980
26353
23742
22897
19819
24824
20411
19279
24032
18462
22016
18802
24227
25778
22876
25140
19881
25179
22380
23088
18922
20768
22938
25274
24758
19290
23107
23982
20676
22026
24306
20634
18483
22902
25866
21823
23149
18413
19316
25521
24189
22478
21554
23248
25929
26141
23484
22649
23105
22956
19635
21246
19182
23709
22425
25425
19428
26463
24787
22511
22564
19847
24597
25421
22009
22017
25142
23750
20528
19964
24465
25928
22395
20279
19584
24515
22546
26305
22158
25774
25593
23719
23230
22949
24247
23052
18644
24963
19357
21579
18524
20305
22939
19173
25755
20102
25312
25759
22108
23834
21293
22847
22980
21607
20561
26750
21066
23555
22360
23750
20324
22662
19683
23124
22167
22194
18404
19958
19192
25458
19153
23394
24722
19462
22083
23206
21413
18849
20988
24901
20549
21530
22810
18669
25220
23978
26543
26112
23410
26024
20703
25032
25153
22060
26446
23480
22570
18954
19691
18873
25448
25945
20827
21201
19587
23370
23979
25639
26071
26407
25680
20328
25590
26715
21246
18517
24121
21602
21833
22273
25074
24301
19375
24357
25121
24489
21994
18518
20458
24123
23083
18920
22979
20599
20664
26173
22323
21250
23115
25309
22994
23595
21876
25963
19568
25855
21041
23278
23234
25816
21644
18836
25720
24926
22882
23105
18996
18529
22224
25745
23130
18463
19745
21334
23971
22585
24834
22959
18883
21058
24547
22926
20283
20116
20829
19715
22280
25985
23937
22862
23456
26489
22691
26196
19150
24875
24736
20989
25468
24937
25222
21661
26708
25158
22433
23336
24719
20630
19401
20132
19602
19328
25417
26668
24815
24455
20178
25939
19743
22727
23581
24412
22326
23358
24485
25635
21592
24447
26368
19913
21405
22821
24595
21002
23657
19625
24960
26444
18861
20973
25381
19130
20793
18944
21395
26435
26660
18550
20116
25351
21766
21918
26678
20926
19785
25071
24292
26308
23725
21644
26214
20699
23838
19085
26131
23177
26376
18899
26424
25944
20409
18693
21844
21701
19547
23902
26488
26615
23676
25645
20377
24627
21856
23330
23322
26689
26129
24520
19048
19022
19911
23332
23710
19935
19120
25184
22030
24400
25960
21790
24775
20275
24959
26317
18817
23151
24016
22938
23120
26566
25259
25236
22682
22343
19003
20867
21174
23123
22564
21607
24957
19613
21340
19697
22985
19396
19130
22724
19384
26427
25080
18700
24787
25278
22624
22096
25112
24497
20040
24917
22769
19204
23074
26664
19469
19020
19487
18428
18445
23510
22256
23376
22112
18551
20493
18498
24870
21726
24739
18847
20362
19978
22898
18559
18699
21713
19195
24788
21372
22625
21046
21538
23957
23829
23325
18913
19399
24653
20831
26399
20376
23759
23341
25566
25029
23523
21371
20641
22453
25523
22630
19926
23274
20865
19630
23027
19458
23394
18476
25917
24088
25484
23197
23913
19951
22844
25337
18793
20373
24319
21961
22831
25021
19604
26054
18992
26085
22014
18548
25962
20830
19291
21359
19388
22683
20891
24796
19071
23640
19980
21174
18584
25509
22982
23132
22327
21438
26681
26707
25149
23522
23864
19434
19013
26151
26273
23840
22702
20706
22296
21474
19067
20787
21762
21802
19175
18634
25473
22724
24798
20768
26002
18663
23806
24723
24286
20792
19428
26283
25473
19359
18559
20620
21019
19738
24336
25696
19735
25944
19825
21905
26213
20035
23610
23794
18415
19469
22806
21137
25319
23001
23123
21458
18938
21474
20440
24272
18893
20104
21807
25750
25939
26566
21193
24625
24261
25376
22335
23498
25027
20534
24735
19727
20309
26593
24191
22581
23176
20080
21906
19422
20862
24732
25853
21686
26742
20074
22567
20438
26151
22502
22045
24552
20811
23757
19752
20032
25806
21317
18932
22172
22892
19004
24534
22680
20095
20098
22702
18437
25816
23807
26105
18676
19397
23087
20709
20787
20968
21237
21353
26186
19113
21430
20259
25137
23727
24824
21502
24930
25436
25656
19231
20634
20620
22270
21126
18932
20278
20893
21074
19387
23195
24756
25688
22143
24737
25921
19110
21367
19474
26723
24524
20492
24315
18969
19508
22260
20049
19783
23869
23691
19353
26128
22979
22183
20061
18681
24399
24663
19328
23000
21689
25382
26584
23852
19773
20821
24501
19646
19623
21085
18812
21284
26663
23666
21101
22678
23125
20014
19563
23952
22770
26374
24588
20283
18393
20596
24806
22701
20510
22826
22889
25609
25183
19457
26711
24669
21831
22561
21465
23176
18904
18628
19772
19625
19008
25043
24227
24304
22658
25426
22389
22214
21791
25094
18697
18956
20228
25702
23543
19576
24371
25443
25963
18949
24710
19990
23120
23064
20034
23301
20004
23264
18905
19325
22349
18630
22993
19622
19274
23074
22856
24672
24006
21376
23882
24855
24002
24659
25470
19494
18567
21078
18434
25278
18499
19343
24860
18763
21861
22849
23342
21623
20713
23840
23863
21600
23019
24684
23180
25790
21033
18564
22277
21048
21128
24532
25944
20132
25980
19297
20959
24838
23445
25686
23640
21854
24736
18609
22067
20224
21503
18627
18875
24058
24244
23662
18456
24760
20015
23570
26619
19028
21773
19345
18763
22334
23350
25061
24440
18513
26588
26645
23873
24337
23128
22100
24885
19115
18561
19735
25383
24100
22798
21501
19255
24153
18423
18523
25122
23673
25693
22163
18973
25234
24158
20199
26202
19187
25461
22398
22399
18603
24433
21659
24036
21643
23287
18932
20327
22124
21222
25274
23092
19676
25273
21442
20444
21258
21486
21597
22892
19597
18595
19942
20150
24023
18741
21792
21064
20763
19279
20117
25556
19574
24447
19913
22248
21388
21911
19926
21954
23128
19749
20082
20521
21267
22832
23767
25477
24229
26555
21445
25113
22700
24313
24625
24999
20875
22744
20586
22841
22896
19175
26148
23680
21121
18414
26093
23735
24128
23731
19718
20126
24403
20092
18821
24412
25185
24478
23211
20009
24594
26422
21643
20124
20030
24859
23731
23947
23769
21969
20317
24712
22397
21959
18929
21240
19872
25670
24697
18988
18545
19095
23220
21351
20224
23508
22385
20153
23499
23037
24923
20764
19941
21914
26448
20780
19572
26680
20134
22249
22819
18829
19558
26280
22521
23138
20800
24300
22083
20533
22703
21014
21963
22823
25217
18709
19048
24443
21389
20311
19699
22765
20287
23087
25261
21200
19686
19142
25047
24449
23274
18646
25341
23140
23696
23204
22537
24983
23666
26244
18777
26170
19146
21955
24558
26485
21393
22370
21543
21183
20468
22088
18526
25241
26078
26180
20989
23549
24156
25668
24077
18723
20166
19188
23225
21665
26595
18548
19127
19290
25103
24095
22260
21787
21008
26351
21708
25534
23664
23708
23045
19533
25344
23716
19577
20035
20022
23916
21426
22390
26026
25407
21618
23289
26648
19117
21571
19318
21312
23499
23729
24617
26136
22206
23770
22473
23297
22864
18843
25110
23068
24539
23884
19928
22365
21747
18922
21447
20210
23920
25734
24551
23202
26305
24978
24844
23042
20822
20873
26233
24489
24882
25732
25206
25732
19739
25076
25569
26253
18471
20388
19613
19592
18818
22296
20250
23535
24781
26695
20757
18688
23879
19811
21061
22140
21192
21274
25890
19232
18784
23296
21687
23326
23880
25347
23828
22685
25608
22879
25767
20933
24800
21444
20731
26333
23309
19533
20442
21852
20378
22049
20029
23793
22401
25069
24907
22097
19938
19711
18388
26443
26198
19134
25663
26250
25538
23020
26301
19815
25650
20454
25062
26606
19149
21908
24733
20570
19488
26107
23236
25211
26765
20393
20591
19608
23610
22835
22633
25496
24950
23139
22721
23193
22090
19817
21494
20545
22000
19566
24700
25257
24229
20400
25736
21368
19861
22031
21708
19948
25285
19589
26370
19976
20337
25784
24420
25705
24980
21019
24736
20900
22337
24940
21254
21030
21694
24123
22020
19242
21402
22309
18764
25522
25105
18704
22031
18481
23076
25957
23442
20359
25539
20154
19449
20802
25285
18854
20686
25109
22607
20715
20624
22415
19635
25436
20270
18441
23888
22714
18851
21523
19920
18387
24768
19726
23045
19060
19306
23459
24014
18459
26473
26154
19659
24918
20267
23579
22192
20500
22795
23662
19151
25953
18904
18553
21804
18904
18822
22374
20759
23035
22098
23318
24497
19301
22127
19742
22239
18802
23256
19587
19617
20250
23955
19338
22605
26675
23397
18399
19262
24547
26612
23894
25520
20622
19040
24068
22270
22668
26220
23413
24403
25282
19254
22575
19870
19559
19423
19278
22467
18517
19740
22475
21403
21032
19843
24784
25255
21764
22075
20513
20344
24849
22649
25720
21301
20264
21937
21041
23026
25454
24395
19120
19980
18717
21557
21269
20843
22346
26032
18384
24036
21864
22915
25047
21141
26481
22318
25101
26376
24331
22385
24600
23857
26025
19151
22144
21909
24916
21333
25005
21283
22970
20633
23587
20734
25443
20459
23160
22743
21417
25491
25883
23488
22436
23015
22485
24403
18413
25995
22196
19562
23290
25054
25105
23813
21048
24864
18693
25481
19144
24192
21328
23339
21531
19011
21179
25256
26594
19270
23355
23946
19547
23884
19502
19254
25435
22732
23306
21269
19889
25931
22791
19739
24247
18592
22820
25867
20257
26215
21937
21975
24513
24387
24715
23393
19114
23705
18669
25506
21696
21707
19122
25143
19319
26211
24410
24027
18584
19465
25289
25559
22390
21617
24008
24577
21270
20741
19026
18981
22530
21474
21692
25511
21323
24503
25111
19460
20133
22356
26495
21571
22775
25642
22321
20438
19785
18431
22467
19981
19815
25027
19753
20209
21452
19409
23018
19400
22553
24978
19056
23585
23143
24597
20094
23117
23098
24834
20201
22721
21003
24095
18669
21801
21903
23973
18796
18647
26267
18978
19146
25166
21362
25539
19912
22465
22321
23666
20188
21405
24770
18444
19916
20833
18905
24156
25294
22401
21364
22238
22670
21114
26322
20724
20281
26159
19602
19317
23569
22113
21858
21238
21510
22421
23932
20309
21154
25985
21235
21650
24010
20556
25941
24786
25568
21470
21526
25392
21564
22507
22798
26662
25080
22654
25221
23906
21185
22641
23670
19412
20058
26379
26375
24777
21585
21473
19502
19291
24887
21504
24917
23284
26283
22208
23936
21765
24383
26659
24366
22720
24772
19507
24850
24510
20299
25156
19796
21613
18954
26565
19580
26006
26054
18758
22713
21056
22212
25519
20328
19135
21212
23612
22721
20482
25876
18973
22491
21974
24248
26415
19273
20719
18401
19380
24944
21589
23132
23833
25421
23620
22409
25464
19815
25853
26650
25053
25099
21547
24376
18714
23544
21967
24047
24768
22391
24281
21485
18496
26658
22832
19196
25278
24343
22882
20198
21471
21854
18614
23118
21474
18951
25171
21854
25952
19959
23979
23433
23037
20268
24065
19795
18675
21203
20620
22927
21249
25180
22939
21151
24742
26515
24240
18489
21510
24369
22585
19003
18550
18375
21331
22171
24075
20040
26699
23293
26678
19463
26397
19127
22232
22624
26127
21045
25392
18952
25292
24026
24377
20486
23123
21436
24203
23604
23254
21745
24870
22641
22602
23788
22690
21132
22991
22219
22470
25813
21033
23987
21945
24016
21548
18580
20823
20528
21802
25265
25196
20852
21084
25121
20871
22724
26396
19787
18868
24572
22090
22367
18729
20155
18534
25452
23779
25304
22893
25021
19731
19301
21529
26357
24898
25347
23814
24783
19742
20508
19470
21282
18892
19139
21484
23896
23228
21076
18407
23674
20372
18719
21979
21826
22686
19540
22040
21245
22749
23375
21321
26018
23070
26734
25857
25193
24647
24721
24396
18626
19978
24452
21997
25312
20290
23768
26571
23734
22066
22830
19051
20062
25876
23491
25381
25623
21749
21943
23705
18845
24050
18943
25600
23066
18850
24101
23550
24827
19399
21963
26005
19239
23727
24782
25549
20969
19694
23362
24402
23598
21128
21914
22944
25263
25305
20981
22258
25660
19541
23560
24299
24054
22535
23608
19463
18790
26145
23678
21489
19251
20171
25697
21793
23115
25501
24773
20856
24095
21806
25315
20034
19729
25569
20321
21722
22427
22173
18532
19672
21431
25712
21133
23677
24249
19206
18724
24943
19018
19236
21546
19543
19735
24330
21059
23512
24745
18490
26253
26594
19871
24009
24562
20885
20478
19749
23432
25916
19045
26343
22485
18688
25785
18956
19348
23558
22852
21149
22063
18591
18413
18928
22875
19290
22360
26765
19401
23446
20151
24180
22711
19226
20180
20092
24755
19762
26402
24421
19966
24112
25960
22355
21144
18415
19358
20749
21700
19318
24375
21067
25810
19725
24827
20097
20591
21390
21295
23818
26599
18595
22028
20750
24002
19931
21976
21855
22643
26211
19268
25514
20394
24259
23675
22542
24199
22041
19335
23801
18840
24108
26424
21021
22503
20214
20226
21761
25689
21789
22635
20111
22989
25853
20939
18387
25333
18525
25369
20276
21217
25563
25041
23782
25927
22163
19177
23392
26265
23516
25902
26725
21226
24779
23544
22124
23995
22697
24274
20576
20549
18590
25004
19170
22712
25580
20412
22309
19112
24329
19891
19214
18420
25566
25066
22596
20618
19988
24892
20744
18678
20864
26285
21810
21393
24700
23502
19972
26199
23804
22837
21648
20342
23664
19086
22321
21849
25508
22469
22664
24858
20079
25563
18659
25554
25832
18973
23629
19704
22267
19861
23893
19227
24061
23070
26004
20633
18559
21551
18637
19968
21115
26399
24435
19276
19291
21731
22210
24127
22163
19255
23813
19730
20951
22491
20505
22264
18393
25284
21175
23499
22047
22918
18738
24341
22683
22687
24830
19609
25468
23537
25831
24827
25824
21284
19604
19756
23897
25081
21261
23390
22424
19417
24090
23382
20818
20333
23073
24204
24668
18943
23845
19622
22760
20875
21135
19903
24383
21153
21131
25439
22340
24197
23875
25309
18964
22165
20409
18692
24803
19274
22075
21573
24712
24286
23693
19912
19754
22249
18792
23931
24031
18854
20313
19868
19785
21665
25524
20466
19604
22657
19475
19580
22869
21185
24876
19781
23361
22043
24992
22547
24646
19427
24839
23593
22562
18576
24264
21655
20327
21985
18816
18512
26004
25889
18526
24826
22498
19330
22966
24204
20732
18881
26225
26250
20164
25281
23388
18628
24799
24187
20548
26299
22033
20527
20639
23629
24586
23584
25893
25108
21471
21193
21213
22613
22765
20974
18772
23406
26172
23666
23150
19539
23539
20724
24541
23802
21709
24405
20536
23230
25602
25717
21880
22360
19197
20474
25503
18467
21856
26021
26083
25295
18815
21957
25638
25189
21390
20138
23353
22203
20240
18920
22551
20573
21760
18536
22476
23442
23883
24393
19222
23495
19597
25147
22475
20822
23744
21963
20668
23185
19759
19629
20638
19839
23516
19266
26439
20384
19507
20723
24199
19327
21067
19538
20928
19029
23006
18651
22577
25861
25841
18508
21804
25552
24226
23612
22687
20270
24905
21358
22344
20576
22526
18799
22176
19119
23335
21099
25039
22190
24551
23671
22016
25579
21950
19772
26647
22655
20439
23890
23455
21582
20860
19319
19305
25791
18393
19190
23832
22445
26713
21583
24606
24670
23929
18706
23793
24025
26309
22373
26531
22173
24882
24835
23689
21592
19956
23367
24730
18707
26496
20485
25282
23713
22896
18378
20344
23369
22939
20981
25065
22007
25290
21606
18945
25322
24702
22974
19052
20162
18470
25565
24885
19617
22736
20194
25393
19617
22296
20073
22668
22402
21912
18549
21644
26038
21028
19816
23945
22920
20684
18629
24537
22175
25946
19569
20811
25244
18571
22023
21207
20996
25126
22444
19263
25413
26372
23645
21242
23174
19453
20714
23443
24579
19530
22518
23911
23778
20889
20980
18837
22583
21302
24483
19637
20376
20040
20165
24560
20934
25999
22830
19704
26704
25510
21595
26621
22967
20068
20703
20198
21552
22135
19461
24895
18797
22972
24968
18414
19568
26359
26013
20227
19993
23606
22846
19472
20201
20551
25946
23778
22066
18589
24365
23701
20078
26195
23571
23610
20312
19190
19818
25963
19299
18976
24905
22238
23029
26045
20547
23305
23343
22631
18902
23188
18517
18760
22136
25683
20582
22783
22236
21808
20515
22776
21754
22262
21014
19016
23311
24782
24827
21046
20454
25247
22260
24290
22265
20659
25758
25523
23952
23249
22373
22443
22230
24748
24388
19729
23634
24925
24415
25866
26747
23147
21614
21512
24378
25426
18917
21849
24258
23443
25729
24263
21520
20560
24492
25305
21876
20003
26013
25834
23124
23185
24381
22593
20652
19568
25010
18680
25339
23070
21685
25700
23532
23628
20667
22607
19733
19949
24640
18893
21837
24393
19654
25474
19086
25027
23901
18698
26039
21157
25637
23098
24557
25417
22125
23262
22129
19172
19782
22594
22973
21617
18501
21267
20825
19153
20485
22166
25099
18427
20439
25153
24054
20979
19001
19396
18593
20282
25252
18938
24521
20645
18543
21769
24011
21731
21157
24434
23846
20240
22842
23269
20917
20939
23354
19184
21640
25330
23742
24540
25937
19535
22701
23254
20873
25546
24859
19952
21354
24894
24505
22954
19298
25664
26658
19513
19366
19016
24032
22679
19067
23424
20203
26739
22369
23955
25914
23427
22154
20877
26171
22225
23397
26043
23434
18423
24952
19082
20558
20952
20618
21488
25038
21055
24493
24212
19097
24979
21838
18784
20927
24626
25639
22692
20221
22464
25285
24874
22115
25013
24819
19044
22387
23850
23431
23464
24980
20465
25828
26287
23224
18551
24646
19067
20497
24933
20466
26623
19013
24683
25525
24120
23914
24358
19331
19455
25721
19847
25414
19425
19811
18955
19438
21541
24142
19982
20788
22153
19490
24679
21209
25676
22982
25009
20022
18548
26528
26572
25244
24589
24106
24131
19231
20152
26500
19898
23152
20948
24724
23509
18662
18442
24847
25474
26004
25300
19230
20290
22417
19902
21745
22148
21710
19852
20949
21741
24490
25441
26507
26226
23219
20459
22966
26307
20541
18698
21730
26608
18956
24842
24188
23339
18947
22591
19524
21315
24596
26598
22132
19379
24569
20787
18432
20752
26272
25163
26125
19053
26733
20758
18905
21226
25311
18530
22847
18912
25486
19908
25351
20206
25823
22176
19942
24960
26427
22906
22328
22766
22067
19235
26501
18424
23345
22782
20686
22679
18591
19854
21933
22093
25513
23051
26127
21739
22602
20552
25110
25899
22425
20879
24318
18715
25057
20238
26133
23108
25437
20628
19366
23833
26035
22885
23466
22897
20597
20972
24685
21537
21311
19080
25399
18801
24239
23574
24199
26764
21836
26118
26023
24842
25703
26554
20615
26353
20458
25829
19116
18529
20718
23312
25053
23324
26194
25536
21171
22944
20650
24930
25393
20859
19221
20825
21462
22891
26447
22484
25155
25863
19165
19641
26462
20559
18908
24974
21524
26673
19306
23027
25560
20161
26104
26664
22316
26191
24153
18894
20898
24911
19013
18709
24746
22530
23142
21671
19241
22735
22672
25911
21011
22301
24689
22577
20129
20299
24214
21313
20543
22501
18672
25516
26473
21916
24098
19962
21818
25860
25491
20969
24644
25574
21539
20343
21446
19761
20241
25277
21140
18773
19789
20994
25622
26685
25182
26639
19275
21674
22127
20088
22018
20296
23818
23256
26679
18843
22767
23611
24259
26419
25565
21551
19655
20830
25355
20551
26440
20533
24685
25938
18808
21969
21243
23296
20637
24345
23817
18854
20873
19005
24721
20025
24970
26082
20603
21018
22729
18571
25877
19384
26353
20170
19748
23154
22366
26414
23930
19476
25638
22930
25292
22289
19478
25445
23637
22627
20192
23456
19881
24458
21174
21863
22810
26009
21173
18667
20876
20974
21705
21120
22634
24882
23141
19174
18585
23306
25661
23391
20851
26028
18602
25014
22710
22331
22919
22103
25933
21946
19994
24459
25586
18938
22546
20457
24738
26151
19357
19409
19975
19976
20881
23949
24044
21802
21724
21736
24890
24572
25689
20339
23584
20159
26219
23572
20522
20170
18998
21162
23199
22265
22512
18505
19479
25781
22728
26305
24002
21643
24230
26433
24633
26587
23310
26356
21509
25579
19940
21050
21363
26697
19772
20345
22404
22681
22524
18637
25774
19952
19991
24960
25650
25314
24290
22813
24720
21612
25611
19209
24047
26222
22265
26559
22682
22675
22337
18808
22858
25034
19525
23450
22607
22089
26060
19419
26587
26584
22404
23680
20671
19889
23219
23876
22914
21916
20713
23388
25493
24610
24870
22474
25488
24410
22795
19781
25098
22037
20443
23528
22817
23359
25049
21963
25691
18654
25637
19074
19000
25583
25366
24642
18837
25603
23158
24139
21429
20084
22452
20517
21970
25806
18893
22560
21561
20676
21430
22408
25933
20944
24217
26030
18374
18514
20469
24785
19927
22343
23149
19524
24025
20535
25427
23362
21458
23639
20183
23489
20864
20484
25854
22242
24993
19812
20705
20476
19060
19659
19024
23929
24507
19302
19860
23918
19267
20241
23748
23575
25680
20780
21511
24622
19686
21144
21426
19327
19394
25490
20840
23157
22456
21332
19625
20749
19501
18751
25323
20622
24576
19308
25738
23566
22896
22528
25057
25248
22316
23113
25169
20747
23305
22729
24644
25091
18539
24067
25551
18575
23043
23175
18607
19946
20742
21839
23216
19320
19659
19517
26614
22602
22112
23137
19833
23266
22656
19424
19137
23721
25710
25105
25284
20626
23860
23382
21073
19341
19229
18835
21487
19623
21147
23717
20709
23740
20596
19065
20376
23298
24827
19570
24593
21927
25590
20281
21626
25753
19149
25378
26049
25007
25661
24238
25096
23875
18451
25803
18422
18855
25053
20723
19454
21960
20016
25182
20818
18841
22517
20203
22838
25936
24031
24102
19245
26114
22444
22835
24716
23695
24666
20155
25395
25643
18959
23070
21873
24810
24550
25791
25454
23010
22279
19548
22730
25401
24346
25249
23574
22059
22430
22256
24600
19991
19714
20787
26114
24735
18577
20974
21261
25718
22033
19144
25504
26605
25448
23388
25876
24735
24064
21387
24915
19217
26132
19392
22560
22061
19526
18468
25114
24045
21685
25348
24375
19443
19793
25494
18867
18725
20304
23573
20313
19657
20871
24246
25620
24973
26613
26266
25076
18658
22111
24539
26384
21248
24095
20361
23302
21709
24747
23198
24458
25501
21071
21127
19829
22593
25434
24202
23379
24138
19851
22046
19494
20480
26748
22833
19985
24398
25247
23213
20626
25834
20804
23948
23753
19461
24842
20282
20227
26167
22827
18866
25897
21006
22255
19796
19045
24814
21646
26661
24826
19170
20659
21455
23191
20483
23002
24865
19083
21838
23095
25939
19799
21650
23046
24388
20762
26741
26188
24363
21506
24592
24298
26665
21406
21777
21682
24698
19482
23039
24673
24050
19661
24880
26187
21807
19406
25959
24159
23495
24878
21325
20075
21815
23654
24689
24778
23843
18447
19697
23594
19212
23109
21063
21523
25850
18991
20166
21520
25535
22457
23674
21705
22926
21845
19267
22263
18564
24022
25138
20354
25370
23984
22476
18529
21344
23543
20385
20139
26682
18771
22526
21763
21449
26702
21777
22557
18828
23454
23414
19377
24073
25168
21062
21709
18407
19382
20426
25519
23414
23023
20693
23504
22558
21853
25042
26640
24590
25033
24589
26297
24972
21968
20155
26236
22076
19512
23697
21034
23326
23495
22438
20146
18966
25395
25674
21701
22395
23259
24924
26126
23032
22472
20906
23127
19043
20031
20165
24373
23468
24848
19022
23998
25082
25055
24329
24175
23716
23327
21930
25458
19633
20932
21428
24228
19520
21025
20544
24346
25631
19691
24338
23110
25531
20550
23010
21730
24340
18969
23049
26747
22331
19296
24147
24762
25353
19602
19196
18424
23337
21323
21988
25673
23998
22593
25243
18478
20879
19603
22165
26686
24859
26024
18642
18480
21124
23023
21153
20430
19388
23039
23012
20339
19187
23039
23849
24378
20612
22360
25961
26450
19239
18567
21938
24979
19422
21823
22407
23486
19000
21998
22462
20555
23384
19645
25587
26134
18931
25917
18881
20927
21145
20676
22772
20560
22465
19936
21359
22706
20477
19382
20650
19626
20354
20770
19643
21298
18739
19174
22596
22238
21034
23141
25161
23786
23773
26607
21959
26481
21090
19095
22736
22124
20255
26517
26374
23896
21771
25711
20580
19258
20839
24251
21883
24933
24161
23664
21810
23794
24757
20567
25517
22792
20142
20059
22271
24559
21098
22805
24996
23171
23926
18893
19558
19617
25174
19253
25661
20774
25001
19386
23628
21231
18764
26598
20399
24146
24472
19700
22905
26146
23668
22652
18533
22833
18991
26537
21294
19124
18855
26606
22810
24901
25932
25199
19923
21387
22322
23999
19690
19063
25107
23325
18542
23198
19652
24165
24175
23449
24367
19062
25680
22812
18705
22596
21029
22091
22578
25339
21186
24376
22435
21628
18525
23844
21095
26057
21897
20976
19884
24717
23125
24346
22328
18805
21534
22853
21153
22947
19752
20768
25315
24649
19356
20171
25995
25192
18586
19919
20646
24480
24928
20153
20235
26358
19584
26085
23133
23892
23838
20052
20349
25990
23299
18475
19228
26752
18561
24835
19098
22263
26720
24253
22824
25594
25490
21433
24563
23964
25052
23990
20662
24123
20907
24275
26208
26415
24090
21702
23419
21459
20978
20189
23876
23437
18839
25288
19761
22916
22494
24545
19743
20238
25362
24504
24501
25431
26592
25040
21781
20900
26502
19437
20326
23511
19009
19765
23988
26713
23516
25605
20888
25643
23642
25345
26296
20178
25557
18944
19198
23028
21636
25625
25757
22460
25388
20952
20683
24743
24217
22912
21587
19079
22576
19906
25418
20646
20094
25049
18574
25051
25142
26284
24267
19710
22750
23809
20747
21609
25079
21823
25929
25177
21767
19743
20447
22583
20955
19097
19116
18731
21454
20449
22059
22531
18556
21431
20950
26474
19448
23614
26657
20763
23299
25270
24672
25635
22538
20141
19191
26315
19910
22802
25762
22196
24104
20622
18609
19743
24490
25169
21299
19762
18380
21368
24823
18555
24557
25921
19609
22676
20747
22879
18737
25263
22111
22535
22823
21309
24060
26658
18959
20324
24258
19364
23199
20762
22182
19004
25413
21133
24192
18409
18383
23926
21600
19776
22358
19555
19640
23380
22068
23466
25672
19782
19302
22484
19640
19611
24244
19458
23565
19286
19062
23003
25990
26338
18510
21163
22026
20979
20830
18476
19547
25749
22486
18410
19016
22681
18495
18949
20173
21379
19904
22073
20471
19579
25117
25882
21351
18565
19014
25647
24343
26090
21391
21685
23606
22933
19572
23451
24455
18774
21678
20379
23458
24915
23289
21589
22690
18520
26075
22873
25974
23205
19973
19129
25401
26763
22551
21641
22756
23514
26083
22551
25571
21853
25089
18438
20686
25769
24628
25861
24225
23079
21462
25635
21890
21751
21873
23527
26518
19769
26174
23064
19117
25475
24349
24071
24570
19490
22666
24598
20613
19388
26518
23696
22771
19373
18620
25650
19331
22135
20204
21915
23005
24662
26495
21795
23589
23009
20911
26239
25993
20924
20210
25238
20490
24476
23255
19073
24823
20698
24602
25137
22122
24786
21288
19211
20456
25961
19484
18395
19589
21477
24337
26536
23464
20418
20566
19131
25626
25341
26714
19224
26677
25139
18700
18919
25000
18550
18468
23049
20501
24456
25130
21415
18835
22827
20982
25861
25492
18375
23973
19091
22722
23488
25527
21751
22672
22094
20814
20804
19820
19843
23790
22581
21347
24949
19434
21988
24149
22386
21183
19638
19606
25337
19364
19455
23239
20587
19793
25334
18788
19344
21487
18814
24293
19038
18590
23623
19934
21278
21331
19422
20538
26040
26417
24087
25344
22131
20309
23402
22783
26626
23582
26586
19632
26571
23664
20125
20069
20760
25589
24134
19984
24648
23384
19851
20777
24076
22269
21067
23447
19885
25971
21381
22935
20141
20984
22322
25342
20409
21911
23835
20828
21956
20888
21602
18496
22480
22691
25877
25251
19829
23413
23495
22700
19596
18855
21072
22811
18389
24040
21271
25677
23672
26703
23772
19029
21527
18389
24859
20790
25080
18744
20519
24941
20582
21179
25051
19253
25541
21816
21001
18880
18987
21133
18789
21415
26580
23886
18391
21944
23431
20501
22778
21273
24082
19682
19431
21136
20722
22521
25108
23405
22003
24887
23484
22520
22926
23228
26168
20111
18706
18731
22145
24954
23158
24676
22505
20165
23482
22614
25825
20527
21219
20001
23544
25867
20302
21960
23497
19912
20308
19169
25673
19969
20567
18489
19700
20659
26765
20915
18928
23993
22282
21532
21991
21482
23153
25856
22042
21964
20721
25670
24625
18437
21019
20606
21794
20822
24660
23744
20195
25172
19334
25968
25140
20286
25676
19871
19515
26124
21274
20049
24446
20390
24560
18983
19972
19924
18642
18389
26422
19138
24599
20442
21590
19592
20888
23328
22885
26359
21975
26395
24142
24228
21568
25358
23270
25926
20715
25420
22145
23283
25925
19563
18380
24408
19645
25641
21334
23475
21969
21307
22200
19896
23835
25230
23880
20684
25170
19974
23891
21003
20881
20122
24958
26138
20215
25123
23114
26182
20537
23564
18837
22770
18841
19240
24381
26598
26319
20217
23448
23556
22743
21720
19267
22984
25129
18508
26237
21328
21174
23715
25068
25378
21056
18402
22251
18483
21253
24705
23952
20167
22090
22079
22474
19785
23604
21667
19457
18613
23199
23951
26371
18693
20812
20548
22924
21953
26595
19192
24711
20397
19956
25116
24381
18972
23115
20841
18859
20144
20604
25775
20469
22444
23147
19789
18580
19282
19634
24293
26196
20285
24527
20441
20961
21375
20370
22719
21977
23657
24789
22255
20032
24607
26747
19528
21218
20962
25128
22022
24441
25676
18685
25997
20848
25032
21283
20494
24305
19793
22645
19734
21256
21807
24617
21147
22748
21320
24377
25721
26654
21514
23383
24312
20868
23713
21854
22938
19213
24370
18768
21555
23699
19314
21827
20546
19297
20902
25330
20002
21716
20191
21578
20113
21147
25555
18544
21986
23725
24944
23284
18853
21412
23022
24696
18574
24407
19774
26749
25881
18444
20911
19769
20402
20238
19437
22115
18689
22136
20506
25170
21661
25406
24026
19262
25361
22324
22769
19438
21047
21777
25231
23980
21956
23294
18403
23170
19100
20439
18950
24854
21584
22285
23841
18837
19585
22243
23716
18657
25733
19055
19372
21044
25324
18948
21006
25936
21845
25745
25428
26584
20343
24281
20280
23784
25926
21768
19302
21194
25983
25342
20321
26497
19222
22565
21897
20400
22760
21555
18569
20990
18754
20382
24451
23541
19936
20557
20032
22364
19707
22851
18834
22764
26394
26464
23972
21963
23091
25172
22578
19402
20897
25010
24466
21815
21214
19221
23342
19840
19626
19477
22502
23184
18739
26007
22448
21839
23082
24097
18979
26193
20971
19094
23925
23688
22758
25155
22630
21469
19625
26155
19899
24147
24716
22320
20525
24229
22419
24722
23762
21612
26682
25258
23992
23821
18383
20934
24669
22084
23486
22564
26336
18601
26450
23388
24077
23167
21301
24581
18944
23693
22887
19565
22115
26038
22440
21746
23651
24739
19002
18587
24578
24891
24077
20965
22592
23098
18815
25780
22484
23980
22844
18801
24883
25172
19821
21679
24247
24989
18486
19638
21997
23282
25702
18768
26036
26567
18866
22153
22962
20419
24593
20842
20251
20181
21655
21808
19538
21480
20991
21222
25991
21651
20833
19170
22689
24325
26464
21213
20660
26208
22870
22639
24600
20581
20040
20585
20426
20783
19049
23943
23628
25505
25271
21571
24052
22471
19766
18679
22274
24165
22175
25310
18641
20683
21412
25774
23882
19131
25646
21835
22699
23368
26442
22842
19481
23595
26070
19094
26029
19741
19768
21736
19138
18611
19090
19346
23546
26560
23825
25249
21244
18638
18966
19150
23893
19773
21057
24025
25259
23782
20388
25027
19233
26348
26588
22970
23203
19376
18610
23214
25510
25136
24836
22879
21491
22497
19873
21086
25650
21510
20458
25310
18833
24416
24772
26622
26187
20957
20388
19482
19524
25291
24726
26699
20533
20615
23120
19498
25789
25173
23542
20592
22913
18690
23826
25092
25805
25093
23903
20388
20093
22886
19718
23078
25041
25534
24153
18867
23046
23376
21879
19783
21885
21053
19723
25449
23169
22216
25795
21543
19937
24501
18717
24314
25566
20780
18631
25169
18684
26345
26089
24582
26396
19447
24102
18425
21505
26626
19535
25880
21168
25656
19238
25854
21616
26300
19041
25164
25268
25016
24336
24491
24547
19104
24582
19852
20570
23294
19346
24041
24361
19968
25821
25377
24803
23113
26237
25541
20993
25021
23974
23090
18872
19842
18998
21302
23176
23997
19519
20311
22774
23350
24947
26107
24914
21853
26101
22686
20375
23029
24187
25165
23653
25128
20217
25158
22683
25054
23006
19536
19015
25090
21903
20193
19619
23255
22735
21044
20830
21514
20640
25971
20323
19937
20148
21338
21480
19156
19290
20477
24749
22204
20044
19336
25152
20632
18385
22622
20223
23247
20514
22216
20600
24318
23504
23390
26316
18580
26039
25562
26702
22809
23198
22796
24951
20531
23158
23893
22568
20191
20055
25316
23129
21453
23296
24016
24708
20036
23769
22832
19077
19200
24653
18381
19520
23401
20045
19619
26106
23364
23353
21477
21702
25982
25167
23982
25935
18784
26042
23062
19748
25065
23674
20703
23373
25144
24589
23943
19685
24088
23132
25194
26577
25447
23094
22587
19450
18536
19313
25336
26080
25099
23323
23487
20549
24107
21185
24985
20459
24861
21760
25784
20416
18938
20311
18921
20125
24748
23410
22398
25254
20688
25975
25682
26419
19133
18610
21407
18751
24091
21721
24344
26604
20998
22548
21852
25639
22008
19756
25896
25155
25011
26107
23439
25794
25185
23624
22739
20378
25842
19942
18876
21269
22761
18412
18998
21964
21481
26042
20047
24805
21109
21016
19815
22901
20407
22910
19564
18478
23681
25448
20326
26012
21612
18851
19994
25465
20108
19772
22979
21504
22828
25820
22448
20904
24076
19806
19043
24183
21575
25384
20832
22119
24271
21397
26687
24097
19937
26030
24124
22445
23036
21582
20557
26146
23674
23733
20351
19438
19321
22468
24866
23383
23002
20665
24851
23042
21959
21317
20925
20193
23358
23104
26701
18476
19987
18668
26154
21322
24708
19772
20374
26002
20286
23350
21664
19587
21230
25100
21190
23663
19355
23735
24066
24793
21986
20262
20538
19778
24137
24958
19577
23653
19118
23685
18462
25571
18977
22709
25863
22971
24612
21688
19708
24673
20987
20410
24015
21518
23789
23286
25250
23926
25526
18634
26206
26240
19274
25640
21122
25504
18441
26465
20839
20367
18421
18706
19122
23210
19342
24905
24169
18522
25348
23830
18529
18708
19618
21409
25048
22453
25930
24986
25537
22364
25199
20020
23738
25124
21845
25574
23031
21580
21915
23468
20548
22091
24233
20081
21378
20890
18522
18501
23487
22384
24096
22232
26327
20559
23200
20055
19300
21378
18636
21011
24595
20274
19325
19694
21206
26513
21991
20414
20793
26173
20604
19438
19324
25971
20461
21153
18376
20375
19583
20845
22266
18896
26396
22808
19939
20342
20913
20111
22544
24002
25300
26318
20910
23561
23843
24815
23763
20011
26386
24959
22259
20855
20621
24758
19865
21809
23595
19337
26617
26504
25097
19984
22023
21650
23931
23871
19688
21259
20323
21061
20787
22518
21385
19432
20217
20411
22920
24992
18991
25306
20812
24488
20784
25929
21851
24058
21862
22825
21427
25192
23577
18873
21984
19280
20473
25780
25710
21785
18761
21220
18775
22325
26466
18716
25541
20060
21538
21578
20635
26588
19355
18411
19575
21320
19400
21339
20772
18433
21272
24248
18597
24093
19752
22742
20613
24196
21197
19561
23288
21090
18788
24475
22517
26530
19088
19365
21350
21676
18883
25913
21624
22946
23101
22518
26044
21043
19583
19359
20150
26603
19556
22967
20079
22445
21673
22810
22491
24628
20679
21481
25779
24738
24966
21199
20989
23786
23815
21927
21959
22470
18991
21531
25077
24656
19184
24077
24039
22715
19957
20993
22000
19346
20992
18590
22795
19379
23102
24922
24474
20389
21258
21772
18562
18505
25704
22133
22077
20391
19964
19260
19017
18750
22876
20570
24646
23288
18868
18770
24561
25354
20342
24457
18577
18771
18632
24283
23340
25928
20879
22788
22183
21440
24477
25958
19565
19670
21168
22543
18922
24083
23743
20740
22400
20367
24937
21842
19259
18610
19195
18448
20920
25550
19472
22476
26396
24784
25645
26715
20489
21233
25238
25316
20844
19336
24853
23473
