30453
28324
26065
27659
30147
32328
30104
30052
26878
28403
27834
28462
29659
32349
27066
33406
31368
28717
26817
29488
31522
26493
34013
26899
26760
33608
32855
31109
27077
30971
32761
26212
30375
28039
28508
33221
27169
32103
30172
33572
28563
33855
31118
30689
26225
31843
27210
30837
27554
30744
32868
31681
31975
33999
28092
30382
29361
34200
29920
30530
26774
33573
29896
26888
30646
26902
31107
28091
28663
34182
26140
33153
27716
28250
28305
29765
31970
30751
30034
26495
31364
26856
28954
27781
29082
30648
26868
28377
33861
33235
31343
26861
27856
30710
26856
28793
29084
32522
28849
33230
27549
27173
26592
31846
26482
32383
26943
31568
26207
32781
30733
33602
26344
30111
32928
32141
30108
27329
32643
31810
26866
30062
32272
34308
27185
29236
26647
29017
27997
27992
27374
29655
31158
27056
26281
34483
26694
33229
32746
31059
29307
26527
29192
27294
29032
31105
32668
28689
31475
26477
29461
32553
30802
32794
26722
31274
30021
32272
31907
31591
28741
27918
26693
26125
26854
33043
30414
33237
30904
32662
28684
29156
30964
28780
30417
34029
31654
32446
33089
26979
30634
33099
31951
31301
28185
27430
26620
28489
32518
29417
26262
32149
26136
27012
31715
28473
30470
27034
32619
30088
28637
31548
29572
31642
30771
27520
27549
32059
27347
26311
28633
27670
30442
31981
32140
33809
29816
29540
28214
34017
28428
34191
26984
26891
34442
27889
30726
32259
29389
32854
34291
30112
34093
28206
33551
33504
27996
34102
27955
31644
27859
28107
28722
30500
33935
30931
30937
26235
32707
29724
28814
26370
30981
26660
31597
28325
29966
32326
29002
33206
26691
32451
30097
26409
30756
26199
32956
30424
33977
31809
30202
26558
31484
30747
31334
32030
29911
27421
33519
28760
30343
30590
29868
31672
33527
30112
31480
33244
30950
28495
28150
26561
26779
26795
31548
26326
27514
28342
28819
30331
28781
33255
33450
32984
32129
28821
32100
28104
33210
27336
29998
31057
27107
31596
27306
29217
27555
30058
28613
31649
32405
31154
29976
31381
30540
32230
31980
29232
34302
30636
26587
28533
29933
34346
29340
30786
32520
27424
31337
31998
29869
29478
29577
26847
32393
26329
32365
31059
32453
29025
32667
26331
27916
27252
27051
33216
31233
26643
29433
26445
33226
32492
34220
31614
27034
26662
33349
30870
29432
27798
26275
30113
29609
31451
29289
31492
33814
30990
31063
31617
27469
31809
31767
34332
26394
28291
30839
28280
26720
31205
26222
34028
30251
30757
28264
31855
29720
30970
27010
27139
31058
31807
32881
30594
30336
27037
27438
30922
33966
28459
27532
26919
31012
28280
32710
28308
32238
27597
31603
30442
30449
30759
28152
32916
27287
28030
29283
26853
26809
30582
29280
33387
28039
30986
33658
29321
33376
34497
26734
26343
32738
27179
31200
30207
26031
32223
27670
32146
28850
27042
31966
26371
34240
28019
26541
33761
31020
26682
26466
29741
31383
29196
28522
27321
27552
29047
27992
29765
30217
28151
31970
26211
27442
30574
31868
32554
29698
34382
28851
31075
26038
29008
30263
32081
32618
26224
26572
33454
29239
32094
30184
31890
33182
32337
28091
31958
33911
32416
31891
31485
32374
31525
31077
33793
31473
28986
26331
34381
27793
26593
26290
30786
28140
26843
33115
26430
26322
34361
30101
30126
33299
27733
33493
27803
29273
29667
28663
27673
34076
30202
27636
29919
32691
29132
29849
26348
28970
34296
30948
28691
30143
26455
32324
28737
32493
30180
32813
26987
30993
33340
31868
29974
32428
27232
30426
32905
27389
29172
27656
28912
26021
27526
30993
34143
33593
30706
34186
28469
34238
26297
29219
32902
29952
32335
29796
27373
30650
27727
27138
31437
27058
29496
27695
27558
28758
32407
31475
33057
27350
28747
29482
29717
32020
34503
31950
26459
33075
28679
33721
30223
29127
31209
29450
31078
28183
34196
28529
28773
31067
30677
29726
32081
28885
34101
29749
32735
26702
28591
31512
34427
28290
29545
27794
30678
31734
27353
28204
27723
27760
27186
27744
30645
33762
29749
30378
31798
33550
32753
27694
28714
27636
29887
29132
34211
29583
30879
32911
27470
31089
26384
29552
33104
31422
31169
31884
32644
28379
33582
27041
28191
33400
27474
26759
31263
32498
30448
27391
28463
30318
26684
29907
33633
30056
30429
28427
27076
32780
32226
29627
32074
33867
32678
27171
26130
27000
28895
26404
27538
30968
27296
27041
26702
33847
27818
27516
33538
27073
34554
28962
33542
31156
32978
31759
32267
31910
31045
26429
32832
29106
34232
29509
28431
28586
30168
31389
28825
27479
27234
30610
29202
28255
29090
31633
33728
29687
29300
31517
28938
27925
26248
34109
26383
34332
29280
26520
27169
33848
28917
29164
29530
28752
26146
29418
30242
30995
31955
33912
32430
26629
32087
26752
26010
30371
30100
29674
30033
30807
26683
32175
27356
26229
30638
29165
27878
30785
33618
27379
32745
29182
26724
33637
29878
33057
34283
28429
31972
30415
29952
29508
29001
32745
26320
30983
32963
32337
32751
30354
31226
27684
33984
34108
27124
33137
30563
34556
27739
26932
30785
29160
31228
28393
30721
31507
29301
33694
32481
31557
28454
31020
34029
31254
28283
29365
29463
30014
33915
30474
28044
32725
29675
28009
26807
34352
34435
33859
30657
31591
31514
34484
27486
31501
28728
27652
28929
30264
27554
26047
29285
34095
32421
27197
30602
27969
34620
34093
31304
32868
31072
30832
33051
25979
27999
27284
30446
33729
30535
27928
27751
28991
27093
29676
26764
32193
31761
30841
29659
34158
32880
27484
34195
26916
30383
29636
30634
30752
28992
31937
30639
33745
31652
27769
26894
27205
33070
30123
31380
30575
28381
32939
26801
28781
28405
26672
32997
29212
27864
31648
32360
31290
31583
29101
31762
34001
28537
32151
30195
31376
30879
31313
30564
32355
27594
31172
33429
30763
27436
28437
29222
30386
31722
29420
26913
31647
28332
34122
27997
29197
33021
28989
32772
33181
29476
27759
27521
26114
31391
33168
28274
34042
26099
26843
28910
30092
33955
29631
33871
34348
29898
33732
26044
30501
29087
29453
26983
27294
33666
33663
30870
26168
31572
30765
33491
27948
32875
29445
27165
33997
28416
26250
28959
26177
27105
33497
29845
28455
30243
31853
32030
27996
33184
33580
27966
34148
32556
32457
30125
27431
26785
29480
27608
28849
30701
29964
29652
28774
31210
33308
31114
33919
29175
30090
28233
29795
32463
28757
32673
27259
27460
28402
31857
30971
27123
26889
27305
26003
28088
29375
28789
27882
34264
26255
29431
32937
28314
27940
30386
29786
33655
28716
26949
26696
27217
29505
27422
28076
30316
30411
26538
27808
32611
29686
28326
28591
29676
32766
28471
26490
28560
32578
31308
31872
29672
26538
30816
33016
32527
32532
30261
29336
29659
33173
29280
30137
27781
31020
29704
33613
26015
33259
33556
30064
33051
27122
30170
29073
27544
26527
31150
27316
28488
31030
30267
34544
27770
27887
29110
27933
30772
26573
32517
33027
32154
28992
33156
29855
28826
31367
27797
32088
31763
30937
28453
31169
29947
30037
34506
34116
30594
26450
29520
26502
29749
29033
31621
30065
28878
30131
28474
32645
27600
29207
29624
28840
30394
28741
31056
27806
33962
27309
33806
29050
26545
28256
27450
33555
28854
34108
31021
32262
32735
27296
30778
29273
28905
31974
31125
29474
31693
31652
27177
32528
30035
31834
32269
33109
34512
31400
27262
34527
26629
31847
33585
31592
29064
32410
29745
32104
30559
31597
34272
34626
26867
28279
31314
29769
28745
32705
32630
27347
26847
34173
34595
26302
30391
28447
26979
34605
28861
33793
32968
33568
31308
26901
31889
26983
26404
26448
26764
26099
28883
28251
34191
28541
32564
31670
26839
29765
32252
29146
30310
32324
33901
32186
29561
30433
29461
34483
32658
30783
27747
28743
26417
27459
28103
27515
27313
28853
28973
31872
29098
29252
29409
33280
31078
27640
31689
26583
27987
30412
27490
26928
28363
27089
31290
29361
30788
28479
33246
30944
32550
33287
26065
30363
33277
26638
29341
28925
28694
30346
27152
29547
28974
27981
26982
27357
32280
27231
28350
29178
29270
30717
28643
30028
29632
25994
30078
27793
29359
30659
30213
27482
30169
31287
26609
28175
33593
29920
31489
32455
28131
33691
26391
34170
34203
28336
30677
32292
27443
31382
30718
31533
26982
32956
31278
34028
29285
31491
28819
26679
32558
31317
32303
33967
31966
32991
26106
26408
33549
26701
27141
26975
27689
33003
26763
25997
32747
26606
33113
31972
32719
31860
32238
30273
32517
31820
30416
27157
27816
31437
31389
29104
32056
31780
32101
27335
28477
26195
27738
28272
31725
29081
27949
33717
30760
31033
27946
30649
28656
29895
31743
29265
31001
32931
30452
34305
28473
28602
27593
30951
34265
30264
33150
30878
28325
34460
30902
32118
34526
27196
31257
34094
28580
26404
33020
31226
31095
32458
32999
32814
26855
32527
27543
30305
34342
26776
29198
33003
27459
29903
27202
32239
33589
26967
31840
27571
28644
26757
26320
30699
29262
32091
31900
29316
28851
33264
31909
28011
31299
31929
27845
28079
27469
29696
33250
31431
33555
27923
27311
29085
26374
26182
30784
29413
29055
28145
30276
33793
27505
30533
27422
27504
31776
30670
29816
33760
27041
26155
28543
28754
27743
29709
34489
27636
31310
31709
26775
26408
28451
31365
29818
27309
27145
27026
34030
33380
26017
29257
27141
32719
26080
32398
34620
30023
29587
26486
26556
33894
26682
31953
27042
28369
27869
26350
29919
28888
32386
28191
33979
27005
31586
26202
33244
32093
26710
32059
29023
29079
33294
28517
26781
30316
32884
30735
31422
27753
32267
32681
31216
34283
27845
29034
30617
28403
33514
28248
26243
29256
26209
27954
30805
31363
28508
26515
26102
30762
31069
26480
28768
32727
26307
31155
26650
30774
27514
32697
26565
33220
33090
27487
33679
28589
32514
31384
26462
33634
30078
30885
32141
33448
29713
34233
34155
29483
31932
30768
27391
27937
31109
32637
31868
28215
32226
29263
33289
31517
28807
32496
34109
31833
31230
30545
31825
31080
28673
31446
27910
33235
32676
28641
30868
33289
26673
33917
30240
29881
31039
31862
31251
26240
30726
34203
31226
27811
33810
27864
32947
31314
34598
26387
27197
31137
26527
34084
33780
28594
26127
29694
32425
26446
27809
28990
32989
27988
32525
28681
30085
30138
32617
30427
33948
32537
31621
29696
26153
29740
29803
27344
34392
32293
34282
32539
28229
29932
28801
34201
27686
28654
29522
28922
26030
26443
29193
26936
27960
32944
28746
26391
28559
34493
29546
28635
27779
26234
33248
33251
34403
32024
31925
33291
32654
28202
30602
27120
26584
25994
30772
34209
29724
31373
34587
30371
29219
32197
28745
28443
27102
32458
29200
30690
34278
33230
31999
28338
34305
30881
32077
34622
33872
31200
33974
30886
31434
27450
33341
27664
29367
32389
29311
32171
34539
33513
26599
33838
27999
33405
26198
26237
33147
28439
27222
34580
29676
26150
34080
27784
29126
27319
29106
32692
29210
29287
28483
31767
27436
30843
28194
27281
27941
28750
29183
26991
33420
33682
33103
33575
32942
34059
30068
31253
30196
31019
29170
33719
28696
27828
28526
28327
30805
30900
31482
34608
28706
31934
27090
25978
32770
30378
30865
28152
27491
29140
32029
30559
33653
27420
32360
27978
31268
28665
28798
30195
27332
28160
27322
29424
32066
33347
27338
27262
29044
28921
33177
27865
34493
27584
29450
27266
28196
26784
33200
30878
32634
33850
33319
27170
32888
26511
27364
31351
29161
33339
30063
29555
33737
32458
26377
26483
27354
27000
32855
27724
30608
30354
31599
30930
31581
27737
27271
34339
30579
29016
30431
28763
26959
26870
29012
32300
34456
26446
27814
33009
29251
26072
32378
26879
28908
31860
29090
26715
32108
26114
27329
27686
30683
27224
33913
30339
34528
29696
31303
27699
29153
28465
26974
33562
26162
32908
27111
28576
31989
28568
31371
27202
33663
26591
26897
31119
28038
26980
32002
28996
32671
28997
29891
34412
26497
32136
27522
26268
32325
27981
26600
32092
32465
31735
30628
27357
31165
31168
30313
27058
29684
29807
34028
29662
26330
26851
30364
32711
27253
34559
26166
30956
31282
32369
27911
27635
31388
30765
33495
33012
27237
32142
26265
26636
33229
26939
32424
29415
30229
26931
28129
34085
32754
32198
26430
26769
26961
33098
32463
31919
26849
33671
27390
26100
32427
30977
26796
31220
31581
31666
31813
31479
30390
28949
28489
27143
26005
32254
26479
29408
31424
29929
31412
30403
29747
32391
28794
31940
30728
26766
28178
28405
27490
28565
33637
32553
26644
31581
29280
30691
26578
26264
29605
26667
29640
26708
32836
26609
30475
34045
30873
32756
34245
26042
29035
34077
27815
31413
34238
31146
30539
31347
26456
34143
28682
30587
27932
27090
28137
26579
27799
27330
33796
27635
29937
28869
30800
30915
29371
31382
27989
27142
29333
31412
31811
29698
28405
28397
30388
30196
31226
30482
30389
30185
28718
31579
27239
32313
29445
31551
31668
29371
34276
33927
27851
28262
31166
29526
30987
33241
28312
28412
30142
32567
30985
29180
28541
26549
27848
31769
33739
29632
28501
30607
31785
26880
29790
30498
32766
27617
30503
30031
32825
28972
26765
29773
28730
31952
32403
29831
29278
33370
32322
30592
27159
32404
28229
33824
28056
30348
34018
28342
32933
31534
31434
26152
30424
28582
27834
32068
33956
28595
34222
26800
32359
30465
26360
29987
26090
32838
28974
28293
29824
26148
26099
29909
27734
30129
33522
28835
28392
31986
27637
28391
29623
32543
33350
27890
33105
27267
27231
27630
27589
34075
27115
32018
33896
27506
30444
34408
28800
29158
26567
26545
26200
29082
30588
26661
33294
32801
26578
28475
30989
30242
29394
27473
26853
32010
33462
31181
32077
28444
28623
32692
26211
30334
28732
34160
26332
28014
30213
28097
29197
30100
28611
32387
32992
28448
31557
33685
28047
27045
26876
33530
30799
27975
31322
28048
34403
29233
34048
28114
34155
28493
28243
29424
31301
32408
32281
26277
34429
29755
33116
27185
33161
30753
29702
30018
26779
32637
33461
26915
31387
32019
29296
32341
29036
32830
29790
26400
28805
28313
29092
31367
27564
32877
27584
26603
27888
27684
29734
30413
26328
30035
29152
31927
30419
27132
27111
26722
27155
29334
32388
30772
30590
30443
27962
34025
31454
32582
30007
29861
34453
28789
26094
33901
33936
27726
32506
33089
31179
33053
32088
29092
28839
31659
32298
27072
32832
26611
26655
32532
30738
28218
26441
28661
31337
30313
34358
32097
32450
33879
27092
26125
30787
26545
31836
34557
32782
26034
27925
28524
30600
30144
26911
27955
33131
31821
30094
33987
28659
29594
33820
31166
31382
31724
28968
32528
33466
30843
27869
31371
28383
30240
29459
27345
30924
28007
32873
30466
26873
33345
29871
31103
32487
34443
33662
26427
31718
29280
30847
34040
32267
32950
33528
31514
27302
30246
32579
33454
33850
33599
31907
26848
29820
27864
31639
29487
32895
31004
28382
28020
28020
31810
29059
28593
28411
30995
26905
27951
30902
33827
29524
32108
29657
28634
31981
27141
29104
30277
28348
29593
27345
27285
33896
27822
31133
30394
32521
27264
29409
31620
27493
30277
30607
29115
26932
31870
30957
30398
31505
34356
34589
29347
32074
26388
34611
28527
30130
26000
28381
26269
28060
28114
26914
29492
26888
26593
33450
34458
31973
34256
28779
26181
32958
27965
31225
27008
29501
33200
29322
27201
27574
31745
31313
30019
29686
31340
29505
27936
33268
27987
28696
31727
26527
31554
26867
32207
31299
34328
29313
27603
30948
34597
30880
30206
29743
31327
29704
32164
34373
31795
29623
28185
31206
33169
29947
33307
34082
32403
31304
33621
30662
32047
28468
33673
27135
33323
27777
32249
32136
26840
26075
26808
32745
29758
28347
30334
28993
27594
26508
28163
28832
28585
29241
30547
32115
29695
29712
31629
30756
32415
34296
33207
32503
32608
31309
28265
29752
32741
28478
31144
28510
26423
30251
27912
26635
31688
33238
29238
28049
31190
31486
29497
31918
31705
32714
32447
30693
29330
26442
34018
28391
29261
29396
30797
27074
31345
33925
30231
27978
26512
27133
31515
31631
27870
32362
31880
32911
31129
33859
29468
32252
33911
29698
29938
30900
26349
31873
28413
30670
30123
31486
33715
30658
27961
28768
32635
27195
32617
26508
26917
30042
30961
33052
32331
33795
26212
28348
31419
31527
34262
31133
32085
29775
31505
29258
26491
26783
33717
30497
30047
30580
31458
28028
29924
28886
31321
26571
26209
30396
34512
31954
32491
28116
29977
33570
34263
32890
31881
28211
27568
32297
32512
32462
30793
27409
29559
29869
26209
32921
28238
31644
29698
28930
26751
32197
27593
30102
32100
30961
28257
31583
32674
26934
29576
26151
28942
31114
33490
26461
28262
33895
29571
32771
29574
28708
33661
26687
28100
27714
26616
28988
32370
33889
30522
26555
29895
32003
30464
26454
26183
32526
34586
27195
34532
31247
34220
30190
28862
26276
26954
29865
30880
27494
31379
33438
30903
31649
29089
29985
33543
30371
32434
32246
31134
29019
30435
27386
27116
31346
27160
28016
29601
31418
31128
26731
34300
31428
30170
26025
26208
33304
27063
30251
34011
32856
27672
29168
32966
33822
34300
26878
29741
27474
29555
29963
28323
32671
32842
26315
29678
30815
26421
34541
29642
32328
30716
27913
30994
32029
31024
34315
27621
27286
34273
26593
32748
30074
26291
27156
31831
26739
31927
32085
29880
27787
28155
29109
29653
32162
32586
29291
27707
34423
33458
34514
30500
34468
27568
28240
28908
28023
29823
27542
31188
34589
27178
32951
33233
29154
29639
31733
34391
30691
26096
34026
29924
30943
31400
30079
28290
30627
26840
28798
34380
31373
28325
34321
31500
33532
32033
32542
30346
27443
29747
30086
32060
34131
30120
30067
32525
30208
29401
29374
27273
30511
26525
28071
34433
26196
28912
28838
32296
29998
28239
30580
29659
30373
29905
31149
26536
28639
34019
31179
26409
28765
32758
32735
27652
29756
30053
26260
26640
28949
32021
26151
26857
29486
33839
32696
26923
26400
32136
31529
28639
30506
29330
31124
28261
32162
26623
34564
31635
30348
27985
30235
30972
32104
30664
29897
26591
33446
28462
30923
28900
30512
32747
31837
29750
34223
32404
27824
28722
29041
34188
27177
26993
31768
34345
26327
28819
34207
26875
33456
33922
34361
33953
33503
30130
31885
28749
32556
28281
28784
30955
33288
27027
32579
26999
26936
33292
27533
31973
34004
34079
31091
28942
30653
28297
30581
33750
32229
30288
34315
30033
34420
30929
26183
30768
30072
33753
30106
28222
26012
27465
34266
31791
31961
30480
31907
29276
28292
28969
32106
34066
31458
32869
29426
26070
29226
34115
27340
33280
33200
33413
31526
28242
26038
29902
26508
33197
26793
27634
34204
34590
27792
31101
32496
31683
26215
26198
34411
30789
30598
26376
29432
28094
31374
30447
34371
32353
30216
30080
31267
26282
31998
27059
31655
31285
26322
31638
28040
27537
29855
32726
29243
28283
32426
34204
28425
29977
32115
28997
33312
31527
30973
29554
30045
26320
29553
28777
27514
29782
27208
32763
27374
27965
27198
29464
31565
28971
32750
29242
33440
26637
30039
32071
33000
30201
31640
32010
28444
27060
29595
32564
30390
30843
30066
28436
27228
31817
26482
26919
26367
32016
27316
29479
27841
28013
31904
30080
26603
29178
32267
32401
29502
28746
28028
26772
32532
33741
29249
32599
28439
33491
30006
30684
26679
26468
30685
29486
31304
31833
32113
33309
31466
31721
26597
28245
29378
34525
28370
33044
26975
26285
30206
29138
28180
27534
31058
27638
30203
32558
33995
30862
30399
26044
26066
31360
29964
30186
27003
30916
27388
27022
30284
31230
30065
32900
27258
32094
27931
30864
32903
27052
28897
33326
26578
28731
31991
33505
30306
27766
30019
27932
32715
30471
34302
26571
27231
26750
28873
33635
31456
28560
33436
29661
33834
27282
29791
32727
32607
31864
33744
28437
26801
28796
30653
28294
30866
27636
26343
29137
31072
33230
30274
28152
29018
27514
34600
27578
30319
29861
27077
30953
27242
30628
29188
30926
30425
32024
30103
27403
29086
27377
28169
28103
30178
28513
30388
26139
28409
30400
27266
33356
29715
30198
27623
31912
28285
28101
31146
33868
31294
27489
30022
27299
34430
30066
28843
26598
26550
26569
27316
32141
30778
26801
27795
31018
26563
32202
29347
31282
34088
31353
31726
27774
33020
27029
27075
31233
28216
30865
28899
26871
32030
29255
30526
27253
30035
31039
31545
31587
33905
32202
34615
30694
32859
31566
27865
29226
26351
31015
32417
28562
26999
26411
29597
33247
27726
28986
32201
32865
30561
31883
27538
33474
26138
27795
28046
30051
31971
27864
31875
26541
33864
32260
33577
30620
34342
31301
32581
28211
32042
34381
30257
28815
31067
29919
28009
28668
29829
31111
33502
27477
30562
32569
31999
28812
29636
27998
31846
32117
30470
27179
28724
31598
30346
32356
33672
32223
32493
30728
33546
33092
31795
29764
26072
29778
28260
28889
26522
33664
29020
29347
27320
27208
26987
34280
34217
29736
26985
26169
32384
28799
28383
30617
30067
33797
28205
33759
31213
33429
31950
34202
31292
29282
32340
32719
31227
30949
26581
30236
27334
30434
27410
27820
28318
26833
30291
27792
29232
30637
27025
26760
28268
30009
34325
27007
31714
31865
26272
26040
27321
32423
32160
32862
29696
26254
33793
32366
31255
33133
34528
32812
30881
31842
32354
31925
26448
27907
29611
28669
27726
33369
31727
27298
30439
30433
26862
34547
29140
28178
29010
29357
32772
27341
26606
32023
29565
30976
31612
29298
26748
34567
27543
31683
30673
31275
31138
26928
27704
27107
27201
27894
28974
28957
27437
29967
26687
29026
31359
34540
30223
27719
34298
28100
28491
32737
27389
28437
30710
33525
31136
31713
34622
27698
29836
29817
30183
27197
29064
33250
29558
28219
32932
27560
31896
29940
30183
26924
34283
28032
32025
34601
30931
26400
31683
32241
30401
27743
28001
33763
28511
29752
29940
26243
27448
29423
26772
30590
31087
32430
33552
28088
32417
27805
32167
28544
28285
33974
32403
28037
29653
27428
29026
33345
27174
31860
30786
33624
33914
32257
32942
27585
29935
27596
33444
28703
26671
26674
26589
31876
28392
30306
28068
30237
27094
29528
26161
28913
26245
26250
31833
26201
30680
29034
31466
33599
28410
27738
33613
29682
31003
26944
28437
29549
33416
31138
28083
28311
34002
34001
26296
33140
31527
28766
32668
33800
26573
31905
28748
26043
26190
28047
32203
34066
28287
27314
29195
28381
27161
30521
28199
28564
29213
28064
29851
28701
31498
29184
33116
28991
28159
26137
26215
31929
34115
26931
29045
30780
26847
27582
30626
26497
31545
32067
30305
28096
32905
31380
30734
29901
28654
26464
28275
27590
27756
31259
28166
33566
26706
32053
27453
27035
33037
31013
33761
27978
34339
27605
32487
26089
31745
28613
27116
34203
31715
26621
30659
34001
32123
28709
28729
30757
28078
26720
32943
26127
30342
33213
31456
27245
34616
29180
28843
28300
33171
30915
28911
28865
30715
32302
29623
30018
32290
27990
28988
26001
26650
34103
32531
33488
32793
31449
30717
31515
27079
27273
30912
28241
28651
32815
28116
26029
33267
26983
27857
30928
26681
29935
30253
31208
26272
29280
30288
28876
29145
33195
27737
29955
27341
30008
28535
32145
32604
27001
30680
33345
26463
28222
32043
33920
28791
33386
33127
28809
31133
32754
33439
33544
30749
27622
31031
30179
33107
28448
32411
31556
27706
26373
32553
32867
29845
28650
26956
27785
28329
26057
29991
29100
28115
31646
28211
29261
27736
27434
26335
33059
28877
29912
31059
27239
29042
28197
34066
32983
29998
34421
27132
30525
33139
30773
27971
32527
32193
30606
28443
28424
33855
29158
28568
29737
32439
33221
33518
29406
32746
27408
29233
30237
30220
26797
33710
32644
27314
27935
27975
28125
27860
31763
28659
30221
30029
27681
31175
29272
34599
32923
29989
30838
33070
33059
29892
34486
26195
33405
27712
28019
30573
34530
29705
28781
29488
26455
31549
26838
33705
33752
34039
32386
30460
33045
31202
33869
29397
27784
26121
29308
33794
32060
26637
32290
27355
30100
28600
33527
30443
34188
27092
29124
33783
28945
29039
31663
30070
31841
26780
32934
29086
26460
34247
28241
33266
33805
30400
29546
28254
27752
31241
30687
28484
34387
28502
27119
31909
26227
27431
28589
31773
32697
33145
33837
28624
27885
27505
26107
32098
30403
32456
28754
26526
27049
29466
32235
34227
26665
29031
27958
29638
26249
27521
29796
28880
28007
28413
28178
30036
27313
33704
32710
29466
30180
27744
31932
28081
27357
28187
27585
30879
33883
32970
25983
30885
28472
27817
26205
31998
31469
31206
30789
31919
32103
30057
33656
34532
27824
34182
33255
31663
32617
31917
33511
27358
29115
26038
29025
29706
33938
27205
32300
29435
28586
29715
31849
31718
30404
28319
29444
29505
31382
34081
33248
29501
26489
29792
32364
29559
26419
28223
27650
26790
33414
29131
27494
30680
26415
30682
32063
32094
32715
26101
31039
30464
29743
31562
27530
32998
33377
32786
30060
28933
34257
28304
30802
27090
29238
31070
32138
27610
27218
27452
28924
29957
28047
27523
28770
32944
32884
31063
27298
26254
28861
34331
28732
30921
27687
30832
27086
33830
29359
26286
27007
26652
30098
27550
32985
32274
26679
26235
28549
31995
32711
32348
33969
32767
29213
26431
33984
26638
31850
30031
33802
28055
28540
31816
29763
28750
27714
33527
28745
29391
32675
33293
26947
28941
33929
25982
30566
33308
26733
26647
33891
27209
28240
29168
28685
27028
31966
32332
28511
30125
29284
28897
28320
26944
27702
33565
28337
29971
29760
29148
34316
29263
29023
33695
31586
29049
28372
27724
26020
32391
31968
32503
34384
33124
27102
31839
26840
31950
31686
29659
26137
27779
27094
34568
28308
30182
29700
27206
33112
32296
32303
33744
28017
33054
32476
26614
31577
27688
28968
33514
31412
30823
26790
30039
33760
32029
28901
30115
28897
32908
26990
28031
32908
31744
32886
30441
27511
32750
32262
34542
29674
33308
27230
33264
26050
27476
33186
32381
31860
28828
30503
27114
27418
26801
33114
30417
31000
32476
32062
27822
26852
30565
30354
33498
31481
31469
34392
29660
31415
29315
28134
34224
28478
34545
33642
30921
29794
29324
26603
31167
32279
27692
33633
27817
30118
30639
27189
32836
26908
27428
31665
28725
27072
30180
34147
34280
28109
29594
31062
28442
29153
28812
28410
27908
27324
29709
31971
32017
28233
33066
33241
33726
34593
28604
33931
27081
26804
33803
30918
26236
27976
34015
34353
28678
31902
31101
30319
28196
32161
31164
27026
28486
34531
33173
26526
28386
27473
32277
32081
27234
28512
31074
34303
31032
32215
31501
26693
27893
31289
32397
27282
28095
32332
29071
26828
29773
31783
29513
34027
31891
29696
32115
33476
33198
28258
33007
28471
30544
31013
27636
28479
31747
26803
31962
31026
30779
33822
29635
33707
26954
26174
30792
31961
29335
32620
26488
27702
27280
28016
28544
28616
32273
30608
33555
31884
33656
34140
27356
32790
27479
32479
32516
31586
30792
28425
32938
26331
27756
29295
26939
26630
28816
30153
29543
30279
27256
33355
31077
27963
34242
33434
34005
29091
31508
28407
26710
27187
30186
27806
33109
26335
31875
31299
29256
33626
26185
27541
26702
26440
26801
33243
32725
32842
26205
28954
31061
32925
27906
30409
29951
26351
30018
31342
26179
28307
31742
29537
30777
31198
32564
33490
31546
32292
27052
26480
31618
29911
30910
26806
30032
28077
26695
30488
29074
34248
33245
30043
29886
30792
33986
31608
30960
31755
34294
29857
29831
27884
33700
34486
28804
31848
34161
31002
28135
34474
31673
30330
26194
27951
29201
29611
28890
26390
29037
27510
28586
27211
33438
29141
30313
30185
33436
29898
27297
31049
31767
31741
27918
33272
33071
28965
26629
32652
26518
30197
27074
34626
30221
30859
29917
33765
33032
31925
29021
30624
30726
30724
33710
33178
30271
34306
30751
26000
26834
29514
32168
32715
26714
28186
29271
30109
30781
31243
32346
29565
29683
28699
34249
32003
27521
34485
31872
29593
28216
27277
28510
31318
28690
30267
30413
29781
26446
26535
32303
32523
27027
31450
31036
33746
30082
26222
30470
29833
26386
30392
32759
32050
28128
29017
26485
32021
30187
29591
30783
27173
33682
26785
31802
30238
33226
26661
29991
29372
34004
29374
32446
30417
28440
31932
28062
30932
29610
26451
27890
26527
28087
27844
33169
30216
34537
33385
28485
27583
33722
33547
26047
34517
28466
30557
31869
31479
29426
30381
33324
32914
26056
27508
30395
26609
26582
32538
31252
29361
31447
28000
27402
26899
34403
27946
28501
27869
34233
28954
31841
26548
28203
27977
28022
31838
29866
28333
33790
26535
30833
32334
26924
30732
30887
29930
30889
33073
26310
31714
27175
31708
27868
27089
26534
30957
32883
30852
32541
28876
33637
31473
28335
26956
29237
30655
29292
29241
33604
29866
30158
28640
28493
26397
26010
31913
32762
29138
33698
27396
28726
31355
26024
31463
33566
27128
31308
27803
31146
34188
28431
27148
28023
34363
33980
31374
27402
31009
31092
30045
32880
28143
33866
30410
29838
32567
30608
28549
27070
26979
32088
28390
32601
30191
26898
32391
33295
27175
32040
32202
30886
34285
34328
26399
30322
30672
30401
30940
34341
27664
32985
30814
26455
26716
30796
27853
31558
28192
30327
31543
26469
28399
32177
29164
28432
28510
33768
27560
30514
27952
31301
31982
28831
33270
32723
32314
32467
34377
34212
26941
28146
33172
30389
30897
27388
31487
28768
34467
28631
32066
30051
33288
28856
27651
27005
30235
32007
28012
30191
34561
26683
29068
26474
26911
27204
30923
30077
27986
25987
30870
26481
30904
28778
31283
26526
34553
25989
32611
32676
26691
33766
33423
27710
26405
32498
33570
27590
34146
33166
32043
26818
34049
27199
30394
32453
31204
34582
26712
28644
31349
30132
31847
33177
34223
28791
27609
34379
31788
30526
31932
32424
32348
26711
29959
33891
30767
28401
32577
29461
31621
27361
27403
28024
32826
26684
29578
27227
28121
32232
30911
32851
27298
32553
27770
30222
26293
29148
31121
26029
27451
34368
31291
31337
34021
26705
32080
32480
31634
34116
29186
28680
33162
34171
28033
26330
30429
30164
31374
34335
26465
27249
27061
26249
28345
30968
31721
30123
34363
31077
29362
27478
32467
31582
27904
28791
28060
26946
27706
30153
29989
33175
31008
27513
30518
32929
31579
28234
27297
26426
26991
31870
26797
29486
27656
31122
29966
26623
28573
32894
26693
33041
30640
29349
29741
27125
30100
33187
27819
31239
27911
28474
29136
32378
34079
28549
28640
30472
27286
32487
33590
33793
30891
33319
31609
34476
27752
31682
29663
26343
26844
34590
31771
26443
33188
27217
32225
27265
30880
28472
31411
29102
28765
26216
28505
30261
32219
32650
26036
33997
28984
28433
28968
30472
28087
27621
32162
30192
34318
28973
31259
29178
26612
27631
31737
26221
28549
30604
31360
31488
32278
29949
27899
28035
29890
32585
31146
31597
32603
28239
29350
30157
29085
32010
26607
31933
26574
33448
26220
33768
29653
28452
27175
33579
29928
32709
26766
31882
28890
26519
30988
29423
30697
31830
29601
26330
32767
25986
27251
29837
27708
33115
32599
27122
32824
26630
34185
27778
29780
28968
31432
28239
27290
26830
27166
32014
27846
30779
26552
30396
28604
29360
31494
31395
30264
28926
32024
26925
27373
32574
32426
31176
32315
26769
27018
27834
31852
34207
30363
31817
33058
26079
33037
26001
33188
30545
26880
27792
26501
32731
32825
31023
29143
32799
28668
31678
27131
26271
27483
27997
26277
27873
33644
26993
33740
30413
30601
31601
27928
31871
26989
32292
28932
29278
27563
30681
27857
28191
32097
27534
32544
34160
30691
27955
26471
30195
30683
34201
31254
33270
34271
30239
27147
28580
30364
27879
31221
26425
31504
29460
29348
28166
27875
32059
31497
30404
27624
28872
28581
32292
32148
27644
29874
26555
25978
29520
32080
34157
34304
27287
27984
29934
26501
29035
30524
34157
28579
28895
28848
27558
30952
27498
28263
33527
33992
26602
30482
30901
32084
34536
25983
30830
31246
29886
30152
33534
33578
30387
32847
32279
26828
30833
28310
29959
27896
29688
29326
30350
26715
25986
26161
31454
28185
27287
30538
33639
27172
29782
28798
29221
29597
32369
28394
26452
29855
31377
30888
27905
33901
33182
31654
29423
27543
29597
29639
33578
31009
32433
28990
32834
34418
31485
27312
28294
28174
31357
33923
26525
26905
31097
29584
27768
26981
29436
33047
30954
30119
32549
28396
32473
28109
32703
31379
31214
28555
30956
27871
27969
31493
31060
28551
33627
32748
29471
31795
31232
27440
26821
26974
31750
27325
31448
34398
27072
27136
34172
34431
28242
26816
32683
32638
29347
31787
33728
32480
28618
27342
26490
26122
28532
34283
32801
31435
29934
26215
27097
27523
33287
28905
32627
32534
32276
30720
28485
30639
30654
27759
33796
27720
28168
26585
33759
27256
28565
29757
28669
26785
28033
27983
30066
32909
30464
27954
27055
29006
28448
27871
27838
27764
27294
29892
30833
31458
31096
30091
26767
30229
26613
29704
28505
28725
28849
33119
33539
33723
30060
26278
27758
30180
29884
29036
29207
30179
26238
30600
32277
29997
30329
32483
27108
27795
29236
33882
29801
27991
26998
27548
26398
31568
34064
33049
31133
33743
26164
31097
29029
28461
33950
26763
26872
30412
30415
31309
31795
26055
30564
26729
28999
31347
28368
31745
29129
29720
28468
32037
26878
29680
30849
28827
30343
29203
28529
29557
27888
31975
28535
27679
25991
26887
29445
29358
26096
31926
30583
32308
29093
33652
30235
26872
31249
32236
29468
29803
31147
32981
26039
29226
28811
26005
31272
29906
28124
28127
34128
28291
29893
28163
27728
34492
30717
31386
28387
29011
26695
26374
32208
29124
29859
27759
29022
31139
31787
31942
32367
34572
28238
27290
33064
26859
30404
34517
30275
32284
30634
29371
33451
28253
26626
26086
31934
27949
32109
28554
28095
28307
31849
28846
28635
31047
34092
31147
31563
32414
31024
29339
31746
32191
26887
29502
28512
34559
32746
28676
33425
33861
33167
29140
33037
31526
32685
29605
31736
26952
25980
29907
28531
29184
28036
29513
29881
26327
28866
28663
26079
30486
32856
27262
31857
32058
32676
26215
29844
28943
28480
29348
32580
34552
30520
28441
28011
32807
29251
29773
31289
29537
31614
29936
29594
33307
26059
26271
27908
34622
33700
29656
26462
25996
28344
29609
27129
26997
30171
32712
31523
27864
26954
33724
33247
29964
30510
30839
31147
27344
28634
34129
31461
33103
30717
34050
26630
27839
33261
29920
31630
26713
26071
33361
33333
27633
29037
29890
29996
26371
27933
32619
28096
32868
29367
30147
31068
28244
30286
33869
27350
32579
32137
26774
29248
28448
30562
31495
32543
28489
32444
26899
34515
27228
34538
29568
27774
27081
31512
30124
33681
27285
32643
31871
31744
33479
27141
26370
31820
30815
33311
33578
26052
31629
32388
26464
29420
26929
28403
30467
30256
33451
33437
29306
31726
33742
34220
28135
27123
29551
33875
27640
32745
27436
32662
28751
29193
33284
31653
34526
26215
28341
29956
33225
31790
34048
29167
32618
26892
26836
31182
31861
29326
32187
30070
30027
28120
33751
34256
31294
28357
30373
31182
28225
26698
29830
29298
28541
28879
28245
28699
31492
32832
28989
32545
28710
27083
31634
29487
27755
33098
27503
28297
32923
28054
29460
27793
30064
29484
29286
29194
30933
30304
34027
31778
30305
27766
28509
26752
29917
33754
30449
31638
27637
29726
33409
29167
27689
26465
27450
26340
30904
29946
30726
33305
27432
26448
29557
31287
34421
29392
34033
26968
28031
27654
30587
26322
28260
28286
30550
28323
29297
30859
28441
27120
32103
31736
32688
30379
26434
34571
29971
34108
26307
30409
27966
27126
28336
29952
29298
34242
30964
30129
30765
31455
26728
28423
26296
27822
32704
30819
26785
26754
34445
29523
29567
28233
29203
28872
32619
32425
27392
26122
34283
30879
28406
34472
30456
31729
29892
31859
29726
34076
29688
29596
30208
28764
26398
32287
28277
27953
26616
28796
27039
32880
31319
29142
26770
26707
29272
31821
30396
33709
32530
32080
29340
32381
31831
32522
31031
27378
28523
31268
28325
32296
29552
27568
29301
31498
29294
28235
32058
29167
27705
29200
26540
28877
27028
32675
26899
30838
28105
27803
33656
26683
33646
29349
32032
27711
30830
27022
30847
33084
29678
28637
28662
28281
27820
30170
27426
30476
31015
30722
26289
33113
30509
30854
29776
33362
30260
26039
26058
30825
31371
28605
31789
28210
30921
28505
28377
26117
30938
30537
32284
27773
26697
29227
26908
30674
29050
27754
30637
26427
33345
30744
30098
30231
32608
27898
34338
28618
32426
33178
32329
33837
27156
27115
34105
32299
27226
26711
32272
29001
30141
28664
29684
32368
32139
31030
32494
33466
34453
31663
29547
31244
34002
33812
28129
27067
32609
28397
28734
29453
26711
26051
27068
26757
29337
31279
32469
32393
27981
30361
32849
32210
27944
31844
33934
26956
30768
30499
29938
28210
33904
26812
34526
27761
29380
28986
33574
29671
33219
26579
31967
29364
27559
28177
33611
34586
29755
29767
30165
28219
28764
31202
26010
28712
34092
31512
30229
32498
27547
27815
33352
33891
29479
29731
32253
27753
33283
29914
29911
34422
27104
28052
31498
28793
32378
32317
29936
28180
28815
34043
31346
33901
29446
29275
30314
28321
29013
29616
31997
32131
33842
34507
31972
29150
27410
32561
32596
33361
31991
27390
28175
27284
27877
30599
32073
32220
30639
31989
26432
31700
32237
29483
29315
26294
32660
28274
26752
28213
31371
28156
33685
32017
29606
33663
32950
32157
26675
26345
31354
31264
26851
26633
31876
32647
31015
34057
28151
29933
31540
28461
30875
29132
26461
27696
32412
27488
31291
33657
29098
30847
34023
32223
31342
31946
30313
26748
28966
28674
32667
32343
31318
28630
32182
32865
30456
28288
34200
32300
27811
32254
30874
32084
28749
32602
31846
29276
32420
33848
33502
26460
31671
31657
26712
31984
30780
33854
26940
26329
27104
31948
29197
26799
29810
30802
26493
28294
31477
31156
28729
29494
33845
30211
28592
30459
31664
28583
33235
34456
30124
30899
29493
27060
34343
27641
32378
31111
26189
26814
33078
31676
32187
31069
33235
26076
28818
30550
28137
32902
29075
26753
26294
31964
30483
31550
31141
29013
32659
26375
34512
27797
28808
31010
28978
28909
27079
29678
27605
27613
29937
32442
32911
26950
33198
33808
32610
33260
27119
27669
26403
30161
26949
29068
27994
26541
29386
31922
29333
27653
26657
26076
26585
33607
30885
27355
29894
27772
27766
28429
31052
34410
30852
31910
26970
32371
29930
33753
31232
29043
29020
29147
31500
32548
29535
34240
28404
27923
34023
28171
31772
28466
28376
30784
33578
27205
32895
28136
26127
26529
26956
34001
32624
29162
27690
31644
28790
28726
32656
31667
26068
28948
31102
29550
27490
27977
29818
33111
31320
29499
29467
30706
28522
33045
31949
27991
31005
30376
30691
31341
26827
28375
27348
28882
27175
28966
32082
31064
32797
28022
32863
27892
31565
29043
33351
30459
32541
32454
32516
33022
28217
27532
27225
29383
31249
28373
30821
32922
31362
30802
32712
33682
30675
29294
29345
34617
28913
33693
29413
29902
30981
31729
33632
32348
34231
31345
33538
34316
31540
30016
30675
33795
29360
31981
33422
26248
29981
31868
29529
30720
25994
32747
34198
28065
31115
27072
27939
31379
33513
33503
32325
29129
28554
29581
27648
33580
30881
30863
28871
30517
34617
32852
32651
31871
28636
31813
30575
34080
28622
27976
29685
28708
31690
34571
29844
33615
26609
28166
26530
28277
28229
28395
26732
27180
29202
27472
26919
28677
27963
30167
27882
29550
29829
28910
31437
33648
29614
30853
32252
28711
32504
30245
32615
29496
33082
30276
30664
28651
31135
28366
28554
28130
31171
33128
28085
30894
33210
26821
29230
31982
31763
28179
33741
32996
31348
27520
33022
26210
34131
34460
28752
31270
28013
28090
28248
32634
28330
26665
26782
33551
27195
34596
29406
26353
26022
27036
27553
26844
29487
32857
29084
28357
32502
29931
27810
30647
28547
30534
30121
28435
29328
26903
27706
33978
30006
31021
30827
27563
34011
28969
29922
26869
29983
27462
30188
34542
27648
30780
29426
32101
30591
33229
32690
26389
31241
26466
33486
29908
29953
33262
28430
30429
34136
28094
26783
33225
32800
33568
29944
28868
29914
26323
26037
26554
32062
26245
28861
26766
30011
30008
34149
27520
32313
32152
27025
26799
27697
34146
29682
32430
32380
34063
26702
30708
34424
30662
27360
34148
29941
30356
27119
33039
31571
32468
33801
29960
31290
29853
32410
31279
28680
30592
31518
28592
29049
27577
32266
33828
31556
31251
27811
28351
29458
26370
27347
33747
32030
30254
27822
31670
26814
30279
27147
30031
27600
29205
27973
34563
29876
33252
29217
31664
26880
31406
26247
29880
29306
29071
32521
34081
26290
28913
27189
27277
29475
31974
28433
32368
29345
33853
33362
34390
31825
28352
27472
30282
28991
27041
29031
32658
31923
26979
28657
28198
29942
28820
29784
29497
32767
28948
31058
29564
26548
29825
32046
28284
31829
26693
29355
33060
32291
26778
34284
27939
33947
29550
28047
33888
31903
33969
31147
30055
27155
29359
28875
31355
26971
32639
27185
31533
34460
27242
26274
27010
27095
27796
31164
33014
30309
26248
28023
29163
26630
26266
30679
29614
29714
26716
33552
29004
32554
34261
32339
33160
26872
32206
28935
27260
28453
30793
26744
34238
32680
27996
26218
30755
32243
30838
30897
32389
29016
30851
31753
28125
29869
33509
27241
32576
31778
32156
26887
32687
29425
31770
28122
26527
27630
27671
33338
32229
27957
30290
29922
33937
31314
30904
32284
34198
26372
30038
33933
26346
32624
32028
30335
31003
30831
32303
34309
32411
28230
27790
31061
34157
32445
30379
33032
27806
32660
32500
32204
29452
28175
30191
26942
31740
29878
33447
29993
32465
30306
26101
32738
26204
33833
27106
33609
32646
29370
27517
27661
31932
28000
33163
33083
31597
31091
31770
30115
29545
26044
33466
27432
34171
27805
31511
30412
26097
25984
28782
30349
26806
28748
32158
26921
28511
29633
27326
32285
29641
26903
33162
27459
28012
29755
27624
27177
28410
31579
28778
30291
27758
32260
31890
31237
31822
26971
28778
27564
28524
27876
28976
29726
29668
28146
32739
27225
26269
31852
32206
34210
26481
28052
26518
31694
31691
30980
32863
29227
32104
28396
30011
28513
33169
31264
30619
31352
26341
27744
32144
30048
29465
32408
30160
27754
27508
33969
30135
32780
26627
31076
27151
33615
28672
30036
33010
28489
30702
31887
33662
32549
33991
31937
30461
29457
30638
34292
26742
29488
32265
32417
34553
28614
30108
34439
31620
26891
30879
28330
34350
30581
31829
26191
33842
31007
29118
28963
28873
31765
34152
32140
29140
28635
28394
34086
33661
30373
31399
34106
28374
27483
29415
28833
32528
33388
33688
29757
30888
28196
27524
26483
30268
33421
26694
26366
26883
31301
31657
34406
28090
29659
27554
26434
26918
32177
29868
31018
28296
26684
31072
30103
30253
27214
32648
26654
27159
30230
30630
30323
31008
32108
32714
30561
26816
28319
29197
33117
34428
32034
31737
29411
27875
34029
30324
31703
27825
29909
27128
29745
29691
34312
33083
29244
28510
30029
28542
34017
30708
33462
29920
34120
28221
27112
27301
27663
29454
29476
30994
32446
26270
27846
27394
30527
31351
29262
34239
31316
30645
31598
27970
30401
31985
33084
27025
34161
26055
29153
31635
30145
28365
28049
31511
28947
26549
26332
26019
29331
32770
29465
28286
27784
30266
27728
34016
29404
31900
29731
28805
32734
27657
30146
31190
33338
34281
33802
31361
28046
29168
33390
27407
28765
29510
30677
30335
27749
26615
31946
26438
27846
30897
30154
33945
25988
33382
26694
29600
28930
26939
31212
33915
31334
29412
26338
28913
27315
30262
30556
29593
33246
29570
27039
33409
27819
32316
29272
26599
32590
27773
29093
27952
26499
31378
27663
34235
28523
31379
29335
30372
29874
31414
26090
26438
26340
26582
27738
31782
27919
32015
30471
30922
31033
27805
26198
30169
31590
27582
30675
30168
31780
29704
29234
27869
32242
30823
30176
31727
30398
28355
30495
26065
28903
29728
31079
29907
27918
33372
26401
29288
32077
31622
27566
33324
30652
31856
29608
31112
34274
32670
32974
26581
29511
29820
29511
28271
32949
27869
27045
31326
30464
26659
32645
30656
26112
30813
29030
31241
33569
30803
28727
31301
33085
32566
26575
33625
28227
29294
32859
33225
28872
26202
30208
26301
28410
32845
28466
30658
28871
31032
33980
28167
34222
26523
32582
34026
27792
26946
31166
33361
29054
33909
33233
27938
27127
33279
30143
31408
34055
28711
26724
32588
31844
30114
31995
33917
26303
32835
29132
31731
30300
30831
29748
32735
32957
28874
31443
30520
26800
31881
28331
27945
32472
26373
31252
31935
33174
33742
34094
30183
32732
26709
32913
28848
31893
31521
28954
28927
26110
32521
28165
32037
27544
26173
32939
31224
29380
27975
33277
27337
32685
32929
33889
29522
29763
26807
28508
29333
28357
29910
32334
32859
29131
31036
34211
26725
26535
32984
28694
27898
33415
28408
30833
32898
27376
26371
30810
27838
28081
28910
27281
31115
32780
29657
29793
27692
28581
26270
33354
33370
32543
27111
33210
26363
31040
26570
28237
31742
31228
31872
32894
33751
27787
32553
26388
30389
28501
30928
27272
33090
26594
26868
27710
30849
30592
34599
27701
34090
29128
29982
33720
26454
29344
30002
26603
30544
27070
33938
29589
26532
26971
31594
30455
33460
27994
31274
27907
30018
31670
33637
28367
31719
26043
29903
28336
33537
28035
32979
33005
34379
32200
32022
32450
32716
31375
29132
29676
29558
32315
29904
28238
32031
30780
33537
27350
30710
33501
27066
28509
33412
29843
34559
27669
31521
28230
29880
27330
29082
30814
26277
32227
34499
29968
30517
32205
30730
33548
31752
30710
31655
26681
32015
30584
29455
34420
31755
28193
26678
27182
29892
27180
31216
32762
31060
34367
33661
26478
26583
31931
27969
29648
30995
29359
33593
28142
34146
34079
28697
26211
32551
32139
32759
32682
26715
28378
26246
30118
31175
30747
29889
28226
30480
34461
34473
29094
28541
30655
31605
30481
31213
27919
31931
26739
28507
31561
29546
27103
31345
33512
27185
32238
32209
33504
28775
26744
27337
29435
29657
31920
29722
28969
27876
29363
30811
27068
32397
31819
27656
29484
26242
31379
28785
26905
29351
30554
30593
26582
31470
27907
30790
27747
29263
26891
26213
26333
33707
27282
29984
31346
27595
32439
30785
28797
27711
27315
28614
30589
33489
30797
26392
30074
27341
34138
29221
26431
28085
29632
27814
29650
31922
31454
26173
31410
26344
33727
29682
29536
32566
28792
30422
29515
27015
30766
31588
28659
27208
33848
27276
33851
26119
28898
33123
34161
26905
33282
32548
33528
33229
30600
32851
29284
29195
30694
26938
31034
30084
26180
31606
27918
26201
30575
33496
30588
29121
26458
33328
28114
32364
30950
26135
32196
31183
28693
28255
33717
29975
29894
33885
33063
26423
26865
27773
26986
31494
31152
26884
33086
28834
32566
28742
29195
30172
28637
29672
26440
31890
29647
34035
29529
30885
29192
31146
28966
28004
26268
29924
27262
30846
31189
26589
33119
27147
28907
31507
29023
29648
33803
27059
29471
29456
28361
26821
27017
29185
30210
32433
30367
34283
32692
27441
29204
26178
34606
26390
26603
28438
26910
29152
29581
27466
26445
30660
28951
27623
34135
31707
31294
26556
28606
33258
32569
31464
33745
29268
26086
28085
30157
29975
31876
34580
32487
31224
32352
30281
34347
27720
26041
29291
32671
26481
32324
34008
26611
30701
34263
27130
32904
28150
32353
31233
32279
32716
27248
31578
26527
28917
32098
28517
31950
30872
33711
28417
34035
28795
32788
30245
31960
26329
29230
30781
28583
32340
28237
32575
27217
27737
28571
32982
28316
31848
32694
27754
26128
28290
28060
32892
32147
28027
31154
32224
31062
34226
26650
31919
33637
26697
28157
31873
26510
29538
31213
32044
28621
29670
32584
32879
32461
28026
26917
26385
26145
29391
31564
29719
34400
28715
27959
26083
26916
29130
31825
29293
30835
31419
29623
28723
32444
31143
30577
30687
28531
29354
28539
29808
29250
27545
28725
28270
28821
28739
30401
33972
33670
31593
26349
32143
29793
26784
32046
29834
29433
34276
26119
26767
33005
30085
26701
29625
32424
32308
29043
31505
30686
26371
33546
34158
32188
27347
31681
30087
30043
32620
33501
31199
33400
32860
31988
31539
28103
30756
26344
28300
27411
29621
27235
26141
32283
32035
32310
29179
29362
31416
32043
31336
31576
30012
29303
27501
28947
26622
30991
27943
29158
33171
26581
32740
26976
26342
27131
28983
27448
29173
32820
26015
33465
26043
29725
27259
30468
26000
33412
26494
34410
26002
26781
26997
27639
26381
34122
26588
27000
33248
33923
30886
26241
32147
30904
31745
30512
34266
26814
30074
32221
31484
33901
31783
31935
30132
26954
29624
30424
31742
31650
34154
27854
33739
29609
33718
27689
30756
29154
33063
33851
31221
27903
29658
34183
29403
33776
29061
34013
31538
27772
28195
28812
28135
29456
28851
28461
29124
29400
28531
26167
31152
34164
26838
30820
27146
26391
26335
31352
27077
28294
26902
27627
29906
26997
29782
28117
31472
30323
34424
33404
26957
26338
29431
30737
27604
30228
30998
26224
27299
33726
29885
31191
29720
33360
29743
30579
28237
31285
26722
29658
30642
27572
29092
29519
32126
27564
29588
31150
31923
29510
31677
30227
28424
26516
30201
27728
33185
30222
29511
28915
28124
31879
31822
26936
34510
33227
30340
34223
26252
33587
31062
30058
28855
25980
27584
30866
34599
26200
28072
26747
32134
27408
32688
29566
27891
31231
33234
27763
34400
27822
28881
29334
31663
28736
30464
29012
33060
31744
29701
27218
28657
33775
30494
26468
34265
29978
30856
31840
32020
28769
33690
27578
33623
30522
32409
31320
32079
27188
31773
28599
26001
32043
26797
28634
32537
29030
34534
29441
30692
32312
33257
33415
27438
27548
30970
32960
30025
32614
27666
26223
28880
31679
28204
30069
28993
33496
26361
33112
26268
28404
26222
31521
30975
31680
27073
28385
28661
33873
30665
29931
28623
27474
32079
28813
26607
33646
29993
31111
29592
33997
30320
29823
27024
31490
27147
27034
33651
26470
31244
31339
34097
26395
29590
27196
27838
29934
32524
29287
29405
31547
30506
29254
30784
32488
30065
31357
28804
34615
33539
32452
32385
26361
32222
28195
29188
31271
32579
28013
27226
30241
31751
27198
31383
30335
34118
26849
26090
31080
31482
31196
31130
27783
28310
33337
26277
26361
30424
31273
31696
29640
27535
30779
31505
31178
26685
26037
32871
33232
28301
34209
26787
30033
33218
27758
29013
30531
29281
31987
32176
31457
32530
34540
29969
26381
27616
32069
34165
26058
33149
28715
26567
30915
31966
31718
27206
30590
31592
26132
28500
28421
31849
26932
32866
33968
30088
27223
32431
32875
31635
26093
29491
28888
30512
33390
27150
30151
27319
33648
26257
34104
29940
30777
32349
32178
30501
27740
27355
29241
30688
29926
32132
34553
33485
28145
34544
32902
34241
30758
29664
33091
29811
28532
30731
32916
30755
26171
28230
32072
29241
32479
28289
30878
32247
26856
26993
31681
32555
26598
31107
26298
27151
33310
29240
30999
26589
27819
27928
33988
34379
27608
32939
29576
32697
29052
26432
31100
33577
30288
32635
28603
29845
28893
32900
29006
27718
28974
27322
29458
32207
32563
30291
29093
34218
27824
27962
26118
27047
28271
28364
31390
32724
33221
33273
32163
34333
33451
32702
29799
27772
28789
28210
28898
32018
31011
26751
32200
26482
31434
34571
28489
28223
31286
26092
26830
27058
33468
33427
28143
33443
33000
29793
30294
27275
34460
28928
34559
27482
31772
33292
34375
28201
30917
34448
26397
29034
28869
33041
26459
29376
31296
28946
31811
31734
26021
33555
29497
32688
31032
31312
28857
26843
28649
30439
32300
26231
30502
30808
27401
27016
29820
31625
31613
26683
32813
28789
34103
26686
30562
30955
34391
34188
28697
29758
29245
28914
26639
31134
31188
30409
29142
26031
34336
27541
29249
30211
32802
30396
27902
27616
29534
32644
33007
31564
30827
34620
29022
33782
33443
31155
26386
34555
31971
26511
29354
27972
29932
25987
34076
26087
30672
32042
27899
28972
32900
29357
31950
33006
30403
27290
29565
29685
29463
31535
28375
28270
29834
32402
26385
31122
31300
32857
30423
27011
33675
30127
34330
34261
32101
28470
33545
28906
31311
33999
32957
26667
28768
32256
28393
32649
31457
28077
28844
30850
30477
29655
28066
26580
27699
34033
28179
34362
27043
30642
30535
33785
32704
30421
26315
30166
29909
27436
33211
28033
30469
28126
29841
27173
27285
27567
31444
29867
29982
31734
29851
30263
30860
26296
26946
31127
26657
33377
30356
28952
31511
29783
29563
28467
33721
29570
31373
30235
27104
31284
27405
30372
28052
28283
28296
28039
25979
31871
28876
27979
26588
27673
33851
29961
26527
28836
28971
34002
32679
33800
29075
31022
33953
29596
31458
26011
27312
30762
31472
27519
30153
25976
27699
27024
28655
31610
31688
27409
32895
27900
28252
32555
26645
27542
28253
27787
31871
34314
29851
29909
32381
32780
30791
29411
26875
27229
28210
30657
27162
27207
29867
27751
31033
30433
31410
28333
31550
27474
27557
33569
33889
26390
31874
29503
28313
34084
33060
33661
32491
32034
28540
33528
31164
32017
31059
32580
32789
28495
29560
33739
31621
30263
31753
30039
29528
27008
28990
30847
31523
29930
29000
32933
27526
29316
27308
28975
32043
29182
31490
27200
30209
27829
27404
30581
32419
26527
27805
30472
29030
28571
29446
27041
33910
32686
26155
34522
33979
28990
30372
29545
32483
31758
28678
31421
32069
29581
26247
33279
28638
33111
30205
34499
31996
30932
30777
31870
32608
29314
31487
32491
27767
31141
27644
31029
27367
31901
31750
29207
34381
31199
34167
27697
31789
32996
28616
34099
27184
26600
26890
32101
26323
33118
33081
33646
34505
33082
30889
31056
26440
29119
26662
30920
32825
27303
33039
27234
26696
29298
27731
28879
27384
33128
28884
31397
31859
32710
32920
33448
33174
26127
27537
29249
31777
33011
31890
29528
27063
31321
28884
30288
27721
28790
30835
31680
33193
31282
28528
33907
32130
30419
30720
28085
31752
27317
33183
29386
28492
28005
27036
34222
28991
29426
34010
32103
32136
34560
29819
34527
32294
30098
34507
28601
31173
32946
26823
28310
29942
32785
26529
33072
30034
27890
28934
27074
31907
31761
27269
26064
29394
30372
29642
32973
26557
26841
32511
27179
29826
27241
32007
31894
33101
34404
34051
32630
33348
31355
32543
29964
34069
26735
26171
34476
32046
31328
33188
31279
28217
25978
30379
30101
28782
30767
29896
26604
30266
26627
32407
29188
28769
29194
30444
34444
34195
33628
26181
29412
32107
26180
29752
30778
26164
26959
27227
31734
32349
26667
29762
34249
29866
26546
33974
32086
30117
30732
31864
29891
28819
30006
26954
30326
34339
32675
29794
28129
31513
28912
26098
29372
26610
28609
28648
33782
33022
28602
29568
26645
33802
30644
30670
33696
27649
30449
32919
28048
26972
33936
30190
32324
30369
29582
29879
32460
