38474
38006
38816
38623
37924
39136
37491
38577
39510
39020
39512
38184
38766
38782
39101
38094
38387
38681
37878
38006
38105
37779
37904
39210
38756
37909
37372
37777
38101
38141
39528
38111
38042
38116
37606
38757
39365
37705
38174
38736
37857
39521
37961
38451
37287
38514
39089
37819
38753
37976
38550
38303
37778
39348
37992
38776
38374
38863
38750
37681
38584
38683
39493
39598
38479
37339
39338
38281
37788
38683
38292
37636
38966
37351
37813
37525
39608
38018
39272
38006
39381
38951
37854
39502
37706
37337
38837
39548
39212
39056
38563
38348
38949
37360
37581
38328
38685
38441
38918
38885
38603
39573
37931
38919
37515
38642
37423
38683
39593
38785
39327
37770
39075
39354
37493
38034
37644
38762
39326
39061
37994
38294
38979
37603
38563
39529
38685
38095
38954
37762
38952
38837
38756
37284
39046
37812
38747
39288
38418
39322
37919
39040
38437
39300
39370
38444
38575
38878
37879
37495
38065
39464
38561
37899
38874
39160
37945
38349
38246
38449
39205
38549
37286
38319
38947
38251
38818
38923
38874
38843
38020
37681
38002
37313
38533
38046
37285
38050
38106
37534
38410
39233
37475
39235
39259
39372
39049
38215
38368
38438
38434
37705
37996
37719
38334
38138
38321
38571
38259
39230
38506
38724
37746
37881
38146
38678
38621
37929
38745
37443
37763
38844
38117
38522
38139
38963
38278
38748
38264
39352
39129
38198
37557
38318
37467
37500
38840
37367
39062
37659
38282
38445
37735
39226
38743
38894
39165
38692
38700
37339
37962
39477
38737
38644
38855
38888
38120
39084
38696
39256
39245
39500
37604
39451
38619
37987
38622
38066
37577
39225
37545
38787
38603
37691
37940
37487
39038
38358
39572
38571
39410
37361
38346
37799
37353
38566
38142
38137
38955
38655
37396
39362
38024
37855
37711
37467
38165
37544
39113
39057
38162
37614
38629
37679
39267
37409
38743
39380
37964
37385
38757
38087
37379
39395
37394
38806
38671
39476
37804
37595
38192
38242
39211
39558
39061
37981
37961
39495
39289
38586
38048
38750
38759
37598
39100
39532
39406
37424
39158
38585
37634
37386
37581
37584
37358
38925
38556
37626
38347
38130
37448
38757
37584
39129
39181
38821
37412
38749
39477
37878
38721
38132
39537
38750
38099
38240
39586
37776
39356
39077
38743
38212
37477
38069
37519
38353
38203
39240
37732
37643
38170
37922
39419
38846
38513
38676
38246
38400
38966
37427
37326
38140
39283
39339
38190
38510
38206
37982
38064
37601
39480
37544
38206
38334
38712
39009
39147
37562
38970
37877
39358
38285
39062
37926
38553
37988
37639
39015
38714
38654
38268
38894
37420
38939
39170
38354
39033
37446
38421
39147
38011
37587
37444
38041
38776
38333
39597
38410
38526
38606
37658
39592
39053
37486
39555
38168
39361
39331
39027
38164
38203
37317
39364
37404
39036
38303
37361
39326
38074
37627
39291
37536
38529
38694
37778
37663
39340
38910
37402
38297
37371
37468
39483
39165
39535
38609
38634
39357
39194
39452
38889
38477
37370
39572
37817
37362
38924
37306
38794
38422
38076
37335
38838
39120
38903
39306
37860
38131
37840
38071
38700
39138
38616
37972
38791
37550
39305
39257
39209
38881
39206
38286
38450
37846
39300
37557
37900
39464
38608
38526
38167
37308
38435
38198
38459
39574
38256
37334
39174
38749
39599
38301
38805
37365
39170
38047
38910
39127
37558
37846
37514
39388
38864
38613
39160
37586
38516
38180
38598
38414
38883
37694
38158
39309
37528
38158
37669
39555
38820
39607
38330
38785
38651
38320
38867
37515
39006
37352
38778
37441
37931
38887
37491
38992
37380
39472
38199
39085
39000
38137
37321
38637
39168
38006
37360
39401
38330
39453
38876
39242
39119
37418
39392
39574
38742
39027
38001
37947
37832
38261
39494
38192
38699
39020
38252
39317
37985
38070
38682
39262
38442
38642
38820
37938
38574
38535
37869
37316
37849
38481
38577
39490
37720
39298
37483
38415
38457
37981
39356
37850
37725
39571
39147
37940
39059
37431
39484
37404
38140
39555
37686
38100
39044
37524
38245
37306
39440
37373
38690
39011
37912
39454
38490
39420
39191
38575
38246
39454
39265
38056
38710
39512
39432
37653
39075
37865
37387
39512
37866
37571
38547
38726
38857
39509
38685
38338
38249
39271
37457
37775
38665
37468
38003
38926
38303
38123
37332
38541
38293
38110
37516
39084
37757
37427
38529
37440
38183
38788
37738
38155
38540
38755
38299
39075
37724
37906
38632
39265
37295
37393
38375
38201
38707
38352
37727
37382
39228
39166
39253
37681
38037
37429
38815
38066
37571
38354
38278
38197
38975
39394
39484
39423
38078
37442
39011
37947
38288
37988
39447
38052
39549
38907
38574
37485
39485
39003
39417
38739
38881
38900
38711
38369
39302
37524
39486
39293
37628
38174
39475
38392
38683
39359
38436
38805
39014
37488
38742
39544
39236
38839
38409
38673
37960
38720
38664
38051
39378
39097
38431
38924
38070
38307
39108
37624
38245
39023
38858
37486
39058
39508
38942
37674
38073
37693
38854
39186
39336
39544
38851
37418
38883
39479
39202
39042
37758
39525
39552
38828
38537
38573
39580
37405
38699
39476
38204
38113
38432
39542
37830
37658
38103
38283
38663
38939
38025
39453
38635
39346
39427
38958
38800
37939
39106
39354
38510
39255
39078
38701
38419
37796
37967
39564
37761
39372
38727
38494
37595
37547
39457
37827
38853
38798
39257
38441
39314
37970
37723
37772
38846
39553
37834
38572
38540
37287
38832
37963
39431
37743
39175
38436
39480
37659
39204
38210
39552
38776
38991
37499
37760
38346
39558
38923
38124
39293
37668
39561
37685
37729
38811
37643
37488
38073
38723
39456
38648
37686
39494
38398
38965
37282
38412
39402
38563
38322
39396
37686
38399
39182
37361
38420
37771
39195
38005
39327
39088
37712
38894
38372
39017
38250
38801
37457
38728
39445
37826
39598
38224
38407
38041
39610
38846
37418
37934
38344
38034
37467
38723
38710
38805
39199
39292
39112
37893
38106
38929
39150
37830
37534
39226
38809
38013
39043
38394
37733
39073
37333
37627
38982
38034
37579
39183
39074
38951
37548
38875
39495
37302
37339
37504
38727
39315
38885
38679
38607
37760
38964
39049
38142
38626
38037
39229
38921
37876
38742
38418
38063
38967
37333
39384
38912
37625
39190
38046
38079
37920
38387
38704
38108
38594
38207
39557
38630
38189
37362
37672
39321
38271
37626
39115
38582
37368
37538
38908
39437
38339
38662
37445
38461
39358
37642
38518
39263
37584
38017
37966
39548
38749
39462
38779
37591
38554
37925
38079
38183
39490
38667
38414
37357
38447
38028
38030
37439
39291
39064
38255
38478
39322
38351
38449
38632
38443
38418
39514
37695
39525
39522
38220
37955
39278
38115
38215
38572
38415
38430
37554
39350
37437
38436
38557
37895
39406
38132
39401
39032
38099
37796
37345
38686
38982
38920
38297
38779
37473
39206
37728
38965
39492
39213
37627
38831
39571
38249
38835
38749
39128
38506
39001
38131
37406
37350
38430
37788
38702
39453
39473
39435
37930
38758
38179
39081
39307
39034
38450
37683
37975
38161
37374
37958
39360
38306
38192
37740
37622
38764
38538
37408
38569
38443
38539
38295
37686
39350
38056
38654
39112
38159
37580
37678
38106
38425
39108
37645
38096
38716
39323
37701
38053
38441
38427
38194
37464
39521
38108
39161
38544
37407
38397
38312
37442
37611
38593
37883
38488
38648
38127
38490
39463
38017
37989
38039
38752
39170
38583
38417
37770
38450
39176
38895
38348
39575
37394
37450
38288
38673
38835
39609
37561
39213
39094
38746
38488
38995
37626
37890
37732
38957
38715
39128
38954
37762
39445
39025
38531
39422
37494
39577
37387
39171
39080
38340
39153
38166
38727
39533
37293
37747
39332
38960
37552
38809
39096
37303
39406
38246
38757
38658
38471
38779
37509
37770
37549
39564
37936
37364
38309
38595
38284
38310
37640
39393
38510
37735
38776
39599
39071
38955
38427
37634
37734
38817
39286
38167
37348
39137
39159
37639
38740
39288
37708
38970
38532
39175
38069
38395
38661
37286
37812
39300
37681
37402
38991
38711
38435
39008
38261
37434
38780
39588
38969
39000
37572
38828
37899
38747
38859
38609
37593
39466
37495
38135
38960
39211
38730
38762
38717
39402
37436
38285
39132
37839
37671
39531
38509
39210
39501
38847
37796
39560
39334
39255
38498
38049
37931
37856
37545
38474
38159
39044
37620
37657
38916
39541
38677
38769
38166
38990
37474
39368
37976
39383
39144
39064
39578
37858
38265
37309
39468
37680
39316
38905
38998
38173
39605
39436
38755
37954
38858
37450
37874
37525
38526
37997
38089
38688
38360
39261
39182
38474
37964
37472
38305
38647
38158
37818
37893
38638
39137
38139
39188
38646
37826
39080
38581
37410
39345
38641
37393
37862
38971
38993
38660
37971
39174
37866
39156
38866
38076
37583
38090
39214
37518
37468
38464
37830
39319
39158
38496
37644
38725
37716
38266
37795
37538
38065
38070
38999
38371
38198
39371
37936
38857
38722
37953
37582
38026
38203
38184
38927
37573
37685
38569
38088
37664
37682
38028
38760
37366
37569
39230
39312
37369
38793
37335
37593
37447
38806
39309
39304
38792
39176
39461
38809
38229
37624
37326
39215
39162
38416
37841
37670
37950
38985
38861
37367
38913
38937
39556
38062
37590
38331
38343
38053
38918
39449
37534
38942
37795
39062
39118
38748
37978
37504
39347
38960
37920
38219
38496
37944
37392
39431
38947
38228
37843
37806
37961
39353
39478
39373
38986
37538
38508
38741
38866
38544
37691
39224
39579
37992
37607
37888
38307
39244
38665
38293
39476
37895
38281
37783
37591
39529
38429
38738
39407
39217
38483
37554
38879
39058
37386
39200
39538
38535
38431
39135
39297
38076
37518
38349
38684
38246
39302
39097
39200
37553
38502
38413
39394
38389
39267
38916
39476
37784
38015
39292
39185
37705
39238
38347
38377
38685
38428
38048
38497
37878
39283
37342
38191
39002
38686
38569
39241
38669
38673
37758
39157
38882
38883
37407
38197
38650
37412
38641
37593
38747
39005
37961
37449
37525
39071
39045
37593
38762
38133
38263
38039
38228
39023
39366
37618
37353
38382
37897
39252
39538
38540
37877
38394
37599
37798
38341
37828
37723
38713
37600
37843
37424
37665
39024
38222
38740
37576
37423
38276
39330
39400
37813
38723
37606
37322
38490
38218
39271
38125
39146
38436
39398
38642
37776
38970
38643
37736
37289
38441
39289
37899
38791
39553
39246
38579
37730
38030
39110
39240
37736
38513
39517
38306
38776
39288
37810
38911
37919
37426
37616
39023
37895
38039
38390
39473
38562
37839
37436
39084
37315
37744
38424
37872
39048
37787
38094
38152
38465
37388
38560
37892
38529
39271
37305
38350
38307
39610
38200
39036
38045
39071
39093
37605
38820
37502
37593
39026
38681
37432
37862
37977
38829
39139
38442
37730
38208
38742
37328
37560
38978
38025
39404
38039
39434
38681
37857
38229
37294
38433
38856
37824
37848
39125
37435
38994
38077
39239
37504
39443
39367
39128
37867
38099
37301
37875
37317
39282
38915
38785
37493
39101
38833
37377
38921
39583
37847
38480
38065
38368
38503
37566
37936
39472
37309
39538
37304
39502
37527
37823
38555
38400
38713
37420
38829
38931
38214
39608
38196
39427
39367
38837
37657
38466
38958
39298
38083
39332
38103
39397
37934
37968
37926
37850
39295
38892
38980
39404
38244
38508
38610
37867
39542
38391
38096
39016
38540
38325
38694
39226
38992
39542
37764
38436
39227
38032
38410
37386
37781
39573
37887
39206
37529
37890
38774
39154
37931
39063
39329
38948
38072
38972
37804
39288
39360
37498
38459
38048
38153
37476
38553
38279
38095
37656
37310
39377
38506
38074
38569
39215
37425
37448
38820
37935
38625
38005
38696
39449
37558
38857
39036
38732
38251
38090
38259
37738
37927
38412
37291
39536
37638
38883
39257
38321
37356
38214
39279
38206
38143
38175
38592
38468
38144
38394
37625
37883
39475
38005
38995
37647
37598
38983
38557
37966
39102
38827
39361
39268
38201
38632
38626
38809
39578
39347
39461
38018
38558
38983
37636
38815
38802
38290
37293
37574
37716
39540
37361
38345
37551
38474
37653
39195
39057
38217
39346
38166
39217
39137
38615
37341
38980
39586
38345
38806
38394
38160
38811
38327
39574
37399
38175
38406
38577
38165
38176
38520
39071
39228
38001
37846
39296
37432
39333
37583
39328
38274
38008
37956
38494
39232
38555
37643
39371
38631
37314
39342
39139
38214
38008
39126
37806
39535
37449
39439
38584
39555
37924
37804
38586
38720
37735
39602
38585
39430
38179
37285
38057
37762
38414
37907
39131
38724
37878
39062
38088
37407
38847
38023
38300
37788
37962
38773
37613
38939
38980
38723
38393
38264
38646
37547
39247
39059
37319
38001
37703
38910
39021
38554
38310
38498
39436
37537
39540
37721
38084
39321
39257
37568
39068
38251
37347
38563
38040
38798
38422
37851
37523
38678
38905
37409
39252
39166
39188
39432
37823
38843
38125
38845
37441
37349
39322
37983
38999
37866
39066
38502
38170
37641
39248
38767
37831
38191
38967
38889
38042
38485
38560
39309
39490
39102
38803
37852
37643
37692
38571
37516
38459
37876
39444
37581
39404
39092
38581
39049
39188
37619
39106
38548
38847
39586
39405
39366
37642
37806
38285
39315
38027
39547
37695
38219
39495
38882
37695
38409
39143
39364
38864
38034
39059
38813
39037
37589
37614
38077
39561
38012
38674
37684
37668
38023
38578
37651
39383
37466
38455
37889
37471
38405
39083
37410
39121
37296
38075
39277
37908
38482
37888
38676
38329
38163
38876
37910
39176
39137
39405
37423
39005
39510
37994
39071
38087
39348
37329
39010
39149
39083
39447
38831
38162
37766
38643
39181
38218
38942
39216
38611
39044
37923
39381
39013
39017
39225
38544
38326
38678
37327
38425
38579
39278
38590
37564
37619
37529
38552
38535
37962
38907
39406
39489
38683
37499
37635
38290
38537
38122
39577
39051
37554
39018
39194
38870
38105
38644
37752
39188
37794
37612
38540
37705
39576
37820
38000
38424
38090
37497
39349
37459
39157
37651
37903
39369
38414
39302
39035
38925
37441
38407
37286
38865
38515
37565
38890
38687
39130
38294
38044
37423
39400
37306
39362
38732
38422
38126
39237
38978
39285
37876
39375
38680
38319
39284
37285
38032
37556
38722
38456
39479
38773
38634
37819
38647
38122
37913
38424
37683
37828
38499
39136
37544
37706
39347
37544
37861
38362
38059
38371
38041
37798
39410
39596
37389
39185
37398
37721
39606
39247
37914
37514
37673
38602
37663
38792
38612
37982
37417
37595
37890
38865
37983
37340
39530
38784
39197
38742
39046
37737
37536
38033
38465
38690
38970
38936
39021
39299
38325
39380
38639
38694
37979
39251
37563
37453
37668
37963
39099
37370
37353
38208
37979
38440
37381
38070
38253
38656
39184
39273
39525
38163
38031
39395
37675
39046
38612
39159
38141
38573
39165
37877
37545
37332
38287
39358
37579
37412
38989
37687
38566
