7914
5085
7756
7594
8210
7260
5055
7695
6392
6734
7431
6742
6267
6235
6514
5071
8201
8426
5633
4531
6093
6891
5469
4499
5472
7078
4986
5034
6900
8141
6778
7332
5152
5410
5565
8280
6009
5089
7547
7997
4955
7081
5207
5758
6925
5735
7529
5453
5199
6812
7749
6123
7723
8221
7392
6696
7294
7790
7353
5163
7387
7835
6273
5137
7103
5786
6479
5429
7385
5759
5842
8157
5015
6717
6366
6397
5355
5803
7875
6014
7913
6927
4859
5377
4677
6676
7792
8150
6619
4562
7251
4668
8462
7553
4779
5985
4935
7941
7020
5862
7757
5611
7056
7564
7996
6448
8116
5592
7602
7621
7854
8294
4780
6661
6785
5199
6034
4984
7956
7964
5076
5780
7361
5322
8367
5113
5277
6127
4699
5568
5785
6474
7713
5927
8071
5856
7776
5197
5527
5958
6593
5596
4628
7358
4575
5437
5238
8114
8076
8106
6984
4896
5402
7010
4581
4684
7947
6184
8112
7650
5368
6308
5768
5229
7189
5393
6019
5496
6230
4723
7502
6262
6062
5250
4898
8039
8464
5527
7319
4728
6758
6396
4583
8290
4864
8074
7713
7349
6635
6036
6521
7793
5101
8179
6668
5066
7813
6650
8074
5410
8134
5693
7560
8443
6763
7000
4859
4964
6580
6043
6832
5828
8324
7839
6999
4633
8190
7788
4727
8151
6774
5359
8374
7159
7962
7025
6250
6800
6316
5910
5575
6322
7050
4517
7869
6430
7756
4632
7971
8132
8269
7161
6587
8423
6567
6806
5930
7895
5583
5812
4773
8045
4616
5515
8164
8028
4826
8337
6223
5166
4897
6363
7316
6656
6120
5117
5611
4955
7515
4653
6213
4748
5060
5188
7684
5273
6109
4833
7600
5307
5741
6327
6672
6806
7689
8310
7971
4772
5578
6377
6540
4841
5712
4565
5749
6790
7354
6543
5084
5912
5594
5362
7275
7312
4519
7097
4846
4755
5938
5997
5859
5322
7854
5265
6606
6909
7487
4795
7332
7084
5155
7961
7790
5351
4675
8026
7112
5207
6506
4945
7385
6280
6375
7495
8051
8235
6945
4499
5981
6734
4766
5130
5565
8241
5637
5802
4989
5532
5235
7768
8420
7440
7391
4513
5350
6598
5984
7288
6976
5079
4768
7772
7508
7991
6676
6354
6804
7769
8390
6902
5386
6217
5344
5825
4676
6102
4923
4854
5531
7746
6580
7508
6135
6012
6456
7594
4917
5793
4552
6213
7588
6745
4967
8231
5841
7431
6494
5706
6477
6531
4811
6159
5636
8244
7861
5538
4866
6523
5093
8349
8195
7770
5768
5300
6749
4730
5876
4792
7413
5694
7530
6185
6119
5617
8170
7931
4952
7158
4533
5282
5653
5319
8237
4933
5133
4827
5149
7267
7893
5925
6578
6638
7599
5675
4896
5822
8199
6102
8079
6369
6381
6251
7891
5077
5091
6158
4942
7854
5239
7225
5172
6751
6940
5267
5797
6313
5054
6526
5512
8242
7970
7015
7254
8216
5363
4527
5928
5459
4716
7827
6916
7431
7151
7023
6211
5209
5436
5428
5521
5446
5558
7906
7094
5691
4860
4709
4776
5891
5979
6165
7718
6876
4586
5207
6581
7588
5773
7901
6370
5532
5269
8439
7272
6747
5160
4937
7852
7163
6641
6003
4978
6700
5131
6556
8060
7855
4823
8025
5000
6420
8264
5361
7626
5691
5193
5666
6636
5236
5095
6972
6483
5230
4584
4587
6651
8146
7269
8057
8264
8390
5099
4841
5448
6494
4653
8184
7654
6227
6385
4694
6833
6149
6786
4791
6777
5731
6691
6470
8299
7763
6518
7368
6795
7452
4502
5923
5196
7522
6116
6013
5381
5497
5486
6719
7422
8034
4679
7526
5787
5911
6051
6316
7059
5370
5160
6293
5937
7961
7940
5815
6104
7901
7066
5280
4610
5263
6481
8302
6050
5108
5961
4961
6772
5843
6061
7328
7609
4918
4836
7849
4764
6553
7689
4748
7689
8053
5926
5985
8034
7846
4498
4495
5077
7802
8018
5551
5408
8240
5350
7617
7361
6985
8301
7309
8352
6090
5904
4705
7956
8382
5269
7105
5155
7931
7427
4809
6109
6149
5360
6983
8260
6152
6810
7707
5483
8401
5995
6941
7065
8151
7080
8197
5232
5331
5221
4626
5784
7672
7565
7713
4869
5550
5007
8158
5561
7267
5772
5451
8415
5603
4506
8414
6373
5237
4767
5223
7457
6512
5046
8046
7352
5653
4763
8019
4959
8428
6970
6686
7998
7077
6090
6068
6710
6471
7531
8159
7928
7014
6659
4580
7532
4498
8444
5339
5419
6424
6492
5494
5212
6131
6146
7376
5001
6876
4546
6893
5512
6553
8272
7746
7581
8077
8367
7640
4504
8182
6097
5593
6465
5299
6226
5429
7730
7879
6369
5553
8414
8258
5899
7331
7680
7967
6992
5928
5509
5974
7068
7718
5744
8007
6523
5515
4660
7987
5542
6736
7955
5007
6352
7658
7669
7429
5043
5756
7446
5654
7809
7156
6974
5024
5730
5602
4806
8165
6041
6075
7247
5856
4868
6289
5009
6759
4577
4773
4669
7839
6766
6129
5035
8171
7472
7491
7612
5853
7656
6681
7805
5428
5796
6338
6047
5680
4532
5133
4548
4630
5827
7258
6597
7375
7971
5963
7391
6023
6677
5548
4941
6942
7565
5648
8228
5681
7661
7863
5734
6920
6665
4565
7860
5419
7384
5205
7108
7832
7997
7128
6314
7066
7879
7037
4807
8233
6176
4716
6566
4666
5328
7318
5867
7840
4977
4823
7492
8468
6223
6063
4493
7211
8002
6035
5491
6947
6326
4998
6706
6485
8337
6531
7793
7534
5766
7315
5884
5665
4676
7572
5241
7846
5826
7586
6967
5036
5541
5024
6346
7190
7718
6385
7334
5517
6085
8217
6483
6983
7819
5988
6839
6720
4557
6952
6373
5301
5667
4513
6345
7247
4739
7112
6607
6349
7756
5212
7558
6639
5496
5133
7822
4558
6617
5748
7579
7060
5295
6243
5065
6400
6620
5269
5844
6481
5999
6859
7945
8359
7749
8011
7178
4546
8196
6195
6097
7144
4588
5472
5829
8224
8317
4845
6479
6264
6569
5162
7783
6139
8131
6272
7328
5886
7730
4736
8136
5027
6580
7906
7913
8013
5008
8374
6067
5161
6185
7472
5662
4727
6364
6119
5146
7749
7628
6337
6060
5235
6779
7287
7603
8272
4951
6016
7423
8149
4932
6066
8291
6429
4596
4653
5459
6404
6384
8171
7271
6472
6074
5248
5192
5726
5136
7498
7275
5707
7077
4765
5545
5211
5617
5379
4718
5132
6966
6042
5243
5621
7346
7904
4500
5676
6090
5599
8058
6645
6378
5597
7943
7169
5071
5912
5044
6259
7688
5762
5305
8220
4942
8396
6752
6744
4871
5836
5115
5941
7741
5450
4881
6943
6473
5834
4751
5796
5748
8408
5255
4758
5961
4802
5479
6811
8467
8130
7543
5313
6977
7038
6834
6286
5799
6803
7340
5883
4970
5501
8285
8222
6928
4703
7290
5901
7082
7022
4654
6762
6949
5531
6544
7756
5177
6856
6387
7536
7632
5470
4921
6126
8199
5222
4705
6980
6782
8094
5392
5681
4616
6713
6750
6737
5075
5279
8038
7709
8429
8024
6908
6545
6723
6932
7750
7990
5137
7705
5387
5266
8011
6855
7329
7791
7192
4634
5296
7458
4972
5112
7289
5103
6466
6485
5582
7972
4997
7053
5083
8427
5527
4859
4817
6104
8035
5239
5064
4799
5954
5174
6132
7938
5724
7841
6596
6191
5412
4892
7788
5443
6748
5485
7700
5877
6209
4731
6383
5276
8227
5619
7407
6363
5802
6480
5411
5498
5333
6270
7440
5482
5495
5676
5234
5133
6854
7508
6831
6473
4779
5459
7161
6733
5508
4492
6367
4706
7518
8076
4511
6801
6127
6380
6557
6384
5366
6174
8163
7904
6091
4750
7798
7268
7155
4690
5925
6927
7247
4936
6208
6832
5366
6503
5726
4754
8205
6395
4928
4750
5139
7933
8090
5812
5241
6403
4685
5103
5079
5150
6094
8312
6071
6720
6541
7037
4898
5100
4742
8446
4538
5946
7222
6465
8317
7668
7136
5009
6275
6221
5590
5525
5833
8429
6560
7222
6468
7243
7539
7807
6611
5925
5631
4882
5795
8371
4749
8109
7983
5421
7310
6198
6870
8136
7501
7315
5394
7828
6551
8344
6509
5675
4607
7836
5313
7078
7545
5369
6464
7961
5969
6635
5359
6241
6505
6196
6533
4927
5262
7792
4604
4547
5711
5239
7680
7615
5280
5073
6036
7573
5744
7997
7148
7745
5467
7730
6838
7883
8349
5747
5594
5348
6848
6114
6596
7589
6713
5223
8157
7513
4786
4755
5854
7195
7312
5346
5409
7116
5863
7847
4504
6463
8116
7368
4944
7793
5015
6009
7877
7874
6100
6186
4587
7344
6488
6223
5348
8284
7511
5998
7659
4832
6420
5231
7950
7404
4807
6931
5119
6310
5215
6991
8016
6123
4594
5734
6192
8083
6018
6942
5897
4682
6985
5703
8116
8247
7521
7052
7962
6835
5106
4601
4707
7661
7357
6369
4886
7508
6416
7649
5009
5391
5709
8184
8174
6647
8434
6329
8470
6494
8438
6037
8076
7094
8226
7116
4982
6855
8070
6770
7301
5501
7581
6913
6750
7072
5883
4555
5151
6979
5967
6455
5252
6111
7363
7150
8027
5298
5317
6290
8108
8397
4631
7557
7277
6740
6741
6412
7542
7082
6663
7754
6976
8059
6335
7958
8216
5174
4585
7401
4716
7391
5993
6046
6374
7950
8069
8324
7750
7060
7917
7446
5832
6865
6331
4856
4870
5261
6164
5046
6897
5670
6381
8024
6671
8094
7559
8436
4873
5172
7318
6455
4799
5674
7514
5697
4633
8334
4891
7862
6133
5467
5861
6403
7113
7740
7222
6030
5438
4733
5306
7421
6028
5922
6511
4800
4713
5139
6122
6422
7687
4610
7611
7048
7264
4537
6834
4632
7056
6404
6612
8008
7461
8446
6435
4500
6264
8334
4620
8119
6006
4992
6799
7028
6058
4712
5206
6643
4907
6030
8469
4966
8364
6873
5763
6946
8177
5615
8259
4702
6836
7933
4980
7027
7117
4758
4946
7745
5052
8135
7156
5823
8004
6176
6511
8184
8189
4524
7642
6548
5097
7306
4830
5382
4696
5588
4616
5976
4985
7058
6996
7540
5795
6551
4874
6475
7878
5210
6426
6936
6846
7222
4761
5569
6799
6426
7878
6069
7647
7512
5622
5147
5193
7440
6891
5184
6377
5351
4770
5473
6767
4963
6736
5371
8015
6041
6252
6706
5871
8251
4961
6279
7176
4520
7530
6571
7009
8293
4916
5211
7521
5151
6028
6866
5314
5148
7314
5525
6653
6971
7622
6068
8443
7868
5663
7016
8128
5441
4778
7970
7230
7301
5352
6441
7565
5104
7316
4983
6663
6812
5971
5406
6593
7968
5176
6888
8417
8148
7174
6722
7747
7318
7850
8252
5019
7693
5565
4529
7715
8393
5270
6615
7807
7975
7581
5472
5621
6052
4669
6747
5451
5095
7516
7255
4639
6978
5052
8257
8255
5356
6877
6770
7611
6859
5499
4722
5129
5294
6762
8451
5486
6443
7346
8101
6859
6339
7738
7793
6981
4996
5049
6486
7749
6090
6878
5066
8005
7710
4981
5963
6555
4735
7762
6454
4814
6609
6793
6470
6515
5514
6720
6972
7260
5448
7206
5347
4654
5531
4803
6832
4816
7214
5816
5580
6375
5557
5037
6147
6569
8317
4757
5658
8277
6520
7672
8301
5670
4666
4702
5700
4764
8262
4795
6728
7011
5051
4900
6289
6749
6324
5111
4807
4577
5075
5303
7658
4916
5632
6805
6164
7869
7969
4509
8234
6136
6771
4963
7913
7859
7216
7129
5573
8443
5303
7450
5362
6313
4884
6989
5288
5790
4812
4866
6051
8428
6487
5615
5518
7142
6937
7098
6611
8014
6654
8043
8106
6044
4638
7907
7800
6633
8183
6867
6935
7320
4524
8223
4895
4631
7900
6403
6702
8061
7755
8307
6842
5241
7614
4620
4882
8256
6092
6738
5052
4518
7146
8277
7876
6523
6447
8207
5309
6166
7627
4609
5621
4911
5300
5799
7968
4973
8051
7635
6688
4846
6933
6121
4827
7893
4904
7961
5065
6666
7905
5967
5430
6202
7016
7782
4962
5002
7599
5416
7158
5861
8455
4662
4982
7178
4671
5225
7433
4591
5770
7940
8012
5582
7483
7727
8308
7216
6814
6996
7409
7584
6159
5385
7729
5946
7027
4926
4683
4638
5754
6325
5630
4984
7546
8160
7355
5808
5291
6466
7509
7410
6221
7157
6947
5021
6205
4706
5369
5489
7037
7997
6520
7575
7600
7502
7290
6689
8193
5968
6210
6439
7613
4858
8299
6571
5790
6564
8436
7903
7949
6932
5287
7891
5841
5059
6440
5291
6961
6092
7617
6293
6310
5472
8100
7826
5974
7773
5052
6564
6848
5387
5450
7802
8149
6113
8268
4857
6184
5811
5430
6232
4659
5033
7305
5924
4976
7569
6587
7734
5488
6623
7811
7553
5636
7074
7556
4772
6643
7546
6425
7318
8395
4756
7899
5043
5418
5323
4509
5395
7777
7278
7980
7412
6738
7071
6379
4636
6856
5958
7012
5944
7063
7212
4980
6225
5566
4801
5357
7271
7788
6287
5315
6575
7467
4523
4805
4537
5857
8044
7761
5017
5183
5669
7782
6675
6926
7714
6125
6968
8102
7457
8035
5862
5441
4860
7094
7794
4990
8026
5690
5191
5750
4964
4895
7074
6415
7712
6313
7671
5766
5402
4824
4775
5263
6228
8360
7465
4628
5116
8065
5493
4927
8162
7401
8330
6621
6308
5279
6972
7935
4504
7836
7720
5221
6255
5992
8066
8422
5273
6595
8272
5893
4585
7729
5693
6537
7661
6580
5320
4546
6792
7494
6011
6316
4810
8401
5501
7064
4937
7818
5596
6270
7489
8321
4654
7872
4786
7664
7396
7137
4889
8272
5039
7166
7984
4724
8326
7331
4543
5380
6777
5347
6695
5020
7318
7491
7276
4877
4572
7705
5041
7751
6988
5230
7796
7348
5465
7722
7300
8370
5837
6757
8289
6651
5310
6545
6759
6024
6266
6518
6690
7042
7335
5808
5927
8373
7695
5909
7000
7626
4857
4639
7020
8017
4813
6305
7696
5780
5165
5417
6793
5705
7854
5444
7474
7433
5911
5428
7320
6203
4678
4881
6068
7775
4975
8392
7430
5289
5978
7016
6492
6073
4767
7895
7878
6705
7949
8173
7125
8410
6886
7844
8457
6015
6788
5087
7952
8465
5849
6290
5949
8161
6479
6188
5093
7806
5506
7490
6686
5166
7212
4601
6183
5154
7101
6625
5662
5527
7240
6480
5270
7499
7984
4950
6181
7390
5597
6900
5601
6150
4503
5151
7662
8393
6360
8430
5418
7373
6218
7363
6468
5368
6315
5568
5664
4576
8140
5806
4916
5477
7856
8027
6206
7507
5734
6686
6381
7310
6128
6426
5505
7516
5252
7441
8060
8188
8429
4825
4925
7546
7402
4525
5352
5823
7296
6147
6539
4743
5226
4706
7305
5250
4503
7875
5407
7636
5404
7156
5711
7970
6720
5421
7090
6291
8369
5853
5919
7351
4870
7827
6296
6266
6343
6140
6267
5211
7378
5453
7872
8029
6988
8259
6951
6696
6137
5692
7837
7280
7884
8026
5264
7078
5628
7796
6451
6002
6741
6038
6186
7476
5259
5851
8241
6346
5718
5727
5080
5246
7088
8207
5740
5404
7024
4680
7956
4677
6942
4864
7919
4948
5366
8426
7840
6188
5932
5898
7148
4729
8403
5845
5182
7951
6639
6436
8206
5883
7229
7574
6519
5799
8111
8445
6194
5603
7685
5069
7278
5302
7424
4823
5423
7305
7957
7466
6813
5525
6632
4864
5584
7415
6237
7982
8185
6712
4959
5016
6276
4837
5072
6357
7127
5807
4771
5778
8382
6267
7251
7921
4758
6255
5928
7988
7864
4653
5672
8417
4530
8087
7278
7346
8244
7363
7542
6997
7783
5504
8199
5661
5643
5237
4608
6430
4607
8311
7362
5693
6969
7921
6145
7630
5089
6091
6221
4787
7412
8040
7711
4564
5387
7277
7661
7290
4559
6765
5896
4911
5279
6738
5124
6255
6507
7477
5141
6605
5316
5525
8217
5899
6885
6472
4695
7045
5659
6618
7355
4506
5752
5856
7338
6809
7331
4593
6913
4735
7047
4995
5033
4914
4497
6782
7329
5683
8048
8113
7153
6370
5108
5490
6038
6719
4607
6949
8058
6872
5294
7321
6117
6723
7914
6837
6834
4809
5361
7260
6893
6335
5012
7425
4646
7803
7441
5141
5973
6803
5320
5842
6314
6081
8378
6439
7933
4815
4753
7478
7362
5029
6799
7727
7303
4628
6405
6655
5199
8454
8012
7174
6244
6652
5449
7378
8271
4521
5263
4982
7232
5550
6543
5707
5610
5898
7278
6486
6154
4684
6701
7078
5300
6302
4683
7971
6506
7850
8344
6247
7989
4937
6823
5313
4611
4821
6839
4845
8382
8367
8334
7823
8291
6014
4841
4952
4650
6637
7011
7109
5908
7830
7025
5714
4750
5476
6876
5962
5090
6787
4951
8235
7146
4957
7250
8085
4982
4865
4621
5476
7571
4620
6388
4877
6371
6304
6768
6311
4655
5464
8161
5925
5096
4753
4897
6581
6731
4987
7592
4927
6300
7555
5296
4809
4806
7074
4796
6241
7683
7077
6861
8079
4837
4718
8337
5031
5529
8030
7147
7095
5698
7906
7121
5080
4516
6342
8401
8066
7960
6293
6138
6036
7674
6950
6107
6005
5514
7642
8032
7755
5930
4954
8386
7910
8371
6870
4623
6618
8294
7019
7057
4730
6679
5303
5023
7513
4504
6387
6904
8047
7154
7602
7090
5321
7910
7419
6708
7479
8038
5028
6980
6081
5362
5498
6991
6249
5313
5592
5212
6509
4807
5620
4904
6248
5636
6094
6057
5793
7954
4670
6421
6400
5672
5295
5955
4784
8331
5232
5479
4893
6374
5661
5873
4720
5270
7196
7506
7764
5332
4521
4591
5472
5252
6530
6262
5548
6935
5934
5531
7731
5555
6944
6239
5352
7060
7129
6700
8454
6710
5449
5241
7268
6403
8390
7674
8244
5571
4842
7307
8067
7214
5059
7562
6949
5052
7279
5028
4593
7583
6000
7640
5143
8068
8102
6135
4540
5382
7131
5559
7978
4611
5759
5370
5413
5216
5223
5843
5159
5539
5121
8080
6006
7017
6699
5745
8093
7979
6020
5682
5706
5044
7399
6998
6011
7839
5365
6512
5145
5760
4514
5381
7448
5299
6310
7472
4663
6805
4843
4800
6234
5361
5923
8215
6206
5659
4879
5512
7873
5535
4895
5917
8205
7659
5688
7553
6115
6043
5604
4796
6074
5739
7691
7614
6415
7391
5559
4557
7234
6433
7961
6663
5333
5104
6330
7563
7491
5663
4629
5075
4831
6666
6315
5211
6158
5376
7089
8457
8114
7651
7091
7810
6467
6521
8099
5013
6525
4542
7911
4754
6182
7397
8137
8147
5294
8071
5683
7114
7564
6323
4646
6058
6674
7863
5296
6257
6613
6572
6665
4556
5294
4641
6347
7598
6289
8436
6026
5301
6305
5835
8296
5331
7705
6265
6155
6407
4609
7913
5472
5987
7810
7507
7624
4747
5430
7153
5305
7893
7087
7404
7993
8044
6826
5120
6726
7376
5315
5896
5807
5050
8330
6835
5805
5491
7970
5453
7949
5533
5126
7882
7150
7739
5259
6253
8113
8258
6755
7481
4750
6107
5927
6723
5723
4853
7136
5304
6419
7917
6127
7678
6203
6986
5821
7926
5526
6918
4878
7230
7645
7040
4651
6324
8206
6438
6426
7285
7201
7667
5240
6511
8038
4725
7177
4946
6321
7271
7058
8364
6427
4987
6976
8381
4650
8289
5210
7035
5582
4599
5868
4580
7645
4997
5629
6146
7941
4657
4931
7663
4635
6462
5335
6046
4564
4632
5149
5327
6143
5821
5961
5106
4964
5184
8258
4602
5243
5044
7751
4829
5169
8334
7899
6564
5762
5232
6644
6296
7341
7545
5057
7681
7507
4745
8246
7345
5783
6561
6911
7600
6128
6610
7510
4620
7990
7011
8043
5929
7086
5574
5196
4924
4608
4706
5071
7166
4511
6249
5797
7535
7492
4865
7462
8060
6460
7454
4800
5957
8078
5169
6299
6610
6768
7674
8419
7555
5343
7267
5968
6462
6575
8027
4542
5331
4777
8459
7597
4836
8088
7721
6548
8337
6418
7540
5793
4862
6821
6784
4689
6335
5227
5264
5674
5790
8297
5599
8134
5098
5168
5547
7105
4915
4945
5679
5987
7299
6875
5094
5138
7910
7972
5853
6517
5796
5601
6114
8006
7974
8122
7279
8136
4772
7723
8222
7504
6940
8394
7452
5903
7470
6113
5317
8183
6712
6846
5723
7811
7227
7489
4628
5635
5519
8371
7982
6005
7673
8439
7200
5164
6068
7436
8222
7243
5781
6682
8004
6907
5132
7449
7203
5375
5219
6753
7648
7214
4625
7907
5391
5072
6344
7378
4625
6097
5829
7974
5253
6706
5779
7923
7960
5224
4693
8345
8246
7589
6433
7938
8328
5553
5054
7801
7708
4911
7956
8121
5555
5575
5917
7603
6249
4957
7814
7820
5432
5723
5608
4908
7527
7304
6650
5442
4780
7435
7859
5386
4809
6381
7067
6772
6792
8294
8239
5898
5346
7949
6835
8083
8095
4492
4555
7077
4746
7156
7837
5662
5252
5154
6705
5847
8294
5330
5139
4575
7043
4575
7078
8464
6907
7200
6058
5963
7296
7627
4530
6445
7776
6130
7451
4623
7285
5539
6625
6280
5124
4955
6007
8219
5347
4828
6975
6361
7120
6090
6474
8367
5974
4793
7180
4868
5387
5098
7741
5444
6298
7820
7523
6395
6553
5412
6818
4515
7207
6305
7480
5100
7637
6202
4900
6074
6251
6230
7184
4960
8390
8421
5123
5230
5911
5900
6647
4661
5133
4987
6107
5705
6726
6001
7756
5906
5023
5115
6474
6406
8249
5969
6193
8182
5901
7832
5932
6822
5520
8273
7924
6295
8330
7091
6552
8466
7890
7099
8406
5002
6471
7053
5791
6263
6323
8411
8466
8337
4829
6015
6875
8319
4707
6929
5788
6091
6850
6446
7575
5469
7828
6170
6559
7057
6504
4554
5358
7830
4603
4649
8087
6326
7489
8285
6185
8260
6188
5795
7387
5531
4748
4677
6624
4847
7782
4511
6031
4687
6679
4710
5610
4838
6562
6731
4973
5541
6207
5954
8042
5126
7041
5311
8295
6563
7800
7335
6928
5728
8402
4651
5560
6108
5661
6726
5602
5786
6892
7440
8266
6856
8419
4771
6470
6968
7480
4536
5146
7806
5578
5775
5004
7374
8255
7342
7979
5573
6646
5475
7043
6281
8331
5560
7237
6435
7485
6212
6301
7031
7447
5624
8093
5229
6151
7655
4899
4830
4937
4864
7477
8281
5948
6536
5998
5415
7463
7676
7316
6416
7634
7723
6081
5562
7763
4862
7179
6075
4554
5727
6112
5038
7817
8024
6819
6081
6089
7855
8397
6467
5842
5050
4957
6365
6515
7642
7685
8213
7298
5225
7489
4501
6633
4983
5949
5166
5760
4679
6875
6270
6432
5635
7517
6794
7946
6599
6007
6504
5833
6103
7650
5103
4630
5630
6284
7137
4834
5863
8133
7434
5343
5551
7142
4663
6686
5216
6746
5036
5321
7014
7515
5200
6651
8289
7487
8273
4740
4519
5642
4635
5841
4859
6585
6549
5305
7410
8159
7979
7810
6983
7376
4891
8469
5255
6587
7562
6103
6414
4995
5700
6060
4999
5891
5679
7519
5333
4743
4572
6560
7244
8178
6984
5723
7369
5611
6377
7036
4622
6704
7142
5126
5208
7148
7315
6526
6833
5551
6828
4804
4782
6057
8452
7281
6281
7103
5359
5198
6513
6869
8075
5099
7526
6343
5521
4704
5864
8092
4580
8436
7867
7206
6933
4643
6086
6668
6994
5328
8110
8084
8210
6086
6678
5894
8120
7982
5898
6161
6748
7836
4560
4642
5512
5167
5454
4659
6271
5504
5686
7961
4838
7027
4959
5897
7136
6812
5061
8041
6927
6777
7989
4599
7755
7874
8444
7520
5636
4735
4605
4522
5036
5086
5281
7863
4983
5382
6374
8369
4986
4695
6937
5262
8338
5347
5181
7411
4893
7769
7764
5718
5916
6993
8108
4566
4996
8187
5912
7520
5997
6689
6376
6396
6318
7966
5902
5730
7228
5957
5224
6191
7729
5357
6026
7990
7549
5582
5293
5897
5362
6625
6821
7343
7400
5098
6597
6634
7225
6423
4861
4774
8241
6840
6538
5372
7054
7663
4527
5404
4927
8115
7319
5265
5754
5003
6566
8295
5252
5847
7392
8412
7212
6237
4860
7648
6191
4916
7950
4517
5926
5218
4856
7746
6347
8265
7099
6140
6866
6174
7234
5520
5047
6722
6530
6300
5701
4744
6992
7930
8328
7216
7792
6541
8160
8445
8178
4942
4710
8294
5787
7747
6161
5614
8441
6038
6206
8036
7681
4784
8308
6400
4952
5410
6833
7156
8347
4841
8254
7590
6744
7545
5149
5015
7665
4676
6690
6603
6278
5280
5861
8384
7558
4896
6698
5599
7059
5374
5928
5845
6652
6886
6018
8111
8294
6508
6491
8169
7868
6684
5645
4683
7151
8217
7804
6780
6089
6148
