36216
33523
40446
43277
41345
39414
34618
38106
40564
33455
37377
33282
37276
39269
33822
35619
36097
35145
38405
42489
34295
36215
36545
33602
36920
34558
37480
42395
41620
38627
36926
35544
42751
35307
42129
36177
34214
41912
34207
37014
39387
38798
35606
36013
34337
35488
38938
38256
44203
37675
38226
41623
34552
37256
36307
34130
35587
44888
40028
40651
38208
38267
43643
38306
41051
37250
43468
37265
35085
42076
34497
42985
35166
43163
40779
35153
33276
40038
37664
35615
36851
44545
39399
34253
37462
33201
41726
39762
44648
35404
40506
37689
36763
39372
37434
43546
38667
40191
35566
44533
38578
33502
39918
42297
35035
38869
41130
37200
33610
34718
39344
44888
38857
35972
38724
42981
38958
39804
37653
36838
44980
44561
35391
38220
34390
33801
38463
37588
42143
40765
39772
44103
37041
34088
33982
35935
37704
34861
43259
33915
43254
39710
39687
35153
38840
38713
40179
43820
38701
37703
40319
33592
38289
36817
34077
43689
37065
43203
40325
43025
42898
44809
38366
36463
37424
37895
43314
38558
33848
37824
36982
42778
44629
36687
43417
34029
36270
43227
37946
37396
34965
35039
36813
33873
36364
40130
37579
35793
38441
44097
39364
39227
40262
42880
40522
44316
40871
36325
34099
39712
38942
38025
36497
38879
35966
42534
36690
35124
37688
38966
42530
39872
41171
33827
39771
43968
35710
37313
33840
41965
36691
43999
36407
42592
42587
34375
35560
35418
41697
37735
33409
41048
42306
36226
34918
34958
39232
36272
33981
39786
37121
35809
34146
38192
41408
41640
44731
40985
37943
38115
43794
40766
37975
41168
37931
36019
35642
33814
38396
38360
44599
33225
35894
36652
35314
41815
42552
42427
38260
44887
44802
41692
44403
37993
33589
40948
35697
34819
39172
37751
37489
42248
39428
34651
38267
44271
36704
35338
34956
38171
36569
34687
41740
41192
39941
33432
36073
40177
34109
41023
34175
41111
40143
37833
36764
35493
39326
44680
44509
39680
39599
41729
44845
36153
37939
34220
35241
38926
42520
37474
41249
40161
34027
40297
40053
37918
44622
41312
39629
41367
39061
44375
40894
37793
39334
38829
36655
43709
36945
36366
42684
33731
34562
37906
38676
44013
41095
35082
41777
36249
38831
39716
41729
43842
42815
38025
38062
44842
38238
37504
37637
38986
42140
38416
39776
37720
42406
43189
34771
41028
44665
35810
34993
40783
39285
33571
33406
42023
39423
38768
38694
33614
43429
38292
35189
36180
37738
37334
44913
35574
39955
37708
42122
40066
41225
38890
37397
43622
40412
41947
39919
38063
37510
33859
39080
37783
39844
43335
44971
35720
39415
41894
42055
40164
42058
38324
40225
38784
35563
36253
34377
44893
38595
34333
40749
42597
43174
36061
39670
40108
36464
43364
33469
38874
35338
33276
37454
42237
38955
42880
42160
41815
44661
33647
41645
33299
43940
40463
40579
34593
40195
44765
37708
39933
38246
33481
39214
41649
33230
35591
39352
41957
37901
43567
34565
37600
43429
38283
37433
37716
44476
38118
33619
36333
33894
34462
35892
40149
41269
33393
36512
38440
34058
39455
36782
35834
40714
36505
34675
40780
33509
40679
41026
40204
41375
42077
37908
44753
36197
36287
42614
38085
40170
44357
39172
41058
34515
36802
42460
43306
42238
38180
35521
35846
36504
41681
40031
39402
37401
41049
39717
39956
42577
33581
44071
44920
44297
38899
35962
33397
34892
38718
38874
35223
41790
44023
37413
37270
34465
38917
43088
41097
40132
36541
38441
42385
35639
42313
36970
41030
38734
40667
40649
38412
33654
39212
33660
41687
42812
36877
38547
38110
38759
41936
39469
41098
37147
40044
34218
34009
37238
37484
34915
39533
35610
36733
35836
38448
33269
42035
38021
33985
34205
39508
37742
33273
35672
44736
38565
38961
38204
35842
43946
42578
40448
36811
38572
34565
39587
39857
44425
37386
39964
43556
42317
44570
41645
39158
39341
34994
39993
43338
38931
33704
39700
44266
33446
40502
43029
38207
36213
36349
40353
39252
44814
40991
36233
34479
39394
43483
33647
40844
34559
44868
40807
45058
39049
36719
38153
34218
38105
39803
36073
39494
40679
34386
38696
36273
38387
37556
40367
41131
37853
42435
42180
34244
41408
42943
43958
37029
35521
39298
38437
44338
34347
40585
41122
41081
35373
35855
33741
34527
42135
41841
43197
35064
38957
38692
43460
43767
39155
40376
43031
36791
42171
33413
35299
42978
34386
33434
44160
42685
43658
43199
33817
34783
44429
43928
44246
34120
43848
40984
33917
34025
39447
38949
34411
36892
40309
40263
39687
39991
33914
38559
41212
39645
39392
44063
37979
42058
37942
40550
40335
39818
38380
43141
38654
44541
36491
34802
39062
40876
42086
38323
34841
39303
40875
36409
44908
34054
44333
41104
44053
41098
34929
35790
37624
36446
42113
36850
33548
40020
40256
34849
38613
33416
41027
38509
39275
33408
36765
39238
36318
41351
44528
37354
44822
36125
36111
33435
42038
37898
34641
35438
35136
35742
43202
43924
44834
39208
38400
34865
37452
33461
35584
37748
36749
36878
35093
36268
34104
37575
37947
39985
40433
38016
41196
44334
35461
40350
36295
40825
41435
40359
42674
34200
41767
40412
44902
39701
33451
36977
40302
42416
39280
39553
41424
39034
40739
44487
43951
41607
33231
37699
39779
41384
36993
38625
41919
44962
42701
37715
40608
33757
41489
37544
36539
33214
41814
39133
36302
40361
36588
39897
42155
40377
35805
37348
39230
37577
44052
35716
34450
39384
37764
34134
35786
41637
40049
41698
43968
43789
44718
37880
35106
38669
40673
41201
35448
38467
35639
37476
33465
36658
41183
40548
35357
37531
37785
39139
34167
40515
37824
42381
41534
34979
39331
43446
39260
33600
34552
44400
34822
37657
38182
40941
33539
34398
34969
36496
33754
43438
33608
33838
41773
34183
37074
37424
41798
33613
34867
40736
43744
42207
38566
34099
36600
44591
37927
37217
43882
42784
42216
35693
35161
40013
38518
44014
34309
36297
44828
36184
38137
34272
42117
43534
33817
41781
40467
42741
41310
38187
34824
42441
40792
34204
43969
38882
42578
33731
33499
36274
37984
33292
38841
37348
42937
39476
33852
40767
42543
35379
42100
39021
35276
36946
39708
34577
42752
42335
35186
41148
33419
35693
36715
38309
42309
42351
34564
33228
39339
41489
42314
40271
37904
36162
36017
40106
33786
41366
41877
37770
39327
42658
35712
39230
39329
39241
42789
44103
42617
36501
39515
36008
34030
44390
33390
37322
41472
36045
36662
44278
42745
34480
36543
37223
38124
34788
37363
40068
36623
36458
40928
41401
34594
38163
33973
40770
43555
35255
39665
38242
40930
42339
40241
40853
38174
42694
36330
37876
41594
34349
45075
41745
42640
36441
36567
37365
43487
36137
38033
38808
40728
39555
36810
39377
44396
37350
34544
39563
33609
36726
40710
35556
42721
40299
41206
36776
34127
41382
34545
34426
37305
39096
39141
41419
39130
38275
41634
41921
38458
37128
35063
34010
41768
44012
39139
43204
41434
35398
38118
43374
41352
37132
37895
33994
40752
34137
42633
43921
34135
41403
38874
44214
36050
41156
44119
33643
36104
42429
33433
36309
39765
36018
38076
38219
33940
43198
35099
40957
35875
40821
41187
37496
41183
44467
38579
41238
40526
37231
35911
41077
35772
33654
35708
35221
37721
36034
42973
43426
34363
35670
36508
41660
35066
40660
44354
43271
38367
41956
36185
35245
43279
34769
44188
36217
35550
43466
37399
37165
39737
40343
34093
41924
41146
41007
44825
42511
37559
34958
41481
43765
38438
33389
44670
40893
43256
34526
40644
44542
36055
40858
34060
34711
39176
36722
40776
33281
36026
42220
36517
40411
35556
36809
34195
41118
34439
41223
36705
36546
40533
36865
36364
38464
33592
42600
39185
39511
34260
44058
40847
43670
42412
35036
42314
34328
39145
34644
41694
36761
35291
37425
42607
41978
39428
34472
42766
35188
42017
44299
43730
37989
44537
41632
34080
39829
38625
39574
36737
42755
38389
38366
41453
39864
37524
38984
39458
40424
41274
41097
38571
42625
39794
36572
33416
33450
33261
34064
45070
42101
42384
35307
40084
35614
42392
34887
35678
36125
36265
42405
44700
40333
40888
35166
44593
44988
40819
34540
44248
39057
41673
39156
36222
43973
40753
44258
36001
40368
35409
38727
40917
37170
35008
44449
33378
43321
41033
39624
42069
35141
41358
39606
43853
35582
40444
37854
39483
40284
34456
36569
38725
34109
43601
41581
41645
34523
34432
38460
36487
41502
37601
44614
45034
37453
39792
36417
40324
35214
38084
33439
33475
34931
38211
36393
38639
39499
37809
37933
38694
37284
43107
35379
35624
39315
42332
39662
33345
33363
44496
39028
35183
36518
35550
39702
41199
36306
33666
40123
40730
33659
34402
40316
42154
40133
34534
34054
44394
42054
37577
41836
40700
35724
42400
37602
39774
36465
44254
40033
44429
39264
44916
43167
39005
41041
41348
35026
38966
38793
37959
35049
39538
33956
35056
37453
44005
40067
34165
33493
33602
39666
35089
39742
35791
43049
37671
35066
38491
33870
40398
41429
41250
34755
39169
36041
44998
38414
35408
38943
43750
33506
42983
34052
39012
37995
36165
44094
33285
38578
36567
36370
34469
43905
41390
41884
40655
43919
40676
39010
40343
39915
35512
33768
36400
43283
35025
33886
37390
35864
42522
40905
39762
42385
35388
40966
34585
38500
41394
33965
36841
40604
34676
43534
42525
36506
43296
37101
39359
34829
36470
40244
39819
38954
35928
43955
40443
36926
41376
38686
34361
37666
37899
34071
42342
42657
38654
42497
38710
39959
38963
40210
36280
39995
41991
43321
41428
43779
44931
38154
41170
38093
40452
35483
40518
44019
41466
34814
35446
33253
38733
33317
44180
45044
34478
37204
33826
36494
40134
44053
44050
34199
37720
41304
38334
40071
44294
40770
40176
40896
34924
33510
42362
36570
39780
34273
37247
44239
42766
40072
36488
44358
36510
44616
34302
41099
33979
39812
34425
33826
39080
34270
35637
40659
33737
37460
42951
42052
39608
36808
37324
34775
37419
42326
35452
41309
44246
41387
35676
35635
36304
40658
34411
35589
36630
42031
44948
34691
38341
42259
34677
40586
35753
42458
40228
33596
37131
40358
38298
34092
34984
35277
40029
36676
35942
38325
35884
39485
35747
38633
41542
40574
36239
35728
41360
44114
33787
43791
38242
40378
35256
35101
40690
38389
45019
41842
34600
43639
38343
33272
44446
36832
35095
37017
39556
35748
40904
43876
40245
35081
37961
44853
33958
33922
37411
34840
39560
37864
34958
39490
40408
35929
38278
38219
43485
39258
44776
38994
41060
36104
34813
34075
39739
33575
35767
45001
33855
36167
40910
38627
44551
38820
36090
35549
37768
34938
34038
37472
41399
44729
37027
37545
41223
43427
40743
38384
38859
37693
41621
42431
34775
36493
44099
35396
34717
33691
38239
36502
34529
37080
34464
39741
41455
36893
39327
40177
42398
33239
34960
42791
35528
34830
37640
41382
34164
33764
37039
34716
37259
43422
41594
40549
35516
34758
36583
36226
36169
35319
34066
34275
34811
40054
42718
37297
40316
43580
41604
41774
34127
36982
40857
44084
35867
33440
36204
42588
34431
37027
33796
43618
37833
34517
37068
44885
42119
34311
40997
35749
34872
34745
37894
39888
37142
42348
44983
37230
34127
39902
37653
35715
39982
42819
44578
35560
40088
35543
35902
38199
36253
35253
38690
38312
38761
41617
34502
41856
40076
36468
40176
35555
38547
36749
41259
39259
39652
41667
42558
44046
37395
41226
40374
33889
35160
42062
40168
40487
35762
39314
39849
38079
33937
37089
36690
40499
35434
39729
41611
39811
37429
44376
35122
35102
42906
43654
42221
35030
34869
43869
36081
40168
43059
40789
38907
40089
44279
42026
35241
33485
34180
43444
42311
35536
36381
38079
41282
34453
39594
36270
37516
34193
34336
33473
41182
35080
41811
37641
36706
41201
41255
33362
34512
44077
41420
33979
40922
36423
39752
35940
36645
35967
34836
35907
34683
40727
36433
33800
43987
44229
39040
42115
34762
39748
37354
34184
34353
38001
39595
39987
38285
40183
39594
37655
39365
33946
42608
38190
42320
35142
33782
43952
36285
34833
36578
36423
37149
37983
36167
33839
34965
34104
41176
41543
36931
33416
43952
40369
35961
34241
43458
40760
36907
42820
42648
38071
34686
36418
35021
33916
36200
36395
43430
36174
33829
33799
37213
38874
40817
33399
41859
39613
36418
35755
35624
34431
33267
39797
38736
38143
39510
43510
38250
40872
42186
44126
43814
33290
39954
40399
33496
33410
38201
38065
39867
40448
44038
39179
38827
39567
41656
41466
33689
40538
42556
33610
36094
36351
39886
39705
36270
35414
39724
41043
36782
41684
44573
39741
34424
33970
42961
35814
39686
38227
37345
41326
40327
39671
43909
43523
40654
37512
41287
37937
39889
35880
36867
41324
36892
34140
44141
33724
35242
39616
38078
36121
38330
40859
44104
42437
42667
33943
40554
43035
43070
44032
44765
42460
36994
36110
36307
37150
42006
42861
33576
37271
43304
34208
40307
39941
38224
41807
40804
36036
39549
36598
34343
33620
35455
38949
39759
36306
40445
38191
42661
38083
37300
34286
40615
36172
40530
39662
43631
38249
37657
36073
43967
38596
33364
42589
36969
34587
45006
33207
33451
38217
37673
42644
33739
39276
35746
34225
35352
44923
41465
35131
34486
36102
39788
34220
34110
35174
39432
33336
36100
45047
36572
37593
42985
40227
44762
44949
34932
33328
42928
42942
33889
39768
40798
40853
44299
37857
34930
36786
39627
42104
41282
38154
36944
39602
38669
35713
38032
38501
43183
39594
34913
37148
34612
39172
39228
37557
35278
40105
37528
37068
39340
35513
41832
35464
36847
38451
42384
40228
40938
37539
42339
35835
41396
38254
33606
36441
39853
39997
41145
33200
34399
34581
41301
37207
40054
34080
36956
39708
41092
43557
44834
42724
39103
37320
42590
40372
42073
35104
34239
33431
42209
40003
43248
34232
40697
36107
44110
35853
36788
38483
38681
44943
34241
40308
44450
35775
44252
35000
37296
44645
33359
34101
36581
33389
43952
38888
38350
38555
41991
43080
34506
41673
40552
36641
33894
33983
41746
34716
35123
41113
36079
44422
33450
43392
40178
43283
37331
37775
41660
38864
43622
42410
39601
33240
39773
39373
36849
36340
42214
37724
37522
34156
33423
36424
41740
36219
37270
41851
38084
42072
38652
34646
34084
41568
39191
39053
38010
42623
38381
44840
36121
41343
35656
36362
40789
38524
33803
38024
38842
34604
34349
44250
39678
38331
35208
40441
34154
44586
40051
40445
38645
42834
35872
34799
44278
39403
44535
38832
38456
40893
44080
33934
37427
34113
44898
37616
33581
37258
34584
36150
37789
43503
41630
36683
38898
42946
44745
35292
41789
33349
37812
36030
33897
36919
39795
37446
39064
40438
42672
33514
40254
39679
39644
39840
33959
40941
39796
33377
37838
38311
35046
39758
44047
36878
34393
44434
34762
42190
44683
38704
35025
35937
41124
34217
33519
43323
39219
42854
34800
44070
38911
36783
41974
42343
35402
36213
36196
36422
37427
43844
34814
44239
43243
40847
39486
38986
42881
43497
41562
33401
41148
33951
44820
37696
41959
38068
39984
39082
40622
43274
44698
38066
39929
41650
40873
36018
43425
42500
33702
42782
35615
42222
42411
37585
38999
43736
39485
40116
40716
33569
42696
39711
37688
36334
38313
34136
43489
41055
36991
40135
36598
34365
39369
41102
40901
35104
44181
41721
42833
38201
35798
37312
39589
41291
35721
39199
33328
35100
38480
42821
44881
35316
41775
44006
36639
35756
36880
41042
34939
35307
44927
42552
41484
40702
37517
39203
39202
33914
42904
39732
41473
43068
40095
39159
34370
42159
39367
34161
44358
38486
36201
43012
44932
44487
42860
37063
38390
43383
39390
38180
38055
37825
35395
40253
38281
38788
43978
34978
34294
35173
33642
43098
43922
35333
33781
44091
39649
41653
41051
36063
44122
37584
34296
37004
33593
43397
37092
42399
44154
42079
42512
37726
41030
34779
33598
40395
35202
43071
39251
35052
38559
41514
35970
42787
33624
42097
41263
38336
35485
42911
35389
40924
34787
39233
40715
40372
38566
34418
37445
39929
36991
44793
43567
33719
33988
37718
42295
35608
35823
39872
35050
37302
38306
35955
42011
44894
38426
35429
39114
36424
39063
34713
44720
36131
36365
39814
36017
40396
43009
35935
41268
38137
43044
43922
36398
35578
42599
33418
39483
35983
34824
39204
42212
37224
40643
41491
38303
36835
38770
34020
36339
38729
40995
35697
34817
34108
38953
40190
40206
38733
41489
39296
37530
38177
37190
40736
33502
41424
35640
43859
37195
44646
37448
44817
36602
43072
38004
44900
40273
39234
35085
35104
36828
33856
35102
41546
43237
39377
39044
39550
33280
42067
39976
44065
35651
36078
37275
33908
39059
39919
33879
41683
38997
40487
41465
39944
36929
44322
37943
43856
41941
34916
35413
44129
44070
34120
42227
39406
40414
38881
44374
34184
44785
41553
41029
37116
37390
40042
35023
36485
42318
35528
39941
43292
39007
41727
36695
35951
43108
43946
39899
41305
33642
39443
36416
41473
33668
41907
40130
35908
35554
43098
34965
36413
34395
43022
44337
42851
41922
37155
37306
33552
34773
36514
38963
36412
36131
38664
38040
37724
38417
33208
34501
37141
36302
33692
42413
34053
38688
34883
42419
38097
40857
39121
38789
44575
38269
39954
35142
36017
37541
34225
39988
34947
34774
37346
40494
36622
34293
33327
38624
37734
36833
42933
44063
39539
35608
39805
42572
40495
38577
39000
44724
37889
42691
43893
40802
45042
41163
41714
40868
40314
40170
35869
34584
37862
35920
34558
44506
35558
43538
36382
36806
39463
38732
39269
38838
42390
40777
40452
34499
45036
41964
39081
34224
41770
39022
43319
38582
41461
36325
37174
41563
39342
42720
34969
35802
36111
42581
42076
39086
42000
36123
34570
33674
37446
36492
41918
40841
38945
41488
33722
40604
38338
34770
37488
37226
36257
39743
40702
38043
41791
34223
37297
40521
33539
42746
36785
43745
42895
33675
35165
35824
44488
41277
40411
34825
34970
34629
41477
38977
33599
39375
36513
43044
38765
34533
42224
36741
37977
41615
39696
34951
42762
37601
34462
36278
43536
44278
33550
43725
39406
37526
38160
33715
35443
33863
38606
39837
39072
41554
42317
35847
41808
36438
44390
44952
40120
35043
35946
41560
39359
43431
36437
39183
36136
43229
44591
40955
35219
41390
37118
42512
34027
37808
33761
38482
35158
41419
41067
37314
33822
37456
35145
41510
36765
36852
38208
37110
39511
44236
37411
44939
37316
44826
42330
38487
33574
37274
39623
40193
37534
39008
40611
40645
40602
36445
43552
44506
41035
44776
33834
37274
37048
41439
40395
36745
33991
34867
44445
36287
41215
40061
38328
37810
38788
33764
38899
39100
39451
40819
42553
42727
41369
37340
40356
43024
35838
40727
35602
40293
41934
35387
38964
43293
34370
42910
35317
35453
38175
44461
38235
40223
40389
34839
44781
33519
41799
41873
39108
40608
37496
44567
39351
44874
44853
42296
39238
40772
34678
33545
40132
43457
42994
39354
40437
43682
40645
39437
42552
33766
36566
42943
38328
44057
33761
40792
40726
42735
43826
38958
40573
41902
39028
38132
41433
36375
43896
34042
37276
45010
35766
33549
40741
35283
37214
38896
41364
35243
39465
42637
38247
38032
38815
39492
34193
37012
34405
35556
44601
40119
44174
39043
40133
37134
39885
39507
42342
41524
38477
35566
36005
34145
43628
36932
33866
39795
42234
40777
41786
33456
43119
44933
39811
34418
37647
36873
41340
42783
42114
36230
35930
39165
42387
34942
41889
39274
41822
36644
39720
38456
35500
41287
38580
40482
35021
34655
45013
41199
40870
38679
35920
37607
38228
33523
34394
41500
41749
38555
36537
37076
41496
38507
39549
34866
44740
33727
44995
33234
41024
38861
34639
39054
42095
43164
36892
41145
41710
40991
42410
36821
37130
40163
38898
35121
40014
41399
34746
41309
35989
40335
43771
37523
39919
42247
34460
36798
35329
37250
40850
37298
39617
33532
34086
38563
37585
39641
40555
40948
34934
34037
39979
33518
37481
42055
42184
38338
41781
39853
39428
38676
44841
33855
33801
40918
36145
33715
35678
34980
34221
38960
42480
41426
40538
37737
34305
40793
37083
33893
42593
39361
38746
42224
33265
39120
42919
38093
43865
43979
34809
40418
41112
40320
43540
44631
34387
35882
39788
39371
44011
34007
41077
42567
38031
44924
43938
39299
35055
38391
33714
43769
41646
41864
33504
33537
44465
36457
36872
34171
45073
41888
43786
38562
40007
35549
34359
39864
35289
35587
44174
42040
34940
40732
44130
42095
44556
36817
38399
38090
40251
41947
39283
43010
37479
44359
39202
42783
37634
37444
41602
38305
36590
42042
42045
44992
41075
33361
42453
37712
38103
35769
42484
35651
43352
41080
40625
35558
44847
44332
36800
40952
39378
40034
43367
36735
39360
36588
33552
34156
38775
39929
40845
34188
39255
37723
34928
42671
42089
40550
40483
39622
35331
41043
35556
43759
35363
33489
43033
33203
39362
37688
37269
41911
44032
34329
38506
37044
40880
37311
33741
35124
39820
44511
37444
38889
40136
44679
39772
38542
40270
41739
35736
34500
37500
39223
36748
33348
39344
38770
39291
39278
36136
41180
36580
34799
42193
37964
33498
40031
36512
36853
38411
38444
43620
39226
39486
44507
38376
39953
40964
34217
43589
44181
41355
43331
40343
36022
33358
37779
35175
34173
43180
44571
40278
38477
41034
44726
39239
37034
34195
33405
38259
34830
38253
33951
35206
42218
39539
41864
39167
33290
35074
34947
38032
40530
38390
41669
41028
36210
39647
36606
36431
35096
34128
34933
37827
40724
40150
40909
33359
33521
43900
42937
41311
39888
39358
36718
36576
35490
38751
34464
40805
34508
37564
44724
36162
35404
33380
34073
42385
35076
36983
33657
43737
40585
43449
44195
39472
36605
38493
35960
40366
41031
40703
35271
37084
40833
39927
35978
40362
40780
45024
42443
35959
37114
40208
41130
43338
42262
35311
33303
43808
34189
35946
34939
40938
44155
41971
33480
37704
42496
41809
36540
44743
41546
38535
35111
39235
42500
41350
33635
42328
33339
33834
37091
41693
40021
43133
36790
37274
40463
36021
36536
33913
37950
44300
34823
38562
44909
39229
33564
43835
43935
35549
35150
34600
42941
37285
43703
34665
37483
42709
41672
44727
38707
37785
43558
37825
40112
40055
38855
39535
41008
44669
38185
38396
41124
38325
33395
34186
40388
43258
36342
36161
45054
33909
37333
36482
43418
33705
42118
42897
34145
33583
35196
38237
39987
40697
34886
42138
37190
42534
37570
39306
35628
35691
42368
41983
38482
41823
43877
37575
41143
44559
41141
36219
43021
44873
41568
45069
42061
44526
42762
43031
43706
40935
39076
33492
41150
44497
33771
38989
33891
34584
38605
37880
37098
42373
37060
43487
41173
44776
34277
44452
34312
35325
39275
34803
43599
44562
36928
40291
33339
36837
37180
37847
42705
40333
41280
44550
44101
34141
40131
38429
34898
41755
36705
42406
36581
43678
41680
43734
35543
34053
35782
37586
43091
37132
43839
42852
39856
43159
42993
40377
42537
41913
37301
37999
41021
42136
35753
37031
36798
44012
35742
35245
34758
35127
44390
42459
36686
34992
34118
40285
40810
42081
43391
34841
38961
36273
44687
40003
44179
34912
40392
43612
40800
44726
40915
40091
44438
35032
33427
33960
42651
40751
39240
41003
36540
39978
41720
33510
37244
40204
33361
33811
39114
44069
42177
38914
44395
40057
37493
43071
33231
34269
35548
34537
43060
40455
38189
37724
42296
36988
40890
35576
41939
42780
44310
39922
42089
42120
33312
38507
40278
33972
39936
34241
37626
38973
38239
33856
38922
43023
39072
36780
33649
34435
38948
38071
33585
42055
36823
40604
36348
34245
42813
41285
35707
41790
45061
40044
38005
36205
44206
36726
38293
38810
34247
35343
37791
37714
37058
40471
36893
36463
36185
35483
38279
40668
43782
35437
35266
34037
33865
41538
39160
36893
33618
40198
43344
40973
38044
43860
34650
35386
40153
43973
43683
36262
41455
39968
33449
41969
33448
42206
34862
44848
35473
35569
41134
39935
33288
36268
41247
33916
42760
38272
38682
43399
40748
42325
41282
41990
37609
43772
38556
39176
36640
37085
34002
42843
41126
40570
39783
39835
41217
34639
36828
34098
44546
44220
42839
41856
44723
44389
43264
43179
35758
43419
43707
35369
39552
41641
38995
39284
33715
36303
41945
35467
39842
40295
33470
33408
40060
38033
37066
44159
36635
39199
40760
38651
35257
37987
33926
43787
37403
39912
40859
37139
35276
35963
35999
44976
33606
35548
38069
41863
33311
35804
40296
35301
37684
38932
42861
44236
40258
37666
38577
41177
36129
35356
39840
42410
36536
35333
42224
33453
41271
34212
40497
39786
40323
40438
38665
35314
33964
33990
44926
38506
36719
34671
39594
37078
36551
35760
44190
34999
33623
34435
40974
36452
35618
36153
33219
42681
43034
34553
44490
39597
37868
37285
37189
40450
36927
35538
33986
40799
41553
39974
36102
39406
33872
33820
43216
41939
43738
40155
41777
37469
40312
38602
39003
38420
42744
40781
33741
34067
34429
44931
38103
35363
38137
41918
45045
44808
43436
42689
44053
38230
34061
43546
44452
34471
36994
33354
35297
41541
39846
37644
36473
35241
39355
34968
41835
39137
34984
39698
35317
42750
41225
33933
39290
37034
33313
36619
36345
35218
38752
34906
33404
36145
34466
39721
36835
43500
42744
41765
41838
36543
39793
38620
40631
39220
44958
39577
35193
44417
38368
33581
35963
43374
34723
40648
33270
44418
41008
40509
41360
43199
37803
34590
35458
45054
40321
34183
41940
35146
39081
43415
40993
33715
38485
34186
37641
36778
41310
41517
34296
34223
41240
40489
44934
38292
35161
44640
33550
36478
41680
42960
39235
43190
33568
40890
33276
41669
44912
36041
35907
39957
44044
36491
43420
33358
35625
43621
40923
35759
44096
36746
44715
44060
42590
40718
40149
39736
40873
36177
34921
40342
33764
35970
38657
43000
35692
42900
44591
43778
35639
33829
36338
33487
44604
35841
44646
43218
42032
40001
36211
42602
38443
36253
43520
35326
45031
33594
38577
43173
43131
42713
41986
39380
37985
40631
41221
40394
36318
41852
34119
36770
39319
40573
44625
42415
43631
41130
37272
36622
42185
34982
39564
37890
42951
35970
44664
43905
40856
40214
35609
42629
34272
42771
35728
37175
38605
38923
43931
39644
44501
41597
39343
40158
42234
44678
38259
41158
41872
41848
34680
34454
33544
36203
38419
43796
35880
44898
43064
43835
37031
35621
37861
41699
36152
37147
38511
43427
38139
37989
41002
34717
34166
43715
43769
38680
41335
37672
36233
34518
39058
41671
43609
43195
40950
37179
41563
34340
43728
45023
43093
44091
35835
38415
43399
37489
43981
41069
33740
39410
41221
40857
40421
41716
34829
35082
40333
35220
36082
40455
36575
34584
38120
37246
38953
39075
34496
39514
44375
39012
37765
34976
38713
40351
34488
43150
40039
44279
35311
44101
45053
36231
43209
35062
33449
40001
43634
43038
38485
41079
37446
40645
39140
38878
44702
44800
34720
36679
38602
33767
40971
42066
35397
39589
39545
35384
40153
36337
37536
37195
42944
40794
42141
33886
41384
37508
40137
33254
34415
38683
41451
44400
35047
39257
39047
41100
35028
40834
42024
36318
36071
42473
39208
35572
40165
44292
34050
34853
37051
35423
37261
35641
35035
42719
34205
41842
41801
44471
42126
36595
36693
37343
41431
37954
36579
33225
41684
33258
40351
35579
36682
41233
39967
38206
40596
34311
36543
34974
38382
37915
43559
33205
40217
36893
43836
38123
43186
33798
39627
43083
33237
36992
34984
35544
34949
39340
39364
38143
39488
34122
43078
42735
36344
45072
36330
37422
41970
36993
36038
34705
41984
40291
39869
40693
43129
36554
41777
33514
35866
35128
37126
39902
43236
35115
44860
44812
35459
40491
39101
38456
37395
38004
33519
36745
34867
34520
33354
41550
41127
38092
42329
36800
38037
35804
42418
39014
36140
38102
39073
43836
40054
40373
37476
33952
40595
39279
33729
34303
39705
36079
39407
37699
41909
38489
35897
41950
41942
42334
41267
40073
43831
37199
35659
35310
37324
38137
38300
40331
37437
38183
43390
41259
40206
37078
34961
40513
39614
38041
36465
39545
41310
42716
36734
42810
40480
41052
39858
43660
35730
36682
37033
41856
39873
35975
34009
36828
40308
39906
41640
41234
40378
36066
43794
39613
43370
37643
36109
40213
39550
35711
41234
41455
37628
35859
41704
33213
35778
40210
36979
44807
38301
34786
34832
41920
44734
34698
41179
40142
34989
39959
43945
40830
40910
41812
41918
39157
39008
42739
44152
44275
42208
35079
44806
42563
40914
39971
40693
36536
41149
41940
36721
36773
41346
37779
37805
38346
34155
33496
39901
34505
35233
34818
41910
34493
35652
38452
41623
36448
37284
43670
34762
37663
36406
42521
34628
41726
43854
36803
42062
42551
37808
34665
38984
34636
36731
34560
41224
34526
40612
41891
37583
41192
34431
34371
34127
44387
39117
34559
43998
39416
44470
36718
39446
37736
38860
41626
34682
39413
42695
35355
44198
39275
43511
39155
38486
39916
43486
41615
34610
33992
37698
33895
38029
36311
36501
33759
44567
43497
38254
38941
44452
38217
42736
38446
41575
43187
34273
35050
37321
34640
35462
44659
36839
36512
37513
44923
33344
35120
39075
36655
33205
37675
38143
37188
43051
43492
35899
41126
42734
39762
34978
33252
43482
36028
34393
38780
41841
38308
37840
39192
40220
38765
39769
41236
43317
41658
37565
37247
36986
36319
44239
40422
37445
35800
39673
33788
39146
38037
35780
42649
42853
36459
38625
40349
38979
44424
34737
44222
38807
38966
34296
38430
36692
43831
37644
42556
40314
34979
37417
40521
34161
39158
37426
37929
38816
39245
34047
44358
38592
36577
44863
34040
36158
40776
34060
34898
42971
36074
36809
44719
33684
44760
33681
35938
38452
34482
34510
36259
34349
36381
40073
42574
35047
38913
38453
34222
37554
38911
41743
40936
44379
41804
35574
40127
39233
44666
43636
38278
36523
37718
42993
37452
39812
33811
38107
35255
44833
39373
41242
38678
34026
33749
43201
38913
34706
34912
40322
42958
41527
34310
42413
41684
44312
43314
39574
40815
43169
36249
42638
34613
38739
43275
37406
34175
35797
35257
38408
40783
34882
36834
38306
35292
42381
41969
33470
38655
39344
41688
43460
42303
40061
42601
41823
35048
43997
42196
35652
40431
33978
41463
39538
39285
41976
37102
44333
38162
40645
44430
36941
38386
41710
36906
36882
42688
39268
44705
39786
36245
35984
38598
44811
38321
40353
34762
35029
40238
33348
34224
36797
39235
37005
36623
40143
38296
44514
44460
39510
39812
39190
41110
43647
41144
34790
43623
43826
39521
34075
40651
43891
41629
35823
36116
37120
43162
41176
39544
35061
36079
41831
35865
38487
44855
37643
33684
44873
42644
38233
36783
33545
33662
42257
43205
40475
43106
41182
37227
40806
38735
35320
36125
37920
34160
43141
43789
43544
41199
44037
40614
34537
39168
39350
35126
33804
39058
33415
35095
36967
41271
43142
40733
44743
33911
34567
41093
33561
40474
42711
40954
38428
43643
40553
41522
41993
35629
42262
36418
39285
35032
41302
39009
38605
33398
33381
40523
33973
34901
36116
39304
43889
35612
34574
41813
42829
34329
38507
35359
34658
33608
43445
42208
44056
37818
35907
41888
34609
44647
36854
42573
40356
35884
33555
40061
38451
37875
40796
37390
34005
36092
40954
35308
34594
41415
40604
34744
36205
36461
33828
39193
42472
35150
39203
33744
41426
40419
40788
39080
43610
39792
44636
43366
40955
34477
39150
41402
41232
41915
37388
37086
34679
39593
35659
35974
37102
38701
35019
35900
36019
42063
38845
33854
33307
34018
44628
41954
36134
41108
38033
44195
44775
34561
40975
33440
34826
36742
40404
38692
34542
34810
41283
36109
42241
33505
33814
36617
38512
33658
34657
40453
43644
34819
43758
37390
35503
35691
33816
37710
37373
43459
35643
35783
39282
44105
42376
36455
44765
36348
36215
33213
38646
35514
36468
43231
36884
38958
43761
34848
37206
40803
41516
33435
34342
38740
44205
40440
43140
33582
34252
44647
37392
33604
38360
34435
37257
40120
41838
34544
36256
44741
37033
35875
35756
43941
37021
36714
42152
41848
44148
43600
41841
34924
38593
33408
38930
41394
36730
44964
38009
41620
34598
42074
40572
34127
37344
36107
41120
34957
34649
34478
39679
37682
39092
42510
39055
35959
41061
38241
39553
33888
41511
37402
38500
35705
43768
36207
40212
38848
36123
39335
35132
41237
37377
41842
35173
44897
45006
36123
38732
43925
43836
40156
35004
42488
37166
37387
42362
41606
45051
42003
36254
41061
34334
34328
36631
36323
43975
36845
35123
34278
34760
40031
36580
36016
34934
40275
35616
34360
45050
34192
42788
36231
35639
34174
39973
35329
34868
39065
36222
38265
41655
38864
45058
33653
40563
39019
40654
39295
43484
40190
41618
40605
39914
39350
36762
33625
39741
36996
36578
36562
34931
41755
35676
37234
38802
36849
41225
40100
38595
41512
43005
37904
45038
41524
36819
35825
36005
43142
41280
37074
33328
43795
42409
41136
36724
35742
37628
44314
37242
39090
42363
38761
40069
36252
39223
41250
37618
44842
39899
39935
38801
38188
39542
42195
39883
33510
38374
35002
35766
39478
41543
40586
44288
39454
44971
35683
39376
44605
40126
40042
33525
35378
43688
44946
44336
33665
40804
35753
33637
43962
38290
35011
42204
35682
39524
36138
41426
33548
39252
44845
33911
37101
41630
43641
41185
42861
35457
39764
39044
38989
35745
33411
38412
35326
39232
39143
34497
38209
37504
36320
43777
39883
43064
42375
44961
42463
41705
35335
42523
37748
44506
37384
35194
34376
34960
34150
39219
43204
43717
35327
33957
33861
40920
41342
43771
37203
37908
39510
39720
34662
37807
36685
36994
44502
33478
37788
40921
42390
35969
41331
41633
39294
39201
36366
34870
43166
34441
40496
37158
42788
34379
35541
42014
33869
42180
40236
36005
35920
38578
40612
40013
35885
36787
41249
41935
44590
36998
41331
41052
42519
35971
38787
35640
36341
33562
37049
43415
36043
36827
39529
36222
33677
44983
37917
43060
38200
37017
40925
36859
41398
35742
34178
40438
44741
40432
44771
37953
42532
34999
37563
35962
43722
36873
38582
37748
36971
36639
41176
36277
37473
43735
43528
41271
39352
37776
39036
38778
40003
42535
38649
41808
34696
39836
42316
34342
38828
38452
44699
42462
40534
39386
34143
40009
42907
36512
39750
45046
35838
39500
36350
43421
35689
40948
33220
38772
33282
42032
41166
36276
33557
44505
41022
41439
39366
40979
44266
40294
40644
33399
35414
35805
34713
44011
40105
42964
43773
40717
34911
43614
35253
33336
33723
36674
44988
43774
36306
38386
38712
34936
39029
38983
41930
34430
33384
39188
41355
33597
36396
43559
44426
36420
39535
39382
44855
41220
39596
37748
36885
38548
40714
36460
35785
38131
36869
34249
44362
38527
37261
35915
42464
44044
41678
38594
38322
34597
36270
39348
39545
42146
38600
38291
33663
34132
40241
34995
35446
37427
34823
43685
38913
40997
33409
42795
39852
36490
36786
40547
42519
43256
39644
36712
39943
41266
35343
39852
36237
34261
39683
42987
42811
40160
34660
41324
35219
35760
38608
37684
39950
44916
39660
39352
41093
36515
34568
34260
37322
42557
38613
33364
36794
40926
34060
38710
39907
39709
41558
40243
39288
38819
36977
40797
42093
37961
39401
37882
34456
35003
43206
39247
37019
38450
33648
33354
36207
37223
35673
37932
40191
40635
41432
39777
34346
42436
37741
43161
33515
35442
41346
37451
37786
41410
38378
34274
34264
33806
37601
44731
40733
43734
33924
41052
44309
35757
33399
43639
34599
40583
33946
42872
38495
40830
33543
41403
40889
39512
38978
39126
41190
43476
38404
42156
35656
38183
43752
43709
41536
35820
44436
40706
37795
34608
34647
39864
34990
33261
36239
36217
38375
39897
37011
36092
42300
37685
36690
39420
40290
42070
38141
40848
37434
44853
39173
41685
38902
40073
41276
37362
38227
41188
40520
40018
35656
37738
41820
34888
36992
40905
43211
37963
33870
38082
40505
44526
39701
35120
40556
39895
42001
34023
35438
44552
41179
37008
38350
37763
38206
40247
39445
44035
38993
41163
35200
42385
34350
40223
38964
36818
39981
34294
38795
43689
36067
33742
44278
42546
39771
34389
42889
40709
39443
44319
44795
36559
41690
38532
34743
33607
33275
40072
33419
36959
39261
42647
43128
39750
42027
36221
36960
34972
37612
33509
39196
33407
33763
38281
45020
36616
42146
44374
33602
37531
35807
35200
33465
43009
38825
40668
36030
34443
41144
35130
35688
33253
38266
39559
41067
35211
38942
44919
35508
37658
35676
40626
44648
39739
38118
37048
35800
35241
36973
36653
34442
42290
44762
33937
34498
38007
42567
33433
42438
37158
34907
36098
38188
38159
38054
43469
34252
44282
40511
41143
39605
44252
43808
34107
34845
44102
38922
37651
39561
42976
35205
40100
39489
40219
39058
38802
40690
44219
40908
43683
34690
34047
34196
42072
35267
35114
37038
39682
34654
40845
42453
35320
43267
35707
41927
41537
34613
38190
40491
33517
33423
38870
38039
40558
40194
39412
39218
37053
37606
34449
34844
41386
36102
36269
34547
43424
41770
40070
34287
38836
39477
38547
43876
36642
41525
36430
34128
33212
37515
35197
39479
42557
33506
38263
42915
43844
40198
40951
34927
42804
35938
39073
41842
34360
39297
42891
41952
41604
33568
33966
37243
45069
41725
34619
39933
36881
39449
39647
37906
37395
40628
38648
36889
44723
37712
42185
42978
36040
44771
40238
33564
36056
36395
35243
40111
42528
43267
39657
41280
37200
42993
34281
37588
39629
34795
33225
44879
36714
36986
35608
39052
43740
35082
36549
40592
42055
36083
36365
34983
38030
40058
36153
44485
40406
44484
37451
42261
39927
42067
38737
35815
39738
35297
33862
39698
39947
44686
39540
42416
43112
41659
42777
35518
35687
39237
41416
36605
40129
37812
43866
34685
40184
35269
43893
41800
33789
43240
40757
40739
33591
39977
34970
41953
44094
43069
34822
36954
34381
34199
40716
34203
34441
37045
39827
38124
42018
40862
40470
36210
40811
36497
41790
42153
35913
34679
36951
35320
34162
41075
35790
44886
36550
36473
40446
44788
34690
41240
39041
37209
35545
34265
44015
42107
41381
41811
39039
44653
33317
41571
37390
34203
43758
35712
43798
35221
34611
37491
36850
40443
38150
44015
41559
38460
37645
44909
45060
42326
35127
43198
41820
33856
37938
39975
35465
44736
34704
41834
34530
33276
36731
36594
36427
34409
39359
40628
36395
38193
38344
41059
43558
36415
42237
43253
39531
36810
39872
37740
38198
41336
41142
34165
44843
44539
37368
36742
34263
38587
44784
38556
36190
33391
34345
40414
37626
41453
42092
36728
39961
43831
36948
39429
35074
36122
39739
36855
40884
34271
38567
44320
41440
41639
43294
33358
36051
44910
38886
38859
42653
35031
34527
43487
34087
42677
39220
45044
37743
34149
38956
43463
35524
37417
39810
36072
35302
39675
34838
36541
41994
34375
40353
39759
40063
40590
44022
39288
41539
33332
41726
33436
40589
38776
36593
40314
35141
38779
38665
40966
34567
42844
40022
41937
37425
40498
34762
40024
39085
33407
34002
38935
38724
41021
44576
42386
37237
40413
40369
35622
44605
43390
41914
37227
36353
34241
42059
43590
33261
36904
39456
44154
41361
44318
34570
39858
35470
41365
34203
40407
41928
38651
34522
39057
41408
34882
37524
40729
35024
34229
41504
41108
35341
41039
37631
37003
41613
43933
42063
34885
42667
44449
35553
40593
36855
35282
34923
39824
41285
43894
44767
42998
34963
42287
39293
34958
44138
36393
33340
38167
41225
38261
39868
37663
42044
36593
35705
35279
36618
44186
42564
39347
37354
43061
41744
34850
36776
42240
36117
40830
35150
39350
34291
44554
40469
34781
34176
40059
38079
44442
43037
35191
43908
43833
41047
43383
34553
38475
44270
39305
39784
35479
44465
39343
39445
34988
37510
37099
33958
33812
41681
44905
39394
33357
39354
44136
34095
44994
33864
40346
36089
41629
43759
37685
37523
38019
34655
40481
37203
33775
39050
40752
38969
37094
39676
39255
39640
38092
37329
40513
37462
33541
41210
36691
34919
36747
38185
40900
44841
42608
36621
34257
35847
42504
35438
43287
34574
33550
41992
43994
40656
35716
44398
41829
37065
44985
35213
38125
36511
36965
40085
39302
37574
39185
36778
33226
43815
39476
41342
41470
33947
33314
34852
37245
38349
41357
41221
37499
38840
44196
44347
35335
33838
36303
39076
40898
33779
34169
40540
38629
34516
33427
39147
34425
44357
42859
33967
39817
35413
34453
33837
39567
43126
35454
44789
43616
33873
35248
35289
33342
42958
43380
41147
38474
39135
37725
42710
36636
38517
38633
35712
38733
34482
39544
43267
40892
42672
36533
38554
42988
37021
42869
44810
44552
41384
40386
34573
42711
36353
40314
34203
38927
34156
43870
44995
35551
42221
34079
40283
39228
36566
44075
40425
42499
35644
38713
37483
35630
34371
42912
38160
34829
36931
35119
36875
34516
34706
42346
41064
36246
40763
34326
40317
37132
35001
42563
39623
44052
43262
43039
35950
40169
40356
35713
40993
42029
35268
41425
35451
36732
33763
33721
43098
40996
33247
37808
41277
41368
37388
33783
34254
41997
40407
35223
33627
40105
36989
40717
37884
41381
41818
33833
40067
39239
38905
43738
44430
40581
40902
36022
35750
33896
36282
41672
44059
43754
35702
36156
40126
38383
33615
44321
36568
44999
37058
40876
35621
39591
33401
44388
33900
33736
38187
35265
34411
44127
43296
41075
36555
39966
41228
34866
40521
33425
40115
39343
38489
44194
35724
34871
40319
39211
44239
38125
38904
33576
40251
33598
41490
42284
36885
38972
37168
35019
35856
43761
35021
38677
37896
40768
40605
41659
40682
34716
40488
36235
40012
42513
33997
40955
40221
34616
41488
35218
43425
37042
36559
37117
35443
34328
36793
40305
42336
34971
35833
37887
35124
43716
37593
43117
40091
35432
35626
34521
39377
42370
33421
43733
44670
44811
44420
44314
38637
41337
38998
39275
35946
33697
37269
41019
37418
40761
41323
42271
38746
35483
39554
40494
34564
42418
41595
43966
43689
35122
43474
33945
40416
38726
37773
36807
42746
39759
33406
38020
43130
33993
34801
37255
41904
40069
39257
35733
35097
38511
38287
43672
35491
37519
40494
37531
41934
40627
33815
41969
41957
36105
35375
44830
41105
36438
43441
35539
36834
41468
37612
40097
40802
33686
42198
35852
40148
37509
43786
35652
42446
35060
41869
38242
42755
39293
34647
34324
42101
40542
37960
38953
38205
43681
35356
37199
43827
39837
41470
40011
39839
40139
35573
37694
42644
33776
44830
39685
36416
43841
38161
33353
39729
35499
38837
43541
42235
37833
42897
44265
33945
40409
36185
35952
35728
37513
35937
43168
42728
38401
33647
36386
37382
35533
40820
34412
35294
38969
34217
44198
34125
42483
33471
36613
37194
42250
35038
37839
37432
42593
39076
44648
34066
41599
36544
36450
44205
43222
41480
41801
44618
33693
35228
41174
41298
33990
42834
35596
43908
34032
41665
37806
33325
35484
36457
38754
43021
33567
43662
34448
39921
37626
37283
42211
38676
43341
33540
34989
42600
34335
37611
34247
41991
43387
43963
41579
43291
36911
34775
34412
43978
33281
41044
44497
38131
35487
44585
42941
36468
39436
42247
42047
34741
40455
38055
39112
41499
36971
39041
34957
38512
35088
44283
40513
37876
38524
39160
39690
35992
33980
39334
42457
42995
41063
41304
41379
35911
36646
35005
38537
35824
40587
36524
43971
33730
44921
40965
40916
35068
33603
44019
33494
38132
41411
39758
40424
40106
42516
38209
42834
41051
39808
39644
42269
40271
35648
38292
40431
35078
33278
40368
38988
34854
39565
44446
41671
42173
41953
37921
34361
41354
39836
34403
34877
41574
34416
42055
33231
35430
40720
33905
41161
39778
41461
42273
37030
39410
38235
34732
36318
41036
40048
34718
44347
44005
43365
33428
39784
42989
37884
39130
35474
33339
40223
37017
35044
43251
40618
34116
37946
44145
35732
44999
35068
36723
37978
40107
33565
36530
38945
36601
41267
44690
41627
38826
44864
41432
34498
37769
35291
42362
39292
41071
43135
36694
33562
40283
33952
43715
34794
44986
43999
33290
38107
34503
41017
33217
38942
34536
38926
40770
37790
35154
39243
39904
36236
41305
40025
35931
41016
36686
33754
36995
40927
39181
33858
37525
39382
36700
40722
38333
36734
41240
35905
34147
40733
43342
36286
33392
44485
37097
34141
36578
41696
33559
38954
40638
37277
40799
33552
37510
34191
38793
39825
33635
34990
38252
37038
43968
41369
44678
36385
41638
34734
44878
33588
42666
41252
40048
39264
41014
36100
42365
37317
35942
35272
37651
40340
41411
38368
36670
35289
34447
40808
39792
34741
39748
33967
38963
44330
38841
42616
38691
37238
36351
42450
44299
41796
41891
36742
36957
43054
41560
42318
40665
40910
40685
42936
41388
35799
43238
35794
41206
33418
43478
38417
33608
36237
42681
39553
34687
38299
40282
39035
39994
41650
33985
37513
33476
39786
36553
36635
36645
40926
37787
37734
41424
35753
39107
37739
33809
42824
39771
38713
42623
39997
37769
41942
33952
38083
34926
37673
44192
40048
42145
39928
37689
43921
41243
43437
36626
36190
38342
37172
38157
33606
44959
34507
34720
41820
37898
37003
39016
35047
44845
36821
36828
37807
43707
35148
43104
34965
36155
44440
35933
34998
37973
33790
38258
35864
39197
35113
41811
35747
37778
38157
37117
43399
37290
36137
43617
35798
43277
33790
35087
36614
41671
39342
35700
36250
42513
38573
40223
36263
38920
44434
43879
35577
35263
36545
44250
40756
44308
43090
40050
33220
37952
37286
33969
38947
44235
33691
42042
34768
38453
37115
44625
43848
36361
36225
34330
37825
35196
40072
37147
42146
39877
36045
40149
41759
37782
38309
38626
35430
34299
38682
37420
34933
43522
35779
37267
41982
33814
35249
36532
41625
34065
42240
39401
35228
39358
38000
39349
36515
40341
35570
40169
44152
34388
43813
39538
43856
44329
41037
39872
33526
43522
35771
42504
38195
40296
41808
38497
35392
42029
40223
42772
36202
37047
37439
39722
33906
41918
38807
34807
39267
37316
44334
33515
36822
39617
43814
41910
33803
34928
38531
36964
33522
34032
33641
34051
43227
42928
37755
39367
39215
44395
35086
36804
33572
39458
36350
40364
33628
34466
37127
44751
39476
41262
33649
35567
33265
41489
34100
40390
41594
39753
35843
34349
41015
34466
35419
34715
35614
42055
35712
36444
33757
44947
33721
35052
36649
38261
38903
36601
33427
37019
40214
35198
39713
43187
35163
42018
35033
36768
43169
33864
41198
42994
33682
42748
41630
33354
36911
34018
40959
36493
43774
34151
41380
34563
36094
34650
36166
36709
41327
40257
41232
40907
39474
36456
44401
35680
37321
35723
39318
40026
41798
38309
43676
43287
34293
35338
38412
39075
34375
41783
42620
39691
40100
36785
37843
40713
33254
41233
33688
38102
34188
39855
40405
40290
37285
33540
41438
42099
34158
39008
38103
36093
44961
35603
34801
38124
36947
43013
37341
43821
35834
41040
33891
39384
37495
39112
42161
38205
38422
40696
36686
43711
38840
34200
39121
35421
39433
35019
43539
37185
34556
43444
35348
37943
40087
42144
34184
36350
36572
44148
39994
44698
39938
41045
42129
38503
34008
40484
43694
33208
44962
37556
40085
44246
35401
34926
38838
34251
34896
34692
36062
44208
34682
42732
40393
41356
40675
35479
38353
39976
44465
34058
41515
42122
36577
34840
35681
43905
39826
34894
33461
35640
34786
41948
41663
42049
38223
41099
44517
40505
39231
37061
40141
40063
41051
39599
39989
34814
38481
42293
37430
35444
37359
39487
33321
34654
33694
37571
39021
37418
38726
43935
36352
37533
35348
43637
33797
36409
41086
38095
36302
40672
42257
43636
44439
39551
43362
36679
35725
42263
43573
35437
39280
34526
41868
39622
36021
40610
35371
41065
33593
37311
33681
34399
37520
44871
41444
38010
40183
36429
43840
43853
44555
35768
34955
39591
38574
40287
34782
40213
38339
44861
40728
41278
41974
42063
39915
36705
34855
42516
34371
43603
41389
40251
40874
34008
38041
40206
38280
34973
35906
34141
35834
33218
33488
39430
38898
33870
37298
34000
40164
34130
44901
35848
44646
39499
39820
38345
38875
35339
43861
40644
37177
40178
36770
36977
34023
42539
39679
38114
41354
35705
43669
41934
35339
40530
41888
35840
37342
44069
34936
38137
40151
35297
36396
35585
39694
37615
40274
43082
33334
41087
38371
38360
34139
33838
41774
38614
38827
41382
42236
42920
36219
37097
37448
35561
39347
33331
33337
37455
37783
34719
39040
33897
35630
45035
38468
43073
35327
37215
35128
41384
36848
39274
35507
37161
37981
35328
34178
35338
33959
39862
43029
43272
41371
43842
36671
42526
43168
36417
40774
35742
36794
35649
43609
37108
39982
39888
44957
36577
40272
38822
37851
35499
39897
41942
33217
44461
36799
35627
37463
40495
40419
40451
35789
33602
41119
36522
40431
37865
45010
41309
38971
33915
33266
37590
38741
43600
41257
39093
43472
35479
40221
42413
38120
41901
37509
43822
37217
44780
41377
41405
40449
34315
43879
39637
44982
37283
37461
40627
37900
40696
44658
37089
39102
40723
38774
34458
36702
35197
37771
37056
34248
39573
37558
41035
34909
42906
34467
33541
39526
40715
40729
36730
43288
40943
33700
39745
41283
35000
35331
43791
35775
35523
36906
40608
35069
36678
37693
34155
37159
35605
39340
38394
37883
34262
42995
40368
44923
34984
43970
40592
35582
36194
36821
38535
44571
37081
33389
41099
37201
44670
36999
39912
39493
37637
33519
41480
36596
44906
34705
35157
34822
34017
41323
44590
40604
38798
38718
38146
39485
37792
36391
34611
33632
34570
38330
34555
34004
40336
34831
37711
35342
38155
34425
36206
44761
38818
38259
34899
36461
36651
38822
38273
40838
44978
33571
42839
34360
40947
43293
38284
36024
43358
33233
41307
41673
34516
38251
34386
34857
33489
38739
41821
39515
35153
37237
38526
34983
35752
38201
40349
38396
39541
34690
44601
39410
37088
35931
39740
37516
44878
36242
34812
39900
40870
38336
39311
39581
33394
40160
41182
38243
42101
36153
44797
41699
35279
36658
44228
34962
35679
33265
43427
35041
44427
36844
40268
44046
39296
39538
43631
39095
44889
35182
44416
43975
43104
36647
38076
42749
37559
41222
44776
41568
33960
37868
34246
41148
33548
37630
43958
38004
43146
35789
40884
40586
34944
35002
39205
42069
37652
39370
33834
33232
36814
42833
41560
36378
36494
33403
36816
44227
39048
39254
33655
40234
39546
41447
41628
42238
38804
34311
33315
39477
44011
34155
44194
39326
36346
44697
43930
41416
39443
36428
40840
41000
35409
42721
37214
35480
40705
40698
43939
41778
34500
42722
33231
36691
34716
39532
34782
43143
38798
35645
33600
40150
38494
41068
35113
42285
35427
36183
37597
38296
44097
41281
40114
36365
34517
36961
36687
33768
34843
44107
35868
38483
40697
36261
34762
35181
37435
37167
35591
33293
37816
38830
39936
33467
38246
34095
40283
42225
41725
35757
44325
38717
39583
36926
38176
38518
35001
40692
37724
39640
41043
42897
39687
34013
36625
36284
36906
38118
44616
41875
41239
33481
40359
44154
40039
37655
41687
35237
40859
44934
34670
35044
44055
43635
40993
44763
33329
36651
34452
42341
38043
41628
39320
39959
41906
34895
44862
41877
39639
39869
38670
39621
39885
34667
39232
38811
35586
38932
44137
43402
37829
42225
38553
34218
33752
42267
42300
36001
42212
40013
37473
42279
41900
40085
36334
41258
44695
37517
40921
34690
35440
36898
35457
34259
37958
39258
41167
33987
39247
40823
35421
39817
37588
33746
37837
34663
41078
40360
35835
34436
35865
38016
35832
36564
44761
43356
41611
38359
44746
40551
40697
38283
42737
36299
35470
37464
38883
36499
43050
44596
38966
42920
44115
41050
35687
36560
33553
33431
33210
44323
34478
35310
33566
41501
39503
41017
37789
40436
37077
35480
34726
39628
41343
34135
40703
33970
42908
34441
36993
42200
42399
38852
42103
35988
42081
35865
35216
39487
39513
34093
42586
37672
40942
40105
36428
37524
38217
43532
39720
41380
36818
34022
44774
35582
43753
33619
37401
41533
42222
38099
34157
38872
33522
38671
37370
38639
37950
41711
36690
42097
42830
33424
40974
42490
40184
43527
40721
43884
41230
44876
34301
34482
40082
33694
34021
41220
34784
43986
36848
44068
37250
35414
41478
33539
39425
34036
35488
41003
41219
42059
35473
41522
34730
42615
41051
41716
42142
38730
35471
33795
36959
42163
40631
34214
40465
44563
34503
44810
36292
43838
42237
34449
35591
41392
39788
40781
33423
35901
37434
33729
37468
44159
33616
37359
39834
35980
43017
42843
36668
43087
38465
44733
33235
34696
35566
34504
34336
34493
38280
37412
36509
33457
39333
44760
34549
35353
43854
44723
40174
34554
38862
39751
34402
34250
36864
42497
35632
42969
36920
37430
42132
33813
38147
44595
36367
40673
39918
40862
44800
42760
33431
37954
40733
34353
41828
34301
34402
35070
41818
38305
43454
34540
38673
34457
41555
35669
37325
40583
35669
42247
33639
33890
39965
38294
40089
39986
34296
41934
34773
39543
34847
38111
36974
40860
33819
37016
37449
38753
36140
34377
36978
33870
36116
44464
37648
39842
37557
35241
40540
38416
36396
44027
39069
38148
42212
37475
41054
41166
37995
44147
39106
39866
44318
35915
41460
39727
38119
39455
34111
40032
35349
34454
33619
38768
33314
38469
35792
40900
41552
36989
41597
35888
42354
43385
38155
38725
39786
42431
37240
35927
37765
38457
34046
39505
38920
34242
39469
34944
41088
39340
43706
41174
40099
43877
44583
37706
40103
36959
36621
39225
35603
41814
41879
37851
39594
44043
35221
44057
44017
33914
35419
44103
35533
41127
37177
38190
37571
42486
41577
38603
40493
38811
35196
35265
40761
36273
37017
45044
42207
41819
41895
38818
34701
40610
35469
40251
40557
40091
42530
39431
36885
37583
35955
44611
43662
40011
40986
37732
40101
35388
34152
40469
34726
41919
41078
39939
34138
33234
33985
40910
44079
43494
36587
38666
37544
40222
36838
37493
44213
34969
42610
42302
42228
39790
37199
34846
44681
39099
39798
41755
34264
40876
38143
36445
35184
33372
37912
35923
39879
35755
34953
33798
34932
33951
42969
35999
43011
33509
42400
34813
38419
42332
36605
35785
40179
44553
43581
35369
34890
40308
36217
42507
35499
39429
43440
36616
37244
43647
44358
44360
40616
39241
41316
42614
34624
38999
38785
34361
36424
43285
37937
35947
43473
37088
39984
41657
34678
37399
35773
35174
41062
36565
37530
33803
36873
33584
37774
37642
38970
38410
39080
35849
37680
43439
37578
44479
37650
37260
36448
37737
39253
41056
40093
43385
35373
40722
42446
36078
41959
39394
35278
35756
41181
43258
37998
39475
39346
37983
37190
37343
42311
36218
42607
37153
38407
39162
35336
38362
36167
42128
41740
35237
41082
35870
36907
35902
37084
39657
39073
42450
35503
34569
43761
36149
42977
33546
34821
36079
42590
42722
41760
38732
40814
38019
34196
43417
35072
40905
38266
38475
42586
39716
35511
39709
40576
36061
44820
39000
43402
38422
35712
39106
35098
34245
44128
38849
36073
38397
38186
39490
42083
42156
35315
37105
34257
41067
36672
33405
33899
41165
42731
33817
43640
40354
41034
38188
44799
44780
34493
34359
36526
34010
38780
38538
41823
40074
35025
41781
39232
36058
37422
38161
33581
33413
39337
37014
35014
40699
36822
36715
43473
35456
33690
36114
38380
42552
42920
33301
38501
37723
38785
35026
38167
44124
36888
40486
37007
42085
36561
43408
37589
36486
37747
38444
34893
36824
33400
38543
38204
36349
34391
34106
33232
37317
34078
36888
37576
37592
43193
36125
35561
39333
34806
39197
40092
36664
39428
38731
39522
37887
36505
39341
42961
41494
42404
35879
41951
38656
43358
41716
38419
36377
40696
33938
34771
42593
41709
41393
37498
33380
34984
43082
35258
40332
42533
36878
39889
40684
36875
36247
33921
39780
40994
33704
40095
41549
39485
38159
40390
33450
34615
34654
44048
43337
42705
42067
44394
34858
34277
36578
43349
34095
41540
37832
39476
35657
39230
41117
35061
39316
37112
38199
38933
33370
36741
44320
36780
39889
35297
43340
44200
38963
42817
33845
37550
44156
41155
36033
40896
42061
35855
40028
34913
35832
35964
44733
40441
39232
42775
36864
41104
34482
39946
34868
38108
40282
37816
43597
33324
36436
43464
41546
35735
33772
33648
38413
42758
41127
40302
37567
43369
37828
33251
37494
41101
44960
42509
41503
43819
41248
36828
39333
44695
38038
36393
39774
35269
36221
37239
41347
44116
41934
38916
40367
34568
41871
33358
35985
38535
33628
41094
42448
35291
37655
34755
43283
40923
39908
43509
36577
40225
37588
39097
37524
35085
41480
37373
40018
44680
43243
42590
41801
34584
35161
43230
38730
35869
39385
42709
43025
42218
34141
43809
34915
38348
41135
42145
37125
42013
34697
36690
39316
40760
34978
39746
33292
43360
34245
40910
44344
34679
39207
41691
35929
38715
43152
40457
37162
40957
40339
38977
43594
36451
40644
36408
33897
36695
37189
44082
42819
39280
34750
43867
40026
44544
33664
35166
41551
33962
37265
39633
36992
39308
44364
36454
37739
43014
42355
38395
37195
35282
44603
40631
36849
34335
40529
44302
40213
41008
34468
44119
36449
42869
40952
38163
33554
36679
44318
42831
40662
40377
42511
41672
34976
43211
36460
44996
34108
40548
33231
35418
40646
37509
35789
37537
36153
36852
39047
36465
36060
37499
33254
37634
42689
41920
41606
40725
39192
38371
35407
40771
38272
33442
35473
34534
34715
35241
36964
38918
35596
33280
36790
36656
36858
40924
40541
39675
44489
38501
36295
36950
44291
38672
40254
42371
37425
38857
44466
39144
39420
40915
36244
44019
35087
43832
40724
35871
44189
40564
41822
41517
35021
41877
37328
43172
42547
33930
41526
33842
33678
41532
44629
35641
39271
43300
35901
40399
40842
40479
40707
37533
41742
44788
37492
36487
40832
38101
38392
39417
37535
36723
35504
34894
40936
41344
39459
36370
33490
41347
33991
42559
36610
41736
39988
34593
44260
37422
33751
35857
42010
33473
36363
33422
33286
41784
33298
41852
38298
38643
36976
36289
39981
33773
37639
39751
34234
40802
43814
39156
38118
34213
39965
39928
41228
40820
36414
38577
41503
42486
41374
42757
40924
38681
38282
39723
41396
33520
42860
43625
38714
34832
39530
33714
37588
39474
35528
40019
34018
39310
39631
43142
34385
36390
37391
38267
41858
41860
41572
39345
35949
41694
34065
34810
35952
34962
41236
35971
34057
36957
40299
44778
44726
36352
35720
36396
41355
35808
40326
34902
36184
34049
40432
35404
34346
38112
39602
41801
33335
41728
33436
36097
34383
43476
39736
35263
38434
39182
42705
33743
40787
38259
35346
35397
43692
44711
43984
37318
42736
35288
34667
41210
34564
39339
41921
38388
34998
33267
35212
42798
36596
39566
33702
37751
35518
44081
38919
39989
37262
34189
40833
37595
45052
40082
43768
43379
34919
40182
37345
44735
39943
39315
37345
35975
43233
33691
40529
38119
42504
35911
37371
44086
40883
44789
41574
44789
37577
40445
39356
40240
42210
43917
37075
39375
40689
38794
34485
37417
40071
33729
35905
36832
42471
42218
36735
41593
41612
34001
36764
34293
37017
33826
38505
34750
39905
35353
38555
33605
35533
37285
33203
44631
43989
42837
41729
43691
34655
33658
35613
43563
43476
33704
42471
40692
36563
35472
34188
40663
35380
35544
44561
38228
44517
36633
41571
44674
34478
40845
37039
39546
41522
36105
37927
38661
34704
37338
35306
33527
44724
37873
33441
34497
36326
37415
40412
39047
40502
34997
44795
41307
36050
39436
38788
43158
36397
37658
36696
42071
35436
34033
35161
40708
34598
39050
39582
40404
37367
34521
35908
38640
41669
34191
36544
36271
40939
37089
36948
37051
38849
42044
43540
38219
43241
36963
44951
39077
34635
39309
33586
33296
34285
44508
33810
39123
39521
38902
39486
41492
36667
35384
37779
41771
42018
34997
37317
40596
33495
37777
35249
39345
34586
42609
39785
35373
34446
33930
41053
38051
41542
35701
37082
44426
40893
37108
37630
35917
35229
40094
43332
39114
34921
35168
34026
37739
42192
43165
37437
41279
41176
36270
44489
42026
40663
35176
35608
35506
35937
38015
42294
35861
37551
33454
42346
38335
33267
42270
39344
41024
36759
34516
33248
41090
36008
34081
40060
43763
33352
35395
38001
44576
34222
35728
44390
38300
44434
35231
36169
37669
39103
33982
40091
40682
33281
36922
43098
41845
38913
38233
39755
41852
35180
40498
33894
37332
36973
39341
34505
35497
35329
44822
39108
41960
35767
43044
38535
36110
43720
35574
34997
39274
43879
39870
44787
33346
33513
37966
41441
34369
36735
41485
43474
34193
33922
33369
40471
35547
33377
35537
40259
38392
40781
42021
39566
43612
43174
37496
44153
41844
33631
36577
33404
43409
39568
45038
38450
39646
42745
39130
40740
36225
39386
43597
38716
41633
33219
38631
39546
44749
41162
41976
37718
40128
39591
42972
35508
37556
42807
36371
40344
42505
43050
35427
38934
33923
41821
44958
38368
37734
36948
39356
44527
38746
36540
42207
44659
38151
39024
41182
40587
40373
44289
44204
41040
39854
43354
41398
34698
34717
37072
38778
43968
42938
35188
42610
36569
43257
44015
33320
34979
41764
33362
42096
41957
33997
33918
41034
36963
42004
44537
33564
37927
34841
44264
36249
36089
37651
37304
39971
34320
41056
41977
39695
34740
35915
37400
43215
34735
40402
34392
37265
34061
36216
42124
33433
37317
35938
34694
34193
40196
42999
39056
41329
36830
34946
38172
33789
40946
37029
41002
41962
37952
40377
41498
37933
33226
42030
34745
45074
39784
37500
40071
35040
33750
42317
40005
36197
33648
37803
33641
38532
42820
44257
36880
40834
35821
37411
37947
39221
44206
44250
38983
39134
40969
44908
34076
36375
42586
40188
40459
39055
34878
35823
42897
34033
42947
38220
37330
43311
41676
43886
33589
44666
37791
38692
44426
38653
37526
41316
35552
33647
37305
42528
39223
34754
36813
40667
41491
39368
40382
36236
44081
41483
34403
33861
38114
39379
33776
38868
33623
44768
36611
34339
37154
38603
40840
38827
33786
34199
37324
39789
40322
36155
39018
40527
41106
42675
44513
39912
40944
33252
43779
40348
44384
33642
37238
36304
36363
34763
39489
34356
43266
40504
33598
40727
34334
40103
36022
39238
40969
35085
43228
40880
36672
35183
37578
36992
37883
39173
41632
37712
43830
42639
38273
40602
42788
41404
40585
34503
34065
39480
38947
40987
39083
33779
34223
36955
41173
40284
41964
36799
39744
35733
38672
39505
39008
35932
40355
44939
39722
35640
41071
41452
38871
33739
39471
44470
39428
43776
37255
33760
35361
42675
35571
43985
39866
34088
37093
43340
37762
42121
41829
40901
35204
33580
41915
37580
40855
34894
43965
33398
34033
39760
34035
39872
43719
36865
37347
42845
38257
39231
41910
36295
44091
40525
43708
42978
34902
34653
40928
33263
41864
41138
43956
37770
41363
42570
42919
34288
36445
43066
34443
35325
36369
36549
44671
36287
34279
33907
37986
35395
35784
36077
39460
40976
44458
36655
43099
37795
41249
38248
43974
39147
42480
42658
35902
39386
33242
41468
37219
35990
44906
36282
44540
40082
40939
33447
38767
37333
34964
42260
41488
42477
37162
35722
41680
34546
35548
38079
44768
41411
44407
33728
41922
43293
44641
34994
40932
39410
34742
36285
42200
38884
40835
33598
36797
34869
39253
35619
37968
33622
40678
39404
33956
40501
40903
39610
34043
35738
39569
41658
35606
39454
36852
33853
37480
37227
40913
39113
38864
41391
44397
44619
37373
37207
42210
44461
41060
33457
33699
38420
43146
42051
41663
39099
43998
37354
44650
43570
43238
35960
44645
38549
43054
35894
34790
38654
42945
34931
37517
40721
37521
34416
37458
35738
39378
44266
37324
34372
36452
33405
40339
35841
38009
41914
35451
39078
36241
33842
43258
38052
34937
34496
37919
36649
43497
42162
40531
33460
38693
34683
33961
36084
35502
37977
35405
40632
39305
43942
42311
35798
44511
40527
37747
36630
35388
36373
42672
41789
34548
43873
35387
42405
43284
40426
36321
41421
37727
39471
42182
36561
43265
42001
39466
34218
35819
35422
34211
40750
40089
43117
34629
34280
40676
39635
35709
37920
35505
42166
33406
37891
36762
41740
42896
37212
35966
36394
34020
34722
43488
42478
42168
43041
37770
42506
34845
44730
34607
34518
34935
42792
33460
39894
33942
39111
37288
39490
33918
43759
37878
41027
40430
39764
37411
38123
33836
41730
36136
43878
39901
44774
35703
44736
38449
37798
41597
35666
38305
33827
36892
34086
36353
35221
37807
34602
34590
45000
38246
36885
33308
34267
33637
40641
39356
37580
36739
36559
40485
34014
42565
40037
35123
44890
40717
35051
41081
37394
41944
33797
40015
39698
39303
42151
38940
39367
41464
42856
36209
38485
41327
39462
37101
41385
37858
41009
44811
44158
41890
39302
43610
44613
42169
35671
35650
36063
33578
44408
35821
35927
34807
36430
40261
41987
38661
39337
39427
34614
33593
34468
42442
34120
36713
41498
38123
34209
34585
39324
37738
42949
35546
38816
41937
44485
33353
34510
35232
41402
41786
43001
39753
39396
39854
33755
44561
36810
40534
37340
40550
34716
39064
39351
42415
44985
38250
39191
42877
36486
38089
37557
39991
44221
36786
40490
39971
36592
39650
33430
34629
40584
36480
36017
43279
37339
44411
37000
42578
34925
42209
43136
37222
41237
38559
43050
35546
39811
38678
37143
36865
37006
35604
35022
42489
36052
33536
44532
43277
41993
36841
41527
41024
39767
35411
34187
39716
39717
41682
39444
36179
35987
40358
35344
41082
44315
36821
39824
41359
40494
37576
34700
40749
36838
34287
42697
34560
33960
40947
44590
34986
41982
39197
42060
34053
43451
36014
43098
39250
39386
41410
43602
39893
37023
39016
41942
40423
33595
36751
42740
38954
35318
38143
44308
39513
39689
38191
34438
36582
40099
40784
35936
39117
40106
44337
35894
37257
41319
43940
41217
45049
33702
37009
43932
36354
44259
44136
34695
41332
35027
38428
38375
39564
39215
41752
38793
40721
33917
39407
44280
40626
35275
39213
39928
41070
44954
37893
36390
44908
37951
41023
35275
42162
39072
39557
34304
44417
43971
39687
34648
37039
40206
40099
40500
40451
35053
40969
35472
37002
44352
43887
42995
43528
39121
40754
39095
34114
41277
37787
34422
33548
40225
33370
37078
39825
41474
38565
40082
37648
39434
38782
35988
37200
34327
38817
40899
41170
38892
41811
37803
37240
39981
36862
41853
43066
41980
35144
42818
36685
39796
42541
41224
37114
39612
37833
38542
42081
41862
44897
37221
38242
40528
40652
39377
35212
35211
35162
38627
36649
34593
37277
41747
33995
38872
34814
36218
43528
35977
33920
34423
42565
34563
37370
36917
40249
37193
42081
36058
34367
36664
44540
42457
33839
33851
42135
43121
36590
34647
43262
34071
43943
40404
39222
44587
36991
41497
41837
38349
40672
34064
35834
41139
36295
44425
42304
36076
34845
41659
38319
41782
37852
40977
35720
40397
38225
37253
42291
40951
41453
43389
35063
36223
34605
40721
34192
37156
41283
33818
38144
41892
39866
35116
38803
35820
39715
36456
40742
44369
34512
41416
41082
41749
43711
34702
33981
39961
36311
35716
38234
42632
33867
38425
39481
40474
41249
42925
43779
37524
34473
38283
39899
36760
44322
34902
41163
38096
35113
39492
42502
42442
36423
34093
37921
44359
35461
41431
34067
41679
40124
38528
33617
33972
35134
41910
35181
41853
34764
35850
42904
40464
40069
34312
34352
35014
34776
36880
42206
39422
36167
36176
41071
39514
39256
33885
41947
34736
34052
39844
35595
36560
39993
41531
44876
36821
36510
33596
44062
42294
38766
36398
38775
37421
44684
33494
41299
41868
35407
37539
34372
40888
42655
39351
42641
39345
40034
34297
44830
34021
34386
42123
39711
42526
43423
34720
36175
44721
34014
36189
35618
36539
37377
44473
38051
36585
40752
39347
38087
37589
34369
33521
34411
40685
35310
37078
35516
38827
36475
37136
41796
36221
39343
38519
42575
35757
34857
36378
39048
34322
37921
37347
38825
44692
33657
38622
42760
41197
40042
36052
42024
36137
36658
38141
39302
35446
35110
35027
37274
42583
35281
44667
37116
37353
40129
34418
37290
38039
37469
38891
35166
35233
36189
36821
34813
34172
36122
42217
40793
42520
44469
40368
40341
33636
38227
34130
41753
40171
35284
38662
33268
42536
43626
35688
40597
37681
40630
39476
42049
39987
39907
44739
38281
42084
36905
41986
41024
40245
45063
36204
34762
43233
38040
39198
40119
33692
39359
38392
35237
34380
39615
42866
33436
35223
34718
44815
40665
36170
40191
42428
36021
41482
37502
33735
39084
34922
44638
36259
42249
41837
41235
34028
35755
37466
37037
43348
41182
43125
40675
34449
43324
38720
40820
33312
36470
41589
36607
44094
38242
41518
38491
36865
44885
44919
43776
41466
41478
36431
38902
37995
43414
38712
39382
40263
37808
36000
35869
34854
42192
37206
44255
41431
42797
38330
34394
38312
37726
45033
42209
40578
33497
36757
44910
35616
42532
34602
40989
37757
33321
41062
38820
35052
41714
43324
35315
35291
39595
37509
38906
34094
36903
33582
39080
35004
39686
35309
34906
35297
38400
34550
40397
43806
39094
43210
36747
43224
40247
37312
37474
33637
34848
39479
40890
43946
36445
42306
37325
34238
38089
39743
37322
37670
40458
38902
41502
41643
41348
40202
41409
33584
41406
39360
37524
39687
37217
41615
40941
41911
43899
33611
37056
38202
40099
35646
42371
42176
41799
39582
40986
39103
43975
36258
42483
38069
41807
34318
34101
41944
35230
35880
35826
34759
44187
34576
37379
38563
34028
33748
36159
38272
39296
42545
34509
41616
34527
37560
41443
37919
38759
36966
39635
44204
39371
42255
38603
43341
37222
36598
37430
35167
37132
40545
43966
43323
39285
40201
35610
40576
35466
36254
43981
33220
34113
44150
38460
36558
36223
35079
42921
41832
43684
44338
36342
44887
40217
35497
44210
38272
39733
36813
39382
41711
36219
38098
40075
39053
37131
44678
37983
39870
41628
37395
40247
40934
38979
43345
37937
39698
34048
36766
40345
41515
35359
39130
34467
37822
34979
35864
38689
37382
33459
40643
35133
39946
34618
39077
36313
38718
40330
40972
40863
37956
39728
33822
34664
42522
38673
34141
41029
41453
34129
37523
38466
39089
42678
35230
45023
35955
42905
37204
36251
39521
36947
33710
35212
38333
40426
38358
39158
33260
37356
36864
34893
34607
41953
37601
39474
33208
41377
41808
43249
35091
38532
42196
35485
41415
33957
36548
33867
35521
39116
34457
41270
38701
39442
44982
33856
36015
37043
35951
40400
37765
38135
41245
43566
37560
44422
43714
39036
33640
39287
37361
38334
38371
33496
41999
39434
35315
39833
38336
42042
42863
40539
40494
33871
42031
40172
43189
40751
38866
38947
37657
41576
39108
37879
40494
34419
42574
37377
42686
34748
34255
33885
41917
42145
34617
43958
37588
36782
36151
36081
40670
38874
35210
38916
37178
39012
41414
36447
33863
39931
38943
39417
34972
41747
34330
41043
41957
43239
35295
42621
40409
41946
42660
40035
39939
34906
38218
42739
39054
35819
41838
41707
33654
33921
39277
43220
35598
42939
39917
40727
38326
40808
37390
44340
34122
36201
40557
38713
44115
40708
39752
34059
34984
35356
43343
37529
45030
43285
38862
35389
38035
40934
35402
38615
35686
36778
44215
40230
43039
36244
38466
42589
36609
41986
35294
44368
43861
34998
37675
44789
42259
37921
39165
36065
42394
36497
41878
37983
40628
33650
41414
41697
34669
37883
37739
35445
42991
37109
39961
34542
33899
35797
35194
33400
38618
43656
40945
33958
39522
34801
40195
35194
37144
33474
43221
40398
35203
38703
43162
37347
34209
44769
34024
41492
40982
40887
34093
35077
44052
44413
39547
41835
40077
34435
39071
44620
41762
39821
44684
35815
39677
38372
36260
38169
42916
38969
34536
43904
38509
42847
42697
36622
44061
41656
35557
42106
37573
34300
42280
43137
41427
41330
44205
38070
41607
34433
39561
39347
39850
40992
39213
38922
34773
43708
41110
43600
40097
37911
40280
35931
35093
35523
41577
34797
40976
43466
35120
36577
43416
40589
39507
38715
41017
40538
41110
40402
44365
37579
36577
38392
35259
33409
34764
33256
40297
37713
37606
42927
35319
37619
42925
33224
41690
41070
35971
35441
33759
41698
35920
34117
41037
36432
44064
40423
35648
33559
40595
39674
40276
39857
33524
37136
35124
37761
39481
42349
44236
38293
41575
41785
44347
38795
36675
35063
36465
34286
38390
39685
42718
33337
44384
33987
33250
39973
38178
35198
34046
36489
35944
37127
33819
41625
37107
37637
44523
42388
43803
39221
36735
34308
34620
36743
33734
39977
37052
41189
41815
43629
39787
44293
39419
37724
36419
36623
37249
42043
34201
41260
35415
41448
38300
43033
36040
39865
41548
35357
36155
43395
40260
34966
44451
43844
42489
37337
38272
34233
40868
40334
35164
37965
41946
34919
33894
38761
35837
42120
43239
38166
35225
44225
33971
39604
38726
34321
37440
40357
33418
44328
41150
37182
34723
35085
34844
38361
39019
38765
36968
41962
40359
39523
37819
33331
35985
34300
40964
37190
38378
35468
44786
41715
43516
38086
42512
39496
36899
40140
42932
41940
35342
41814
34067
42009
42353
41689
41060
37514
41399
34516
36247
41578
36951
41239
39498
37551
37012
37563
39561
33834
37658
33763
35136
34981
35591
35500
42830
39824
39382
44238
42480
41014
34807
38973
35036
43380
36418
39098
36671
41953
38842
37421
37884
38281
39456
33242
33882
44360
34738
37086
43047
42082
40859
44516
42057
40155
37729
34237
41560
39168
38477
43218
37257
42281
41703
41686
42323
33601
44583
39566
35146
37096
43306
40433
36511
34553
41448
43129
35814
40945
41028
37664
35316
33473
34119
33918
40901
38948
36020
39330
42617
35319
34409
40759
39050
42189
44621
42152
40886
44066
40481
38495
37297
39619
39110
42226
39534
37159
35512
40631
37042
39370
37618
40153
39186
38504
37044
38434
38882
44671
40021
37573
33207
35078
41688
39789
39536
38321
40632
38458
36855
36134
34825
34541
42927
41830
35436
39600
40429
40468
37041
33397
41409
33247
33584
36352
38169
45052
34326
41175
37054
34283
39391
34973
36652
39366
43013
44494
34863
36706
40435
41414
38302
33563
41229
43118
35409
35063
40047
37582
41969
38812
41820
35511
38669
38721
35240
34020
44564
44308
34877
36180
43161
43462
41651
41408
37732
34623
35651
44553
33491
37024
38733
44960
36744
41789
37441
41053
34224
39401
34924
43916
34299
35454
38819
39311
41392
36711
33837
39220
37071
38657
34758
36028
36961
38714
41677
36473
42359
42168
35434
40429
37424
40550
34309
43311
43415
36789
38307
35578
40627
40853
37256
38070
40520
40820
42754
39301
37765
37965
38829
41749
33629
33782
43341
38457
43367
35862
33801
36149
35836
42869
40846
39416
42427
42471
41766
37902
34889
33564
38560
36857
44222
33321
40161
42997
38936
42411
44143
41738
36633
35994
36839
36369
34027
41015
44840
39496
40261
41695
34558
42934
33842
33407
35540
35864
37556
41579
34266
43365
40251
41995
35255
35464
35047
35938
37533
41389
45004
39605
35417
33559
37650
39801
39175
35486
36234
36734
38881
42667
38180
37496
36332
40061
36987
33794
44486
33594
41715
36072
42236
39992
35785
33859
44706
36957
42167
40771
44678
34226
44397
34390
40170
34301
37027
34845
38826
39136
40204
42447
35490
40022
42092
38188
36999
39825
38704
36126
39582
39738
39054
38276
43778
38411
33589
43581
33718
41543
39119
42034
43375
41967
45051
35592
39299
34396
43364
43228
40993
36306
42139
35081
36163
44441
36993
33863
42766
35588
36398
37407
35605
38796
40971
44554
43294
33407
40968
36703
41402
43829
35127
44671
39435
41495
38072
41060
41549
43309
39743
41512
37423
39524
44198
41443
41136
40542
36423
43747
33638
35883
39136
44218
41234
36774
39250
34115
39487
41723
43927
39907
38820
38790
33912
