33748
33087
30167
33659
29810
29071
32146
41057
29911
37323
40076
34816
32102
30999
32508
30151
29884
33390
41482
33017
30082
35559
30076
30311
33746
29158
32655
36780
35325
34494
34191
31118
32237
35980
35934
31759
39575
35309
29821
36621
30910
41762
31258
29396
32900
42027
29950
29527
28974
41074
29323
29474
36089
31682
28610
37000
39416
31392
34424
30659
35631
30697
38968
38119
30191
32076
40784
41984
34008
30563
30466
35134
39638
30718
36727
33990
38075
32312
39616
30915
35349
30693
38107
41700
33774
37805
32523
39930
39438
40591
33548
36940
33022
32377
33060
34428
32295
31897
35521
31294
33949
30598
31738
36924
29428
35064
28991
32245
29488
39143
32111
39110
30810
36794
41174
31200
35637
29059
32488
34562
32128
28812
40259
29815
35667
32837
28632
39567
36368
38181
42301
31744
41980
32914
37442
38353
35735
34494
37203
31898
40791
30616
35421
35985
40038
36025
42519
38507
42008
39039
38677
42493
31359
38641
37064
35203
40679
41034
31575
29611
30592
36306
29416
32975
39650
35747
37220
30088
36724
41775
38893
32599
35321
30377
30614
32776
37144
36453
32245
37706
41386
34557
30538
30554
34728
41857
40791
31716
30887
34144
33241
34576
39798
35967
36496
40135
29835
35900
28632
33769
38053
32896
42135
40861
33287
29130
29587
37181
36751
34251
31312
37878
31266
32382
33758
31876
31084
32405
38344
29327
33720
37644
31074
37706
41161
34196
30224
35423
38805
30484
38656
39128
42369
29573
30974
29876
40008
40274
34031
29578
39276
37307
33706
34302
41203
29953
41207
29347
30983
33853
39971
36773
35027
34479
33542
37386
30035
32646
36752
32565
29641
42568
32223
29469
39685
36787
30770
32967
34450
38187
29741
41965
30069
32691
32730
29958
33404
28934
32060
34280
39180
32892
30875
32157
29884
33204
42180
40995
34630
33858
37762
37310
35856
35791
29643
28957
38254
41455
30233
35935
32263
33553
33346
33558
28628
32468
30933
30483
36132
29729
35195
37406
37522
40581
34219
29673
32317
29391
29654
38833
34087
29806
40721
31483
42476
28724
41336
35855
36479
29668
40303
35025
35656
35864
30686
29777
31779
28771
40316
30989
31274
30006
28841
30563
39702
38554
39258
41801
30373
31553
31819
31613
32193
30272
31060
33536
38657
35075
34186
31163
38226
31328
29139
36829
34998
31140
41538
40053
28641
33254
39079
35084
30336
30086
36083
33132
32604
28695
29760
39731
38674
36489
39299
34759
30210
32840
36702
29694
34599
32278
34028
30552
35512
28975
30242
39182
33119
35242
31936
28899
28682
31339
33821
29145
34729
39250
30083
35094
32912
39089
34913
31863
39164
33196
31039
28988
34474
30815
29224
31025
32056
40802
30946
33194
31981
37079
39149
30854
39968
37731
30496
33440
33252
31447
30567
31310
31869
34744
38310
36281
29505
28990
42496
33996
32431
38029
30100
30934
34480
37030
32222
34400
40454
31597
28720
29412
38835
33415
38018
30536
38881
29932
41196
42571
40714
28972
36518
34118
29506
34212
34920
39428
32513
37789
39223
30746
34996
36661
32906
42096
32879
35613
29418
32192
34619
38057
40876
38538
32193
28898
31636
29603
34201
36100
31104
30828
32452
36302
32384
41790
37906
30566
30773
39115
30203
30085
28877
35665
31813
40542
37838
33684
39525
30313
30557
36890
32239
35122
33196
32006
28988
29284
30153
33712
33288
41719
31393
39652
37370
38108
37134
30927
34425
33080
29272
33044
35663
41938
31799
32761
33612
31011
34960
39581
34183
41959
32017
37468
29617
28941
31199
35522
29373
31900
39074
31622
36970
37106
38734
31375
40341
36878
38050
37134
33438
41562
32583
31309
36827
41594
35639
30758
34607
31054
36624
33568
39312
34957
35909
36655
30700
36895
42230
39839
33159
35995
37636
39907
29853
37894
32236
36504
30176
32205
35223
39575
29721
40231
42143
38104
32462
29076
34961
41707
33349
31858
29582
33668
38036
30520
36209
36552
28636
42110
41425
30933
35701
30971
39495
36280
33811
29176
42205
37227
39939
35109
33874
30319
32126
37949
37985
34264
30139
33655
39744
34350
33016
33851
34243
37943
31966
31363
36652
31042
29913
42254
33192
39700
32383
31181
31068
30989
29428
40458
29003
28779
31012
33417
30849
37954
40382
35958
31310
38217
38792
40569
40380
40301
31370
29260
33248
42584
35661
32435
29056
39608
38424
33123
42273
42084
35149
34637
29199
38257
41138
39733
35177
30427
34328
28638
41613
41938
32761
32505
30669
40989
39536
39929
33245
31746
40558
36854
33050
36518
28878
36285
38249
40996
31983
34655
38061
39016
30645
39138
40267
36102
32021
41135
30140
29536
33980
39797
32956
29006
39385
33211
38011
37617
32630
29282
40274
40853
33693
29874
32936
33225
31540
28923
31569
42001
29032
40035
31800
37372
34558
35632
30068
29615
30682
41933
36433
29838
34838
33301
31575
30873
40737
37984
39639
38109
40487
33666
35328
31063
35257
42466
31458
36026
41748
41911
35518
33710
40176
36283
31800
37789
29177
42554
37356
35084
31659
38925
28877
32377
30701
28883
34787
30011
41048
32393
33622
38521
35639
31507
29434
32537
32645
33600
41964
29081
38432
37226
32423
32455
30497
35126
29359
34928
30637
42313
34252
39129
38569
32598
30575
39844
37779
36863
31347
34192
31233
39063
38734
37169
41316
32972
31194
37715
40299
36425
33023
34370
30338
28895
41912
30276
35594
29716
39619
31048
32980
30605
37171
31899
31816
28698
32569
39737
30185
29271
30498
33274
31668
37926
39222
30211
29291
29776
36880
39044
29635
30892
33062
33596
40496
39698
34585
35017
30504
33901
32948
32923
35512
39978
31563
40466
29605
29233
42581
30876
31927
40437
42160
35047
38920
31546
30992
36449
32801
33268
40739
41201
30577
33782
32867
35106
39283
41614
35466
41971
32060
32685
34009
39720
40645
33524
37205
29825
37786
40917
40304
36373
36398
30758
31407
41447
31525
30403
30899
32892
38165
42471
41459
34384
36966
34345
30906
41245
42424
29551
42597
33165
36875
40730
33311
30229
30248
33108
35583
41455
36671
32774
38959
29934
30990
39742
29536
29157
34986
29203
42298
41023
38807
36512
32339
30297
39657
32392
39612
38765
32350
32694
29758
38160
36778
31354
36626
41036
30983
31438
34411
33932
30204
33599
32897
37075
30299
29365
30754
28725
29762
32852
42161
31964
41468
40293
42421
35680
36977
37604
42032
35139
32426
40318
34766
29502
31178
29309
37785
40743
30767
28600
41173
37673
36347
30008
28679
33041
34823
29261
28850
32357
31791
30186
39447
33124
41522
32888
32406
29482
39363
29350
41332
28871
42552
32165
34480
36857
40166
37357
30407
38764
38393
35373
32520
37642
35225
41545
31471
40834
40335
28969
35052
39179
42591
35204
37018
41257
41193
29557
33768
29236
38665
40720
31459
28919
31564
33596
29967
28941
32871
41893
33586
36701
35027
30451
35503
32274
36333
29167
37606
29419
37239
32804
32078
41491
29413
41776
32914
36305
31967
30763
33420
29659
30111
32152
35189
33035
34725
28754
29222
41351
34518
39383
37872
42013
30506
33974
35578
39046
37970
37315
33351
34795
32723
38242
28609
33677
35047
33393
40977
41106
28750
29624
40492
35806
37932
31258
33018
39218
29116
32548
37930
34207
41138
34254
39494
36620
36740
30855
36178
37761
34621
31725
33785
39668
40478
32699
41532
41791
31597
32507
34193
28809
38725
30273
39834
38277
39497
32325
30628
32864
40402
36393
32015
29252
31505
42278
31554
34222
33168
30011
29579
41877
38763
41723
31826
28657
39139
33208
32443
31270
37431
34685
32505
40662
30108
30551
29167
37209
29179
34334
39576
42343
36356
37777
40106
29783
36874
29618
34473
33152
38611
42509
31862
42354
31203
41225
40792
31897
29576
31434
34314
34561
36164
35856
40671
33462
29111
38049
33611
28614
30548
31028
34009
41847
32955
29495
30957
32309
29306
38649
37061
40721
30220
34414
33958
39485
35294
41300
36045
41641
33427
37323
29910
31075
35866
30845
35465
30208
38169
35813
42319
33392
34544
38315
40695
35378
30340
33378
32739
31748
32442
29268
40755
42328
30393
33438
34988
32059
37486
41036
34629
29396
39261
30225
29978
32755
29569
38493
39446
30060
32736
39182
39725
30785
29285
36538
40176
33610
28758
29153
36604
40962
41357
28833
36223
30946
30458
31338
34284
32370
41863
31416
29895
33833
36103
32198
36089
32852
34605
34567
31166
29978
32087
40326
34364
30038
39816
41022
35480
37120
33557
32662
29083
42493
32594
29970
35221
42318
34018
33237
34922
40901
32899
32961
38241
40091
34378
38969
41798
33432
28745
34879
29773
39214
30080
41588
33215
31960
42159
33267
33469
41216
31902
40525
31954
30202
41613
35359
33681
40335
29308
31545
36311
39791
30485
39506
36208
29715
35409
29833
28651
28708
41689
36947
36814
37284
32838
34150
31063
34445
39699
29740
39977
37798
37643
35110
37351
41374
30481
33660
32020
37648
33647
41645
39014
39799
40852
38108
34086
31057
40654
31715
32354
32998
39389
31999
33429
42366
31230
41559
34347
34890
29582
29335
30114
32646
29097
30122
40188
39950
41381
37172
31631
39935
31912
29838
32533
34832
33012
38548
35183
28596
32388
40587
32410
29375
33306
34768
30340
33421
36786
36361
31238
37091
33851
40849
39973
34743
29314
33389
32071
38248
31137
40844
32286
42493
31075
33514
41790
30807
40723
41861
39460
28658
39149
41681
33456
29462
29451
42050
30929
33262
40473
33356
35410
35168
34111
37276
30113
36230
30538
38534
33419
40297
31361
35718
32836
41724
30249
35212
38978
35365
37730
41547
41458
38998
30829
28731
33898
42094
37320
31614
30569
34830
30486
35409
32550
38576
38684
40353
28954
32745
36578
31856
36655
29190
33030
31700
37989
30891
31229
37131
34458
33391
29200
32826
34891
29604
30780
36934
33701
41171
34836
39482
37100
37704
35027
36189
41207
41745
33718
32735
39756
32421
38177
32573
29899
37970
38917
37995
31253
41449
35149
36477
42455
37442
32141
36772
36713
32285
34298
34931
40018
37943
33685
39491
32914
33068
33345
29245
40548
39625
42319
33757
29832
38407
40104
29470
30844
35082
28985
36400
30993
35599
30785
38276
37135
35130
41656
29236
33807
34400
32397
35164
29786
31066
37376
31743
35973
30051
32760
37893
28808
39720
36096
31357
30833
31782
31443
42382
32252
38131
38764
36384
40464
33885
41402
33407
34335
36941
41571
33259
31417
29852
30216
30075
32429
30719
41330
31278
29766
36331
33869
32984
33532
28973
31717
34793
31229
28755
30927
40929
33138
29636
37928
39624
41389
40952
30243
31650
32844
34904
29037
28880
36600
29368
29454
36779
34575
39378
41919
30830
37491
33497
41655
41650
39080
28816
36769
28669
37829
28906
36223
36713
31853
42451
31990
33068
34946
39350
40223
35045
30116
41814
33497
35046
33440
34486
37979
31815
35901
41887
32381
36609
39547
36672
29703
36662
40802
34953
33714
34741
33491
34248
34890
35677
42567
40440
42492
38173
38597
33747
31379
30889
31049
29993
32507
37817
35337
28993
29284
29170
29812
30643
29927
33327
36504
30401
34732
32312
31236
36129
32845
30567
32389
42076
30031
32980
31995
40240
30610
33818
34200
42468
30968
28784
33268
34268
41753
28678
42178
36626
36715
42605
30290
38403
39856
37954
34102
39034
29890
30220
28676
38363
35484
29477
30497
31975
38606
32748
33426
39012
30863
32548
30012
37473
39612
36350
38964
32534
29726
40382
28775
41701
38321
34365
30751
29114
40263
30324
35858
38703
37662
34238
35127
32363
41542
31710
33808
37664
35511
29740
35466
40107
39739
36838
41630
35664
36427
33675
38418
40988
38497
30957
31128
38605
31341
41649
32089
37005
39429
35648
35825
32157
39911
34985
31640
29785
42437
29164
41241
28982
30360
31708
38200
35464
36186
40414
36497
34394
31316
31323
29154
30895
30094
32376
40711
32937
28623
29592
35544
31374
29733
41349
36962
39508
36936
34014
33958
36038
31052
32400
29662
30433
32118
30473
36096
35224
41251
32018
30243
32067
35378
32912
36570
30072
38690
31949
36876
33540
31157
32877
29961
35888
33664
29365
39501
32680
36245
34944
34229
38817
29633
28758
29047
39485
41414
28759
30545
38025
38187
30316
39194
38123
41313
34372
31319
34223
31566
41869
36125
29897
34320
32237
41586
39296
28714
36511
39222
36445
30142
34131
35196
31381
40577
37904
36101
37199
30130
36407
33452
29708
31825
31079
33378
35228
37638
39104
36158
36841
29733
37073
31717
31393
30964
37515
38463
32597
31005
35185
32368
38503
34504
31290
39340
41081
36259
33029
33222
31894
28995
40809
35543
30350
37637
33261
41362
41832
37543
34888
41035
36174
40112
29269
36384
32136
31847
34612
40173
41239
38083
29922
32218
42424
33725
38758
32039
29936
32329
37609
30395
29840
29635
31799
40783
36315
37938
41957
36310
42065
33285
34958
35412
36699
36022
31096
31266
30999
28841
32006
29358
37688
31788
32056
34491
38823
40176
33756
31713
35994
39573
31002
36679
31211
33732
39927
35929
30780
29300
32215
42568
39524
31205
41077
37942
29750
41506
33296
39473
37035
31359
32378
31409
31763
32769
31580
31490
33355
37463
31726
41632
32675
31565
36793
40435
29825
38957
37918
32234
33881
33970
39662
34418
40937
31920
28829
39284
31443
37724
31671
30458
36669
40645
36235
40039
37064
29663
32867
32864
35717
29282
32802
34198
41754
41060
29050
35139
39098
41928
32104
40906
37024
33458
31406
36002
38061
31095
32682
32576
28627
32299
29069
37830
31448
35708
42024
35618
32697
42163
37008
34503
35447
29629
33654
34747
33488
37831
40431
28877
40001
39456
28689
29736
41922
40588
30827
34059
38990
41121
29311
29559
29883
36859
41359
30191
35132
31574
29063
29455
33957
34472
31412
35665
29054
36011
31864
32926
40139
31810
39477
38975
39623
32270
33699
32479
34703
32222
32748
40189
31360
28868
37272
32129
29233
30656
38315
28745
34320
37129
33361
41613
37303
30328
29112
31546
38471
35639
42229
37216
42477
31491
29311
39931
30520
32672
31660
40349
39981
40194
34302
31711
34123
41009
32270
34298
30789
29266
33316
36506
39165
39750
29689
30197
30180
28712
28681
34742
33208
32670
30667
42098
28977
41251
38765
30686
34536
30555
41453
35466
40537
32911
41807
37728
32340
41284
32246
42250
28950
35120
31470
32796
33494
31316
29105
36751
39857
31779
34365
40594
29723
33180
38844
37190
34772
40787
31120
38559
41245
30008
34075
36765
40489
41729
32193
31059
33480
31694
39982
30449
40246
33953
42082
36041
32501
30291
35309
35667
33330
30030
42027
33127
40561
31211
28663
33142
28777
41811
31341
31820
33357
41267
31555
31021
32443
29721
38952
29409
30124
30404
38252
29603
31328
29762
32943
38836
39459
30919
29604
37213
38081
32353
32405
39775
37859
29589
29963
40234
29406
30081
29591
30664
39974
41630
38794
39030
30281
36312
32135
32543
38432
31852
36794
30265
38756
32363
41249
36311
29537
29224
39704
39452
31921
30084
39020
38019
35029
40491
37907
38818
29922
41498
32133
29069
31132
40919
29971
31432
39253
39550
34160
28980
28625
28955
40286
32943
42469
33215
38336
33210
39918
29028
31170
41275
32435
35386
41382
32384
36528
36344
33432
38897
33237
32038
41571
29475
38643
35466
30604
30389
35732
39684
29371
35909
42565
33100
30450
36207
36040
37491
34701
37277
37726
34287
41035
41362
34397
37956
36426
31680
31951
29736
31411
34478
30120
40630
31556
29625
36563
33705
30824
42331
42472
35332
33133
36525
41601
39690
37271
30819
40199
34425
30739
32306
31538
38395
33463
31122
37177
32675
41196
30706
36254
41568
41399
33265
29610
32068
31117
33857
29605
33103
36296
40142
40349
39364
31927
33006
30986
36308
30598
29561
30711
29755
30283
30484
37381
32607
28849
33224
39980
31618
34021
38729
41309
33715
36558
33710
36445
30446
39871
37172
37492
35048
31198
31595
30820
30152
28766
30687
42084
37521
31055
29105
32234
33151
38891
40349
31556
40365
29831
41977
41962
34901
32689
29315
31907
34209
37081
29412
36640
41013
38428
36381
30730
29453
35270
38524
33893
41508
32022
28847
34059
33933
38007
31894
30683
35383
36237
28824
29694
30163
39675
36790
41547
38244
36085
31310
29768
28943
35878
31503
30623
39365
30207
30970
36697
37741
28811
33528
31268
32374
39972
32174
35917
40143
29026
36746
29817
30585
34365
31337
32847
35057
28994
32583
37599
31839
36910
34660
35630
33385
37488
40879
38851
34876
36621
41119
36528
37980
37882
31396
36768
29344
33362
34623
41356
31299
32022
40552
42491
33030
37199
30399
29421
30585
31077
36127
37196
30430
36211
33997
29753
30622
30111
29231
29372
31171
31884
37443
36133
35701
28846
37362
35354
31991
34921
29737
39508
35813
36202
40656
29749
30958
31288
39849
32625
34166
40659
38167
35281
40551
31191
29114
34108
35679
40251
28690
38873
34132
30713
35336
38682
29681
41774
38571
30114
29797
36002
40016
31468
36042
30554
38911
40422
41955
33185
36214
29085
29120
36756
35489
30793
30132
37906
40306
35987
34496
34250
31305
34697
35213
32291
37084
36290
41278
39875
35629
30785
33463
28594
31248
36145
33208
39812
35412
35745
37448
38502
30180
29801
35062
42147
34068
38904
30995
34380
30354
39881
29103
31145
40297
33971
39318
31260
30400
36380
35227
33244
33866
42237
31545
34156
29505
30991
32072
29914
40602
37644
35295
29748
41143
30651
29028
29358
36264
39307
36960
34299
31073
30439
29082
34866
39944
34638
32107
35608
34186
32568
35468
29870
40910
37137
30526
37038
36268
31553
31578
39676
35369
29899
29429
31728
28907
38259
36459
34617
30157
30516
40803
36632
31362
29046
36017
34294
37454
36945
33368
30239
39933
31239
34516
41482
28591
32444
40182
39524
36280
33336
38826
35834
33133
30397
30076
33547
37055
29087
38222
41876
38887
29509
37804
29630
30121
28888
40213
31648
40849
32330
33896
30929
32569
30508
41152
34003
28942
38895
41976
32245
31132
36964
34840
41186
33349
31621
40734
28681
30098
32510
39470
32492
33455
40606
39004
40041
40863
36977
35846
39777
32376
38719
37147
36635
32648
37415
37453
38521
29454
34094
39796
39970
36393
37845
34365
33461
41845
38026
42083
30576
36249
29338
34202
36979
40912
38768
29909
39686
29249
29653
31717
36048
32174
42066
40390
34580
30731
42099
42070
29318
34224
29198
39386
34721
35946
38123
36205
31331
29126
37944
29527
38001
38109
32508
30516
37681
33436
37110
30705
31627
30658
40871
37015
39269
40925
38176
40248
33308
32804
31924
41031
38651
40015
37865
37495
41520
35903
32796
39570
33128
37389
28974
31689
35908
31155
36420
40776
38358
28781
35465
30489
34280
31153
41193
31173
35137
28819
35472
38296
29610
41542
29049
32010
39436
42326
29749
42113
36334
28686
29371
39209
39794
32908
35676
30671
33747
34500
38469
32340
41894
38138
41705
39392
39813
37144
41913
30661
33145
29591
33435
31234
42209
35193
32737
40798
36448
35857
30306
34872
37216
28749
41364
32066
37520
29163
30755
39630
39270
33717
37877
33100
33885
32416
40476
33928
29335
31899
39115
37643
35474
28750
30516
33098
36337
35811
29503
36273
32549
30790
42307
29777
40346
29204
37350
33769
32771
32957
33696
30503
33903
36852
40998
32688
29449
31291
39506
34222
40492
33562
34160
31229
36699
36625
36465
37609
36145
30310
35751
32993
36238
29300
37664
35505
28673
31824
42540
40010
34024
28876
31235
38822
29530
34196
39501
36346
30491
39724
33014
37664
38804
33009
39052
34834
40250
30725
34189
32833
36475
34601
30313
32433
34689
28904
31608
33110
38192
39425
33752
38868
29716
40181
32971
37021
30239
30756
33530
38322
40075
29118
31890
30781
32946
35239
41658
28590
29806
30009
29248
41539
42282
31429
41109
35747
31241
37594
31509
31536
28948
32496
33140
32157
32453
37548
29618
28930
38341
30548
34923
29094
29752
31811
34527
29142
31390
42544
33377
28757
34743
36710
38613
40479
37463
30400
41005
30991
33808
29929
28690
33307
41912
34497
41788
28710
32832
35216
31411
28966
38333
34121
36562
32697
32647
32945
39577
36135
35309
41019
41534
30794
34579
31201
30841
40535
40492
33471
42406
30166
39807
40731
29175
29731
34141
29151
31096
39165
35151
30236
37259
35175
32393
31352
32422
35658
33435
34969
29640
28978
31129
35235
32422
32248
35683
39128
30083
38907
40420
31518
39537
35411
35382
36413
28639
34528
42185
31968
28845
30257
30666
33094
34783
35636
34271
35805
32105
30428
34401
36495
34428
30666
37597
30612
31597
41357
41681
30040
42085
34040
39681
41913
40362
41626
29150
41113
31875
36401
38647
36654
37178
37927
31264
31139
35149
29674
39077
28804
37536
33444
40293
31770
38538
40940
39870
39789
32355
30298
31768
36343
36423
40258
32855
41036
35162
42088
30846
35136
29886
30840
39686
34398
32597
29351
35853
31906
39312
39956
35517
31085
30071
33074
36287
38098
28781
41859
30119
31701
36785
29772
32670
36975
36612
30170
36374
39633
29346
39744
34965
38676
32512
41486
39417
31744
39508
40817
28932
30781
36612
35259
39734
33787
42145
33207
39905
40162
35882
31157
37163
42238
32667
32122
35485
36751
33062
42465
30929
36139
41565
39374
29479
31024
33543
31406
36485
28754
31014
31848
32765
28745
36896
33282
30285
30368
40637
38185
38046
35874
33615
41888
36984
38496
41419
34749
31579
29939
29011
34380
37224
35965
28806
41775
32625
31211
41419
29331
36273
36125
41586
30361
30112
28641
38374
29264
41152
33728
32760
32931
32334
32806
30639
30481
33230
29968
31776
33864
38681
40630
40534
32509
29234
36931
41484
34265
37433
40522
29558
36883
29040
35967
40139
29792
32323
38547
29386
40051
32315
41545
38494
30819
29063
42440
40204
33000
35627
35142
34176
39267
39988
39743
34335
41531
39352
32779
31150
29471
32404
34506
38480
40465
29022
30239
35263
30551
40954
37476
30808
32154
42608
35183
37094
33877
42526
34702
30963
41789
32407
29057
40811
42197
30492
40050
32642
40341
37082
33101
37703
32718
30920
39497
29152
35615
40110
31125
29976
41649
31222
38414
32551
33396
35689
37082
40105
36030
34017
31492
33397
41737
32946
39187
37458
30284
29111
42169
37563
42333
40959
37424
41507
42362
33881
37096
37605
30350
30530
28689
39786
32943
35858
28823
40751
38565
35215
39760
34358
32773
40542
29461
31837
31287
41269
41405
33736
39228
34795
30207
29062
40945
33068
31310
30515
31378
38990
40435
42035
40176
32555
28914
36684
31765
38815
37990
36934
36792
37094
36050
38169
32822
38471
38374
29702
41552
38682
32580
33762
32998
28877
39218
33118
42479
31187
33928
30901
32553
29439
32851
32328
31465
32242
42325
32903
31052
35056
40842
40371
30948
41335
39331
38440
35041
42234
31698
42199
32417
32590
37134
34677
39424
30801
38868
40729
28979
29789
41165
31606
29832
34441
31144
32875
35766
31018
37108
31149
37099
42491
29962
33280
35130
29416
40725
29872
30339
40466
36784
32916
31942
38548
33936
41912
40526
38905
37489
36700
34394
32084
31308
31210
39321
37921
41054
41229
38990
40814
28726
37905
35643
35780
34268
29976
38558
39405
42446
35066
39712
32469
37741
29672
31902
35069
34156
32387
40430
33855
31361
30148
34415
33889
35180
31596
36631
34571
31670
31519
31776
33007
40028
32908
32807
31074
32904
34730
40822
35610
40112
31022
41851
40603
32112
32983
35663
33257
41636
29200
32719
34872
35053
29193
37307
40553
35388
38009
41765
31141
33150
41628
32457
31180
32737
29029
37795
31085
32712
42332
40898
41629
32540
36119
38454
33009
31110
34938
30279
39903
36446
30137
42007
39522
41362
35620
29716
35391
35840
35428
33011
32153
40353
41179
36336
33954
38771
42563
33083
37316
33088
31649
35510
31481
40838
39478
29640
32366
40958
40354
35929
39131
31946
32531
29143
41541
41455
32722
42534
28766
39645
33125
41534
41855
42236
33027
32064
42193
30468
41575
40716
41035
29218
42328
35098
34166
29336
37087
36826
32455
32522
33112
37640
36165
37720
35144
29347
41670
31633
36800
40511
42422
37478
36608
39759
28848
39856
42069
41320
34280
41728
32367
29250
31786
29079
40121
41503
39281
33614
35161
31300
42445
41515
41395
35517
33458
35511
33595
28916
41332
35123
30868
35198
33801
38736
30136
33093
29904
36974
29236
38581
38909
36808
38919
33078
30638
42067
29080
29191
28801
39309
34551
40994
29545
36018
41411
40095
42600
30060
29145
35312
36680
41824
30553
33969
30257
28712
30272
42119
31621
34062
30327
42050
39211
37175
29618
33219
32737
41491
36886
33423
29147
29509
39970
28713
40493
28622
37739
29817
41759
41281
29421
42373
37113
36725
41704
32023
31017
36234
35427
39996
41597
34710
28824
37405
30572
33516
42510
38708
29110
32720
31161
37528
29271
29068
30182
32052
37177
29880
33953
32496
33249
31661
41629
30990
31854
39158
35113
29831
33194
32246
34215
41124
41060
31767
34347
30969
30651
42326
30601
31448
28880
40882
34970
30238
39954
33099
29200
41701
38553
33223
31798
31572
33010
29046
41979
33223
35239
33506
31965
38944
38002
29717
42429
42398
31965
37265
41517
30623
38072
29564
33699
30485
39789
39836
29215
41334
32666
38706
35321
30514
32007
34602
39907
34456
40913
40637
42297
38357
34326
41509
32173
35372
31319
40365
38292
30079
40039
29477
30134
38528
36729
34782
39745
34690
34293
33851
35879
33533
35211
41794
29375
29700
33091
30314
38019
34908
31327
34295
38626
34752
30755
42238
35141
37182
34767
41182
40540
39098
32387
35689
34416
29288
29494
32167
37465
40680
31765
33726
36451
29533
32802
31709
32081
36789
29893
30760
38307
33949
36619
33496
40293
30667
31636
37402
35038
37684
31153
32944
29471
31973
40015
37189
31196
36344
31929
35883
41475
36713
32992
30825
33209
32818
41117
29820
39978
39410
33268
30988
37181
30067
42531
28786
34729
37108
29576
31980
29707
38897
31033
37880
39311
42352
32380
35773
38537
30273
32846
35595
34211
38774
34682
33602
39672
30738
42199
37318
28905
36414
37509
37723
38717
29578
28689
35890
41073
39694
38492
35494
41221
31273
32694
34095
32594
41774
31845
29415
29679
42263
37691
36394
35003
35410
41193
31882
41412
38052
34186
31416
37534
30128
32117
41444
32645
32191
31008
37069
29092
41653
41378
32473
42030
30086
38419
34752
37585
36005
29770
29771
30782
34663
35165
35774
34844
39133
38388
30225
41300
34724
41780
32937
29079
32123
35829
35791
36928
31407
36943
40016
37254
36811
34969
41478
31592
42566
39418
30029
30531
42424
38912
34779
38263
34088
33167
29223
32676
29070
42155
32100
37373
39849
35938
30961
41200
29007
30427
42469
30682
29683
38771
29195
32284
39652
33101
29969
36230
29711
31224
36005
31307
29424
30917
31718
30389
35312
41698
40918
42124
32375
41332
32046
33466
40485
36622
30194
29180
38083
33795
40285
32428
35795
33937
29146
42338
30261
40204
39395
35638
37582
31580
36816
41013
37692
29880
29779
33481
40645
35148
32324
28964
37280
38037
34429
40103
41766
29541
42383
39981
38703
31775
30112
28930
38161
41296
38711
33012
30179
40275
32358
33568
34919
42393
29562
32786
29447
38854
42454
37644
29435
39423
37886
32566
38164
28634
29772
35027
39124
35981
30487
31163
34403
29161
31126
40477
30568
32883
34165
38884
35378
31304
34750
38184
33501
31966
30706
35875
33019
35414
39856
37166
29251
35536
29407
40024
37568
29715
31437
34181
41485
40692
36742
32423
34634
40077
29274
41479
38173
42289
30406
41796
38655
38629
41762
34719
29956
37426
32735
30880
41928
39748
38847
31409
41122
42388
31269
38233
37157
35076
31525
31993
42139
40225
29400
38709
30357
31420
42400
30724
30675
40955
30127
34228
34008
40963
31242
40998
35214
31782
40575
38162
37388
33314
38814
34966
29795
42480
40569
29071
37063
38747
30794
33227
33515
29943
33313
38316
39218
29846
29400
29870
41338
30923
36217
36225
39995
34978
34796
34281
29937
39976
42194
36892
34005
31052
34810
33111
30720
30385
31343
41769
30496
36401
31712
36953
40987
38136
37763
28749
29181
34677
39963
38513
40606
38592
36447
29497
42178
32099
37253
32886
32721
31078
30370
35311
32285
33233
36123
36607
35645
41085
41901
34712
32071
32462
35576
38194
40621
31452
40934
29084
32686
28665
34109
32237
30730
35776
40265
37833
39588
35174
34758
28765
31482
42328
41378
37668
29124
32702
40609
32888
40886
33987
39403
35396
30979
31893
29187
33599
39813
41950
30005
35131
40089
41804
32433
42313
34492
40462
28760
29151
34530
30357
35813
36085
41711
41574
38608
30792
31960
34355
30133
33291
32843
36120
36270
42474
38847
39558
30487
37041
37995
31382
40012
32885
33268
35378
39137
31312
41057
29868
29460
31108
41985
29261
30973
30805
37038
30440
42320
40174
33361
30466
28994
30795
31739
30263
42217
32674
29408
30986
32314
32122
41307
31973
39443
28727
35710
40531
29854
28759
41907
41305
41293
30945
33637
34220
41816
42357
37182
42270
33964
33944
29522
29945
39252
34296
34589
37622
32576
29894
37243
31562
40990
40863
31131
30812
36610
36467
39379
37738
35292
42419
31822
39523
30094
40429
35303
32913
38367
36873
32957
29666
33564
41115
41570
39721
34054
32418
40511
34217
28738
39116
32906
34637
32008
35493
38030
36068
33157
30532
33897
32447
38552
29545
30802
39680
42077
36766
30470
39777
33820
41694
37205
39242
36828
31372
36775
40729
32806
33935
34788
38580
31470
28635
38812
42272
29111
30774
32051
40548
31334
37678
33285
29206
28661
42185
31671
31023
30613
30890
41106
34399
33858
30142
29125
31903
30884
37573
28933
40439
41115
33658
35572
37665
35833
32968
40499
37737
35539
33748
39298
33105
42044
30128
28666
40827
34810
39009
35051
36508
30498
36610
42367
39473
36716
31316
41085
42325
39129
29255
33211
41774
39001
30685
41365
35596
36027
40303
42285
34876
30370
36351
37590
41880
41471
30975
36071
37014
32132
33080
33443
32813
30272
39673
32658
40171
35761
34330
38465
28867
33963
39350
37363
30124
39272
31741
37173
41014
29804
40472
33903
31513
39840
35548
36166
34967
41294
40015
34044
32785
31864
35040
40891
39668
32786
34753
42236
33190
28640
40922
38882
32680
33087
37640
32584
34988
32002
28922
31666
31412
40328
30421
28865
31512
39878
29010
37047
35914
38505
30557
31796
36103
38317
38092
39326
41881
35502
29948
34576
34709
38136
40162
29435
30865
38549
35728
28824
33041
32565
41234
41101
30582
39152
39843
30734
39235
31842
35019
31096
32849
33172
31220
40085
30721
37833
32349
35616
31375
39549
30457
32159
33998
39891
31922
30964
37050
29573
40374
34703
38867
38165
34692
41874
30811
40209
35242
38424
32994
33349
31285
33512
42072
29670
38796
32711
32019
31312
33802
30607
37518
30478
38629
36578
39761
42317
30893
36755
28754
29271
33413
33020
29029
37279
35630
29714
41698
29334
36302
39474
34775
34231
29958
32934
29259
36981
32418
37804
35182
35160
37693
31078
36686
40688
33432
29951
37577
30385
38860
32462
32747
40750
35888
32119
31567
30729
35509
32987
36299
29797
33495
30719
30846
35336
31310
30530
41334
41248
29460
40633
32367
28826
40179
39919
37551
42136
30487
40732
36076
30421
34040
30194
30869
40590
28764
40075
34994
32535
38215
36072
37765
29308
39636
33871
36276
32226
36283
33866
31227
42484
29774
40659
28773
32498
30872
38741
35897
32402
36995
31502
41544
36822
31053
41361
32637
37741
33012
33908
30099
30915
34865
38250
33216
29324
29437
42034
29334
32596
41171
32062
33479
34191
35261
29915
31660
34878
34706
30853
32303
39656
38632
35588
42562
32074
39590
39913
29401
36336
30612
39647
42114
28793
29651
39313
29106
42373
32994
30052
30626
39132
31145
34517
40370
38453
35277
39214
29304
34693
31948
40413
28903
35554
29273
37384
42496
35109
36305
31057
32746
36541
31420
30362
36907
42262
31244
29399
33221
32998
40209
39414
34482
42463
37388
40620
37104
34640
34624
35130
35993
36341
33218
34369
29808
32534
33274
35173
38976
33443
39509
31847
35525
32269
40084
30804
38032
35436
37830
40937
37220
42252
29275
33888
29113
35490
34786
37573
37542
39054
42076
33450
28801
28955
34135
40394
28957
31584
36455
39764
32914
32636
37022
37045
34323
29902
39455
37277
38053
33489
40940
42400
30825
38732
30570
30720
38795
37662
33618
31612
33814
31776
35838
39273
41107
30781
39372
35769
35921
31182
30767
30107
32552
35606
38430
41820
32647
39714
34724
38726
35359
39667
41903
39591
30279
36471
31356
31898
32640
31376
31026
33329
34841
39764
42363
34814
34995
29618
40691
34172
30993
33933
42161
39358
33149
41271
42554
37897
32746
33264
31945
35208
39024
39940
32795
32487
29977
31175
37699
36808
33594
33286
37212
38578
37020
32562
29465
34817
31783
29356
41915
28940
41794
39345
36773
36560
39826
29545
41722
29308
40687
32121
42398
33001
38760
32264
41638
42586
35883
33315
32524
33243
31668
34360
32904
41013
38499
29959
29636
39583
32339
34556
40371
30414
31484
33146
30168
37480
41093
33721
41976
34911
41011
37461
29084
28968
38307
41525
41272
31324
32816
36204
39317
36186
38710
37066
29661
34058
36722
39419
35068
31816
31139
29843
33708
40589
32247
31831
40988
39064
42304
41272
29936
30685
31522
41258
37061
38021
40599
29214
33098
34436
35793
35367
34447
32435
32677
41082
32570
35269
28867
31613
30764
31615
42375
32645
39336
38811
31045
28684
31677
32753
33647
41724
31234
30852
29713
33828
28806
34606
42442
31180
32917
30636
42359
37180
36869
42441
36376
40016
37329
40819
41959
37024
37209
32920
33629
38494
35593
34863
39627
30507
39286
29674
39534
36876
35326
40102
38750
33216
42116
33248
41490
38221
28760
40198
31337
30467
40026
41805
33159
36636
33155
35894
37707
36857
38855
30881
32249
36062
31854
31450
29280
33649
41643
32993
40830
33381
32069
41345
34057
32374
33427
40588
30672
39946
37115
41781
37167
37935
37882
41327
41887
40526
42075
30728
37269
31624
32274
31067
37209
37242
35538
30803
40225
30799
40935
38611
32819
37311
41756
31265
36554
34126
39212
42411
30891
38974
38762
40387
36458
29954
35341
40819
30457
31612
36157
31500
31115
28958
29690
41315
32444
37455
31754
30711
35593
38578
28642
33356
40912
35957
36448
39216
36503
40728
33742
32887
34952
29984
32715
34618
35525
41247
29648
32532
35226
41770
32972
36627
28689
36718
28952
34448
37335
30931
41384
34933
35744
41059
39738
34899
35712
39394
31438
42217
34337
29184
36698
34398
36748
32683
29307
38015
40592
29444
42598
36645
38692
36651
29597
31342
38757
37722
30520
33626
39582
32126
29699
31673
29956
39342
32648
39815
32253
40493
33522
32101
40749
35751
29223
31049
35933
28698
30881
40000
37017
35767
32079
37924
30257
32525
33679
39266
36759
32872
35378
42214
37154
36172
39311
42301
39732
40207
39996
40311
31355
39271
42087
35743
41266
30651
40046
36503
41211
41322
41490
33485
31207
32809
32138
33075
37116
32188
38985
41098
29351
30293
36476
29264
31219
39368
40061
38602
41055
34328
40784
28887
30040
29798
29639
37198
39435
32235
30606
33631
32341
35126
40287
30299
41434
33507
33202
42421
42357
33189
37257
28947
36342
34867
36616
40010
31826
39774
40380
40175
33551
36835
38720
32246
39246
29453
28944
38191
33619
29571
28707
31343
32220
28984
36262
41987
36494
32231
36381
30918
31213
37645
30491
36570
29531
34192
33308
33124
28629
38060
28600
42520
33677
35937
30002
37233
34528
32117
35950
29641
32476
32135
35045
35662
32399
28853
32114
30050
38324
40811
30414
35040
32768
41437
31861
30919
37590
40208
36240
29667
42578
29282
33777
40322
33753
31532
29692
31759
37531
40636
31034
30775
33825
38014
35647
42444
31205
41456
42023
40758
29502
35848
31466
40913
31715
29572
34996
33623
28720
32812
29036
31588
29075
31478
30874
29416
31673
41339
39055
32650
35607
32099
30286
32618
36904
36558
42028
41221
41237
28870
34728
38041
31270
28696
38843
33600
42184
42238
30185
35932
42338
31570
42069
35313
31326
30803
28597
39694
41697
38195
34941
40227
29220
28720
30208
37615
30566
28718
37553
33022
34956
31611
31562
36350
32192
37792
28911
31992
35082
36281
33072
36718
30905
38529
29627
29488
41429
31071
36451
30924
32348
33689
30051
37039
41529
39777
32304
31188
40981
30804
30793
38296
37659
35454
40405
40430
37032
33931
39260
31856
32365
33548
33429
35884
33650
28669
41491
35892
29455
42602
37086
31965
35624
37915
34529
35212
32804
37831
38291
29583
31073
40904
36335
33733
36365
29761
36228
41480
32839
33253
36876
31369
38267
36550
33910
33515
36487
31787
30505
40796
41614
35894
30138
32481
40945
42410
33228
30237
35582
41474
34934
40718
29612
41652
29799
41435
30896
29028
32112
37908
31708
36009
32527
31753
31708
40368
42216
40428
32678
35103
29101
33724
30454
39302
39652
30991
34651
36263
29928
32080
30011
32683
30267
35418
29609
29965
37156
40554
34963
32795
34291
35166
41904
29577
41589
41118
31970
34446
28594
36393
29735
35246
37144
31079
31527
40194
38516
35912
28679
35833
42589
38352
29737
34540
33739
39763
36764
29566
38335
32436
31162
30023
30200
32355
34896
33332
29476
42436
31065
31039
28817
30434
35313
37221
32258
34239
38118
29221
34409
29696
40440
31362
42218
40686
34285
35086
34668
36793
37667
31187
32854
40995
40417
33208
41784
32659
29147
29674
41011
32529
42593
30168
36587
32259
32533
29367
37332
33696
32639
37939
32090
32170
39289
34565
32010
37255
31839
32162
31363
38635
29536
31889
30703
36387
42527
36458
35264
31554
33594
40923
38894
29497
31359
30789
42553
34180
31540
39468
31679
31857
41337
30828
37591
42256
31316
40406
33153
33530
39706
40532
31438
37600
32215
39815
33122
30134
34339
40620
39761
39114
41186
42551
36633
39628
34072
31495
38131
41968
32654
42590
28827
31076
39018
32772
34770
38556
39089
40020
31596
32483
29711
40875
28821
31237
38590
32965
33752
32614
37211
40088
33233
38081
39034
39636
29830
40583
40921
29237
34262
35305
30800
32837
38968
29785
31927
36922
30990
34122
39522
42500
35515
42126
34870
36179
39501
32405
30921
39144
34510
28951
38432
41661
33174
29822
38370
36047
32169
34586
34866
30084
31185
39852
38566
29093
40533
31330
30696
34940
37405
29632
35330
41892
33683
40814
40763
29256
38497
36146
31559
33975
29714
36827
29193
37344
34579
32280
32320
35221
37710
29982
31717
30541
33099
34483
38501
30778
30363
34238
41934
29423
37124
32565
40483
30590
42576
33490
36200
38545
31665
31024
33758
42180
28648
37740
32273
34559
34792
30533
36203
34538
32235
30531
30386
38579
31285
31298
40198
39769
35160
32427
37246
35128
34431
38253
33947
29621
34770
39408
34681
29521
35509
30513
32149
29235
32148
30383
42161
38037
41718
29716
30191
41746
32731
35687
35874
31528
28737
39440
41214
34827
32707
29806
31621
29388
35421
34195
31479
31754
38301
39510
41210
30335
38076
30492
34874
33263
31219
29897
40310
28889
31618
39500
29787
28801
34550
40137
38553
30199
35443
30381
31151
29258
35903
34233
37097
29219
34684
32075
40809
37415
29533
31260
39672
30202
40969
37744
38234
34204
30899
28782
40339
37694
32952
40612
30335
34405
29408
30071
35946
38167
34123
40034
29056
28905
37471
35263
31568
42523
37332
41044
33754
34231
28997
31034
32965
30323
35327
30709
37788
30211
37160
40267
39822
28624
35903
30195
39676
32915
32545
35882
41896
38537
33815
36671
28999
32888
31509
41373
30454
30351
34464
33767
33060
36191
39578
29387
30805
33825
31634
36257
41555
32022
39783
31299
34172
30616
28843
33481
28859
32104
38370
40141
34704
39215
41094
30168
39920
35944
29421
29797
39095
29234
30753
35380
34325
29976
33980
39982
33406
28721
37858
32704
35835
36039
41502
30217
37905
32170
38358
29873
42234
39395
30060
30386
30477
42392
29627
33505
31551
29384
31332
30637
34272
35613
40094
37573
30664
32591
40605
29741
37504
41727
37107
34283
40341
37431
39530
29038
39180
31277
41363
28728
35597
35786
37815
37353
29496
33120
37875
31185
37415
39874
39451
30891
35918
37794
38378
35991
31999
31737
35109
37611
34482
28931
34637
38935
30278
29296
37991
37636
31810
29108
36763
29107
35476
34813
29098
41327
38811
30637
39031
32732
41387
31728
32519
31315
36418
28926
32596
31303
31345
33382
42449
37351
42506
31472
32768
30188
31230
41443
40498
32393
37168
37754
39497
31239
31707
39468
35378
40408
38789
35661
41880
37637
39199
32873
30129
38915
30775
39571
38457
30751
33930
30739
32272
40722
38162
29555
39152
35567
29820
35568
41028
28973
29956
31843
30279
34499
42469
29499
31082
31132
35778
39570
40809
30507
30721
29620
30737
30647
28971
40704
33385
30433
28747
29930
32097
29602
29963
39481
40431
31837
30648
35353
28694
39218
33800
30940
40821
31754
31155
33089
33577
36137
30659
37757
32863
39205
32688
34265
31855
30603
30915
41326
31963
31665
29063
40344
41087
29324
33220
36698
29684
42195
42147
31536
35868
31194
29404
34152
37509
31095
42568
41538
29449
30946
41601
37685
37472
30787
39608
40719
34477
34117
31539
30628
38956
40817
31285
32311
29605
33821
37405
31004
36680
31879
41870
41737
38516
31606
29544
33036
36228
29001
38844
41823
30561
40157
32481
30206
30903
33318
38163
39745
28628
38194
39389
29425
41798
29664
40495
36021
30948
34009
31279
39438
31284
35628
39431
36090
29113
41746
41157
29172
32134
42482
31971
36347
31581
29179
42520
38411
33655
31505
30983
34941
30433
34666
38909
42097
30444
37374
29033
30755
41397
35765
28907
31508
38569
38149
31944
34590
36579
37737
33566
30991
32667
39199
32671
34945
38284
32564
34403
37001
31940
40168
32190
32597
33873
36771
41724
37086
34528
40583
32858
34515
31771
29475
35396
39901
35913
33099
30814
39499
33275
42292
30429
30641
36634
40115
29850
29077
38098
30161
41865
40875
32044
29812
30546
33030
30283
31616
28617
39218
30104
37969
35533
34984
31851
32132
32483
29889
41907
41053
32532
31256
36610
35622
30629
32100
32176
31804
31917
37760
30102
40661
30377
37358
36742
38989
31293
40410
35503
31844
40423
33473
37167
31827
33054
38289
35509
35150
33557
29231
33029
32057
36600
38566
30359
35694
40567
29683
34264
33447
31935
29573
40268
29807
31829
28995
39476
34896
30067
31166
28812
36467
42355
34128
32250
32694
30181
41833
42197
42516
29081
37739
35047
29602
32690
37600
33147
40028
37042
41474
34017
34146
39982
29999
40728
39249
30894
34749
42216
36571
29036
42468
30621
37525
34944
40363
28693
38094
31112
30354
40593
33313
35214
33451
32864
31613
38003
28989
40426
33867
41288
29217
39309
35919
30086
36509
31089
34938
41242
29370
29637
29391
42006
31842
33062
39422
37818
36585
41625
41541
36796
41180
40394
39022
29179
37519
42306
40292
38343
31554
41364
40340
29060
33333
40862
29508
34090
32626
41941
42347
36074
30813
42441
39892
39772
40252
37690
32508
35406
36858
29662
36642
38055
41878
41665
36932
30671
33847
41675
38060
39196
30892
31832
33137
29193
40542
28779
29726
35871
37246
34855
28792
40256
40980
39102
30907
42590
34100
40497
30664
29681
28842
36362
41043
42467
35217
35932
33015
34533
31781
40555
29036
31888
36530
38553
38529
32502
34731
38483
34168
31543
29088
31284
41234
37349
36050
32282
30575
42190
28617
36882
28604
32070
41370
30601
38119
41064
36155
34261
30296
41809
38541
40345
29808
35570
39713
37593
30835
39118
29999
40000
33154
35006
40388
33099
32398
41803
32379
38491
36918
32478
36377
41118
28603
39931
36075
28775
29678
36098
32221
36134
29437
29592
34049
28826
31016
37643
41311
42284
41646
34448
30460
30903
29387
32552
35474
40125
37100
38043
39084
35828
42313
31404
33227
34616
28871
29379
35400
39048
31897
42564
36307
32887
29973
29061
36303
36788
30876
41071
37378
35415
33148
40623
32824
36822
29373
33269
29652
42006
38820
35553
31904
29162
31895
40977
37657
37668
36937
32288
30779
42114
31670
38383
29813
39380
35195
32534
38977
35575
41297
31715
36529
37643
32789
29976
31442
29056
39628
39436
34055
39055
38959
29792
42468
37473
42124
39679
35098
37373
35269
34195
39988
41057
28840
33284
36942
30826
38186
29413
41042
37376
29873
42174
41255
33554
33170
34162
29705
29010
30768
33403
31941
39651
35218
30492
28997
38575
34329
33189
29150
38090
32340
30746
42406
29035
30186
28954
29309
42358
29819
30944
28850
41678
35182
41642
32572
31603
41363
29248
42222
37355
28716
37226
42167
40095
29430
41475
34637
31957
29142
33200
42204
32945
36635
36683
40077
40758
38116
29460
40512
33990
36199
29670
39895
38301
33414
30834
30497
29530
35037
40130
38925
30628
29702
28894
38266
37858
32406
32720
37140
40530
34275
30020
29057
39137
41440
37447
30558
32566
30618
29073
28661
36606
37653
32652
32392
30121
42445
33341
38416
40047
42497
32955
35645
35213
31603
41751
40871
31059
31656
32952
37059
33009
39396
30799
35631
33600
42363
29655
35439
31107
29007
40850
32258
31221
38713
33656
32768
31099
41074
35587
34110
42404
36376
36770
41376
34926
32037
37549
36621
34819
38880
38691
33693
32394
30607
32419
32582
34703
34040
33956
31287
38873
29481
34589
40466
34782
41963
30737
36145
38463
41559
40061
31029
37275
30970
42318
41968
28993
40610
35690
41494
38428
31142
38280
40780
34125
36993
41882
35991
29167
39477
32697
38201
29090
42081
33149
34464
40576
29159
32221
32581
30974
30487
42291
33141
39511
41072
29312
29783
31535
30843
33686
31679
34256
34164
42451
35954
39940
35413
32821
35599
41190
32784
30636
39962
35553
31543
37788
33019
30618
33366
31407
38351
31960
29198
39681
34248
29716
38512
35039
30938
42264
38879
36688
29778
37779
33141
39892
37582
29013
38110
31446
39763
33999
30529
38442
31886
36528
32459
31429
29472
37021
31927
31617
31267
30736
41072
41143
32664
34303
32337
29090
35094
30199
36254
35660
29387
30739
31071
40362
37454
35477
32210
38122
33081
33979
40119
38817
34851
33159
41052
35472
36287
33847
31036
31967
38459
31971
37784
39283
36377
30149
40435
37395
33172
39453
36864
40273
31135
32991
32760
32100
30788
29214
32390
39146
29869
36951
34644
35934
30137
41897
39991
41620
33495
38475
29614
29962
34442
40871
31085
42593
39889
30189
35625
37825
31318
32587
37251
35931
32683
29861
41346
40503
38652
28598
36821
32269
31515
32467
34393
31119
41451
29053
37793
38996
29300
29203
28698
33182
41904
40529
35278
32350
39832
42138
39912
29587
40227
38865
41068
41508
34278
39758
33085
33320
38593
32307
32737
37803
39431
28827
39828
29474
32740
38135
29146
35442
41866
39286
34005
33129
33811
28687
41821
33509
29111
31497
41006
28776
33074
30841
32641
31858
42424
31430
29218
31882
42143
35331
32705
37998
40896
33114
37541
33516
38397
29345
28971
29122
40338
41366
32458
33039
29383
32038
35023
30500
37075
33551
30488
34533
41417
30833
41447
38711
32003
30971
33169
37372
32488
36777
42253
38642
37094
38928
42384
37264
33058
30140
31224
35343
32830
30971
28603
42588
38629
28717
32167
29298
39268
31691
29555
30971
41666
29193
31775
30363
33343
34041
30059
38450
40138
29889
41352
31231
42515
34589
40117
32881
28612
39091
32989
30130
32869
35208
41326
39304
38238
35230
31670
30851
36700
41061
35728
37293
32420
32951
40848
32144
36175
35245
41883
31644
32013
37409
29279
39005
34802
36227
36400
28980
42321
37882
41636
29721
31822
40105
40350
32962
35638
29372
36395
35892
33731
41893
39386
39454
41997
38531
34165
29086
34146
35162
32477
37574
39953
41522
40195
39098
31176
39180
38656
31641
35543
28709
33235
33303
39078
30317
31792
32244
30387
35014
34374
31611
39237
33021
41629
38901
31555
28954
32716
37846
31026
29781
39537
29648
39235
35575
35853
40295
38059
36297
30100
39476
30979
36190
42345
30219
39759
40081
32282
30837
36807
31788
28599
40597
33966
31735
29594
41550
40498
38862
37627
34353
35981
31863
35207
39419
41990
31834
31632
42567
34853
41149
31356
41465
42186
40534
28989
38947
31368
33553
34415
41202
32959
30121
30280
30527
37866
32773
34955
38159
42197
41477
36948
32727
37655
37648
30615
36050
35670
32161
35410
35677
33607
36776
32260
38324
34685
39449
37745
37101
29273
33450
40753
28932
40163
39929
40001
34707
34448
35432
30204
37515
38045
28667
40518
30431
41090
30269
39001
32754
41347
41513
33094
41840
28910
37077
33192
37639
28771
31034
39232
29675
39202
31666
29215
37901
29069
41831
42312
35249
33196
35688
32836
39818
31357
30530
41750
38442
30794
37999
34033
39071
34040
29040
38475
31352
30799
32067
38356
38975
32772
30231
33756
39348
33326
32268
28746
30571
37553
41785
39854
31521
33731
34413
31567
32188
33255
42567
36359
38448
33205
37555
31400
29471
31949
31613
29372
35336
40726
29366
38564
37115
31131
30287
38757
37780
31133
32355
29132
35612
28851
39207
30334
38696
35853
30033
31932
41399
35086
31341
37122
40794
31341
42204
34925
33192
37196
31465
32620
39611
37738
40947
34274
35619
37544
34478
32762
41543
37065
40256
32748
36119
32497
38649
32779
41304
34910
39934
40410
33727
34174
29994
41886
28772
39672
35642
41865
29472
32688
41560
42339
41669
40101
36253
39305
41651
39986
29541
31925
36392
40881
34073
29278
41725
29001
31804
33158
38579
29078
31756
33081
35982
42525
32607
42313
38219
29998
32184
41939
39806
40582
32707
41473
33077
31192
40879
42347
38620
35384
38731
34042
35539
31893
31120
32257
32384
41570
30745
37025
38110
29198
41563
28890
32963
38255
34559
34236
29383
37191
38170
41403
40399
41228
31399
32256
29431
32621
37958
38520
34377
41251
38794
30512
32628
39260
30811
38424
36674
42536
30363
39521
40830
29635
33524
32371
42435
41091
38053
37790
32490
39741
33922
31295
41680
37046
32198
31634
31564
36106
39637
39960
35224
38140
40300
32103
42344
34006
34890
39161
40942
39709
40054
30015
36758
40196
39356
30174
30429
30894
29171
28988
39464
38905
29531
41641
40135
39327
31041
28958
28645
31247
39345
31711
36247
29836
34024
35053
30824
42483
31487
37854
32078
32848
35496
35680
29068
34207
35135
32715
39335
29970
30378
39537
41653
38368
32443
31846
30140
36509
30248
30308
34754
35839
40915
36055
39187
29448
39290
36135
37998
40160
31295
42241
42297
30606
35576
28920
38555
36852
42469
30306
33747
30620
40831
40152
31946
32621
36221
31001
33732
30378
42113
33096
36990
35617
31150
34967
30538
29845
29652
37348
29655
31480
33183
32986
31583
31397
31933
30838
28817
31559
39601
28593
29821
38568
33746
30460
36187
29704
39734
37802
31276
35724
32317
28904
40761
42257
37614
39343
38538
34600
31977
28985
30291
32247
33131
30545
29553
37522
39758
38884
42234
30819
31524
33239
30222
34825
35048
32856
29720
37970
33176
41863
38730
32062
32602
38804
40356
39281
29276
34453
33989
40832
29897
39997
35024
33292
33022
42570
41066
35653
41035
33006
39067
39737
31395
31902
34769
37158
36005
35001
34230
30849
41897
29476
31034
28903
29442
33513
30744
39993
42325
41088
41119
30774
36052
29459
35454
30283
29905
29586
35004
42457
38767
32900
39859
41054
39377
38125
33201
29835
42494
31703
41145
36735
36017
30139
29263
41083
37228
36520
31477
42021
34070
37737
35229
32597
39356
40861
37297
31532
28694
36176
33299
29511
28750
40595
30273
33003
37731
38534
29214
31232
29121
34500
39951
38104
41771
29135
36812
30977
33247
41446
31738
37393
34251
37459
41702
38125
35284
42293
30324
30769
40640
37921
33771
40249
33570
29456
36554
34600
31323
29507
35273
41488
30777
31820
29418
39600
40978
29915
42256
35566
29407
29600
31885
33626
30309
29552
40791
33126
34828
32993
38504
30122
37136
39892
40687
40569
35239
40536
29386
40742
31892
38526
30152
32768
38641
40451
34652
28808
32193
29272
29416
36342
33302
33608
31689
37496
29045
36203
29238
30394
29781
32807
35497
30635
28638
28741
31295
32208
30103
41570
33037
30605
42006
29206
33150
29535
42219
30273
32016
33153
42595
35844
34350
38710
30225
40275
32847
34867
29012
36729
34380
29311
38263
31836
38894
40719
38297
31721
38731
29925
29394
35402
31745
34222
32818
29740
29004
32951
33379
31803
42406
31182
38091
41650
29415
42466
37383
30448
41105
41826
39368
33105
35257
36889
37921
39674
31104
41672
36461
37098
37079
33100
34280
39730
32764
28974
36773
37143
29876
36094
35218
39791
39166
32443
29703
33281
31416
37371
32477
32999
39073
30385
34474
40413
31913
32982
32355
29207
31954
29035
39296
35424
30189
40288
35804
40533
30172
31160
34621
30166
33565
37431
37418
29890
29758
41215
29668
34605
31159
33626
33280
37970
37157
36098
32237
37590
38015
30425
32550
39177
31069
34302
29882
41011
33392
35891
32108
39375
42505
31468
30993
34498
41687
28780
32730
37514
31103
41977
31979
29980
32117
39605
30927
36751
36302
33198
29002
33610
34527
38958
36733
39032
39913
41337
33587
36745
29259
32998
34727
32870
29190
41854
29360
31193
31911
40508
36544
39648
28645
38891
31004
39423
34752
38772
38290
29057
41830
32084
32305
39082
36877
37489
41049
33774
28741
39598
32160
30300
40255
37308
32464
33124
34098
30536
33173
41173
31357
31066
30226
40619
30611
30953
30526
29056
29175
39964
29953
41510
38467
29704
40138
42101
28744
37963
36241
41430
32829
42510
42131
33194
34634
28961
41227
38293
38830
33996
38320
31530
37573
36855
39409
38349
33618
30757
39438
34135
30327
35868
31609
36362
36511
38790
30515
31204
32713
31891
32728
28785
31713
36956
37731
35855
32073
33529
28985
40340
35208
32148
42103
37616
33718
33036
32702
41391
29482
36393
37483
31576
33760
33828
33798
30724
35466
34262
40544
38186
30204
40328
33677
33824
36896
33437
35102
36722
42452
34885
37820
41671
34730
39772
34826
39638
35134
30184
35939
38621
32178
33624
37356
32213
38898
41149
29528
29133
32714
33409
42005
31099
39815
36174
42144
29410
37650
28646
28631
37889
41826
34795
32350
30549
28888
39907
39304
30856
35910
31305
31895
40659
37298
41477
30431
39413
33099
30115
38989
41405
42559
40411
34731
31198
29048
36256
29407
32655
39162
32526
38915
30924
30195
29443
38201
40883
30866
41718
33472
40705
33389
39026
35543
35530
42156
35545
40716
32948
39663
30462
40326
38678
29827
38837
33047
40117
40684
32823
33398
39661
33091
33337
30866
29760
38023
28652
37120
31662
31103
34494
42102
35151
40458
31335
32492
39998
39427
37481
38669
31988
42104
31724
34984
33211
39908
35221
29576
42324
42593
42606
35724
31414
39006
29229
29254
37417
36463
29339
29214
34180
29290
39523
38445
37437
41672
41992
40872
37027
32438
33921
32852
38094
32628
29266
37212
35206
31057
31705
39324
32758
39821
31749
29414
29493
36441
32595
33978
33448
40663
35417
38800
34939
36680
30021
29573
37589
30128
32381
36386
33940
32536
34360
31784
34122
30505
30048
36356
32424
37114
39962
39778
41103
39033
29450
36080
31527
30997
32089
41865
39561
29136
41434
36001
34971
31902
39202
35297
41464
34938
40185
35747
39302
38521
40390
40501
36488
34611
42163
28992
38119
37773
33238
39027
30696
36433
32938
39145
34963
42500
32125
39803
29003
29964
29691
32454
31009
29987
30797
31674
38177
31129
31604
35977
33537
34149
31593
29843
32485
30972
30830
29443
34153
39741
28824
29562
31930
28827
34307
42595
33308
29377
35656
35470
28650
36745
35471
37429
37176
37826
29587
36239
28742
39545
37851
32327
41248
28592
31362
32193
29501
29642
41721
41341
30912
29624
38102
29217
30735
31098
42589
28643
40153
32047
34501
33179
32553
28601
29033
36176
32663
30758
37042
33459
41150
35655
37167
39960
29427
37850
39864
37040
36077
31845
40169
41732
30680
37945
38585
42263
32499
40387
33173
40116
39373
35575
39690
37446
33864
31585
30576
40508
35836
29118
41879
30227
30974
32544
36540
37965
37881
35216
33962
30136
41332
30427
42385
34860
41498
33168
32198
32756
30181
38486
37947
33255
40526
35925
33242
38289
33649
37152
31549
37881
31280
40787
32390
30791
31008
29723
40353
32261
40882
31167
32256
35296
34986
38875
40831
29191
30840
39014
31357
32224
33982
31185
30249
31242
29971
34968
29181
29375
32149
29643
39533
34387
36561
39820
40701
30561
39708
31233
29933
36051
31393
38275
28780
36011
29726
38998
39974
34721
31621
31336
36066
34211
31176
36331
33553
30550
39752
36851
32703
30884
38724
39892
30880
39771
39685
35669
31017
37663
31906
34306
30462
32648
29690
34886
30335
36764
39999
35763
29925
37342
32409
34455
32900
34851
35996
37641
28715
31860
40042
40980
37143
34615
39468
41062
41366
40324
33798
28719
30153
35662
34081
33886
39731
31051
28642
37992
32028
41242
37486
38234
29278
28978
32056
39035
35218
34234
30615
32028
39803
42171
29972
42036
41482
32111
38045
29685
40820
30365
37134
40767
30728
30129
32786
36549
30746
40172
30634
33596
30583
42170
34249
32222
33006
37938
30957
41202
30142
38215
36734
41921
41997
32949
32664
30825
39476
36286
30185
32493
33549
29756
34575
42523
39877
38427
35394
41815
38877
30338
31718
32067
39576
31729
32340
34872
41347
32445
31910
31341
33613
32235
31441
40341
37675
40706
32461
36453
31149
40257
29081
34667
33571
33644
32976
29892
36011
32813
42335
35169
40896
32466
41951
31805
35918
29372
36477
34231
33727
41484
31174
33091
39146
32512
38170
38138
29867
28789
31673
28860
37883
40677
29488
33113
35804
40182
33803
28908
32900
40420
37900
31627
30076
40061
34227
35849
41052
32436
28981
39871
31352
38860
32621
40737
28767
32275
36533
33037
42215
40751
38608
34947
30690
35829
28692
36441
33381
42576
29037
32258
41908
32218
32380
30793
28909
30995
37707
30406
30412
29932
38979
30271
30915
34279
34738
33490
31277
32278
41926
36170
40082
32877
33171
30832
37887
36086
42307
37618
33666
42588
40297
30908
29897
34707
29051
33948
34075
31052
40907
32097
28750
28761
38347
32482
39435
35941
31525
29398
29417
38039
39641
29400
36657
39959
38744
29482
31694
28648
40008
41198
30916
31872
32467
35543
42403
39383
30668
40453
29377
36489
30603
31716
38637
31111
30948
30806
38603
30559
29846
29393
33059
31777
30837
38048
35133
31440
31891
30617
33122
31951
39997
29648
31973
41836
30937
33680
29775
40632
36814
42305
41390
31987
31616
30169
37950
32087
34943
31870
31157
36100
39686
37670
37959
34912
32633
35673
32184
31208
39703
31099
42561
33134
29012
37566
41337
30636
30097
31017
39923
29222
37421
36824
31412
34944
35494
42221
35474
32705
35677
31981
41372
38890
29879
35770
34670
41051
33440
35205
31731
34310
34423
29285
31636
30408
34095
30708
32645
29006
40240
37305
37764
31505
31273
30545
39165
39322
31603
38799
32637
38969
30453
30036
30078
29945
39513
40139
29136
37431
36119
38826
31540
37477
39501
34953
41303
31087
34959
32236
29751
38108
32353
31539
41282
30621
30358
40680
28670
31081
29757
35177
30910
32225
39661
38614
34875
31463
34827
29908
33125
32921
30617
38061
28743
32713
35047
32038
35343
36628
34431
40177
42092
28896
33059
40045
39508
30150
37953
38044
30697
33111
33289
31423
30705
38677
32484
34559
36408
39391
36196
34842
38122
29211
40155
42271
36083
40042
29741
34990
31667
38990
34478
31134
38531
29625
30593
34544
38983
33375
36676
37946
34967
29436
35073
35096
31360
36923
32911
39336
36027
32910
42168
32284
39104
40538
42577
29315
30606
33103
37882
28995
35350
29587
38818
34050
30212
37215
28896
30608
30909
33653
38976
34147
37407
40076
40987
34681
31888
36084
41195
29564
37934
41638
37424
42444
34498
40209
32329
28852
31656
34081
29298
33039
39004
36853
33821
38930
35823
42024
32593
32572
32570
38637
29561
33930
33076
37828
29656
32507
35403
33450
31495
38416
33425
39718
41234
30183
32942
40911
36022
36933
33307
40281
36064
33731
29725
30462
39064
41506
34393
34377
33406
31589
34481
40052
32992
34907
38234
41519
34847
36361
35238
29671
29698
39092
39724
29694
32846
41871
41742
40985
40482
39851
33980
36007
38295
29849
28856
37106
31080
38032
39490
42384
29583
30989
30445
32289
32772
30429
30767
31033
33104
31809
32437
29059
42146
33105
31352
35337
36091
35674
41238
38554
32919
35158
29258
34699
31011
29726
34682
36933
31602
39365
32182
29274
41777
41244
30666
33044
42295
32923
38036
38407
42603
42204
28983
41259
31583
34580
33685
37332
32698
32456
34806
33283
36629
42287
38627
31954
32692
32828
30085
30296
30250
33516
38018
36489
32392
30657
34832
29327
32489
41692
29513
42132
40324
40808
34225
34441
35550
32165
31475
32751
40442
32512
37771
34382
34058
37755
30301
34930
33471
29721
35400
36686
34435
36997
35390
28962
33448
31818
39972
28913
40915
31003
37979
38227
31428
29630
34875
35637
32358
30749
32406
38702
32707
35398
31197
30697
29047
32545
31447
28728
31714
36069
29398
40879
40980
30650
42060
41718
30748
39505
39600
35110
42363
36053
30152
35256
41641
37113
29548
32306
35657
39367
30214
35390
40435
37612
40154
31808
29851
39145
35217
39920
33337
38231
31974
35720
34116
36720
30950
40304
32201
28684
32617
29410
40662
37785
28705
30308
35089
30665
35081
32388
29056
30408
36470
33298
38833
41256
31430
37400
39556
33065
38073
28812
40564
34896
37543
33118
41834
37144
36811
37054
34997
31582
33371
31469
33680
32783
29940
41903
30119
38143
29915
28717
29371
34096
33824
35588
42524
41830
30657
40000
34601
41400
42256
28954
35755
42229
37700
36221
34842
40728
35533
35633
33218
29228
42146
38917
31917
36168
35685
36111
30266
33156
40499
30577
42417
32900
40862
36495
36135
29981
36585
34103
40441
31158
41708
34017
36957
34974
33080
40573
36703
40678
31374
29237
28659
33337
40319
32222
35700
41799
30244
38335
34537
31193
35041
38519
36450
31549
37063
30436
36349
40423
35064
36973
37848
34891
31598
40922
33282
32969
36078
29122
34526
32247
30973
29270
29241
35616
34219
37621
30056
32661
31573
41334
40283
29506
38570
28987
31887
31214
40847
42412
34373
42038
40763
34273
28741
31467
31231
32173
41994
29550
29091
33600
39733
40491
38672
37603
40546
29130
31249
31896
40892
30676
32266
40249
40724
36706
36531
42323
28906
33305
32071
36383
32928
38847
32814
36865
40778
42406
28828
39965
42146
32480
30451
30697
34506
32296
33221
41234
33769
29966
38003
30065
39834
28849
29906
41131
35204
29364
32276
41562
41028
33954
41993
41323
41058
34942
36522
30280
31642
28929
40159
37495
33872
38278
29249
31270
38829
28936
42198
28892
37712
32376
41858
41486
35839
32411
28782
37626
32075
36844
31827
29293
38414
37605
28766
41084
30077
39075
30472
32045
33965
32395
34989
30317
32863
37013
31878
29082
32144
31943
31285
29812
28879
40064
40488
37881
38869
37881
32865
30298
34744
32476
29071
29756
31147
29423
41212
34040
39594
29701
31542
29201
36510
37559
29784
39017
32887
36612
37839
35258
31988
31899
41862
39213
32857
30501
30007
41690
37454
30391
40874
33317
29388
29705
41476
35647
38429
35907
34973
42510
42494
42391
36768
28912
33020
37147
32389
40450
33034
32987
36196
37702
31283
33044
37403
31954
35563
41678
37160
28884
41460
29229
39815
38648
32099
30894
37980
34361
30412
32631
33331
37286
39794
35390
36692
30693
32791
32214
29082
28656
34291
29117
36775
31161
31144
31984
33994
35374
39501
29668
39445
34452
34675
30258
32055
34348
33277
37659
33344
40065
33304
38827
32421
31789
29392
32653
40502
29942
40305
29127
39898
39113
32819
31502
30476
34621
30981
30552
33263
29755
39823
38739
34112
31950
35625
34288
29414
29197
29322
29853
31809
37123
30429
35338
35729
34466
29003
29476
33353
30730
34939
32042
35444
30243
30313
39533
33985
33721
32488
28982
30311
34497
39325
38289
37559
34276
39830
32158
36288
28965
28867
40229
33002
33574
31470
32885
39248
34011
41467
34235
34518
40395
39017
36696
40465
28766
36896
35560
28844
35192
29693
31661
35032
30330
29507
35295
34968
30177
33297
28870
39916
42195
39616
33525
41084
40655
39207
32536
29246
31821
32971
40094
31221
30734
35786
32283
38690
28665
34496
28900
38226
36101
28650
37851
39503
35355
35516
29197
31226
29331
31853
31133
29644
33798
31311
39684
32159
37305
29428
40368
33220
38582
29985
38147
32905
28602
29321
35746
31990
34856
31988
38952
31414
31870
30715
40211
35468
41671
40494
31316
31428
31337
35082
35175
32996
40767
37194
30701
34224
35448
39072
36385
42232
31812
29857
41974
33014
29826
41927
32780
39317
42359
33570
33971
35873
30943
42041
42043
33379
31278
35740
31488
40132
36216
41536
29972
37279
34752
32956
36690
32764
35632
42089
39881
36237
42001
32834
37698
30157
33577
32664
39643
35817
35326
35162
30853
39081
34241
40597
34621
29224
29537
32481
29759
32301
33070
39544
36149
40247
42527
33283
33089
32092
40149
41704
36550
36716
35802
34215
36513
32922
31956
41396
37863
37697
30810
30452
31651
34248
38522
31574
42476
30293
30160
31447
39462
32507
40452
39670
30138
37571
42227
41334
28941
31337
41680
29630
41003
33035
39604
35702
40093
30961
36944
40441
34618
29753
38524
34211
30110
29220
41604
30332
37749
29522
38010
29132
34114
33220
35550
28736
42491
41097
28890
40141
30007
37544
29895
31474
29152
32212
29399
30677
41243
28616
31523
37384
32303
35220
37339
35115
28860
41240
33941
39695
30494
35975
30843
30716
36022
32113
31831
37327
29669
31485
31425
41217
36476
35205
35360
35471
30052
37045
28911
36866
29012
32527
42319
30984
33029
41815
40481
29465
41677
31831
31797
29583
29717
29548
33191
30802
28816
38083
35604
40324
40901
34663
32501
34278
31762
29496
28934
40077
30913
41828
31742
29605
33272
41392
33055
34435
37125
40038
40137
31360
34155
42062
34589
33701
38134
29802
38718
28929
29064
33042
39856
36227
29331
40598
32205
35148
34473
28747
32283
35015
30989
29207
32459
31016
33297
40986
32550
41474
29047
36260
40461
34711
29972
32914
28791
40229
37949
32905
36635
35944
42547
42129
30110
42056
40388
41953
38553
35457
32204
34867
35745
38967
40838
29574
36162
36175
36605
38360
29000
36763
32606
41767
31978
40772
29680
38017
34717
31346
38813
33397
29765
37974
29618
29668
39451
40739
30130
30873
32565
29154
31363
36425
30361
31318
38606
29032
38132
28642
38647
29406
39620
35175
36363
39700
37332
32252
28967
40484
40845
39272
28885
40162
41543
37479
35892
32038
34807
32257
30248
33675
31005
38762
31091
33867
42418
33007
33803
28637
31236
29494
33452
35577
32456
36442
29615
30730
36184
29672
33470
30775
31745
38354
32046
41759
32046
36199
37072
32899
33442
39995
38504
31783
37575
29030
30610
30447
41133
32900
41115
31758
33766
31479
29543
31640
37556
42069
42154
29661
38916
32264
38009
32119
38172
38183
40625
36620
33624
29891
36352
34378
36191
30525
38967
30380
29796
35862
37252
41765
31972
30526
36138
31975
33216
29059
33437
34570
39176
33998
32721
30856
42150
38538
40651
38770
36663
32309
36280
32713
33987
30225
34541
34932
34720
31742
31237
33068
35503
36002
34299
35507
38294
39073
39031
36054
35005
30803
28773
39647
39689
35038
38373
31553
40984
38849
31497
28841
33719
32016
29563
35928
29376
37088
34082
32534
39778
32630
28625
38454
39673
31159
32716
42408
30256
35313
29848
42160
33899
37614
32712
29641
38441
39659
31097
34811
35400
34466
32916
32705
32493
30003
34572
41569
29421
30544
32202
39637
29367
29865
30214
32838
35109
42170
32102
41907
35879
31651
29831
31035
34704
38613
34995
30219
40337
42479
31845
37282
30831
41006
39709
39106
29846
31389
32515
42586
39959
39632
32208
40929
34782
41796
36955
36897
37616
30086
29373
38130
35757
35038
39439
29000
29462
34827
32252
28624
41421
37853
30697
28653
28756
35895
33390
37900
35254
30608
42402
38723
31386
31682
35318
30558
41351
28798
30518
41359
38462
31729
38471
28698
37897
33103
34222
38063
39413
37135
36583
38233
36049
38331
33529
30695
32761
34452
37688
33281
40221
35055
30378
39135
30787
34373
29142
33445
31784
32711
30414
29007
40628
36951
33390
40416
32967
38858
29367
32387
41537
29916
36346
32837
29662
36749
36666
29158
37619
35121
29853
41516
30175
39464
39234
29115
35017
36848
30448
40433
38808
40735
38503
37838
32615
36239
29552
39690
37653
30602
36449
40331
30734
39617
37313
32792
33556
32340
30488
42563
40764
34394
35009
28613
35377
37428
42063
33950
32339
41647
32622
39001
38697
37411
38226
34864
30358
28595
32050
31666
29408
35759
32159
39321
32549
36451
41060
41697
31950
28919
40239
40662
31393
41807
29691
35461
38500
37758
29367
32227
30505
31201
31333
28601
39902
34344
28910
30490
28883
30689
41372
39356
40890
36478
35775
35644
33782
32215
29673
41037
38171
41070
41740
35597
32254
31240
42112
34569
39644
37488
31836
39187
37153
37273
30395
41617
31025
34038
41333
34918
41187
40750
39538
33019
31514
39715
28780
39047
34437
40401
30424
32846
29021
42557
29074
33068
41203
32846
30279
29424
36269
39601
32359
40353
40675
35730
32240
41345
29474
38592
29028
34655
32225
29109
34893
31101
31621
34136
33630
39717
29773
30520
34143
42308
34654
41092
28631
37407
30453
33546
35077
31907
31651
37526
36779
36660
29249
36201
33642
38133
32456
30454
36242
32695
36546
31755
31466
42557
40825
29917
30753
37019
36265
34528
40995
28724
35232
32934
31078
41939
34229
37135
32069
29783
39653
31485
42273
41812
29052
32301
35806
42082
36066
32083
29075
39021
35903
39918
39037
30399
42436
40343
41124
30341
41107
34532
41967
33122
41540
29610
42057
39151
31721
28775
38870
33998
33511
37423
31491
30224
36840
32274
34321
31876
39722
35848
36054
32814
29824
37377
38301
29817
33307
38404
39326
38204
40362
33810
41683
36018
34671
31221
37577
33119
35317
29939
35252
37200
36291
37530
35849
32164
38797
31952
30751
28645
35111
30816
32568
41747
28921
37602
32104
39744
29600
38794
37181
41473
39487
37888
28790
39065
36684
38174
33490
31638
34935
38124
38984
29651
34385
35639
37951
37913
38801
29796
33891
29254
38198
40137
40628
29340
38728
30727
30295
30337
28847
38959
32076
36246
38059
36081
31801
31467
32835
32676
38470
37766
32264
32427
29490
41570
30220
39641
36357
35627
34588
30188
41607
36021
40847
33106
33883
39188
28875
32578
39112
36553
32079
38092
29218
38683
29482
31860
30686
38646
30431
34245
31398
35292
28726
36939
28742
32881
31895
28956
39642
36840
39435
36122
28845
32477
35686
40240
35651
33045
32221
32572
31575
28802
35251
32372
31156
34524
30370
41923
29214
39216
40822
37055
29414
34651
34615
32274
42069
36712
42202
40942
31557
40295
29577
39722
32908
42190
39575
35740
33080
37716
31710
28869
35614
40214
37942
30748
35329
32184
34319
35684
40228
32830
29473
30752
29240
33332
31887
31002
32094
35473
36716
37186
29433
35578
34892
36997
35598
35997
35362
33951
31740
28696
41008
29434
32952
33136
40788
29207
41617
42103
34727
35618
29291
30202
29102
29290
29721
38870
28649
30800
31515
40800
29134
37175
31848
39266
30026
28769
37578
32501
32843
36050
32693
35316
40827
39678
31276
39173
30116
41315
35145
33600
31464
39790
32843
38164
36950
38696
33105
38883
32289
30080
38729
33417
37844
41135
36425
40391
32745
40176
32192
32444
39056
33501
30715
32518
31183
37399
32181
35680
32102
30633
30184
30622
36347
29284
32463
34917
40299
37647
30628
41787
37304
38516
40285
38404
31098
41075
36567
34130
38931
39768
36770
32010
34783
30835
38947
39765
30989
41962
29271
39694
39692
38007
32824
36085
31570
31702
35114
38580
30144
30061
32154
31961
41090
40914
32554
38055
32601
36039
30995
41509
37018
35840
31367
40811
40584
42572
42007
36287
32902
29521
28712
30086
29711
36440
28828
32132
30776
32399
28897
29942
29072
28792
31766
38913
31106
40455
30146
40104
31773
33291
36657
37217
34351
29234
32201
32354
39744
35257
36839
34603
29079
33445
29595
31343
42266
30244
40180
34705
33952
35527
39654
30336
40601
33054
29581
34529
38385
35846
37535
31073
30067
41977
40053
42348
32465
30055
29305
30395
41977
42019
36819
37699
33453
35135
40143
37317
32857
39000
37434
33249
41875
41810
31453
38609
42172
37096
42234
39684
30605
29012
32568
32172
41896
33788
37100
28693
31006
32496
31274
37729
28857
39339
36743
29087
38371
30519
30397
28967
32926
30187
41887
32254
40668
36857
38097
33702
36512
32220
31121
39160
38062
36346
31538
30154
33696
31091
41121
34563
38536
38201
33023
40319
30718
40877
41984
41154
32628
42391
33188
28850
33780
31815
32288
37229
37328
41838
29073
28856
33656
34813
38608
38343
38117
33138
36320
35057
37074
34736
28766
31525
36704
42441
32310
30963
30621
33019
41069
28872
36036
37959
35570
38866
35550
39554
35815
33296
37405
34523
34087
32157
41135
40104
31772
35150
31163
30585
32233
28756
30192
39688
31488
31473
31246
30089
38792
32642
31633
39528
38250
30909
34782
32325
29772
31314
31071
31871
33133
29003
36906
29128
32998
41332
40320
30580
31811
29855
42468
39727
34505
36348
35398
38915
36213
36312
40212
31796
30339
31760
30691
37668
35984
41842
30452
30086
33004
42202
41997
40797
37241
32712
32486
29956
32722
39102
36119
34079
32835
30424
41268
32542
39244
39150
40339
32149
40807
40797
33250
37677
32866
42026
33278
39866
33359
39783
29896
31827
38205
34830
31261
33416
40222
36112
31084
30676
38817
31502
30125
35449
35588
34385
38547
30090
32481
35758
35329
41932
28743
34281
41007
32285
41605
33614
33365
29827
32617
37191
41244
36037
29075
30311
36869
42192
32309
41249
31551
38324
32254
37944
29514
32479
32433
38168
33387
38451
34894
36305
37444
32917
34089
38392
31697
30560
41434
35305
38202
39536
40539
33106
30382
32486
31936
29473
33324
40619
30577
41438
31767
31124
36096
35532
31899
33026
36294
36517
38294
34700
38864
35150
32776
41878
41582
41125
28778
28947
36379
31598
39092
34546
32070
32326
39796
38265
42373
33424
41411
40828
31719
31464
42439
32517
36214
38169
41669
37818
33105
30717
37046
38917
37131
39455
32953
29386
39216
30719
41741
30718
30653
32073
33081
34815
30258
41664
34132
31586
32543
41432
34125
28920
29426
30343
40839
34795
32307
35570
28971
39291
41875
38382
30290
38432
30565
37215
39511
42239
40430
31374
36723
38331
41381
29205
29786
33192
32021
42077
37231
33639
41276
39126
31610
36390
38602
32325
28604
31451
38494
29570
38465
37457
35039
42222
30036
36356
36113
30628
36330
34630
33017
33337
37086
42058
42583
30623
34917
29151
31922
35996
41391
29115
29109
41105
32559
30292
37711
29061
34739
29076
32288
30996
39094
33901
37878
36200
40575
38551
41547
36289
31363
33579
35834
38221
40321
29852
33327
31634
41441
30289
40372
34492
29058
36241
30133
37374
29755
42389
40312
41538
29638
37979
40744
29080
30486
31789
29693
38277
31049
29426
31517
34909
42516
37558
30597
31064
31819
32999
37218
29777
40636
29858
30593
28859
31181
31841
41762
33742
30605
35858
30052
38375
37217
30829
31928
31380
31859
29414
41540
32993
32100
29758
33196
32640
33866
42593
42133
29547
35986
31970
42526
37403
35561
33587
29315
29880
41682
36435
40535
32235
34364
28847
32192
30612
35983
30430
32221
28609
35690
29472
34702
35238
31445
37693
37993
30083
38521
32248
31780
33544
42198
29405
38457
35155
33039
39555
38769
34673
31978
35468
42465
37386
39942
38548
40610
35601
37251
41595
29616
41627
30656
32017
29017
29657
29003
30358
39232
36865
36413
32601
29512
37992
30150
34195
41343
34731
35307
37181
39027
31646
29678
39893
36530
38264
35411
32482
30132
33072
32216
41396
41818
39304
31160
33866
32926
32336
30755
36882
42515
33333
36486
35115
32188
33479
30234
37097
34987
29014
32773
29199
36932
38268
39417
33249
39156
31882
39068
30791
35951
41696
38389
41627
32210
40194
30111
30334
32901
31184
37473
30281
30231
31309
42551
33159
29264
31691
32238
32404
33665
30346
35723
39460
31196
42062
30433
31125
42023
30352
36765
38135
39943
33359
41572
38890
40747
38836
32818
37709
38248
29704
41015
29781
29978
34579
42079
40255
35422
33916
34629
30341
29675
40150
37795
39126
34542
28879
37825
42279
41448
31653
31279
40580
41374
36204
40799
32736
31215
35633
31165
34376
40561
28825
30892
42566
32989
32965
42568
42400
29704
36187
36517
42405
41901
34389
29575
34599
33278
36822
32010
32978
31595
38393
40256
30951
40668
29040
40572
42427
41572
30467
29789
30185
40468
29353
33690
29603
37054
29569
36099
32629
41966
28926
31083
31675
40478
41113
33375
35808
36927
37745
34126
30220
33789
28969
36916
29044
34282
39088
34708
41942
42539
38821
40573
32881
42153
31014
38017
34803
35163
38308
32580
32037
28662
32161
36790
30615
40686
32553
33435
32585
31770
38189
31263
30833
31992
36969
37798
32947
39713
29529
36833
34195
38390
34175
32568
37202
37994
32490
40118
33609
39927
29025
41965
30664
35747
28642
32227
31840
32602
36947
37559
41778
38995
38958
39697
29354
29258
31519
30652
36738
29683
30403
37947
31969
30063
38385
32025
30419
40157
32183
31729
42365
36524
37181
40249
34094
33990
32163
42439
29986
39241
35933
30253
30235
38774
31156
34590
41312
38508
40955
31903
39027
30255
28854
40111
42580
36768
30990
42225
39414
32774
36686
34836
42060
30396
33382
32048
31418
30497
31797
36758
35670
37173
29619
36874
32417
32624
33500
40236
42448
32261
29949
39310
31835
35717
40574
35532
35196
29194
42551
29112
32894
34900
33463
32637
30257
37712
31921
39833
38090
36819
42506
30289
37794
41440
32813
32004
41008
38285
29730
37095
40021
42254
34264
41587
41340
34134
28812
32861
28736
37375
31241
29570
28711
36501
29444
34157
38265
40294
33106
38919
34202
39484
34489
30213
31945
33637
41960
29580
30807
37220
33387
31702
31918
32954
36424
31374
40187
30978
34930
41760
38298
36704
40730
36873
33132
28980
29448
30873
41554
30789
40814
34447
31199
39214
30880
34739
33022
34914
31826
41693
35299
41623
31139
28910
41448
40334
28712
32939
29428
32966
28750
30712
38437
41579
37411
28815
33741
33688
29249
29132
30834
41219
31552
30353
31128
35807
37610
34483
35804
33646
32572
39950
42331
40394
28927
40504
34299
31676
31489
33932
30562
38085
31427
36216
35426
29949
41846
40145
34981
28735
29159
42280
36816
36034
32482
29961
42061
35197
31029
37994
31250
35193
39390
30919
38013
34062
33507
30164
35066
36766
33889
42217
41784
30177
29131
31720
31731
29579
31786
41774
31000
35161
30776
36878
37839
40139
40609
33200
36088
41502
31448
29685
32434
34316
37363
28640
38047
40925
32295
35936
38585
30119
41787
37936
37736
33516
29286
40594
32093
31735
37027
31935
32105
31578
33675
38550
36987
39291
38126
38763
34213
39981
35400
38030
30068
33088
28981
32760
39419
29074
33759
32123
30096
32635
38106
41386
32276
38586
28662
29686
37711
39474
34550
32253
30375
32963
33743
36641
31894
33907
40429
39791
32817
36588
42461
37355
40261
37944
36640
31100
33422
38533
29323
40270
33681
41488
33039
30866
36053
30200
34974
36663
36587
28770
39127
31547
30998
38513
34152
32391
33747
37920
41108
38030
32028
32472
41389
40861
35466
41827
32225
30366
33086
41953
30075
38916
41723
37305
38607
32954
30217
35468
39906
38573
35893
41171
33184
42358
42450
41717
34553
41099
34032
28867
31771
40389
30735
41839
38704
33967
36225
35513
30102
30179
33021
37537
41688
36257
29458
29514
30577
42380
32927
34838
37914
32737
34328
34903
32892
39329
30092
40140
35177
37881
36537
32450
29519
31421
36034
36727
38390
40999
33147
31245
37576
34105
36566
35069
33345
34683
33591
29941
29498
31256
34832
29835
39699
30722
35906
31829
32772
38065
36080
31672
28792
29190
41053
33027
37548
32700
32627
33014
32871
29447
40322
38875
37515
35565
35218
28944
36074
34364
31371
30892
29710
32549
31921
32375
37383
29160
38050
39239
37396
30329
34283
36967
29083
30223
41482
41529
38676
37019
33012
30597
30606
36876
35506
33519
32550
35198
34986
33614
30979
31508
29867
37440
35949
29038
41772
32413
41760
31025
36042
36470
38974
32349
39410
29583
29294
30265
36544
39789
32095
33107
31102
31658
41875
31665
37218
31870
30266
32614
29922
32899
30243
34202
33767
34818
32318
41223
36614
32580
34894
30902
32449
29328
40743
41141
33954
31429
39238
29776
38732
32798
38006
37554
35782
31802
34129
35195
29038
30155
30657
33746
30229
32202
36314
39459
29593
37362
28741
41027
36002
31456
42422
41636
32258
40107
35210
32330
38809
31050
38614
30030
30603
38600
29259
41019
36563
35107
35248
38975
34758
37453
32623
30881
30409
33401
30392
38594
33796
31056
30260
35452
39765
36803
37069
33599
32851
38703
32029
30069
34099
30817
29278
28689
31034
32149
34435
30943
40079
32862
32550
41427
36742
35686
33532
31861
31846
30197
33528
38865
28791
32196
28944
36657
40441
38423
30896
37435
39455
41520
33810
34179
34853
38592
31859
28643
28913
33030
40241
40037
39998
28735
37965
37427
36209
30123
36609
32058
30677
32608
38139
38013
32602
42312
42036
29474
38154
34816
31864
35206
32440
32486
31442
39492
29962
32637
40845
30156
28836
34152
31674
30143
39366
37941
42064
30018
42500
38959
33420
30578
33057
32396
33578
31490
34021
38869
42343
38159
29352
38284
29988
33029
36169
32332
39803
35670
32897
38696
38967
29662
32169
40408
42580
34959
33636
32671
39877
36512
38282
29686
37862
31696
34891
29916
33414
31655
37669
28911
38364
38090
41882
33028
39583
29061
38290
28803
36509
28678
34263
33526
31844
41640
42294
28701
35790
32588
36259
38056
37729
40357
33793
33018
34432
29384
38352
31039
30006
33617
31351
36965
30752
34211
41149
29064
37650
34145
39413
30875
41322
30973
42003
35212
30579
42593
33538
32649
40173
33132
41010
31849
35742
39124
37120
37813
35830
38716
37908
38496
40944
33235
41831
38945
38812
33870
41268
33657
36583
36615
39840
29685
39203
30739
32493
30531
36672
36971
29578
38834
39652
39338
33252
32876
36425
30712
33241
35415
35909
33264
31559
39485
37324
41388
32456
30253
41227
41640
40039
32617
37601
37786
32425
41444
37644
40353
35151
33302
28669
38362
33538
28897
33984
30377
41512
29946
37274
30297
38659
32942
31428
41794
29005
30991
41638
41069
35193
37773
28859
38799
30631
28720
32123
39460
39534
42045
39904
37773
32245
30364
42183
28882
31480
40213
32575
42393
41751
36782
41936
37100
41319
29031
28682
32377
37692
32120
40745
30529
34499
32289
38460
37713
34435
33842
32355
39961
36555
37243
34147
42358
37293
32624
32630
28839
35135
42001
28753
35357
34392
28872
31478
37672
31276
40622
39833
41831
29122
36689
40316
37647
31595
39363
29490
33913
36670
30014
28969
38364
37935
37226
31503
41499
29601
37002
34661
31255
29536
31640
31946
36382
41763
39870
36790
28726
36555
30551
37396
40806
33915
29086
32322
38620
29081
36789
38038
37610
37868
41564
37700
30879
34454
33349
36588
30620
34711
32669
36399
34830
31420
40505
39196
30787
32345
37904
38649
39997
31234
41878
39332
38443
30398
34592
38235
39387
34804
32112
41431
41858
34913
40029
39617
41361
39250
32827
35684
30543
35245
42135
38737
29987
37520
33060
29752
38720
35434
31890
41944
36805
42533
40843
31335
35093
34437
30131
31321
38008
30155
29990
28891
34030
33103
29806
32979
39393
29008
30371
29778
40475
33592
32108
30870
38174
42157
36471
38400
39010
36811
41609
30427
31490
29849
32809
40540
39283
39029
29629
39846
41040
32532
40815
38892
40057
31396
41728
36570
31666
42165
35334
41647
38659
29374
42031
33220
37174
30335
31223
36568
37814
40485
32658
40813
37287
42135
31332
35124
39208
41145
28893
32596
39625
42470
31622
29113
40081
40507
31041
28763
30616
36689
28623
31364
33426
34005
36047
36584
32296
39349
36184
40962
30389
38035
41835
30599
34172
36346
32377
34112
28958
33125
29486
31052
38320
29137
41310
31687
41572
40895
30634
33609
39540
29924
37245
37228
29465
30314
35780
30548
40549
31966
33886
39799
31814
42286
41004
30931
40898
39729
38113
31121
29942
33594
37546
41459
33660
32155
30542
36183
28637
38300
33382
34901
38077
35935
37734
32207
31136
38255
37495
30563
39399
28661
33911
29782
40612
39561
30790
34534
28748
33008
37472
39276
36794
37820
37298
30482
38742
41891
35898
32213
35636
41859
32891
37852
40450
42562
29720
31858
33864
28839
37665
37083
33965
37913
37560
36316
37694
29711
38433
31221
29081
31884
40824
39512
31869
30945
40436
40184
29256
39672
32985
39909
33921
36623
38715
41414
36937
38985
33541
35050
34885
28909
40573
32047
42508
35582
35456
39496
42599
31781
40495
37165
31550
29218
36607
31003
35414
39791
33382
39284
40340
28590
38663
35187
37181
37213
40652
36251
41120
31383
32768
40865
37465
29558
29585
32180
32616
32437
30195
31988
38407
29195
41153
29369
42592
32319
32824
31163
36610
36274
40912
37233
30209
31296
30476
32346
35586
31963
30942
42558
36120
41167
29518
37162
31016
30001
33828
29375
29143
42100
29150
32591
32127
39973
36303
29778
41878
34962
30359
38932
42599
39106
30366
38041
31569
40423
30148
35407
28756
30386
38074
32412
36385
38334
38810
42156
39463
40969
28930
37138
36576
42021
36459
30227
35996
39765
33927
33919
32690
34214
29489
30714
39079
37436
40470
29341
30550
28750
30042
31973
37554
39874
31820
35672
32505
40297
38295
32584
33173
33843
31438
32123
29359
33958
32033
40901
37504
29481
37161
30594
29006
36677
30076
30133
42216
34506
33228
33387
33713
38941
32474
28670
32409
37679
38819
38133
42255
32444
34841
31056
29127
30478
31421
34781
35757
41929
30849
28603
30513
32979
30515
33144
35642
30936
33014
30703
41984
31555
34411
28796
41271
31442
32218
32846
39527
30851
40524
31703
28901
41317
36225
35996
39468
30656
37069
31181
34526
32114
30957
40366
40724
37408
32759
36109
33738
40890
31954
42484
32160
42077
32545
36645
42513
33149
38301
29254
35902
37955
40612
28952
33837
34121
32618
38020
32513
37211
31135
30680
38297
33233
32676
33051
38619
39866
34197
32737
30637
29816
32433
29687
30194
36451
33267
40500
31305
33597
40104
30373
37490
29913
31330
29220
36686
31241
31926
36814
32968
28856
32104
40029
32109
38404
37051
34629
32611
38344
32749
28873
33086
32619
38837
31541
40237
31785
29535
36408
42290
36511
34488
41729
30298
32586
30465
31380
41486
30460
35111
42165
36239
32136
33930
41489
29571
28965
30847
42607
38689
36629
30690
30183
31448
28937
38443
34328
41913
32922
38457
36552
39095
34592
37414
30599
35611
41139
36310
35057
37956
34398
31602
30855
38773
38439
34954
40540
33028
37680
42004
29428
32874
34583
36801
29578
30057
30778
30982
32063
30258
31058
39182
28642
34218
40557
41418
36954
29822
39057
34792
32454
31311
32474
31004
40384
33889
34261
37642
41063
34588
29696
42256
39197
28880
31504
41034
40765
30324
35675
35034
39002
31984
39124
32663
29049
39042
41283
31198
32630
33623
30679
36712
38492
32348
36213
32395
31204
41525
37394
38473
41249
39775
41490
37403
40474
37729
29705
30097
40413
32263
31660
33578
39067
40027
36177
31483
29320
39980
28667
37844
28718
38764
34649
34759
35730
32473
40965
32576
32959
38359
40681
32975
31835
30700
29446
42498
35469
37492
31480
28745
33660
40863
33634
37344
33244
39248
34043
41436
41369
31940
37435
30201
36951
41875
32995
38693
42200
35807
34283
30257
42034
33376
31843
32502
29876
31984
29483
40373
41056
29985
41227
30849
40429
40709
32756
32661
36072
29795
39230
39975
30172
31547
30574
42402
32713
30841
36519
29984
31937
36507
34281
36399
40600
31341
30600
36180
39376
28844
40780
37468
37597
28616
29320
36508
31802
30293
35732
37288
36311
35224
34769
31927
28887
29729
37032
41796
29009
39888
38505
39024
32541
28667
34517
41064
31399
32836
30348
38447
40904
32266
33660
39453
37494
41282
30032
41553
35947
37031
30115
42271
40902
33356
29480
30502
40341
40570
42584
33565
36140
41133
41448
30890
33754
29774
34925
33924
32148
32415
35993
32141
39641
30414
36865
35672
41522
32740
30409
28956
41540
29138
29424
33942
42503
34418
29432
32607
42406
32127
30070
29908
29486
29195
32366
29603
29590
28862
31608
39813
38254
33594
32453
39831
33091
41301
35718
34657
31741
35805
34991
30091
30922
34758
30934
31369
29265
41641
38243
40721
36183
38175
40788
32658
40365
38882
33726
33727
32413
36509
31919
40039
36980
29398
38520
40237
34679
36812
35876
29352
36599
35023
38816
31265
40382
35562
40834
41265
36709
38391
35053
41150
30808
31226
28896
35626
40841
29492
30771
35578
37256
33324
38936
30519
41938
36784
31643
37501
38935
34807
33438
38126
32844
31559
33762
34804
30913
32745
28686
41089
35902
33265
41577
31828
39011
28752
29967
34502
28651
30478
29343
37924
34554
29236
34729
29658
33077
33895
31594
37782
30548
29074
37970
38425
41028
30473
30766
29256
28983
30536
40118
32434
38402
33864
36149
32362
29992
39324
40568
39983
40049
36615
28786
36294
29551
35294
39171
32331
38307
29659
29326
40679
42440
38022
32207
39612
31372
32015
38791
42029
31574
37712
42578
41822
29340
30319
40921
41674
35127
42231
32744
32737
33524
31956
30286
37170
29332
35498
38686
34315
28655
32892
40389
31457
42460
29662
31545
41469
36119
35428
31183
29402
39073
35137
33258
36389
40054
42062
36292
37981
33228
