17630
19161
18138
16713
17360
14686
19049
14840
18875
14547
16151
17381
17818
18281
15793
15808
17748
18256
14583
16342
14622
14986
16898
17972
14956
17371
16668
14917
18878
17693
14680
16525
15295
15241
15668
16747
16337
16343
16384
17102
14924
16766
15909
16473
19117
16665
17856
17214
14850
18308
17410
17881
16175
16288
16006
18957
14470
19086
18329
16677
18795
15547
17124
18465
16196
17150
15525
15328
15800
18742
14791
17642
16879
17407
18363
17831
15324
16353
15301
16048
19158
16286
18617
17278
18379
16893
14572
14364
18622
18312
17913
18431
15369
17538
18815
18702
15147
16516
17225
17601
16874
16632
16153
17490
18504
15340
16418
14518
15120
14663
16620
17502
15674
15359
15626
14548
16600
19155
14493
18896
15327
15779
14887
15098
18423
17182
17766
16009
14381
18843
16871
15186
16068
15993
14828
15623
14939
14706
18970
14675
16356
16907
15421
19136
19159
15152
18921
17373
15456
14389
16657
17301
16766
16907
14780
14477
16277
14350
18475
14491
18790
18856
16830
18197
15707
15889
14993
14551
18948
18398
14905
14561
16666
16612
17353
19077
16564
17346
19157
16605
17348
18388
17013
15523
17257
17881
18897
17408
16393
14459
19183
16283
15383
17782
16091
17708
15274
15336
14454
17543
18217
16875
16029
18899
18455
15226
17008
14800
18939
14546
14517
17459
16064
16033
17269
18430
17674
16886
16471
15687
15202
15804
14628
18300
19033
16245
19140
14613
17524
18622
15429
18917
16905
18320
17189
18746
16161
18510
16281
14426
17095
17124
15087
17004
18332
16599
16097
17442
17378
18065
15817
18166
17638
17354
17412
14723
15165
16718
17801
14654
16526
18674
18569
16437
16127
18747
17988
17588
15037
15961
16272
14345
18689
17946
18233
16938
16964
17004
16452
15501
16644
14666
14864
18032
16676
17250
15626
18236
15605
16579
16710
14738
16280
17438
15210
16850
16284
17547
18073
16940
16992
15979
14968
18109
15797
16999
16117
14856
17328
15468
18962
15730
15317
17427
18876
17721
19153
16926
18952
16040
15134
16843
17719
18930
15019
15521
18414
16268
14926
14446
17172
18810
15408
14542
14443
19049
15374
18704
18528
19156
17732
14353
19009
15334
15873
14398
16724
15645
15402
17263
18392
16384
16844
17824
18880
19006
19048
18000
16240
16046
17658
15803
17705
19105
17109
18913
16270
14856
15757
18209
16076
17656
18307
17167
16474
14557
14845
16422
19003
14610
18679
17584
17244
16536
15153
16051
15055
17540
17007
18691
15263
14903
16987
15143
17204
16350
17104
16332
15426
17104
15890
16929
17088
14451
15539
15907
18596
17767
18755
17730
15222
14865
17076
14567
14505
17138
16088
17279
18616
15765
16388
17258
14560
15178
16649
17060
18704
16591
16338
18273
14803
15713
17333
19063
17034
16052
16978
16804
14549
17022
17412
16288
15985
17008
15992
16481
17131
16800
17507
18505
15948
18606
16235
14379
17128
16728
19039
15439
15524
17781
18924
14840
14554
16064
18377
17125
18286
16331
16174
15189
17912
17571
18486
18658
16353
17192
14594
15277
14606
17969
17571
14467
18353
15901
16674
17231
18173
15803
16092
16642
14573
18239
19179
14979
17036
17347
14355
14602
18846
15904
16126
14469
15855
15878
17855
19098
16393
14399
15532
14619
17663
18538
17994
17277
17683
17198
14447
15331
18920
17168
19034
18402
15953
19048
15730
17814
16537
15823
14437
17357
15759
17333
18828
18484
14605
18452
15412
18866
15795
18023
15952
15037
18369
17346
15328
15760
14379
14472
17793
15101
17198
16958
18413
19057
16192
16106
15408
15172
17775
16148
17056
18753
15580
17542
18248
15417
16475
15447
17957
17713
18488
18523
15285
17385
14753
16387
17134
15316
17243
14547
17452
14506
15150
15009
16004
16306
18930
16906
15801
15559
16556
16411
16450
17824
16319
15939
15571
17344
17985
18187
15936
16206
19008
16032
16943
15164
18507
18080
16524
14680
15119
15486
14989
17073
14371
18704
17042
15192
16830
15666
18671
16240
17181
16583
18762
14758
18055
14708
15193
16041
17777
18137
18979
18720
16506
18314
17092
16298
14561
17331
18831
18192
17664
16380
16241
16271
15493
15649
18873
17861
18451
17804
17882
18117
16851
16898
16180
16301
16028
16937
16867
19090
16528
14854
15651
16452
17403
16679
16113
17214
15008
17109
14751
17428
14753
18097
18300
15940
14674
17765
15567
19153
14556
17146
14655
14800
15986
14704
15089
17817
18568
19067
18845
17272
14347
14556
17785
18416
16624
15286
15379
18455
14767
16717
17172
18616
14658
14789
15386
18779
15652
15999
17301
15231
16345
18439
18830
17408
16171
16990
16000
18854
17467
15352
18215
14356
18144
15549
14837
15310
14754
16887
18645
17035
15815
17994
14736
18570
16548
17590
17056
16815
14385
17846
16142
18692
15663
18830
16250
17441
17958
16458
18168
16741
15023
18017
15768
18008
15369
18145
14568
16794
15409
15458
19030
17137
18101
18434
18895
17852
17156
18229
14383
19089
14823
15131
16058
14903
15616
15840
17288
15080
15366
14607
15800
18356
14373
15677
17246
15476
18005
14970
17075
15530
14668
15020
18376
17286
14920
19007
15668
17878
16715
18463
17855
16080
18118
17949
16964
16354
18050
17144
19117
16875
17879
18332
17237
16716
14439
17577
17804
18040
14790
17308
18887
18334
16727
17880
17132
18007
16619
18920
18454
15336
16887
16350
14810
15498
15949
18613
15236
15478
17822
16353
18633
16684
17363
16420
15837
17801
18726
16247
15032
15575
16297
18070
14881
15729
18914
16103
15511
14514
17851
16536
17345
15423
15446
18562
15800
18231
14602
17212
16652
17619
18575
17599
14962
18169
14574
16544
18524
18302
16882
18195
16644
17618
16500
18052
18432
19158
18694
18176
15489
15132
17399
18056
17681
18406
17891
16044
14748
15078
16823
17074
16386
16641
16056
17259
17856
17157
15666
18600
15876
14765
15571
14420
16857
17104
15966
17202
18033
16176
16891
17520
18065
16534
14383
18549
16052
15592
19045
14648
14373
18445
18591
18952
17111
14485
16231
17064
16235
15949
18862
17316
18324
17773
15907
15741
15761
17167
15724
18958
15389
16121
18734
14903
18472
16600
15704
18498
15039
17809
16817
16021
15957
14998
17448
17967
16354
17677
15119
19119
17135
15372
18842
14826
14386
19181
15905
16609
16817
18567
15362
15668
16364
16741
16852
15649
14720
18505
17584
15369
16032
15650
17221
16138
16124
15100
18633
18678
15906
18446
15607
15374
16919
15880
16257
15188
14383
16475
15898
16538
14603
16924
18048
15198
18093
14534
17745
16595
16213
14389
17004
14604
16386
14611
15371
18514
19023
17685
16827
15588
14931
17639
16834
18596
14818
17187
14621
18525
18265
18212
16995
18727
19158
18267
16602
16631
14483
15919
15064
18289
17313
17942
16510
19130
16728
17020
17838
15414
14479
17415
15139
15358
18198
17032
16680
14742
15159
14890
17531
19084
14587
16764
18108
14484
16247
16311
16599
16791
19049
18453
17771
15650
15587
16759
15997
18257
17136
14971
17116
17883
17936
14685
15503
16055
17496
17502
18564
14557
18679
16264
17214
17795
17458
16331
17430
14619
16025
16860
17847
15433
17403
14361
19049
15754
18381
14629
15496
16245
17179
18492
15600
15592
14494
17591
19025
14902
15855
16357
16755
16172
16407
16551
17751
18407
17210
16902
18496
16146
16525
15810
14537
17817
14852
17792
16963
16972
16703
15021
16436
16515
17082
15967
16125
18428
15900
18393
17810
18590
15258
16162
15837
15366
14802
14896
18825
17456
17811
15316
15559
15955
17772
16612
14701
15409
16373
17999
17411
19123
15707
14972
18806
15711
19136
19042
17042
16531
16471
16405
17863
17795
18202
16701
16680
16181
19029
16659
18326
14477
18070
16253
14917
17499
17701
16663
18877
14556
14375
16174
18149
17942
16818
18030
16038
18694
14489
18795
16080
18075
17503
16268
17541
14995
17960
17306
18394
14847
15362
17663
14852
16030
18553
15149
18401
16004
17543
17139
15824
16278
15424
16898
16612
17207
17992
14416
14756
17213
17538
14765
15170
18641
14793
16535
15285
16948
16678
15931
17433
18374
14363
17221
14954
15770
15410
18253
18789
16412
17946
19053
16532
16829
16820
16738
16747
18523
17514
16050
16771
18412
18856
14727
15125
17283
15316
16733
16658
17443
17483
17449
14543
14631
15620
16365
17120
17540
18549
14858
16105
17643
18924
18497
17014
16224
19047
16443
18993
18195
14648
16370
15743
14674
16631
18349
17928
18056
17395
16434
16184
16939
14867
15880
16204
17739
14625
16026
18332
15257
16819
17175
16975
18491
17674
18752
16266
16543
18488
17243
16310
15996
17617
18390
16118
16119
17344
16017
16292
15290
15502
16524
16505
16554
14859
16600
17413
16249
18666
15240
16474
15283
16913
18624
16551
18052
18857
18237
17693
14724
17997
16620
15122
14346
16393
14780
16120
14927
15605
14407
18418
17648
17667
18810
14620
15443
18984
17210
16399
17358
18375
14764
17770
17669
16171
17603
14960
16931
18532
14391
15080
15586
18694
14619
16984
16919
16304
18944
14634
18249
18566
18248
15300
16093
15773
15593
16681
14444
17460
17345
19080
15649
14890
18141
16438
17311
14656
17483
17318
15398
16864
16869
16001
19074
17192
16112
17163
15929
18522
18141
17971
15414
18571
18620
15022
17527
17436
16910
14879
17073
15680
14896
18872
17327
15470
17955
17077
16738
18782
17648
16999
17134
14413
16446
14734
17651
14609
18125
17139
16185
16998
16255
15439
19086
16139
14926
18356
17440
19045
14506
16337
18313
15246
14591
15864
14908
17866
17787
17675
17093
15075
17653
16831
17128
16438
17444
18658
17987
16307
18170
17147
16993
19073
18677
15391
18721
14541
14584
15413
16328
14569
18484
16252
18020
18394
16833
14975
15422
15151
14845
14538
14424
16649
15447
19032
16730
16684
16368
14837
15691
17906
14476
15591
17369
15895
16309
16621
18224
18505
17009
17094
17931
16655
14971
17543
18506
14683
16051
17009
16821
17617
17243
15846
17043
16473
16204
17019
15987
17345
18627
18066
16669
19124
14611
16865
17853
14425
15960
14456
16296
16430
14940
18441
14364
16717
14711
17122
15216
15001
16829
18821
15420
16312
14923
14435
17976
14774
18756
14790
17046
16875
15401
14829
17496
15145
17710
18932
18867
16433
18999
18223
16425
16264
18683
16157
18408
15571
16076
14498
14374
17134
18062
18409
15258
15619
16689
15075
18969
17729
16859
14560
18767
18794
18613
17616
16729
18826
17342
17169
17499
16805
14575
16229
15435
15449
16358
17026
17808
16874
15349
14621
16114
15427
14688
14390
16581
14841
14541
17988
15644
16902
18378
14837
15635
18480
15341
16001
15579
14717
15567
16618
17919
18083
16246
14707
15638
15675
18322
15737
17065
14943
14929
15038
15839
17979
17262
15957
15726
15223
17177
15900
16708
16474
17178
18632
15967
16145
15505
14846
17911
16373
14930
15610
17346
18807
16954
18629
18949
14480
19083
14955
17290
15650
17463
16047
18708
18707
17649
18908
14873
14609
17292
17010
15219
16296
16020
15624
14604
15497
14609
17904
15859
15068
16502
19137
15170
15118
16133
15206
16117
15631
19161
17601
19083
18324
15876
17927
14676
15223
15456
17809
18487
15985
15403
16669
16727
16101
16961
18413
16516
15640
16133
15811
18035
16967
17706
19127
16183
18168
15186
15757
17529
18994
17458
17541
16434
17533
16623
14648
15672
14606
18301
16140
16132
17878
16387
16267
14510
18503
16715
15056
15760
16514
16480
16319
15257
15658
15947
14783
14577
18066
19025
14966
14850
14684
15239
17243
17431
14450
14762
16746
15145
17026
15958
14419
18998
16180
16645
15016
17666
17480
15152
16128
18685
18310
17919
17896
16720
16694
18702
18479
16905
15879
14549
17799
14366
14902
15309
18170
18497
17711
14957
18028
15898
17929
14904
17388
18371
14657
15924
15700
18040
19085
18271
14610
15831
14901
18119
15431
16967
15960
16966
16672
14842
14784
15404
14569
14506
17805
14718
18540
17835
15625
16010
14488
16029
16974
15558
19072
15376
15866
16660
16804
15361
16773
14489
14874
15208
16412
15218
17365
16939
16473
15740
18264
18663
14758
15612
16432
17991
15965
16838
17753
16204
18315
14739
18204
16623
16283
17016
18739
17223
15185
17463
15042
16082
15782
17368
14490
15667
16816
15884
17415
16262
17442
16865
15173
15219
18085
16483
18598
16121
16993
14409
15920
17175
18202
17659
18835
18750
16828
19025
17685
16001
14593
17477
18148
16728
14503
14955
18480
17662
14921
17073
16151
19036
14680
17041
16672
17753
14847
15711
16938
18019
17900
17627
16292
17630
17009
17844
15622
18548
16505
18383
18642
15130
19041
16378
16858
18970
16959
16421
16561
18821
18286
17384
15585
16266
16762
15039
17772
17352
18364
18429
18476
16099
16986
15704
16221
16896
17020
17175
15806
15385
18253
17809
17596
16495
16296
18991
19017
16747
17100
19187
18351
18541
15173
16857
16536
15471
16736
16246
17490
16424
17895
16865
17468
18045
16663
18772
15788
18798
17438
17083
16619
15890
19087
14775
19053
18593
18629
16373
14511
16153
18585
17119
16839
14800
17941
17238
16957
17731
17679
16817
18316
18074
16013
14984
15031
14800
17984
19177
19155
17083
18035
18580
17838
17458
17276
14950
15782
16088
17941
18036
18528
18010
16162
15271
18488
16035
14518
15717
16590
17117
17545
19011
17781
15485
15287
17740
17923
16505
18663
14355
18345
16197
16085
15086
17141
14783
16735
14810
17101
17376
14873
19081
17724
17523
15150
16447
15365
19058
18364
16144
15293
16963
19163
18274
17592
18673
18143
15056
17461
18067
15126
15511
16761
18976
16399
18227
15838
17628
18310
15130
16772
16144
17532
17479
16934
16857
18512
15104
15751
14430
18083
18896
18302
15372
15657
14669
17728
18600
17153
18528
17069
17772
17763
18032
17082
15986
18821
15107
16030
17731
18305
16901
15626
15703
18902
15504
15752
16644
15895
16926
19160
17182
16447
15551
18778
15454
17826
18405
14485
16734
18182
18219
15296
16068
15749
17894
17418
17893
16258
15598
14714
18150
17316
17096
16207
17682
15484
19013
18006
17471
17018
15849
14494
15545
17573
17016
17853
14719
17028
16036
17644
15073
16106
14464
16011
17234
18234
18195
18672
18774
17367
17872
14533
19177
16305
14943
16590
18435
15566
16587
18767
14372
15432
16706
17716
17215
16126
18236
16034
15484
17800
17093
15094
15350
18889
17283
15857
18404
19148
16757
16500
14834
16981
17492
18975
16714
18354
18345
16458
18376
15233
18625
18689
15279
17370
17387
19122
15784
14471
16265
14844
19154
16921
16448
18676
15567
15813
14601
15464
16052
14918
17344
15188
19129
15310
18792
18018
16577
15386
19017
18702
16213
16133
18281
16393
15444
15334
17667
15788
15408
17641
17309
16700
16996
18563
17028
18759
14795
17319
16458
16389
17235
17917
18025
16755
16237
17103
16539
17694
14413
17099
14790
16665
16407
16466
16465
16151
18446
15081
15507
15100
18216
14758
17890
14991
15243
16971
16127
16348
19169
14851
16617
18768
17342
18447
15784
16789
16051
18446
17990
15959
15268
16557
18506
16244
17530
15785
17730
18816
16204
17971
18993
16924
15162
18476
15674
16488
17320
14985
17243
18500
19118
15721
18885
17895
18984
18072
18808
15186
18041
16116
17803
15031
18877
16956
15803
18654
18201
14982
14424
16679
15075
18760
15604
17289
15415
18041
14818
16901
16841
16543
17959
14676
18689
17518
16739
14578
15693
17567
15766
16172
17575
16424
16553
15745
17773
16962
17810
15063
18143
18357
15844
16256
18998
16222
15130
18349
19156
15958
17327
15703
14898
15530
16768
14464
19146
18285
18414
16513
16974
15287
14717
16320
15909
15962
14690
16754
14708
15439
18443
18170
16514
14639
15404
15938
17510
17181
19032
18901
18911
17319
16612
15876
15846
17333
16863
18769
17420
16615
18327
14905
17500
15714
17460
18679
14829
14922
15458
15195
14676
19106
14827
16713
17397
18801
15725
17971
14893
16230
17082
15039
16468
18311
15410
18957
16213
18211
18091
17071
17209
14417
17720
18671
14853
16397
19099
17199
14410
17772
16206
16083
16331
15147
18998
19050
15173
16134
19053
15066
16516
18567
17452
16288
17273
17359
16607
18834
15516
15042
17359
17845
17983
19035
19144
15817
19034
18935
15781
18174
14972
17680
16454
16951
17436
17380
17295
18322
16699
17151
15921
17423
18807
15059
16092
17799
16361
17964
18759
18264
17025
17319
15873
17031
16587
18960
15748
18303
16229
17083
17487
15492
16536
14623
15165
15762
15206
15470
18437
17962
16165
14877
16030
17650
18959
18651
18326
15261
18227
16062
17978
14782
17908
16638
15373
15401
16548
14696
15524
19113
16108
15661
17771
15773
18593
15363
15113
17014
14909
14854
19162
19095
15572
17553
15217
14907
15535
17990
17081
15413
14832
15534
14832
18073
15619
18626
15721
18270
16473
17699
16110
15919
14833
15724
16442
16512
16369
16382
16131
18707
17664
17200
16834
18860
14673
15540
18445
18622
15116
15546
19151
16175
18530
17566
15869
14992
14491
17530
14714
17830
15936
17822
17760
17593
16549
15374
16951
14592
16591
15170
16970
17374
17912
16998
15919
17226
15940
14396
17321
18525
17145
15057
17656
15618
17691
14453
17579
17727
14670
15339
15484
17326
17565
18678
17075
19151
16362
15678
17783
15638
18044
16310
17390
14457
17286
14529
18613
18729
19164
16946
16195
17255
18759
17145
17463
15235
18927
17233
18006
15844
17642
18167
15870
15833
16729
16485
15461
17503
14685
14369
17169
16728
16057
16338
18308
16797
15932
18661
18824
17065
18504
17783
16427
14623
18611
17585
19115
17598
15269
18077
17374
15998
17041
18651
17065
18145
17104
14902
15990
17118
18355
14364
14364
19061
16283
18122
18874
15498
17019
16531
17798
15322
17578
16532
17916
14906
14684
17197
15871
17409
18473
18082
15455
18894
17811
16234
15912
15741
17856
16917
17002
16867
17682
17198
17742
17798
16336
15041
17721
15412
18366
15858
17897
18602
14852
15681
17693
17513
17900
16190
18462
18075
17583
15421
18585
15834
15085
19060
18618
16102
15286
18533
16576
18492
15580
18110
18498
18042
18047
16088
15552
18999
17398
18421
14643
17875
17489
16975
17220
19046
16499
17563
14753
15688
18458
16881
18633
18093
14641
18132
15204
15803
17757
16892
18793
15049
14834
15693
14707
16367
16592
15883
18216
16448
14562
15946
18620
17413
16591
16213
17527
15031
15642
16612
18315
15488
15924
18248
15611
16846
16539
17162
16150
17733
14516
19179
18086
17774
15142
14706
14710
17929
16890
14373
18852
18028
14395
15044
16350
14703
15080
14958
14374
16835
14890
17513
17157
14375
17161
17801
15208
19084
16205
14793
16222
18651
15693
18969
15789
17272
15833
15059
15784
16863
15308
18220
14739
14632
17730
15527
17470
16774
16532
18472
17344
17906
15372
19077
16766
18440
15580
16561
18046
17618
15168
17313
15132
17535
14766
14806
16459
17513
18102
17003
15167
15701
15567
15875
17670
15918
18376
14625
17629
15085
16328
17027
17369
14452
16145
15282
18459
16349
16476
17234
15859
17522
16400
18545
18934
17359
17876
16359
14431
17488
17984
14422
16160
18327
17083
19187
15417
16979
16831
14870
18866
18204
18601
16018
17548
15337
15651
16287
19134
18908
15934
18477
16344
18659
16045
15699
15581
14719
16610
18279
16152
16736
15184
17814
17686
14971
15185
15203
16674
17730
18654
16347
19020
19131
15006
19020
16017
15231
16940
15853
17027
14987
18506
17872
16615
16670
14947
18451
17077
18295
15668
16902
14399
17394
15627
17126
15155
19186
19034
16812
16225
15637
16592
17132
17534
18870
17744
16365
17951
15057
15416
15064
17539
17736
16089
18561
14934
16124
19078
15078
18013
17474
17709
18376
15690
17875
17148
18870
16171
17981
18137
17799
15442
17563
15644
14440
16033
16102
15413
17294
18384
15500
17086
17065
14816
14770
14829
15127
19106
15579
17560
16927
16388
18297
16542
17405
16037
18115
15179
16781
16358
14522
18900
18866
18298
17646
16611
16093
17898
14551
16517
17340
17777
18468
15658
14725
17384
18589
18668
16134
17579
16532
14880
16388
16470
15518
17860
14577
14394
17372
16230
16949
15531
15770
14634
18679
17323
14990
15925
16836
17085
15490
15329
17276
16615
18579
18279
15549
14491
14453
16895
14752
18229
16194
15471
18524
14518
16048
19102
18576
14786
15291
16495
16732
16018
16537
18320
15039
14558
16474
15840
15898
16860
18136
17615
14921
18233
15396
17859
16276
17997
19165
17735
15143
17937
18216
16808
15715
18823
14978
14501
14539
16800
16536
16582
16123
17462
17334
16635
16248
15404
16379
17581
14761
16014
17374
15158
15140
15886
19003
18491
16304
18981
16495
18261
18639
15273
16384
16665
16171
18082
17735
16884
18297
14473
18432
17283
17881
17582
14834
17451
18637
17498
17977
15116
17997
16039
16971
18826
15788
17458
18034
16669
15447
16167
14352
18630
17662
15206
16287
15321
17836
17148
15554
17672
15268
16997
18322
14610
15034
16254
17131
17033
17499
14468
15162
15950
16112
17258
17019
16993
18707
14903
16189
18199
14879
14390
19057
15276
15916
15988
16930
18385
15291
17373
14967
15041
17041
18405
15864
17183
14973
17936
14835
16224
15692
16244
18442
15882
15490
15485
15190
16264
17343
15438
15753
17884
14816
17740
16785
16218
17803
15062
17841
15017
15577
18640
15634
18017
18931
16009
17682
14789
17889
19154
16214
17629
16876
18030
14490
17610
16040
18826
17786
18372
14371
16357
17808
15065
15871
18837
15843
18497
18197
17383
17744
16362
18997
14922
15165
16741
16195
17858
16420
14827
18194
15235
16793
16611
18710
14719
17546
14835
16182
16491
17533
14533
18886
18018
15271
18214
14350
15264
16718
15743
15916
18019
16763
16162
17494
19109
15654
17622
18061
15283
17950
18473
16165
16269
17821
16648
16836
18279
17533
18764
17160
16599
16313
14915
16651
17055
17009
14810
15904
15958
15108
16073
14553
16115
18936
15902
18693
18096
14478
16594
16207
16302
15887
18021
15601
15981
19042
14781
15607
14449
19183
15344
15809
18472
16230
16902
16324
18935
14743
14552
19160
17014
18604
18431
18532
15843
18438
14940
16224
14556
16174
17548
18683
14907
19110
17882
15380
16059
17368
17575
17021
15249
14499
18959
18399
18798
17622
17533
15440
16374
16890
14520
17571
15146
14405
17393
19016
14490
19026
17691
17894
16300
16122
18235
16568
18896
18890
18922
16853
15266
15560
15637
15330
16570
18644
17202
19167
14393
16341
17762
15229
15570
17928
18341
15019
18553
17007
18546
15192
18805
17567
15324
18451
16152
14483
16523
14956
15832
18764
15904
16585
14364
14966
14835
16276
14592
18077
18633
17517
16007
14710
18097
14783
15320
18138
14767
15069
16970
15514
14628
16455
15848
18579
15705
15000
17481
18832
14902
17509
17805
14648
17769
19058
18862
19004
19037
17107
16787
17764
14584
16844
18159
16798
14447
15741
15418
14854
16014
17244
15401
18612
16957
18589
18558
15048
14592
18016
15459
17640
15447
18451
15474
18023
15975
19065
16338
16208
18372
17000
15382
17848
18640
16959
18461
14884
15145
16140
17111
14407
15178
14408
14663
17172
16694
14656
15585
19046
14776
19126
17723
19005
15214
14910
18135
18121
14495
16904
15064
15384
14935
15109
17535
15294
18417
17280
18251
17879
15598
17358
14974
16558
15331
14689
17719
18987
14598
17304
15607
18208
14721
15043
18862
17125
16197
15820
16868
14956
17044
16785
16406
18834
16712
15810
18663
15734
18134
15794
15855
18547
14717
17125
14708
17651
16766
14545
15044
14571
16130
17673
16353
15524
14919
17499
16059
18589
17575
18945
18759
16911
17275
14586
18806
17005
15224
19055
16617
14543
15595
17741
17400
16269
18957
14937
18809
18862
19039
18635
15242
18576
15868
16031
17297
15178
16131
15316
16463
14943
14447
17493
17466
14414
18141
15905
17542
16238
16431
14356
15154
16245
17989
18348
18366
19124
16529
16839
17042
16343
16337
15835
16097
14691
17767
16281
16772
15935
17405
18146
18868
18026
17146
15054
18096
18924
14452
15998
19137
14970
15265
15304
18494
14756
16524
15987
17465
19002
16650
15512
16751
18894
18992
19081
17598
14550
17085
15940
14853
15481
18410
16981
14414
14935
16583
17535
17637
16757
15273
18913
15085
16180
18626
14929
14599
17515
14908
19051
17468
16635
17897
18322
15819
16073
18991
16537
16351
17142
17206
18440
18496
17924
16449
16855
15327
15410
16857
16330
18984
17176
15727
18093
18024
18992
15499
16719
17218
14566
14356
18594
18873
17703
18209
17156
17230
18374
17044
16349
18078
14540
17185
15183
16868
18755
15400
17091
16282
17472
16182
17146
16209
15776
19076
16355
15293
18798
18179
19117
14790
18117
16793
14889
19180
14566
15121
19175
18097
14985
16120
15324
15199
15664
16585
18796
16955
15897
18646
15276
18687
16398
15582
15694
14461
16479
17201
16695
17902
17676
14890
18205
18984
18668
16696
17854
16048
17325
14777
17106
15081
16799
18817
14981
17720
16791
16575
17315
17434
19135
15474
17256
16888
17780
16914
14900
16429
16440
17399
15471
17953
15203
17667
15032
15325
16339
18375
16012
16645
15009
19076
14876
16377
17174
15878
15663
14433
17297
14696
18748
14398
16127
15241
16829
17435
17888
15370
18248
17795
17340
19110
15055
18694
15187
18528
15503
14888
16053
16146
16849
16046
16885
19105
15300
15192
18587
15523
18980
15627
15163
15518
16905
18272
17319
18467
18524
14511
17041
14704
18281
15492
15176
18413
16437
16607
16601
16283
18833
17010
18349
16989
16228
18832
18464
17105
17597
17063
16467
15264
17225
16016
15838
16768
18659
15877
15164
15119
14605
18127
17504
17860
17790
15297
18071
18083
18731
14434
15004
18652
16281
15850
18538
14698
16855
17262
17263
15312
15568
16983
15477
16355
16876
14875
17028
16169
16299
18249
17597
17659
15186
15045
14885
17121
17920
17807
15402
15585
15227
18793
18291
16771
15249
15620
18724
14530
18322
15589
16486
15762
15075
14633
14587
16498
16885
16683
16655
14912
14904
17002
19134
17963
15825
14544
15979
17871
17615
14351
15593
15562
18945
14863
16904
19069
17840
14493
17937
17477
16434
17510
14590
16193
16149
15616
16880
15704
16466
15586
19102
16141
14619
17673
16696
15920
16656
16948
18642
17730
16162
18013
17010
15580
18411
18969
18923
16846
14695
15794
17094
14623
16973
15054
16519
15714
14825
17514
17150
15375
16648
16875
16252
15991
14493
17720
18111
18248
14734
18976
16956
17468
17744
18742
17923
14646
17046
18019
17651
16729
17805
18207
17058
18770
14695
14385
15312
15690
15189
15301
15330
15480
15886
14974
17212
14425
15410
14364
15898
15048
15249
15960
16294
17370
17137
17972
17067
15013
19045
18324
17650
18515
15187
14743
16811
17995
19096
17575
15258
14869
18881
17193
17377
15897
18982
14786
19022
16300
15673
15169
16723
18813
14562
17082
19102
16566
18270
17427
17947
17906
18829
15642
17458
14803
17893
16627
17385
15693
18276
15911
14511
18729
18269
15338
16933
16637
16681
18174
16542
15651
17023
18322
16182
17454
15727
14913
17247
17414
14521
16431
14987
16764
15016
17021
16864
15995
15841
16994
14621
16902
17480
16022
15183
17586
18246
18907
16620
15872
18167
18753
16537
18622
18702
16809
14830
18436
15954
15990
16570
19048
15345
18166
16308
14750
14459
16272
16555
18286
17320
17663
18470
17750
17747
18364
16518
16535
15386
14941
18640
17316
15075
18197
15158
15000
15504
16065
17378
14482
16759
15669
15743
18939
16870
17901
18066
16186
14358
16039
18546
16602
17030
14474
14755
15157
16423
16974
16231
18148
18010
17590
16169
18573
17472
16025
15475
18585
16020
15243
17305
15631
15513
14618
18125
15997
17551
15772
15328
16110
17438
18225
17587
15289
18940
16154
17556
15387
14444
16708
15907
14674
16359
17273
15308
17893
16055
17183
16160
18552
18335
18603
14349
16989
17495
14667
18545
15514
15943
16737
15777
16978
15821
16225
15563
16584
16211
18687
14412
14723
15541
14737
15465
16849
14885
16321
15721
17777
15677
15542
16970
17715
16796
16112
15950
18326
16452
18364
15498
16246
17906
16500
15144
17383
16551
14413
17087
15985
18587
15003
17031
14758
18077
14612
18432
14998
17945
16626
17952
17371
15535
18284
18759
17778
17227
14654
16669
14792
18492
17714
15516
15796
16649
19101
15203
18861
18609
14403
17818
15757
17217
17990
16592
15945
14392
18180
17929
17835
17998
15872
16338
15212
16962
15328
14569
17658
18608
18239
16958
16500
18830
18301
16051
16298
14791
16304
15865
16729
18290
17529
17464
17003
18785
16707
18200
18428
17919
14393
17850
18284
15505
17593
15367
18181
17288
16708
16339
15207
16972
17838
15365
15365
17691
17197
19173
15044
15429
17713
15607
14751
15844
17800
16341
14391
17059
17878
14445
17294
16069
14663
16547
18239
18119
16022
17049
16502
14407
18947
14931
16280
18039
17353
16088
16860
18883
17510
16118
17365
17525
18316
16210
14391
17451
18384
14522
14750
18099
16685
18628
17087
16139
15820
18397
18657
16113
15813
16136
18836
17446
17456
16990
15371
18076
14489
15692
16469
17682
15993
16032
14357
15901
17857
15476
16961
16049
15370
18221
14624
17249
16980
15261
18489
17426
18804
17722
18170
14898
17489
16931
15995
18137
15129
15094
19109
16454
15040
18076
15896
16789
15863
17429
15797
14861
14424
18886
19074
16627
18376
14506
18958
14470
17257
14767
18512
16960
18010
18777
16761
15846
14961
18342
17802
16676
16837
17624
17248
15962
15436
17930
16140
18714
18653
14803
14705
15875
17543
15115
16578
17698
16835
17199
19079
14763
15639
15245
18207
17196
14687
15275
18835
14905
16957
18382
16780
16787
14563
17916
18232
15195
19089
18210
17269
15699
14991
15721
18868
15123
15047
16982
15762
15421
18436
14960
16815
18153
16235
16757
16209
17982
18916
18108
18744
14413
16502
17746
18186
17435
18365
18817
15280
15490
15931
17099
17069
16306
15029
17074
18306
17198
16297
16808
16749
15744
16778
16417
17963
16637
15860
16028
16350
18883
16371
19183
17322
14439
18565
18506
15967
16988
15652
18503
18920
16402
18963
16659
18698
16753
14973
19027
17136
14800
15870
17987
18496
15457
16936
16736
17488
14626
16843
17691
18805
18602
17368
16137
18567
16952
15303
16834
17810
15283
18776
19042
14511
18328
17696
15855
17530
16012
18977
17062
18962
18809
15881
18269
14884
18825
16294
17299
17768
16351
18378
17049
15604
18043
16628
18396
18798
19172
18864
14634
16797
15546
18971
19056
17510
14486
17126
18896
15670
17401
16493
16075
17416
16044
14405
16873
17136
14365
16506
15361
15134
15387
16427
14441
17885
19080
15740
18600
15809
15159
17315
14711
14925
15300
16821
16534
14379
18202
14456
15031
16383
16215
17402
17544
14347
17641
15643
14371
14594
17168
16403
17962
14380
14361
15444
18448
14893
16659
17708
14494
17804
14486
18172
16876
15871
16365
16717
16363
17423
15293
14656
16464
18510
15613
15591
18034
16237
15159
16945
18226
16995
14423
19004
16756
14777
15850
18071
18462
14577
18950
19156
17537
